5 5 1 -1 -3 -3 1 -3 5 3 -1 0 -6 -3 6 -4 -8 -1 6 -2 -6 -1 -3 -4 -2 5 0 -2 0 -1 -4 0 3 -2 -5 -1 5 3 -1 1 0 1 2 2 -1 -1 5 0 0 -1 -2 0 0 3 1 -4 -3 4 -2 -1 0 -5 4 -5
-1 16 -13 23 8 0 16 -8 -1 -3 -1 -2 -9 22 -10 8 9 1 16 4 -9 7 -20 -7 8 3 2 4 -4 -8 -28 5 -6 4 4 -6 2 17 -1 -11 -2 -10 -6 -10 20 -8 9 -1 5 -1 -6 0 16 -7 7 -5 2 2 5 -12 -4 -13 2 -3
19 14 -7 8 -2 -7 14 -8 -2 11 -4 -1 -10 5 -3 12 2 -7 3 -2 -3 7 -22 -4 -2 -12 -3 -1 -9 4 -19 -2 -10 0 1 -3 10 21 -15 -7 -3 -1 -4 0 17 7 -8 9 9 -3 -14 6 9 -3 1 -5 7 -3 -12 -6 -1 -17 -7 1
11 2 0 14 8 6 -12 -5 5 17 -8 -8 1 0 10 -9 -14 -8 4 2 3 -11 -8 -11 11 -18 -17 1 -4 -4 -21 -6 -8 -2 -4 -6 8 23 6 1 10 6 7 10 4 -4 8 5 -5 -5 -5 -7 15 -21 -1 0 1 2 -20 -4 6 -10 -2 12
-1 5 -1 14 13 16 11 -17 7 -1 3 -10 -4 14 4 -9 -32 3 1 1 -7 -18 -13 -2 -3 -13 -3 -17 -5 8 -21 0 -5 10 -8 13 1 -6 -14 -14 10 12 -3 9 9 -2 3 -7 -4 -5 -2 3 10 -10 -1 3 -1 -9 -11 -12 -3 -3 -12 0
-9 -3 -1 12 13 -6 5 -16 1 -13 -7 -1 -5 -1 7 -4 -19 7 12 -2 3 -20 -11 -13 3 -17 -1 -7 -4 -1 -17 5 -12 3 -1 -1 2 -15 3 -11 14 26 5 -4 15 5 0 -16 -4 14 -5 -3 13 -3 -12 -2 -4 -12 -8 -3 -5 5 -8 -3
-3 -8 -8 4 3 -3 15 -15 4 -9 -12 10 11 7 7 -13 -25 2 14 -2 7 -9 -13 -5 15 -13 -1 7 -3 13 -9 -4 -16 2 -2 8 -15 2 0 -13 7 8 5 -7 9 -9 5 3 -3 -6 -16 0 1 -4 -15 6 11 -1 -17 -7 -9 -4 -5 -8
-6 5 -6 18 3 2 -6 -6 8 3 -19 -3 5 7 0 -15 -12 -2 7 -2 3 -6 -12 -1 19 -18 -14 2 0 0 -27 -18 -3 1 14 -12 7 12 8 3 7 -1 6 2 -8 -4 8 3 9 -8 -1 -13 6 -6 8 29 28 -2 -16 -9 8 3 -1 -6
9 -18 -1 -3 4 0 1 4 -12 -2 -4 -4 -8 -9 3 -30 -30 -6 5 -4 7 -10 -1 -4 4 -17 -8 -8 5 5 -2 13 -5 -7 0 -6 15 26 6 -14 -1 -4 13 6 17 -6 -4 -4 6 -6 4 0 -2 -1 -17 13 6 4 -8 -11 10 -2 -4 -3
18 5 6 5 4 3 6 3 -11 -7 -3 -13 0 8 6 13 -12 -5 -7 3 -4 -6 -3 -8 -6 -11 -19 -5 -14 -6 -26 12 -1 3 -6 10 10 9 -13 -6 -11 6 7 23 5 8 12 19 -7 -7 -9 1 -5 -22 -20 -4 -11 7 -8 -11 -3 -19 3 11
7 -6 -1 -4 5 -1 -3 -4 -10 -11 -9 -5 -9 -12 7 -21 -33 3 5 -15 -1 -8 1 2 3 -25 -7 -2 1 3 -1 2 4 -18 -3 0 17 21 -2 -8 -10 -4 10 2 8 -4 -6 -6 3 -1 5 -1 2 -1 0 12 5 -7 -10 -10 -8 -5 1 -7
5 -9 -8 -4 -1 1 -11 14 -14 -3 -19 4 -7 -15 -18 -5 -29 -5 12 -8 10 -10 6 -3 -1 -4 -13 0 -9 7 1 -13 11 -14 -12 9 15 33 1 -4 -5 -4 -1 12 14 -13 0 6 9 2 11 -4 -6 2 -11 14 19 -5 7 -22 -11 5 17 -10
17 1 -7 -7 -21 -15 -2 16 -4 7 -5 -8 -11 3 -15 -11 6 -5 2 6 -4 -8 -15 -3 0 -9 0 15 -6 7 -14 -5 6 -10 -23 3 10 -4 0 2 2 1 -17 16 7 1 16 -5 -9 -15 1 -9 -3 -3 -10 -8 2 3 -5 -6 -9 -11 2 4
5 10 -7 -4 -29 -18 2 7 4 6 -3 -2 -13 19 -21 1 5 -3 9 9 -3 0 -16 -1 5 -6 -1 11 0 9 -7 -1 9 5 -8 4 2 1 -18 -9 0 -6 -16 12 7 -5 -4 -14 -12 -13 -17 -18 -7 -10 4 4 2 1 -10 1 -10 -1 -13 -1
22 12 6 -14 -16 -23 -10 19 -20 -7 1 -1 -7 12 -11 10 3 -4 -1 -8 -21 -12 -8 -3 -8 -18 -13 16 -12 6 -25 2 14 4 -17 12 8 2 -16 -9 -14 24 -8 23 -6 16 7 6 -16 -1 -10 0 -16 1 -23 -9 -6 7 -12 -7 7 -13 4 -2
6 12 -5 -5 -31 -32 -18 8 -7 -12 -9 0 -11 10 -20 5 -4 -8 -4 -11 -14 -14 -7 0 -16 -5 -5 18 -12 -2 -20 3 7 -7 -14 3 5 5 -17 -5 -20 18 -10 20 1 8 1 -13 -10 -4 -12 1 -17 6 -13 -2 -1 8 -5 -7 -4 -2 -4 -7
8 -8 -11 -2 8 1 6 0 12 -17 -16 2 -1 -2 -1 -17 -31 2 2 -4 22 9 7 -6 -10 -3 5 2 13 13 -5 7 17 -7 11 -1 13 0 3 -13 5 9 -10 20 6 4 3 15 -11 4 -22 2 -8 -11 -5 16 -2 9 -13 7 -4 -2 -8 -2
22 -3 -9 7 5 -7 0 10 4 -12 -19 -19 6 3 4 -16 -26 0 3 -11 11 2 4 3 -5 -8 1 6 4 7 -1 8 7 -8 -1 2 16 6 -5 -4 -7 17 -2 12 1 17 12 16 -11 4 -21 14 -14 -14 -11 7 24 1 -1 -3 -8 -13 6 1
7 0 -11 2 -3 3 -2 -5 7 -23 -23 -13 -12 4 -12 -24 -24 8 10 -4 23 7 7 -9 -14 0 3 12 9 9 -5 10 7 -7 11 -7 15 6 6 -14 -9 -1 -1 15 14 7 10 16 -7 14 -26 0 1 -5 -4 7 18 10 -14 6 -16 10 -15 -20
3 -4 -6 2 1 -10 14 -1 2 -6 -22 8 5 4 13 -2 -18 3 8 -16 4 9 -3 -1 0 -7 -9 0 13 1 2 -1 -3 -2 -15 5 8 -5 -9 -5 10 8 11 10 18 -3 4 -10 4 -9 -15 9 -12 -7 11 12 22 5 -13 13 3 3 -6 9
-1 -7 -10 9 -2 -6 -5 -7 3 -12 -10 -2 -2 10 -19 -19 -31 0 -1 -16 -2 -3 6 3 -8 -6 -9 1 -7 7 -6 -4 11 -16 -3 5 22 8 -5 -2 -2 -3 10 7 3 10 2 10 2 -13 -4 15 -11 3 -14 13 22 7 -11 3 6 5 -5 1
6 1 -9 10 -13 8 3 -9 -10 -12 -32 -4 2 17 -1 -4 -32 -11 3 -9 -11 -7 -27 -12 4 -7 2 -2 -4 12 -9 6 -3 -5 -9 19 -1 15 2 -20 2 8 20 2 8 3 -2 6 -4 -1 -9 -7 -9 1 -2 2 28 14 5 -11 -6 -29 1 4
-4 12 3 0 -6 2 -7 1 2 -2 -3 1 -5 -6 5 0 -7 -8 -3 5 -5 1 1 -3 2 3 5 4 2 2 7 -4 10 -7 4 4 2 -6 2 -1 0 -3 2 3 -1 -1 3 3 0 1 2 -8 11 -4 -2 0 0 6 1 -2 2 -62 -2 -10
-10 0 -7 -9 7 -3 11 4 6 -6 2 6 -1 -2 8 13 4 4 2 -5 -4 -9 -14 -13 -1 -14 -14 -4 2 8 -7 11 -11 -4 1 7 11 9 0 -3 -11 5 11 -1 -2 4 9 10 9 -1 3 -6 6 -11 6 5 -14 -8 9 -13 -2 -33 -7 -6
8 17 -5 4 -4 -6 3 -2 3 -3 -2 -2 3 8 -2 13 2 -3 8 2 -3 -8 -12 -4 -1 -9 8 -1 4 10 -14 24 5 -3 -1 6 0 14 -12 -22 -11 -1 7 -4 5 3 -9 0 1 7 7 13 -2 -5 15 -13 1 -17 5 -8 -9 -12 3 13
7 6 3 4 18 3 -12 0 10 0 -3 -11 -10 -5 8 -11 14 13 2 0 5 -10 -2 -13 5 -5 -3 -1 5 2 -18 -3 2 -4 1 -7 -2 13 9 -2 7 4 0 7 -3 3 10 1 -2 -6 4 16 15 4 4 -9 -12 -9 -11 -12 4 -6 13 -1
-9 4 -1 3 21 16 9 -10 10 -7 0 -13 -13 -2 3 -8 0 13 -8 7 -7 -16 -10 4 -15 0 -1 -15 8 3 -23 2 0 13 -6 15 9 -10 -12 -4 4 8 2 16 -2 2 -2 -15 -3 -7 -3 14 13 6 1 -8 -18 -20 -9 -8 0 -1 -9 11
-7 8 3 8 15 -3 7 -11 5 -24 -2 -11 -12 -10 -3 -9 7 8 -4 3 5 -23 -4 -8 -20 -8 3 -3 7 -4 -20 -4 -6 0 -1 -3 9 -13 4 -6 6 13 7 0 1 19 2 -14 -13 -7 -7 13 21 15 -5 -12 -31 -22 1 2 -10 11 -6 -1
-10 1 2 -1 3 2 11 -11 16 -7 -10 -8 -4 -10 5 -19 8 10 1 10 4 -8 -2 6 -2 1 6 6 10 8 -12 -5 -1 5 -11 1 1 -7 8 8 2 -13 6 7 -5 11 5 -9 -2 -11 -6 16 10 15 -13 -10 -21 -25 -7 -3 -9 8 2 -13
-4 16 -2 12 3 -5 -9 1 8 0 -14 -7 -6 -2 -2 -19 27 8 -1 5 2 -3 -2 4 10 -12 -8 -1 4 2 -22 -11 8 -4 11 -9 7 4 13 15 -6 -2 8 17 -21 13 5 -8 7 -12 -6 -1 3 16 11 9 -5 -17 -8 -4 8 14 5 -10
3 -6 1 -10 11 2 -8 -1 -5 -3 -3 -16 -20 -28 -4 -26 8 0 -1 -1 8 -10 7 -4 7 -8 -3 -7 10 2 -18 3 11 -12 -2 -7 3 24 7 6 -6 -12 15 14 0 14 -4 -8 -10 -3 10 17 3 26 -13 3 -22 -12 -6 -5 -1 -7 -1 -11
-6 -8 7 -21 7 6 1 8 -4 -9 2 -10 -22 -31 0 -22 -6 4 -11 -8 8 -10 15 4 -7 3 -4 -7 4 2 -13 -1 16 -17 -16 -1 14 17 2 7 3 -17 6 10 -9 1 -7 -10 -3 -1 15 14 3 30 -3 -1 -27 -23 0 -2 -8 -8 1 -5
4 -4 -7 -13 6 10 -20 10 -10 -4 -14 1 -20 -30 -12 -8 10 0 -1 -2 6 -15 9 2 -4 -1 -10 2 4 2 -7 -9 18 -14 -13 -1 13 26 3 7 -6 -10 9 18 1 0 -6 -4 3 -4 14 4 3 21 -3 -6 -3 -18 4 -22 -10 4 15 -13
-9 7 -2 10 -11 -5 -5 6 1 6 3 5 -1 6 -16 -7 15 0 -4 3 -11 -5 -13 7 1 4 -6 30 -12 7 -10 -1 0 -7 -12 11 4 -3 -13 -10 -4 8 -8 18 11 -3 9 -12 -17 -13 0 4 -16 10 -10 -3 -2 -1 -5 -2 -12 -12 -10 -2
9 3 -12 -10 17 -6 3 -1 12 -25 -13 -13 -10 -28 -11 -12 5 7 -2 2 19 7 2 -1 -5 6 3 8 23 7 -22 15 24 0 10 -2 19 -8 -3 0 4 -1 -7 27 -3 12 3 15 -20 3 -20 6 -5 2 -2 2 -18 -3 -4 7 -5 -2 -3 -2
10 6 -11 -5 13 -14 2 7 9 -17 -25 -23 -7 -23 -11 -10 17 7 -3 4 21 -1 2 10 4 6 6 17 24 1 -15 15 13 -10 3 4 23 -1 3 8 -8 -3 13 12 -11 20 9 9 -16 2 -4 24 0 13 -2 -8 6 -13 4 0 -13 -10 -1 -5
13 2 -10 -7 7 1 -5 -6 18 -23 -20 -22 -26 -27 -13 -25 7 12 8 5 16 4 13 -4 -7 7 7 16 13 5 -23 9 22 -5 8 -6 23 -5 5 1 -11 -6 5 14 -2 25 1 9 -19 8 -17 14 -2 15 5 -1 -16 -10 -5 7 -20 11 -3 -19
6 8 -11 -9 -1 -13 16 4 7 -1 -13 2 -3 -20 2 -9 19 -1 0 -12 -4 5 7 10 1 2 -8 5 23 2 -18 12 10 1 -21 5 14 -16 -6 11 6 -1 9 18 18 -3 -3 -14 -7 -13 -10 21 -5 7 10 -5 -14 -6 -8 12 2 9 7 0
1 0 -8 1 4 -12 -8 -9 8 -16 -7 -11 -13 -13 -17 -20 16 -1 -8 -7 -7 -9 13 8 -3 7 -8 3 0 4 -23 0 14 -12 -3 -6 19 -1 1 13 -5 -5 14 11 0 19 1 -4 -8 -20 -11 28 -9 34 -8 -4 -12 -10 0 0 6 7 0 -3
11 12 -10 -3 -8 1 3 -11 -12 -12 -22 -2 -16 -10 -2 -6 5 -18 -11 -2 -11 6 -11 -2 10 8 2 3 -6 -2 -23 14 -1 5 -15 15 1 5 3 2 -8 7 19 8 8 21 -1 3 -12 -15 -4 5 -2 15 -3 -11 -10 2 16 -6 -9 -24 7 -1
-1 12 6 -3 -3 -2 -3 -3 -4 0 2 2 -5 -10 -1 0 -3 -6 2 5 -5 2 6 2 4 5 3 2 5 -3 13 -1 12 2 7 7 -5 -15 1 3 -1 -6 3 0 -3 -6 6 -2 3 0 -1 -2 3 -5 0 -2 3 4 0 3 3 -62 -3 -8
-6 -9 -6 -4 5 -12 -6 -5 0 5 6 0 -2 4 5 -9 4 6 5 -4 -1 -4 8 1 7 -4 -4 3 4 6 6 0 0 7 5 9 -6 -3 3 -5 -4 0 12 -4 3 -1 4 6 8 3 7 -5 -4 -6 -10 -1 6 3 3 2 -6 -27 3 -1
-6 -9 -6 -4 5 -12 -6 -5 0 5 6 0 -2 4 5 -9 4 6 5 -4 -1 -4 8 1 7 -4 -4 3 4 6 6 0 0 7 5 9 -6 -3 3 -5 -4 0 12 -4 3 -1 4 6 8 3 7 -5 -4 -6 -10 -1 6 3 3 2 -6 -27 3 -1
-6 -9 -6 -4 5 -12 -6 -5 0 5 6 0 -2 4 5 -9 4 6 5 -4 -1 -4 8 1 7 -4 -4 3 4 6 6 0 0 7 5 9 -6 -3 3 -5 -4 0 12 -4 3 -1 4 6 8 3 7 -5 -4 -6 -10 -1 6 3 3 2 -6 -27 3 -1
-6 -9 -6 -4 5 -12 -6 -5 0 5 6 0 -2 4 5 -9 4 6 5 -4 -1 -4 8 1 7 -4 -4 3 4 6 6 0 0 7 5 9 -6 -3 3 -5 -4 0 12 -4 3 -1 4 6 8 3 7 -5 -4 -6 -10 -1 6 3 3 2 -6 -27 3 -1
-6 -9 -6 -4 5 -12 -6 -5 0 5 6 0 -2 4 5 -9 4 6 5 -4 -1 -4 8 1 7 -4 -4 3 4 6 6 0 0 7 5 9 -6 -3 3 -5 -4 0 12 -4 3 -1 4 6 8 3 7 -5 -4 -6 -10 -1 6 3 3 2 -6 -27 3 -1
-6 -9 -6 -4 5 -12 -6 -5 0 5 6 0 -2 4 5 -9 4 6 5 -4 -1 -4 8 1 7 -4 -4 3 4 6 6 0 0 7 5 9 -6 -3 3 -5 -4 0 12 -4 3 -1 4 6 8 3 7 -5 -4 -6 -10 -1 6 3 3 2 -6 -27 3 -1
-6 -9 -6 -4 5 -12 -6 -5 0 5 6 0 -2 4 5 -9 4 6 5 -4 -1 -4 8 1 7 -4 -4 3 4 6 6 0 0 7 5 9 -6 -3 3 -5 -4 0 12 -4 3 -1 4 6 8 3 7 -5 -4 -6 -10 -1 6 3 3 2 -6 -27 3 -1
-6 -9 -6 -4 5 -12 -6 -5 0 5 6 0 -2 4 5 -9 4 6 5 -4 -1 -4 8 1 7 -4 -4 3 4 6 6 0 0 7 5 9 -6 -3 3 -5 -4 0 12 -4 3 -1 4 6 8 3 7 -5 -4 -6 -10 -1 6 3 3 2 -6 -27 3 -1
-6 -9 -6 -4 5 -12 -6 -5 0 5 6 0 -2 4 5 -9 4 6 5 -4 -1 -4 8 1 7 -4 -4 3 4 6 6 0 0 7 5 9 -6 -3 3 -5 -4 0 12 -4 3 -1 4 6 8 3 7 -5 -4 -6 -10 -1 6 3 3 2 -6 -27 3 -1
-6 -9 -6 -4 5 -12 -6 -5 0 5 6 0 -2 4 5 -9 4 6 5 -4 -1 -4 8 1 7 -4 -4 3 4 6 6 0 0 7 5 9 -6 -3 3 -5 -4 0 12 -4 3 -1 4 6 8 3 7 -5 -4 -6 -10 -1 6 3 3 2 -6 -27 3 -1
-6 -9 -6 -4 5 -12 -6 -5 0 5 6 0 -2 4 5 -9 4 6 5 -4 -1 -4 8 1 7 -4 -4 3 4 6 6 0 0 7 5 9 -6 -3 3 -5 -4 0 12 -4 3 -1 4 6 8 3 7 -5 -4 -6 -10 -1 6 3 3 2 -6 -27 3 -1
-6 -9 -6 -4 5 -12 -6 -5 0 5 6 0 -2 4 5 -9 4 6 5 -4 -1 -4 8 1 7 -4 -4 3 4 6 6 0 0 7 5 9 -6 -3 3 -5 -4 0 12 -4 3 -1 4 6 8 3 7 -5 -4 -6 -10 -1 6 3 3 2 -6 -27 3 -1
-6 -9 -6 -4 5 -12 -6 -5 0 5 6 0 -2 4 5 -9 4 6 5 -4 -1 -4 8 1 7 -4 -4 3 4 6 6 0 0 7 5 9 -6 -3 3 -5 -4 0 12 -4 3 -1 4 6 8 3 7 -5 -4 -6 -10 -1 6 3 3 2 -6 -27 3 -1
-6 -9 -6 -4 5 -12 -6 -5 0 5 6 0 -2 4 5 -9 4 6 5 -4 -1 -4 8 1 7 -4 -4 3 4 6 6 0 0 7 5 9 -6 -3 3 -5 -4 0 12 -4 3 -1 4 6 8 3 7 -5 -4 -6 -10 -1 6 3 3 2 -6 -27 3 -1
-6 -9 -6 -4 5 -12 -6 -5 0 5 6 0 -2 4 5 -9 4 6 5 -4 -1 -4 8 1 7 -4 -4 3 4 6 6 0 0 7 5 9 -6 -3 3 -5 -4 0 12 -4 3 -1 4 6 8 3 7 -5 -4 -6 -10 -1 6 3 3 2 -6 -27 3 -1
-6 -9 -6 -4 5 -12 -6 -5 0 5 6 0 -2 4 5 -9 4 6 5 -4 -1 -4 8 1 7 -4 -4 3 4 6 6 0 0 7 5 9 -6 -3 3 -5 -4 0 12 -4 3 -1 4 6 8 3 7 -5 -4 -6 -10 -1 6 3 3 2 -6 -27 3 -1
-6 -9 -6 -4 5 -12 -6 -5 0 5 6 0 -2 4 5 -9 4 6 5 -4 -1 -4 8 1 7 -4 -4 3 4 6 6 0 0 7 5 9 -6 -3 3 -5 -4 0 12 -4 3 -1 4 6 8 3 7 -5 -4 -6 -10 -1 6 3 3 2 -6 -27 3 -1
-6 -9 -6 -4 5 -12 -6 -5 0 5 6 0 -2 4 5 -9 4 6 5 -4 -1 -4 8 1 7 -4 -4 3 4 6 6 0 0 7 5 9 -6 -3 3 -5 -4 0 12 -4 3 -1 4 6 8 3 7 -5 -4 -6 -10 -1 6 3 3 2 -6 -27 3 -1
-6 -9 -6 -4 5 -12 -6 -5 0 5 6 0 -2 4 5 -9 4 6 5 -4 -1 -4 8 1 7 -4 -4 3 4 6 6 0 0 7 5 9 -6 -3 3 -5 -4 0 12 -4 3 -1 4 6 8 3 7 -5 -4 -6 -10 -1 6 3 3 2 -6 -27 3 -1
-6 -9 -6 -4 5 -12 -6 -5 0 5 6 0 -2 4 5 -9 4 6 5 -4 -1 -4 8 1 7 -4 -4 3 4 6 6 0 0 7 5 9 -6 -3 3 -5 -4 0 12 -4 3 -1 4 6 8 3 7 -5 -4 -6 -10 -1 6 3 3 2 -6 -27 3 -1
-6 -9 -6 -4 5 -12 -6 -5 0 5 6 0 -2 4 5 -9 4 6 5 -4 -1 -4 8 1 7 -4 -4 3 4 6 6 0 0 7 5 9 -6 -3 3 -5 -4 0 12 -4 3 -1 4 6 8 3 7 -5 -4 -6 -10 -1 6 3 3 2 -6 -27 3 -1
-6 -9 -6 -4 5 -12 -6 -5 0 5 6 0 -2 4 5 -9 4 6 5 -4 -1 -4 8 1 7 -4 -4 3 4 6 6 0 0 7 5 9 -6 -3 3 -5 -4 0 12 -4 3 -1 4 6 8 3 7 -5 -4 -6 -10 -1 6 3 3 2 -6 -27 3 -1
-6 -9 -6 -4 5 -12 -6 -5 0 5 6 0 -2 4 5 -9 4 6 5 -4 -1 -4 8 1 7 -4 -4 3 4 6 6 0 0 7 5 9 -6 -3 3 -5 -4 0 12 -4 3 -1 4 6 8 3 7 -5 -4 -6 -10 -1 6 3 3 2 -6 -27 3 -1
-6 -9 -6 -4 5 -12 -6 -5 0 5 6 0 -2 4 5 -9 4 6 5 -4 -1 -4 8 1 7 -4 -4 3 4 6 6 0 0 7 5 9 -6 -3 3 -5 -4 0 12 -4 3 -1 4 6 8 3 7 -5 -4 -6 -10 -1 6 3 3 2 -6 -27 3 -1
-6 -9 -6 -4 5 -12 -6 -5 0 5 6 0 -2 4 5 -9 4 6 5 -4 -1 -4 8 1 7 -4 -4 3 4 6 6 0 0 7 5 9 -6 -3 3 -5 -4 0 12 -4 3 -1 4 6 8 3 7 -5 -4 -6 -10 -1 6 3 3 2 -6 -27 3 -1
-6 -9 -6 -4 5 -12 -6 -5 0 5 6 0 -2 4 5 -9 4 6 5 -4 -1 -4 8 1 7 -4 -4 3 4 6 6 0 0 7 5 9 -6 -3 3 -5 -4 0 12 -4 3 -1 4 6 8 3 7 -5 -4 -6 -10 -1 6 3 3 2 -6 -27 3 -1
-6 -9 -6 -4 5 -12 -6 -5 0 5 6 0 -2 4 5 -9 4 6 5 -4 -1 -4 8 1 7 -4 -4 3 4 6 6 0 0 7 5 9 -6 -3 3 -5 -4 0 12 -4 3 -1 4 6 8 3 7 -5 -4 -6 -10 -1 6 3 3 2 -6 -27 3 -1
-6 -9 -6 -4 5 -12 -6 -5 0 5 6 0 -2 4 5 -9 4 6 5 -4 -1 -4 8 1 7 -4 -4 3 4 6 6 0 0 7 5 9 -6 -3 3 -5 -4 0 12 -4 3 -1 4 6 8 3 7 -5 -4 -6 -10 -1 6 3 3 2 -6 -27 3 -1
-6 -9 -6 -4 5 -12 -6 -5 0 5 6 0 -2 4 5 -9 4 6 5 -4 -1 -4 8 1 7 -4 -4 3 4 6 6 0 0 7 5 9 -6 -3 3 -5 -4 0 12 -4 3 -1 4 6 8 3 7 -5 -4 -6 -10 -1 6 3 3 2 -6 -27 3 -1
-6 -9 -6 -4 5 -12 -6 -5 0 5 6 0 -2 4 5 -9 4 6 5 -4 -1 -4 8 1 7 -4 -4 3 4 6 6 0 0 7 5 9 -6 -3 3 -5 -4 0 12 -4 3 -1 4 6 8 3 7 -5 -4 -6 -10 -1 6 3 3 2 -6 -27 3 -1
-6 -9 -6 -4 5 -12 -6 -5 0 5 6 0 -2 4 5 -9 4 6 5 -4 -1 -4 8 1 7 -4 -4 3 4 6 6 0 0 7 5 9 -6 -3 3 -5 -4 0 12 -4 3 -1 4 6 8 3 7 -5 -4 -6 -10 -1 6 3 3 2 -6 -27 3 -1
-6 -9 -6 -4 5 -12 -6 -5 0 5 6 0 -2 4 5 -9 4 6 5 -4 -1 -4 8 1 7 -4 -4 3 4 6 6 0 0 7 5 9 -6 -3 3 -5 -4 0 12 -4 3 -1 4 6 8 3 7 -5 -4 -6 -10 -1 6 3 3 2 -6 -27 3 -1
-6 -9 -6 -4 5 -12 -6 -5 0 5 6 0 -2 4 5 -9 4 6 5 -4 -1 -4 8 1 7 -4 -4 3 4 6 6 0 0 7 5 9 -6 -3 3 -5 -4 0 12 -4 3 -1 4 6 8 3 7 -5 -4 -6 -10 -1 6 3 3 2 -6 -27 3 -1
-6 -9 -6 -4 5 -12 -6 -5 0 5 6 0 -2 4 5 -9 4 6 5 -4 -1 -4 8 1 7 -4 -4 3 4 6 6 0 0 7 5 9 -6 -3 3 -5 -4 0 12 -4 3 -1 4 6 8 3 7 -5 -4 -6 -10 -1 6 3 3 2 -6 -27 3 -1
-6 -9 -6 -4 5 -12 -6 -5 0 5 6 0 -2 4 5 -9 4 6 5 -4 -1 -4 8 1 7 -4 -4 3 4 6 6 0 0 7 5 9 -6 -3 3 -5 -4 0 12 -4 3 -1 4 6 8 3 7 -5 -4 -6 -10 -1 6 3 3 2 -6 -27 3 -1
-6 -9 -6 -4 5 -12 -6 -5 0 5 6 0 -2 4 5 -9 4 6 5 -4 -1 -4 8 1 7 -4 -4 3 4 6 6 0 0 7 5 9 -6 -3 3 -5 -4 0 12 -4 3 -1 4 6 8 3 7 -5 -4 -6 -10 -1 6 3 3 2 -6 -27 3 -1
-6 -9 -6 -4 5 -12 -6 -5 0 5 6 0 -2 4 5 -9 4 6 5 -4 -1 -4 8 1 7 -4 -4 3 4 6 6 0 0 7 5 9 -6 -3 3 -5 -4 0 12 -4 3 -1 4 6 8 3 7 -5 -4 -6 -10 -1 6 3 3 2 -6 -27 3 -1
-6 -9 -6 -4 5 -12 -6 -5 0 5 6 0 -2 4 5 -9 4 6 5 -4 -1 -4 8 1 7 -4 -4 3 4 6 6 0 0 7 5 9 -6 -3 3 -5 -4 0 12 -4 3 -1 4 6 8 3 7 -5 -4 -6 -10 -1 6 3 3 2 -6 -27 3 -1
-6 -9 -6 -4 5 -12 -6 -5 0 5 6 0 -2 4 5 -9 4 6 5 -4 -1 -4 8 1 7 -4 -4 3 4 6 6 0 0 7 5 9 -6 -3 3 -5 -4 0 12 -4 3 -1 4 6 8 3 7 -5 -4 -6 -10 -1 6 3 3 2 -6 -27 3 -1
-6 -9 -6 -4 5 -12 -6 -5 0 5 6 0 -2 4 5 -9 4 6 5 -4 -1 -4 8 1 7 -4 -4 3 4 6 6 0 0 7 5 9 -6 -3 3 -5 -4 0 12 -4 3 -1 4 6 8 3 7 -5 -4 -6 -10 -1 6 3 3 2 -6 -27 3 -1
-6 -9 -6 -4 5 -12 -6 -5 0 5 6 0 -2 4 5 -9 4 6 5 -4 -1 -4 8 1 7 -4 -4 3 4 6 6 0 0 7 5 9 -6 -3 3 -5 -4 0 12 -4 3 -1 4 6 8 3 7 -5 -4 -6 -10 -1 6 3 3 2 -6 -27 3 -1
-6 -9 -6 -4 5 -12 -6 -5 0 5 6 0 -2 4 5 -9 4 6 5 -4 -1 -4 8 1 7 -4 -4 3 4 6 6 0 0 7 5 9 -6 -3 3 -5 -4 0 12 -4 3 -1 4 6 8 3 7 -5 -4 -6 -10 -1 6 3 3 2 -6 -27 3 -1
-6 -9 -6 -4 5 -12 -6 -5 0 5 6 0 -2 4 5 -9 4 6 5 -4 -1 -4 8 1 7 -4 -4 3 4 6 6 0 0 7 5 9 -6 -3 3 -5 -4 0 12 -4 3 -1 4 6 8 3 7 -5 -4 -6 -10 -1 6 3 3 2 -6 -27 3 -1
-6 -9 -6 -4 5 -12 -6 -5 0 5 6 0 -2 4 5 -9 4 6 5 -4 -1 -4 8 1 7 -4 -4 3 4 6 6 0 0 7 5 9 -6 -3 3 -5 -4 0 12 -4 3 -1 4 6 8 3 7 -5 -4 -6 -10 -1 6 3 3 2 -6 -27 3 -1
-6 -9 -6 -4 5 -12 -6 -5 0 5 6 0 -2 4 5 -9 4 6 5 -4 -1 -4 8 1 7 -4 -4 3 4 6 6 0 0 7 5 9 -6 -3 3 -5 -4 0 12 -4 3 -1 4 6 8 3 7 -5 -4 -6 -10 -1 6 3 3 2 -6 -27 3 -1
-6 -9 -6 -4 5 -12 -6 -5 0 5 6 0 -2 4 5 -9 4 6 5 -4 -1 -4 8 1 7 -4 -4 3 4 6 6 0 0 7 5 9 -6 -3 3 -5 -4 0 12 -4 3 -1 4 6 8 3 7 -5 -4 -6 -10 -1 6 3 3 2 -6 -27 3 -1
-6 -9 -6 -4 5 -12 -6 -5 0 5 6 0 -2 4 5 -9 4 6 5 -4 -1 -4 8 1 7 -4 -4 3 4 6 6 0 0 7 5 9 -6 -3 3 -5 -4 0 12 -4 3 -1 4 6 8 3 7 -5 -4 -6 -10 -1 6 3 3 2 -6 -27 3 -1
-6 -9 -6 -4 5 -12 -6 -5 0 5 6 0 -2 4 5 -9 4 6 5 -4 -1 -4 8 1 7 -4 -4 3 4 6 6 0 0 7 5 9 -6 -3 3 -5 -4 0 12 -4 3 -1 4 6 8 3 7 -5 -4 -6 -10 -1 6 3 3 2 -6 -27 3 -1
-6 -9 -6 -4 5 -12 -6 -5 0 5 6 0 -2 4 5 -9 4 6 5 -4 -1 -4 8 1 7 -4 -4 3 4 6 6 0 0 7 5 9 -6 -3 3 -5 -4 0 12 -4 3 -1 4 6 8 3 7 -5 -4 -6 -10 -1 6 3 3 2 -6 -27 3 -1
-6 -9 -6 -4 5 -12 -6 -5 0 5 6 0 -2 4 5 -9 4 6 5 -4 -1 -4 8 1 7 -4 -4 3 4 6 6 0 0 7 5 9 -6 -3 3 -5 -4 0 12 -4 3 -1 4 6 8 3 7 -5 -4 -6 -10 -1 6 3 3 2 -6 -27 3 -1
-6 -9 -6 -4 5 -12 -6 -5 0 5 6 0 -2 4 5 -9 4 6 5 -4 -1 -4 8 1 7 -4 -4 3 4 6 6 0 0 7 5 9 -6 -3 3 -5 -4 0 12 -4 3 -1 4 6 8 3 7 -5 -4 -6 -10 -1 6 3 3 2 -6 -27 3 -1
-6 -9 -6 -4 5 -12 -6 -5 0 5 6 0 -2 4 5 -9 4 6 5 -4 -1 -4 8 1 7 -4 -4 3 4 6 6 0 0 7 5 9 -6 -3 3 -5 -4 0 12 -4 3 -1 4 6 8 3 7 -5 -4 -6 -10 -1 6 3 3 2 -6 -27 3 -1
-6 -9 -6 -4 5 -12 -6 -5 0 5 6 0 -2 4 5 -9 4 6 5 -4 -1 -4 8 1 7 -4 -4 3 4 6 6 0 0 7 5 9 -6 -3 3 -5 -4 0 12 -4 3 -1 4 6 8 3 7 -5 -4 -6 -10 -1 6 3 3 2 -6 -27 3 -1
-6 -9 -6 -4 5 -12 -6 -5 0 5 6 0 -2 4 5 -9 4 6 5 -4 -1 -4 8 1 7 -4 -4 3 4 6 6 0 0 7 5 9 -6 -3 3 -5 -4 0 12 -4 3 -1 4 6 8 3 7 -5 -4 -6 -10 -1 6 3 3 2 -6 -27 3 -1
-6 -9 -6 -4 5 -12 -6 -5 0 5 6 0 -2 4 5 -9 4 6 5 -4 -1 -4 8 1 7 -4 -4 3 4 6 6 0 0 7 5 9 -6 -3 3 -5 -4 0 12 -4 3 -1 4 6 8 3 7 -5 -4 -6 -10 -1 6 3 3 2 -6 -27 3 -1
-6 -9 -6 -4 5 -12 -6 -5 0 5 6 0 -2 4 5 -9 4 6 5 -4 -1 -4 8 1 7 -4 -4 3 4 6 6 0 0 7 5 9 -6 -3 3 -5 -4 0 12 -4 3 -1 4 6 8 3 7 -5 -4 -6 -10 -1 6 3 3 2 -6 -27 3 -1
-6 -9 -6 -4 5 -12 -6 -5 0 5 6 0 -2 4 5 -9 4 6 5 -4 -1 -4 8 1 7 -4 -4 3 4 6 6 0 0 7 5 9 -6 -3 3 -5 -4 0 12 -4 3 -1 4 6 8 3 7 -5 -4 -6 -10 -1 6 3 3 2 -6 -27 3 -1
-6 -9 -6 -4 5 -12 -6 -5 0 5 6 0 -2 4 5 -9 4 6 5 -4 -1 -4 8 1 7 -4 -4 3 4 6 6 0 0 7 5 9 -6 -3 3 -5 -4 0 12 -4 3 -1 4 6 8 3 7 -5 -4 -6 -10 -1 6 3 3 2 -6 -27 3 -1
-6 -9 -6 -4 5 -12 -6 -5 0 5 6 0 -2 4 5 -9 4 6 5 -4 -1 -4 8 1 7 -4 -4 3 4 6 6 0 0 7 5 9 -6 -3 3 -5 -4 0 12 -4 3 -1 4 6 8 3 7 -5 -4 -6 -10 -1 6 3 3 2 -6 -27 3 -1
-6 -9 -6 -4 5 -12 -6 -5 0 5 6 0 -2 4 5 -9 4 6 5 -4 -1 -4 8 1 7 -4 -4 3 4 6 6 0 0 7 5 9 -6 -3 3 -5 -4 0 12 -4 3 -1 4 6 8 3 7 -5 -4 -6 -10 -1 6 3 3 2 -6 -27 3 -1
-6 -9 -6 -4 5 -12 -6 -5 0 5 6 0 -2 4 5 -9 4 6 5 -4 -1 -4 8 1 7 -4 -4 3 4 6 6 0 0 7 5 9 -6 -3 3 -5 -4 0 12 -4 3 -1 4 6 8 3 7 -5 -4 -6 -10 -1 6 3 3 2 -6 -27 3 -1
-6 -9 -6 -4 5 -12 -6 -5 0 5 6 0 -2 4 5 -9 4 6 5 -4 -1 -4 8 1 7 -4 -4 3 4 6 6 0 0 7 5 9 -6 -3 3 -5 -4 0 12 -4 3 -1 4 6 8 3 7 -5 -4 -6 -10 -1 6 3 3 2 -6 -27 3 -1
-6 -9 -6 -4 5 -12 -6 -5 0 5 6 0 -2 4 5 -9 4 6 5 -4 -1 -4 8 1 7 -4 -4 3 4 6 6 0 0 7 5 9 -6 -3 3 -5 -4 0 12 -4 3 -1 4 6 8 3 7 -5 -4 -6 -10 -1 6 3 3 2 -6 -27 3 -1
-6 -9 -6 -4 5 -12 -6 -5 0 5 6 0 -2 4 5 -9 4 6 5 -4 -1 -4 8 1 7 -4 -4 3 4 6 6 0 0 7 5 9 -6 -3 3 -5 -4 0 12 -4 3 -1 4 6 8 3 7 -5 -4 -6 -10 -1 6 3 3 2 -6 -27 3 -1
-6 -9 -6 -4 5 -12 -6 -5 0 5 6 0 -2 4 5 -9 4 6 5 -4 -1 -4 8 1 7 -4 -4 3 4 6 6 0 0 7 5 9 -6 -3 3 -5 -4 0 12 -4 3 -1 4 6 8 3 7 -5 -4 -6 -10 -1 6 3 3 2 -6 -27 3 -1
-6 -9 -6 -4 5 -12 -6 -5 0 5 6 0 -2 4 5 -9 4 6 5 -4 -1 -4 8 1 7 -4 -4 3 4 6 6 0 0 7 5 9 -6 -3 3 -5 -4 0 12 -4 3 -1 4 6 8 3 7 -5 -4 -6 -10 -1 6 3 3 2 -6 -27 3 -1
-6 -9 -6 -4 5 -12 -6 -5 0 5 6 0 -2 4 5 -9 4 6 5 -4 -1 -4 8 1 7 -4 -4 3 4 6 6 0 0 7 5 9 -6 -3 3 -5 -4 0 12 -4 3 -1 4 6 8 3 7 -5 -4 -6 -10 -1 6 3 3 2 -6 -27 3 -1
-6 -9 -6 -4 5 -12 -6 -5 0 5 6 0 -2 4 5 -9 4 6 5 -4 -1 -4 8 1 7 -4 -4 3 4 6 6 0 0 7 5 9 -6 -3 3 -5 -4 0 12 -4 3 -1 4 6 8 3 7 -5 -4 -6 -10 -1 6 3 3 2 -6 -27 3 -1
-6 -9 -6 -4 5 -12 -6 -5 0 5 6 0 -2 4 5 -9 4 6 5 -4 -1 -4 8 1 7 -4 -4 3 4 6 6 0 0 7 5 9 -6 -3 3 -5 -4 0 12 -4 3 -1 4 6 8 3 7 -5 -4 -6 -10 -1 6 3 3 2 -6 -27 3 -1
-6 -9 -6 -4 5 -12 -6 -5 0 5 6 0 -2 4 5 -9 4 6 5 -4 -1 -4 8 1 7 -4 -4 3 4 6 6 0 0 7 5 9 -6 -3 3 -5 -4 0 12 -4 3 -1 4 6 8 3 7 -5 -4 -6 -10 -1 6 3 3 2 -6 -27 3 -1
-6 -9 -6 -4 5 -12 -6 -5 0 5 6 0 -2 4 5 -9 4 6 5 -4 -1 -4 8 1 7 -4 -4 3 4 6 6 0 0 7 5 9 -6 -3 3 -5 -4 0 12 -4 3 -1 4 6 8 3 7 -5 -4 -6 -10 -1 6 3 3 2 -6 -27 3 -1
-6 -9 -6 -4 5 -12 -6 -5 0 5 6 0 -2 4 5 -9 4 6 5 -4 -1 -4 8 1 7 -4 -4 3 4 6 6 0 0 7 5 9 -6 -3 3 -5 -4 0 12 -4 3 -1 4 6 8 3 7 -5 -4 -6 -10 -1 6 3 3 2 -6 -27 3 -1
-6 -9 -6 -4 5 -12 -6 -5 0 5 6 0 -2 4 5 -9 4 6 5 -4 -1 -4 8 1 7 -4 -4 3 4 6 6 0 0 7 5 9 -6 -3 3 -5 -4 0 12 -4 3 -1 4 6 8 3 7 -5 -4 -6 -10 -1 6 3 3 2 -6 -27 3 -1
-6 -9 -6 -4 5 -12 -6 -5 0 5 6 0 -2 4 5 -9 4 6 5 -4 -1 -4 8 1 7 -4 -4 3 4 6 6 0 0 7 5 9 -6 -3 3 -5 -4 0 12 -4 3 -1 4 6 8 3 7 -5 -4 -6 -10 -1 6 3 3 2 -6 -27 3 -1
-6 -9 -6 -4 5 -12 -6 -5 0 5 6 0 -2 4 5 -9 4 6 5 -4 -1 -4 8 1 7 -4 -4 3 4 6 6 0 0 7 5 9 -6 -3 3 -5 -4 0 12 -4 3 -1 4 6 8 3 7 -5 -4 -6 -10 -1 6 3 3 2 -6 -27 3 -1
-6 -9 -6 -4 5 -12 -6 -5 0 5 6 0 -2 4 5 -9 4 6 5 -4 -1 -4 8 1 7 -4 -4 3 4 6 6 0 0 7 5 9 -6 -3 3 -5 -4 0 12 -4 3 -1 4 6 8 3 7 -5 -4 -6 -10 -1 6 3 3 2 -6 -27 3 -1
-6 -9 -6 -4 5 -12 -6 -5 0 5 6 0 -2 4 5 -9 4 6 5 -4 -1 -4 8 1 7 -4 -4 3 4 6 6 0 0 7 5 9 -6 -3 3 -5 -4 0 12 -4 3 -1 4 6 8 3 7 -5 -4 -6 -10 -1 6 3 3 2 -6 -27 3 -1
-6 -9 -6 -4 5 -12 -6 -5 0 5 6 0 -2 4 5 -9 4 6 5 -4 -1 -4 8 1 7 -4 -4 3 4 6 6 0 0 7 5 9 -6 -3 3 -5 -4 0 12 -4 3 -1 4 6 8 3 7 -5 -4 -6 -10 -1 6 3 3 2 -6 -27 3 -1
-6 -9 -6 -4 5 -12 -6 -5 0 5 6 0 -2 4 5 -9 4 6 5 -4 -1 -4 8 1 7 -4 -4 3 4 6 6 0 0 7 5 9 -6 -3 3 -5 -4 0 12 -4 3 -1 4 6 8 3 7 -5 -4 -6 -10 -1 6 3 3 2 -6 -27 3 -1
-6 -9 -6 -4 5 -12 -6 -5 0 5 6 0 -2 4 5 -9 4 6 5 -4 -1 -4 8 1 7 -4 -4 3 4 6 6 0 0 7 5 9 -6 -3 3 -5 -4 0 12 -4 3 -1 4 6 8 3 7 -5 -4 -6 -10 -1 6 3 3 2 -6 -27 3 -1
-6 -9 -6 -4 5 -12 -6 -5 0 5 6 0 -2 4 5 -9 4 6 5 -4 -1 -4 8 1 7 -4 -4 3 4 6 6 0 0 7 5 9 -6 -3 3 -5 -4 0 12 -4 3 -1 4 6 8 3 7 -5 -4 -6 -10 -1 6 3 3 2 -6 -27 3 -1
-6 -9 -6 -4 5 -12 -6 -5 0 5 6 0 -2 4 5 -9 4 6 5 -4 -1 -4 8 1 7 -4 -4 3 4 6 6 0 0 7 5 9 -6 -3 3 -5 -4 0 12 -4 3 -1 4 6 8 3 7 -5 -4 -6 -10 -1 6 3 3 2 -6 -27 3 -1
-6 -9 -6 -4 5 -12 -6 -5 0 5 6 0 -2 4 5 -9 4 6 5 -4 -1 -4 8 1 7 -4 -4 3 4 6 6 0 0 7 5 9 -6 -3 3 -5 -4 0 12 -4 3 -1 4 6 8 3 7 -5 -4 -6 -10 -1 6 3 3 2 -6 -27 3 -1
-6 -9 -6 -4 5 -12 -6 -5 0 5 6 0 -2 4 5 -9 4 6 5 -4 -1 -4 8 1 7 -4 -4 3 4 6 6 0 0 7 5 9 -6 -3 3 -5 -4 0 12 -4 3 -1 4 6 8 3 7 -5 -4 -6 -10 -1 6 3 3 2 -6 -27 3 -1
-6 -9 -6 -4 5 -12 -6 -5 0 5 6 0 -2 4 5 -9 4 6 5 -4 -1 -4 8 1 7 -4 -4 3 4 6 6 0 0 7 5 9 -6 -3 3 -5 -4 0 12 -4 3 -1 4 6 8 3 7 -5 -4 -6 -10 -1 6 3 3 2 -6 -27 3 -1
-6 -9 -6 -4 5 -12 -6 -5 0 5 6 0 -2 4 5 -9 4 6 5 -4 -1 -4 8 1 7 -4 -4 3 4 6 6 0 0 7 5 9 -6 -3 3 -5 -4 0 12 -4 3 -1 4 6 8 3 7 -5 -4 -6 -10 -1 6 3 3 2 -6 -27 3 -1
-6 -9 -6 -4 5 -12 -6 -5 0 5 6 0 -2 4 5 -9 4 6 5 -4 -1 -4 8 1 7 -4 -4 3 4 6 6 0 0 7 5 9 -6 -3 3 -5 -4 0 12 -4 3 -1 4 6 8 3 7 -5 -4 -6 -10 -1 6 3 3 2 -6 -27 3 -1
