5 5 -1 -2 -4 -9 -5 3 -4 3 -8 2 0 0 3 -1 4 7 0 -1 5 -4 7 -3 0 -7 3 0 1 3 -1 -5 0 0 -1 4 -3 1 -8 -7 -3 4 0 1 2 -7 3 5 -2 -8 -5 -3 3 6 6 5 -3 -3 -6 3 3 -1 -2 -2
-5 5 14 -7 -5 -5 20 11 -6 18 -18 -10 12 -12 11 0 -10 23 4 -16 11 -12 24 -9 9 6 -6 34 2 -5 13 -16 14 -19 -15 17 -4 16 -20 15 13 10 21 3 1 5 9 23 -2 14 3 1 -9 19 4 -20 -12 -7 5 4 -9 -19 20 -10
-8 22 8 7 -11 6 10 20 -4 10 -21 -19 19 -13 6 -3 8 16 5 -19 13 -4 34 8 25 -7 7 19 -12 -4 6 -2 4 -11 -3 24 14 -4 -7 8 18 8 13 -2 7 -11 6 7 -5 -3 10 -1 14 16 0 -17 9 -9 -7 4 -7 -9 0 8
-23 0 -7 6 12 -10 10 7 -24 -1 -3 -5 -3 -6 17 0 16 1 -6 -41 10 -1 16 1 -4 2 -6 -20 2 9 14 -14 9 2 34 21 9 10 0 -4 3 -11 3 -21 26 -6 1 4 -10 3 -2 -6 10 16 11 -29 -18 -7 0 9 0 3 0 9
-10 38 2 8 22 -24 -30 6 -19 3 -10 -4 -2 -1 14 -16 -2 8 6 -18 -3 -8 0 -4 5 -1 -11 10 0 10 15 -8 4 13 -1 -7 0 1 -3 0 -10 3 18 -9 -7 5 4 14 1 -7 4 12 7 18 10 -4 -1 -3 -10 -1 -6 -13 -5 5
-16 30 -5 -7 29 -7 -29 -6 -10 3 -4 -17 -5 -2 6 -8 -3 12 7 -16 -9 -1 4 -17 -4 -8 -6 6 -9 6 25 -9 6 7 13 -11 12 7 -12 1 3 4 13 -17 -8 9 -11 -3 -6 6 -3 8 -8 -1 3 -7 3 7 -12 -10 -8 -11 1 10
-13 14 0 4 28 -7 -5 -6 -13 -1 1 -10 15 3 9 14 -13 7 5 2 -5 12 -1 -13 5 -6 -4 0 -1 24 10 10 3 0 3 -3 -4 5 -8 12 23 1 12 -24 4 5 -2 -6 16 -8 -11 -2 -3 10 0 -12 -11 8 -16 3 13 -7 8 4
-28 -12 -7 2 21 10 9 -6 -9 9 -15 -2 -6 -11 13 -1 5 -6 20 -34 19 -7 22 -13 -1 -1 -14 -16 5 10 2 -5 -14 0 15 16 -6 4 -33 -5 8 -5 -4 -40 -4 15 -8 -4 -4 -8 1 -4 8 -3 -3 -12 -6 8 2 -11 -2 5 -1 -2
0 9 12 5 0 3 -23 6 -9 4 -14 -10 4 4 3 -23 -1 3 12 -16 -1 -13 10 -10 17 -8 24 -25 1 9 9 3 7 11 -5 34 8 0 -2 15 31 -5 0 -24 4 13 4 2 -3 9 -7 -11 4 -16 -11 -31 -6 6 -22 10 18 15 5 9
0 5 22 -4 -7 6 -13 -5 -7 19 -7 -14 6 -9 14 -12 2 -11 -3 -14 -16 3 12 -1 2 -14 12 7 3 0 16 -6 -24 4 1 29 0 19 13 6 14 17 8 11 4 6 1 12 -21 12 21 -15 6 8 9 -24 1 12 -14 18 -3 8 9 17
2 13 10 3 4 -8 -25 13 -10 18 -5 -23 0 -8 1 -23 1 10 19 -19 6 0 12 -21 11 -3 19 -17 -2 4 0 -1 1 11 -7 34 7 13 11 21 25 -12 1 -21 -3 -2 5 -1 -2 2 8 -12 10 -13 -2 -36 -6 6 -14 13 14 18 0 -7
-9 14 24 5 -7 26 -8 10 -8 0 -7 -17 9 -11 -1 17 -1 29 24 -10 13 -4 0 -18 9 -3 18 -2 -2 -7 -6 18 -9 20 -5 37 12 2 -16 23 7 2 -23 -37 -3 5 12 -12 -1 -11 -2 -22 0 -9 1 -17 1 5 -9 7 18 11 6 2
4 5 17 8 11 -14 18 22 -1 -11 -28 -16 18 1 0 13 11 -14 -15 -31 -2 2 18 -2 4 -1 4 -2 -27 16 18 -4 10 2 17 14 8 12 -14 12 9 2 22 -9 15 -9 14 -10 -17 -3 -20 -5 -7 13 38 -15 4 8 9 6 -4 14 6 2
3 -6 16 8 4 -5 18 -5 1 -11 -39 -7 3 5 -9 11 7 -3 5 -22 17 3 14 5 5 -5 1 16 -15 13 0 0 0 -9 14 7 6 -10 -15 17 3 -1 15 -9 -5 -9 10 2 -3 -5 -17 5 -23 4 13 -4 10 3 6 16 -19 7 14 -6
-7 23 17 5 -1 -7 10 7 8 -1 -29 -28 21 -4 -16 11 3 -12 -4 -12 -15 11 14 -1 -9 -14 8 4 -27 19 14 -7 -8 0 -5 24 -6 0 -9 0 9 2 25 -1 5 -16 0 -9 -12 -15 -12 -13 1 22 29 -14 22 12 -2 5 1 6 5 7
5 17 11 3 2 -17 1 -7 -5 -14 -20 -33 20 -1 -11 10 -1 -3 -2 -23 -12 -2 9 2 7 -3 17 -7 -28 9 10 -13 -2 7 2 19 -5 -3 -16 2 19 -9 17 -18 1 -13 4 -6 -7 -6 -26 -2 -13 22 33 -20 16 15 18 9 10 22 11 1
0 24 6 1 7 15 -17 -1 -15 -2 -8 1 -5 -13 0 -6 -6 18 -8 -28 -4 12 10 -7 -10 -2 10 -5 12 -1 -14 6 0 17 -19 17 4 -12 15 7 11 -4 7 -23 -14 10 -1 -10 -5 6 -15 -6 -18 22 16 -10 19 15 5 21 21 19 7 -1
-5 26 20 -10 9 12 4 6 -8 -2 -14 -13 -1 -9 8 1 2 2 -5 -43 -31 13 9 -10 -11 2 10 6 15 -5 0 10 4 6 -23 36 -9 3 2 14 23 7 4 -9 -3 -11 -7 -19 -24 5 -8 -32 9 8 30 14 15 13 -8 14 21 36 11 -5
-10 5 13 -16 2 2 -10 -11 0 -19 -13 5 -6 -17 7 -2 1 14 10 -33 1 7 18 -13 -4 11 13 12 12 -9 -11 10 3 20 -27 21 -3 12 12 28 15 -5 -1 -12 -8 0 -24 -12 0 16 -15 -14 -5 14 13 -13 24 -2 6 27 29 13 1 -12
5 11 -1 -19 35 -7 13 -3 -30 -7 -14 -5 3 -6 -5 4 4 7 5 -38 -12 4 25 -17 9 -9 23 -18 -6 2 1 -1 -3 4 -4 -5 -8 -3 8 15 -1 -12 3 -25 -7 -8 -12 6 -5 9 -24 -3 -6 13 0 2 12 18 2 2 19 3 4 -4
-2 6 1 -3 14 7 12 -18 -10 -10 -23 -2 9 -9 -1 23 4 12 2 -34 0 -8 2 -3 1 -17 5 6 -2 -2 9 7 3 7 -12 7 -2 6 -13 24 30 -7 -19 -24 -10 -8 -9 -11 -1 0 -17 0 1 2 21 -10 14 12 -5 8 18 12 5 -8
4 3 5 -14 18 -18 -14 -8 -13 -1 -33 -19 -6 -17 3 24 1 9 7 -21 -3 -10 8 -10 0 -3 14 0 -1 23 -14 -4 -6 1 -18 15 -17 10 -3 6 7 1 9 7 -5 -10 -22 2 -4 -14 -14 -19 0 0 -10 7 3 -5 -6 12 10 -2 14 13
2 -8 6 -4 2 -4 3 1 -5 3 -1 -6 0 7 4 2 4 7 2 -6 -5 -4 5 5 -3 -4 1 -9 1 5 5 -1 6 -5 -1 9 -2 -1 -9 0 -1 5 -3 11 -1 0 0 1 -7 0 -8 -12 0 4 2 3 3 -1 -2 4 -11 -2 1 8
3 0 3 5 3 3 -3 5 -16 -14 -5 -3 2 -7 3 -4 -1 -5 -7 -14 -7 4 3 11 -2 -5 7 4 0 -2 2 -1 3 -8 5 27 -5 9 9 -5 15 2 2 -2 1 2 -4 5 0 0 2 -11 9 -2 -6 -7 -19 -3 -8 10 -3 -6 3 4
5 -16 -5 4 2 5 -4 5 -14 -16 -29 -6 -1 -8 7 18 6 16 -3 -21 15 -14 2 -12 11 -3 3 20 -9 -12 7 -17 8 -16 -12 20 -6 1 -3 7 27 -5 16 -1 18 -13 14 12 10 -4 -6 -16 20 -2 -16 -5 9 2 -1 13 -10 0 10 28
1 5 -4 6 17 -3 0 26 -18 -21 -1 -5 5 -3 20 4 2 4 -12 -36 15 -11 12 -8 -8 6 8 -13 2 13 14 -16 9 -2 21 20 6 22 11 -17 5 8 15 -14 10 1 -1 1 1 0 5 -15 14 -4 22 -15 -17 -8 6 1 15 7 -7 -4
2 29 5 0 23 -14 -36 16 -21 1 -5 1 -4 -5 15 -17 -7 6 2 -17 1 -1 10 -3 -6 -1 -3 7 3 3 14 -17 0 18 -9 -13 1 4 -3 -5 -9 13 15 -9 -10 9 2 11 4 3 7 14 8 9 11 -7 -3 3 0 -11 -5 -2 -4 3
-3 18 -5 -8 21 -7 -38 -4 -3 -2 -2 -13 -8 -7 0 -9 2 17 4 -16 -13 4 7 -12 -10 -16 -3 11 -4 2 27 -3 3 13 1 -17 7 5 -3 2 1 14 2 -11 -9 16 -15 -4 -9 13 -5 20 3 -2 15 -20 2 13 2 -17 -5 0 -1 5
-2 5 -2 -8 27 -8 -13 5 -8 1 -3 -11 14 -8 16 10 -6 11 -6 3 -11 8 11 -8 0 -11 -3 0 5 14 17 10 -18 8 1 -4 -14 10 -16 3 20 14 12 -27 -5 -5 -4 -3 8 -3 -8 -1 11 -2 15 -14 -25 3 3 -2 9 -8 -2 5
-15 -16 -1 -3 25 4 8 2 8 -10 -13 -7 9 -7 20 4 7 -3 11 -33 12 -2 17 -12 -7 -7 -5 -11 3 13 13 -5 -22 4 11 10 -10 13 -19 -10 8 8 1 -36 0 8 -18 -5 9 0 1 -7 4 -7 11 -9 -15 11 -1 -15 -3 0 -8 -8
7 17 25 12 3 -2 -23 2 -2 -1 -8 -14 2 -6 12 -20 5 5 14 -16 3 -11 11 -22 7 5 15 -28 2 8 8 -5 0 7 -10 32 0 16 8 3 28 1 6 -21 1 8 -4 -4 2 5 -12 -15 3 -17 7 -30 -12 3 -10 -1 9 11 2 -9
19 21 10 5 0 0 -25 9 -6 19 2 -5 2 -16 6 -20 -8 11 16 -7 6 0 1 -15 18 8 18 -30 -8 2 7 -8 2 1 -22 31 -4 19 12 8 23 9 -9 -28 4 -5 9 -4 0 2 1 -6 -2 -12 16 -40 -1 9 -15 8 9 18 1 -10
2 7 26 6 0 22 -18 16 -4 -2 2 -7 11 -12 5 18 9 24 6 -8 15 -2 9 -18 3 2 25 -11 -9 0 -2 15 -9 12 -16 31 9 5 1 16 11 3 -14 -34 -3 -7 13 -25 -1 -10 -3 -18 6 -2 15 -21 -3 12 -3 3 8 2 8 -6
12 -11 3 3 12 -8 13 3 -16 -9 -15 7 -5 -10 -2 19 5 6 -12 -32 25 -24 1 13 0 11 0 4 -19 11 11 -11 13 4 -1 9 -2 7 -15 8 3 6 18 -15 1 4 12 11 -18 -4 -28 -4 -28 4 19 -1 17 3 13 0 1 1 1 4
-1 19 7 3 8 23 -29 4 -14 0 -11 0 -7 -25 2 -3 1 11 -10 -29 1 9 13 -12 -11 -7 6 2 10 2 -12 7 3 12 -28 12 2 -4 17 10 15 6 15 -25 -8 6 2 -9 -10 4 -18 -9 -22 16 21 -1 12 12 15 21 12 23 5 4
3 13 27 6 19 9 -6 7 0 -14 -20 -2 -5 -27 1 16 -4 -7 3 -32 -3 9 14 -4 -8 4 20 2 2 3 -8 4 8 3 -30 21 -14 7 13 14 29 11 10 -17 -4 -9 -9 -20 -18 10 -20 -38 2 -8 29 18 11 19 -1 9 19 33 2 -7
-9 1 9 -5 6 8 -20 2 -6 -18 -21 1 -1 -34 -9 6 -3 20 6 -27 -5 7 29 -14 -18 1 12 5 5 0 -11 11 -6 12 -41 15 0 13 12 19 16 4 0 -22 -7 3 -15 -18 -3 21 -26 -11 -4 5 21 -11 19 6 15 22 21 21 -3 -8
12 3 -4 -14 29 7 6 -7 -23 -4 -14 1 -1 -12 -6 9 -4 5 -14 -34 -14 6 27 -8 -1 -6 24 -14 -14 -2 -4 4 -2 5 -16 -8 -7 1 5 6 8 -4 -2 -30 -10 -12 0 -3 -11 11 -45 -5 -11 19 10 -1 10 23 12 7 11 7 3 3
14 4 2 8 8 16 -2 -13 -6 -10 -33 14 8 -11 -6 22 -3 13 -11 -29 8 -7 10 -9 3 -21 14 -5 -12 3 13 7 1 7 -25 4 0 7 -7 15 21 2 -15 -27 -15 -16 -10 -23 -2 9 -35 -6 1 1 33 -11 15 18 11 10 1 10 -2 -7
9 -2 1 -1 7 -1 -16 -17 -13 -9 -33 -12 3 -17 -1 11 -1 5 -5 -21 -6 -6 15 -4 0 -12 12 -3 -8 18 -13 -1 -11 -4 -32 14 -14 6 2 -2 14 1 11 5 -13 -15 -17 -8 -3 -11 -21 -19 4 -6 2 -5 3 8 -3 9 1 0 11 3
3 -9 7 -5 -1 0 4 -4 -3 1 3 -3 1 6 2 1 5 3 -3 -5 -6 1 5 4 -1 0 0 -11 5 4 10 -2 6 -7 0 3 -3 -4 0 -4 5 7 -5 11 -1 -3 -2 2 -6 1 -6 -5 0 1 1 4 5 1 -3 3 -8 -5 1 0
-1 11 4 -7 11 -3 11 2 -9 10 -6 1 -2 10 2 0 -9 1 -14 -5 1 6 5 0 9 0 2 -1 12 -2 -4 -20 -3 -4 -10 21 -7 -8 7 1 -4 1 24 15 -8 4 -2 6 -13 -4 -3 -11 6 -1 10 15 5 -6 -3 3 -6 12 -2 2
-1 11 4 -7 11 -3 11 2 -9 10 -6 1 -2 10 2 0 -9 1 -14 -5 1 6 5 0 9 0 2 -1 12 -2 -4 -20 -3 -4 -10 21 -7 -8 7 1 -4 1 24 15 -8 4 -2 6 -13 -4 -3 -11 6 -1 10 15 5 -6 -3 3 -6 12 -2 2
-1 11 4 -7 11 -3 11 2 -9 10 -6 1 -2 10 2 0 -9 1 -14 -5 1 6 5 0 9 0 2 -1 12 -2 -4 -20 -3 -4 -10 21 -7 -8 7 1 -4 1 24 15 -8 4 -2 6 -13 -4 -3 -11 6 -1 10 15 5 -6 -3 3 -6 12 -2 2
-1 11 4 -7 11 -3 11 2 -9 10 -6 1 -2 10 2 0 -9 1 -14 -5 1 6 5 0 9 0 2 -1 12 -2 -4 -20 -3 -4 -10 21 -7 -8 7 1 -4 1 24 15 -8 4 -2 6 -13 -4 -3 -11 6 -1 10 15 5 -6 -3 3 -6 12 -2 2
-1 11 4 -7 11 -3 11 2 -9 10 -6 1 -2 10 2 0 -9 1 -14 -5 1 6 5 0 9 0 2 -1 12 -2 -4 -20 -3 -4 -10 21 -7 -8 7 1 -4 1 24 15 -8 4 -2 6 -13 -4 -3 -11 6 -1 10 15 5 -6 -3 3 -6 12 -2 2
-1 11 4 -7 11 -3 11 2 -9 10 -6 1 -2 10 2 0 -9 1 -14 -5 1 6 5 0 9 0 2 -1 12 -2 -4 -20 -3 -4 -10 21 -7 -8 7 1 -4 1 24 15 -8 4 -2 6 -13 -4 -3 -11 6 -1 10 15 5 -6 -3 3 -6 12 -2 2
-1 11 4 -7 11 -3 11 2 -9 10 -6 1 -2 10 2 0 -9 1 -14 -5 1 6 5 0 9 0 2 -1 12 -2 -4 -20 -3 -4 -10 21 -7 -8 7 1 -4 1 24 15 -8 4 -2 6 -13 -4 -3 -11 6 -1 10 15 5 -6 -3 3 -6 12 -2 2
-1 11 4 -7 11 -3 11 2 -9 10 -6 1 -2 10 2 0 -9 1 -14 -5 1 6 5 0 9 0 2 -1 12 -2 -4 -20 -3 -4 -10 21 -7 -8 7 1 -4 1 24 15 -8 4 -2 6 -13 -4 -3 -11 6 -1 10 15 5 -6 -3 3 -6 12 -2 2
-1 11 4 -7 11 -3 11 2 -9 10 -6 1 -2 10 2 0 -9 1 -14 -5 1 6 5 0 9 0 2 -1 12 -2 -4 -20 -3 -4 -10 21 -7 -8 7 1 -4 1 24 15 -8 4 -2 6 -13 -4 -3 -11 6 -1 10 15 5 -6 -3 3 -6 12 -2 2
-1 11 4 -7 11 -3 11 2 -9 10 -6 1 -2 10 2 0 -9 1 -14 -5 1 6 5 0 9 0 2 -1 12 -2 -4 -20 -3 -4 -10 21 -7 -8 7 1 -4 1 24 15 -8 4 -2 6 -13 -4 -3 -11 6 -1 10 15 5 -6 -3 3 -6 12 -2 2
-1 11 4 -7 11 -3 11 2 -9 10 -6 1 -2 10 2 0 -9 1 -14 -5 1 6 5 0 9 0 2 -1 12 -2 -4 -20 -3 -4 -10 21 -7 -8 7 1 -4 1 24 15 -8 4 -2 6 -13 -4 -3 -11 6 -1 10 15 5 -6 -3 3 -6 12 -2 2
-1 11 4 -7 11 -3 11 2 -9 10 -6 1 -2 10 2 0 -9 1 -14 -5 1 6 5 0 9 0 2 -1 12 -2 -4 -20 -3 -4 -10 21 -7 -8 7 1 -4 1 24 15 -8 4 -2 6 -13 -4 -3 -11 6 -1 10 15 5 -6 -3 3 -6 12 -2 2
-1 11 4 -7 11 -3 11 2 -9 10 -6 1 -2 10 2 0 -9 1 -14 -5 1 6 5 0 9 0 2 -1 12 -2 -4 -20 -3 -4 -10 21 -7 -8 7 1 -4 1 24 15 -8 4 -2 6 -13 -4 -3 -11 6 -1 10 15 5 -6 -3 3 -6 12 -2 2
-1 11 4 -7 11 -3 11 2 -9 10 -6 1 -2 10 2 0 -9 1 -14 -5 1 6 5 0 9 0 2 -1 12 -2 -4 -20 -3 -4 -10 21 -7 -8 7 1 -4 1 24 15 -8 4 -2 6 -13 -4 -3 -11 6 -1 10 15 5 -6 -3 3 -6 12 -2 2
-1 11 4 -7 11 -3 11 2 -9 10 -6 1 -2 10 2 0 -9 1 -14 -5 1 6 5 0 9 0 2 -1 12 -2 -4 -20 -3 -4 -10 21 -7 -8 7 1 -4 1 24 15 -8 4 -2 6 -13 -4 -3 -11 6 -1 10 15 5 -6 -3 3 -6 12 -2 2
-1 11 4 -7 11 -3 11 2 -9 10 -6 1 -2 10 2 0 -9 1 -14 -5 1 6 5 0 9 0 2 -1 12 -2 -4 -20 -3 -4 -10 21 -7 -8 7 1 -4 1 24 15 -8 4 -2 6 -13 -4 -3 -11 6 -1 10 15 5 -6 -3 3 -6 12 -2 2
-1 11 4 -7 11 -3 11 2 -9 10 -6 1 -2 10 2 0 -9 1 -14 -5 1 6 5 0 9 0 2 -1 12 -2 -4 -20 -3 -4 -10 21 -7 -8 7 1 -4 1 24 15 -8 4 -2 6 -13 -4 -3 -11 6 -1 10 15 5 -6 -3 3 -6 12 -2 2
-1 11 4 -7 11 -3 11 2 -9 10 -6 1 -2 10 2 0 -9 1 -14 -5 1 6 5 0 9 0 2 -1 12 -2 -4 -20 -3 -4 -10 21 -7 -8 7 1 -4 1 24 15 -8 4 -2 6 -13 -4 -3 -11 6 -1 10 15 5 -6 -3 3 -6 12 -2 2
-1 11 4 -7 11 -3 11 2 -9 10 -6 1 -2 10 2 0 -9 1 -14 -5 1 6 5 0 9 0 2 -1 12 -2 -4 -20 -3 -4 -10 21 -7 -8 7 1 -4 1 24 15 -8 4 -2 6 -13 -4 -3 -11 6 -1 10 15 5 -6 -3 3 -6 12 -2 2
-1 11 4 -7 11 -3 11 2 -9 10 -6 1 -2 10 2 0 -9 1 -14 -5 1 6 5 0 9 0 2 -1 12 -2 -4 -20 -3 -4 -10 21 -7 -8 7 1 -4 1 24 15 -8 4 -2 6 -13 -4 -3 -11 6 -1 10 15 5 -6 -3 3 -6 12 -2 2
-1 11 4 -7 11 -3 11 2 -9 10 -6 1 -2 10 2 0 -9 1 -14 -5 1 6 5 0 9 0 2 -1 12 -2 -4 -20 -3 -4 -10 21 -7 -8 7 1 -4 1 24 15 -8 4 -2 6 -13 -4 -3 -11 6 -1 10 15 5 -6 -3 3 -6 12 -2 2
-1 11 4 -7 11 -3 11 2 -9 10 -6 1 -2 10 2 0 -9 1 -14 -5 1 6 5 0 9 0 2 -1 12 -2 -4 -20 -3 -4 -10 21 -7 -8 7 1 -4 1 24 15 -8 4 -2 6 -13 -4 -3 -11 6 -1 10 15 5 -6 -3 3 -6 12 -2 2
-1 11 4 -7 11 -3 11 2 -9 10 -6 1 -2 10 2 0 -9 1 -14 -5 1 6 5 0 9 0 2 -1 12 -2 -4 -20 -3 -4 -10 21 -7 -8 7 1 -4 1 24 15 -8 4 -2 6 -13 -4 -3 -11 6 -1 10 15 5 -6 -3 3 -6 12 -2 2
-1 11 4 -7 11 -3 11 2 -9 10 -6 1 -2 10 2 0 -9 1 -14 -5 1 6 5 0 9 0 2 -1 12 -2 -4 -20 -3 -4 -10 21 -7 -8 7 1 -4 1 24 15 -8 4 -2 6 -13 -4 -3 -11 6 -1 10 15 5 -6 -3 3 -6 12 -2 2
-1 11 4 -7 11 -3 11 2 -9 10 -6 1 -2 10 2 0 -9 1 -14 -5 1 6 5 0 9 0 2 -1 12 -2 -4 -20 -3 -4 -10 21 -7 -8 7 1 -4 1 24 15 -8 4 -2 6 -13 -4 -3 -11 6 -1 10 15 5 -6 -3 3 -6 12 -2 2
-1 11 4 -7 11 -3 11 2 -9 10 -6 1 -2 10 2 0 -9 1 -14 -5 1 6 5 0 9 0 2 -1 12 -2 -4 -20 -3 -4 -10 21 -7 -8 7 1 -4 1 24 15 -8 4 -2 6 -13 -4 -3 -11 6 -1 10 15 5 -6 -3 3 -6 12 -2 2
-1 11 4 -7 11 -3 11 2 -9 10 -6 1 -2 10 2 0 -9 1 -14 -5 1 6 5 0 9 0 2 -1 12 -2 -4 -20 -3 -4 -10 21 -7 -8 7 1 -4 1 24 15 -8 4 -2 6 -13 -4 -3 -11 6 -1 10 15 5 -6 -3 3 -6 12 -2 2
-1 11 4 -7 11 -3 11 2 -9 10 -6 1 -2 10 2 0 -9 1 -14 -5 1 6 5 0 9 0 2 -1 12 -2 -4 -20 -3 -4 -10 21 -7 -8 7 1 -4 1 24 15 -8 4 -2 6 -13 -4 -3 -11 6 -1 10 15 5 -6 -3 3 -6 12 -2 2
-1 11 4 -7 11 -3 11 2 -9 10 -6 1 -2 10 2 0 -9 1 -14 -5 1 6 5 0 9 0 2 -1 12 -2 -4 -20 -3 -4 -10 21 -7 -8 7 1 -4 1 24 15 -8 4 -2 6 -13 -4 -3 -11 6 -1 10 15 5 -6 -3 3 -6 12 -2 2
-1 11 4 -7 11 -3 11 2 -9 10 -6 1 -2 10 2 0 -9 1 -14 -5 1 6 5 0 9 0 2 -1 12 -2 -4 -20 -3 -4 -10 21 -7 -8 7 1 -4 1 24 15 -8 4 -2 6 -13 -4 -3 -11 6 -1 10 15 5 -6 -3 3 -6 12 -2 2
-1 11 4 -7 11 -3 11 2 -9 10 -6 1 -2 10 2 0 -9 1 -14 -5 1 6 5 0 9 0 2 -1 12 -2 -4 -20 -3 -4 -10 21 -7 -8 7 1 -4 1 24 15 -8 4 -2 6 -13 -4 -3 -11 6 -1 10 15 5 -6 -3 3 -6 12 -2 2
-1 11 4 -7 11 -3 11 2 -9 10 -6 1 -2 10 2 0 -9 1 -14 -5 1 6 5 0 9 0 2 -1 12 -2 -4 -20 -3 -4 -10 21 -7 -8 7 1 -4 1 24 15 -8 4 -2 6 -13 -4 -3 -11 6 -1 10 15 5 -6 -3 3 -6 12 -2 2
-1 11 4 -7 11 -3 11 2 -9 10 -6 1 -2 10 2 0 -9 1 -14 -5 1 6 5 0 9 0 2 -1 12 -2 -4 -20 -3 -4 -10 21 -7 -8 7 1 -4 1 24 15 -8 4 -2 6 -13 -4 -3 -11 6 -1 10 15 5 -6 -3 3 -6 12 -2 2
-1 11 4 -7 11 -3 11 2 -9 10 -6 1 -2 10 2 0 -9 1 -14 -5 1 6 5 0 9 0 2 -1 12 -2 -4 -20 -3 -4 -10 21 -7 -8 7 1 -4 1 24 15 -8 4 -2 6 -13 -4 -3 -11 6 -1 10 15 5 -6 -3 3 -6 12 -2 2
-1 11 4 -7 11 -3 11 2 -9 10 -6 1 -2 10 2 0 -9 1 -14 -5 1 6 5 0 9 0 2 -1 12 -2 -4 -20 -3 -4 -10 21 -7 -8 7 1 -4 1 24 15 -8 4 -2 6 -13 -4 -3 -11 6 -1 10 15 5 -6 -3 3 -6 12 -2 2
-1 11 4 -7 11 -3 11 2 -9 10 -6 1 -2 10 2 0 -9 1 -14 -5 1 6 5 0 9 0 2 -1 12 -2 -4 -20 -3 -4 -10 21 -7 -8 7 1 -4 1 24 15 -8 4 -2 6 -13 -4 -3 -11 6 -1 10 15 5 -6 -3 3 -6 12 -2 2
-1 11 4 -7 11 -3 11 2 -9 10 -6 1 -2 10 2 0 -9 1 -14 -5 1 6 5 0 9 0 2 -1 12 -2 -4 -20 -3 -4 -10 21 -7 -8 7 1 -4 1 24 15 -8 4 -2 6 -13 -4 -3 -11 6 -1 10 15 5 -6 -3 3 -6 12 -2 2
-1 11 4 -7 11 -3 11 2 -9 10 -6 1 -2 10 2 0 -9 1 -14 -5 1 6 5 0 9 0 2 -1 12 -2 -4 -20 -3 -4 -10 21 -7 -8 7 1 -4 1 24 15 -8 4 -2 6 -13 -4 -3 -11 6 -1 10 15 5 -6 -3 3 -6 12 -2 2
-1 11 4 -7 11 -3 11 2 -9 10 -6 1 -2 10 2 0 -9 1 -14 -5 1 6 5 0 9 0 2 -1 12 -2 -4 -20 -3 -4 -10 21 -7 -8 7 1 -4 1 24 15 -8 4 -2 6 -13 -4 -3 -11 6 -1 10 15 5 -6 -3 3 -6 12 -2 2
-1 11 4 -7 11 -3 11 2 -9 10 -6 1 -2 10 2 0 -9 1 -14 -5 1 6 5 0 9 0 2 -1 12 -2 -4 -20 -3 -4 -10 21 -7 -8 7 1 -4 1 24 15 -8 4 -2 6 -13 -4 -3 -11 6 -1 10 15 5 -6 -3 3 -6 12 -2 2
-1 11 4 -7 11 -3 11 2 -9 10 -6 1 -2 10 2 0 -9 1 -14 -5 1 6 5 0 9 0 2 -1 12 -2 -4 -20 -3 -4 -10 21 -7 -8 7 1 -4 1 24 15 -8 4 -2 6 -13 -4 -3 -11 6 -1 10 15 5 -6 -3 3 -6 12 -2 2
-1 11 4 -7 11 -3 11 2 -9 10 -6 1 -2 10 2 0 -9 1 -14 -5 1 6 5 0 9 0 2 -1 12 -2 -4 -20 -3 -4 -10 21 -7 -8 7 1 -4 1 24 15 -8 4 -2 6 -13 -4 -3 -11 6 -1 10 15 5 -6 -3 3 -6 12 -2 2
-1 11 4 -7 11 -3 11 2 -9 10 -6 1 -2 10 2 0 -9 1 -14 -5 1 6 5 0 9 0 2 -1 12 -2 -4 -20 -3 -4 -10 21 -7 -8 7 1 -4 1 24 15 -8 4 -2 6 -13 -4 -3 -11 6 -1 10 15 5 -6 -3 3 -6 12 -2 2
-1 11 4 -7 11 -3 11 2 -9 10 -6 1 -2 10 2 0 -9 1 -14 -5 1 6 5 0 9 0 2 -1 12 -2 -4 -20 -3 -4 -10 21 -7 -8 7 1 -4 1 24 15 -8 4 -2 6 -13 -4 -3 -11 6 -1 10 15 5 -6 -3 3 -6 12 -2 2
-1 11 4 -7 11 -3 11 2 -9 10 -6 1 -2 10 2 0 -9 1 -14 -5 1 6 5 0 9 0 2 -1 12 -2 -4 -20 -3 -4 -10 21 -7 -8 7 1 -4 1 24 15 -8 4 -2 6 -13 -4 -3 -11 6 -1 10 15 5 -6 -3 3 -6 12 -2 2
-1 11 4 -7 11 -3 11 2 -9 10 -6 1 -2 10 2 0 -9 1 -14 -5 1 6 5 0 9 0 2 -1 12 -2 -4 -20 -3 -4 -10 21 -7 -8 7 1 -4 1 24 15 -8 4 -2 6 -13 -4 -3 -11 6 -1 10 15 5 -6 -3 3 -6 12 -2 2
-1 11 4 -7 11 -3 11 2 -9 10 -6 1 -2 10 2 0 -9 1 -14 -5 1 6 5 0 9 0 2 -1 12 -2 -4 -20 -3 -4 -10 21 -7 -8 7 1 -4 1 24 15 -8 4 -2 6 -13 -4 -3 -11 6 -1 10 15 5 -6 -3 3 -6 12 -2 2
-1 11 4 -7 11 -3 11 2 -9 10 -6 1 -2 10 2 0 -9 1 -14 -5 1 6 5 0 9 0 2 -1 12 -2 -4 -20 -3 -4 -10 21 -7 -8 7 1 -4 1 24 15 -8 4 -2 6 -13 -4 -3 -11 6 -1 10 15 5 -6 -3 3 -6 12 -2 2
-1 11 4 -7 11 -3 11 2 -9 10 -6 1 -2 10 2 0 -9 1 -14 -5 1 6 5 0 9 0 2 -1 12 -2 -4 -20 -3 -4 -10 21 -7 -8 7 1 -4 1 24 15 -8 4 -2 6 -13 -4 -3 -11 6 -1 10 15 5 -6 -3 3 -6 12 -2 2
-1 11 4 -7 11 -3 11 2 -9 10 -6 1 -2 10 2 0 -9 1 -14 -5 1 6 5 0 9 0 2 -1 12 -2 -4 -20 -3 -4 -10 21 -7 -8 7 1 -4 1 24 15 -8 4 -2 6 -13 -4 -3 -11 6 -1 10 15 5 -6 -3 3 -6 12 -2 2
-1 11 4 -7 11 -3 11 2 -9 10 -6 1 -2 10 2 0 -9 1 -14 -5 1 6 5 0 9 0 2 -1 12 -2 -4 -20 -3 -4 -10 21 -7 -8 7 1 -4 1 24 15 -8 4 -2 6 -13 -4 -3 -11 6 -1 10 15 5 -6 -3 3 -6 12 -2 2
-1 11 4 -7 11 -3 11 2 -9 10 -6 1 -2 10 2 0 -9 1 -14 -5 1 6 5 0 9 0 2 -1 12 -2 -4 -20 -3 -4 -10 21 -7 -8 7 1 -4 1 24 15 -8 4 -2 6 -13 -4 -3 -11 6 -1 10 15 5 -6 -3 3 -6 12 -2 2
-1 11 4 -7 11 -3 11 2 -9 10 -6 1 -2 10 2 0 -9 1 -14 -5 1 6 5 0 9 0 2 -1 12 -2 -4 -20 -3 -4 -10 21 -7 -8 7 1 -4 1 24 15 -8 4 -2 6 -13 -4 -3 -11 6 -1 10 15 5 -6 -3 3 -6 12 -2 2
-1 11 4 -7 11 -3 11 2 -9 10 -6 1 -2 10 2 0 -9 1 -14 -5 1 6 5 0 9 0 2 -1 12 -2 -4 -20 -3 -4 -10 21 -7 -8 7 1 -4 1 24 15 -8 4 -2 6 -13 -4 -3 -11 6 -1 10 15 5 -6 -3 3 -6 12 -2 2
-1 11 4 -7 11 -3 11 2 -9 10 -6 1 -2 10 2 0 -9 1 -14 -5 1 6 5 0 9 0 2 -1 12 -2 -4 -20 -3 -4 -10 21 -7 -8 7 1 -4 1 24 15 -8 4 -2 6 -13 -4 -3 -11 6 -1 10 15 5 -6 -3 3 -6 12 -2 2
-1 11 4 -7 11 -3 11 2 -9 10 -6 1 -2 10 2 0 -9 1 -14 -5 1 6 5 0 9 0 2 -1 12 -2 -4 -20 -3 -4 -10 21 -7 -8 7 1 -4 1 24 15 -8 4 -2 6 -13 -4 -3 -11 6 -1 10 15 5 -6 -3 3 -6 12 -2 2
-1 11 4 -7 11 -3 11 2 -9 10 -6 1 -2 10 2 0 -9 1 -14 -5 1 6 5 0 9 0 2 -1 12 -2 -4 -20 -3 -4 -10 21 -7 -8 7 1 -4 1 24 15 -8 4 -2 6 -13 -4 -3 -11 6 -1 10 15 5 -6 -3 3 -6 12 -2 2
-1 11 4 -7 11 -3 11 2 -9 10 -6 1 -2 10 2 0 -9 1 -14 -5 1 6 5 0 9 0 2 -1 12 -2 -4 -20 -3 -4 -10 21 -7 -8 7 1 -4 1 24 15 -8 4 -2 6 -13 -4 -3 -11 6 -1 10 15 5 -6 -3 3 -6 12 -2 2
-1 11 4 -7 11 -3 11 2 -9 10 -6 1 -2 10 2 0 -9 1 -14 -5 1 6 5 0 9 0 2 -1 12 -2 -4 -20 -3 -4 -10 21 -7 -8 7 1 -4 1 24 15 -8 4 -2 6 -13 -4 -3 -11 6 -1 10 15 5 -6 -3 3 -6 12 -2 2
-1 11 4 -7 11 -3 11 2 -9 10 -6 1 -2 10 2 0 -9 1 -14 -5 1 6 5 0 9 0 2 -1 12 -2 -4 -20 -3 -4 -10 21 -7 -8 7 1 -4 1 24 15 -8 4 -2 6 -13 -4 -3 -11 6 -1 10 15 5 -6 -3 3 -6 12 -2 2
-1 11 4 -7 11 -3 11 2 -9 10 -6 1 -2 10 2 0 -9 1 -14 -5 1 6 5 0 9 0 2 -1 12 -2 -4 -20 -3 -4 -10 21 -7 -8 7 1 -4 1 24 15 -8 4 -2 6 -13 -4 -3 -11 6 -1 10 15 5 -6 -3 3 -6 12 -2 2
-1 11 4 -7 11 -3 11 2 -9 10 -6 1 -2 10 2 0 -9 1 -14 -5 1 6 5 0 9 0 2 -1 12 -2 -4 -20 -3 -4 -10 21 -7 -8 7 1 -4 1 24 15 -8 4 -2 6 -13 -4 -3 -11 6 -1 10 15 5 -6 -3 3 -6 12 -2 2
-1 11 4 -7 11 -3 11 2 -9 10 -6 1 -2 10 2 0 -9 1 -14 -5 1 6 5 0 9 0 2 -1 12 -2 -4 -20 -3 -4 -10 21 -7 -8 7 1 -4 1 24 15 -8 4 -2 6 -13 -4 -3 -11 6 -1 10 15 5 -6 -3 3 -6 12 -2 2
-1 11 4 -7 11 -3 11 2 -9 10 -6 1 -2 10 2 0 -9 1 -14 -5 1 6 5 0 9 0 2 -1 12 -2 -4 -20 -3 -4 -10 21 -7 -8 7 1 -4 1 24 15 -8 4 -2 6 -13 -4 -3 -11 6 -1 10 15 5 -6 -3 3 -6 12 -2 2
-1 11 4 -7 11 -3 11 2 -9 10 -6 1 -2 10 2 0 -9 1 -14 -5 1 6 5 0 9 0 2 -1 12 -2 -4 -20 -3 -4 -10 21 -7 -8 7 1 -4 1 24 15 -8 4 -2 6 -13 -4 -3 -11 6 -1 10 15 5 -6 -3 3 -6 12 -2 2
-1 11 4 -7 11 -3 11 2 -9 10 -6 1 -2 10 2 0 -9 1 -14 -5 1 6 5 0 9 0 2 -1 12 -2 -4 -20 -3 -4 -10 21 -7 -8 7 1 -4 1 24 15 -8 4 -2 6 -13 -4 -3 -11 6 -1 10 15 5 -6 -3 3 -6 12 -2 2
-1 11 4 -7 11 -3 11 2 -9 10 -6 1 -2 10 2 0 -9 1 -14 -5 1 6 5 0 9 0 2 -1 12 -2 -4 -20 -3 -4 -10 21 -7 -8 7 1 -4 1 24 15 -8 4 -2 6 -13 -4 -3 -11 6 -1 10 15 5 -6 -3 3 -6 12 -2 2
-1 11 4 -7 11 -3 11 2 -9 10 -6 1 -2 10 2 0 -9 1 -14 -5 1 6 5 0 9 0 2 -1 12 -2 -4 -20 -3 -4 -10 21 -7 -8 7 1 -4 1 24 15 -8 4 -2 6 -13 -4 -3 -11 6 -1 10 15 5 -6 -3 3 -6 12 -2 2
-1 11 4 -7 11 -3 11 2 -9 10 -6 1 -2 10 2 0 -9 1 -14 -5 1 6 5 0 9 0 2 -1 12 -2 -4 -20 -3 -4 -10 21 -7 -8 7 1 -4 1 24 15 -8 4 -2 6 -13 -4 -3 -11 6 -1 10 15 5 -6 -3 3 -6 12 -2 2
-1 11 4 -7 11 -3 11 2 -9 10 -6 1 -2 10 2 0 -9 1 -14 -5 1 6 5 0 9 0 2 -1 12 -2 -4 -20 -3 -4 -10 21 -7 -8 7 1 -4 1 24 15 -8 4 -2 6 -13 -4 -3 -11 6 -1 10 15 5 -6 -3 3 -6 12 -2 2
-1 11 4 -7 11 -3 11 2 -9 10 -6 1 -2 10 2 0 -9 1 -14 -5 1 6 5 0 9 0 2 -1 12 -2 -4 -20 -3 -4 -10 21 -7 -8 7 1 -4 1 24 15 -8 4 -2 6 -13 -4 -3 -11 6 -1 10 15 5 -6 -3 3 -6 12 -2 2
-1 11 4 -7 11 -3 11 2 -9 10 -6 1 -2 10 2 0 -9 1 -14 -5 1 6 5 0 9 0 2 -1 12 -2 -4 -20 -3 -4 -10 21 -7 -8 7 1 -4 1 24 15 -8 4 -2 6 -13 -4 -3 -11 6 -1 10 15 5 -6 -3 3 -6 12 -2 2
-1 11 4 -7 11 -3 11 2 -9 10 -6 1 -2 10 2 0 -9 1 -14 -5 1 6 5 0 9 0 2 -1 12 -2 -4 -20 -3 -4 -10 21 -7 -8 7 1 -4 1 24 15 -8 4 -2 6 -13 -4 -3 -11 6 -1 10 15 5 -6 -3 3 -6 12 -2 2
-1 11 4 -7 11 -3 11 2 -9 10 -6 1 -2 10 2 0 -9 1 -14 -5 1 6 5 0 9 0 2 -1 12 -2 -4 -20 -3 -4 -10 21 -7 -8 7 1 -4 1 24 15 -8 4 -2 6 -13 -4 -3 -11 6 -1 10 15 5 -6 -3 3 -6 12 -2 2
-1 11 4 -7 11 -3 11 2 -9 10 -6 1 -2 10 2 0 -9 1 -14 -5 1 6 5 0 9 0 2 -1 12 -2 -4 -20 -3 -4 -10 21 -7 -8 7 1 -4 1 24 15 -8 4 -2 6 -13 -4 -3 -11 6 -1 10 15 5 -6 -3 3 -6 12 -2 2
-1 11 4 -7 11 -3 11 2 -9 10 -6 1 -2 10 2 0 -9 1 -14 -5 1 6 5 0 9 0 2 -1 12 -2 -4 -20 -3 -4 -10 21 -7 -8 7 1 -4 1 24 15 -8 4 -2 6 -13 -4 -3 -11 6 -1 10 15 5 -6 -3 3 -6 12 -2 2
-1 11 4 -7 11 -3 11 2 -9 10 -6 1 -2 10 2 0 -9 1 -14 -5 1 6 5 0 9 0 2 -1 12 -2 -4 -20 -3 -4 -10 21 -7 -8 7 1 -4 1 24 15 -8 4 -2 6 -13 -4 -3 -11 6 -1 10 15 5 -6 -3 3 -6 12 -2 2
-1 11 4 -7 11 -3 11 2 -9 10 -6 1 -2 10 2 0 -9 1 -14 -5 1 6 5 0 9 0 2 -1 12 -2 -4 -20 -3 -4 -10 21 -7 -8 7 1 -4 1 24 15 -8 4 -2 6 -13 -4 -3 -11 6 -1 10 15 5 -6 -3 3 -6 12 -2 2
-1 11 4 -7 11 -3 11 2 -9 10 -6 1 -2 10 2 0 -9 1 -14 -5 1 6 5 0 9 0 2 -1 12 -2 -4 -20 -3 -4 -10 21 -7 -8 7 1 -4 1 24 15 -8 4 -2 6 -13 -4 -3 -11 6 -1 10 15 5 -6 -3 3 -6 12 -2 2
-1 11 4 -7 11 -3 11 2 -9 10 -6 1 -2 10 2 0 -9 1 -14 -5 1 6 5 0 9 0 2 -1 12 -2 -4 -20 -3 -4 -10 21 -7 -8 7 1 -4 1 24 15 -8 4 -2 6 -13 -4 -3 -11 6 -1 10 15 5 -6 -3 3 -6 12 -2 2
-1 11 4 -7 11 -3 11 2 -9 10 -6 1 -2 10 2 0 -9 1 -14 -5 1 6 5 0 9 0 2 -1 12 -2 -4 -20 -3 -4 -10 21 -7 -8 7 1 -4 1 24 15 -8 4 -2 6 -13 -4 -3 -11 6 -1 10 15 5 -6 -3 3 -6 12 -2 2
-1 11 4 -7 11 -3 11 2 -9 10 -6 1 -2 10 2 0 -9 1 -14 -5 1 6 5 0 9 0 2 -1 12 -2 -4 -20 -3 -4 -10 21 -7 -8 7 1 -4 1 24 15 -8 4 -2 6 -13 -4 -3 -11 6 -1 10 15 5 -6 -3 3 -6 12 -2 2
-1 11 4 -7 11 -3 11 2 -9 10 -6 1 -2 10 2 0 -9 1 -14 -5 1 6 5 0 9 0 2 -1 12 -2 -4 -20 -3 -4 -10 21 -7 -8 7 1 -4 1 24 15 -8 4 -2 6 -13 -4 -3 -11 6 -1 10 15 5 -6 -3 3 -6 12 -2 2
-1 11 4 -7 11 -3 11 2 -9 10 -6 1 -2 10 2 0 -9 1 -14 -5 1 6 5 0 9 0 2 -1 12 -2 -4 -20 -3 -4 -10 21 -7 -8 7 1 -4 1 24 15 -8 4 -2 6 -13 -4 -3 -11 6 -1 10 15 5 -6 -3 3 -6 12 -2 2
-1 11 4 -7 11 -3 11 2 -9 10 -6 1 -2 10 2 0 -9 1 -14 -5 1 6 5 0 9 0 2 -1 12 -2 -4 -20 -3 -4 -10 21 -7 -8 7 1 -4 1 24 15 -8 4 -2 6 -13 -4 -3 -11 6 -1 10 15 5 -6 -3 3 -6 12 -2 2
-1 11 4 -7 11 -3 11 2 -9 10 -6 1 -2 10 2 0 -9 1 -14 -5 1 6 5 0 9 0 2 -1 12 -2 -4 -20 -3 -4 -10 21 -7 -8 7 1 -4 1 24 15 -8 4 -2 6 -13 -4 -3 -11 6 -1 10 15 5 -6 -3 3 -6 12 -2 2
-1 11 4 -7 11 -3 11 2 -9 10 -6 1 -2 10 2 0 -9 1 -14 -5 1 6 5 0 9 0 2 -1 12 -2 -4 -20 -3 -4 -10 21 -7 -8 7 1 -4 1 24 15 -8 4 -2 6 -13 -4 -3 -11 6 -1 10 15 5 -6 -3 3 -6 12 -2 2
