4 9 4 -1 -3 3 1 4 -1 -6 -3 1 2 -6 -1 1 0 4 -3 -4 3 -1 -2 -2 -4 2 -7 7 4 3 0 8 3 -1 -5 6 -7 -2 2 1 3 -2 1 6 0 5 -1 -6 -2 -3 -3 0 0 -1 3 -2 -3 -5 3 9 1 0 8 2
17 12 12 7 4 12 -14 7 10 -18 -4 5 1 -20 -10 1 2 6 -13 4 27 -15 -7 -3 5 -1 -13 -8 6 -1 5 1 0 4 1 36 17 2 15 1 -5 14 -3 22 -13 24 -7 2 -25 2 1 -2 -2 0 -19 -8 -1 -8 14 0 -7 7 1 12
29 1 9 -4 -2 17 7 4 26 -3 9 -3 -7 -25 -12 9 15 -5 -14 -4 19 5 0 -8 -8 -22 -17 -3 -2 4 -13 0 23 -7 -5 11 2 -10 9 -2 -17 22 -16 0 3 7 -6 6 -31 -18 -9 -1 4 10 -6 -11 12 -9 13 5 -7 0 13 23
6 6 -7 11 2 14 -15 -2 -1 -20 7 -16 -12 -21 -19 1 -8 -11 -7 2 8 -1 4 9 3 14 -4 -24 -19 1 1 4 -13 -13 -10 8 -1 16 12 1 9 -2 5 10 3 24 2 5 -17 -2 -11 13 -7 -2 -4 13 -4 -8 -5 6 1 10 -19 4
-12 -6 8 20 -11 1 5 -9 -9 -20 8 -1 24 -1 1 17 -16 -8 -5 -22 -9 -16 -13 16 -11 -14 9 -25 -27 3 -17 23 -5 11 -14 4 8 -4 -7 -16 6 12 -4 6 1 9 -20 -8 -6 1 -12 -6 -9 -2 -11 -3 1 -17 14 -5 2 5 -35 11
-15 5 -3 5 -12 14 2 0 1 3 -5 -24 21 3 19 2 -9 0 -14 -2 10 -25 6 11 1 -9 3 -29 -27 5 -23 19 16 2 -24 -9 11 -3 -8 -14 20 5 3 -3 -2 -1 -5 -15 -3 12 -13 5 -16 -2 -13 -5 0 -6 10 6 -8 -14 -25 5
-7 -5 -5 -4 2 -3 15 -20 10 -12 -11 -5 11 5 -10 3 -15 -7 -3 -14 1 -2 -7 17 10 -13 -7 -10 -7 22 14 8 4 -7 0 1 4 -12 -10 -11 21 9 -5 4 -9 10 0 22 -22 17 -15 -14 3 -2 0 5 1 -10 -11 13 -14 -7 -18 -8
18 7 2 -4 -16 1 -17 -1 2 11 -2 -24 10 -10 3 21 11 -8 -10 1 16 2 -9 19 7 0 -4 -15 -25 -16 -16 28 36 -11 -17 -8 5 11 6 -7 8 4 -4 -6 2 17 -9 -16 -16 13 4 12 -3 -20 -10 7 10 -20 -23 7 -21 4 -21 8
24 -4 3 3 -11 15 11 -4 14 -1 -19 -35 2 -9 -23 3 13 21 7 -14 -3 3 13 15 -17 -15 -6 -12 -10 -19 2 20 33 -14 -26 -4 -22 -16 3 -8 9 -5 -17 -7 -21 0 6 15 -23 16 -20 14 7 -4 9 -2 23 -10 7 3 -9 -3 -5 13
5 10 7 11 -2 20 -5 -6 13 -4 27 -7 14 -8 -27 7 -6 -1 -21 -8 2 -6 4 -8 -19 5 -11 3 15 18 10 -3 21 -9 -11 1 -29 8 8 8 20 -3 1 10 6 1 -15 -16 -19 -12 -6 9 8 -7 9 0 -6 23 -20 -4 0 6 -6 -6
7 -6 -5 28 -19 17 13 -9 14 9 -2 -14 -13 -2 -10 -1 -9 19 5 -18 -3 2 16 14 -17 -12 2 -12 -14 -4 2 11 5 -21 -9 8 -7 -11 2 -12 14 -8 -13 -4 -9 -5 0 9 -19 29 -21 12 -5 -9 16 -5 9 -19 1 9 -4 0 -12 5
-1 -11 7 -6 -14 21 9 21 13 -16 0 7 2 8 -2 -16 0 17 -10 -3 10 7 18 6 -3 -2 -16 0 -9 0 -7 20 13 -7 -10 19 -12 10 1 -19 -5 5 -19 -4 6 -13 9 -3 -5 18 -14 -10 -1 -4 12 16 -7 -4 0 9 -15 -20 13 1
-2 16 -5 22 13 20 -18 8 -7 -21 -4 -5 -10 -20 -2 3 -13 -2 -8 6 11 -2 -9 -4 -12 15 -10 -10 -5 -3 -11 -5 -21 1 -2 16 -3 22 12 12 12 -8 -1 24 -1 -1 1 0 -21 8 1 2 -14 2 -8 2 -21 -25 -16 6 8 12 11 12
16 8 15 -2 -7 17 -8 -3 4 9 5 1 -5 -13 -1 1 -1 -4 -17 16 18 20 -3 -3 23 -7 -19 -5 -12 -5 -30 17 20 21 -20 1 12 -5 5 11 0 -4 -7 15 -13 25 -11 -4 -24 15 3 -2 -14 -5 -3 1 2 -21 -23 2 -1 15 11 -1
-4 19 7 10 -2 16 6 15 1 -24 17 0 10 -22 -4 3 9 5 -14 -6 -5 -5 5 -19 -22 12 -13 1 13 34 5 -6 4 3 -4 4 -31 8 4 9 22 22 17 -4 -3 10 -12 -29 -20 -1 -16 -10 -26 7 5 -8 -8 -1 -18 5 3 8 11 -4
6 12 0 15 1 19 5 10 -14 -25 -1 -3 -11 -29 -16 -10 5 16 -23 -2 2 0 13 -15 6 13 -21 -11 -16 19 -1 -10 -2 -11 -11 -2 -25 2 -2 -4 5 12 6 -9 -18 10 -7 -11 -14 -1 -18 -19 -36 2 2 2 -1 -14 -17 3 11 19 9 7
2 5 12 -13 -6 1 -8 -1 0 -10 -13 10 6 -5 -6 8 -12 11 -1 15 8 -5 -9 -3 -6 4 -11 14 -9 1 -4 17 14 -10 5 7 -23 -36 -13 5 16 8 2 -4 1 0 -1 -8 -16 -8 -8 -16 -31 -6 14 10 -15 -3 9 1 -15 14 -7 -17
10 10 14 3 -32 -3 -7 -4 18 -17 -17 5 -1 -17 19 -1 2 -15 -12 13 18 -9 -15 -1 -12 11 -4 6 -14 8 10 6 26 -17 1 11 -32 -9 -30 6 3 5 15 15 0 -28 -19 -32 -10 -15 -28 -2 -7 3 20 15 5 10 2 14 12 -7 0 -21
-6 0 21 -19 -18 -2 -5 0 12 3 -23 18 -19 -6 -4 -1 -8 11 8 23 20 -12 -19 -3 8 1 8 21 -11 2 -14 30 28 -12 8 10 3 -19 -8 10 1 -3 16 -10 -5 13 -2 -16 -2 9 -3 -3 -25 -11 33 13 -6 7 5 1 -14 11 -1 -11
1 2 5 -3 0 -1 -8 -2 2 -9 -28 -10 -11 -19 -12 -8 -26 -1 -2 33 -7 8 0 0 9 -13 -17 10 -24 8 7 4 22 -10 -10 -4 -10 -8 -13 -6 18 11 1 3 16 20 0 -15 -3 -4 -4 -10 4 -13 -9 26 3 -9 -12 10 -10 -3 -15 -15
10 3 6 -19 -1 2 -14 -3 10 2 -10 -18 11 -24 -14 -26 -12 -18 -25 -1 -7 1 5 -5 10 -14 -17 -7 -23 14 -16 39 27 -8 -10 -18 1 -30 -23 0 -16 -4 19 14 5 15 18 -21 -14 -10 11 0 -8 -4 3 10 1 -4 3 -9 -7 18 -7 3
18 10 -1 -1 -16 0 -2 7 2 -11 8 -26 9 -14 0 3 2 -6 -7 -12 5 -16 24 7 4 -2 -6 14 -3 1 11 5 76 -9 -9 -5 -24 8 1 -5 13 1 -8 -2 8 8 -10 -11 -20 7 -2 3 1 2 7 1 14 15 -17 7 -8 -10 -18 2
6 10 4 -4 -2 0 1 4 8 4 2 1 6 -9 -3 2 -13 -4 1 -5 12 3 2 2 3 -5 -6 -2 13 -4 -5 3 -10 3 -7 11 -5 0 -1 -1 -4 -4 -4 -5 -4 10 -8 -5 7 2 4 1 4 -1 -11 -1 -3 3 -1 5 0 10 4 5
-2 -9 -6 -7 -6 12 7 0 5 -5 -8 9 1 1 -16 14 7 -8 4 -2 2 -4 10 11 4 -1 11 -3 0 4 -1 0 28 -7 -8 8 5 -5 -17 16 -4 -2 -12 12 4 9 -3 2 -13 -5 -5 -1 2 -1 5 6 -1 4 1 9 12 4 1 9
5 18 -16 0 -24 -1 -16 4 21 5 0 18 -7 -6 -13 5 24 1 0 5 -2 -10 2 13 2 -23 -6 -16 -3 -9 -1 -4 2 19 -15 15 8 11 -11 12 -17 1 -1 -11 2 18 0 -6 -34 -2 2 1 5 -4 -3 11 16 11 -3 -8 -1 2 5 10
-12 9 -5 20 2 14 -10 -5 -10 -21 -5 -11 -11 -5 -13 -7 -8 5 3 3 -17 -6 0 25 4 17 -10 -5 -19 0 13 4 0 -3 1 2 -8 21 3 9 3 -6 1 17 -12 -6 1 -7 -21 -1 -10 12 -5 8 4 10 -20 -4 0 7 2 5 19 23
-19 -5 15 32 1 -6 14 4 -10 -14 2 -10 13 4 2 14 -7 -10 9 -13 -11 -8 -21 17 -7 -17 0 -27 -16 7 -17 26 -11 17 -7 0 -3 3 -1 -10 10 9 -3 6 4 -3 -20 -18 -9 -3 -20 -5 -6 -7 -13 5 -1 -1 12 -10 3 2 -19 3
-22 6 -1 14 0 11 -1 7 1 1 -14 -31 16 1 11 -18 0 -5 6 0 4 -26 -7 19 8 -10 -3 -41 -12 22 -32 40 12 13 -8 -8 -2 3 -3 -12 10 1 11 6 2 -20 -17 -23 -1 0 -15 10 -24 6 -12 6 -20 8 25 -5 0 -19 -11 5
-25 -2 -4 6 12 -15 7 -9 14 2 -9 -23 0 8 -10 2 -9 -11 18 -11 8 -7 -24 22 4 -17 -7 -7 5 39 12 21 4 12 7 -11 -5 -4 -9 -8 16 4 -12 4 -4 2 -14 12 -12 9 -19 -10 11 0 -6 12 -14 2 -3 7 8 2 7 4
12 7 -2 10 -8 1 -16 6 1 16 -6 -27 5 -7 3 9 13 -7 2 7 15 2 -6 17 9 -2 -14 -9 -19 -9 -10 35 37 -1 -6 -19 -6 14 9 -3 4 -12 -9 4 3 3 -16 -21 -17 1 7 14 -1 -18 -9 9 1 -18 -22 1 -4 7 -5 8
12 8 -12 19 1 4 7 -6 18 1 -16 -43 -4 -6 -12 -13 10 21 18 -12 -14 -5 2 11 -13 -4 -3 -1 -4 -5 4 25 30 -2 -17 -13 -17 0 16 -10 3 -16 -11 -13 -16 -19 14 7 -5 14 -27 6 6 -3 8 9 16 3 2 2 3 -7 8 14
2 -1 -24 33 -11 8 -1 -22 10 5 -15 -26 -7 0 -5 -13 12 19 17 -24 -28 -5 -1 8 -18 -4 -8 3 -3 7 10 12 10 -20 -2 -5 -12 4 -2 -20 16 -5 -22 0 3 -24 4 15 -22 26 -30 5 -13 -3 23 9 -1 7 -2 11 1 1 5 18
-11 -9 9 13 -11 9 8 21 10 -13 -12 8 -7 12 -4 -20 0 2 6 -4 9 4 4 18 2 0 -10 -3 -1 15 -10 22 14 -5 -2 11 -2 10 2 -19 -5 5 -12 -11 5 -22 9 -1 -12 9 -23 -4 -3 -2 3 24 -5 7 -2 16 -10 -19 18 4
-5 -1 -1 16 1 8 -17 21 1 -29 -11 1 -6 -22 -4 -14 7 18 -9 19 -12 -4 -16 -9 14 11 -14 -6 -5 3 11 7 -2 11 -16 2 1 25 -4 13 -19 12 0 7 -6 21 10 -3 7 12 -16 -17 -2 -5 -1 18 -4 -20 -13 18 7 24 14 -3
-9 5 21 -3 -2 -11 -19 11 0 -10 -14 10 -8 -1 -7 8 -13 11 18 17 2 -10 -16 1 1 2 -18 11 -5 12 -3 15 11 -2 7 -1 -25 -30 -15 6 12 5 8 -2 3 -13 -1 -7 -18 -6 -9 -9 -25 -5 10 25 -8 4 8 7 -3 11 4 -3
0 5 19 8 -17 -6 1 2 26 -11 -11 -2 -15 1 16 -10 -4 -6 8 24 12 -15 -13 3 5 10 -5 14 -2 19 0 9 21 0 -5 -13 -18 -2 -23 2 7 0 9 16 -5 -31 -16 -31 -5 -8 -26 0 -2 2 15 28 6 14 -14 -5 18 4 19 -3
-12 4 23 -13 -7 -13 -17 4 6 10 -26 3 -16 -12 8 -9 -12 12 19 24 13 -11 -14 7 10 6 -2 20 -10 14 -17 27 16 -1 8 4 10 -15 -1 8 4 -4 10 0 -10 -19 -5 -16 -11 8 -11 8 -17 -11 17 25 -21 15 4 -2 5 8 9 -8
-13 0 8 -4 2 -18 -4 3 -9 -2 -23 -5 -15 -22 -24 -11 -20 1 6 33 -7 -1 -11 -1 12 -8 -22 7 -11 17 5 12 10 -1 -8 -4 -8 1 -10 -3 11 10 8 12 16 11 -1 -8 -6 -1 1 -7 8 -13 -1 38 0 -1 -12 -4 7 -4 0 -10
-1 13 10 -13 8 -4 -11 3 4 6 -20 -21 -4 -18 -16 -36 -4 -14 -7 4 -5 0 -15 -7 19 -5 -12 -7 -18 16 -18 36 33 4 -12 -22 -3 -23 -14 6 -20 -1 19 18 -7 3 15 -23 -1 -9 4 4 -10 5 15 24 2 7 1 -11 4 10 9 7
4 12 0 -3 1 3 4 11 0 -7 5 -23 8 -2 5 -6 2 -5 9 -12 12 -11 9 -2 1 0 -5 16 10 10 10 4 64 -9 -11 7 -26 14 2 5 12 -6 -1 -1 8 -6 -1 -10 -18 -3 0 -2 6 5 1 -4 -3 25 -18 3 -5 -12 -5 6
2 7 5 0 5 -1 4 5 8 6 3 0 7 -3 -3 -2 -7 -3 5 -1 6 6 4 -2 9 4 -5 2 14 -6 -5 1 -28 7 -3 12 -2 0 1 -4 -3 -1 4 -5 -2 10 -3 -4 8 -1 9 -2 10 0 -11 -6 0 -3 -2 6 2 7 9 4
-3 2 -7 11 13 6 3 3 1 -4 2 7 -15 12 -2 15 3 -9 -3 7 5 -11 6 9 5 -13 -13 10 33 -15 -11 7 39 -7 -10 -10 -1 -1 1 22 -5 1 1 9 -3 -8 0 -2 -7 0 4 1 9 14 10 2 9 -13 -18 2 17 5 -2 -3
-3 2 -7 11 13 6 3 3 1 -4 2 7 -15 12 -2 15 3 -9 -3 7 5 -11 6 9 5 -13 -13 10 33 -15 -11 7 39 -7 -10 -10 -1 -1 1 22 -5 1 1 9 -3 -8 0 -2 -7 0 4 1 9 14 10 2 9 -13 -18 2 17 5 -2 -3
-3 2 -7 11 13 6 3 3 1 -4 2 7 -15 12 -2 15 3 -9 -3 7 5 -11 6 9 5 -13 -13 10 33 -15 -11 7 39 -7 -10 -10 -1 -1 1 22 -5 1 1 9 -3 -8 0 -2 -7 0 4 1 9 14 10 2 9 -13 -18 2 17 5 -2 -3
-3 2 -7 11 13 6 3 3 1 -4 2 7 -15 12 -2 15 3 -9 -3 7 5 -11 6 9 5 -13 -13 10 33 -15 -11 7 39 -7 -10 -10 -1 -1 1 22 -5 1 1 9 -3 -8 0 -2 -7 0 4 1 9 14 10 2 9 -13 -18 2 17 5 -2 -3
-3 2 -7 11 13 6 3 3 1 -4 2 7 -15 12 -2 15 3 -9 -3 7 5 -11 6 9 5 -13 -13 10 33 -15 -11 7 39 -7 -10 -10 -1 -1 1 22 -5 1 1 9 -3 -8 0 -2 -7 0 4 1 9 14 10 2 9 -13 -18 2 17 5 -2 -3
-3 2 -7 11 13 6 3 3 1 -4 2 7 -15 12 -2 15 3 -9 -3 7 5 -11 6 9 5 -13 -13 10 33 -15 -11 7 39 -7 -10 -10 -1 -1 1 22 -5 1 1 9 -3 -8 0 -2 -7 0 4 1 9 14 10 2 9 -13 -18 2 17 5 -2 -3
-3 2 -7 11 13 6 3 3 1 -4 2 7 -15 12 -2 15 3 -9 -3 7 5 -11 6 9 5 -13 -13 10 33 -15 -11 7 39 -7 -10 -10 -1 -1 1 22 -5 1 1 9 -3 -8 0 -2 -7 0 4 1 9 14 10 2 9 -13 -18 2 17 5 -2 -3
-3 2 -7 11 13 6 3 3 1 -4 2 7 -15 12 -2 15 3 -9 -3 7 5 -11 6 9 5 -13 -13 10 33 -15 -11 7 39 -7 -10 -10 -1 -1 1 22 -5 1 1 9 -3 -8 0 -2 -7 0 4 1 9 14 10 2 9 -13 -18 2 17 5 -2 -3
-3 2 -7 11 13 6 3 3 1 -4 2 7 -15 12 -2 15 3 -9 -3 7 5 -11 6 9 5 -13 -13 10 33 -15 -11 7 39 -7 -10 -10 -1 -1 1 22 -5 1 1 9 -3 -8 0 -2 -7 0 4 1 9 14 10 2 9 -13 -18 2 17 5 -2 -3
-3 2 -7 11 13 6 3 3 1 -4 2 7 -15 12 -2 15 3 -9 -3 7 5 -11 6 9 5 -13 -13 10 33 -15 -11 7 39 -7 -10 -10 -1 -1 1 22 -5 1 1 9 -3 -8 0 -2 -7 0 4 1 9 14 10 2 9 -13 -18 2 17 5 -2 -3
-3 2 -7 11 13 6 3 3 1 -4 2 7 -15 12 -2 15 3 -9 -3 7 5 -11 6 9 5 -13 -13 10 33 -15 -11 7 39 -7 -10 -10 -1 -1 1 22 -5 1 1 9 -3 -8 0 -2 -7 0 4 1 9 14 10 2 9 -13 -18 2 17 5 -2 -3
-3 2 -7 11 13 6 3 3 1 -4 2 7 -15 12 -2 15 3 -9 -3 7 5 -11 6 9 5 -13 -13 10 33 -15 -11 7 39 -7 -10 -10 -1 -1 1 22 -5 1 1 9 -3 -8 0 -2 -7 0 4 1 9 14 10 2 9 -13 -18 2 17 5 -2 -3
-3 2 -7 11 13 6 3 3 1 -4 2 7 -15 12 -2 15 3 -9 -3 7 5 -11 6 9 5 -13 -13 10 33 -15 -11 7 39 -7 -10 -10 -1 -1 1 22 -5 1 1 9 -3 -8 0 -2 -7 0 4 1 9 14 10 2 9 -13 -18 2 17 5 -2 -3
-3 2 -7 11 13 6 3 3 1 -4 2 7 -15 12 -2 15 3 -9 -3 7 5 -11 6 9 5 -13 -13 10 33 -15 -11 7 39 -7 -10 -10 -1 -1 1 22 -5 1 1 9 -3 -8 0 -2 -7 0 4 1 9 14 10 2 9 -13 -18 2 17 5 -2 -3
-3 2 -7 11 13 6 3 3 1 -4 2 7 -15 12 -2 15 3 -9 -3 7 5 -11 6 9 5 -13 -13 10 33 -15 -11 7 39 -7 -10 -10 -1 -1 1 22 -5 1 1 9 -3 -8 0 -2 -7 0 4 1 9 14 10 2 9 -13 -18 2 17 5 -2 -3
-3 2 -7 11 13 6 3 3 1 -4 2 7 -15 12 -2 15 3 -9 -3 7 5 -11 6 9 5 -13 -13 10 33 -15 -11 7 39 -7 -10 -10 -1 -1 1 22 -5 1 1 9 -3 -8 0 -2 -7 0 4 1 9 14 10 2 9 -13 -18 2 17 5 -2 -3
-3 2 -7 11 13 6 3 3 1 -4 2 7 -15 12 -2 15 3 -9 -3 7 5 -11 6 9 5 -13 -13 10 33 -15 -11 7 39 -7 -10 -10 -1 -1 1 22 -5 1 1 9 -3 -8 0 -2 -7 0 4 1 9 14 10 2 9 -13 -18 2 17 5 -2 -3
-3 2 -7 11 13 6 3 3 1 -4 2 7 -15 12 -2 15 3 -9 -3 7 5 -11 6 9 5 -13 -13 10 33 -15 -11 7 39 -7 -10 -10 -1 -1 1 22 -5 1 1 9 -3 -8 0 -2 -7 0 4 1 9 14 10 2 9 -13 -18 2 17 5 -2 -3
-3 2 -7 11 13 6 3 3 1 -4 2 7 -15 12 -2 15 3 -9 -3 7 5 -11 6 9 5 -13 -13 10 33 -15 -11 7 39 -7 -10 -10 -1 -1 1 22 -5 1 1 9 -3 -8 0 -2 -7 0 4 1 9 14 10 2 9 -13 -18 2 17 5 -2 -3
-3 2 -7 11 13 6 3 3 1 -4 2 7 -15 12 -2 15 3 -9 -3 7 5 -11 6 9 5 -13 -13 10 33 -15 -11 7 39 -7 -10 -10 -1 -1 1 22 -5 1 1 9 -3 -8 0 -2 -7 0 4 1 9 14 10 2 9 -13 -18 2 17 5 -2 -3
-3 2 -7 11 13 6 3 3 1 -4 2 7 -15 12 -2 15 3 -9 -3 7 5 -11 6 9 5 -13 -13 10 33 -15 -11 7 39 -7 -10 -10 -1 -1 1 22 -5 1 1 9 -3 -8 0 -2 -7 0 4 1 9 14 10 2 9 -13 -18 2 17 5 -2 -3
-3 2 -7 11 13 6 3 3 1 -4 2 7 -15 12 -2 15 3 -9 -3 7 5 -11 6 9 5 -13 -13 10 33 -15 -11 7 39 -7 -10 -10 -1 -1 1 22 -5 1 1 9 -3 -8 0 -2 -7 0 4 1 9 14 10 2 9 -13 -18 2 17 5 -2 -3
-3 2 -7 11 13 6 3 3 1 -4 2 7 -15 12 -2 15 3 -9 -3 7 5 -11 6 9 5 -13 -13 10 33 -15 -11 7 39 -7 -10 -10 -1 -1 1 22 -5 1 1 9 -3 -8 0 -2 -7 0 4 1 9 14 10 2 9 -13 -18 2 17 5 -2 -3
-3 2 -7 11 13 6 3 3 1 -4 2 7 -15 12 -2 15 3 -9 -3 7 5 -11 6 9 5 -13 -13 10 33 -15 -11 7 39 -7 -10 -10 -1 -1 1 22 -5 1 1 9 -3 -8 0 -2 -7 0 4 1 9 14 10 2 9 -13 -18 2 17 5 -2 -3
-3 2 -7 11 13 6 3 3 1 -4 2 7 -15 12 -2 15 3 -9 -3 7 5 -11 6 9 5 -13 -13 10 33 -15 -11 7 39 -7 -10 -10 -1 -1 1 22 -5 1 1 9 -3 -8 0 -2 -7 0 4 1 9 14 10 2 9 -13 -18 2 17 5 -2 -3
-3 2 -7 11 13 6 3 3 1 -4 2 7 -15 12 -2 15 3 -9 -3 7 5 -11 6 9 5 -13 -13 10 33 -15 -11 7 39 -7 -10 -10 -1 -1 1 22 -5 1 1 9 -3 -8 0 -2 -7 0 4 1 9 14 10 2 9 -13 -18 2 17 5 -2 -3
-3 2 -7 11 13 6 3 3 1 -4 2 7 -15 12 -2 15 3 -9 -3 7 5 -11 6 9 5 -13 -13 10 33 -15 -11 7 39 -7 -10 -10 -1 -1 1 22 -5 1 1 9 -3 -8 0 -2 -7 0 4 1 9 14 10 2 9 -13 -18 2 17 5 -2 -3
-3 2 -7 11 13 6 3 3 1 -4 2 7 -15 12 -2 15 3 -9 -3 7 5 -11 6 9 5 -13 -13 10 33 -15 -11 7 39 -7 -10 -10 -1 -1 1 22 -5 1 1 9 -3 -8 0 -2 -7 0 4 1 9 14 10 2 9 -13 -18 2 17 5 -2 -3
-3 2 -7 11 13 6 3 3 1 -4 2 7 -15 12 -2 15 3 -9 -3 7 5 -11 6 9 5 -13 -13 10 33 -15 -11 7 39 -7 -10 -10 -1 -1 1 22 -5 1 1 9 -3 -8 0 -2 -7 0 4 1 9 14 10 2 9 -13 -18 2 17 5 -2 -3
-3 2 -7 11 13 6 3 3 1 -4 2 7 -15 12 -2 15 3 -9 -3 7 5 -11 6 9 5 -13 -13 10 33 -15 -11 7 39 -7 -10 -10 -1 -1 1 22 -5 1 1 9 -3 -8 0 -2 -7 0 4 1 9 14 10 2 9 -13 -18 2 17 5 -2 -3
-3 2 -7 11 13 6 3 3 1 -4 2 7 -15 12 -2 15 3 -9 -3 7 5 -11 6 9 5 -13 -13 10 33 -15 -11 7 39 -7 -10 -10 -1 -1 1 22 -5 1 1 9 -3 -8 0 -2 -7 0 4 1 9 14 10 2 9 -13 -18 2 17 5 -2 -3
-3 2 -7 11 13 6 3 3 1 -4 2 7 -15 12 -2 15 3 -9 -3 7 5 -11 6 9 5 -13 -13 10 33 -15 -11 7 39 -7 -10 -10 -1 -1 1 22 -5 1 1 9 -3 -8 0 -2 -7 0 4 1 9 14 10 2 9 -13 -18 2 17 5 -2 -3
-3 2 -7 11 13 6 3 3 1 -4 2 7 -15 12 -2 15 3 -9 -3 7 5 -11 6 9 5 -13 -13 10 33 -15 -11 7 39 -7 -10 -10 -1 -1 1 22 -5 1 1 9 -3 -8 0 -2 -7 0 4 1 9 14 10 2 9 -13 -18 2 17 5 -2 -3
-3 2 -7 11 13 6 3 3 1 -4 2 7 -15 12 -2 15 3 -9 -3 7 5 -11 6 9 5 -13 -13 10 33 -15 -11 7 39 -7 -10 -10 -1 -1 1 22 -5 1 1 9 -3 -8 0 -2 -7 0 4 1 9 14 10 2 9 -13 -18 2 17 5 -2 -3
-3 2 -7 11 13 6 3 3 1 -4 2 7 -15 12 -2 15 3 -9 -3 7 5 -11 6 9 5 -13 -13 10 33 -15 -11 7 39 -7 -10 -10 -1 -1 1 22 -5 1 1 9 -3 -8 0 -2 -7 0 4 1 9 14 10 2 9 -13 -18 2 17 5 -2 -3
-3 2 -7 11 13 6 3 3 1 -4 2 7 -15 12 -2 15 3 -9 -3 7 5 -11 6 9 5 -13 -13 10 33 -15 -11 7 39 -7 -10 -10 -1 -1 1 22 -5 1 1 9 -3 -8 0 -2 -7 0 4 1 9 14 10 2 9 -13 -18 2 17 5 -2 -3
-3 2 -7 11 13 6 3 3 1 -4 2 7 -15 12 -2 15 3 -9 -3 7 5 -11 6 9 5 -13 -13 10 33 -15 -11 7 39 -7 -10 -10 -1 -1 1 22 -5 1 1 9 -3 -8 0 -2 -7 0 4 1 9 14 10 2 9 -13 -18 2 17 5 -2 -3
-3 2 -7 11 13 6 3 3 1 -4 2 7 -15 12 -2 15 3 -9 -3 7 5 -11 6 9 5 -13 -13 10 33 -15 -11 7 39 -7 -10 -10 -1 -1 1 22 -5 1 1 9 -3 -8 0 -2 -7 0 4 1 9 14 10 2 9 -13 -18 2 17 5 -2 -3
-3 2 -7 11 13 6 3 3 1 -4 2 7 -15 12 -2 15 3 -9 -3 7 5 -11 6 9 5 -13 -13 10 33 -15 -11 7 39 -7 -10 -10 -1 -1 1 22 -5 1 1 9 -3 -8 0 -2 -7 0 4 1 9 14 10 2 9 -13 -18 2 17 5 -2 -3
-3 2 -7 11 13 6 3 3 1 -4 2 7 -15 12 -2 15 3 -9 -3 7 5 -11 6 9 5 -13 -13 10 33 -15 -11 7 39 -7 -10 -10 -1 -1 1 22 -5 1 1 9 -3 -8 0 -2 -7 0 4 1 9 14 10 2 9 -13 -18 2 17 5 -2 -3
-3 2 -7 11 13 6 3 3 1 -4 2 7 -15 12 -2 15 3 -9 -3 7 5 -11 6 9 5 -13 -13 10 33 -15 -11 7 39 -7 -10 -10 -1 -1 1 22 -5 1 1 9 -3 -8 0 -2 -7 0 4 1 9 14 10 2 9 -13 -18 2 17 5 -2 -3
-3 2 -7 11 13 6 3 3 1 -4 2 7 -15 12 -2 15 3 -9 -3 7 5 -11 6 9 5 -13 -13 10 33 -15 -11 7 39 -7 -10 -10 -1 -1 1 22 -5 1 1 9 -3 -8 0 -2 -7 0 4 1 9 14 10 2 9 -13 -18 2 17 5 -2 -3
-3 2 -7 11 13 6 3 3 1 -4 2 7 -15 12 -2 15 3 -9 -3 7 5 -11 6 9 5 -13 -13 10 33 -15 -11 7 39 -7 -10 -10 -1 -1 1 22 -5 1 1 9 -3 -8 0 -2 -7 0 4 1 9 14 10 2 9 -13 -18 2 17 5 -2 -3
-3 2 -7 11 13 6 3 3 1 -4 2 7 -15 12 -2 15 3 -9 -3 7 5 -11 6 9 5 -13 -13 10 33 -15 -11 7 39 -7 -10 -10 -1 -1 1 22 -5 1 1 9 -3 -8 0 -2 -7 0 4 1 9 14 10 2 9 -13 -18 2 17 5 -2 -3
-3 2 -7 11 13 6 3 3 1 -4 2 7 -15 12 -2 15 3 -9 -3 7 5 -11 6 9 5 -13 -13 10 33 -15 -11 7 39 -7 -10 -10 -1 -1 1 22 -5 1 1 9 -3 -8 0 -2 -7 0 4 1 9 14 10 2 9 -13 -18 2 17 5 -2 -3
-3 2 -7 11 13 6 3 3 1 -4 2 7 -15 12 -2 15 3 -9 -3 7 5 -11 6 9 5 -13 -13 10 33 -15 -11 7 39 -7 -10 -10 -1 -1 1 22 -5 1 1 9 -3 -8 0 -2 -7 0 4 1 9 14 10 2 9 -13 -18 2 17 5 -2 -3
-3 2 -7 11 13 6 3 3 1 -4 2 7 -15 12 -2 15 3 -9 -3 7 5 -11 6 9 5 -13 -13 10 33 -15 -11 7 39 -7 -10 -10 -1 -1 1 22 -5 1 1 9 -3 -8 0 -2 -7 0 4 1 9 14 10 2 9 -13 -18 2 17 5 -2 -3
-3 2 -7 11 13 6 3 3 1 -4 2 7 -15 12 -2 15 3 -9 -3 7 5 -11 6 9 5 -13 -13 10 33 -15 -11 7 39 -7 -10 -10 -1 -1 1 22 -5 1 1 9 -3 -8 0 -2 -7 0 4 1 9 14 10 2 9 -13 -18 2 17 5 -2 -3
-3 2 -7 11 13 6 3 3 1 -4 2 7 -15 12 -2 15 3 -9 -3 7 5 -11 6 9 5 -13 -13 10 33 -15 -11 7 39 -7 -10 -10 -1 -1 1 22 -5 1 1 9 -3 -8 0 -2 -7 0 4 1 9 14 10 2 9 -13 -18 2 17 5 -2 -3
-3 2 -7 11 13 6 3 3 1 -4 2 7 -15 12 -2 15 3 -9 -3 7 5 -11 6 9 5 -13 -13 10 33 -15 -11 7 39 -7 -10 -10 -1 -1 1 22 -5 1 1 9 -3 -8 0 -2 -7 0 4 1 9 14 10 2 9 -13 -18 2 17 5 -2 -3
-3 2 -7 11 13 6 3 3 1 -4 2 7 -15 12 -2 15 3 -9 -3 7 5 -11 6 9 5 -13 -13 10 33 -15 -11 7 39 -7 -10 -10 -1 -1 1 22 -5 1 1 9 -3 -8 0 -2 -7 0 4 1 9 14 10 2 9 -13 -18 2 17 5 -2 -3
-3 2 -7 11 13 6 3 3 1 -4 2 7 -15 12 -2 15 3 -9 -3 7 5 -11 6 9 5 -13 -13 10 33 -15 -11 7 39 -7 -10 -10 -1 -1 1 22 -5 1 1 9 -3 -8 0 -2 -7 0 4 1 9 14 10 2 9 -13 -18 2 17 5 -2 -3
-3 2 -7 11 13 6 3 3 1 -4 2 7 -15 12 -2 15 3 -9 -3 7 5 -11 6 9 5 -13 -13 10 33 -15 -11 7 39 -7 -10 -10 -1 -1 1 22 -5 1 1 9 -3 -8 0 -2 -7 0 4 1 9 14 10 2 9 -13 -18 2 17 5 -2 -3
-3 2 -7 11 13 6 3 3 1 -4 2 7 -15 12 -2 15 3 -9 -3 7 5 -11 6 9 5 -13 -13 10 33 -15 -11 7 39 -7 -10 -10 -1 -1 1 22 -5 1 1 9 -3 -8 0 -2 -7 0 4 1 9 14 10 2 9 -13 -18 2 17 5 -2 -3
-3 2 -7 11 13 6 3 3 1 -4 2 7 -15 12 -2 15 3 -9 -3 7 5 -11 6 9 5 -13 -13 10 33 -15 -11 7 39 -7 -10 -10 -1 -1 1 22 -5 1 1 9 -3 -8 0 -2 -7 0 4 1 9 14 10 2 9 -13 -18 2 17 5 -2 -3
-3 2 -7 11 13 6 3 3 1 -4 2 7 -15 12 -2 15 3 -9 -3 7 5 -11 6 9 5 -13 -13 10 33 -15 -11 7 39 -7 -10 -10 -1 -1 1 22 -5 1 1 9 -3 -8 0 -2 -7 0 4 1 9 14 10 2 9 -13 -18 2 17 5 -2 -3
-3 2 -7 11 13 6 3 3 1 -4 2 7 -15 12 -2 15 3 -9 -3 7 5 -11 6 9 5 -13 -13 10 33 -15 -11 7 39 -7 -10 -10 -1 -1 1 22 -5 1 1 9 -3 -8 0 -2 -7 0 4 1 9 14 10 2 9 -13 -18 2 17 5 -2 -3
-3 2 -7 11 13 6 3 3 1 -4 2 7 -15 12 -2 15 3 -9 -3 7 5 -11 6 9 5 -13 -13 10 33 -15 -11 7 39 -7 -10 -10 -1 -1 1 22 -5 1 1 9 -3 -8 0 -2 -7 0 4 1 9 14 10 2 9 -13 -18 2 17 5 -2 -3
-3 2 -7 11 13 6 3 3 1 -4 2 7 -15 12 -2 15 3 -9 -3 7 5 -11 6 9 5 -13 -13 10 33 -15 -11 7 39 -7 -10 -10 -1 -1 1 22 -5 1 1 9 -3 -8 0 -2 -7 0 4 1 9 14 10 2 9 -13 -18 2 17 5 -2 -3
-3 2 -7 11 13 6 3 3 1 -4 2 7 -15 12 -2 15 3 -9 -3 7 5 -11 6 9 5 -13 -13 10 33 -15 -11 7 39 -7 -10 -10 -1 -1 1 22 -5 1 1 9 -3 -8 0 -2 -7 0 4 1 9 14 10 2 9 -13 -18 2 17 5 -2 -3
-3 2 -7 11 13 6 3 3 1 -4 2 7 -15 12 -2 15 3 -9 -3 7 5 -11 6 9 5 -13 -13 10 33 -15 -11 7 39 -7 -10 -10 -1 -1 1 22 -5 1 1 9 -3 -8 0 -2 -7 0 4 1 9 14 10 2 9 -13 -18 2 17 5 -2 -3
-3 2 -7 11 13 6 3 3 1 -4 2 7 -15 12 -2 15 3 -9 -3 7 5 -11 6 9 5 -13 -13 10 33 -15 -11 7 39 -7 -10 -10 -1 -1 1 22 -5 1 1 9 -3 -8 0 -2 -7 0 4 1 9 14 10 2 9 -13 -18 2 17 5 -2 -3
-3 2 -7 11 13 6 3 3 1 -4 2 7 -15 12 -2 15 3 -9 -3 7 5 -11 6 9 5 -13 -13 10 33 -15 -11 7 39 -7 -10 -10 -1 -1 1 22 -5 1 1 9 -3 -8 0 -2 -7 0 4 1 9 14 10 2 9 -13 -18 2 17 5 -2 -3
-3 2 -7 11 13 6 3 3 1 -4 2 7 -15 12 -2 15 3 -9 -3 7 5 -11 6 9 5 -13 -13 10 33 -15 -11 7 39 -7 -10 -10 -1 -1 1 22 -5 1 1 9 -3 -8 0 -2 -7 0 4 1 9 14 10 2 9 -13 -18 2 17 5 -2 -3
-3 2 -7 11 13 6 3 3 1 -4 2 7 -15 12 -2 15 3 -9 -3 7 5 -11 6 9 5 -13 -13 10 33 -15 -11 7 39 -7 -10 -10 -1 -1 1 22 -5 1 1 9 -3 -8 0 -2 -7 0 4 1 9 14 10 2 9 -13 -18 2 17 5 -2 -3
-3 2 -7 11 13 6 3 3 1 -4 2 7 -15 12 -2 15 3 -9 -3 7 5 -11 6 9 5 -13 -13 10 33 -15 -11 7 39 -7 -10 -10 -1 -1 1 22 -5 1 1 9 -3 -8 0 -2 -7 0 4 1 9 14 10 2 9 -13 -18 2 17 5 -2 -3
-3 2 -7 11 13 6 3 3 1 -4 2 7 -15 12 -2 15 3 -9 -3 7 5 -11 6 9 5 -13 -13 10 33 -15 -11 7 39 -7 -10 -10 -1 -1 1 22 -5 1 1 9 -3 -8 0 -2 -7 0 4 1 9 14 10 2 9 -13 -18 2 17 5 -2 -3
-3 2 -7 11 13 6 3 3 1 -4 2 7 -15 12 -2 15 3 -9 -3 7 5 -11 6 9 5 -13 -13 10 33 -15 -11 7 39 -7 -10 -10 -1 -1 1 22 -5 1 1 9 -3 -8 0 -2 -7 0 4 1 9 14 10 2 9 -13 -18 2 17 5 -2 -3
-3 2 -7 11 13 6 3 3 1 -4 2 7 -15 12 -2 15 3 -9 -3 7 5 -11 6 9 5 -13 -13 10 33 -15 -11 7 39 -7 -10 -10 -1 -1 1 22 -5 1 1 9 -3 -8 0 -2 -7 0 4 1 9 14 10 2 9 -13 -18 2 17 5 -2 -3
-3 2 -7 11 13 6 3 3 1 -4 2 7 -15 12 -2 15 3 -9 -3 7 5 -11 6 9 5 -13 -13 10 33 -15 -11 7 39 -7 -10 -10 -1 -1 1 22 -5 1 1 9 -3 -8 0 -2 -7 0 4 1 9 14 10 2 9 -13 -18 2 17 5 -2 -3
-3 2 -7 11 13 6 3 3 1 -4 2 7 -15 12 -2 15 3 -9 -3 7 5 -11 6 9 5 -13 -13 10 33 -15 -11 7 39 -7 -10 -10 -1 -1 1 22 -5 1 1 9 -3 -8 0 -2 -7 0 4 1 9 14 10 2 9 -13 -18 2 17 5 -2 -3
-3 2 -7 11 13 6 3 3 1 -4 2 7 -15 12 -2 15 3 -9 -3 7 5 -11 6 9 5 -13 -13 10 33 -15 -11 7 39 -7 -10 -10 -1 -1 1 22 -5 1 1 9 -3 -8 0 -2 -7 0 4 1 9 14 10 2 9 -13 -18 2 17 5 -2 -3
-3 2 -7 11 13 6 3 3 1 -4 2 7 -15 12 -2 15 3 -9 -3 7 5 -11 6 9 5 -13 -13 10 33 -15 -11 7 39 -7 -10 -10 -1 -1 1 22 -5 1 1 9 -3 -8 0 -2 -7 0 4 1 9 14 10 2 9 -13 -18 2 17 5 -2 -3
-3 2 -7 11 13 6 3 3 1 -4 2 7 -15 12 -2 15 3 -9 -3 7 5 -11 6 9 5 -13 -13 10 33 -15 -11 7 39 -7 -10 -10 -1 -1 1 22 -5 1 1 9 -3 -8 0 -2 -7 0 4 1 9 14 10 2 9 -13 -18 2 17 5 -2 -3
-3 2 -7 11 13 6 3 3 1 -4 2 7 -15 12 -2 15 3 -9 -3 7 5 -11 6 9 5 -13 -13 10 33 -15 -11 7 39 -7 -10 -10 -1 -1 1 22 -5 1 1 9 -3 -8 0 -2 -7 0 4 1 9 14 10 2 9 -13 -18 2 17 5 -2 -3
-3 2 -7 11 13 6 3 3 1 -4 2 7 -15 12 -2 15 3 -9 -3 7 5 -11 6 9 5 -13 -13 10 33 -15 -11 7 39 -7 -10 -10 -1 -1 1 22 -5 1 1 9 -3 -8 0 -2 -7 0 4 1 9 14 10 2 9 -13 -18 2 17 5 -2 -3
-3 2 -7 11 13 6 3 3 1 -4 2 7 -15 12 -2 15 3 -9 -3 7 5 -11 6 9 5 -13 -13 10 33 -15 -11 7 39 -7 -10 -10 -1 -1 1 22 -5 1 1 9 -3 -8 0 -2 -7 0 4 1 9 14 10 2 9 -13 -18 2 17 5 -2 -3
-3 2 -7 11 13 6 3 3 1 -4 2 7 -15 12 -2 15 3 -9 -3 7 5 -11 6 9 5 -13 -13 10 33 -15 -11 7 39 -7 -10 -10 -1 -1 1 22 -5 1 1 9 -3 -8 0 -2 -7 0 4 1 9 14 10 2 9 -13 -18 2 17 5 -2 -3
-3 2 -7 11 13 6 3 3 1 -4 2 7 -15 12 -2 15 3 -9 -3 7 5 -11 6 9 5 -13 -13 10 33 -15 -11 7 39 -7 -10 -10 -1 -1 1 22 -5 1 1 9 -3 -8 0 -2 -7 0 4 1 9 14 10 2 9 -13 -18 2 17 5 -2 -3
-3 2 -7 11 13 6 3 3 1 -4 2 7 -15 12 -2 15 3 -9 -3 7 5 -11 6 9 5 -13 -13 10 33 -15 -11 7 39 -7 -10 -10 -1 -1 1 22 -5 1 1 9 -3 -8 0 -2 -7 0 4 1 9 14 10 2 9 -13 -18 2 17 5 -2 -3
-3 2 -7 11 13 6 3 3 1 -4 2 7 -15 12 -2 15 3 -9 -3 7 5 -11 6 9 5 -13 -13 10 33 -15 -11 7 39 -7 -10 -10 -1 -1 1 22 -5 1 1 9 -3 -8 0 -2 -7 0 4 1 9 14 10 2 9 -13 -18 2 17 5 -2 -3
-3 2 -7 11 13 6 3 3 1 -4 2 7 -15 12 -2 15 3 -9 -3 7 5 -11 6 9 5 -13 -13 10 33 -15 -11 7 39 -7 -10 -10 -1 -1 1 22 -5 1 1 9 -3 -8 0 -2 -7 0 4 1 9 14 10 2 9 -13 -18 2 17 5 -2 -3
-3 2 -7 11 13 6 3 3 1 -4 2 7 -15 12 -2 15 3 -9 -3 7 5 -11 6 9 5 -13 -13 10 33 -15 -11 7 39 -7 -10 -10 -1 -1 1 22 -5 1 1 9 -3 -8 0 -2 -7 0 4 1 9 14 10 2 9 -13 -18 2 17 5 -2 -3
-3 2 -7 11 13 6 3 3 1 -4 2 7 -15 12 -2 15 3 -9 -3 7 5 -11 6 9 5 -13 -13 10 33 -15 -11 7 39 -7 -10 -10 -1 -1 1 22 -5 1 1 9 -3 -8 0 -2 -7 0 4 1 9 14 10 2 9 -13 -18 2 17 5 -2 -3
-3 2 -7 11 13 6 3 3 1 -4 2 7 -15 12 -2 15 3 -9 -3 7 5 -11 6 9 5 -13 -13 10 33 -15 -11 7 39 -7 -10 -10 -1 -1 1 22 -5 1 1 9 -3 -8 0 -2 -7 0 4 1 9 14 10 2 9 -13 -18 2 17 5 -2 -3
-3 2 -7 11 13 6 3 3 1 -4 2 7 -15 12 -2 15 3 -9 -3 7 5 -11 6 9 5 -13 -13 10 33 -15 -11 7 39 -7 -10 -10 -1 -1 1 22 -5 1 1 9 -3 -8 0 -2 -7 0 4 1 9 14 10 2 9 -13 -18 2 17 5 -2 -3
-3 2 -7 11 13 6 3 3 1 -4 2 7 -15 12 -2 15 3 -9 -3 7 5 -11 6 9 5 -13 -13 10 33 -15 -11 7 39 -7 -10 -10 -1 -1 1 22 -5 1 1 9 -3 -8 0 -2 -7 0 4 1 9 14 10 2 9 -13 -18 2 17 5 -2 -3
