-1 -11 4 2 -3 -8 -17 1 8 7 49 -22 -4 -20 -10 -14 7 7 -3 2 -12 2 0 2 -5 6 5 5 -2 -3 0 2 -9 -2 3 -5 -10 -5 8 -6 2 -1 2 -13 8 0 14 1 18 -10 12 -51 -7 -12 6 7 -2 -9 -4 -6 6 2 6 -2
-11 -14 8 5 15 0 -23 2 9 19 -18 -42 -28 8 6 -7 14 31 -2 -27 -28 12 -8 4 -36 8 11 5 -8 -5 -15 -9 1 2 26 -6 -17 -14 18 10 26 -25 9 5 -3 6 -9 -10 -7 -5 21 14 -2 -12 -4 -11 1 -19 -6 -3 -9 -57 -16 -14
-20 -16 7 1 6 10 -8 -7 13 9 -5 -42 -16 9 17 -4 7 41 -7 -7 -39 5 17 13 -44 5 6 11 -4 7 -6 15 13 -3 17 -7 -28 -11 22 23 9 -6 6 6 5 -8 11 10 -4 -13 19 13 2 -15 -9 -2 -12 -18 -3 -14 2 -20 -6 -14
-20 -15 8 -8 -3 15 -14 -16 22 8 -17 -28 -1 6 10 -23 20 18 -16 2 -32 13 19 19 -35 3 7 7 7 2 1 10 -5 -7 10 -21 -26 -19 24 18 -9 1 6 7 1 4 15 22 -22 -15 24 17 2 -18 5 3 -29 -28 5 -19 14 -9 -20 -10
-24 3 2 4 -10 14 -3 -11 15 13 -12 -22 0 0 12 -37 14 18 -3 3 -34 3 3 23 -22 11 -2 -5 4 7 4 1 1 -1 1 -1 -7 -12 22 1 -2 10 7 2 -4 10 11 21 -21 -9 20 11 6 -7 -2 -14 -35 -30 4 -4 1 -7 -11 -16
-22 2 3 7 -3 15 -8 -12 9 11 -20 -18 2 -11 21 -25 2 6 -4 2 -37 3 11 23 -25 -3 7 -12 -1 4 11 -7 -4 2 -5 -3 -8 -24 24 0 3 -3 14 6 -1 27 11 11 -28 -6 10 6 4 -11 5 -7 -31 -21 9 -7 3 -18 -18 -17
-19 -9 -2 1 -3 13 -4 -18 11 12 -14 -18 8 -7 25 -22 15 6 1 0 -30 12 12 9 -33 8 15 3 10 4 -6 -16 5 2 -9 -9 7 -15 43 17 -13 10 13 3 4 3 14 16 -28 -22 1 6 9 -16 19 -5 -21 -29 13 -7 8 -6 -11 -13
-22 -13 5 4 2 19 -11 -15 17 25 -16 -23 -8 -8 17 -17 18 9 -12 3 -27 27 13 7 -20 9 -9 -1 2 1 4 -14 -9 0 -9 -20 -10 -26 31 12 -13 0 27 8 1 23 19 18 -27 -18 17 -2 -4 -23 6 -1 -25 -32 10 -21 0 -4 -10 -8
-19 -11 -6 -1 8 2 -11 -10 18 -3 -4 -33 -13 8 10 -26 23 18 -10 6 -29 11 4 15 -30 7 7 3 2 0 1 6 5 6 3 -23 -12 -18 25 22 -12 3 3 3 -4 11 14 35 -23 -10 16 12 -3 -14 5 2 -27 -33 24 -12 10 -14 -8 -9
-20 -6 -6 9 7 24 -2 -4 9 6 -21 -44 -2 9 19 -5 16 16 2 -1 -35 15 -16 28 -40 2 -13 11 -17 -3 -8 18 11 -17 17 -13 -23 4 33 19 -8 -5 3 16 7 -21 7 38 -23 -11 -5 40 -3 -2 4 -14 1 -41 9 0 -3 -16 -10 -2
-19 -13 -1 -3 2 2 -20 -6 20 4 -17 -36 -12 13 8 -30 18 16 -15 2 -35 12 11 15 -35 1 6 1 -1 -7 -2 10 3 3 5 -17 -16 -22 32 20 -19 1 4 5 -2 8 13 37 -18 -7 22 11 2 -19 3 7 -16 -31 14 -13 9 -11 -8 -6
-12 -15 9 1 9 9 -17 2 14 6 -30 -31 6 6 21 -35 23 8 -6 5 -36 17 3 12 -42 -3 6 8 7 8 2 9 -1 7 7 -7 -20 -16 33 20 -9 -2 2 1 -6 16 14 31 -25 -19 19 4 -8 -16 2 4 -16 -34 16 -1 7 -6 -18 -16
-17 -11 -9 4 8 9 -13 -13 13 24 -21 -45 -6 19 5 -33 32 28 -6 -12 -38 11 0 14 -30 7 -11 18 8 6 -12 16 -11 11 17 -1 -8 -35 26 11 -4 -10 3 0 4 10 10 30 -17 -29 12 18 5 -12 5 -2 -14 -30 7 -12 1 -26 -10 -15
-19 -1 -10 16 2 8 -12 -12 17 36 -12 -30 -11 12 11 -38 23 24 -3 -6 -23 16 -4 8 -20 20 -17 17 7 3 -18 -7 -21 12 12 14 -22 -39 14 2 0 -13 22 -4 7 5 6 10 -10 -17 6 7 12 -1 10 -10 -13 -26 -3 -10 4 -32 8 -14
-24 -6 -16 -2 3 28 -7 -14 0 6 -37 -56 1 8 19 -22 21 6 -7 -8 -37 9 -6 17 -44 13 -9 20 0 10 1 16 2 0 19 -1 -15 -5 31 21 -3 -15 9 -2 -9 -10 16 35 -20 -10 2 27 4 -4 12 -5 -12 -38 7 7 -12 -10 -23 -7
-19 -7 -13 1 4 21 -18 -12 10 16 -22 -44 1 11 7 -32 27 21 -4 -13 -37 0 8 19 -38 1 -6 10 5 6 -3 22 -8 18 16 -1 -18 -22 27 18 -11 -20 3 -1 -6 17 11 33 -24 -17 14 23 -5 -13 12 0 -13 -29 7 -5 -4 -14 -26 -2
-19 -2 2 -1 3 12 -17 -8 16 14 -33 -20 -8 2 6 -42 30 11 -4 8 -14 2 3 18 -39 2 2 7 9 3 1 26 9 -3 -2 -16 -11 -7 32 15 -6 -4 -2 -3 -14 19 7 22 -37 -14 15 12 10 -6 11 7 -19 -28 20 15 -14 -1 -16 -9
-20 -5 1 6 6 13 -24 -10 8 8 -28 -29 4 -1 4 -32 31 7 -1 2 -27 6 -2 24 -46 -9 -18 11 10 8 10 31 7 9 6 -15 -12 -7 35 28 -13 5 3 -13 -15 12 21 32 -16 -18 5 26 8 -4 12 5 -18 -30 15 4 -6 4 -14 -15
-23 -11 0 -4 8 14 -8 -8 18 22 -30 -24 -9 0 9 -41 20 7 -3 3 -17 0 0 15 -48 -7 -10 15 1 2 -1 25 2 -5 -10 -15 -10 -7 36 14 -6 -14 0 2 -13 16 6 20 -22 -8 10 15 11 1 15 17 -14 -25 17 4 -8 1 -9 -9
-12 -7 -6 1 -2 6 -10 -16 7 30 -15 -23 -2 4 6 -22 28 6 -12 5 -20 2 6 7 -40 8 -7 0 7 9 2 14 1 2 8 0 -13 -13 35 34 -1 -1 6 -15 -17 16 19 19 -27 -13 17 16 5 -2 9 -9 -19 -24 18 -2 -7 4 -14 -18
-17 -10 -4 0 6 11 -17 -5 15 29 -26 -24 -5 7 20 -18 28 4 -4 -3 -30 11 7 12 -46 4 -4 14 12 3 5 26 -13 13 8 -7 -14 -7 36 12 -10 1 5 -10 -8 21 17 23 -21 -19 12 11 -2 -11 13 3 -14 -24 9 -8 -8 0 -10 -6
-21 7 -8 7 9 19 -17 6 -1 4 -33 -39 1 6 9 -14 9 -3 3 -8 -35 -5 7 25 -52 14 1 19 -4 12 7 16 4 0 21 -8 -17 -5 28 23 2 -19 -1 11 -15 -26 9 41 -8 -4 8 54 -5 1 17 -20 -3 -24 2 6 -1 -21 -23 1
-12 6 2 -4 10 2 -4 -7 15 5 66 -32 -4 -12 -12 -11 11 2 0 -10 -16 5 1 5 4 17 14 -2 3 12 -7 13 13 -1 8 3 -15 -5 1 3 -6 2 5 -10 -4 3 4 -3 1 -11 6 -59 1 -9 2 -9 3 -15 4 -24 -7 -10 6 2
-25 9 -1 -13 17 15 -21 -11 14 5 -10 -42 -22 18 23 -6 0 -2 -12 -9 -45 2 -5 19 -20 -10 -7 0 4 6 -10 10 15 14 3 -5 -20 -17 12 14 -10 -11 17 14 -12 -17 -2 17 8 -25 25 17 -20 -12 6 -22 -2 -3 -5 15 -10 -16 4 -4
-29 8 4 -3 12 23 -2 -20 7 9 -17 -42 -25 20 18 -15 -1 2 -9 -8 -30 6 -4 15 -20 -8 0 2 -7 4 1 10 16 4 0 2 -14 -30 10 19 12 -8 8 21 -10 -18 -5 25 -1 -25 21 22 -13 -16 13 -20 -8 -24 -7 18 -14 -28 0 -13
-19 17 -9 -15 12 14 -19 4 16 8 -24 -21 -26 28 31 -23 7 -7 -17 -24 -44 14 10 22 -36 -4 -4 1 0 -2 -3 13 20 20 5 -20 -19 -30 10 10 -7 3 11 2 -4 -2 9 41 15 -23 25 35 -6 -5 19 -8 -3 -23 3 -6 -5 -32 -4 -8
-15 14 2 -17 -2 8 -3 -13 -2 12 -14 -28 -16 9 22 -29 13 -6 -15 1 -27 6 4 26 -12 5 -18 -6 -3 7 -10 -3 6 8 -1 -13 9 -25 16 5 -5 3 9 3 -8 1 -1 34 2 -19 25 23 2 -6 9 -5 -23 -21 -3 13 -17 -27 0 -16
-1 17 3 -22 1 11 -11 -5 10 23 -7 -27 -5 7 21 -27 -4 -5 -17 1 -37 13 16 24 -6 0 -8 -8 -5 6 -6 -8 -4 9 -5 -8 4 -30 19 -2 -5 4 13 12 -8 18 11 33 1 -21 25 16 6 0 13 -3 -24 -19 0 2 -17 -30 -3 -14
-9 14 6 -15 0 5 -4 -2 -1 15 -12 -36 -8 12 29 -20 6 -3 -13 -7 -27 14 10 11 -28 5 -14 -1 2 16 -7 0 8 2 3 -20 15 -17 32 16 -13 12 15 8 -6 -1 3 22 1 -31 25 26 -8 -11 9 -11 -9 -23 14 -1 -14 -17 -4 -13
-16 12 -7 -13 0 8 -8 -1 -4 18 -22 -38 -15 7 22 -21 9 -1 -25 -9 -32 19 11 21 -25 2 -18 -4 -4 12 -18 -7 -7 2 7 -24 -1 -25 29 15 -8 5 17 14 -8 14 22 23 3 -28 26 22 -8 -19 14 -4 -12 -24 15 -14 -9 -17 -6 -12
-15 4 -5 -10 1 8 -19 -1 3 2 -18 -39 -29 10 16 -26 7 3 -19 -9 -30 12 6 8 -32 0 0 -2 -2 -4 -9 13 7 11 3 -13 -14 -19 18 8 -12 8 5 -6 -6 7 13 38 6 -21 20 13 -4 -14 1 -1 -6 -25 17 -10 -2 -28 -14 0
-22 2 -3 -13 0 15 -25 -4 10 5 -7 -38 -23 13 10 -28 5 -1 -17 -5 -31 -2 7 8 -22 5 0 0 -5 -6 -6 8 4 14 13 -19 -8 -18 16 8 -15 13 9 -2 -14 9 13 36 1 -18 25 3 -6 -15 -2 -9 -3 -20 16 -10 -4 -21 -7 0
-16 8 -4 -11 0 9 -14 9 -5 4 -43 -27 -10 8 16 -22 11 -4 -24 -5 -38 10 3 12 -44 -5 2 -3 -13 0 1 14 -2 3 8 -14 -9 -27 17 8 -4 10 4 -4 -8 8 11 39 -3 -24 22 20 -10 -16 11 -6 -7 -26 8 5 -6 -22 -21 -6
-22 15 -18 -4 10 14 -23 -5 -9 27 -24 -24 -13 19 12 -39 15 2 -5 -15 -25 6 6 15 -34 -2 -8 7 2 0 -19 8 -15 12 13 4 -11 -39 22 6 0 0 8 1 -10 8 12 19 13 -18 15 15 -4 -10 18 -1 -3 -21 12 4 -9 -26 -7 -4
-25 15 -10 -16 10 9 -16 -6 11 19 -36 -18 -16 16 7 -38 22 -3 -8 -3 -20 10 3 19 -33 -5 -12 1 -2 6 -4 22 8 0 -4 -10 8 -23 22 12 -3 3 2 2 -14 8 7 40 3 -17 16 22 1 -2 13 3 -10 -21 10 24 -22 -8 -19 -9
-25 16 -13 -9 1 16 -21 -7 0 22 -42 -27 -16 13 21 -31 15 -6 -8 -17 -28 6 2 18 -38 -11 -8 13 -5 5 -4 13 -2 7 -1 -7 1 -27 22 14 -2 2 5 -9 -17 6 18 38 15 -27 22 27 -10 -10 19 -4 -8 -14 13 17 -13 -21 -10 2
-20 9 -3 -16 3 14 -13 -5 9 24 -36 -29 -11 10 14 -32 17 -14 -15 -8 -29 3 1 16 -39 -1 -8 11 -6 11 -2 16 2 1 3 -11 -3 -19 32 13 -5 -11 2 -2 -11 5 9 43 -4 -17 17 21 3 4 21 14 -9 -21 15 13 -13 -6 -12 -4
-17 3 -9 -6 -2 18 -20 -11 -2 31 -23 -28 -8 10 10 -24 26 -4 -8 -3 -19 7 -1 10 -34 4 -13 1 -1 11 -3 6 -2 5 8 -3 -7 -27 36 18 -5 0 8 -9 -14 7 10 32 -6 -21 18 21 -5 2 5 -4 -5 -19 22 4 -19 -10 -21 -12
-20 10 -6 -12 8 11 -18 0 -4 38 -27 -21 -11 15 19 -24 17 -8 -13 -15 -33 17 4 7 -40 -11 -4 9 4 1 3 20 -11 2 7 -13 -6 -14 25 17 -10 9 1 -1 -20 15 17 33 4 -16 19 31 -16 -6 5 -6 -4 -25 10 7 -18 -13 -18 -13
-9 10 -4 6 12 15 -13 2 -1 7 -38 -41 -1 -7 24 -21 10 -4 7 -11 -37 -11 -1 17 -51 15 5 26 -6 8 3 24 -3 -5 8 -10 -24 -6 25 27 6 -19 -1 1 -7 -17 15 33 -12 -18 23 28 -10 -3 3 -19 -6 -28 7 3 -14 -34 -25 11
-12 5 2 -4 10 2 -3 -7 15 4 65 -32 -4 -12 -11 -11 11 2 1 -10 -16 4 1 5 5 17 14 -1 3 11 -7 13 13 -1 8 4 -15 -4 1 3 -6 3 6 -9 -4 3 4 -3 1 -10 7 -59 1 -9 2 -10 4 -14 4 -24 -6 -10 6 1
-23 -11 15 12 1 -10 2 -7 17 2 3 -29 -12 -3 6 1 9 30 1 4 -14 0 21 -1 -6 12 -2 6 -1 -14 2 22 27 -5 -2 13 -5 -14 9 19 1 -15 -2 4 -8 -12 12 4 -4 0 -1 -12 -14 -7 6 -28 -19 -20 -2 -14 -2 -48 0 -33
-23 -11 15 12 1 -10 2 -7 17 2 3 -29 -12 -3 6 1 9 30 1 4 -14 0 21 -1 -6 12 -2 6 -1 -14 2 22 27 -5 -2 13 -5 -14 9 19 1 -15 -2 4 -8 -12 12 4 -4 0 -1 -12 -14 -7 6 -28 -19 -20 -2 -14 -2 -48 0 -33
-23 -11 15 12 1 -10 2 -7 17 2 3 -29 -12 -3 6 1 9 30 1 4 -14 0 21 -1 -6 12 -2 6 -1 -14 2 22 27 -5 -2 13 -5 -14 9 19 1 -15 -2 4 -8 -12 12 4 -4 0 -1 -12 -14 -7 6 -28 -19 -20 -2 -14 -2 -48 0 -33
-23 -11 15 12 1 -10 2 -7 17 2 3 -29 -12 -3 6 1 9 30 1 4 -14 0 21 -1 -6 12 -2 6 -1 -14 2 22 27 -5 -2 13 -5 -14 9 19 1 -15 -2 4 -8 -12 12 4 -4 0 -1 -12 -14 -7 6 -28 -19 -20 -2 -14 -2 -48 0 -33
-23 -11 15 12 1 -10 2 -7 17 2 3 -29 -12 -3 6 1 9 30 1 4 -14 0 21 -1 -6 12 -2 6 -1 -14 2 22 27 -5 -2 13 -5 -14 9 19 1 -15 -2 4 -8 -12 12 4 -4 0 -1 -12 -14 -7 6 -28 -19 -20 -2 -14 -2 -48 0 -33
-23 -11 15 12 1 -10 2 -7 17 2 3 -29 -12 -3 6 1 9 30 1 4 -14 0 21 -1 -6 12 -2 6 -1 -14 2 22 27 -5 -2 13 -5 -14 9 19 1 -15 -2 4 -8 -12 12 4 -4 0 -1 -12 -14 -7 6 -28 -19 -20 -2 -14 -2 -48 0 -33
-23 -11 15 12 1 -10 2 -7 17 2 3 -29 -12 -3 6 1 9 30 1 4 -14 0 21 -1 -6 12 -2 6 -1 -14 2 22 27 -5 -2 13 -5 -14 9 19 1 -15 -2 4 -8 -12 12 4 -4 0 -1 -12 -14 -7 6 -28 -19 -20 -2 -14 -2 -48 0 -33
-23 -11 15 12 1 -10 2 -7 17 2 3 -29 -12 -3 6 1 9 30 1 4 -14 0 21 -1 -6 12 -2 6 -1 -14 2 22 27 -5 -2 13 -5 -14 9 19 1 -15 -2 4 -8 -12 12 4 -4 0 -1 -12 -14 -7 6 -28 -19 -20 -2 -14 -2 -48 0 -33
-23 -11 15 12 1 -10 2 -7 17 2 3 -29 -12 -3 6 1 9 30 1 4 -14 0 21 -1 -6 12 -2 6 -1 -14 2 22 27 -5 -2 13 -5 -14 9 19 1 -15 -2 4 -8 -12 12 4 -4 0 -1 -12 -14 -7 6 -28 -19 -20 -2 -14 -2 -48 0 -33
-23 -11 15 12 1 -10 2 -7 17 2 3 -29 -12 -3 6 1 9 30 1 4 -14 0 21 -1 -6 12 -2 6 -1 -14 2 22 27 -5 -2 13 -5 -14 9 19 1 -15 -2 4 -8 -12 12 4 -4 0 -1 -12 -14 -7 6 -28 -19 -20 -2 -14 -2 -48 0 -33
-23 -11 15 12 1 -10 2 -7 17 2 3 -29 -12 -3 6 1 9 30 1 4 -14 0 21 -1 -6 12 -2 6 -1 -14 2 22 27 -5 -2 13 -5 -14 9 19 1 -15 -2 4 -8 -12 12 4 -4 0 -1 -12 -14 -7 6 -28 -19 -20 -2 -14 -2 -48 0 -33
-23 -11 15 12 1 -10 2 -7 17 2 3 -29 -12 -3 6 1 9 30 1 4 -14 0 21 -1 -6 12 -2 6 -1 -14 2 22 27 -5 -2 13 -5 -14 9 19 1 -15 -2 4 -8 -12 12 4 -4 0 -1 -12 -14 -7 6 -28 -19 -20 -2 -14 -2 -48 0 -33
-23 -11 15 12 1 -10 2 -7 17 2 3 -29 -12 -3 6 1 9 30 1 4 -14 0 21 -1 -6 12 -2 6 -1 -14 2 22 27 -5 -2 13 -5 -14 9 19 1 -15 -2 4 -8 -12 12 4 -4 0 -1 -12 -14 -7 6 -28 -19 -20 -2 -14 -2 -48 0 -33
-23 -11 15 12 1 -10 2 -7 17 2 3 -29 -12 -3 6 1 9 30 1 4 -14 0 21 -1 -6 12 -2 6 -1 -14 2 22 27 -5 -2 13 -5 -14 9 19 1 -15 -2 4 -8 -12 12 4 -4 0 -1 -12 -14 -7 6 -28 -19 -20 -2 -14 -2 -48 0 -33
-23 -11 15 12 1 -10 2 -7 17 2 3 -29 -12 -3 6 1 9 30 1 4 -14 0 21 -1 -6 12 -2 6 -1 -14 2 22 27 -5 -2 13 -5 -14 9 19 1 -15 -2 4 -8 -12 12 4 -4 0 -1 -12 -14 -7 6 -28 -19 -20 -2 -14 -2 -48 0 -33
-23 -11 15 12 1 -10 2 -7 17 2 3 -29 -12 -3 6 1 9 30 1 4 -14 0 21 -1 -6 12 -2 6 -1 -14 2 22 27 -5 -2 13 -5 -14 9 19 1 -15 -2 4 -8 -12 12 4 -4 0 -1 -12 -14 -7 6 -28 -19 -20 -2 -14 -2 -48 0 -33
-23 -11 15 12 1 -10 2 -7 17 2 3 -29 -12 -3 6 1 9 30 1 4 -14 0 21 -1 -6 12 -2 6 -1 -14 2 22 27 -5 -2 13 -5 -14 9 19 1 -15 -2 4 -8 -12 12 4 -4 0 -1 -12 -14 -7 6 -28 -19 -20 -2 -14 -2 -48 0 -33
-23 -11 15 12 1 -10 2 -7 17 2 3 -29 -12 -3 6 1 9 30 1 4 -14 0 21 -1 -6 12 -2 6 -1 -14 2 22 27 -5 -2 13 -5 -14 9 19 1 -15 -2 4 -8 -12 12 4 -4 0 -1 -12 -14 -7 6 -28 -19 -20 -2 -14 -2 -48 0 -33
-23 -11 15 12 1 -10 2 -7 17 2 3 -29 -12 -3 6 1 9 30 1 4 -14 0 21 -1 -6 12 -2 6 -1 -14 2 22 27 -5 -2 13 -5 -14 9 19 1 -15 -2 4 -8 -12 12 4 -4 0 -1 -12 -14 -7 6 -28 -19 -20 -2 -14 -2 -48 0 -33
-23 -11 15 12 1 -10 2 -7 17 2 3 -29 -12 -3 6 1 9 30 1 4 -14 0 21 -1 -6 12 -2 6 -1 -14 2 22 27 -5 -2 13 -5 -14 9 19 1 -15 -2 4 -8 -12 12 4 -4 0 -1 -12 -14 -7 6 -28 -19 -20 -2 -14 -2 -48 0 -33
-23 -11 15 12 1 -10 2 -7 17 2 3 -29 -12 -3 6 1 9 30 1 4 -14 0 21 -1 -6 12 -2 6 -1 -14 2 22 27 -5 -2 13 -5 -14 9 19 1 -15 -2 4 -8 -12 12 4 -4 0 -1 -12 -14 -7 6 -28 -19 -20 -2 -14 -2 -48 0 -33
-23 -11 15 12 1 -10 2 -7 17 2 3 -29 -12 -3 6 1 9 30 1 4 -14 0 21 -1 -6 12 -2 6 -1 -14 2 22 27 -5 -2 13 -5 -14 9 19 1 -15 -2 4 -8 -12 12 4 -4 0 -1 -12 -14 -7 6 -28 -19 -20 -2 -14 -2 -48 0 -33
-23 -11 15 12 1 -10 2 -7 17 2 3 -29 -12 -3 6 1 9 30 1 4 -14 0 21 -1 -6 12 -2 6 -1 -14 2 22 27 -5 -2 13 -5 -14 9 19 1 -15 -2 4 -8 -12 12 4 -4 0 -1 -12 -14 -7 6 -28 -19 -20 -2 -14 -2 -48 0 -33
-23 -11 15 12 1 -10 2 -7 17 2 3 -29 -12 -3 6 1 9 30 1 4 -14 0 21 -1 -6 12 -2 6 -1 -14 2 22 27 -5 -2 13 -5 -14 9 19 1 -15 -2 4 -8 -12 12 4 -4 0 -1 -12 -14 -7 6 -28 -19 -20 -2 -14 -2 -48 0 -33
-23 -11 15 12 1 -10 2 -7 17 2 3 -29 -12 -3 6 1 9 30 1 4 -14 0 21 -1 -6 12 -2 6 -1 -14 2 22 27 -5 -2 13 -5 -14 9 19 1 -15 -2 4 -8 -12 12 4 -4 0 -1 -12 -14 -7 6 -28 -19 -20 -2 -14 -2 -48 0 -33
-23 -11 15 12 1 -10 2 -7 17 2 3 -29 -12 -3 6 1 9 30 1 4 -14 0 21 -1 -6 12 -2 6 -1 -14 2 22 27 -5 -2 13 -5 -14 9 19 1 -15 -2 4 -8 -12 12 4 -4 0 -1 -12 -14 -7 6 -28 -19 -20 -2 -14 -2 -48 0 -33
-23 -11 15 12 1 -10 2 -7 17 2 3 -29 -12 -3 6 1 9 30 1 4 -14 0 21 -1 -6 12 -2 6 -1 -14 2 22 27 -5 -2 13 -5 -14 9 19 1 -15 -2 4 -8 -12 12 4 -4 0 -1 -12 -14 -7 6 -28 -19 -20 -2 -14 -2 -48 0 -33
-23 -11 15 12 1 -10 2 -7 17 2 3 -29 -12 -3 6 1 9 30 1 4 -14 0 21 -1 -6 12 -2 6 -1 -14 2 22 27 -5 -2 13 -5 -14 9 19 1 -15 -2 4 -8 -12 12 4 -4 0 -1 -12 -14 -7 6 -28 -19 -20 -2 -14 -2 -48 0 -33
-23 -11 15 12 1 -10 2 -7 17 2 3 -29 -12 -3 6 1 9 30 1 4 -14 0 21 -1 -6 12 -2 6 -1 -14 2 22 27 -5 -2 13 -5 -14 9 19 1 -15 -2 4 -8 -12 12 4 -4 0 -1 -12 -14 -7 6 -28 -19 -20 -2 -14 -2 -48 0 -33
-23 -11 15 12 1 -10 2 -7 17 2 3 -29 -12 -3 6 1 9 30 1 4 -14 0 21 -1 -6 12 -2 6 -1 -14 2 22 27 -5 -2 13 -5 -14 9 19 1 -15 -2 4 -8 -12 12 4 -4 0 -1 -12 -14 -7 6 -28 -19 -20 -2 -14 -2 -48 0 -33
-23 -11 15 12 1 -10 2 -7 17 2 3 -29 -12 -3 6 1 9 30 1 4 -14 0 21 -1 -6 12 -2 6 -1 -14 2 22 27 -5 -2 13 -5 -14 9 19 1 -15 -2 4 -8 -12 12 4 -4 0 -1 -12 -14 -7 6 -28 -19 -20 -2 -14 -2 -48 0 -33
-23 -11 15 12 1 -10 2 -7 17 2 3 -29 -12 -3 6 1 9 30 1 4 -14 0 21 -1 -6 12 -2 6 -1 -14 2 22 27 -5 -2 13 -5 -14 9 19 1 -15 -2 4 -8 -12 12 4 -4 0 -1 -12 -14 -7 6 -28 -19 -20 -2 -14 -2 -48 0 -33
-23 -11 15 12 1 -10 2 -7 17 2 3 -29 -12 -3 6 1 9 30 1 4 -14 0 21 -1 -6 12 -2 6 -1 -14 2 22 27 -5 -2 13 -5 -14 9 19 1 -15 -2 4 -8 -12 12 4 -4 0 -1 -12 -14 -7 6 -28 -19 -20 -2 -14 -2 -48 0 -33
-23 -11 15 12 1 -10 2 -7 17 2 3 -29 -12 -3 6 1 9 30 1 4 -14 0 21 -1 -6 12 -2 6 -1 -14 2 22 27 -5 -2 13 -5 -14 9 19 1 -15 -2 4 -8 -12 12 4 -4 0 -1 -12 -14 -7 6 -28 -19 -20 -2 -14 -2 -48 0 -33
-23 -11 15 12 1 -10 2 -7 17 2 3 -29 -12 -3 6 1 9 30 1 4 -14 0 21 -1 -6 12 -2 6 -1 -14 2 22 27 -5 -2 13 -5 -14 9 19 1 -15 -2 4 -8 -12 12 4 -4 0 -1 -12 -14 -7 6 -28 -19 -20 -2 -14 -2 -48 0 -33
-23 -11 15 12 1 -10 2 -7 17 2 3 -29 -12 -3 6 1 9 30 1 4 -14 0 21 -1 -6 12 -2 6 -1 -14 2 22 27 -5 -2 13 -5 -14 9 19 1 -15 -2 4 -8 -12 12 4 -4 0 -1 -12 -14 -7 6 -28 -19 -20 -2 -14 -2 -48 0 -33
-23 -11 15 12 1 -10 2 -7 17 2 3 -29 -12 -3 6 1 9 30 1 4 -14 0 21 -1 -6 12 -2 6 -1 -14 2 22 27 -5 -2 13 -5 -14 9 19 1 -15 -2 4 -8 -12 12 4 -4 0 -1 -12 -14 -7 6 -28 -19 -20 -2 -14 -2 -48 0 -33
-23 -11 15 12 1 -10 2 -7 17 2 3 -29 -12 -3 6 1 9 30 1 4 -14 0 21 -1 -6 12 -2 6 -1 -14 2 22 27 -5 -2 13 -5 -14 9 19 1 -15 -2 4 -8 -12 12 4 -4 0 -1 -12 -14 -7 6 -28 -19 -20 -2 -14 -2 -48 0 -33
-23 -11 15 12 1 -10 2 -7 17 2 3 -29 -12 -3 6 1 9 30 1 4 -14 0 21 -1 -6 12 -2 6 -1 -14 2 22 27 -5 -2 13 -5 -14 9 19 1 -15 -2 4 -8 -12 12 4 -4 0 -1 -12 -14 -7 6 -28 -19 -20 -2 -14 -2 -48 0 -33
-23 -11 15 12 1 -10 2 -7 17 2 3 -29 -12 -3 6 1 9 30 1 4 -14 0 21 -1 -6 12 -2 6 -1 -14 2 22 27 -5 -2 13 -5 -14 9 19 1 -15 -2 4 -8 -12 12 4 -4 0 -1 -12 -14 -7 6 -28 -19 -20 -2 -14 -2 -48 0 -33
-23 -11 15 12 1 -10 2 -7 17 2 3 -29 -12 -3 6 1 9 30 1 4 -14 0 21 -1 -6 12 -2 6 -1 -14 2 22 27 -5 -2 13 -5 -14 9 19 1 -15 -2 4 -8 -12 12 4 -4 0 -1 -12 -14 -7 6 -28 -19 -20 -2 -14 -2 -48 0 -33
-23 -11 15 12 1 -10 2 -7 17 2 3 -29 -12 -3 6 1 9 30 1 4 -14 0 21 -1 -6 12 -2 6 -1 -14 2 22 27 -5 -2 13 -5 -14 9 19 1 -15 -2 4 -8 -12 12 4 -4 0 -1 -12 -14 -7 6 -28 -19 -20 -2 -14 -2 -48 0 -33
-23 -11 15 12 1 -10 2 -7 17 2 3 -29 -12 -3 6 1 9 30 1 4 -14 0 21 -1 -6 12 -2 6 -1 -14 2 22 27 -5 -2 13 -5 -14 9 19 1 -15 -2 4 -8 -12 12 4 -4 0 -1 -12 -14 -7 6 -28 -19 -20 -2 -14 -2 -48 0 -33
-23 -11 15 12 1 -10 2 -7 17 2 3 -29 -12 -3 6 1 9 30 1 4 -14 0 21 -1 -6 12 -2 6 -1 -14 2 22 27 -5 -2 13 -5 -14 9 19 1 -15 -2 4 -8 -12 12 4 -4 0 -1 -12 -14 -7 6 -28 -19 -20 -2 -14 -2 -48 0 -33
-23 -11 15 12 1 -10 2 -7 17 2 3 -29 -12 -3 6 1 9 30 1 4 -14 0 21 -1 -6 12 -2 6 -1 -14 2 22 27 -5 -2 13 -5 -14 9 19 1 -15 -2 4 -8 -12 12 4 -4 0 -1 -12 -14 -7 6 -28 -19 -20 -2 -14 -2 -48 0 -33
-23 -11 15 12 1 -10 2 -7 17 2 3 -29 -12 -3 6 1 9 30 1 4 -14 0 21 -1 -6 12 -2 6 -1 -14 2 22 27 -5 -2 13 -5 -14 9 19 1 -15 -2 4 -8 -12 12 4 -4 0 -1 -12 -14 -7 6 -28 -19 -20 -2 -14 -2 -48 0 -33
-23 -11 15 12 1 -10 2 -7 17 2 3 -29 -12 -3 6 1 9 30 1 4 -14 0 21 -1 -6 12 -2 6 -1 -14 2 22 27 -5 -2 13 -5 -14 9 19 1 -15 -2 4 -8 -12 12 4 -4 0 -1 -12 -14 -7 6 -28 -19 -20 -2 -14 -2 -48 0 -33
-23 -11 15 12 1 -10 2 -7 17 2 3 -29 -12 -3 6 1 9 30 1 4 -14 0 21 -1 -6 12 -2 6 -1 -14 2 22 27 -5 -2 13 -5 -14 9 19 1 -15 -2 4 -8 -12 12 4 -4 0 -1 -12 -14 -7 6 -28 -19 -20 -2 -14 -2 -48 0 -33
-23 -11 15 12 1 -10 2 -7 17 2 3 -29 -12 -3 6 1 9 30 1 4 -14 0 21 -1 -6 12 -2 6 -1 -14 2 22 27 -5 -2 13 -5 -14 9 19 1 -15 -2 4 -8 -12 12 4 -4 0 -1 -12 -14 -7 6 -28 -19 -20 -2 -14 -2 -48 0 -33
-23 -11 15 12 1 -10 2 -7 17 2 3 -29 -12 -3 6 1 9 30 1 4 -14 0 21 -1 -6 12 -2 6 -1 -14 2 22 27 -5 -2 13 -5 -14 9 19 1 -15 -2 4 -8 -12 12 4 -4 0 -1 -12 -14 -7 6 -28 -19 -20 -2 -14 -2 -48 0 -33
-23 -11 15 12 1 -10 2 -7 17 2 3 -29 -12 -3 6 1 9 30 1 4 -14 0 21 -1 -6 12 -2 6 -1 -14 2 22 27 -5 -2 13 -5 -14 9 19 1 -15 -2 4 -8 -12 12 4 -4 0 -1 -12 -14 -7 6 -28 -19 -20 -2 -14 -2 -48 0 -33
-23 -11 15 12 1 -10 2 -7 17 2 3 -29 -12 -3 6 1 9 30 1 4 -14 0 21 -1 -6 12 -2 6 -1 -14 2 22 27 -5 -2 13 -5 -14 9 19 1 -15 -2 4 -8 -12 12 4 -4 0 -1 -12 -14 -7 6 -28 -19 -20 -2 -14 -2 -48 0 -33
-23 -11 15 12 1 -10 2 -7 17 2 3 -29 -12 -3 6 1 9 30 1 4 -14 0 21 -1 -6 12 -2 6 -1 -14 2 22 27 -5 -2 13 -5 -14 9 19 1 -15 -2 4 -8 -12 12 4 -4 0 -1 -12 -14 -7 6 -28 -19 -20 -2 -14 -2 -48 0 -33
-23 -11 15 12 1 -10 2 -7 17 2 3 -29 -12 -3 6 1 9 30 1 4 -14 0 21 -1 -6 12 -2 6 -1 -14 2 22 27 -5 -2 13 -5 -14 9 19 1 -15 -2 4 -8 -12 12 4 -4 0 -1 -12 -14 -7 6 -28 -19 -20 -2 -14 -2 -48 0 -33
-23 -11 15 12 1 -10 2 -7 17 2 3 -29 -12 -3 6 1 9 30 1 4 -14 0 21 -1 -6 12 -2 6 -1 -14 2 22 27 -5 -2 13 -5 -14 9 19 1 -15 -2 4 -8 -12 12 4 -4 0 -1 -12 -14 -7 6 -28 -19 -20 -2 -14 -2 -48 0 -33
-23 -11 15 12 1 -10 2 -7 17 2 3 -29 -12 -3 6 1 9 30 1 4 -14 0 21 -1 -6 12 -2 6 -1 -14 2 22 27 -5 -2 13 -5 -14 9 19 1 -15 -2 4 -8 -12 12 4 -4 0 -1 -12 -14 -7 6 -28 -19 -20 -2 -14 -2 -48 0 -33
-23 -11 15 12 1 -10 2 -7 17 2 3 -29 -12 -3 6 1 9 30 1 4 -14 0 21 -1 -6 12 -2 6 -1 -14 2 22 27 -5 -2 13 -5 -14 9 19 1 -15 -2 4 -8 -12 12 4 -4 0 -1 -12 -14 -7 6 -28 -19 -20 -2 -14 -2 -48 0 -33
-23 -11 15 12 1 -10 2 -7 17 2 3 -29 -12 -3 6 1 9 30 1 4 -14 0 21 -1 -6 12 -2 6 -1 -14 2 22 27 -5 -2 13 -5 -14 9 19 1 -15 -2 4 -8 -12 12 4 -4 0 -1 -12 -14 -7 6 -28 -19 -20 -2 -14 -2 -48 0 -33
-23 -11 15 12 1 -10 2 -7 17 2 3 -29 -12 -3 6 1 9 30 1 4 -14 0 21 -1 -6 12 -2 6 -1 -14 2 22 27 -5 -2 13 -5 -14 9 19 1 -15 -2 4 -8 -12 12 4 -4 0 -1 -12 -14 -7 6 -28 -19 -20 -2 -14 -2 -48 0 -33
-23 -11 15 12 1 -10 2 -7 17 2 3 -29 -12 -3 6 1 9 30 1 4 -14 0 21 -1 -6 12 -2 6 -1 -14 2 22 27 -5 -2 13 -5 -14 9 19 1 -15 -2 4 -8 -12 12 4 -4 0 -1 -12 -14 -7 6 -28 -19 -20 -2 -14 -2 -48 0 -33
-23 -11 15 12 1 -10 2 -7 17 2 3 -29 -12 -3 6 1 9 30 1 4 -14 0 21 -1 -6 12 -2 6 -1 -14 2 22 27 -5 -2 13 -5 -14 9 19 1 -15 -2 4 -8 -12 12 4 -4 0 -1 -12 -14 -7 6 -28 -19 -20 -2 -14 -2 -48 0 -33
-23 -11 15 12 1 -10 2 -7 17 2 3 -29 -12 -3 6 1 9 30 1 4 -14 0 21 -1 -6 12 -2 6 -1 -14 2 22 27 -5 -2 13 -5 -14 9 19 1 -15 -2 4 -8 -12 12 4 -4 0 -1 -12 -14 -7 6 -28 -19 -20 -2 -14 -2 -48 0 -33
-23 -11 15 12 1 -10 2 -7 17 2 3 -29 -12 -3 6 1 9 30 1 4 -14 0 21 -1 -6 12 -2 6 -1 -14 2 22 27 -5 -2 13 -5 -14 9 19 1 -15 -2 4 -8 -12 12 4 -4 0 -1 -12 -14 -7 6 -28 -19 -20 -2 -14 -2 -48 0 -33
-23 -11 15 12 1 -10 2 -7 17 2 3 -29 -12 -3 6 1 9 30 1 4 -14 0 21 -1 -6 12 -2 6 -1 -14 2 22 27 -5 -2 13 -5 -14 9 19 1 -15 -2 4 -8 -12 12 4 -4 0 -1 -12 -14 -7 6 -28 -19 -20 -2 -14 -2 -48 0 -33
-23 -11 15 12 1 -10 2 -7 17 2 3 -29 -12 -3 6 1 9 30 1 4 -14 0 21 -1 -6 12 -2 6 -1 -14 2 22 27 -5 -2 13 -5 -14 9 19 1 -15 -2 4 -8 -12 12 4 -4 0 -1 -12 -14 -7 6 -28 -19 -20 -2 -14 -2 -48 0 -33
-23 -11 15 12 1 -10 2 -7 17 2 3 -29 -12 -3 6 1 9 30 1 4 -14 0 21 -1 -6 12 -2 6 -1 -14 2 22 27 -5 -2 13 -5 -14 9 19 1 -15 -2 4 -8 -12 12 4 -4 0 -1 -12 -14 -7 6 -28 -19 -20 -2 -14 -2 -48 0 -33
-23 -11 15 12 1 -10 2 -7 17 2 3 -29 -12 -3 6 1 9 30 1 4 -14 0 21 -1 -6 12 -2 6 -1 -14 2 22 27 -5 -2 13 -5 -14 9 19 1 -15 -2 4 -8 -12 12 4 -4 0 -1 -12 -14 -7 6 -28 -19 -20 -2 -14 -2 -48 0 -33
-23 -11 15 12 1 -10 2 -7 17 2 3 -29 -12 -3 6 1 9 30 1 4 -14 0 21 -1 -6 12 -2 6 -1 -14 2 22 27 -5 -2 13 -5 -14 9 19 1 -15 -2 4 -8 -12 12 4 -4 0 -1 -12 -14 -7 6 -28 -19 -20 -2 -14 -2 -48 0 -33
-23 -11 15 12 1 -10 2 -7 17 2 3 -29 -12 -3 6 1 9 30 1 4 -14 0 21 -1 -6 12 -2 6 -1 -14 2 22 27 -5 -2 13 -5 -14 9 19 1 -15 -2 4 -8 -12 12 4 -4 0 -1 -12 -14 -7 6 -28 -19 -20 -2 -14 -2 -48 0 -33
-23 -11 15 12 1 -10 2 -7 17 2 3 -29 -12 -3 6 1 9 30 1 4 -14 0 21 -1 -6 12 -2 6 -1 -14 2 22 27 -5 -2 13 -5 -14 9 19 1 -15 -2 4 -8 -12 12 4 -4 0 -1 -12 -14 -7 6 -28 -19 -20 -2 -14 -2 -48 0 -33
-23 -11 15 12 1 -10 2 -7 17 2 3 -29 -12 -3 6 1 9 30 1 4 -14 0 21 -1 -6 12 -2 6 -1 -14 2 22 27 -5 -2 13 -5 -14 9 19 1 -15 -2 4 -8 -12 12 4 -4 0 -1 -12 -14 -7 6 -28 -19 -20 -2 -14 -2 -48 0 -33
-23 -11 15 12 1 -10 2 -7 17 2 3 -29 -12 -3 6 1 9 30 1 4 -14 0 21 -1 -6 12 -2 6 -1 -14 2 22 27 -5 -2 13 -5 -14 9 19 1 -15 -2 4 -8 -12 12 4 -4 0 -1 -12 -14 -7 6 -28 -19 -20 -2 -14 -2 -48 0 -33
-23 -11 15 12 1 -10 2 -7 17 2 3 -29 -12 -3 6 1 9 30 1 4 -14 0 21 -1 -6 12 -2 6 -1 -14 2 22 27 -5 -2 13 -5 -14 9 19 1 -15 -2 4 -8 -12 12 4 -4 0 -1 -12 -14 -7 6 -28 -19 -20 -2 -14 -2 -48 0 -33
-23 -11 15 12 1 -10 2 -7 17 2 3 -29 -12 -3 6 1 9 30 1 4 -14 0 21 -1 -6 12 -2 6 -1 -14 2 22 27 -5 -2 13 -5 -14 9 19 1 -15 -2 4 -8 -12 12 4 -4 0 -1 -12 -14 -7 6 -28 -19 -20 -2 -14 -2 -48 0 -33
-23 -11 15 12 1 -10 2 -7 17 2 3 -29 -12 -3 6 1 9 30 1 4 -14 0 21 -1 -6 12 -2 6 -1 -14 2 22 27 -5 -2 13 -5 -14 9 19 1 -15 -2 4 -8 -12 12 4 -4 0 -1 -12 -14 -7 6 -28 -19 -20 -2 -14 -2 -48 0 -33
-23 -11 15 12 1 -10 2 -7 17 2 3 -29 -12 -3 6 1 9 30 1 4 -14 0 21 -1 -6 12 -2 6 -1 -14 2 22 27 -5 -2 13 -5 -14 9 19 1 -15 -2 4 -8 -12 12 4 -4 0 -1 -12 -14 -7 6 -28 -19 -20 -2 -14 -2 -48 0 -33
-23 -11 15 12 1 -10 2 -7 17 2 3 -29 -12 -3 6 1 9 30 1 4 -14 0 21 -1 -6 12 -2 6 -1 -14 2 22 27 -5 -2 13 -5 -14 9 19 1 -15 -2 4 -8 -12 12 4 -4 0 -1 -12 -14 -7 6 -28 -19 -20 -2 -14 -2 -48 0 -33
-23 -11 15 12 1 -10 2 -7 17 2 3 -29 -12 -3 6 1 9 30 1 4 -14 0 21 -1 -6 12 -2 6 -1 -14 2 22 27 -5 -2 13 -5 -14 9 19 1 -15 -2 4 -8 -12 12 4 -4 0 -1 -12 -14 -7 6 -28 -19 -20 -2 -14 -2 -48 0 -33
-23 -11 15 12 1 -10 2 -7 17 2 3 -29 -12 -3 6 1 9 30 1 4 -14 0 21 -1 -6 12 -2 6 -1 -14 2 22 27 -5 -2 13 -5 -14 9 19 1 -15 -2 4 -8 -12 12 4 -4 0 -1 -12 -14 -7 6 -28 -19 -20 -2 -14 -2 -48 0 -33
-23 -11 15 12 1 -10 2 -7 17 2 3 -29 -12 -3 6 1 9 30 1 4 -14 0 21 -1 -6 12 -2 6 -1 -14 2 22 27 -5 -2 13 -5 -14 9 19 1 -15 -2 4 -8 -12 12 4 -4 0 -1 -12 -14 -7 6 -28 -19 -20 -2 -14 -2 -48 0 -33
-23 -11 15 12 1 -10 2 -7 17 2 3 -29 -12 -3 6 1 9 30 1 4 -14 0 21 -1 -6 12 -2 6 -1 -14 2 22 27 -5 -2 13 -5 -14 9 19 1 -15 -2 4 -8 -12 12 4 -4 0 -1 -12 -14 -7 6 -28 -19 -20 -2 -14 -2 -48 0 -33
-23 -11 15 12 1 -10 2 -7 17 2 3 -29 -12 -3 6 1 9 30 1 4 -14 0 21 -1 -6 12 -2 6 -1 -14 2 22 27 -5 -2 13 -5 -14 9 19 1 -15 -2 4 -8 -12 12 4 -4 0 -1 -12 -14 -7 6 -28 -19 -20 -2 -14 -2 -48 0 -33
-23 -11 15 12 1 -10 2 -7 17 2 3 -29 -12 -3 6 1 9 30 1 4 -14 0 21 -1 -6 12 -2 6 -1 -14 2 22 27 -5 -2 13 -5 -14 9 19 1 -15 -2 4 -8 -12 12 4 -4 0 -1 -12 -14 -7 6 -28 -19 -20 -2 -14 -2 -48 0 -33
-23 -11 15 12 1 -10 2 -7 17 2 3 -29 -12 -3 6 1 9 30 1 4 -14 0 21 -1 -6 12 -2 6 -1 -14 2 22 27 -5 -2 13 -5 -14 9 19 1 -15 -2 4 -8 -12 12 4 -4 0 -1 -12 -14 -7 6 -28 -19 -20 -2 -14 -2 -48 0 -33
-23 -11 15 12 1 -10 2 -7 17 2 3 -29 -12 -3 6 1 9 30 1 4 -14 0 21 -1 -6 12 -2 6 -1 -14 2 22 27 -5 -2 13 -5 -14 9 19 1 -15 -2 4 -8 -12 12 4 -4 0 -1 -12 -14 -7 6 -28 -19 -20 -2 -14 -2 -48 0 -33
-23 -11 15 12 1 -10 2 -7 17 2 3 -29 -12 -3 6 1 9 30 1 4 -14 0 21 -1 -6 12 -2 6 -1 -14 2 22 27 -5 -2 13 -5 -14 9 19 1 -15 -2 4 -8 -12 12 4 -4 0 -1 -12 -14 -7 6 -28 -19 -20 -2 -14 -2 -48 0 -33
-23 -11 15 12 1 -10 2 -7 17 2 3 -29 -12 -3 6 1 9 30 1 4 -14 0 21 -1 -6 12 -2 6 -1 -14 2 22 27 -5 -2 13 -5 -14 9 19 1 -15 -2 4 -8 -12 12 4 -4 0 -1 -12 -14 -7 6 -28 -19 -20 -2 -14 -2 -48 0 -33
