15 -1 9 -14 -2 17 21 -2 -19 -9 -20 5 -17 7 5 -19 0 14 -1 13 10 4 5 34 -9 6 6 -6 -10 -8 12 31 1 15 -4 1 3 5 -5 28 25 9 -19 -10 24 10 6 0 -15 -1 -4 23 15 -10 4 0 27 4 -2 -21 -8 -6 4 -12
26 0 8 -43 -16 35 26 6 -12 -7 -1 -4 -32 27 12 -35 -29 7 -7 7 9 -19 -4 57 -7 -18 2 33 35 3 11 9 15 22 -11 -33 8 60 -27 24 -33 -7 15 -1 -1 7 5 -3 -4 5 1 0 0 -9 21 17 24 -1 -10 15 -1 -10 12 16
25 -5 25 -42 -21 33 -3 -3 -11 0 -7 -11 -24 23 1 -33 -12 1 3 6 14 -10 -14 59 -12 -14 11 53 46 -3 10 8 10 30 -9 -54 11 61 -28 12 -34 0 6 2 5 7 7 0 7 -6 3 -2 4 6 7 -2 27 -3 -13 13 14 -10 3 7
28 -11 34 -18 -18 29 -1 -11 -12 -6 -19 -9 -18 20 15 -21 -13 18 2 0 -2 -14 -4 53 -24 1 10 59 45 0 10 5 3 18 -15 -62 3 49 -31 24 -33 -6 17 6 -3 14 7 24 3 0 4 -2 13 0 -2 -11 14 -11 10 25 8 -8 -5 18
25 6 14 -16 -13 30 -16 -26 -15 -2 4 -13 -15 12 -3 -17 -8 10 4 -10 18 -17 -5 45 -14 -4 9 50 46 12 12 9 11 12 -19 -52 5 29 -23 29 -19 4 14 22 -6 20 1 21 -10 -8 11 9 4 8 7 -6 9 -16 11 16 6 -20 -8 9
19 7 13 -9 -10 22 -18 -20 -10 -8 1 -19 -15 17 2 -24 -2 -1 5 -5 20 -17 -2 48 -25 3 3 53 39 8 14 11 5 9 -14 -53 12 41 -21 24 -30 -8 17 15 -2 15 3 27 -1 -7 2 4 -1 17 0 -5 6 -12 12 19 4 -21 3 12
21 9 22 -5 -13 19 -19 -27 -7 -16 -14 -12 -11 20 8 -30 -6 17 2 -10 20 -24 -1 45 -25 5 19 63 39 4 14 -2 5 -5 -20 -54 9 30 -28 24 -32 -14 14 9 -1 10 -4 17 3 -2 0 8 9 11 -3 1 17 -4 6 9 -3 -29 6 -3
32 -12 16 -14 -12 27 -7 -13 -13 -7 -11 -13 -13 15 9 -24 -6 13 -7 2 5 -20 -3 39 -18 -1 18 51 42 -2 10 -2 2 3 -22 -49 12 34 -22 33 -23 -19 33 4 -6 13 5 29 9 0 5 7 4 3 3 -7 18 -8 18 8 2 -11 12 2
21 -2 33 -23 -11 15 -6 -9 -19 -8 -8 -7 -21 11 11 -23 -12 21 0 0 14 -11 -4 47 -16 3 14 61 48 0 17 -4 3 4 -26 -65 10 54 -16 18 -26 -2 15 10 8 20 -2 28 -5 4 -2 3 6 16 -2 -4 16 -8 2 10 6 -21 3 1
40 -11 17 -31 1 35 -2 -4 -12 -5 14 -17 -18 32 -4 -16 -12 0 -8 7 13 -23 -12 55 -4 -4 18 54 63 10 26 20 12 1 -14 -66 -1 73 -19 5 -57 -8 6 10 10 11 0 6 -5 -2 19 6 19 13 13 3 39 -12 -17 3 -9 -1 4 2
25 -3 27 -19 -8 18 2 -8 -12 -8 -7 -8 -23 18 12 -22 -5 17 -3 3 3 -12 -1 50 -21 3 22 64 56 0 16 -8 8 14 -26 -69 13 61 -11 17 -28 -1 15 5 14 14 4 38 -5 5 3 6 5 20 2 -8 24 -14 1 12 7 -19 4 2
31 -9 18 -21 -15 29 -14 -9 -20 -6 -9 -9 -17 16 1 -25 -7 10 -6 5 13 -16 -7 51 -23 2 14 70 70 6 11 13 1 -3 -20 -72 11 60 -14 18 -30 -5 26 8 0 18 4 49 -10 4 -1 2 8 15 11 -1 26 -17 1 14 11 -20 3 -12
49 -6 10 -22 -19 17 -7 -19 -23 -14 -5 -5 -18 1 -6 -21 -11 15 -9 -4 8 -16 -7 48 -18 3 15 57 63 2 7 20 13 9 -20 -66 2 65 -21 18 -28 -2 26 7 3 14 -6 31 -10 9 9 -5 9 5 11 4 17 -23 -10 15 8 -19 2 -8
32 8 5 -14 -12 24 0 -15 -19 -17 1 -3 -21 -6 -11 -29 -19 8 11 -8 10 -19 0 41 -16 -8 19 40 49 9 4 15 16 7 -17 -39 4 57 -15 23 -12 4 23 17 -5 25 -5 25 -10 4 13 -7 14 4 6 7 13 -16 -2 5 1 -5 -12 -5
48 0 5 -26 -10 40 -21 -16 -24 -7 -2 -4 -20 -3 -7 -29 -23 18 -3 -8 18 -24 -3 52 -3 7 21 46 75 -7 20 25 15 -1 -20 -66 10 69 -27 14 -44 -7 13 7 10 11 0 32 -11 -2 27 4 15 2 10 3 26 -27 -14 18 2 9 -10 -12
43 -8 17 -18 -8 26 -14 -19 -20 -8 1 0 -18 -10 2 -26 -16 28 -3 -11 12 -10 1 52 -19 3 25 54 70 6 -3 13 15 -2 -17 -71 4 68 -21 19 -32 -10 26 5 -3 15 -2 44 -11 -5 13 0 14 10 1 -3 20 -28 -15 21 5 1 -9 -11
31 5 13 -16 -10 23 -20 -25 -23 -10 6 -5 -12 -11 -7 -16 -20 24 -5 -12 10 -5 -4 43 -20 -2 18 53 66 4 0 13 7 9 -27 -57 0 54 -17 26 -27 -11 19 20 -1 10 3 50 -15 -14 1 -1 4 -2 5 4 20 -25 0 15 7 6 -9 -2
35 -8 19 -25 -11 12 -26 -22 -26 -6 3 -5 -17 -6 -1 -14 -12 25 -5 -12 4 -15 -5 39 -22 4 18 48 60 0 2 7 13 2 -28 -63 -6 49 -15 17 -24 -7 21 9 0 8 -2 37 -6 -9 2 7 13 3 7 1 21 -26 5 25 12 -7 -5 -1
35 0 15 -23 -20 24 -6 -13 -22 -5 9 -10 -11 2 -4 -20 -13 18 -2 -14 14 -15 -3 46 -25 -2 22 54 61 7 5 11 8 2 -30 -59 -1 47 -16 19 -28 -20 30 13 3 5 -1 52 -11 -11 6 1 -2 4 3 6 17 -27 -3 10 0 0 -8 -6
35 3 19 -18 -9 11 -12 -20 -17 -21 5 -5 -19 -6 -5 -21 -20 19 4 -15 18 -17 -9 44 -18 4 22 47 59 1 1 5 12 13 -22 -57 3 50 -16 20 -18 -7 18 16 -4 19 -3 44 -2 -12 0 8 4 2 8 1 20 -20 -2 5 16 5 -13 -4
37 -1 16 -25 -9 18 -14 -15 -23 -15 3 -4 -18 -9 0 -16 -19 18 2 -13 9 -19 -6 43 -18 0 18 52 63 -4 0 6 11 4 -26 -61 11 45 -13 17 -19 -12 32 8 -8 9 0 48 -1 -9 8 7 8 5 8 7 19 -28 4 14 12 3 -9 -7
40 -1 13 -31 -15 34 -9 -3 -16 -7 6 -10 -16 7 -11 -26 -6 18 -1 -6 13 -20 -3 49 -10 -2 16 38 75 -7 21 21 18 8 -14 -62 7 57 -33 3 -48 -10 19 19 2 15 5 28 -2 8 7 4 15 4 5 14 18 -10 -31 22 -5 18 6 -16
10 -1 8 -7 -11 11 5 -10 -5 -7 -5 9 -29 8 7 -11 -7 6 1 10 12 -15 -2 22 -3 4 18 -6 -16 8 10 11 9 16 -19 4 -4 11 3 36 53 6 -8 6 9 9 8 12 -4 0 -4 3 1 0 13 -6 26 6 8 -11 -7 -6 -15 -24
26 17 15 -40 -11 24 3 -8 -11 3 -9 -17 -7 25 2 -28 -3 9 -15 5 7 -22 16 36 -28 2 8 17 46 -6 8 6 18 18 -4 -35 5 20 -41 -7 -28 -3 7 8 6 13 -4 5 6 7 -8 4 6 6 -20 19 23 -6 -4 26 -4 -18 12 -28
28 16 10 -39 -11 24 12 -19 -8 2 -11 -19 -15 36 1 -43 -1 5 -12 8 0 -15 17 40 -31 1 5 17 55 -3 3 16 12 8 -16 -39 12 22 -55 0 -43 -8 -2 3 13 15 -4 7 5 -2 2 3 12 12 -18 4 26 -13 -18 15 3 -21 26 -15
31 8 23 -51 -21 30 -3 -15 -13 -3 -15 -24 -13 30 15 -33 -2 14 -1 2 -1 -18 15 46 -31 6 3 32 61 -4 -1 5 12 8 -11 -50 13 7 -47 4 -39 5 22 8 0 16 -1 30 4 10 4 7 12 7 -8 -3 21 -14 -9 26 -5 -14 28 -17
30 17 7 -39 -24 28 -14 -29 -8 4 4 -35 -10 34 5 -20 2 14 10 -3 15 -20 13 32 -27 5 13 23 52 4 4 0 17 9 -10 -32 9 8 -40 20 -30 8 14 30 -7 28 1 26 -6 -3 10 14 5 16 0 3 16 -12 -1 7 -6 -31 14 -19
28 13 7 -36 -26 23 -15 -25 -3 -5 1 -29 -12 35 6 -20 -5 0 15 8 10 -20 7 37 -31 4 8 24 47 8 7 5 18 5 -10 -30 7 2 -36 23 -27 8 25 19 1 19 5 35 -4 0 -1 9 -3 20 -2 1 12 -6 4 3 -11 -30 18 -6
37 15 10 -45 -21 18 -13 -32 -10 0 -1 -36 -16 35 10 -19 -1 14 4 -3 7 -26 6 34 -31 -2 20 38 51 3 15 -6 19 6 -9 -33 5 11 -42 16 -32 5 21 18 -7 17 -9 29 0 8 1 16 6 18 2 3 25 -6 -5 6 -6 -31 25 -25
27 14 6 -42 -18 26 -7 -14 -12 -4 -8 -24 -16 48 12 -23 -9 16 2 -7 -5 -21 6 35 -30 -1 12 25 61 -3 7 3 11 5 -14 -32 14 4 -45 18 -35 3 36 11 -2 20 9 40 1 7 9 3 5 13 3 -6 25 -11 10 7 -9 -21 40 -22
23 13 19 -52 -20 21 -6 -9 -16 -1 -10 -17 -22 36 12 -32 1 9 3 1 1 -16 12 47 -21 6 11 35 60 1 14 -3 9 8 -18 -51 16 9 -45 9 -28 17 19 15 5 21 -3 44 -4 14 3 13 10 23 -4 1 32 -9 -5 14 -6 -29 38 -20
19 19 17 -43 -11 10 -3 -2 -4 -5 -5 -17 -19 28 12 -28 -1 0 4 0 3 -19 16 36 -28 9 14 19 44 -1 12 -13 11 12 -17 -40 14 9 -35 9 -10 15 14 16 9 18 -2 45 -6 13 3 11 6 17 0 -7 26 -5 -2 9 -10 -31 25 -6
25 14 5 -47 -21 28 -11 -8 -13 1 -15 -9 -16 31 9 -32 -5 5 3 3 -8 -23 12 44 -30 6 5 34 75 10 11 11 13 11 -11 -52 13 11 -44 13 -30 2 27 9 6 25 -2 61 -7 10 -1 5 10 23 2 0 25 -8 -3 16 -5 -25 40 -25
26 20 11 -48 -13 26 -5 -18 -21 -5 -9 -10 -19 23 -10 -24 3 9 11 -9 -3 -12 18 40 -32 9 9 20 64 9 -2 22 20 2 -19 -30 9 8 -38 4 -15 3 27 5 -1 25 -11 38 -10 11 14 0 8 12 6 -2 21 -20 -2 12 -12 -19 22 -20
27 23 5 -40 -14 23 -18 -26 -20 3 -7 -23 -10 27 -4 -28 -4 12 3 -9 6 -16 17 39 -27 5 16 24 67 3 -2 12 16 9 -27 -42 3 11 -43 22 -28 3 23 18 1 25 4 58 -10 -2 8 4 -1 14 5 8 20 -19 0 11 -12 -16 22 -27
27 10 14 -47 -16 14 -19 -17 -23 6 -9 -18 -13 23 -1 -27 -1 9 2 -9 3 -16 18 37 -26 9 7 24 65 7 -2 10 19 4 -19 -43 6 8 -44 6 -29 5 26 11 3 20 -5 41 -1 7 6 6 7 18 7 9 20 -24 -2 17 -6 -24 28 -26
29 18 9 -50 -24 25 -11 -17 -19 3 3 -22 -15 32 -5 -33 -13 6 4 -9 3 -18 11 40 -31 6 14 23 71 6 2 9 16 2 -21 -40 2 6 -41 18 -34 -5 32 15 3 13 1 64 -10 -4 5 4 -5 6 -1 7 18 -20 -1 10 -12 -17 19 -24
34 21 12 -45 -17 9 -16 -24 -15 -5 1 -18 -18 29 -3 -28 -17 8 0 -9 7 -18 6 36 -27 4 22 22 67 -1 0 7 12 8 -26 -34 2 8 -48 19 -22 -1 26 19 -6 25 1 54 -8 -5 4 15 2 14 5 3 27 -16 -2 -2 3 -13 23 -20
42 15 7 -50 -11 14 -13 -16 -21 -3 -10 -17 -13 26 1 -26 -8 5 7 -2 -3 -16 14 34 -30 7 13 25 62 1 -1 11 16 6 -20 -31 4 12 -44 7 -22 -2 33 8 -1 21 -3 49 0 0 9 3 -2 13 6 10 17 -25 6 -1 7 -12 26 -22
41 29 10 -63 -12 26 -9 -12 -19 -5 -3 -17 -17 34 -8 -31 -14 15 -13 -5 -12 -15 2 29 -22 6 17 6 75 -6 13 22 21 -1 -22 -35 1 29 -51 10 -39 2 21 18 4 8 3 43 -3 0 11 5 -3 8 -1 10 22 -12 -12 13 -11 -9 37 -20
10 -1 8 -7 -10 11 5 -9 -4 -7 -5 9 -29 8 7 -11 -8 6 1 10 12 -15 -2 21 -3 4 17 -6 -16 8 11 10 9 17 -19 5 -4 11 3 37 53 6 -7 5 9 9 8 11 -3 0 -4 1 1 0 12 -6 25 6 10 -11 -7 -7 -17 -23
33 -3 19 -24 -20 35 7 -11 -10 -4 -22 8 -12 11 31 -15 -23 6 12 -2 16 -27 -22 33 -12 3 12 -1 27 -11 12 10 7 12 -10 -27 3 46 -14 16 -3 13 20 21 0 6 5 -4 12 -10 -8 2 17 0 -1 10 1 -5 20 -7 16 -13 -11 4
33 -3 19 -24 -20 35 7 -11 -10 -4 -22 8 -12 11 31 -15 -23 6 12 -2 16 -27 -22 33 -12 3 12 -1 27 -11 12 10 7 12 -10 -27 3 46 -14 16 -3 13 20 21 0 6 5 -4 12 -10 -8 2 17 0 -1 10 1 -5 20 -7 16 -13 -11 4
33 -3 19 -24 -20 35 7 -11 -10 -4 -22 8 -12 11 31 -15 -23 6 12 -2 16 -27 -22 33 -12 3 12 -1 27 -11 12 10 7 12 -10 -27 3 46 -14 16 -3 13 20 21 0 6 5 -4 12 -10 -8 2 17 0 -1 10 1 -5 20 -7 16 -13 -11 4
33 -3 19 -24 -20 35 7 -11 -10 -4 -22 8 -12 11 31 -15 -23 6 12 -2 16 -27 -22 33 -12 3 12 -1 27 -11 12 10 7 12 -10 -27 3 46 -14 16 -3 13 20 21 0 6 5 -4 12 -10 -8 2 17 0 -1 10 1 -5 20 -7 16 -13 -11 4
33 -3 19 -24 -20 35 7 -11 -10 -4 -22 8 -12 11 31 -15 -23 6 12 -2 16 -27 -22 33 -12 3 12 -1 27 -11 12 10 7 12 -10 -27 3 46 -14 16 -3 13 20 21 0 6 5 -4 12 -10 -8 2 17 0 -1 10 1 -5 20 -7 16 -13 -11 4
33 -3 19 -24 -20 35 7 -11 -10 -4 -22 8 -12 11 31 -15 -23 6 12 -2 16 -27 -22 33 -12 3 12 -1 27 -11 12 10 7 12 -10 -27 3 46 -14 16 -3 13 20 21 0 6 5 -4 12 -10 -8 2 17 0 -1 10 1 -5 20 -7 16 -13 -11 4
33 -3 19 -24 -20 35 7 -11 -10 -4 -22 8 -12 11 31 -15 -23 6 12 -2 16 -27 -22 33 -12 3 12 -1 27 -11 12 10 7 12 -10 -27 3 46 -14 16 -3 13 20 21 0 6 5 -4 12 -10 -8 2 17 0 -1 10 1 -5 20 -7 16 -13 -11 4
33 -3 19 -24 -20 35 7 -11 -10 -4 -22 8 -12 11 31 -15 -23 6 12 -2 16 -27 -22 33 -12 3 12 -1 27 -11 12 10 7 12 -10 -27 3 46 -14 16 -3 13 20 21 0 6 5 -4 12 -10 -8 2 17 0 -1 10 1 -5 20 -7 16 -13 -11 4
33 -3 19 -24 -20 35 7 -11 -10 -4 -22 8 -12 11 31 -15 -23 6 12 -2 16 -27 -22 33 -12 3 12 -1 27 -11 12 10 7 12 -10 -27 3 46 -14 16 -3 13 20 21 0 6 5 -4 12 -10 -8 2 17 0 -1 10 1 -5 20 -7 16 -13 -11 4
33 -3 19 -24 -20 35 7 -11 -10 -4 -22 8 -12 11 31 -15 -23 6 12 -2 16 -27 -22 33 -12 3 12 -1 27 -11 12 10 7 12 -10 -27 3 46 -14 16 -3 13 20 21 0 6 5 -4 12 -10 -8 2 17 0 -1 10 1 -5 20 -7 16 -13 -11 4
33 -3 19 -24 -20 35 7 -11 -10 -4 -22 8 -12 11 31 -15 -23 6 12 -2 16 -27 -22 33 -12 3 12 -1 27 -11 12 10 7 12 -10 -27 3 46 -14 16 -3 13 20 21 0 6 5 -4 12 -10 -8 2 17 0 -1 10 1 -5 20 -7 16 -13 -11 4
33 -3 19 -24 -20 35 7 -11 -10 -4 -22 8 -12 11 31 -15 -23 6 12 -2 16 -27 -22 33 -12 3 12 -1 27 -11 12 10 7 12 -10 -27 3 46 -14 16 -3 13 20 21 0 6 5 -4 12 -10 -8 2 17 0 -1 10 1 -5 20 -7 16 -13 -11 4
33 -3 19 -24 -20 35 7 -11 -10 -4 -22 8 -12 11 31 -15 -23 6 12 -2 16 -27 -22 33 -12 3 12 -1 27 -11 12 10 7 12 -10 -27 3 46 -14 16 -3 13 20 21 0 6 5 -4 12 -10 -8 2 17 0 -1 10 1 -5 20 -7 16 -13 -11 4
33 -3 19 -24 -20 35 7 -11 -10 -4 -22 8 -12 11 31 -15 -23 6 12 -2 16 -27 -22 33 -12 3 12 -1 27 -11 12 10 7 12 -10 -27 3 46 -14 16 -3 13 20 21 0 6 5 -4 12 -10 -8 2 17 0 -1 10 1 -5 20 -7 16 -13 -11 4
33 -3 19 -24 -20 35 7 -11 -10 -4 -22 8 -12 11 31 -15 -23 6 12 -2 16 -27 -22 33 -12 3 12 -1 27 -11 12 10 7 12 -10 -27 3 46 -14 16 -3 13 20 21 0 6 5 -4 12 -10 -8 2 17 0 -1 10 1 -5 20 -7 16 -13 -11 4
33 -3 19 -24 -20 35 7 -11 -10 -4 -22 8 -12 11 31 -15 -23 6 12 -2 16 -27 -22 33 -12 3 12 -1 27 -11 12 10 7 12 -10 -27 3 46 -14 16 -3 13 20 21 0 6 5 -4 12 -10 -8 2 17 0 -1 10 1 -5 20 -7 16 -13 -11 4
33 -3 19 -24 -20 35 7 -11 -10 -4 -22 8 -12 11 31 -15 -23 6 12 -2 16 -27 -22 33 -12 3 12 -1 27 -11 12 10 7 12 -10 -27 3 46 -14 16 -3 13 20 21 0 6 5 -4 12 -10 -8 2 17 0 -1 10 1 -5 20 -7 16 -13 -11 4
33 -3 19 -24 -20 35 7 -11 -10 -4 -22 8 -12 11 31 -15 -23 6 12 -2 16 -27 -22 33 -12 3 12 -1 27 -11 12 10 7 12 -10 -27 3 46 -14 16 -3 13 20 21 0 6 5 -4 12 -10 -8 2 17 0 -1 10 1 -5 20 -7 16 -13 -11 4
33 -3 19 -24 -20 35 7 -11 -10 -4 -22 8 -12 11 31 -15 -23 6 12 -2 16 -27 -22 33 -12 3 12 -1 27 -11 12 10 7 12 -10 -27 3 46 -14 16 -3 13 20 21 0 6 5 -4 12 -10 -8 2 17 0 -1 10 1 -5 20 -7 16 -13 -11 4
33 -3 19 -24 -20 35 7 -11 -10 -4 -22 8 -12 11 31 -15 -23 6 12 -2 16 -27 -22 33 -12 3 12 -1 27 -11 12 10 7 12 -10 -27 3 46 -14 16 -3 13 20 21 0 6 5 -4 12 -10 -8 2 17 0 -1 10 1 -5 20 -7 16 -13 -11 4
33 -3 19 -24 -20 35 7 -11 -10 -4 -22 8 -12 11 31 -15 -23 6 12 -2 16 -27 -22 33 -12 3 12 -1 27 -11 12 10 7 12 -10 -27 3 46 -14 16 -3 13 20 21 0 6 5 -4 12 -10 -8 2 17 0 -1 10 1 -5 20 -7 16 -13 -11 4
33 -3 19 -24 -20 35 7 -11 -10 -4 -22 8 -12 11 31 -15 -23 6 12 -2 16 -27 -22 33 -12 3 12 -1 27 -11 12 10 7 12 -10 -27 3 46 -14 16 -3 13 20 21 0 6 5 -4 12 -10 -8 2 17 0 -1 10 1 -5 20 -7 16 -13 -11 4
33 -3 19 -24 -20 35 7 -11 -10 -4 -22 8 -12 11 31 -15 -23 6 12 -2 16 -27 -22 33 -12 3 12 -1 27 -11 12 10 7 12 -10 -27 3 46 -14 16 -3 13 20 21 0 6 5 -4 12 -10 -8 2 17 0 -1 10 1 -5 20 -7 16 -13 -11 4
33 -3 19 -24 -20 35 7 -11 -10 -4 -22 8 -12 11 31 -15 -23 6 12 -2 16 -27 -22 33 -12 3 12 -1 27 -11 12 10 7 12 -10 -27 3 46 -14 16 -3 13 20 21 0 6 5 -4 12 -10 -8 2 17 0 -1 10 1 -5 20 -7 16 -13 -11 4
33 -3 19 -24 -20 35 7 -11 -10 -4 -22 8 -12 11 31 -15 -23 6 12 -2 16 -27 -22 33 -12 3 12 -1 27 -11 12 10 7 12 -10 -27 3 46 -14 16 -3 13 20 21 0 6 5 -4 12 -10 -8 2 17 0 -1 10 1 -5 20 -7 16 -13 -11 4
33 -3 19 -24 -20 35 7 -11 -10 -4 -22 8 -12 11 31 -15 -23 6 12 -2 16 -27 -22 33 -12 3 12 -1 27 -11 12 10 7 12 -10 -27 3 46 -14 16 -3 13 20 21 0 6 5 -4 12 -10 -8 2 17 0 -1 10 1 -5 20 -7 16 -13 -11 4
33 -3 19 -24 -20 35 7 -11 -10 -4 -22 8 -12 11 31 -15 -23 6 12 -2 16 -27 -22 33 -12 3 12 -1 27 -11 12 10 7 12 -10 -27 3 46 -14 16 -3 13 20 21 0 6 5 -4 12 -10 -8 2 17 0 -1 10 1 -5 20 -7 16 -13 -11 4
33 -3 19 -24 -20 35 7 -11 -10 -4 -22 8 -12 11 31 -15 -23 6 12 -2 16 -27 -22 33 -12 3 12 -1 27 -11 12 10 7 12 -10 -27 3 46 -14 16 -3 13 20 21 0 6 5 -4 12 -10 -8 2 17 0 -1 10 1 -5 20 -7 16 -13 -11 4
33 -3 19 -24 -20 35 7 -11 -10 -4 -22 8 -12 11 31 -15 -23 6 12 -2 16 -27 -22 33 -12 3 12 -1 27 -11 12 10 7 12 -10 -27 3 46 -14 16 -3 13 20 21 0 6 5 -4 12 -10 -8 2 17 0 -1 10 1 -5 20 -7 16 -13 -11 4
33 -3 19 -24 -20 35 7 -11 -10 -4 -22 8 -12 11 31 -15 -23 6 12 -2 16 -27 -22 33 -12 3 12 -1 27 -11 12 10 7 12 -10 -27 3 46 -14 16 -3 13 20 21 0 6 5 -4 12 -10 -8 2 17 0 -1 10 1 -5 20 -7 16 -13 -11 4
33 -3 19 -24 -20 35 7 -11 -10 -4 -22 8 -12 11 31 -15 -23 6 12 -2 16 -27 -22 33 -12 3 12 -1 27 -11 12 10 7 12 -10 -27 3 46 -14 16 -3 13 20 21 0 6 5 -4 12 -10 -8 2 17 0 -1 10 1 -5 20 -7 16 -13 -11 4
33 -3 19 -24 -20 35 7 -11 -10 -4 -22 8 -12 11 31 -15 -23 6 12 -2 16 -27 -22 33 -12 3 12 -1 27 -11 12 10 7 12 -10 -27 3 46 -14 16 -3 13 20 21 0 6 5 -4 12 -10 -8 2 17 0 -1 10 1 -5 20 -7 16 -13 -11 4
33 -3 19 -24 -20 35 7 -11 -10 -4 -22 8 -12 11 31 -15 -23 6 12 -2 16 -27 -22 33 -12 3 12 -1 27 -11 12 10 7 12 -10 -27 3 46 -14 16 -3 13 20 21 0 6 5 -4 12 -10 -8 2 17 0 -1 10 1 -5 20 -7 16 -13 -11 4
33 -3 19 -24 -20 35 7 -11 -10 -4 -22 8 -12 11 31 -15 -23 6 12 -2 16 -27 -22 33 -12 3 12 -1 27 -11 12 10 7 12 -10 -27 3 46 -14 16 -3 13 20 21 0 6 5 -4 12 -10 -8 2 17 0 -1 10 1 -5 20 -7 16 -13 -11 4
33 -3 19 -24 -20 35 7 -11 -10 -4 -22 8 -12 11 31 -15 -23 6 12 -2 16 -27 -22 33 -12 3 12 -1 27 -11 12 10 7 12 -10 -27 3 46 -14 16 -3 13 20 21 0 6 5 -4 12 -10 -8 2 17 0 -1 10 1 -5 20 -7 16 -13 -11 4
33 -3 19 -24 -20 35 7 -11 -10 -4 -22 8 -12 11 31 -15 -23 6 12 -2 16 -27 -22 33 -12 3 12 -1 27 -11 12 10 7 12 -10 -27 3 46 -14 16 -3 13 20 21 0 6 5 -4 12 -10 -8 2 17 0 -1 10 1 -5 20 -7 16 -13 -11 4
33 -3 19 -24 -20 35 7 -11 -10 -4 -22 8 -12 11 31 -15 -23 6 12 -2 16 -27 -22 33 -12 3 12 -1 27 -11 12 10 7 12 -10 -27 3 46 -14 16 -3 13 20 21 0 6 5 -4 12 -10 -8 2 17 0 -1 10 1 -5 20 -7 16 -13 -11 4
33 -3 19 -24 -20 35 7 -11 -10 -4 -22 8 -12 11 31 -15 -23 6 12 -2 16 -27 -22 33 -12 3 12 -1 27 -11 12 10 7 12 -10 -27 3 46 -14 16 -3 13 20 21 0 6 5 -4 12 -10 -8 2 17 0 -1 10 1 -5 20 -7 16 -13 -11 4
33 -3 19 -24 -20 35 7 -11 -10 -4 -22 8 -12 11 31 -15 -23 6 12 -2 16 -27 -22 33 -12 3 12 -1 27 -11 12 10 7 12 -10 -27 3 46 -14 16 -3 13 20 21 0 6 5 -4 12 -10 -8 2 17 0 -1 10 1 -5 20 -7 16 -13 -11 4
33 -3 19 -24 -20 35 7 -11 -10 -4 -22 8 -12 11 31 -15 -23 6 12 -2 16 -27 -22 33 -12 3 12 -1 27 -11 12 10 7 12 -10 -27 3 46 -14 16 -3 13 20 21 0 6 5 -4 12 -10 -8 2 17 0 -1 10 1 -5 20 -7 16 -13 -11 4
33 -3 19 -24 -20 35 7 -11 -10 -4 -22 8 -12 11 31 -15 -23 6 12 -2 16 -27 -22 33 -12 3 12 -1 27 -11 12 10 7 12 -10 -27 3 46 -14 16 -3 13 20 21 0 6 5 -4 12 -10 -8 2 17 0 -1 10 1 -5 20 -7 16 -13 -11 4
33 -3 19 -24 -20 35 7 -11 -10 -4 -22 8 -12 11 31 -15 -23 6 12 -2 16 -27 -22 33 -12 3 12 -1 27 -11 12 10 7 12 -10 -27 3 46 -14 16 -3 13 20 21 0 6 5 -4 12 -10 -8 2 17 0 -1 10 1 -5 20 -7 16 -13 -11 4
33 -3 19 -24 -20 35 7 -11 -10 -4 -22 8 -12 11 31 -15 -23 6 12 -2 16 -27 -22 33 -12 3 12 -1 27 -11 12 10 7 12 -10 -27 3 46 -14 16 -3 13 20 21 0 6 5 -4 12 -10 -8 2 17 0 -1 10 1 -5 20 -7 16 -13 -11 4
33 -3 19 -24 -20 35 7 -11 -10 -4 -22 8 -12 11 31 -15 -23 6 12 -2 16 -27 -22 33 -12 3 12 -1 27 -11 12 10 7 12 -10 -27 3 46 -14 16 -3 13 20 21 0 6 5 -4 12 -10 -8 2 17 0 -1 10 1 -5 20 -7 16 -13 -11 4
33 -3 19 -24 -20 35 7 -11 -10 -4 -22 8 -12 11 31 -15 -23 6 12 -2 16 -27 -22 33 -12 3 12 -1 27 -11 12 10 7 12 -10 -27 3 46 -14 16 -3 13 20 21 0 6 5 -4 12 -10 -8 2 17 0 -1 10 1 -5 20 -7 16 -13 -11 4
33 -3 19 -24 -20 35 7 -11 -10 -4 -22 8 -12 11 31 -15 -23 6 12 -2 16 -27 -22 33 -12 3 12 -1 27 -11 12 10 7 12 -10 -27 3 46 -14 16 -3 13 20 21 0 6 5 -4 12 -10 -8 2 17 0 -1 10 1 -5 20 -7 16 -13 -11 4
33 -3 19 -24 -20 35 7 -11 -10 -4 -22 8 -12 11 31 -15 -23 6 12 -2 16 -27 -22 33 -12 3 12 -1 27 -11 12 10 7 12 -10 -27 3 46 -14 16 -3 13 20 21 0 6 5 -4 12 -10 -8 2 17 0 -1 10 1 -5 20 -7 16 -13 -11 4
33 -3 19 -24 -20 35 7 -11 -10 -4 -22 8 -12 11 31 -15 -23 6 12 -2 16 -27 -22 33 -12 3 12 -1 27 -11 12 10 7 12 -10 -27 3 46 -14 16 -3 13 20 21 0 6 5 -4 12 -10 -8 2 17 0 -1 10 1 -5 20 -7 16 -13 -11 4
33 -3 19 -24 -20 35 7 -11 -10 -4 -22 8 -12 11 31 -15 -23 6 12 -2 16 -27 -22 33 -12 3 12 -1 27 -11 12 10 7 12 -10 -27 3 46 -14 16 -3 13 20 21 0 6 5 -4 12 -10 -8 2 17 0 -1 10 1 -5 20 -7 16 -13 -11 4
33 -3 19 -24 -20 35 7 -11 -10 -4 -22 8 -12 11 31 -15 -23 6 12 -2 16 -27 -22 33 -12 3 12 -1 27 -11 12 10 7 12 -10 -27 3 46 -14 16 -3 13 20 21 0 6 5 -4 12 -10 -8 2 17 0 -1 10 1 -5 20 -7 16 -13 -11 4
33 -3 19 -24 -20 35 7 -11 -10 -4 -22 8 -12 11 31 -15 -23 6 12 -2 16 -27 -22 33 -12 3 12 -1 27 -11 12 10 7 12 -10 -27 3 46 -14 16 -3 13 20 21 0 6 5 -4 12 -10 -8 2 17 0 -1 10 1 -5 20 -7 16 -13 -11 4
33 -3 19 -24 -20 35 7 -11 -10 -4 -22 8 -12 11 31 -15 -23 6 12 -2 16 -27 -22 33 -12 3 12 -1 27 -11 12 10 7 12 -10 -27 3 46 -14 16 -3 13 20 21 0 6 5 -4 12 -10 -8 2 17 0 -1 10 1 -5 20 -7 16 -13 -11 4
33 -3 19 -24 -20 35 7 -11 -10 -4 -22 8 -12 11 31 -15 -23 6 12 -2 16 -27 -22 33 -12 3 12 -1 27 -11 12 10 7 12 -10 -27 3 46 -14 16 -3 13 20 21 0 6 5 -4 12 -10 -8 2 17 0 -1 10 1 -5 20 -7 16 -13 -11 4
33 -3 19 -24 -20 35 7 -11 -10 -4 -22 8 -12 11 31 -15 -23 6 12 -2 16 -27 -22 33 -12 3 12 -1 27 -11 12 10 7 12 -10 -27 3 46 -14 16 -3 13 20 21 0 6 5 -4 12 -10 -8 2 17 0 -1 10 1 -5 20 -7 16 -13 -11 4
33 -3 19 -24 -20 35 7 -11 -10 -4 -22 8 -12 11 31 -15 -23 6 12 -2 16 -27 -22 33 -12 3 12 -1 27 -11 12 10 7 12 -10 -27 3 46 -14 16 -3 13 20 21 0 6 5 -4 12 -10 -8 2 17 0 -1 10 1 -5 20 -7 16 -13 -11 4
33 -3 19 -24 -20 35 7 -11 -10 -4 -22 8 -12 11 31 -15 -23 6 12 -2 16 -27 -22 33 -12 3 12 -1 27 -11 12 10 7 12 -10 -27 3 46 -14 16 -3 13 20 21 0 6 5 -4 12 -10 -8 2 17 0 -1 10 1 -5 20 -7 16 -13 -11 4
33 -3 19 -24 -20 35 7 -11 -10 -4 -22 8 -12 11 31 -15 -23 6 12 -2 16 -27 -22 33 -12 3 12 -1 27 -11 12 10 7 12 -10 -27 3 46 -14 16 -3 13 20 21 0 6 5 -4 12 -10 -8 2 17 0 -1 10 1 -5 20 -7 16 -13 -11 4
33 -3 19 -24 -20 35 7 -11 -10 -4 -22 8 -12 11 31 -15 -23 6 12 -2 16 -27 -22 33 -12 3 12 -1 27 -11 12 10 7 12 -10 -27 3 46 -14 16 -3 13 20 21 0 6 5 -4 12 -10 -8 2 17 0 -1 10 1 -5 20 -7 16 -13 -11 4
33 -3 19 -24 -20 35 7 -11 -10 -4 -22 8 -12 11 31 -15 -23 6 12 -2 16 -27 -22 33 -12 3 12 -1 27 -11 12 10 7 12 -10 -27 3 46 -14 16 -3 13 20 21 0 6 5 -4 12 -10 -8 2 17 0 -1 10 1 -5 20 -7 16 -13 -11 4
33 -3 19 -24 -20 35 7 -11 -10 -4 -22 8 -12 11 31 -15 -23 6 12 -2 16 -27 -22 33 -12 3 12 -1 27 -11 12 10 7 12 -10 -27 3 46 -14 16 -3 13 20 21 0 6 5 -4 12 -10 -8 2 17 0 -1 10 1 -5 20 -7 16 -13 -11 4
33 -3 19 -24 -20 35 7 -11 -10 -4 -22 8 -12 11 31 -15 -23 6 12 -2 16 -27 -22 33 -12 3 12 -1 27 -11 12 10 7 12 -10 -27 3 46 -14 16 -3 13 20 21 0 6 5 -4 12 -10 -8 2 17 0 -1 10 1 -5 20 -7 16 -13 -11 4
33 -3 19 -24 -20 35 7 -11 -10 -4 -22 8 -12 11 31 -15 -23 6 12 -2 16 -27 -22 33 -12 3 12 -1 27 -11 12 10 7 12 -10 -27 3 46 -14 16 -3 13 20 21 0 6 5 -4 12 -10 -8 2 17 0 -1 10 1 -5 20 -7 16 -13 -11 4
33 -3 19 -24 -20 35 7 -11 -10 -4 -22 8 -12 11 31 -15 -23 6 12 -2 16 -27 -22 33 -12 3 12 -1 27 -11 12 10 7 12 -10 -27 3 46 -14 16 -3 13 20 21 0 6 5 -4 12 -10 -8 2 17 0 -1 10 1 -5 20 -7 16 -13 -11 4
33 -3 19 -24 -20 35 7 -11 -10 -4 -22 8 -12 11 31 -15 -23 6 12 -2 16 -27 -22 33 -12 3 12 -1 27 -11 12 10 7 12 -10 -27 3 46 -14 16 -3 13 20 21 0 6 5 -4 12 -10 -8 2 17 0 -1 10 1 -5 20 -7 16 -13 -11 4
33 -3 19 -24 -20 35 7 -11 -10 -4 -22 8 -12 11 31 -15 -23 6 12 -2 16 -27 -22 33 -12 3 12 -1 27 -11 12 10 7 12 -10 -27 3 46 -14 16 -3 13 20 21 0 6 5 -4 12 -10 -8 2 17 0 -1 10 1 -5 20 -7 16 -13 -11 4
33 -3 19 -24 -20 35 7 -11 -10 -4 -22 8 -12 11 31 -15 -23 6 12 -2 16 -27 -22 33 -12 3 12 -1 27 -11 12 10 7 12 -10 -27 3 46 -14 16 -3 13 20 21 0 6 5 -4 12 -10 -8 2 17 0 -1 10 1 -5 20 -7 16 -13 -11 4
33 -3 19 -24 -20 35 7 -11 -10 -4 -22 8 -12 11 31 -15 -23 6 12 -2 16 -27 -22 33 -12 3 12 -1 27 -11 12 10 7 12 -10 -27 3 46 -14 16 -3 13 20 21 0 6 5 -4 12 -10 -8 2 17 0 -1 10 1 -5 20 -7 16 -13 -11 4
33 -3 19 -24 -20 35 7 -11 -10 -4 -22 8 -12 11 31 -15 -23 6 12 -2 16 -27 -22 33 -12 3 12 -1 27 -11 12 10 7 12 -10 -27 3 46 -14 16 -3 13 20 21 0 6 5 -4 12 -10 -8 2 17 0 -1 10 1 -5 20 -7 16 -13 -11 4
33 -3 19 -24 -20 35 7 -11 -10 -4 -22 8 -12 11 31 -15 -23 6 12 -2 16 -27 -22 33 -12 3 12 -1 27 -11 12 10 7 12 -10 -27 3 46 -14 16 -3 13 20 21 0 6 5 -4 12 -10 -8 2 17 0 -1 10 1 -5 20 -7 16 -13 -11 4
33 -3 19 -24 -20 35 7 -11 -10 -4 -22 8 -12 11 31 -15 -23 6 12 -2 16 -27 -22 33 -12 3 12 -1 27 -11 12 10 7 12 -10 -27 3 46 -14 16 -3 13 20 21 0 6 5 -4 12 -10 -8 2 17 0 -1 10 1 -5 20 -7 16 -13 -11 4
33 -3 19 -24 -20 35 7 -11 -10 -4 -22 8 -12 11 31 -15 -23 6 12 -2 16 -27 -22 33 -12 3 12 -1 27 -11 12 10 7 12 -10 -27 3 46 -14 16 -3 13 20 21 0 6 5 -4 12 -10 -8 2 17 0 -1 10 1 -5 20 -7 16 -13 -11 4
33 -3 19 -24 -20 35 7 -11 -10 -4 -22 8 -12 11 31 -15 -23 6 12 -2 16 -27 -22 33 -12 3 12 -1 27 -11 12 10 7 12 -10 -27 3 46 -14 16 -3 13 20 21 0 6 5 -4 12 -10 -8 2 17 0 -1 10 1 -5 20 -7 16 -13 -11 4
33 -3 19 -24 -20 35 7 -11 -10 -4 -22 8 -12 11 31 -15 -23 6 12 -2 16 -27 -22 33 -12 3 12 -1 27 -11 12 10 7 12 -10 -27 3 46 -14 16 -3 13 20 21 0 6 5 -4 12 -10 -8 2 17 0 -1 10 1 -5 20 -7 16 -13 -11 4
33 -3 19 -24 -20 35 7 -11 -10 -4 -22 8 -12 11 31 -15 -23 6 12 -2 16 -27 -22 33 -12 3 12 -1 27 -11 12 10 7 12 -10 -27 3 46 -14 16 -3 13 20 21 0 6 5 -4 12 -10 -8 2 17 0 -1 10 1 -5 20 -7 16 -13 -11 4
33 -3 19 -24 -20 35 7 -11 -10 -4 -22 8 -12 11 31 -15 -23 6 12 -2 16 -27 -22 33 -12 3 12 -1 27 -11 12 10 7 12 -10 -27 3 46 -14 16 -3 13 20 21 0 6 5 -4 12 -10 -8 2 17 0 -1 10 1 -5 20 -7 16 -13 -11 4
33 -3 19 -24 -20 35 7 -11 -10 -4 -22 8 -12 11 31 -15 -23 6 12 -2 16 -27 -22 33 -12 3 12 -1 27 -11 12 10 7 12 -10 -27 3 46 -14 16 -3 13 20 21 0 6 5 -4 12 -10 -8 2 17 0 -1 10 1 -5 20 -7 16 -13 -11 4
33 -3 19 -24 -20 35 7 -11 -10 -4 -22 8 -12 11 31 -15 -23 6 12 -2 16 -27 -22 33 -12 3 12 -1 27 -11 12 10 7 12 -10 -27 3 46 -14 16 -3 13 20 21 0 6 5 -4 12 -10 -8 2 17 0 -1 10 1 -5 20 -7 16 -13 -11 4
33 -3 19 -24 -20 35 7 -11 -10 -4 -22 8 -12 11 31 -15 -23 6 12 -2 16 -27 -22 33 -12 3 12 -1 27 -11 12 10 7 12 -10 -27 3 46 -14 16 -3 13 20 21 0 6 5 -4 12 -10 -8 2 17 0 -1 10 1 -5 20 -7 16 -13 -11 4
33 -3 19 -24 -20 35 7 -11 -10 -4 -22 8 -12 11 31 -15 -23 6 12 -2 16 -27 -22 33 -12 3 12 -1 27 -11 12 10 7 12 -10 -27 3 46 -14 16 -3 13 20 21 0 6 5 -4 12 -10 -8 2 17 0 -1 10 1 -5 20 -7 16 -13 -11 4
33 -3 19 -24 -20 35 7 -11 -10 -4 -22 8 -12 11 31 -15 -23 6 12 -2 16 -27 -22 33 -12 3 12 -1 27 -11 12 10 7 12 -10 -27 3 46 -14 16 -3 13 20 21 0 6 5 -4 12 -10 -8 2 17 0 -1 10 1 -5 20 -7 16 -13 -11 4
33 -3 19 -24 -20 35 7 -11 -10 -4 -22 8 -12 11 31 -15 -23 6 12 -2 16 -27 -22 33 -12 3 12 -1 27 -11 12 10 7 12 -10 -27 3 46 -14 16 -3 13 20 21 0 6 5 -4 12 -10 -8 2 17 0 -1 10 1 -5 20 -7 16 -13 -11 4
33 -3 19 -24 -20 35 7 -11 -10 -4 -22 8 -12 11 31 -15 -23 6 12 -2 16 -27 -22 33 -12 3 12 -1 27 -11 12 10 7 12 -10 -27 3 46 -14 16 -3 13 20 21 0 6 5 -4 12 -10 -8 2 17 0 -1 10 1 -5 20 -7 16 -13 -11 4
33 -3 19 -24 -20 35 7 -11 -10 -4 -22 8 -12 11 31 -15 -23 6 12 -2 16 -27 -22 33 -12 3 12 -1 27 -11 12 10 7 12 -10 -27 3 46 -14 16 -3 13 20 21 0 6 5 -4 12 -10 -8 2 17 0 -1 10 1 -5 20 -7 16 -13 -11 4
33 -3 19 -24 -20 35 7 -11 -10 -4 -22 8 -12 11 31 -15 -23 6 12 -2 16 -27 -22 33 -12 3 12 -1 27 -11 12 10 7 12 -10 -27 3 46 -14 16 -3 13 20 21 0 6 5 -4 12 -10 -8 2 17 0 -1 10 1 -5 20 -7 16 -13 -11 4
33 -3 19 -24 -20 35 7 -11 -10 -4 -22 8 -12 11 31 -15 -23 6 12 -2 16 -27 -22 33 -12 3 12 -1 27 -11 12 10 7 12 -10 -27 3 46 -14 16 -3 13 20 21 0 6 5 -4 12 -10 -8 2 17 0 -1 10 1 -5 20 -7 16 -13 -11 4
33 -3 19 -24 -20 35 7 -11 -10 -4 -22 8 -12 11 31 -15 -23 6 12 -2 16 -27 -22 33 -12 3 12 -1 27 -11 12 10 7 12 -10 -27 3 46 -14 16 -3 13 20 21 0 6 5 -4 12 -10 -8 2 17 0 -1 10 1 -5 20 -7 16 -13 -11 4
33 -3 19 -24 -20 35 7 -11 -10 -4 -22 8 -12 11 31 -15 -23 6 12 -2 16 -27 -22 33 -12 3 12 -1 27 -11 12 10 7 12 -10 -27 3 46 -14 16 -3 13 20 21 0 6 5 -4 12 -10 -8 2 17 0 -1 10 1 -5 20 -7 16 -13 -11 4
