20 -9 8 12 17 9 -2 -3 6 1 -2 -9 -7 14 6 -1 -2 30 4 20 8 7 5 2 -8 1 -7 -8 6 6 -2 -6 4 0 -14 7 3 -3 -1 2 12 1 -3 -2 -4 -13 -13 -1 1 4 12 8 2 -5 -1 -24 2 -5 6 -14 -2 9 -9 -4
-3 5 -3 29 -7 10 2 2 15 -9 -7 10 0 12 29 -7 1 52 -1 19 6 2 -13 21 -8 -6 -7 -13 8 -11 -16 -35 10 12 -10 26 -8 20 -2 -10 -11 1 -7 -31 -30 -12 -16 2 9 1 11 3 -8 0 1 6 0 -19 -23 -9 24 -2 -12 -9
-9 22 -3 42 12 5 14 -6 13 0 -1 6 5 6 26 -13 -12 62 5 18 -16 -3 -6 29 -22 -3 5 -8 16 -11 -5 -28 -4 8 3 10 -29 5 12 -6 -23 18 -10 -35 -30 3 -6 4 3 -15 -6 -12 -2 6 -6 0 3 -30 -21 -6 12 -4 -10 -16
6 30 -1 41 -13 2 10 1 15 5 6 15 23 -6 6 -18 -8 61 7 22 -12 0 -2 17 -19 -2 12 -20 5 -7 -8 -22 -16 -5 -12 4 -26 -3 11 -17 -35 31 -8 -24 8 -5 2 24 -8 -33 -3 -27 -16 10 4 15 5 -40 -18 -14 10 -1 -9 6
-1 0 7 42 14 -4 2 -2 1 14 6 17 27 -1 3 -8 -15 44 13 19 -1 -5 -11 9 -11 0 10 -4 1 -12 -6 -25 -20 9 -4 10 -12 14 14 -14 -25 21 4 -20 -6 -26 -9 2 -9 -30 -5 -16 0 4 3 1 1 -41 -11 -24 -10 -9 -19 2
-18 20 5 40 3 -10 2 -9 12 10 16 11 16 -5 4 -7 2 49 -6 27 -21 -5 -5 14 -16 2 11 -17 4 -8 -10 -32 -10 7 -20 12 -14 14 1 -1 -28 22 2 -32 -3 -21 -12 5 -2 -34 0 -14 -15 14 1 3 -9 -43 -8 -28 -9 -11 -4 2
6 18 7 33 -10 -7 15 -7 21 21 0 29 11 -7 7 -20 -15 55 10 24 1 -8 0 27 -22 -12 10 -5 -1 -7 -14 -18 -2 2 -14 2 -10 2 16 -11 -32 20 17 -42 -9 -30 -3 24 -7 -23 -24 -7 -7 8 1 -14 -11 -46 -9 -12 4 1 -24 -1
0 19 -7 31 -8 -3 21 12 18 10 6 20 11 0 1 -19 -14 48 -3 31 -19 3 -5 22 -37 -8 -11 -27 7 -11 -7 -12 -6 5 -12 6 -42 5 9 -5 -25 10 -4 -21 10 -20 -15 38 -5 -22 1 2 -28 8 2 -14 -4 -33 -7 -16 18 1 -10 -6
4 22 1 42 1 3 -9 0 2 10 1 26 6 2 -5 -9 -17 59 -5 16 -8 1 -20 30 -22 5 5 -5 -3 -13 -5 -35 -17 11 3 9 -33 -1 9 -13 -33 9 -14 -9 3 -20 -1 4 4 -20 2 -13 -18 4 10 -5 6 -38 -2 1 21 12 -7 10
-2 19 0 40 -15 15 7 11 -8 -4 -16 10 -1 4 18 -23 1 69 -6 22 -15 -9 -11 20 -22 -12 -8 -1 -5 -25 -34 -22 -5 8 10 18 -32 24 11 8 -44 -6 -18 -26 -30 -14 12 19 8 -14 9 -13 -6 16 -6 -19 8 -39 -25 4 2 14 -21 -4
9 32 0 57 13 0 -2 8 4 23 3 27 9 1 -5 -14 -18 65 -8 18 0 5 -12 22 -22 15 11 -5 -1 -7 -15 -37 -8 9 8 10 -34 -2 13 -20 -33 17 -16 -10 4 -15 4 10 0 -7 -3 -21 -25 0 12 -8 1 -46 1 -4 20 17 -5 -6
2 30 -12 59 5 20 -7 -3 -7 15 24 25 17 -6 14 -25 -25 73 -8 19 -8 -2 -17 28 -12 -8 4 -21 -24 2 -9 -35 -19 -8 -9 6 -40 13 14 -9 -34 9 -3 -13 -7 -19 3 15 8 -3 -6 -31 -20 16 22 -5 0 -38 4 -4 10 11 -8 5
7 29 6 55 2 26 -11 -1 -5 -4 20 28 18 -6 7 -14 -15 65 12 8 -19 1 -8 35 -12 -2 2 -8 -9 -14 6 -35 -14 -5 -5 14 -30 21 18 -6 -42 4 -3 -13 -5 -11 4 12 11 -1 8 -26 -19 4 15 6 -2 -33 -16 -25 24 -6 -4 -3
3 12 3 42 -4 19 -1 10 -1 5 15 11 5 5 25 -14 -11 51 4 3 -26 2 1 25 -16 1 -3 -13 6 -11 -9 -25 -11 4 2 23 -16 23 13 -9 -28 0 -2 -12 -18 -10 -25 18 11 5 1 5 -19 8 10 -4 -16 -33 -7 -24 26 -10 -19 -4
1 22 -10 57 6 8 -1 2 -15 -18 20 27 11 -2 13 -18 -6 61 2 7 -18 -17 -9 36 -22 -11 -5 -16 -12 -14 -29 -42 -29 0 15 14 -28 39 9 -4 -52 2 -5 -7 -13 -8 -7 9 13 10 5 -18 -14 10 2 -8 -18 -36 -25 -15 7 -5 -34 11
2 37 -11 65 1 6 0 7 -9 1 16 36 7 -1 14 -14 -5 73 -9 0 -18 0 -4 50 -11 -5 -2 -19 -8 -9 -22 -49 -12 7 0 9 -28 35 12 2 -48 -1 -1 -5 -9 -1 -14 21 4 3 -4 -29 -31 -2 7 0 -12 -33 -21 -17 12 -6 -23 11
3 29 5 49 -1 7 4 23 6 7 25 29 11 -1 26 -11 -15 67 0 1 -18 -1 -14 35 -16 -8 24 -14 -10 -13 -21 -38 -25 -1 1 1 -16 17 18 -22 -39 5 2 0 -11 -7 -20 2 -7 -2 -7 -20 -11 11 -6 -34 -19 -37 -6 -10 23 7 -13 19
-3 24 1 48 1 9 10 16 -4 5 25 27 16 11 2 -9 -17 47 7 11 -12 -5 -15 47 -12 -2 -2 -8 -5 -8 -14 -41 -15 -1 -12 4 -27 17 13 -23 -33 6 2 -8 5 -14 -8 10 -2 0 -8 -26 -11 -7 10 -24 -15 -35 -13 -12 17 12 -21 17
12 24 4 42 7 13 14 13 3 5 25 22 1 15 15 -1 -19 62 -6 15 -14 5 -13 37 -20 -10 20 -19 -13 -17 -21 -29 -4 6 -4 5 -24 21 13 -36 -22 9 -7 -11 -6 -1 -12 6 -10 5 -14 -28 -16 13 7 -27 -18 -45 -19 -14 24 -9 -22 5
18 19 13 43 -4 7 2 4 -6 7 28 3 6 25 23 -26 -15 55 -19 15 -19 17 -2 38 -22 1 8 -11 -4 -20 4 -36 -15 -10 -4 1 -9 20 19 -5 -43 3 7 -11 -22 -17 -14 12 -3 -4 -11 -23 -21 0 -12 -23 -9 -26 -9 -4 26 -4 -13 0
6 23 -10 57 -10 7 14 13 4 10 5 21 6 10 18 -20 -22 49 3 9 -36 -1 -23 43 -14 -1 -4 -7 -10 -16 -15 -25 -7 -2 -4 1 -26 30 25 -8 -45 0 4 -4 -10 -10 -12 16 0 -4 -12 -15 -42 -14 -7 -24 -11 -31 -12 -7 15 -5 -7 -7
-2 13 -7 56 4 10 7 -2 5 -3 -7 33 10 8 38 -24 -12 56 1 13 5 -2 -13 27 -25 -9 -16 -5 4 -35 -23 -47 -16 -8 -7 -11 -50 27 22 -14 -32 2 -25 -4 -33 -12 -13 4 14 6 3 3 -11 7 9 -19 -5 -26 -14 -15 -1 5 -12 2
9 -8 7 9 9 4 7 5 2 5 0 0 -7 15 4 6 -3 18 -3 12 4 -1 7 -10 -5 0 -2 -8 7 -8 0 -2 3 0 -2 8 6 5 -1 6 2 -8 1 -2 -8 -10 -8 3 7 5 11 7 -1 -11 1 -21 -2 -13 -1 -4 -2 11 -6 -3
-9 3 11 68 -4 -13 2 -20 18 0 1 -13 27 8 19 -14 0 37 -5 39 7 4 12 16 -17 -9 -22 6 -5 -17 -17 -10 0 -3 8 3 -4 -4 5 -11 -4 4 -27 -18 -19 -1 -3 6 7 -10 -11 -7 -12 7 9 -19 -8 -17 -15 -22 -4 -4 1 -1
-16 12 25 79 -9 -6 2 -23 25 -7 -13 -19 18 4 21 -12 -9 58 -20 39 3 14 12 22 -33 -19 -19 3 5 -20 -17 -20 1 3 17 4 -20 -1 5 -5 -6 -1 -15 -19 -14 -2 -8 3 25 -16 -23 -5 -18 14 -8 -17 -17 -10 -19 -27 8 3 -5 -1
-11 0 24 70 -10 -5 -3 -15 21 -3 4 -7 17 -1 4 -21 -4 56 7 39 -1 -4 11 32 -21 -10 1 -4 0 -17 -11 -19 -4 -15 17 6 -24 0 -1 -26 -6 5 -6 -9 3 -11 8 10 -5 -24 -3 -29 0 3 6 1 -18 -30 -16 -21 4 -8 3 -4
-14 -14 27 59 -7 -10 -5 -2 23 -8 7 -9 19 -4 6 -17 -11 40 -4 32 -3 -5 1 27 -16 8 10 -4 -14 -9 -15 -14 -16 -2 6 7 -4 1 -6 -13 -4 9 9 -14 -9 -33 -6 7 -5 -24 -15 -21 -6 5 12 -24 -22 -22 -10 -18 -3 -4 -15 3
-22 -17 26 61 -12 -13 5 -17 24 1 14 4 13 12 4 -14 -8 41 -9 36 -11 -3 3 31 -16 -11 5 -8 -18 -2 -11 -20 -5 -5 -2 3 -7 0 -15 -14 0 16 2 -20 -5 -28 -7 11 -10 -26 -9 -10 -8 4 8 -12 -28 -22 -13 -17 -6 -4 -7 -1
-12 -5 25 54 -23 -2 8 -10 16 6 -2 14 11 10 7 -24 -18 44 -2 40 6 -9 -7 30 -14 -3 -2 0 -11 -8 -11 -26 3 -6 -10 -9 3 0 1 -25 -8 3 7 -10 -17 -38 3 23 2 -21 -10 -14 -7 -14 3 -25 -14 -31 -16 -12 -2 1 -1 -18
-23 -17 10 60 -13 -12 2 -4 21 5 -6 12 22 11 4 -21 -14 47 -3 47 -6 -3 -2 26 -26 -15 -13 -8 -2 -20 -9 -18 5 -4 3 -3 -23 11 -5 -29 -8 -10 1 -1 7 -28 -9 27 -5 -16 -6 -7 -14 3 5 -11 -15 -19 -14 -11 12 -1 3 -20
-20 -6 16 70 2 -4 -10 -9 12 5 2 4 12 1 5 -21 -18 55 -10 40 -1 -1 -7 36 -23 6 -6 -2 -4 -10 -6 -27 0 2 13 -3 -18 -7 0 -28 -11 1 -5 10 2 -17 5 3 5 -19 -10 -8 -5 -10 9 -6 -3 -37 -1 -12 17 0 1 -8
-22 -9 17 68 9 -9 -7 -4 14 4 4 4 10 15 -4 -12 -21 40 -16 32 4 3 -8 34 -5 14 -8 0 -7 -2 -13 -23 -1 3 16 9 -19 -6 1 -33 -15 -3 -15 8 13 -15 -3 6 0 -10 -16 -14 -8 -15 11 -13 -6 -27 1 -14 9 13 -3 -11
-10 -4 20 85 -1 -10 -21 -25 -8 7 11 5 20 1 21 -25 -21 64 -9 44 2 -6 -17 33 -12 -4 0 -14 -18 -5 -2 -29 -10 -11 3 -1 -32 4 4 -17 -13 -2 5 3 10 -19 4 4 8 -5 -18 -28 -9 4 16 1 -15 -22 6 -17 7 11 8 -3
-20 -6 12 76 4 -2 -13 -17 -5 -1 0 5 11 3 5 -12 -7 46 1 24 -16 8 -8 43 -10 -5 3 -12 -3 -7 -2 -30 5 -11 9 9 -10 15 0 -11 -19 -8 7 7 10 -3 -11 -9 5 5 -12 -29 -4 -3 18 9 -22 -12 -16 -14 8 -3 -8 -1
-20 4 25 74 -5 -6 -5 2 17 -1 20 10 17 -4 15 -15 -13 51 4 32 -16 -10 -3 37 -19 -6 21 -6 -9 -9 -17 -29 -18 -8 8 1 -4 14 2 -27 -10 6 12 14 -1 -7 -10 -5 -8 -6 -18 -19 0 -1 2 -30 -24 -25 -5 -16 18 -4 -4 12
-17 -3 20 74 -6 -10 -3 -13 8 -4 18 5 21 0 -1 -16 -9 39 7 32 -9 -5 -8 45 -16 -4 0 -1 -11 -6 -2 -24 -2 -16 8 3 -10 5 5 -20 -15 1 6 1 8 -9 -4 -3 -2 -6 -15 -27 1 -8 9 -16 -17 -21 -4 -19 14 -3 -2 4
-7 -5 31 67 -1 -6 1 -9 12 -11 22 8 10 18 4 -9 0 48 -3 35 -13 1 -6 46 -22 -7 14 -17 -10 -13 -11 -20 -7 -7 1 5 -14 11 -3 -37 -7 0 3 9 2 -13 -10 -2 -15 -9 -23 -25 -1 5 10 -12 -35 -32 -10 -11 16 -12 -12 6
-12 -7 28 65 -6 -1 1 0 3 2 20 2 9 16 18 -24 -12 44 -16 38 -15 6 2 46 -34 0 -2 -11 -8 -15 2 -24 0 -20 9 -12 -11 13 -4 -15 -22 -10 13 -4 -13 -21 -14 5 2 0 -24 -19 -1 -8 -15 -17 -28 -21 -16 -4 18 -7 -17 -8
-14 -7 14 71 -22 -7 6 -4 16 1 4 13 6 12 17 -19 -17 47 1 31 -24 4 -13 48 -19 1 -10 -2 -12 -16 -15 -24 9 -12 9 -3 -16 13 8 -17 -21 -1 2 14 1 -18 -16 9 3 -2 -15 -18 -22 -20 4 -21 -22 -23 -15 -18 15 -3 3 -15
-11 -13 18 74 -6 10 3 -12 9 -6 -3 19 20 22 26 -15 -13 55 -7 30 14 -4 -25 42 -27 -14 -13 -6 -10 -25 -19 -38 -1 -19 0 -17 -26 13 0 -11 -25 -10 -21 12 -28 -16 -13 3 14 9 -5 0 0 -3 13 -8 -22 -3 -20 -13 -1 10 5 -2
9 -8 7 8 9 3 8 5 3 4 -1 0 -7 15 4 6 -2 18 -3 12 3 -2 7 -9 -4 -1 -2 -8 6 -7 0 -1 3 0 -2 8 6 5 -2 7 1 -7 1 -2 -8 -10 -9 3 7 5 10 8 -1 -11 0 -20 -2 -13 -1 -4 -2 11 -7 -3
-3 -4 -2 30 -16 5 7 5 5 -1 4 -6 -6 16 4 -15 -12 32 -7 14 -14 -4 2 -21 -4 12 -13 -10 12 -15 -19 -15 3 2 -3 10 -11 25 22 -1 -8 -2 -17 -12 -20 -13 -15 4 -2 5 5 21 -4 -4 -6 0 16 -15 -4 -11 15 4 -7 -8
-3 -4 -2 30 -16 5 7 5 5 -1 4 -6 -6 16 4 -15 -12 32 -7 14 -14 -4 2 -21 -4 12 -13 -10 12 -15 -19 -15 3 2 -3 10 -11 25 22 -1 -8 -2 -17 -12 -20 -13 -15 4 -2 5 5 21 -4 -4 -6 0 16 -15 -4 -11 15 4 -7 -8
-3 -4 -2 30 -16 5 7 5 5 -1 4 -6 -6 16 4 -15 -12 32 -7 14 -14 -4 2 -21 -4 12 -13 -10 12 -15 -19 -15 3 2 -3 10 -11 25 22 -1 -8 -2 -17 -12 -20 -13 -15 4 -2 5 5 21 -4 -4 -6 0 16 -15 -4 -11 15 4 -7 -8
-3 -4 -2 30 -16 5 7 5 5 -1 4 -6 -6 16 4 -15 -12 32 -7 14 -14 -4 2 -21 -4 12 -13 -10 12 -15 -19 -15 3 2 -3 10 -11 25 22 -1 -8 -2 -17 -12 -20 -13 -15 4 -2 5 5 21 -4 -4 -6 0 16 -15 -4 -11 15 4 -7 -8
-3 -4 -2 30 -16 5 7 5 5 -1 4 -6 -6 16 4 -15 -12 32 -7 14 -14 -4 2 -21 -4 12 -13 -10 12 -15 -19 -15 3 2 -3 10 -11 25 22 -1 -8 -2 -17 -12 -20 -13 -15 4 -2 5 5 21 -4 -4 -6 0 16 -15 -4 -11 15 4 -7 -8
-3 -4 -2 30 -16 5 7 5 5 -1 4 -6 -6 16 4 -15 -12 32 -7 14 -14 -4 2 -21 -4 12 -13 -10 12 -15 -19 -15 3 2 -3 10 -11 25 22 -1 -8 -2 -17 -12 -20 -13 -15 4 -2 5 5 21 -4 -4 -6 0 16 -15 -4 -11 15 4 -7 -8
-3 -4 -2 30 -16 5 7 5 5 -1 4 -6 -6 16 4 -15 -12 32 -7 14 -14 -4 2 -21 -4 12 -13 -10 12 -15 -19 -15 3 2 -3 10 -11 25 22 -1 -8 -2 -17 -12 -20 -13 -15 4 -2 5 5 21 -4 -4 -6 0 16 -15 -4 -11 15 4 -7 -8
-3 -4 -2 30 -16 5 7 5 5 -1 4 -6 -6 16 4 -15 -12 32 -7 14 -14 -4 2 -21 -4 12 -13 -10 12 -15 -19 -15 3 2 -3 10 -11 25 22 -1 -8 -2 -17 -12 -20 -13 -15 4 -2 5 5 21 -4 -4 -6 0 16 -15 -4 -11 15 4 -7 -8
-3 -4 -2 30 -16 5 7 5 5 -1 4 -6 -6 16 4 -15 -12 32 -7 14 -14 -4 2 -21 -4 12 -13 -10 12 -15 -19 -15 3 2 -3 10 -11 25 22 -1 -8 -2 -17 -12 -20 -13 -15 4 -2 5 5 21 -4 -4 -6 0 16 -15 -4 -11 15 4 -7 -8
-3 -4 -2 30 -16 5 7 5 5 -1 4 -6 -6 16 4 -15 -12 32 -7 14 -14 -4 2 -21 -4 12 -13 -10 12 -15 -19 -15 3 2 -3 10 -11 25 22 -1 -8 -2 -17 -12 -20 -13 -15 4 -2 5 5 21 -4 -4 -6 0 16 -15 -4 -11 15 4 -7 -8
-3 -4 -2 30 -16 5 7 5 5 -1 4 -6 -6 16 4 -15 -12 32 -7 14 -14 -4 2 -21 -4 12 -13 -10 12 -15 -19 -15 3 2 -3 10 -11 25 22 -1 -8 -2 -17 -12 -20 -13 -15 4 -2 5 5 21 -4 -4 -6 0 16 -15 -4 -11 15 4 -7 -8
-3 -4 -2 30 -16 5 7 5 5 -1 4 -6 -6 16 4 -15 -12 32 -7 14 -14 -4 2 -21 -4 12 -13 -10 12 -15 -19 -15 3 2 -3 10 -11 25 22 -1 -8 -2 -17 -12 -20 -13 -15 4 -2 5 5 21 -4 -4 -6 0 16 -15 -4 -11 15 4 -7 -8
-3 -4 -2 30 -16 5 7 5 5 -1 4 -6 -6 16 4 -15 -12 32 -7 14 -14 -4 2 -21 -4 12 -13 -10 12 -15 -19 -15 3 2 -3 10 -11 25 22 -1 -8 -2 -17 -12 -20 -13 -15 4 -2 5 5 21 -4 -4 -6 0 16 -15 -4 -11 15 4 -7 -8
-3 -4 -2 30 -16 5 7 5 5 -1 4 -6 -6 16 4 -15 -12 32 -7 14 -14 -4 2 -21 -4 12 -13 -10 12 -15 -19 -15 3 2 -3 10 -11 25 22 -1 -8 -2 -17 -12 -20 -13 -15 4 -2 5 5 21 -4 -4 -6 0 16 -15 -4 -11 15 4 -7 -8
-3 -4 -2 30 -16 5 7 5 5 -1 4 -6 -6 16 4 -15 -12 32 -7 14 -14 -4 2 -21 -4 12 -13 -10 12 -15 -19 -15 3 2 -3 10 -11 25 22 -1 -8 -2 -17 -12 -20 -13 -15 4 -2 5 5 21 -4 -4 -6 0 16 -15 -4 -11 15 4 -7 -8
-3 -4 -2 30 -16 5 7 5 5 -1 4 -6 -6 16 4 -15 -12 32 -7 14 -14 -4 2 -21 -4 12 -13 -10 12 -15 -19 -15 3 2 -3 10 -11 25 22 -1 -8 -2 -17 -12 -20 -13 -15 4 -2 5 5 21 -4 -4 -6 0 16 -15 -4 -11 15 4 -7 -8
-3 -4 -2 30 -16 5 7 5 5 -1 4 -6 -6 16 4 -15 -12 32 -7 14 -14 -4 2 -21 -4 12 -13 -10 12 -15 -19 -15 3 2 -3 10 -11 25 22 -1 -8 -2 -17 -12 -20 -13 -15 4 -2 5 5 21 -4 -4 -6 0 16 -15 -4 -11 15 4 -7 -8
-3 -4 -2 30 -16 5 7 5 5 -1 4 -6 -6 16 4 -15 -12 32 -7 14 -14 -4 2 -21 -4 12 -13 -10 12 -15 -19 -15 3 2 -3 10 -11 25 22 -1 -8 -2 -17 -12 -20 -13 -15 4 -2 5 5 21 -4 -4 -6 0 16 -15 -4 -11 15 4 -7 -8
-3 -4 -2 30 -16 5 7 5 5 -1 4 -6 -6 16 4 -15 -12 32 -7 14 -14 -4 2 -21 -4 12 -13 -10 12 -15 -19 -15 3 2 -3 10 -11 25 22 -1 -8 -2 -17 -12 -20 -13 -15 4 -2 5 5 21 -4 -4 -6 0 16 -15 -4 -11 15 4 -7 -8
-3 -4 -2 30 -16 5 7 5 5 -1 4 -6 -6 16 4 -15 -12 32 -7 14 -14 -4 2 -21 -4 12 -13 -10 12 -15 -19 -15 3 2 -3 10 -11 25 22 -1 -8 -2 -17 -12 -20 -13 -15 4 -2 5 5 21 -4 -4 -6 0 16 -15 -4 -11 15 4 -7 -8
-3 -4 -2 30 -16 5 7 5 5 -1 4 -6 -6 16 4 -15 -12 32 -7 14 -14 -4 2 -21 -4 12 -13 -10 12 -15 -19 -15 3 2 -3 10 -11 25 22 -1 -8 -2 -17 -12 -20 -13 -15 4 -2 5 5 21 -4 -4 -6 0 16 -15 -4 -11 15 4 -7 -8
-3 -4 -2 30 -16 5 7 5 5 -1 4 -6 -6 16 4 -15 -12 32 -7 14 -14 -4 2 -21 -4 12 -13 -10 12 -15 -19 -15 3 2 -3 10 -11 25 22 -1 -8 -2 -17 -12 -20 -13 -15 4 -2 5 5 21 -4 -4 -6 0 16 -15 -4 -11 15 4 -7 -8
-3 -4 -2 30 -16 5 7 5 5 -1 4 -6 -6 16 4 -15 -12 32 -7 14 -14 -4 2 -21 -4 12 -13 -10 12 -15 -19 -15 3 2 -3 10 -11 25 22 -1 -8 -2 -17 -12 -20 -13 -15 4 -2 5 5 21 -4 -4 -6 0 16 -15 -4 -11 15 4 -7 -8
-3 -4 -2 30 -16 5 7 5 5 -1 4 -6 -6 16 4 -15 -12 32 -7 14 -14 -4 2 -21 -4 12 -13 -10 12 -15 -19 -15 3 2 -3 10 -11 25 22 -1 -8 -2 -17 -12 -20 -13 -15 4 -2 5 5 21 -4 -4 -6 0 16 -15 -4 -11 15 4 -7 -8
-3 -4 -2 30 -16 5 7 5 5 -1 4 -6 -6 16 4 -15 -12 32 -7 14 -14 -4 2 -21 -4 12 -13 -10 12 -15 -19 -15 3 2 -3 10 -11 25 22 -1 -8 -2 -17 -12 -20 -13 -15 4 -2 5 5 21 -4 -4 -6 0 16 -15 -4 -11 15 4 -7 -8
-3 -4 -2 30 -16 5 7 5 5 -1 4 -6 -6 16 4 -15 -12 32 -7 14 -14 -4 2 -21 -4 12 -13 -10 12 -15 -19 -15 3 2 -3 10 -11 25 22 -1 -8 -2 -17 -12 -20 -13 -15 4 -2 5 5 21 -4 -4 -6 0 16 -15 -4 -11 15 4 -7 -8
-3 -4 -2 30 -16 5 7 5 5 -1 4 -6 -6 16 4 -15 -12 32 -7 14 -14 -4 2 -21 -4 12 -13 -10 12 -15 -19 -15 3 2 -3 10 -11 25 22 -1 -8 -2 -17 -12 -20 -13 -15 4 -2 5 5 21 -4 -4 -6 0 16 -15 -4 -11 15 4 -7 -8
-3 -4 -2 30 -16 5 7 5 5 -1 4 -6 -6 16 4 -15 -12 32 -7 14 -14 -4 2 -21 -4 12 -13 -10 12 -15 -19 -15 3 2 -3 10 -11 25 22 -1 -8 -2 -17 -12 -20 -13 -15 4 -2 5 5 21 -4 -4 -6 0 16 -15 -4 -11 15 4 -7 -8
-3 -4 -2 30 -16 5 7 5 5 -1 4 -6 -6 16 4 -15 -12 32 -7 14 -14 -4 2 -21 -4 12 -13 -10 12 -15 -19 -15 3 2 -3 10 -11 25 22 -1 -8 -2 -17 -12 -20 -13 -15 4 -2 5 5 21 -4 -4 -6 0 16 -15 -4 -11 15 4 -7 -8
-3 -4 -2 30 -16 5 7 5 5 -1 4 -6 -6 16 4 -15 -12 32 -7 14 -14 -4 2 -21 -4 12 -13 -10 12 -15 -19 -15 3 2 -3 10 -11 25 22 -1 -8 -2 -17 -12 -20 -13 -15 4 -2 5 5 21 -4 -4 -6 0 16 -15 -4 -11 15 4 -7 -8
-3 -4 -2 30 -16 5 7 5 5 -1 4 -6 -6 16 4 -15 -12 32 -7 14 -14 -4 2 -21 -4 12 -13 -10 12 -15 -19 -15 3 2 -3 10 -11 25 22 -1 -8 -2 -17 -12 -20 -13 -15 4 -2 5 5 21 -4 -4 -6 0 16 -15 -4 -11 15 4 -7 -8
-3 -4 -2 30 -16 5 7 5 5 -1 4 -6 -6 16 4 -15 -12 32 -7 14 -14 -4 2 -21 -4 12 -13 -10 12 -15 -19 -15 3 2 -3 10 -11 25 22 -1 -8 -2 -17 -12 -20 -13 -15 4 -2 5 5 21 -4 -4 -6 0 16 -15 -4 -11 15 4 -7 -8
-3 -4 -2 30 -16 5 7 5 5 -1 4 -6 -6 16 4 -15 -12 32 -7 14 -14 -4 2 -21 -4 12 -13 -10 12 -15 -19 -15 3 2 -3 10 -11 25 22 -1 -8 -2 -17 -12 -20 -13 -15 4 -2 5 5 21 -4 -4 -6 0 16 -15 -4 -11 15 4 -7 -8
-3 -4 -2 30 -16 5 7 5 5 -1 4 -6 -6 16 4 -15 -12 32 -7 14 -14 -4 2 -21 -4 12 -13 -10 12 -15 -19 -15 3 2 -3 10 -11 25 22 -1 -8 -2 -17 -12 -20 -13 -15 4 -2 5 5 21 -4 -4 -6 0 16 -15 -4 -11 15 4 -7 -8
-3 -4 -2 30 -16 5 7 5 5 -1 4 -6 -6 16 4 -15 -12 32 -7 14 -14 -4 2 -21 -4 12 -13 -10 12 -15 -19 -15 3 2 -3 10 -11 25 22 -1 -8 -2 -17 -12 -20 -13 -15 4 -2 5 5 21 -4 -4 -6 0 16 -15 -4 -11 15 4 -7 -8
-3 -4 -2 30 -16 5 7 5 5 -1 4 -6 -6 16 4 -15 -12 32 -7 14 -14 -4 2 -21 -4 12 -13 -10 12 -15 -19 -15 3 2 -3 10 -11 25 22 -1 -8 -2 -17 -12 -20 -13 -15 4 -2 5 5 21 -4 -4 -6 0 16 -15 -4 -11 15 4 -7 -8
-3 -4 -2 30 -16 5 7 5 5 -1 4 -6 -6 16 4 -15 -12 32 -7 14 -14 -4 2 -21 -4 12 -13 -10 12 -15 -19 -15 3 2 -3 10 -11 25 22 -1 -8 -2 -17 -12 -20 -13 -15 4 -2 5 5 21 -4 -4 -6 0 16 -15 -4 -11 15 4 -7 -8
-3 -4 -2 30 -16 5 7 5 5 -1 4 -6 -6 16 4 -15 -12 32 -7 14 -14 -4 2 -21 -4 12 -13 -10 12 -15 -19 -15 3 2 -3 10 -11 25 22 -1 -8 -2 -17 -12 -20 -13 -15 4 -2 5 5 21 -4 -4 -6 0 16 -15 -4 -11 15 4 -7 -8
-3 -4 -2 30 -16 5 7 5 5 -1 4 -6 -6 16 4 -15 -12 32 -7 14 -14 -4 2 -21 -4 12 -13 -10 12 -15 -19 -15 3 2 -3 10 -11 25 22 -1 -8 -2 -17 -12 -20 -13 -15 4 -2 5 5 21 -4 -4 -6 0 16 -15 -4 -11 15 4 -7 -8
-3 -4 -2 30 -16 5 7 5 5 -1 4 -6 -6 16 4 -15 -12 32 -7 14 -14 -4 2 -21 -4 12 -13 -10 12 -15 -19 -15 3 2 -3 10 -11 25 22 -1 -8 -2 -17 -12 -20 -13 -15 4 -2 5 5 21 -4 -4 -6 0 16 -15 -4 -11 15 4 -7 -8
-3 -4 -2 30 -16 5 7 5 5 -1 4 -6 -6 16 4 -15 -12 32 -7 14 -14 -4 2 -21 -4 12 -13 -10 12 -15 -19 -15 3 2 -3 10 -11 25 22 -1 -8 -2 -17 -12 -20 -13 -15 4 -2 5 5 21 -4 -4 -6 0 16 -15 -4 -11 15 4 -7 -8
-3 -4 -2 30 -16 5 7 5 5 -1 4 -6 -6 16 4 -15 -12 32 -7 14 -14 -4 2 -21 -4 12 -13 -10 12 -15 -19 -15 3 2 -3 10 -11 25 22 -1 -8 -2 -17 -12 -20 -13 -15 4 -2 5 5 21 -4 -4 -6 0 16 -15 -4 -11 15 4 -7 -8
-3 -4 -2 30 -16 5 7 5 5 -1 4 -6 -6 16 4 -15 -12 32 -7 14 -14 -4 2 -21 -4 12 -13 -10 12 -15 -19 -15 3 2 -3 10 -11 25 22 -1 -8 -2 -17 -12 -20 -13 -15 4 -2 5 5 21 -4 -4 -6 0 16 -15 -4 -11 15 4 -7 -8
-3 -4 -2 30 -16 5 7 5 5 -1 4 -6 -6 16 4 -15 -12 32 -7 14 -14 -4 2 -21 -4 12 -13 -10 12 -15 -19 -15 3 2 -3 10 -11 25 22 -1 -8 -2 -17 -12 -20 -13 -15 4 -2 5 5 21 -4 -4 -6 0 16 -15 -4 -11 15 4 -7 -8
-3 -4 -2 30 -16 5 7 5 5 -1 4 -6 -6 16 4 -15 -12 32 -7 14 -14 -4 2 -21 -4 12 -13 -10 12 -15 -19 -15 3 2 -3 10 -11 25 22 -1 -8 -2 -17 -12 -20 -13 -15 4 -2 5 5 21 -4 -4 -6 0 16 -15 -4 -11 15 4 -7 -8
-3 -4 -2 30 -16 5 7 5 5 -1 4 -6 -6 16 4 -15 -12 32 -7 14 -14 -4 2 -21 -4 12 -13 -10 12 -15 -19 -15 3 2 -3 10 -11 25 22 -1 -8 -2 -17 -12 -20 -13 -15 4 -2 5 5 21 -4 -4 -6 0 16 -15 -4 -11 15 4 -7 -8
-3 -4 -2 30 -16 5 7 5 5 -1 4 -6 -6 16 4 -15 -12 32 -7 14 -14 -4 2 -21 -4 12 -13 -10 12 -15 -19 -15 3 2 -3 10 -11 25 22 -1 -8 -2 -17 -12 -20 -13 -15 4 -2 5 5 21 -4 -4 -6 0 16 -15 -4 -11 15 4 -7 -8
-3 -4 -2 30 -16 5 7 5 5 -1 4 -6 -6 16 4 -15 -12 32 -7 14 -14 -4 2 -21 -4 12 -13 -10 12 -15 -19 -15 3 2 -3 10 -11 25 22 -1 -8 -2 -17 -12 -20 -13 -15 4 -2 5 5 21 -4 -4 -6 0 16 -15 -4 -11 15 4 -7 -8
-3 -4 -2 30 -16 5 7 5 5 -1 4 -6 -6 16 4 -15 -12 32 -7 14 -14 -4 2 -21 -4 12 -13 -10 12 -15 -19 -15 3 2 -3 10 -11 25 22 -1 -8 -2 -17 -12 -20 -13 -15 4 -2 5 5 21 -4 -4 -6 0 16 -15 -4 -11 15 4 -7 -8
-3 -4 -2 30 -16 5 7 5 5 -1 4 -6 -6 16 4 -15 -12 32 -7 14 -14 -4 2 -21 -4 12 -13 -10 12 -15 -19 -15 3 2 -3 10 -11 25 22 -1 -8 -2 -17 -12 -20 -13 -15 4 -2 5 5 21 -4 -4 -6 0 16 -15 -4 -11 15 4 -7 -8
-3 -4 -2 30 -16 5 7 5 5 -1 4 -6 -6 16 4 -15 -12 32 -7 14 -14 -4 2 -21 -4 12 -13 -10 12 -15 -19 -15 3 2 -3 10 -11 25 22 -1 -8 -2 -17 -12 -20 -13 -15 4 -2 5 5 21 -4 -4 -6 0 16 -15 -4 -11 15 4 -7 -8
-3 -4 -2 30 -16 5 7 5 5 -1 4 -6 -6 16 4 -15 -12 32 -7 14 -14 -4 2 -21 -4 12 -13 -10 12 -15 -19 -15 3 2 -3 10 -11 25 22 -1 -8 -2 -17 -12 -20 -13 -15 4 -2 5 5 21 -4 -4 -6 0 16 -15 -4 -11 15 4 -7 -8
-3 -4 -2 30 -16 5 7 5 5 -1 4 -6 -6 16 4 -15 -12 32 -7 14 -14 -4 2 -21 -4 12 -13 -10 12 -15 -19 -15 3 2 -3 10 -11 25 22 -1 -8 -2 -17 -12 -20 -13 -15 4 -2 5 5 21 -4 -4 -6 0 16 -15 -4 -11 15 4 -7 -8
-3 -4 -2 30 -16 5 7 5 5 -1 4 -6 -6 16 4 -15 -12 32 -7 14 -14 -4 2 -21 -4 12 -13 -10 12 -15 -19 -15 3 2 -3 10 -11 25 22 -1 -8 -2 -17 -12 -20 -13 -15 4 -2 5 5 21 -4 -4 -6 0 16 -15 -4 -11 15 4 -7 -8
-3 -4 -2 30 -16 5 7 5 5 -1 4 -6 -6 16 4 -15 -12 32 -7 14 -14 -4 2 -21 -4 12 -13 -10 12 -15 -19 -15 3 2 -3 10 -11 25 22 -1 -8 -2 -17 -12 -20 -13 -15 4 -2 5 5 21 -4 -4 -6 0 16 -15 -4 -11 15 4 -7 -8
-3 -4 -2 30 -16 5 7 5 5 -1 4 -6 -6 16 4 -15 -12 32 -7 14 -14 -4 2 -21 -4 12 -13 -10 12 -15 -19 -15 3 2 -3 10 -11 25 22 -1 -8 -2 -17 -12 -20 -13 -15 4 -2 5 5 21 -4 -4 -6 0 16 -15 -4 -11 15 4 -7 -8
-3 -4 -2 30 -16 5 7 5 5 -1 4 -6 -6 16 4 -15 -12 32 -7 14 -14 -4 2 -21 -4 12 -13 -10 12 -15 -19 -15 3 2 -3 10 -11 25 22 -1 -8 -2 -17 -12 -20 -13 -15 4 -2 5 5 21 -4 -4 -6 0 16 -15 -4 -11 15 4 -7 -8
-3 -4 -2 30 -16 5 7 5 5 -1 4 -6 -6 16 4 -15 -12 32 -7 14 -14 -4 2 -21 -4 12 -13 -10 12 -15 -19 -15 3 2 -3 10 -11 25 22 -1 -8 -2 -17 -12 -20 -13 -15 4 -2 5 5 21 -4 -4 -6 0 16 -15 -4 -11 15 4 -7 -8
-3 -4 -2 30 -16 5 7 5 5 -1 4 -6 -6 16 4 -15 -12 32 -7 14 -14 -4 2 -21 -4 12 -13 -10 12 -15 -19 -15 3 2 -3 10 -11 25 22 -1 -8 -2 -17 -12 -20 -13 -15 4 -2 5 5 21 -4 -4 -6 0 16 -15 -4 -11 15 4 -7 -8
-3 -4 -2 30 -16 5 7 5 5 -1 4 -6 -6 16 4 -15 -12 32 -7 14 -14 -4 2 -21 -4 12 -13 -10 12 -15 -19 -15 3 2 -3 10 -11 25 22 -1 -8 -2 -17 -12 -20 -13 -15 4 -2 5 5 21 -4 -4 -6 0 16 -15 -4 -11 15 4 -7 -8
-3 -4 -2 30 -16 5 7 5 5 -1 4 -6 -6 16 4 -15 -12 32 -7 14 -14 -4 2 -21 -4 12 -13 -10 12 -15 -19 -15 3 2 -3 10 -11 25 22 -1 -8 -2 -17 -12 -20 -13 -15 4 -2 5 5 21 -4 -4 -6 0 16 -15 -4 -11 15 4 -7 -8
-3 -4 -2 30 -16 5 7 5 5 -1 4 -6 -6 16 4 -15 -12 32 -7 14 -14 -4 2 -21 -4 12 -13 -10 12 -15 -19 -15 3 2 -3 10 -11 25 22 -1 -8 -2 -17 -12 -20 -13 -15 4 -2 5 5 21 -4 -4 -6 0 16 -15 -4 -11 15 4 -7 -8
-3 -4 -2 30 -16 5 7 5 5 -1 4 -6 -6 16 4 -15 -12 32 -7 14 -14 -4 2 -21 -4 12 -13 -10 12 -15 -19 -15 3 2 -3 10 -11 25 22 -1 -8 -2 -17 -12 -20 -13 -15 4 -2 5 5 21 -4 -4 -6 0 16 -15 -4 -11 15 4 -7 -8
-3 -4 -2 30 -16 5 7 5 5 -1 4 -6 -6 16 4 -15 -12 32 -7 14 -14 -4 2 -21 -4 12 -13 -10 12 -15 -19 -15 3 2 -3 10 -11 25 22 -1 -8 -2 -17 -12 -20 -13 -15 4 -2 5 5 21 -4 -4 -6 0 16 -15 -4 -11 15 4 -7 -8
-3 -4 -2 30 -16 5 7 5 5 -1 4 -6 -6 16 4 -15 -12 32 -7 14 -14 -4 2 -21 -4 12 -13 -10 12 -15 -19 -15 3 2 -3 10 -11 25 22 -1 -8 -2 -17 -12 -20 -13 -15 4 -2 5 5 21 -4 -4 -6 0 16 -15 -4 -11 15 4 -7 -8
-3 -4 -2 30 -16 5 7 5 5 -1 4 -6 -6 16 4 -15 -12 32 -7 14 -14 -4 2 -21 -4 12 -13 -10 12 -15 -19 -15 3 2 -3 10 -11 25 22 -1 -8 -2 -17 -12 -20 -13 -15 4 -2 5 5 21 -4 -4 -6 0 16 -15 -4 -11 15 4 -7 -8
-3 -4 -2 30 -16 5 7 5 5 -1 4 -6 -6 16 4 -15 -12 32 -7 14 -14 -4 2 -21 -4 12 -13 -10 12 -15 -19 -15 3 2 -3 10 -11 25 22 -1 -8 -2 -17 -12 -20 -13 -15 4 -2 5 5 21 -4 -4 -6 0 16 -15 -4 -11 15 4 -7 -8
-3 -4 -2 30 -16 5 7 5 5 -1 4 -6 -6 16 4 -15 -12 32 -7 14 -14 -4 2 -21 -4 12 -13 -10 12 -15 -19 -15 3 2 -3 10 -11 25 22 -1 -8 -2 -17 -12 -20 -13 -15 4 -2 5 5 21 -4 -4 -6 0 16 -15 -4 -11 15 4 -7 -8
-3 -4 -2 30 -16 5 7 5 5 -1 4 -6 -6 16 4 -15 -12 32 -7 14 -14 -4 2 -21 -4 12 -13 -10 12 -15 -19 -15 3 2 -3 10 -11 25 22 -1 -8 -2 -17 -12 -20 -13 -15 4 -2 5 5 21 -4 -4 -6 0 16 -15 -4 -11 15 4 -7 -8
-3 -4 -2 30 -16 5 7 5 5 -1 4 -6 -6 16 4 -15 -12 32 -7 14 -14 -4 2 -21 -4 12 -13 -10 12 -15 -19 -15 3 2 -3 10 -11 25 22 -1 -8 -2 -17 -12 -20 -13 -15 4 -2 5 5 21 -4 -4 -6 0 16 -15 -4 -11 15 4 -7 -8
-3 -4 -2 30 -16 5 7 5 5 -1 4 -6 -6 16 4 -15 -12 32 -7 14 -14 -4 2 -21 -4 12 -13 -10 12 -15 -19 -15 3 2 -3 10 -11 25 22 -1 -8 -2 -17 -12 -20 -13 -15 4 -2 5 5 21 -4 -4 -6 0 16 -15 -4 -11 15 4 -7 -8
-3 -4 -2 30 -16 5 7 5 5 -1 4 -6 -6 16 4 -15 -12 32 -7 14 -14 -4 2 -21 -4 12 -13 -10 12 -15 -19 -15 3 2 -3 10 -11 25 22 -1 -8 -2 -17 -12 -20 -13 -15 4 -2 5 5 21 -4 -4 -6 0 16 -15 -4 -11 15 4 -7 -8
-3 -4 -2 30 -16 5 7 5 5 -1 4 -6 -6 16 4 -15 -12 32 -7 14 -14 -4 2 -21 -4 12 -13 -10 12 -15 -19 -15 3 2 -3 10 -11 25 22 -1 -8 -2 -17 -12 -20 -13 -15 4 -2 5 5 21 -4 -4 -6 0 16 -15 -4 -11 15 4 -7 -8
-3 -4 -2 30 -16 5 7 5 5 -1 4 -6 -6 16 4 -15 -12 32 -7 14 -14 -4 2 -21 -4 12 -13 -10 12 -15 -19 -15 3 2 -3 10 -11 25 22 -1 -8 -2 -17 -12 -20 -13 -15 4 -2 5 5 21 -4 -4 -6 0 16 -15 -4 -11 15 4 -7 -8
-3 -4 -2 30 -16 5 7 5 5 -1 4 -6 -6 16 4 -15 -12 32 -7 14 -14 -4 2 -21 -4 12 -13 -10 12 -15 -19 -15 3 2 -3 10 -11 25 22 -1 -8 -2 -17 -12 -20 -13 -15 4 -2 5 5 21 -4 -4 -6 0 16 -15 -4 -11 15 4 -7 -8
-3 -4 -2 30 -16 5 7 5 5 -1 4 -6 -6 16 4 -15 -12 32 -7 14 -14 -4 2 -21 -4 12 -13 -10 12 -15 -19 -15 3 2 -3 10 -11 25 22 -1 -8 -2 -17 -12 -20 -13 -15 4 -2 5 5 21 -4 -4 -6 0 16 -15 -4 -11 15 4 -7 -8
-3 -4 -2 30 -16 5 7 5 5 -1 4 -6 -6 16 4 -15 -12 32 -7 14 -14 -4 2 -21 -4 12 -13 -10 12 -15 -19 -15 3 2 -3 10 -11 25 22 -1 -8 -2 -17 -12 -20 -13 -15 4 -2 5 5 21 -4 -4 -6 0 16 -15 -4 -11 15 4 -7 -8
-3 -4 -2 30 -16 5 7 5 5 -1 4 -6 -6 16 4 -15 -12 32 -7 14 -14 -4 2 -21 -4 12 -13 -10 12 -15 -19 -15 3 2 -3 10 -11 25 22 -1 -8 -2 -17 -12 -20 -13 -15 4 -2 5 5 21 -4 -4 -6 0 16 -15 -4 -11 15 4 -7 -8
-3 -4 -2 30 -16 5 7 5 5 -1 4 -6 -6 16 4 -15 -12 32 -7 14 -14 -4 2 -21 -4 12 -13 -10 12 -15 -19 -15 3 2 -3 10 -11 25 22 -1 -8 -2 -17 -12 -20 -13 -15 4 -2 5 5 21 -4 -4 -6 0 16 -15 -4 -11 15 4 -7 -8
-3 -4 -2 30 -16 5 7 5 5 -1 4 -6 -6 16 4 -15 -12 32 -7 14 -14 -4 2 -21 -4 12 -13 -10 12 -15 -19 -15 3 2 -3 10 -11 25 22 -1 -8 -2 -17 -12 -20 -13 -15 4 -2 5 5 21 -4 -4 -6 0 16 -15 -4 -11 15 4 -7 -8
-3 -4 -2 30 -16 5 7 5 5 -1 4 -6 -6 16 4 -15 -12 32 -7 14 -14 -4 2 -21 -4 12 -13 -10 12 -15 -19 -15 3 2 -3 10 -11 25 22 -1 -8 -2 -17 -12 -20 -13 -15 4 -2 5 5 21 -4 -4 -6 0 16 -15 -4 -11 15 4 -7 -8
-3 -4 -2 30 -16 5 7 5 5 -1 4 -6 -6 16 4 -15 -12 32 -7 14 -14 -4 2 -21 -4 12 -13 -10 12 -15 -19 -15 3 2 -3 10 -11 25 22 -1 -8 -2 -17 -12 -20 -13 -15 4 -2 5 5 21 -4 -4 -6 0 16 -15 -4 -11 15 4 -7 -8
-3 -4 -2 30 -16 5 7 5 5 -1 4 -6 -6 16 4 -15 -12 32 -7 14 -14 -4 2 -21 -4 12 -13 -10 12 -15 -19 -15 3 2 -3 10 -11 25 22 -1 -8 -2 -17 -12 -20 -13 -15 4 -2 5 5 21 -4 -4 -6 0 16 -15 -4 -11 15 4 -7 -8
-3 -4 -2 30 -16 5 7 5 5 -1 4 -6 -6 16 4 -15 -12 32 -7 14 -14 -4 2 -21 -4 12 -13 -10 12 -15 -19 -15 3 2 -3 10 -11 25 22 -1 -8 -2 -17 -12 -20 -13 -15 4 -2 5 5 21 -4 -4 -6 0 16 -15 -4 -11 15 4 -7 -8
-3 -4 -2 30 -16 5 7 5 5 -1 4 -6 -6 16 4 -15 -12 32 -7 14 -14 -4 2 -21 -4 12 -13 -10 12 -15 -19 -15 3 2 -3 10 -11 25 22 -1 -8 -2 -17 -12 -20 -13 -15 4 -2 5 5 21 -4 -4 -6 0 16 -15 -4 -11 15 4 -7 -8
-3 -4 -2 30 -16 5 7 5 5 -1 4 -6 -6 16 4 -15 -12 32 -7 14 -14 -4 2 -21 -4 12 -13 -10 12 -15 -19 -15 3 2 -3 10 -11 25 22 -1 -8 -2 -17 -12 -20 -13 -15 4 -2 5 5 21 -4 -4 -6 0 16 -15 -4 -11 15 4 -7 -8
-3 -4 -2 30 -16 5 7 5 5 -1 4 -6 -6 16 4 -15 -12 32 -7 14 -14 -4 2 -21 -4 12 -13 -10 12 -15 -19 -15 3 2 -3 10 -11 25 22 -1 -8 -2 -17 -12 -20 -13 -15 4 -2 5 5 21 -4 -4 -6 0 16 -15 -4 -11 15 4 -7 -8
