18 -8 -15 -9 3 1 14 -1 -1 -5 -13 7 -9 -21 -14 9 -4 -23 12 8 14 11 18 -5 23 -10 13 -16 1 -15 23 4 -2 0 -22 4 0 -12 10 18 1 3 -20 -33 5 -39 12 -26 6 3 32 27 19 7 30 8 13 22 6 4 -6 23 7 15
17 0 -16 -5 -11 36 27 -14 30 5 2 2 -4 -6 -23 27 -11 -7 28 5 14 23 12 -15 16 -18 2 -27 5 -12 20 9 3 -29 -20 7 -14 8 35 19 13 43 -37 -46 14 -4 6 -12 -13 -23 -30 24 -7 14 28 19 -47 10 -9 -6 17 40 2 33
16 11 -30 -7 -2 35 30 -27 36 12 -3 0 -4 -18 -21 13 -14 -7 28 4 23 7 0 -2 2 -18 9 -26 17 -14 15 15 6 -18 3 0 -3 -4 37 27 18 51 -27 -12 25 5 -2 0 -14 8 -40 13 -2 22 24 20 -37 2 -6 -9 13 44 -7 33
16 16 -37 -7 -4 16 37 -30 24 21 -16 8 1 -6 -18 30 -24 4 26 -1 29 6 -25 6 -7 -15 -9 -27 21 -6 5 26 -15 -5 -3 -21 11 15 28 42 0 50 -17 -6 34 8 10 3 -11 -3 -35 4 -9 8 2 11 -30 -8 -4 -2 9 52 -18 42
11 12 -35 1 -2 13 20 -26 18 21 -19 13 -11 -18 -23 27 -2 -2 17 9 13 7 -18 2 3 -31 7 -3 7 7 3 16 -1 4 -10 -30 -13 11 23 40 2 44 -22 4 21 4 9 2 -7 10 -31 -17 -9 3 0 21 -29 7 -5 -4 23 39 4 38
13 24 -33 3 -8 22 28 -12 16 27 -25 15 -7 -16 -25 35 -18 -13 32 11 8 12 -33 0 -4 -24 3 -2 13 -3 4 17 -4 14 -13 -23 2 17 29 39 15 50 -27 2 20 13 14 -13 -15 2 -33 -14 -11 1 5 26 -35 11 -14 -5 11 43 -7 30
3 19 -40 -3 4 13 36 -7 6 17 -24 2 -10 -12 -22 26 -14 -9 27 -3 20 -11 -32 17 12 -34 4 -14 23 11 12 17 6 12 -1 -16 4 16 21 47 9 58 -15 -4 33 13 16 -30 -5 13 -25 8 -13 2 -16 17 -44 2 -1 0 7 54 1 31
17 13 -44 -4 -11 21 38 -5 24 27 -20 14 -5 -7 -25 27 -20 -9 24 0 25 10 -30 8 2 -18 0 -20 14 1 7 24 -7 1 0 -29 6 28 11 33 6 45 -19 2 36 7 16 -7 -19 8 -22 -4 -5 -6 -15 8 -36 3 12 2 4 47 -2 36
10 5 -44 -16 4 20 29 -26 20 21 -10 9 4 -13 -25 30 -11 -9 35 4 20 3 -24 2 2 -21 -9 -15 19 -1 5 14 5 -15 -15 -22 -1 7 22 38 4 51 -23 -16 37 4 7 12 -5 -7 -33 9 -3 12 -8 10 -21 -7 5 -2 7 58 -8 37
14 14 -40 1 9 46 28 -49 30 13 -12 2 -9 -37 -26 30 -10 -15 18 15 25 7 -7 -6 -1 -21 8 -12 13 -3 16 3 6 -18 16 -13 -11 -18 20 33 8 63 -46 -20 24 24 -10 -1 -5 3 -56 3 -3 16 -6 -1 -34 -6 -7 -6 12 33 -2 33
11 1 -51 -11 10 21 45 -38 28 25 -14 25 -2 -12 -31 34 -11 -25 33 7 25 1 -14 -5 2 -32 -5 -26 26 -2 10 19 -3 -13 -1 -9 -2 11 21 38 15 43 -31 -13 23 12 4 20 -7 -2 -36 8 -5 9 -6 16 -21 -5 -2 -7 5 59 -10 38
9 11 -54 2 2 26 37 -44 16 24 -5 16 -2 -23 -30 37 -1 -13 29 1 10 2 -29 0 2 -18 -8 -26 16 11 7 33 1 -11 -4 -18 10 12 29 40 5 57 -22 -9 41 19 5 10 -20 2 -47 -4 1 8 -15 25 -16 -9 4 -19 4 67 -13 32
14 8 -44 -8 0 28 30 -36 31 23 -10 31 -3 -27 -38 33 9 1 46 0 14 0 -17 -6 -7 -26 -15 -32 11 3 19 22 -2 -27 1 -20 6 15 27 34 -5 60 -26 -15 36 10 6 -2 -20 -11 -52 -5 -3 7 -12 30 -22 7 3 -2 10 63 -4 44
2 7 -31 7 3 35 28 -11 22 14 -21 17 -13 -23 -32 35 13 -10 32 17 11 7 -19 -16 0 -29 -7 -14 -6 -3 35 20 4 -29 -6 -15 -6 20 12 34 -2 53 -11 -12 20 -2 0 -5 -27 -8 -39 -12 0 11 -20 37 -20 7 -2 9 17 43 -2 41
9 11 -45 9 14 38 18 -38 27 19 -10 15 8 -31 -27 28 17 -16 37 15 18 11 -10 -5 -13 -11 12 -28 8 2 22 5 1 -30 -1 -18 -20 1 25 41 -7 64 -37 -21 26 25 -2 -1 -31 2 -71 -5 0 19 -31 18 -5 -1 -1 -1 10 48 -14 45
12 8 -44 -8 9 36 44 -37 37 29 -21 27 2 -19 -35 19 9 -11 43 6 14 5 -25 -14 -12 -10 4 -33 6 6 14 22 -15 -23 -3 -16 -2 10 33 42 -5 57 -23 -15 30 21 -1 7 -28 -3 -60 0 -2 9 -29 32 -10 4 7 -6 16 54 -13 45
18 -4 -41 -4 10 30 39 -42 18 25 -14 18 0 -23 -31 43 22 -19 17 -2 13 4 -21 -7 -1 -19 0 -24 12 3 9 20 -2 -14 -7 -25 -4 18 28 50 -5 55 -21 -12 28 20 0 12 -28 6 -50 -10 3 6 -25 20 3 -1 0 -5 19 48 -7 39
7 -1 -38 -8 8 22 31 -32 36 31 -13 27 12 -20 -29 34 13 -11 31 2 15 4 -24 -15 -11 -6 -5 -25 16 -6 15 22 -2 -23 6 -23 2 10 29 42 -4 49 -20 -11 31 23 4 1 -18 11 -35 1 4 16 -15 26 -11 -2 12 0 18 55 -14 37
12 6 -47 -3 22 26 40 -33 20 36 -13 22 -1 -13 -42 35 5 -28 23 7 9 6 -23 -16 -3 -15 0 -21 18 3 10 16 -19 -14 2 -17 9 24 27 43 -3 50 -22 -17 25 22 7 11 -29 3 -42 -9 -8 12 -21 24 -9 12 0 -4 20 46 -10 38
16 6 -43 2 -1 26 29 -20 18 24 -24 19 2 -24 -27 32 14 -12 20 13 13 -8 -22 -8 1 -30 12 -23 14 8 10 22 -5 -16 -13 -12 11 21 26 40 3 57 -23 -12 24 16 10 4 -27 -1 -43 -7 -6 15 -26 35 1 2 5 -1 22 47 -2 44
8 8 -47 -6 6 34 30 -31 26 31 -13 30 10 -4 -22 36 4 -19 22 4 9 8 -20 -14 0 -13 5 -30 11 -4 17 17 -9 -23 -5 -19 12 17 25 36 0 54 -25 -8 26 13 16 1 -35 21 -37 1 -2 2 -24 23 -1 -4 13 -4 21 55 -17 38
9 6 -60 9 5 40 9 -40 22 22 -4 15 -11 -27 -21 24 9 -22 28 19 19 12 -15 -9 -14 -12 21 -15 1 0 27 -8 10 -36 21 -27 -2 -3 18 30 -5 59 -22 -27 5 38 -6 -16 -28 8 -61 7 5 24 -16 2 -13 5 0 -19 20 49 -9 34
22 6 -10 -13 6 2 19 5 -2 -12 -4 9 -10 -27 -30 27 8 -21 -1 4 17 12 -12 -9 14 -21 -5 -13 10 -9 16 9 3 -5 -20 -1 0 -4 6 32 18 11 -14 -28 17 -65 11 -14 0 13 57 9 4 6 19 14 22 27 17 2 3 22 2 19
4 -15 -40 -22 12 5 8 -14 10 5 -4 13 0 -29 -34 14 -21 -17 13 7 8 13 -14 -18 1 6 17 -16 -7 -19 36 6 1 -23 3 -3 -4 -7 28 6 13 25 -13 -3 11 17 7 -28 -3 3 -15 18 1 17 20 11 -35 11 3 -18 15 49 -12 36
5 -11 -52 -26 20 1 -2 1 17 12 -7 20 -1 -25 -39 12 -8 -14 5 13 19 17 -8 0 0 -12 22 -12 -9 -13 32 7 2 -11 11 -12 2 -5 25 9 14 36 -27 -7 12 23 -9 -22 -6 2 -31 18 -2 19 21 11 -49 14 -6 -26 22 62 -2 32
8 -11 -51 -9 10 -14 9 -15 16 32 -6 13 -4 -25 -34 12 -11 -8 21 2 12 2 -13 -1 -6 -2 12 -26 0 -16 20 18 -7 -4 -3 -19 13 1 30 19 10 23 -11 -10 28 31 12 -15 -26 5 -36 13 -12 24 16 -1 -47 5 -3 -24 9 68 -15 50
2 -15 -44 0 18 -4 7 -14 7 11 -17 21 -16 -39 -44 25 8 -22 15 5 3 -7 -21 -12 0 -17 6 -9 -2 -8 16 11 3 11 -16 -26 -11 9 25 21 12 28 -22 -6 21 21 7 -14 -25 16 -27 -16 -18 8 25 11 -51 18 -3 -19 21 50 13 41
5 -9 -44 6 7 -5 14 2 6 26 -23 29 -13 -27 -42 34 -5 -26 6 12 7 -4 -22 -9 0 -21 -7 -14 1 -6 22 19 -4 17 -23 -20 -7 19 32 15 21 20 -13 -14 19 14 18 -19 -31 2 -25 -19 -12 5 31 8 -44 25 -2 -16 22 57 -1 31
-4 -10 -55 -1 21 -1 19 0 -1 21 -17 20 -17 -33 -33 21 8 -19 21 6 11 -13 -37 -10 1 -19 2 -21 6 0 17 22 5 8 -12 -14 -1 4 35 31 22 31 -22 -12 36 26 13 -23 -29 14 -22 3 -13 7 15 7 -53 14 -2 -21 22 59 4 35
7 -16 -52 -5 7 -14 20 3 8 32 -7 25 -4 -26 -35 27 -1 -15 3 1 8 1 -17 -2 -3 -13 -1 -22 -2 -4 23 18 -6 0 -10 -26 1 12 29 26 15 19 -21 -9 31 28 20 -21 -32 15 -27 3 -15 3 11 -3 -57 11 1 -7 19 69 -10 39
8 -15 -59 -11 6 -15 10 -20 9 21 -5 19 1 -24 -47 20 1 -23 16 5 20 -8 -12 -5 -1 -6 2 -21 3 -10 19 23 7 -16 -15 -21 1 -6 33 28 14 19 -27 -12 28 26 19 0 -28 14 -27 6 -12 21 15 5 -46 5 -1 -26 9 79 -13 28
9 -22 -52 -15 9 -11 3 -13 3 26 -11 29 9 -20 -47 29 7 -33 9 3 15 -7 0 -16 3 -21 -3 -21 11 -6 27 14 -10 -11 -19 -13 -2 -3 31 27 21 18 -26 -13 23 15 14 1 -17 7 -6 6 -18 17 15 7 -32 4 3 -27 10 63 -12 23
9 -20 -64 -2 8 -13 10 -22 3 36 -6 22 1 -24 -48 27 6 -22 8 2 4 -3 -23 -7 0 -11 4 -23 0 3 18 34 -3 -4 -12 -15 5 3 39 27 15 21 -20 -15 31 38 8 -6 -39 12 -35 -1 -7 15 3 9 -38 -4 -4 -37 9 81 -18 34
1 -21 -45 -2 9 -7 5 -4 17 28 -15 35 7 -17 -46 20 7 -7 17 4 2 -7 -16 -12 -7 -13 -3 -24 -17 -12 21 16 -8 -11 -21 -24 9 6 20 19 -1 25 -20 -17 27 19 4 -18 -35 15 -19 3 -15 23 2 14 -34 15 -1 -13 20 75 -22 43
8 -26 -59 -1 13 -6 14 -22 -2 29 -9 18 -2 -35 -48 35 14 -29 11 -6 6 -5 -20 -3 -4 -16 3 -27 -5 -9 18 12 -3 -6 -14 -30 -2 14 34 33 0 28 -22 -15 22 36 4 -10 -39 26 -35 -16 -6 19 4 15 -30 8 -1 -21 19 60 -5 34
4 -22 -50 4 13 -10 6 -16 16 32 -11 32 11 -31 -43 19 8 -23 22 -1 3 -8 -21 -12 -9 -4 2 -21 -4 -12 24 13 -5 -9 -9 -26 1 1 29 20 -1 26 -21 -10 27 36 7 -14 -33 22 -34 -4 -8 22 6 13 -40 3 4 -22 11 68 -16 30
9 -18 -59 6 20 -6 16 -13 4 38 -3 27 5 -24 -56 35 8 -34 -1 0 0 -2 -17 -13 -4 -8 1 -23 3 -7 24 20 -14 0 -16 -20 3 11 34 26 0 23 -22 -18 25 37 6 -9 -40 12 -32 -8 -13 21 0 7 -31 18 0 -19 22 64 -10 32
10 -14 -54 2 3 -3 3 1 0 29 -10 29 2 -30 -46 32 23 -25 8 11 8 -17 -23 -13 5 -16 10 -19 -1 -5 17 16 -2 -6 -19 -19 11 12 34 32 4 29 -31 -16 26 30 17 -10 -49 4 -29 -4 -15 15 -6 20 -38 15 5 -7 21 71 -1 44
7 -10 -60 3 15 -3 7 -6 9 30 -1 29 6 -8 -43 29 16 -21 6 -10 8 -3 -15 -9 -3 -8 9 -35 -4 -12 26 24 -10 -9 -15 -24 4 7 24 16 8 35 -22 -11 26 27 8 -14 -47 22 -28 -1 -15 6 4 9 -30 4 -1 -11 18 68 -22 34
15 -25 -57 5 16 12 -6 -8 5 33 10 18 10 -36 -32 8 23 -25 -11 9 25 8 -26 -10 -8 -8 15 -12 -8 -17 38 10 -2 -30 3 -22 -10 -4 33 28 -6 36 -24 -29 13 38 1 -23 -45 16 -42 20 8 24 -1 -6 -38 18 -5 -21 32 62 -13 35
22 6 -9 -12 6 2 19 5 -2 -13 -4 8 -10 -26 -29 27 8 -20 -1 4 17 11 -12 -8 14 -22 -6 -13 11 -11 17 9 3 -5 -20 -2 0 -4 6 33 18 12 -14 -27 17 -65 10 -14 0 13 58 8 2 6 19 13 22 28 18 3 2 22 2 18
0 7 -32 7 9 13 6 4 26 7 -7 11 5 14 13 28 -5 -1 12 -10 20 8 -21 -3 -1 -10 6 -21 1 4 11 3 20 -32 0 -20 -19 7 9 20 17 37 -7 -22 26 -24 9 -26 6 -2 -6 12 -2 25 20 0 -16 6 14 12 14 12 -2 39
0 7 -32 7 9 13 6 4 26 7 -7 11 5 14 13 28 -5 -1 12 -10 20 8 -21 -3 -1 -10 6 -21 1 4 11 3 20 -32 0 -20 -19 7 9 20 17 37 -7 -22 26 -24 9 -26 6 -2 -6 12 -2 25 20 0 -16 6 14 12 14 12 -2 39
0 7 -32 7 9 13 6 4 26 7 -7 11 5 14 13 28 -5 -1 12 -10 20 8 -21 -3 -1 -10 6 -21 1 4 11 3 20 -32 0 -20 -19 7 9 20 17 37 -7 -22 26 -24 9 -26 6 -2 -6 12 -2 25 20 0 -16 6 14 12 14 12 -2 39
0 7 -32 7 9 13 6 4 26 7 -7 11 5 14 13 28 -5 -1 12 -10 20 8 -21 -3 -1 -10 6 -21 1 4 11 3 20 -32 0 -20 -19 7 9 20 17 37 -7 -22 26 -24 9 -26 6 -2 -6 12 -2 25 20 0 -16 6 14 12 14 12 -2 39
0 7 -32 7 9 13 6 4 26 7 -7 11 5 14 13 28 -5 -1 12 -10 20 8 -21 -3 -1 -10 6 -21 1 4 11 3 20 -32 0 -20 -19 7 9 20 17 37 -7 -22 26 -24 9 -26 6 -2 -6 12 -2 25 20 0 -16 6 14 12 14 12 -2 39
0 7 -32 7 9 13 6 4 26 7 -7 11 5 14 13 28 -5 -1 12 -10 20 8 -21 -3 -1 -10 6 -21 1 4 11 3 20 -32 0 -20 -19 7 9 20 17 37 -7 -22 26 -24 9 -26 6 -2 -6 12 -2 25 20 0 -16 6 14 12 14 12 -2 39
0 7 -32 7 9 13 6 4 26 7 -7 11 5 14 13 28 -5 -1 12 -10 20 8 -21 -3 -1 -10 6 -21 1 4 11 3 20 -32 0 -20 -19 7 9 20 17 37 -7 -22 26 -24 9 -26 6 -2 -6 12 -2 25 20 0 -16 6 14 12 14 12 -2 39
0 7 -32 7 9 13 6 4 26 7 -7 11 5 14 13 28 -5 -1 12 -10 20 8 -21 -3 -1 -10 6 -21 1 4 11 3 20 -32 0 -20 -19 7 9 20 17 37 -7 -22 26 -24 9 -26 6 -2 -6 12 -2 25 20 0 -16 6 14 12 14 12 -2 39
0 7 -32 7 9 13 6 4 26 7 -7 11 5 14 13 28 -5 -1 12 -10 20 8 -21 -3 -1 -10 6 -21 1 4 11 3 20 -32 0 -20 -19 7 9 20 17 37 -7 -22 26 -24 9 -26 6 -2 -6 12 -2 25 20 0 -16 6 14 12 14 12 -2 39
0 7 -32 7 9 13 6 4 26 7 -7 11 5 14 13 28 -5 -1 12 -10 20 8 -21 -3 -1 -10 6 -21 1 4 11 3 20 -32 0 -20 -19 7 9 20 17 37 -7 -22 26 -24 9 -26 6 -2 -6 12 -2 25 20 0 -16 6 14 12 14 12 -2 39
0 7 -32 7 9 13 6 4 26 7 -7 11 5 14 13 28 -5 -1 12 -10 20 8 -21 -3 -1 -10 6 -21 1 4 11 3 20 -32 0 -20 -19 7 9 20 17 37 -7 -22 26 -24 9 -26 6 -2 -6 12 -2 25 20 0 -16 6 14 12 14 12 -2 39
0 7 -32 7 9 13 6 4 26 7 -7 11 5 14 13 28 -5 -1 12 -10 20 8 -21 -3 -1 -10 6 -21 1 4 11 3 20 -32 0 -20 -19 7 9 20 17 37 -7 -22 26 -24 9 -26 6 -2 -6 12 -2 25 20 0 -16 6 14 12 14 12 -2 39
0 7 -32 7 9 13 6 4 26 7 -7 11 5 14 13 28 -5 -1 12 -10 20 8 -21 -3 -1 -10 6 -21 1 4 11 3 20 -32 0 -20 -19 7 9 20 17 37 -7 -22 26 -24 9 -26 6 -2 -6 12 -2 25 20 0 -16 6 14 12 14 12 -2 39
0 7 -32 7 9 13 6 4 26 7 -7 11 5 14 13 28 -5 -1 12 -10 20 8 -21 -3 -1 -10 6 -21 1 4 11 3 20 -32 0 -20 -19 7 9 20 17 37 -7 -22 26 -24 9 -26 6 -2 -6 12 -2 25 20 0 -16 6 14 12 14 12 -2 39
0 7 -32 7 9 13 6 4 26 7 -7 11 5 14 13 28 -5 -1 12 -10 20 8 -21 -3 -1 -10 6 -21 1 4 11 3 20 -32 0 -20 -19 7 9 20 17 37 -7 -22 26 -24 9 -26 6 -2 -6 12 -2 25 20 0 -16 6 14 12 14 12 -2 39
0 7 -32 7 9 13 6 4 26 7 -7 11 5 14 13 28 -5 -1 12 -10 20 8 -21 -3 -1 -10 6 -21 1 4 11 3 20 -32 0 -20 -19 7 9 20 17 37 -7 -22 26 -24 9 -26 6 -2 -6 12 -2 25 20 0 -16 6 14 12 14 12 -2 39
0 7 -32 7 9 13 6 4 26 7 -7 11 5 14 13 28 -5 -1 12 -10 20 8 -21 -3 -1 -10 6 -21 1 4 11 3 20 -32 0 -20 -19 7 9 20 17 37 -7 -22 26 -24 9 -26 6 -2 -6 12 -2 25 20 0 -16 6 14 12 14 12 -2 39
0 7 -32 7 9 13 6 4 26 7 -7 11 5 14 13 28 -5 -1 12 -10 20 8 -21 -3 -1 -10 6 -21 1 4 11 3 20 -32 0 -20 -19 7 9 20 17 37 -7 -22 26 -24 9 -26 6 -2 -6 12 -2 25 20 0 -16 6 14 12 14 12 -2 39
0 7 -32 7 9 13 6 4 26 7 -7 11 5 14 13 28 -5 -1 12 -10 20 8 -21 -3 -1 -10 6 -21 1 4 11 3 20 -32 0 -20 -19 7 9 20 17 37 -7 -22 26 -24 9 -26 6 -2 -6 12 -2 25 20 0 -16 6 14 12 14 12 -2 39
0 7 -32 7 9 13 6 4 26 7 -7 11 5 14 13 28 -5 -1 12 -10 20 8 -21 -3 -1 -10 6 -21 1 4 11 3 20 -32 0 -20 -19 7 9 20 17 37 -7 -22 26 -24 9 -26 6 -2 -6 12 -2 25 20 0 -16 6 14 12 14 12 -2 39
0 7 -32 7 9 13 6 4 26 7 -7 11 5 14 13 28 -5 -1 12 -10 20 8 -21 -3 -1 -10 6 -21 1 4 11 3 20 -32 0 -20 -19 7 9 20 17 37 -7 -22 26 -24 9 -26 6 -2 -6 12 -2 25 20 0 -16 6 14 12 14 12 -2 39
0 7 -32 7 9 13 6 4 26 7 -7 11 5 14 13 28 -5 -1 12 -10 20 8 -21 -3 -1 -10 6 -21 1 4 11 3 20 -32 0 -20 -19 7 9 20 17 37 -7 -22 26 -24 9 -26 6 -2 -6 12 -2 25 20 0 -16 6 14 12 14 12 -2 39
0 7 -32 7 9 13 6 4 26 7 -7 11 5 14 13 28 -5 -1 12 -10 20 8 -21 -3 -1 -10 6 -21 1 4 11 3 20 -32 0 -20 -19 7 9 20 17 37 -7 -22 26 -24 9 -26 6 -2 -6 12 -2 25 20 0 -16 6 14 12 14 12 -2 39
0 7 -32 7 9 13 6 4 26 7 -7 11 5 14 13 28 -5 -1 12 -10 20 8 -21 -3 -1 -10 6 -21 1 4 11 3 20 -32 0 -20 -19 7 9 20 17 37 -7 -22 26 -24 9 -26 6 -2 -6 12 -2 25 20 0 -16 6 14 12 14 12 -2 39
0 7 -32 7 9 13 6 4 26 7 -7 11 5 14 13 28 -5 -1 12 -10 20 8 -21 -3 -1 -10 6 -21 1 4 11 3 20 -32 0 -20 -19 7 9 20 17 37 -7 -22 26 -24 9 -26 6 -2 -6 12 -2 25 20 0 -16 6 14 12 14 12 -2 39
0 7 -32 7 9 13 6 4 26 7 -7 11 5 14 13 28 -5 -1 12 -10 20 8 -21 -3 -1 -10 6 -21 1 4 11 3 20 -32 0 -20 -19 7 9 20 17 37 -7 -22 26 -24 9 -26 6 -2 -6 12 -2 25 20 0 -16 6 14 12 14 12 -2 39
0 7 -32 7 9 13 6 4 26 7 -7 11 5 14 13 28 -5 -1 12 -10 20 8 -21 -3 -1 -10 6 -21 1 4 11 3 20 -32 0 -20 -19 7 9 20 17 37 -7 -22 26 -24 9 -26 6 -2 -6 12 -2 25 20 0 -16 6 14 12 14 12 -2 39
0 7 -32 7 9 13 6 4 26 7 -7 11 5 14 13 28 -5 -1 12 -10 20 8 -21 -3 -1 -10 6 -21 1 4 11 3 20 -32 0 -20 -19 7 9 20 17 37 -7 -22 26 -24 9 -26 6 -2 -6 12 -2 25 20 0 -16 6 14 12 14 12 -2 39
0 7 -32 7 9 13 6 4 26 7 -7 11 5 14 13 28 -5 -1 12 -10 20 8 -21 -3 -1 -10 6 -21 1 4 11 3 20 -32 0 -20 -19 7 9 20 17 37 -7 -22 26 -24 9 -26 6 -2 -6 12 -2 25 20 0 -16 6 14 12 14 12 -2 39
0 7 -32 7 9 13 6 4 26 7 -7 11 5 14 13 28 -5 -1 12 -10 20 8 -21 -3 -1 -10 6 -21 1 4 11 3 20 -32 0 -20 -19 7 9 20 17 37 -7 -22 26 -24 9 -26 6 -2 -6 12 -2 25 20 0 -16 6 14 12 14 12 -2 39
0 7 -32 7 9 13 6 4 26 7 -7 11 5 14 13 28 -5 -1 12 -10 20 8 -21 -3 -1 -10 6 -21 1 4 11 3 20 -32 0 -20 -19 7 9 20 17 37 -7 -22 26 -24 9 -26 6 -2 -6 12 -2 25 20 0 -16 6 14 12 14 12 -2 39
0 7 -32 7 9 13 6 4 26 7 -7 11 5 14 13 28 -5 -1 12 -10 20 8 -21 -3 -1 -10 6 -21 1 4 11 3 20 -32 0 -20 -19 7 9 20 17 37 -7 -22 26 -24 9 -26 6 -2 -6 12 -2 25 20 0 -16 6 14 12 14 12 -2 39
0 7 -32 7 9 13 6 4 26 7 -7 11 5 14 13 28 -5 -1 12 -10 20 8 -21 -3 -1 -10 6 -21 1 4 11 3 20 -32 0 -20 -19 7 9 20 17 37 -7 -22 26 -24 9 -26 6 -2 -6 12 -2 25 20 0 -16 6 14 12 14 12 -2 39
0 7 -32 7 9 13 6 4 26 7 -7 11 5 14 13 28 -5 -1 12 -10 20 8 -21 -3 -1 -10 6 -21 1 4 11 3 20 -32 0 -20 -19 7 9 20 17 37 -7 -22 26 -24 9 -26 6 -2 -6 12 -2 25 20 0 -16 6 14 12 14 12 -2 39
0 7 -32 7 9 13 6 4 26 7 -7 11 5 14 13 28 -5 -1 12 -10 20 8 -21 -3 -1 -10 6 -21 1 4 11 3 20 -32 0 -20 -19 7 9 20 17 37 -7 -22 26 -24 9 -26 6 -2 -6 12 -2 25 20 0 -16 6 14 12 14 12 -2 39
0 7 -32 7 9 13 6 4 26 7 -7 11 5 14 13 28 -5 -1 12 -10 20 8 -21 -3 -1 -10 6 -21 1 4 11 3 20 -32 0 -20 -19 7 9 20 17 37 -7 -22 26 -24 9 -26 6 -2 -6 12 -2 25 20 0 -16 6 14 12 14 12 -2 39
0 7 -32 7 9 13 6 4 26 7 -7 11 5 14 13 28 -5 -1 12 -10 20 8 -21 -3 -1 -10 6 -21 1 4 11 3 20 -32 0 -20 -19 7 9 20 17 37 -7 -22 26 -24 9 -26 6 -2 -6 12 -2 25 20 0 -16 6 14 12 14 12 -2 39
0 7 -32 7 9 13 6 4 26 7 -7 11 5 14 13 28 -5 -1 12 -10 20 8 -21 -3 -1 -10 6 -21 1 4 11 3 20 -32 0 -20 -19 7 9 20 17 37 -7 -22 26 -24 9 -26 6 -2 -6 12 -2 25 20 0 -16 6 14 12 14 12 -2 39
0 7 -32 7 9 13 6 4 26 7 -7 11 5 14 13 28 -5 -1 12 -10 20 8 -21 -3 -1 -10 6 -21 1 4 11 3 20 -32 0 -20 -19 7 9 20 17 37 -7 -22 26 -24 9 -26 6 -2 -6 12 -2 25 20 0 -16 6 14 12 14 12 -2 39
0 7 -32 7 9 13 6 4 26 7 -7 11 5 14 13 28 -5 -1 12 -10 20 8 -21 -3 -1 -10 6 -21 1 4 11 3 20 -32 0 -20 -19 7 9 20 17 37 -7 -22 26 -24 9 -26 6 -2 -6 12 -2 25 20 0 -16 6 14 12 14 12 -2 39
0 7 -32 7 9 13 6 4 26 7 -7 11 5 14 13 28 -5 -1 12 -10 20 8 -21 -3 -1 -10 6 -21 1 4 11 3 20 -32 0 -20 -19 7 9 20 17 37 -7 -22 26 -24 9 -26 6 -2 -6 12 -2 25 20 0 -16 6 14 12 14 12 -2 39
0 7 -32 7 9 13 6 4 26 7 -7 11 5 14 13 28 -5 -1 12 -10 20 8 -21 -3 -1 -10 6 -21 1 4 11 3 20 -32 0 -20 -19 7 9 20 17 37 -7 -22 26 -24 9 -26 6 -2 -6 12 -2 25 20 0 -16 6 14 12 14 12 -2 39
0 7 -32 7 9 13 6 4 26 7 -7 11 5 14 13 28 -5 -1 12 -10 20 8 -21 -3 -1 -10 6 -21 1 4 11 3 20 -32 0 -20 -19 7 9 20 17 37 -7 -22 26 -24 9 -26 6 -2 -6 12 -2 25 20 0 -16 6 14 12 14 12 -2 39
0 7 -32 7 9 13 6 4 26 7 -7 11 5 14 13 28 -5 -1 12 -10 20 8 -21 -3 -1 -10 6 -21 1 4 11 3 20 -32 0 -20 -19 7 9 20 17 37 -7 -22 26 -24 9 -26 6 -2 -6 12 -2 25 20 0 -16 6 14 12 14 12 -2 39
0 7 -32 7 9 13 6 4 26 7 -7 11 5 14 13 28 -5 -1 12 -10 20 8 -21 -3 -1 -10 6 -21 1 4 11 3 20 -32 0 -20 -19 7 9 20 17 37 -7 -22 26 -24 9 -26 6 -2 -6 12 -2 25 20 0 -16 6 14 12 14 12 -2 39
0 7 -32 7 9 13 6 4 26 7 -7 11 5 14 13 28 -5 -1 12 -10 20 8 -21 -3 -1 -10 6 -21 1 4 11 3 20 -32 0 -20 -19 7 9 20 17 37 -7 -22 26 -24 9 -26 6 -2 -6 12 -2 25 20 0 -16 6 14 12 14 12 -2 39
0 7 -32 7 9 13 6 4 26 7 -7 11 5 14 13 28 -5 -1 12 -10 20 8 -21 -3 -1 -10 6 -21 1 4 11 3 20 -32 0 -20 -19 7 9 20 17 37 -7 -22 26 -24 9 -26 6 -2 -6 12 -2 25 20 0 -16 6 14 12 14 12 -2 39
0 7 -32 7 9 13 6 4 26 7 -7 11 5 14 13 28 -5 -1 12 -10 20 8 -21 -3 -1 -10 6 -21 1 4 11 3 20 -32 0 -20 -19 7 9 20 17 37 -7 -22 26 -24 9 -26 6 -2 -6 12 -2 25 20 0 -16 6 14 12 14 12 -2 39
0 7 -32 7 9 13 6 4 26 7 -7 11 5 14 13 28 -5 -1 12 -10 20 8 -21 -3 -1 -10 6 -21 1 4 11 3 20 -32 0 -20 -19 7 9 20 17 37 -7 -22 26 -24 9 -26 6 -2 -6 12 -2 25 20 0 -16 6 14 12 14 12 -2 39
0 7 -32 7 9 13 6 4 26 7 -7 11 5 14 13 28 -5 -1 12 -10 20 8 -21 -3 -1 -10 6 -21 1 4 11 3 20 -32 0 -20 -19 7 9 20 17 37 -7 -22 26 -24 9 -26 6 -2 -6 12 -2 25 20 0 -16 6 14 12 14 12 -2 39
0 7 -32 7 9 13 6 4 26 7 -7 11 5 14 13 28 -5 -1 12 -10 20 8 -21 -3 -1 -10 6 -21 1 4 11 3 20 -32 0 -20 -19 7 9 20 17 37 -7 -22 26 -24 9 -26 6 -2 -6 12 -2 25 20 0 -16 6 14 12 14 12 -2 39
0 7 -32 7 9 13 6 4 26 7 -7 11 5 14 13 28 -5 -1 12 -10 20 8 -21 -3 -1 -10 6 -21 1 4 11 3 20 -32 0 -20 -19 7 9 20 17 37 -7 -22 26 -24 9 -26 6 -2 -6 12 -2 25 20 0 -16 6 14 12 14 12 -2 39
0 7 -32 7 9 13 6 4 26 7 -7 11 5 14 13 28 -5 -1 12 -10 20 8 -21 -3 -1 -10 6 -21 1 4 11 3 20 -32 0 -20 -19 7 9 20 17 37 -7 -22 26 -24 9 -26 6 -2 -6 12 -2 25 20 0 -16 6 14 12 14 12 -2 39
0 7 -32 7 9 13 6 4 26 7 -7 11 5 14 13 28 -5 -1 12 -10 20 8 -21 -3 -1 -10 6 -21 1 4 11 3 20 -32 0 -20 -19 7 9 20 17 37 -7 -22 26 -24 9 -26 6 -2 -6 12 -2 25 20 0 -16 6 14 12 14 12 -2 39
0 7 -32 7 9 13 6 4 26 7 -7 11 5 14 13 28 -5 -1 12 -10 20 8 -21 -3 -1 -10 6 -21 1 4 11 3 20 -32 0 -20 -19 7 9 20 17 37 -7 -22 26 -24 9 -26 6 -2 -6 12 -2 25 20 0 -16 6 14 12 14 12 -2 39
0 7 -32 7 9 13 6 4 26 7 -7 11 5 14 13 28 -5 -1 12 -10 20 8 -21 -3 -1 -10 6 -21 1 4 11 3 20 -32 0 -20 -19 7 9 20 17 37 -7 -22 26 -24 9 -26 6 -2 -6 12 -2 25 20 0 -16 6 14 12 14 12 -2 39
0 7 -32 7 9 13 6 4 26 7 -7 11 5 14 13 28 -5 -1 12 -10 20 8 -21 -3 -1 -10 6 -21 1 4 11 3 20 -32 0 -20 -19 7 9 20 17 37 -7 -22 26 -24 9 -26 6 -2 -6 12 -2 25 20 0 -16 6 14 12 14 12 -2 39
0 7 -32 7 9 13 6 4 26 7 -7 11 5 14 13 28 -5 -1 12 -10 20 8 -21 -3 -1 -10 6 -21 1 4 11 3 20 -32 0 -20 -19 7 9 20 17 37 -7 -22 26 -24 9 -26 6 -2 -6 12 -2 25 20 0 -16 6 14 12 14 12 -2 39
0 7 -32 7 9 13 6 4 26 7 -7 11 5 14 13 28 -5 -1 12 -10 20 8 -21 -3 -1 -10 6 -21 1 4 11 3 20 -32 0 -20 -19 7 9 20 17 37 -7 -22 26 -24 9 -26 6 -2 -6 12 -2 25 20 0 -16 6 14 12 14 12 -2 39
0 7 -32 7 9 13 6 4 26 7 -7 11 5 14 13 28 -5 -1 12 -10 20 8 -21 -3 -1 -10 6 -21 1 4 11 3 20 -32 0 -20 -19 7 9 20 17 37 -7 -22 26 -24 9 -26 6 -2 -6 12 -2 25 20 0 -16 6 14 12 14 12 -2 39
0 7 -32 7 9 13 6 4 26 7 -7 11 5 14 13 28 -5 -1 12 -10 20 8 -21 -3 -1 -10 6 -21 1 4 11 3 20 -32 0 -20 -19 7 9 20 17 37 -7 -22 26 -24 9 -26 6 -2 -6 12 -2 25 20 0 -16 6 14 12 14 12 -2 39
0 7 -32 7 9 13 6 4 26 7 -7 11 5 14 13 28 -5 -1 12 -10 20 8 -21 -3 -1 -10 6 -21 1 4 11 3 20 -32 0 -20 -19 7 9 20 17 37 -7 -22 26 -24 9 -26 6 -2 -6 12 -2 25 20 0 -16 6 14 12 14 12 -2 39
0 7 -32 7 9 13 6 4 26 7 -7 11 5 14 13 28 -5 -1 12 -10 20 8 -21 -3 -1 -10 6 -21 1 4 11 3 20 -32 0 -20 -19 7 9 20 17 37 -7 -22 26 -24 9 -26 6 -2 -6 12 -2 25 20 0 -16 6 14 12 14 12 -2 39
0 7 -32 7 9 13 6 4 26 7 -7 11 5 14 13 28 -5 -1 12 -10 20 8 -21 -3 -1 -10 6 -21 1 4 11 3 20 -32 0 -20 -19 7 9 20 17 37 -7 -22 26 -24 9 -26 6 -2 -6 12 -2 25 20 0 -16 6 14 12 14 12 -2 39
0 7 -32 7 9 13 6 4 26 7 -7 11 5 14 13 28 -5 -1 12 -10 20 8 -21 -3 -1 -10 6 -21 1 4 11 3 20 -32 0 -20 -19 7 9 20 17 37 -7 -22 26 -24 9 -26 6 -2 -6 12 -2 25 20 0 -16 6 14 12 14 12 -2 39
0 7 -32 7 9 13 6 4 26 7 -7 11 5 14 13 28 -5 -1 12 -10 20 8 -21 -3 -1 -10 6 -21 1 4 11 3 20 -32 0 -20 -19 7 9 20 17 37 -7 -22 26 -24 9 -26 6 -2 -6 12 -2 25 20 0 -16 6 14 12 14 12 -2 39
0 7 -32 7 9 13 6 4 26 7 -7 11 5 14 13 28 -5 -1 12 -10 20 8 -21 -3 -1 -10 6 -21 1 4 11 3 20 -32 0 -20 -19 7 9 20 17 37 -7 -22 26 -24 9 -26 6 -2 -6 12 -2 25 20 0 -16 6 14 12 14 12 -2 39
0 7 -32 7 9 13 6 4 26 7 -7 11 5 14 13 28 -5 -1 12 -10 20 8 -21 -3 -1 -10 6 -21 1 4 11 3 20 -32 0 -20 -19 7 9 20 17 37 -7 -22 26 -24 9 -26 6 -2 -6 12 -2 25 20 0 -16 6 14 12 14 12 -2 39
0 7 -32 7 9 13 6 4 26 7 -7 11 5 14 13 28 -5 -1 12 -10 20 8 -21 -3 -1 -10 6 -21 1 4 11 3 20 -32 0 -20 -19 7 9 20 17 37 -7 -22 26 -24 9 -26 6 -2 -6 12 -2 25 20 0 -16 6 14 12 14 12 -2 39
0 7 -32 7 9 13 6 4 26 7 -7 11 5 14 13 28 -5 -1 12 -10 20 8 -21 -3 -1 -10 6 -21 1 4 11 3 20 -32 0 -20 -19 7 9 20 17 37 -7 -22 26 -24 9 -26 6 -2 -6 12 -2 25 20 0 -16 6 14 12 14 12 -2 39
0 7 -32 7 9 13 6 4 26 7 -7 11 5 14 13 28 -5 -1 12 -10 20 8 -21 -3 -1 -10 6 -21 1 4 11 3 20 -32 0 -20 -19 7 9 20 17 37 -7 -22 26 -24 9 -26 6 -2 -6 12 -2 25 20 0 -16 6 14 12 14 12 -2 39
0 7 -32 7 9 13 6 4 26 7 -7 11 5 14 13 28 -5 -1 12 -10 20 8 -21 -3 -1 -10 6 -21 1 4 11 3 20 -32 0 -20 -19 7 9 20 17 37 -7 -22 26 -24 9 -26 6 -2 -6 12 -2 25 20 0 -16 6 14 12 14 12 -2 39
0 7 -32 7 9 13 6 4 26 7 -7 11 5 14 13 28 -5 -1 12 -10 20 8 -21 -3 -1 -10 6 -21 1 4 11 3 20 -32 0 -20 -19 7 9 20 17 37 -7 -22 26 -24 9 -26 6 -2 -6 12 -2 25 20 0 -16 6 14 12 14 12 -2 39
0 7 -32 7 9 13 6 4 26 7 -7 11 5 14 13 28 -5 -1 12 -10 20 8 -21 -3 -1 -10 6 -21 1 4 11 3 20 -32 0 -20 -19 7 9 20 17 37 -7 -22 26 -24 9 -26 6 -2 -6 12 -2 25 20 0 -16 6 14 12 14 12 -2 39
0 7 -32 7 9 13 6 4 26 7 -7 11 5 14 13 28 -5 -1 12 -10 20 8 -21 -3 -1 -10 6 -21 1 4 11 3 20 -32 0 -20 -19 7 9 20 17 37 -7 -22 26 -24 9 -26 6 -2 -6 12 -2 25 20 0 -16 6 14 12 14 12 -2 39
0 7 -32 7 9 13 6 4 26 7 -7 11 5 14 13 28 -5 -1 12 -10 20 8 -21 -3 -1 -10 6 -21 1 4 11 3 20 -32 0 -20 -19 7 9 20 17 37 -7 -22 26 -24 9 -26 6 -2 -6 12 -2 25 20 0 -16 6 14 12 14 12 -2 39
0 7 -32 7 9 13 6 4 26 7 -7 11 5 14 13 28 -5 -1 12 -10 20 8 -21 -3 -1 -10 6 -21 1 4 11 3 20 -32 0 -20 -19 7 9 20 17 37 -7 -22 26 -24 9 -26 6 -2 -6 12 -2 25 20 0 -16 6 14 12 14 12 -2 39
0 7 -32 7 9 13 6 4 26 7 -7 11 5 14 13 28 -5 -1 12 -10 20 8 -21 -3 -1 -10 6 -21 1 4 11 3 20 -32 0 -20 -19 7 9 20 17 37 -7 -22 26 -24 9 -26 6 -2 -6 12 -2 25 20 0 -16 6 14 12 14 12 -2 39
0 7 -32 7 9 13 6 4 26 7 -7 11 5 14 13 28 -5 -1 12 -10 20 8 -21 -3 -1 -10 6 -21 1 4 11 3 20 -32 0 -20 -19 7 9 20 17 37 -7 -22 26 -24 9 -26 6 -2 -6 12 -2 25 20 0 -16 6 14 12 14 12 -2 39
0 7 -32 7 9 13 6 4 26 7 -7 11 5 14 13 28 -5 -1 12 -10 20 8 -21 -3 -1 -10 6 -21 1 4 11 3 20 -32 0 -20 -19 7 9 20 17 37 -7 -22 26 -24 9 -26 6 -2 -6 12 -2 25 20 0 -16 6 14 12 14 12 -2 39
0 7 -32 7 9 13 6 4 26 7 -7 11 5 14 13 28 -5 -1 12 -10 20 8 -21 -3 -1 -10 6 -21 1 4 11 3 20 -32 0 -20 -19 7 9 20 17 37 -7 -22 26 -24 9 -26 6 -2 -6 12 -2 25 20 0 -16 6 14 12 14 12 -2 39
0 7 -32 7 9 13 6 4 26 7 -7 11 5 14 13 28 -5 -1 12 -10 20 8 -21 -3 -1 -10 6 -21 1 4 11 3 20 -32 0 -20 -19 7 9 20 17 37 -7 -22 26 -24 9 -26 6 -2 -6 12 -2 25 20 0 -16 6 14 12 14 12 -2 39
0 7 -32 7 9 13 6 4 26 7 -7 11 5 14 13 28 -5 -1 12 -10 20 8 -21 -3 -1 -10 6 -21 1 4 11 3 20 -32 0 -20 -19 7 9 20 17 37 -7 -22 26 -24 9 -26 6 -2 -6 12 -2 25 20 0 -16 6 14 12 14 12 -2 39
0 7 -32 7 9 13 6 4 26 7 -7 11 5 14 13 28 -5 -1 12 -10 20 8 -21 -3 -1 -10 6 -21 1 4 11 3 20 -32 0 -20 -19 7 9 20 17 37 -7 -22 26 -24 9 -26 6 -2 -6 12 -2 25 20 0 -16 6 14 12 14 12 -2 39
0 7 -32 7 9 13 6 4 26 7 -7 11 5 14 13 28 -5 -1 12 -10 20 8 -21 -3 -1 -10 6 -21 1 4 11 3 20 -32 0 -20 -19 7 9 20 17 37 -7 -22 26 -24 9 -26 6 -2 -6 12 -2 25 20 0 -16 6 14 12 14 12 -2 39
0 7 -32 7 9 13 6 4 26 7 -7 11 5 14 13 28 -5 -1 12 -10 20 8 -21 -3 -1 -10 6 -21 1 4 11 3 20 -32 0 -20 -19 7 9 20 17 37 -7 -22 26 -24 9 -26 6 -2 -6 12 -2 25 20 0 -16 6 14 12 14 12 -2 39
0 7 -32 7 9 13 6 4 26 7 -7 11 5 14 13 28 -5 -1 12 -10 20 8 -21 -3 -1 -10 6 -21 1 4 11 3 20 -32 0 -20 -19 7 9 20 17 37 -7 -22 26 -24 9 -26 6 -2 -6 12 -2 25 20 0 -16 6 14 12 14 12 -2 39
