-14 0 23 4 15 -7 3 -3 -15 2 3 -20 -2 8 4 8 -2 47 -7 -3 -1 -5 2 6 -14 -5 -9 -3 4 -15 -9 -9 6 -11 14 -8 14 4 -2 2 3 -3 6 -6 -13 -4 -9 -9 -5 14 -2 -7 -6 3 -14 -13 -5 5 -11 -4 -7 9 -5 -1
-23 28 38 -46 7 -7 -12 0 -4 18 19 4 2 -15 40 6 -14 7 -27 -6 13 -1 -36 30 -24 -6 7 -4 -16 -4 -19 -24 -3 -24 20 0 15 16 19 -17 25 19 -9 -18 -30 3 -13 -10 -22 31 -5 -20 3 20 -9 18 34 10 -29 -17 -15 20 -4 -12
-31 34 18 -52 -5 -6 -1 -1 -5 10 11 0 11 -13 39 7 -20 6 -27 -10 15 0 -33 39 -35 -10 10 -17 3 -11 -11 -44 -4 -15 19 -1 5 15 19 -14 29 -11 -7 -29 -15 6 -15 -10 -19 14 7 -26 3 21 -11 21 51 0 -32 -9 -27 0 1 -3
-27 27 4 -50 8 6 -7 -3 -21 4 7 -19 34 -6 31 -3 -34 3 -18 -3 -2 -4 -28 48 -36 -7 4 -2 17 -4 -23 -18 -5 -15 32 -10 -1 10 16 -12 20 24 -10 -37 -3 -3 -10 14 -18 4 7 -35 -8 10 -27 29 59 -15 -1 1 -19 9 -8 4
-29 34 10 -35 -3 -14 -8 -14 -15 16 6 -26 26 -17 21 2 -26 1 -12 -17 -25 1 -5 37 -33 -12 14 6 -4 -18 -24 -23 0 -7 27 -18 -2 9 17 -18 14 0 6 -32 -7 6 -2 17 -14 -1 -7 -29 -20 6 -20 39 44 2 -12 -8 -7 2 -6 -6
-30 31 14 -47 3 -12 -20 0 -5 31 -4 -24 23 -19 15 5 -21 0 -14 -6 -15 -2 -15 34 -26 -16 14 -6 0 -9 -35 -22 -7 -3 25 -19 -4 15 15 -13 15 17 -5 -31 -8 -7 -5 7 -13 -7 1 -33 -26 11 -15 50 48 4 -10 -19 -12 5 -5 1
-45 49 23 -32 11 -22 -9 -23 0 1 4 -19 23 -24 22 -4 -33 -6 -5 -4 -15 -19 4 11 -29 -2 11 -1 6 -17 -14 -26 -20 -11 29 -12 13 11 31 -7 22 22 3 -27 8 -4 -11 6 -14 -18 2 -35 -24 15 -15 49 42 -13 -12 -16 -25 -6 1 6
-19 30 19 -38 13 -9 -28 -18 -14 -1 19 -30 31 -7 6 4 -17 1 -8 1 -14 -5 -17 31 -35 10 14 -4 21 -8 -22 -20 -17 -15 25 -14 4 13 24 -16 17 27 14 -35 19 -9 -8 -4 -23 -20 15 -41 -5 7 -20 40 35 -15 -24 -3 -25 1 2 13
-25 38 18 -43 8 4 -11 -17 -14 2 -8 -2 12 -16 26 -11 -28 -2 15 -15 -2 -7 -30 20 -41 -7 -1 -12 10 -8 -16 -37 -19 -9 19 -15 8 13 17 -19 19 3 -13 -40 -10 -8 -20 7 -14 -5 -8 -41 5 16 -16 20 38 -14 -26 -14 -12 -6 -1 4
-20 56 16 -57 6 -19 5 -13 -3 6 4 4 5 -12 42 -2 -21 -19 -25 -35 0 10 -22 47 -47 -9 16 -17 1 -10 -17 -37 -2 0 34 6 5 3 22 -9 40 5 -16 -30 -5 7 -11 5 -9 12 -19 -47 -4 16 -12 21 46 -22 -35 -7 -25 -7 6 -2
-22 34 9 -49 -3 1 -13 -16 -12 3 -9 3 7 -21 25 -15 -28 -9 8 -18 -14 -7 -32 41 -34 -13 4 -15 10 -14 -24 -35 -17 -2 23 -9 1 17 6 -18 29 9 -14 -36 -9 -4 -16 9 -3 -2 0 -44 12 19 -25 27 43 -24 -20 -8 -8 -2 2 15
-27 24 19 -48 9 -11 2 -34 -15 27 -11 11 8 -25 17 3 -30 -14 -10 -23 -15 -4 -36 54 -29 -8 3 -6 14 -28 -15 -48 -16 8 23 -12 -3 13 15 -26 12 9 -18 -41 -9 -16 -3 1 -17 -12 -12 -45 3 18 -14 29 54 -16 -3 -4 -11 2 -4 11
-31 22 20 -52 11 -16 8 -22 -21 26 2 9 23 -22 35 1 -29 -7 -17 -23 -29 11 -36 68 -37 -3 4 -3 3 -15 -14 -40 -25 -8 30 -12 -2 17 17 -10 20 11 -15 -33 -13 6 -13 5 -15 10 -11 -47 5 1 -10 18 60 -14 -11 -6 -4 9 -3 8
-25 16 23 -42 2 0 -10 -13 -24 23 1 -17 13 -20 31 -4 -12 -11 -18 -29 -28 28 -28 47 -34 -6 18 -1 -8 -15 -4 -40 -34 -12 21 -8 10 15 10 -9 -10 -8 -14 -30 -13 14 -3 2 -18 7 -3 -42 17 11 -4 24 38 6 -14 -17 -10 12 8 0
-30 45 21 -48 15 -28 0 -10 -31 26 -2 16 18 -7 47 5 -42 -27 -28 -45 -28 9 -32 53 -30 -12 14 -6 -3 -31 -11 -54 -15 -5 39 -11 -6 19 21 -15 14 -1 -8 -17 -14 9 -15 8 -12 17 -4 -48 3 7 -4 12 52 -13 -20 -10 -14 -5 -1 -16
-19 27 25 -49 14 -9 -8 -20 -41 26 5 12 24 -27 37 12 -49 -13 -14 -31 -24 2 -43 51 -22 0 2 -5 -2 -21 -11 -50 -31 -11 37 -13 -15 16 13 -10 18 9 -16 -28 -9 8 -24 7 -12 11 -2 -53 -4 10 -14 18 59 -16 -6 -9 -6 2 -2 1
-16 39 12 -45 24 -15 -10 -20 -35 14 10 2 37 -33 14 6 -44 -26 -2 -32 -33 -12 -38 56 -20 -12 -1 1 -8 -29 -30 -32 -13 -10 31 -2 -10 23 15 -19 11 1 2 -16 -5 13 -23 7 4 16 -9 -39 -9 19 -18 16 42 -11 -15 4 -5 6 1 -3
-27 28 12 -41 17 -2 -5 -27 -29 19 12 6 31 -26 28 5 -29 -13 -10 -26 -19 0 -38 47 -24 -8 -4 -5 0 -25 -20 -35 -19 -5 35 -10 -19 16 13 -12 16 1 -5 -14 5 11 -27 14 8 10 -7 -47 -10 6 -25 35 46 -14 -5 -1 -10 1 6 4
-37 43 19 -43 17 -14 -11 -24 -27 19 15 -1 21 -35 12 8 -26 -23 -13 -22 -33 -20 -24 48 -27 -9 6 -8 4 -26 -41 -46 -23 -9 19 0 -17 30 18 -16 16 4 -3 -15 -4 7 -21 9 -4 10 -19 -38 8 32 -30 17 39 -7 -5 9 -15 15 -1 12
-29 22 12 -42 12 -19 -10 -10 -34 13 12 5 16 -21 18 14 -29 -14 -5 -36 -19 -5 -45 51 -23 -13 -9 -16 -18 -25 -26 -34 -27 -9 23 -15 1 19 18 -15 4 11 -6 -13 0 11 -25 -1 -11 5 -16 -42 -10 18 -4 23 34 -22 -9 -2 -10 -18 -4 14
-20 18 29 -39 16 -7 -7 -25 -52 11 15 19 25 -18 18 14 -32 -14 -18 -34 -15 -4 -38 45 -14 -17 -5 -9 5 -16 -31 -46 -35 -10 21 -13 3 26 22 -20 18 -1 0 -24 0 9 -20 -4 -8 6 -15 -63 -1 19 -11 36 29 -10 -19 5 -9 2 -4 15
-40 50 30 -45 4 -21 6 -6 -44 10 -3 0 21 -8 41 0 -21 -32 -37 -35 -8 -7 -22 60 -50 -34 11 -2 -1 -18 -9 -59 -11 -11 21 -11 -18 21 29 -12 32 -13 -10 -22 -4 28 -15 2 -14 13 -7 -38 -1 15 -8 17 36 -14 -21 -9 -15 3 -1 7
-22 11 9 0 12 -6 -5 -12 -19 16 -6 -13 5 -10 -10 3 -8 70 -1 -22 -6 -3 -11 10 -13 0 -3 0 -14 5 0 -4 -5 -6 14 -11 9 -5 4 -7 1 -3 9 -2 2 6 -2 -7 -11 12 -8 -14 4 3 -6 11 -7 6 -7 -3 -8 -2 2 6
-26 19 46 -29 7 20 -20 -21 -15 31 -9 1 12 4 30 0 -22 4 -22 0 8 -7 -20 38 -41 -9 7 -4 11 -15 -26 -11 -1 -5 9 -16 2 1 4 -10 37 -2 -14 -4 -4 11 4 -10 -3 20 -8 -22 -4 0 9 32 33 3 -8 -25 -21 4 -2 12
-31 26 43 -31 8 8 -25 -8 -1 22 3 -3 11 12 26 -7 -13 -16 -13 18 13 -16 -24 40 -40 -9 -14 -8 14 -7 -23 -13 -3 -13 0 -16 -1 17 14 -17 42 3 -8 3 -4 11 -3 -7 -15 17 -9 -32 -8 -6 7 35 39 6 -16 -24 -10 6 -2 3
-39 19 39 -27 -1 5 -19 -15 -7 19 -6 -11 11 7 27 -7 -33 -17 -25 3 4 -16 -25 56 -37 -6 -4 -4 29 -10 -30 -13 -11 -6 21 -26 -7 10 17 -24 50 6 -10 -6 -4 11 5 0 -15 9 -6 -41 10 14 -5 31 41 1 -7 -5 -22 -2 0 14
-40 17 40 -30 -8 -12 -25 -21 -8 5 -12 -18 21 -18 19 0 -24 -12 -15 -10 -17 0 -16 51 -52 -16 6 -4 7 -9 -32 -6 0 7 16 -23 -3 -8 5 -15 39 -15 5 -9 -10 12 -4 6 -6 1 -18 -31 -18 12 -5 39 33 7 -10 -22 -18 9 -8 6
-39 12 37 -27 -6 -10 -28 -18 4 13 -4 -21 17 -20 10 -7 -20 -14 -15 -6 -11 -6 -17 54 -40 -8 8 -4 -6 5 -38 -10 -12 3 20 -24 -12 -5 8 -23 39 -3 -2 -9 0 -4 -3 -9 -7 1 -8 -22 -17 20 -9 44 27 11 -9 -23 -23 14 -4 14
-48 25 53 -26 -6 -15 -9 -28 -3 -3 0 -8 15 -13 26 3 -30 -16 -11 -1 0 -13 -10 42 -46 -3 6 -13 -4 -14 -25 -11 -11 2 37 -24 1 -5 13 -12 50 8 -9 -14 8 17 1 4 -14 -8 -18 -39 -13 27 3 41 18 -5 -20 -10 -30 10 8 24
-33 9 49 -27 1 -4 -26 -18 -3 -2 -5 -31 14 -3 14 -14 -20 -19 -8 15 -16 -6 -19 45 -43 3 18 -11 5 -7 -21 -11 -9 -18 28 -28 -3 1 12 -31 47 2 8 -15 16 -3 4 -9 -16 -13 -4 -44 12 10 0 39 24 -6 -22 -5 -25 10 13 15
-41 20 49 -21 -4 9 -17 -20 1 6 -23 -1 9 -13 24 -14 -34 -22 2 2 6 -19 -15 44 -38 -13 0 -7 9 -21 -28 -20 -5 4 20 -29 -2 13 7 -35 53 -4 -6 -18 -3 1 -12 -1 -11 1 -3 -47 5 21 -7 25 29 3 -21 -20 -21 1 5 17
-39 14 27 -13 -5 14 -27 -20 -3 -4 -20 -3 4 -3 21 -15 -25 -6 9 -5 -6 -14 -21 49 -40 -8 1 -11 5 -11 -28 -16 -2 0 10 -25 4 6 1 -27 37 -1 -7 -3 2 -3 -11 4 -6 4 -7 -37 8 15 -16 30 23 -1 -10 -22 -12 -3 2 12
-40 11 41 -16 10 1 -10 -23 -8 18 -26 -6 4 -14 7 -5 -39 -31 0 5 -8 -2 -32 59 -36 -5 4 4 10 -22 -22 -41 -4 11 13 -31 -6 9 8 -35 42 -4 -16 -4 -5 -3 -1 -2 -13 -6 -9 -42 4 17 0 37 41 0 2 -13 -17 4 6 19
-47 6 43 -20 11 -1 -11 -24 -17 26 -7 -8 20 -16 30 -15 -32 -11 -18 0 -14 2 -23 53 -34 2 -4 -12 1 -11 -14 -21 -3 -12 15 -28 2 11 15 -24 30 -4 -5 6 -6 7 -7 -4 -17 3 -20 -48 10 14 -5 28 32 10 5 -15 -6 9 14 11
-42 19 36 -20 11 -19 -18 -21 -20 18 -6 -8 33 -27 13 -10 -40 -27 -6 -5 -19 -1 -21 59 -32 -18 2 -9 -4 -23 -36 -22 -3 -1 25 -13 -18 7 3 -30 37 -10 7 11 -4 20 -15 1 -3 12 -20 -41 -10 20 -5 36 37 4 -14 -11 -10 13 1 7
-41 9 35 -16 6 -3 -15 -28 -12 22 -13 -4 31 -17 21 -6 -31 -24 -17 0 -10 0 -29 51 -29 -11 -3 -3 9 -17 -27 -22 -5 1 18 -20 -19 8 5 -25 36 -17 -4 1 5 15 -9 -5 -9 4 -17 -47 -2 13 -7 38 41 8 -11 -10 -9 5 2 20
-54 25 39 -22 7 -13 -17 -25 -9 17 5 -14 23 -26 18 -17 -32 -38 -7 -10 -15 -22 -19 57 -32 -15 9 -9 1 -19 -39 -32 -11 -8 12 -18 -16 14 5 -40 33 -3 3 14 4 5 -15 -1 -8 7 -19 -43 15 30 -22 32 29 3 -3 -1 -15 24 -3 8
-49 7 38 -14 11 -19 -17 -21 -13 7 6 -7 16 -25 11 6 -32 -24 -9 -9 -20 -4 -36 58 -34 -12 -5 -13 -14 -22 -28 -21 -18 -4 9 -23 1 11 8 -31 35 5 -4 10 3 9 -25 -5 -19 0 -23 -47 0 19 2 35 21 -3 -8 -15 -15 -12 -2 19
-36 6 48 -16 16 -7 -13 -23 -27 15 7 7 28 -12 16 -1 -23 -19 -12 2 -7 -2 -34 54 -22 -12 -7 -8 2 -3 -22 -28 -5 -6 13 -23 -3 13 11 -33 38 -2 0 -8 6 9 -19 -11 -17 4 -27 -56 9 17 2 40 17 5 -19 5 -22 8 0 25
-52 35 48 -17 17 -6 -2 -17 -26 3 -5 0 14 -11 41 -3 -20 -31 -12 -7 4 -9 -30 60 -50 -14 5 -4 1 -17 -16 -29 1 -24 22 -25 -10 7 23 -29 47 -15 -4 4 -2 14 -20 1 -20 16 -22 -33 12 6 -8 33 19 11 -12 -15 -15 6 7 4
-22 12 8 -1 11 -6 -5 -12 -18 15 -6 -13 5 -9 -10 3 -8 70 0 -22 -6 -3 -11 9 -13 1 -2 1 -15 5 0 -4 -5 -7 13 -10 9 -6 3 -7 1 -3 10 -1 3 5 -2 -6 -10 12 -8 -14 4 3 -7 12 -6 6 -8 -3 -8 -3 1 6
-27 20 25 -24 8 1 -12 3 -18 4 7 8 7 1 26 17 -5 28 -12 -30 1 0 -11 24 -26 -4 9 -8 -15 7 -2 -15 -1 -25 35 1 9 8 15 -6 7 0 3 -23 5 5 -8 2 -9 25 -17 -22 12 1 7 12 26 17 -24 -4 -18 8 0 1
-27 20 25 -24 8 1 -12 3 -18 4 7 8 7 1 26 17 -5 28 -12 -30 1 0 -11 24 -26 -4 9 -8 -15 7 -2 -15 -1 -25 35 1 9 8 15 -6 7 0 3 -23 5 5 -8 2 -9 25 -17 -22 12 1 7 12 26 17 -24 -4 -18 8 0 1
-27 20 25 -24 8 1 -12 3 -18 4 7 8 7 1 26 17 -5 28 -12 -30 1 0 -11 24 -26 -4 9 -8 -15 7 -2 -15 -1 -25 35 1 9 8 15 -6 7 0 3 -23 5 5 -8 2 -9 25 -17 -22 12 1 7 12 26 17 -24 -4 -18 8 0 1
-27 20 25 -24 8 1 -12 3 -18 4 7 8 7 1 26 17 -5 28 -12 -30 1 0 -11 24 -26 -4 9 -8 -15 7 -2 -15 -1 -25 35 1 9 8 15 -6 7 0 3 -23 5 5 -8 2 -9 25 -17 -22 12 1 7 12 26 17 -24 -4 -18 8 0 1
-27 20 25 -24 8 1 -12 3 -18 4 7 8 7 1 26 17 -5 28 -12 -30 1 0 -11 24 -26 -4 9 -8 -15 7 -2 -15 -1 -25 35 1 9 8 15 -6 7 0 3 -23 5 5 -8 2 -9 25 -17 -22 12 1 7 12 26 17 -24 -4 -18 8 0 1
-27 20 25 -24 8 1 -12 3 -18 4 7 8 7 1 26 17 -5 28 -12 -30 1 0 -11 24 -26 -4 9 -8 -15 7 -2 -15 -1 -25 35 1 9 8 15 -6 7 0 3 -23 5 5 -8 2 -9 25 -17 -22 12 1 7 12 26 17 -24 -4 -18 8 0 1
-27 20 25 -24 8 1 -12 3 -18 4 7 8 7 1 26 17 -5 28 -12 -30 1 0 -11 24 -26 -4 9 -8 -15 7 -2 -15 -1 -25 35 1 9 8 15 -6 7 0 3 -23 5 5 -8 2 -9 25 -17 -22 12 1 7 12 26 17 -24 -4 -18 8 0 1
-27 20 25 -24 8 1 -12 3 -18 4 7 8 7 1 26 17 -5 28 -12 -30 1 0 -11 24 -26 -4 9 -8 -15 7 -2 -15 -1 -25 35 1 9 8 15 -6 7 0 3 -23 5 5 -8 2 -9 25 -17 -22 12 1 7 12 26 17 -24 -4 -18 8 0 1
-27 20 25 -24 8 1 -12 3 -18 4 7 8 7 1 26 17 -5 28 -12 -30 1 0 -11 24 -26 -4 9 -8 -15 7 -2 -15 -1 -25 35 1 9 8 15 -6 7 0 3 -23 5 5 -8 2 -9 25 -17 -22 12 1 7 12 26 17 -24 -4 -18 8 0 1
-27 20 25 -24 8 1 -12 3 -18 4 7 8 7 1 26 17 -5 28 -12 -30 1 0 -11 24 -26 -4 9 -8 -15 7 -2 -15 -1 -25 35 1 9 8 15 -6 7 0 3 -23 5 5 -8 2 -9 25 -17 -22 12 1 7 12 26 17 -24 -4 -18 8 0 1
-27 20 25 -24 8 1 -12 3 -18 4 7 8 7 1 26 17 -5 28 -12 -30 1 0 -11 24 -26 -4 9 -8 -15 7 -2 -15 -1 -25 35 1 9 8 15 -6 7 0 3 -23 5 5 -8 2 -9 25 -17 -22 12 1 7 12 26 17 -24 -4 -18 8 0 1
-27 20 25 -24 8 1 -12 3 -18 4 7 8 7 1 26 17 -5 28 -12 -30 1 0 -11 24 -26 -4 9 -8 -15 7 -2 -15 -1 -25 35 1 9 8 15 -6 7 0 3 -23 5 5 -8 2 -9 25 -17 -22 12 1 7 12 26 17 -24 -4 -18 8 0 1
-27 20 25 -24 8 1 -12 3 -18 4 7 8 7 1 26 17 -5 28 -12 -30 1 0 -11 24 -26 -4 9 -8 -15 7 -2 -15 -1 -25 35 1 9 8 15 -6 7 0 3 -23 5 5 -8 2 -9 25 -17 -22 12 1 7 12 26 17 -24 -4 -18 8 0 1
-27 20 25 -24 8 1 -12 3 -18 4 7 8 7 1 26 17 -5 28 -12 -30 1 0 -11 24 -26 -4 9 -8 -15 7 -2 -15 -1 -25 35 1 9 8 15 -6 7 0 3 -23 5 5 -8 2 -9 25 -17 -22 12 1 7 12 26 17 -24 -4 -18 8 0 1
-27 20 25 -24 8 1 -12 3 -18 4 7 8 7 1 26 17 -5 28 -12 -30 1 0 -11 24 -26 -4 9 -8 -15 7 -2 -15 -1 -25 35 1 9 8 15 -6 7 0 3 -23 5 5 -8 2 -9 25 -17 -22 12 1 7 12 26 17 -24 -4 -18 8 0 1
-27 20 25 -24 8 1 -12 3 -18 4 7 8 7 1 26 17 -5 28 -12 -30 1 0 -11 24 -26 -4 9 -8 -15 7 -2 -15 -1 -25 35 1 9 8 15 -6 7 0 3 -23 5 5 -8 2 -9 25 -17 -22 12 1 7 12 26 17 -24 -4 -18 8 0 1
-27 20 25 -24 8 1 -12 3 -18 4 7 8 7 1 26 17 -5 28 -12 -30 1 0 -11 24 -26 -4 9 -8 -15 7 -2 -15 -1 -25 35 1 9 8 15 -6 7 0 3 -23 5 5 -8 2 -9 25 -17 -22 12 1 7 12 26 17 -24 -4 -18 8 0 1
-27 20 25 -24 8 1 -12 3 -18 4 7 8 7 1 26 17 -5 28 -12 -30 1 0 -11 24 -26 -4 9 -8 -15 7 -2 -15 -1 -25 35 1 9 8 15 -6 7 0 3 -23 5 5 -8 2 -9 25 -17 -22 12 1 7 12 26 17 -24 -4 -18 8 0 1
-27 20 25 -24 8 1 -12 3 -18 4 7 8 7 1 26 17 -5 28 -12 -30 1 0 -11 24 -26 -4 9 -8 -15 7 -2 -15 -1 -25 35 1 9 8 15 -6 7 0 3 -23 5 5 -8 2 -9 25 -17 -22 12 1 7 12 26 17 -24 -4 -18 8 0 1
-27 20 25 -24 8 1 -12 3 -18 4 7 8 7 1 26 17 -5 28 -12 -30 1 0 -11 24 -26 -4 9 -8 -15 7 -2 -15 -1 -25 35 1 9 8 15 -6 7 0 3 -23 5 5 -8 2 -9 25 -17 -22 12 1 7 12 26 17 -24 -4 -18 8 0 1
-27 20 25 -24 8 1 -12 3 -18 4 7 8 7 1 26 17 -5 28 -12 -30 1 0 -11 24 -26 -4 9 -8 -15 7 -2 -15 -1 -25 35 1 9 8 15 -6 7 0 3 -23 5 5 -8 2 -9 25 -17 -22 12 1 7 12 26 17 -24 -4 -18 8 0 1
-27 20 25 -24 8 1 -12 3 -18 4 7 8 7 1 26 17 -5 28 -12 -30 1 0 -11 24 -26 -4 9 -8 -15 7 -2 -15 -1 -25 35 1 9 8 15 -6 7 0 3 -23 5 5 -8 2 -9 25 -17 -22 12 1 7 12 26 17 -24 -4 -18 8 0 1
-27 20 25 -24 8 1 -12 3 -18 4 7 8 7 1 26 17 -5 28 -12 -30 1 0 -11 24 -26 -4 9 -8 -15 7 -2 -15 -1 -25 35 1 9 8 15 -6 7 0 3 -23 5 5 -8 2 -9 25 -17 -22 12 1 7 12 26 17 -24 -4 -18 8 0 1
-27 20 25 -24 8 1 -12 3 -18 4 7 8 7 1 26 17 -5 28 -12 -30 1 0 -11 24 -26 -4 9 -8 -15 7 -2 -15 -1 -25 35 1 9 8 15 -6 7 0 3 -23 5 5 -8 2 -9 25 -17 -22 12 1 7 12 26 17 -24 -4 -18 8 0 1
-27 20 25 -24 8 1 -12 3 -18 4 7 8 7 1 26 17 -5 28 -12 -30 1 0 -11 24 -26 -4 9 -8 -15 7 -2 -15 -1 -25 35 1 9 8 15 -6 7 0 3 -23 5 5 -8 2 -9 25 -17 -22 12 1 7 12 26 17 -24 -4 -18 8 0 1
-27 20 25 -24 8 1 -12 3 -18 4 7 8 7 1 26 17 -5 28 -12 -30 1 0 -11 24 -26 -4 9 -8 -15 7 -2 -15 -1 -25 35 1 9 8 15 -6 7 0 3 -23 5 5 -8 2 -9 25 -17 -22 12 1 7 12 26 17 -24 -4 -18 8 0 1
-27 20 25 -24 8 1 -12 3 -18 4 7 8 7 1 26 17 -5 28 -12 -30 1 0 -11 24 -26 -4 9 -8 -15 7 -2 -15 -1 -25 35 1 9 8 15 -6 7 0 3 -23 5 5 -8 2 -9 25 -17 -22 12 1 7 12 26 17 -24 -4 -18 8 0 1
-27 20 25 -24 8 1 -12 3 -18 4 7 8 7 1 26 17 -5 28 -12 -30 1 0 -11 24 -26 -4 9 -8 -15 7 -2 -15 -1 -25 35 1 9 8 15 -6 7 0 3 -23 5 5 -8 2 -9 25 -17 -22 12 1 7 12 26 17 -24 -4 -18 8 0 1
-27 20 25 -24 8 1 -12 3 -18 4 7 8 7 1 26 17 -5 28 -12 -30 1 0 -11 24 -26 -4 9 -8 -15 7 -2 -15 -1 -25 35 1 9 8 15 -6 7 0 3 -23 5 5 -8 2 -9 25 -17 -22 12 1 7 12 26 17 -24 -4 -18 8 0 1
-27 20 25 -24 8 1 -12 3 -18 4 7 8 7 1 26 17 -5 28 -12 -30 1 0 -11 24 -26 -4 9 -8 -15 7 -2 -15 -1 -25 35 1 9 8 15 -6 7 0 3 -23 5 5 -8 2 -9 25 -17 -22 12 1 7 12 26 17 -24 -4 -18 8 0 1
-27 20 25 -24 8 1 -12 3 -18 4 7 8 7 1 26 17 -5 28 -12 -30 1 0 -11 24 -26 -4 9 -8 -15 7 -2 -15 -1 -25 35 1 9 8 15 -6 7 0 3 -23 5 5 -8 2 -9 25 -17 -22 12 1 7 12 26 17 -24 -4 -18 8 0 1
-27 20 25 -24 8 1 -12 3 -18 4 7 8 7 1 26 17 -5 28 -12 -30 1 0 -11 24 -26 -4 9 -8 -15 7 -2 -15 -1 -25 35 1 9 8 15 -6 7 0 3 -23 5 5 -8 2 -9 25 -17 -22 12 1 7 12 26 17 -24 -4 -18 8 0 1
-27 20 25 -24 8 1 -12 3 -18 4 7 8 7 1 26 17 -5 28 -12 -30 1 0 -11 24 -26 -4 9 -8 -15 7 -2 -15 -1 -25 35 1 9 8 15 -6 7 0 3 -23 5 5 -8 2 -9 25 -17 -22 12 1 7 12 26 17 -24 -4 -18 8 0 1
-27 20 25 -24 8 1 -12 3 -18 4 7 8 7 1 26 17 -5 28 -12 -30 1 0 -11 24 -26 -4 9 -8 -15 7 -2 -15 -1 -25 35 1 9 8 15 -6 7 0 3 -23 5 5 -8 2 -9 25 -17 -22 12 1 7 12 26 17 -24 -4 -18 8 0 1
-27 20 25 -24 8 1 -12 3 -18 4 7 8 7 1 26 17 -5 28 -12 -30 1 0 -11 24 -26 -4 9 -8 -15 7 -2 -15 -1 -25 35 1 9 8 15 -6 7 0 3 -23 5 5 -8 2 -9 25 -17 -22 12 1 7 12 26 17 -24 -4 -18 8 0 1
-27 20 25 -24 8 1 -12 3 -18 4 7 8 7 1 26 17 -5 28 -12 -30 1 0 -11 24 -26 -4 9 -8 -15 7 -2 -15 -1 -25 35 1 9 8 15 -6 7 0 3 -23 5 5 -8 2 -9 25 -17 -22 12 1 7 12 26 17 -24 -4 -18 8 0 1
-27 20 25 -24 8 1 -12 3 -18 4 7 8 7 1 26 17 -5 28 -12 -30 1 0 -11 24 -26 -4 9 -8 -15 7 -2 -15 -1 -25 35 1 9 8 15 -6 7 0 3 -23 5 5 -8 2 -9 25 -17 -22 12 1 7 12 26 17 -24 -4 -18 8 0 1
-27 20 25 -24 8 1 -12 3 -18 4 7 8 7 1 26 17 -5 28 -12 -30 1 0 -11 24 -26 -4 9 -8 -15 7 -2 -15 -1 -25 35 1 9 8 15 -6 7 0 3 -23 5 5 -8 2 -9 25 -17 -22 12 1 7 12 26 17 -24 -4 -18 8 0 1
-27 20 25 -24 8 1 -12 3 -18 4 7 8 7 1 26 17 -5 28 -12 -30 1 0 -11 24 -26 -4 9 -8 -15 7 -2 -15 -1 -25 35 1 9 8 15 -6 7 0 3 -23 5 5 -8 2 -9 25 -17 -22 12 1 7 12 26 17 -24 -4 -18 8 0 1
-27 20 25 -24 8 1 -12 3 -18 4 7 8 7 1 26 17 -5 28 -12 -30 1 0 -11 24 -26 -4 9 -8 -15 7 -2 -15 -1 -25 35 1 9 8 15 -6 7 0 3 -23 5 5 -8 2 -9 25 -17 -22 12 1 7 12 26 17 -24 -4 -18 8 0 1
-27 20 25 -24 8 1 -12 3 -18 4 7 8 7 1 26 17 -5 28 -12 -30 1 0 -11 24 -26 -4 9 -8 -15 7 -2 -15 -1 -25 35 1 9 8 15 -6 7 0 3 -23 5 5 -8 2 -9 25 -17 -22 12 1 7 12 26 17 -24 -4 -18 8 0 1
-27 20 25 -24 8 1 -12 3 -18 4 7 8 7 1 26 17 -5 28 -12 -30 1 0 -11 24 -26 -4 9 -8 -15 7 -2 -15 -1 -25 35 1 9 8 15 -6 7 0 3 -23 5 5 -8 2 -9 25 -17 -22 12 1 7 12 26 17 -24 -4 -18 8 0 1
-27 20 25 -24 8 1 -12 3 -18 4 7 8 7 1 26 17 -5 28 -12 -30 1 0 -11 24 -26 -4 9 -8 -15 7 -2 -15 -1 -25 35 1 9 8 15 -6 7 0 3 -23 5 5 -8 2 -9 25 -17 -22 12 1 7 12 26 17 -24 -4 -18 8 0 1
-27 20 25 -24 8 1 -12 3 -18 4 7 8 7 1 26 17 -5 28 -12 -30 1 0 -11 24 -26 -4 9 -8 -15 7 -2 -15 -1 -25 35 1 9 8 15 -6 7 0 3 -23 5 5 -8 2 -9 25 -17 -22 12 1 7 12 26 17 -24 -4 -18 8 0 1
-27 20 25 -24 8 1 -12 3 -18 4 7 8 7 1 26 17 -5 28 -12 -30 1 0 -11 24 -26 -4 9 -8 -15 7 -2 -15 -1 -25 35 1 9 8 15 -6 7 0 3 -23 5 5 -8 2 -9 25 -17 -22 12 1 7 12 26 17 -24 -4 -18 8 0 1
-27 20 25 -24 8 1 -12 3 -18 4 7 8 7 1 26 17 -5 28 -12 -30 1 0 -11 24 -26 -4 9 -8 -15 7 -2 -15 -1 -25 35 1 9 8 15 -6 7 0 3 -23 5 5 -8 2 -9 25 -17 -22 12 1 7 12 26 17 -24 -4 -18 8 0 1
-27 20 25 -24 8 1 -12 3 -18 4 7 8 7 1 26 17 -5 28 -12 -30 1 0 -11 24 -26 -4 9 -8 -15 7 -2 -15 -1 -25 35 1 9 8 15 -6 7 0 3 -23 5 5 -8 2 -9 25 -17 -22 12 1 7 12 26 17 -24 -4 -18 8 0 1
-27 20 25 -24 8 1 -12 3 -18 4 7 8 7 1 26 17 -5 28 -12 -30 1 0 -11 24 -26 -4 9 -8 -15 7 -2 -15 -1 -25 35 1 9 8 15 -6 7 0 3 -23 5 5 -8 2 -9 25 -17 -22 12 1 7 12 26 17 -24 -4 -18 8 0 1
-27 20 25 -24 8 1 -12 3 -18 4 7 8 7 1 26 17 -5 28 -12 -30 1 0 -11 24 -26 -4 9 -8 -15 7 -2 -15 -1 -25 35 1 9 8 15 -6 7 0 3 -23 5 5 -8 2 -9 25 -17 -22 12 1 7 12 26 17 -24 -4 -18 8 0 1
-27 20 25 -24 8 1 -12 3 -18 4 7 8 7 1 26 17 -5 28 -12 -30 1 0 -11 24 -26 -4 9 -8 -15 7 -2 -15 -1 -25 35 1 9 8 15 -6 7 0 3 -23 5 5 -8 2 -9 25 -17 -22 12 1 7 12 26 17 -24 -4 -18 8 0 1
-27 20 25 -24 8 1 -12 3 -18 4 7 8 7 1 26 17 -5 28 -12 -30 1 0 -11 24 -26 -4 9 -8 -15 7 -2 -15 -1 -25 35 1 9 8 15 -6 7 0 3 -23 5 5 -8 2 -9 25 -17 -22 12 1 7 12 26 17 -24 -4 -18 8 0 1
-27 20 25 -24 8 1 -12 3 -18 4 7 8 7 1 26 17 -5 28 -12 -30 1 0 -11 24 -26 -4 9 -8 -15 7 -2 -15 -1 -25 35 1 9 8 15 -6 7 0 3 -23 5 5 -8 2 -9 25 -17 -22 12 1 7 12 26 17 -24 -4 -18 8 0 1
-27 20 25 -24 8 1 -12 3 -18 4 7 8 7 1 26 17 -5 28 -12 -30 1 0 -11 24 -26 -4 9 -8 -15 7 -2 -15 -1 -25 35 1 9 8 15 -6 7 0 3 -23 5 5 -8 2 -9 25 -17 -22 12 1 7 12 26 17 -24 -4 -18 8 0 1
-27 20 25 -24 8 1 -12 3 -18 4 7 8 7 1 26 17 -5 28 -12 -30 1 0 -11 24 -26 -4 9 -8 -15 7 -2 -15 -1 -25 35 1 9 8 15 -6 7 0 3 -23 5 5 -8 2 -9 25 -17 -22 12 1 7 12 26 17 -24 -4 -18 8 0 1
-27 20 25 -24 8 1 -12 3 -18 4 7 8 7 1 26 17 -5 28 -12 -30 1 0 -11 24 -26 -4 9 -8 -15 7 -2 -15 -1 -25 35 1 9 8 15 -6 7 0 3 -23 5 5 -8 2 -9 25 -17 -22 12 1 7 12 26 17 -24 -4 -18 8 0 1
-27 20 25 -24 8 1 -12 3 -18 4 7 8 7 1 26 17 -5 28 -12 -30 1 0 -11 24 -26 -4 9 -8 -15 7 -2 -15 -1 -25 35 1 9 8 15 -6 7 0 3 -23 5 5 -8 2 -9 25 -17 -22 12 1 7 12 26 17 -24 -4 -18 8 0 1
-27 20 25 -24 8 1 -12 3 -18 4 7 8 7 1 26 17 -5 28 -12 -30 1 0 -11 24 -26 -4 9 -8 -15 7 -2 -15 -1 -25 35 1 9 8 15 -6 7 0 3 -23 5 5 -8 2 -9 25 -17 -22 12 1 7 12 26 17 -24 -4 -18 8 0 1
-27 20 25 -24 8 1 -12 3 -18 4 7 8 7 1 26 17 -5 28 -12 -30 1 0 -11 24 -26 -4 9 -8 -15 7 -2 -15 -1 -25 35 1 9 8 15 -6 7 0 3 -23 5 5 -8 2 -9 25 -17 -22 12 1 7 12 26 17 -24 -4 -18 8 0 1
-27 20 25 -24 8 1 -12 3 -18 4 7 8 7 1 26 17 -5 28 -12 -30 1 0 -11 24 -26 -4 9 -8 -15 7 -2 -15 -1 -25 35 1 9 8 15 -6 7 0 3 -23 5 5 -8 2 -9 25 -17 -22 12 1 7 12 26 17 -24 -4 -18 8 0 1
-27 20 25 -24 8 1 -12 3 -18 4 7 8 7 1 26 17 -5 28 -12 -30 1 0 -11 24 -26 -4 9 -8 -15 7 -2 -15 -1 -25 35 1 9 8 15 -6 7 0 3 -23 5 5 -8 2 -9 25 -17 -22 12 1 7 12 26 17 -24 -4 -18 8 0 1
-27 20 25 -24 8 1 -12 3 -18 4 7 8 7 1 26 17 -5 28 -12 -30 1 0 -11 24 -26 -4 9 -8 -15 7 -2 -15 -1 -25 35 1 9 8 15 -6 7 0 3 -23 5 5 -8 2 -9 25 -17 -22 12 1 7 12 26 17 -24 -4 -18 8 0 1
-27 20 25 -24 8 1 -12 3 -18 4 7 8 7 1 26 17 -5 28 -12 -30 1 0 -11 24 -26 -4 9 -8 -15 7 -2 -15 -1 -25 35 1 9 8 15 -6 7 0 3 -23 5 5 -8 2 -9 25 -17 -22 12 1 7 12 26 17 -24 -4 -18 8 0 1
-27 20 25 -24 8 1 -12 3 -18 4 7 8 7 1 26 17 -5 28 -12 -30 1 0 -11 24 -26 -4 9 -8 -15 7 -2 -15 -1 -25 35 1 9 8 15 -6 7 0 3 -23 5 5 -8 2 -9 25 -17 -22 12 1 7 12 26 17 -24 -4 -18 8 0 1
-27 20 25 -24 8 1 -12 3 -18 4 7 8 7 1 26 17 -5 28 -12 -30 1 0 -11 24 -26 -4 9 -8 -15 7 -2 -15 -1 -25 35 1 9 8 15 -6 7 0 3 -23 5 5 -8 2 -9 25 -17 -22 12 1 7 12 26 17 -24 -4 -18 8 0 1
-27 20 25 -24 8 1 -12 3 -18 4 7 8 7 1 26 17 -5 28 -12 -30 1 0 -11 24 -26 -4 9 -8 -15 7 -2 -15 -1 -25 35 1 9 8 15 -6 7 0 3 -23 5 5 -8 2 -9 25 -17 -22 12 1 7 12 26 17 -24 -4 -18 8 0 1
-27 20 25 -24 8 1 -12 3 -18 4 7 8 7 1 26 17 -5 28 -12 -30 1 0 -11 24 -26 -4 9 -8 -15 7 -2 -15 -1 -25 35 1 9 8 15 -6 7 0 3 -23 5 5 -8 2 -9 25 -17 -22 12 1 7 12 26 17 -24 -4 -18 8 0 1
-27 20 25 -24 8 1 -12 3 -18 4 7 8 7 1 26 17 -5 28 -12 -30 1 0 -11 24 -26 -4 9 -8 -15 7 -2 -15 -1 -25 35 1 9 8 15 -6 7 0 3 -23 5 5 -8 2 -9 25 -17 -22 12 1 7 12 26 17 -24 -4 -18 8 0 1
-27 20 25 -24 8 1 -12 3 -18 4 7 8 7 1 26 17 -5 28 -12 -30 1 0 -11 24 -26 -4 9 -8 -15 7 -2 -15 -1 -25 35 1 9 8 15 -6 7 0 3 -23 5 5 -8 2 -9 25 -17 -22 12 1 7 12 26 17 -24 -4 -18 8 0 1
-27 20 25 -24 8 1 -12 3 -18 4 7 8 7 1 26 17 -5 28 -12 -30 1 0 -11 24 -26 -4 9 -8 -15 7 -2 -15 -1 -25 35 1 9 8 15 -6 7 0 3 -23 5 5 -8 2 -9 25 -17 -22 12 1 7 12 26 17 -24 -4 -18 8 0 1
-27 20 25 -24 8 1 -12 3 -18 4 7 8 7 1 26 17 -5 28 -12 -30 1 0 -11 24 -26 -4 9 -8 -15 7 -2 -15 -1 -25 35 1 9 8 15 -6 7 0 3 -23 5 5 -8 2 -9 25 -17 -22 12 1 7 12 26 17 -24 -4 -18 8 0 1
-27 20 25 -24 8 1 -12 3 -18 4 7 8 7 1 26 17 -5 28 -12 -30 1 0 -11 24 -26 -4 9 -8 -15 7 -2 -15 -1 -25 35 1 9 8 15 -6 7 0 3 -23 5 5 -8 2 -9 25 -17 -22 12 1 7 12 26 17 -24 -4 -18 8 0 1
-27 20 25 -24 8 1 -12 3 -18 4 7 8 7 1 26 17 -5 28 -12 -30 1 0 -11 24 -26 -4 9 -8 -15 7 -2 -15 -1 -25 35 1 9 8 15 -6 7 0 3 -23 5 5 -8 2 -9 25 -17 -22 12 1 7 12 26 17 -24 -4 -18 8 0 1
-27 20 25 -24 8 1 -12 3 -18 4 7 8 7 1 26 17 -5 28 -12 -30 1 0 -11 24 -26 -4 9 -8 -15 7 -2 -15 -1 -25 35 1 9 8 15 -6 7 0 3 -23 5 5 -8 2 -9 25 -17 -22 12 1 7 12 26 17 -24 -4 -18 8 0 1
-27 20 25 -24 8 1 -12 3 -18 4 7 8 7 1 26 17 -5 28 -12 -30 1 0 -11 24 -26 -4 9 -8 -15 7 -2 -15 -1 -25 35 1 9 8 15 -6 7 0 3 -23 5 5 -8 2 -9 25 -17 -22 12 1 7 12 26 17 -24 -4 -18 8 0 1
-27 20 25 -24 8 1 -12 3 -18 4 7 8 7 1 26 17 -5 28 -12 -30 1 0 -11 24 -26 -4 9 -8 -15 7 -2 -15 -1 -25 35 1 9 8 15 -6 7 0 3 -23 5 5 -8 2 -9 25 -17 -22 12 1 7 12 26 17 -24 -4 -18 8 0 1
-27 20 25 -24 8 1 -12 3 -18 4 7 8 7 1 26 17 -5 28 -12 -30 1 0 -11 24 -26 -4 9 -8 -15 7 -2 -15 -1 -25 35 1 9 8 15 -6 7 0 3 -23 5 5 -8 2 -9 25 -17 -22 12 1 7 12 26 17 -24 -4 -18 8 0 1
-27 20 25 -24 8 1 -12 3 -18 4 7 8 7 1 26 17 -5 28 -12 -30 1 0 -11 24 -26 -4 9 -8 -15 7 -2 -15 -1 -25 35 1 9 8 15 -6 7 0 3 -23 5 5 -8 2 -9 25 -17 -22 12 1 7 12 26 17 -24 -4 -18 8 0 1
-27 20 25 -24 8 1 -12 3 -18 4 7 8 7 1 26 17 -5 28 -12 -30 1 0 -11 24 -26 -4 9 -8 -15 7 -2 -15 -1 -25 35 1 9 8 15 -6 7 0 3 -23 5 5 -8 2 -9 25 -17 -22 12 1 7 12 26 17 -24 -4 -18 8 0 1
-27 20 25 -24 8 1 -12 3 -18 4 7 8 7 1 26 17 -5 28 -12 -30 1 0 -11 24 -26 -4 9 -8 -15 7 -2 -15 -1 -25 35 1 9 8 15 -6 7 0 3 -23 5 5 -8 2 -9 25 -17 -22 12 1 7 12 26 17 -24 -4 -18 8 0 1
-27 20 25 -24 8 1 -12 3 -18 4 7 8 7 1 26 17 -5 28 -12 -30 1 0 -11 24 -26 -4 9 -8 -15 7 -2 -15 -1 -25 35 1 9 8 15 -6 7 0 3 -23 5 5 -8 2 -9 25 -17 -22 12 1 7 12 26 17 -24 -4 -18 8 0 1
-27 20 25 -24 8 1 -12 3 -18 4 7 8 7 1 26 17 -5 28 -12 -30 1 0 -11 24 -26 -4 9 -8 -15 7 -2 -15 -1 -25 35 1 9 8 15 -6 7 0 3 -23 5 5 -8 2 -9 25 -17 -22 12 1 7 12 26 17 -24 -4 -18 8 0 1
-27 20 25 -24 8 1 -12 3 -18 4 7 8 7 1 26 17 -5 28 -12 -30 1 0 -11 24 -26 -4 9 -8 -15 7 -2 -15 -1 -25 35 1 9 8 15 -6 7 0 3 -23 5 5 -8 2 -9 25 -17 -22 12 1 7 12 26 17 -24 -4 -18 8 0 1
-27 20 25 -24 8 1 -12 3 -18 4 7 8 7 1 26 17 -5 28 -12 -30 1 0 -11 24 -26 -4 9 -8 -15 7 -2 -15 -1 -25 35 1 9 8 15 -6 7 0 3 -23 5 5 -8 2 -9 25 -17 -22 12 1 7 12 26 17 -24 -4 -18 8 0 1
-27 20 25 -24 8 1 -12 3 -18 4 7 8 7 1 26 17 -5 28 -12 -30 1 0 -11 24 -26 -4 9 -8 -15 7 -2 -15 -1 -25 35 1 9 8 15 -6 7 0 3 -23 5 5 -8 2 -9 25 -17 -22 12 1 7 12 26 17 -24 -4 -18 8 0 1
-27 20 25 -24 8 1 -12 3 -18 4 7 8 7 1 26 17 -5 28 -12 -30 1 0 -11 24 -26 -4 9 -8 -15 7 -2 -15 -1 -25 35 1 9 8 15 -6 7 0 3 -23 5 5 -8 2 -9 25 -17 -22 12 1 7 12 26 17 -24 -4 -18 8 0 1
-27 20 25 -24 8 1 -12 3 -18 4 7 8 7 1 26 17 -5 28 -12 -30 1 0 -11 24 -26 -4 9 -8 -15 7 -2 -15 -1 -25 35 1 9 8 15 -6 7 0 3 -23 5 5 -8 2 -9 25 -17 -22 12 1 7 12 26 17 -24 -4 -18 8 0 1
-27 20 25 -24 8 1 -12 3 -18 4 7 8 7 1 26 17 -5 28 -12 -30 1 0 -11 24 -26 -4 9 -8 -15 7 -2 -15 -1 -25 35 1 9 8 15 -6 7 0 3 -23 5 5 -8 2 -9 25 -17 -22 12 1 7 12 26 17 -24 -4 -18 8 0 1
