18 17 -22 -1 0 -6 -21 -8 7 -11 -10 4 -3 1 19 -11 -9 -11 63 24 3 5 1 15 4 10 3 6 -4 -12 14 -9 3 -7 -7 -13 9 -12 8 -4 2 -11 -9 -15 -9 -7 -4 -25 -7 -6 -3 -1 6 -1 10 -9 -7 4 -3 -3 -12 -3 -25 17
21 7 -48 5 1 -43 -18 -13 7 3 -29 15 -15 12 10 -34 20 -11 12 24 24 2 -2 8 16 -6 -12 10 -3 7 1 -2 2 15 -7 -16 -5 -24 2 11 -9 0 4 -12 4 23 16 -28 -3 -29 -9 7 3 19 -18 -6 -37 12 -6 -56 9 -4 -5 20
-4 5 -37 6 -2 -37 -10 0 1 5 -37 -2 -6 -2 -11 -20 33 1 4 24 17 10 10 12 16 -16 -6 25 -11 8 2 8 -12 5 7 -17 -10 -16 -4 -5 -3 -2 -9 -11 18 32 15 -29 1 -31 -10 5 6 7 -14 -13 -34 21 9 -63 13 -1 3 17
9 -7 -42 17 -24 -32 -11 -12 3 -15 -28 -19 -6 3 4 -3 40 -14 7 25 5 -10 18 10 0 -27 -9 28 -4 -3 13 23 -5 5 7 -18 -12 -28 -20 -14 13 -20 -21 -2 16 22 -7 -22 -1 -23 -3 -15 -7 3 -32 -2 -21 20 0 -59 17 2 -12 10
15 -17 -42 17 -18 -17 -27 -10 6 -9 -12 -9 -5 -12 5 -6 20 -12 9 18 -2 -7 8 16 8 -16 3 22 0 8 6 14 -4 -17 -4 -10 -6 -25 -18 -8 19 -18 -15 -15 13 18 -9 -18 -1 -14 -3 1 -17 -10 -28 1 -25 17 -1 -60 6 4 -12 17
25 -13 -54 21 -12 -32 -16 -14 7 -15 -16 -9 -12 -5 7 -7 33 -13 3 26 -3 1 4 17 9 -20 9 22 5 19 5 3 0 -17 -4 -19 -6 -21 -16 -11 17 -15 -22 -11 7 24 -7 -18 -8 -9 -4 -7 -13 -10 -24 6 -26 20 -3 -48 15 -1 -12 20
8 -12 -44 1 -14 -24 -13 -10 0 -22 -17 -13 -21 -16 15 -7 27 -1 -1 10 11 9 6 13 0 -25 3 25 -3 -3 5 5 2 6 -2 -8 -14 -19 -9 0 23 -24 -13 -22 10 29 -12 -25 -7 -6 2 -14 -12 8 -18 1 -21 27 2 -42 14 4 6 13
32 2 -34 13 -18 -36 -17 -10 5 -28 -24 -19 -13 5 3 1 28 -27 9 22 -2 -14 24 5 -5 -19 -5 14 5 -5 8 18 -2 1 4 -9 -9 -17 -11 -12 14 -13 -13 -13 16 22 -16 -22 -4 -1 -5 -18 -12 11 -26 4 -20 23 -3 -49 20 14 -10 21
11 4 -37 23 -6 -27 -17 -7 16 -13 -21 -13 11 -12 4 5 34 -6 8 22 5 -4 9 18 -9 -22 -3 24 5 -10 12 23 -9 4 2 -21 -7 -19 -15 -3 15 -14 -8 -9 10 29 -7 -23 -5 -31 -8 -14 -13 25 -18 0 -21 33 -1 -65 20 -4 -17 11
-15 6 -38 22 5 -29 -10 -13 -14 14 -37 -9 -12 1 1 -2 30 10 -20 26 14 14 20 -2 16 -2 0 19 14 9 15 3 5 -15 7 -12 -15 -16 -9 8 0 -27 -14 -19 4 25 2 -27 -5 -25 -11 -13 8 22 -18 -13 -36 32 -4 -83 11 -9 -1 5
2 0 -36 27 -14 -29 -16 4 15 -11 -27 -12 7 -18 -6 16 40 -12 1 25 6 -4 5 14 -8 -22 -4 11 -2 1 17 19 -12 2 5 -15 -3 -19 -22 5 15 -10 -14 -7 3 21 -4 -21 -2 -38 -12 -13 -11 19 -16 0 -23 43 -12 -65 26 -8 -13 12
4 0 -37 10 0 -34 -29 1 11 -15 -9 -10 -5 -8 -9 4 37 -11 -9 21 -2 -5 29 13 -8 -24 -5 26 -3 -2 4 14 -7 3 -13 -18 -12 -20 -27 0 8 -19 -16 -8 10 34 -19 -21 -20 -30 -6 -13 -11 25 -22 10 -23 41 -18 -72 24 0 -23 23
5 3 -35 5 0 -37 -15 6 4 -16 -10 -14 -18 -14 7 -9 35 -9 -11 11 18 -5 19 17 -6 -4 11 27 -8 -10 -2 16 6 -3 -8 -28 -20 -27 -21 -7 7 -19 -8 -16 5 34 -17 -17 -3 -32 -10 3 5 18 -26 1 -33 35 -15 -72 25 10 -13 12
21 1 -35 8 6 -40 -21 4 6 -10 -22 -11 -15 -18 19 -12 11 -12 -5 12 11 -7 10 19 -12 8 10 17 -5 -20 4 3 22 -9 -6 -17 -20 -27 -22 4 0 -8 5 -9 10 31 -13 -11 9 -21 -18 5 11 15 -19 8 -23 27 -17 -53 17 7 -24 12
-2 12 -36 8 2 -30 -19 -3 -2 2 -21 -8 -20 -3 1 -6 22 4 -29 17 14 0 15 6 -11 5 -3 35 -2 -1 -6 4 2 3 -13 -34 -31 -19 -18 -8 12 -27 -15 -15 8 40 -15 -12 -17 -30 -10 1 5 31 -32 1 -38 32 -11 -69 20 4 -7 13
4 10 -39 8 -7 -35 -14 11 3 -8 -7 -5 -15 -7 1 -3 34 -7 -16 19 12 -5 21 8 -5 5 2 31 -12 -3 3 19 0 8 -8 -41 -15 -26 -24 -11 4 -25 -19 -10 11 37 -15 -19 -12 -29 -6 0 4 20 -34 11 -34 35 -9 -74 23 7 -21 10
9 -1 -35 4 -12 -23 -25 5 20 -20 -9 0 -6 -16 6 9 36 -3 -15 9 9 -6 16 12 -9 2 6 26 -1 -11 7 10 -7 2 -7 -20 -2 -35 -37 5 7 -15 -18 0 13 27 -17 -31 -33 -31 -3 1 -8 17 -30 5 -28 30 -7 -65 19 7 -15 11
5 2 -34 7 -5 -22 -12 3 15 -17 -5 -7 -7 -10 8 1 33 -2 -11 13 -3 2 17 4 -11 -11 3 32 -12 -15 -1 6 -10 9 -4 -29 -7 -22 -18 -18 9 -18 -20 -8 18 16 -23 -30 -25 -32 -1 0 -4 19 -29 7 -39 33 -1 -62 16 9 -11 5
0 8 -34 4 -5 -30 -20 17 14 -22 -7 -13 -10 -12 -5 11 31 -2 -19 14 8 7 22 9 -3 -4 -2 20 0 -6 13 9 -4 5 -6 -16 -3 -37 -30 -2 6 -13 -18 -3 7 15 -14 -25 -28 -27 5 -9 -1 15 -19 0 -31 32 -12 -59 23 5 -8 18
16 -10 -32 -4 -14 -30 -39 -3 18 -25 -4 -8 -14 -14 4 4 22 -10 -7 11 2 -5 9 10 -17 1 6 24 -1 -8 3 2 -8 -6 -26 -40 -3 -18 -20 -3 9 -11 -11 -5 17 36 -8 -16 -29 -17 -11 -9 0 14 -26 -2 -30 43 -12 -52 11 14 -11 17
9 7 -27 8 -4 -34 -26 8 10 -25 -10 -10 -10 -10 6 7 32 -6 -10 7 5 -5 16 7 -9 -6 -10 14 -7 -11 -2 15 -9 25 -19 -30 4 -22 -15 0 10 -17 -16 -11 17 33 -18 -27 -30 -14 -10 -4 2 24 -27 4 -44 35 -12 -58 13 15 -16 20
-13 3 -33 16 -1 -26 -31 2 3 0 -25 -6 -6 15 2 -9 17 -15 -27 14 9 12 12 0 16 6 -1 22 10 -9 6 7 4 4 -11 -15 -14 -11 -18 0 10 -9 -1 -4 10 27 -2 -29 -15 -28 -18 -9 12 29 -22 -10 -47 27 2 -69 14 7 -1 19
23 3 -24 -7 -3 -1 -22 -3 8 9 -8 -3 1 16 3 -10 -11 -11 81 30 -1 -6 -5 8 9 9 2 13 -1 -10 11 2 3 -1 -16 -8 9 -10 1 3 12 -5 -11 -17 -1 3 -18 -22 -9 -1 -2 -4 2 14 -4 -12 -6 16 1 -5 -7 2 -13 14
-5 -9 -36 -4 -2 -12 5 -2 17 16 -36 2 -4 -9 10 -34 0 -15 -2 19 2 26 11 30 22 -15 -27 26 -4 3 0 -18 11 12 29 -2 -9 -12 7 -13 -16 -1 -14 -25 4 -13 7 -37 8 -8 -18 4 -6 9 -7 -23 -28 36 -6 -60 32 15 1 -9
3 0 -29 -4 2 -20 0 0 13 4 -33 -4 -4 1 13 -34 -6 -15 -14 24 10 32 6 22 20 -31 -26 30 -3 -4 5 -19 0 14 18 0 -14 -20 15 -6 -17 0 -13 -26 -1 1 20 -41 6 -4 -23 4 5 5 1 -9 -23 40 1 -63 30 4 10 -12
1 -3 -40 -3 -13 -18 -3 -6 10 -2 -31 -17 0 -9 12 -20 3 -18 -10 32 -7 7 7 27 1 -37 -14 25 3 -19 13 13 -6 8 16 -3 -12 -31 4 -17 1 0 -16 -15 6 1 -17 -51 12 -21 -12 -1 4 17 -19 -11 -33 26 -3 -61 22 3 -4 4
26 -14 -51 -1 -9 -16 -16 -7 11 -6 -21 -8 4 0 16 -18 -12 -16 -3 25 -9 2 8 25 12 -20 -2 18 4 -11 9 13 -1 -8 9 -17 -13 -25 1 -4 9 -3 -19 -16 17 -2 -10 -39 4 -5 -12 3 -10 0 -14 -13 -24 27 0 -55 23 5 3 6
37 -16 -54 -2 -5 -18 -16 -12 9 -23 -14 -8 9 -7 11 -19 1 -19 3 22 -13 -11 9 23 11 -20 8 18 11 -3 12 6 1 -3 -4 -19 4 -19 2 -3 3 -20 -13 -20 7 -1 -15 -42 2 -7 -9 -1 -1 -5 -10 -3 -34 19 -3 -50 17 4 -7 17
14 -11 -45 -5 -2 -17 -23 -17 8 -17 -32 -12 0 1 12 -24 2 -16 -2 15 -10 6 14 23 14 -25 1 21 -3 -9 10 6 5 4 -5 -16 -5 -27 7 -4 15 -9 -17 -21 19 8 -9 -45 -1 -4 -13 1 2 16 -14 -10 -39 23 0 -52 22 -1 3 10
33 2 -39 -1 -2 -26 -19 -14 9 -25 -25 -19 5 6 8 -18 -2 -31 -3 32 -8 2 10 19 -4 -31 -2 12 8 -14 17 17 -1 3 -10 -6 -6 -29 6 -9 8 -7 -15 -21 18 2 -21 -40 11 -6 -15 -6 -6 24 -18 -1 -35 34 -4 -51 23 14 -10 17
13 3 -36 3 -1 -20 -14 -11 20 -13 -20 -10 21 3 7 -12 6 -16 4 31 3 1 5 24 -8 -34 -3 18 4 -16 18 14 -9 5 -1 -16 -2 -22 -2 -2 11 -2 -17 -11 7 8 -17 -34 9 -22 -13 -2 -1 26 -13 -9 -36 36 -11 -63 25 -2 -12 17
19 -2 -28 9 -9 -11 -14 -5 22 -17 -12 -9 20 -4 6 -4 -1 -18 14 33 -2 -1 -2 18 -6 -27 -4 22 7 -19 17 12 3 3 5 -19 2 -15 -2 1 10 0 -13 -11 1 6 -24 -31 6 -24 -15 1 -4 20 -6 -4 -29 35 -7 -62 23 -6 -12 14
10 -4 -39 -2 7 -19 -22 -6 11 -18 -3 -5 23 6 -7 -4 10 -18 -15 28 -2 2 13 19 -16 -39 -2 17 -4 -16 15 17 -11 3 -16 -25 -7 -23 -15 0 6 -9 -17 -18 10 22 -28 -36 1 -15 -9 -3 -4 24 -8 5 -42 36 -15 -63 25 -1 -21 19
10 -1 -36 -6 17 -20 -17 3 11 -12 -12 -3 1 -4 12 -15 -1 -14 -13 28 14 15 13 16 -12 -15 4 21 1 -29 5 14 14 11 -12 -20 -15 -31 -5 -9 3 -11 -17 -10 18 1 -20 -34 14 -19 -13 16 16 24 -10 10 -31 23 -10 -56 26 9 -9 6
9 -6 -35 -3 -2 -11 -21 5 23 -18 -3 -5 15 -9 3 -3 -2 -9 -18 21 6 4 4 20 -4 -14 4 12 6 -12 16 16 -5 -3 -10 -19 -1 -33 -19 8 6 -10 -20 -21 14 4 -22 -34 -10 -20 -16 12 3 20 -22 1 -40 33 -4 -61 32 9 -11 9
9 -3 -35 0 6 -13 -11 9 15 -18 -2 -9 3 -5 10 -14 3 -13 -19 16 4 6 12 23 -10 -19 1 22 -9 -22 13 7 1 10 -13 -30 -16 -29 -9 -9 5 -10 -17 -20 19 -5 -18 -41 4 -21 -15 15 7 18 -16 2 -38 31 -10 -63 22 14 -6 4
12 0 -26 -4 -1 -12 -28 4 13 -22 -3 -8 8 -5 4 -3 2 -9 -22 18 2 6 11 17 1 -21 -3 19 12 -10 23 3 -5 4 -15 -22 -1 -29 -18 -5 0 -19 -24 -17 11 -3 -19 -36 -13 -27 3 -3 10 18 -12 -6 -41 32 -14 -56 28 1 -15 13
24 -6 -28 -7 0 -17 -30 0 15 -31 3 -13 -2 -11 8 -6 -10 -18 -16 26 -5 0 13 15 -5 -18 6 22 3 -14 10 -1 0 -4 -23 -29 -1 -28 -6 -1 13 -5 -11 -16 19 9 -12 -34 -11 -22 -13 0 11 16 -17 -3 -40 38 -6 -54 24 15 -10 11
9 -1 -26 4 7 -23 -26 -3 19 -27 2 -9 9 -2 7 -3 5 -11 -19 16 2 6 10 8 -12 -26 -1 13 -2 -24 19 3 -3 18 -19 -26 -3 -26 -8 4 2 -4 -14 -21 19 8 -21 -40 -14 -11 -13 6 9 29 -15 3 -47 28 -10 -59 20 13 -6 14
-1 -4 -31 8 9 -18 -24 -5 12 0 -20 -5 8 15 4 -9 -1 -14 -25 24 -7 8 14 6 17 -15 -3 18 9 -18 5 3 17 2 -14 -14 -15 -18 -10 0 3 -16 -8 -13 11 9 2 -47 0 -30 -14 5 13 35 -6 -17 -61 21 2 -78 16 12 -8 13
24 2 -24 -7 -4 -1 -22 -3 8 9 -9 -3 2 17 3 -9 -10 -10 80 29 -2 -6 -6 7 9 9 2 13 -1 -10 11 3 3 -1 -15 -8 9 -10 1 3 12 -6 -10 -18 -1 4 -16 -22 -8 -1 -2 -3 2 13 -5 -13 -6 16 0 -5 -8 1 -12 14
31 0 -41 -4 0 -7 -15 -16 15 -1 -31 10 0 9 8 -16 14 -20 33 11 22 -2 -5 8 3 9 1 -2 2 -12 -1 1 -15 8 -5 -17 12 -13 -4 -4 -6 -4 8 -17 16 -2 -2 -15 4 -14 -16 -2 -1 18 -13 -9 -21 16 -11 -51 1 1 -1 16
31 0 -41 -4 0 -7 -15 -16 15 -1 -31 10 0 9 8 -16 14 -20 33 11 22 -2 -5 8 3 9 1 -2 2 -12 -1 1 -15 8 -5 -17 12 -13 -4 -4 -6 -4 8 -17 16 -2 -2 -15 4 -14 -16 -2 -1 18 -13 -9 -21 16 -11 -51 1 1 -1 16
31 0 -41 -4 0 -7 -15 -16 15 -1 -31 10 0 9 8 -16 14 -20 33 11 22 -2 -5 8 3 9 1 -2 2 -12 -1 1 -15 8 -5 -17 12 -13 -4 -4 -6 -4 8 -17 16 -2 -2 -15 4 -14 -16 -2 -1 18 -13 -9 -21 16 -11 -51 1 1 -1 16
31 0 -41 -4 0 -7 -15 -16 15 -1 -31 10 0 9 8 -16 14 -20 33 11 22 -2 -5 8 3 9 1 -2 2 -12 -1 1 -15 8 -5 -17 12 -13 -4 -4 -6 -4 8 -17 16 -2 -2 -15 4 -14 -16 -2 -1 18 -13 -9 -21 16 -11 -51 1 1 -1 16
31 0 -41 -4 0 -7 -15 -16 15 -1 -31 10 0 9 8 -16 14 -20 33 11 22 -2 -5 8 3 9 1 -2 2 -12 -1 1 -15 8 -5 -17 12 -13 -4 -4 -6 -4 8 -17 16 -2 -2 -15 4 -14 -16 -2 -1 18 -13 -9 -21 16 -11 -51 1 1 -1 16
31 0 -41 -4 0 -7 -15 -16 15 -1 -31 10 0 9 8 -16 14 -20 33 11 22 -2 -5 8 3 9 1 -2 2 -12 -1 1 -15 8 -5 -17 12 -13 -4 -4 -6 -4 8 -17 16 -2 -2 -15 4 -14 -16 -2 -1 18 -13 -9 -21 16 -11 -51 1 1 -1 16
31 0 -41 -4 0 -7 -15 -16 15 -1 -31 10 0 9 8 -16 14 -20 33 11 22 -2 -5 8 3 9 1 -2 2 -12 -1 1 -15 8 -5 -17 12 -13 -4 -4 -6 -4 8 -17 16 -2 -2 -15 4 -14 -16 -2 -1 18 -13 -9 -21 16 -11 -51 1 1 -1 16
31 0 -41 -4 0 -7 -15 -16 15 -1 -31 10 0 9 8 -16 14 -20 33 11 22 -2 -5 8 3 9 1 -2 2 -12 -1 1 -15 8 -5 -17 12 -13 -4 -4 -6 -4 8 -17 16 -2 -2 -15 4 -14 -16 -2 -1 18 -13 -9 -21 16 -11 -51 1 1 -1 16
31 0 -41 -4 0 -7 -15 -16 15 -1 -31 10 0 9 8 -16 14 -20 33 11 22 -2 -5 8 3 9 1 -2 2 -12 -1 1 -15 8 -5 -17 12 -13 -4 -4 -6 -4 8 -17 16 -2 -2 -15 4 -14 -16 -2 -1 18 -13 -9 -21 16 -11 -51 1 1 -1 16
31 0 -41 -4 0 -7 -15 -16 15 -1 -31 10 0 9 8 -16 14 -20 33 11 22 -2 -5 8 3 9 1 -2 2 -12 -1 1 -15 8 -5 -17 12 -13 -4 -4 -6 -4 8 -17 16 -2 -2 -15 4 -14 -16 -2 -1 18 -13 -9 -21 16 -11 -51 1 1 -1 16
31 0 -41 -4 0 -7 -15 -16 15 -1 -31 10 0 9 8 -16 14 -20 33 11 22 -2 -5 8 3 9 1 -2 2 -12 -1 1 -15 8 -5 -17 12 -13 -4 -4 -6 -4 8 -17 16 -2 -2 -15 4 -14 -16 -2 -1 18 -13 -9 -21 16 -11 -51 1 1 -1 16
31 0 -41 -4 0 -7 -15 -16 15 -1 -31 10 0 9 8 -16 14 -20 33 11 22 -2 -5 8 3 9 1 -2 2 -12 -1 1 -15 8 -5 -17 12 -13 -4 -4 -6 -4 8 -17 16 -2 -2 -15 4 -14 -16 -2 -1 18 -13 -9 -21 16 -11 -51 1 1 -1 16
31 0 -41 -4 0 -7 -15 -16 15 -1 -31 10 0 9 8 -16 14 -20 33 11 22 -2 -5 8 3 9 1 -2 2 -12 -1 1 -15 8 -5 -17 12 -13 -4 -4 -6 -4 8 -17 16 -2 -2 -15 4 -14 -16 -2 -1 18 -13 -9 -21 16 -11 -51 1 1 -1 16
31 0 -41 -4 0 -7 -15 -16 15 -1 -31 10 0 9 8 -16 14 -20 33 11 22 -2 -5 8 3 9 1 -2 2 -12 -1 1 -15 8 -5 -17 12 -13 -4 -4 -6 -4 8 -17 16 -2 -2 -15 4 -14 -16 -2 -1 18 -13 -9 -21 16 -11 -51 1 1 -1 16
31 0 -41 -4 0 -7 -15 -16 15 -1 -31 10 0 9 8 -16 14 -20 33 11 22 -2 -5 8 3 9 1 -2 2 -12 -1 1 -15 8 -5 -17 12 -13 -4 -4 -6 -4 8 -17 16 -2 -2 -15 4 -14 -16 -2 -1 18 -13 -9 -21 16 -11 -51 1 1 -1 16
31 0 -41 -4 0 -7 -15 -16 15 -1 -31 10 0 9 8 -16 14 -20 33 11 22 -2 -5 8 3 9 1 -2 2 -12 -1 1 -15 8 -5 -17 12 -13 -4 -4 -6 -4 8 -17 16 -2 -2 -15 4 -14 -16 -2 -1 18 -13 -9 -21 16 -11 -51 1 1 -1 16
31 0 -41 -4 0 -7 -15 -16 15 -1 -31 10 0 9 8 -16 14 -20 33 11 22 -2 -5 8 3 9 1 -2 2 -12 -1 1 -15 8 -5 -17 12 -13 -4 -4 -6 -4 8 -17 16 -2 -2 -15 4 -14 -16 -2 -1 18 -13 -9 -21 16 -11 -51 1 1 -1 16
31 0 -41 -4 0 -7 -15 -16 15 -1 -31 10 0 9 8 -16 14 -20 33 11 22 -2 -5 8 3 9 1 -2 2 -12 -1 1 -15 8 -5 -17 12 -13 -4 -4 -6 -4 8 -17 16 -2 -2 -15 4 -14 -16 -2 -1 18 -13 -9 -21 16 -11 -51 1 1 -1 16
31 0 -41 -4 0 -7 -15 -16 15 -1 -31 10 0 9 8 -16 14 -20 33 11 22 -2 -5 8 3 9 1 -2 2 -12 -1 1 -15 8 -5 -17 12 -13 -4 -4 -6 -4 8 -17 16 -2 -2 -15 4 -14 -16 -2 -1 18 -13 -9 -21 16 -11 -51 1 1 -1 16
31 0 -41 -4 0 -7 -15 -16 15 -1 -31 10 0 9 8 -16 14 -20 33 11 22 -2 -5 8 3 9 1 -2 2 -12 -1 1 -15 8 -5 -17 12 -13 -4 -4 -6 -4 8 -17 16 -2 -2 -15 4 -14 -16 -2 -1 18 -13 -9 -21 16 -11 -51 1 1 -1 16
31 0 -41 -4 0 -7 -15 -16 15 -1 -31 10 0 9 8 -16 14 -20 33 11 22 -2 -5 8 3 9 1 -2 2 -12 -1 1 -15 8 -5 -17 12 -13 -4 -4 -6 -4 8 -17 16 -2 -2 -15 4 -14 -16 -2 -1 18 -13 -9 -21 16 -11 -51 1 1 -1 16
31 0 -41 -4 0 -7 -15 -16 15 -1 -31 10 0 9 8 -16 14 -20 33 11 22 -2 -5 8 3 9 1 -2 2 -12 -1 1 -15 8 -5 -17 12 -13 -4 -4 -6 -4 8 -17 16 -2 -2 -15 4 -14 -16 -2 -1 18 -13 -9 -21 16 -11 -51 1 1 -1 16
31 0 -41 -4 0 -7 -15 -16 15 -1 -31 10 0 9 8 -16 14 -20 33 11 22 -2 -5 8 3 9 1 -2 2 -12 -1 1 -15 8 -5 -17 12 -13 -4 -4 -6 -4 8 -17 16 -2 -2 -15 4 -14 -16 -2 -1 18 -13 -9 -21 16 -11 -51 1 1 -1 16
31 0 -41 -4 0 -7 -15 -16 15 -1 -31 10 0 9 8 -16 14 -20 33 11 22 -2 -5 8 3 9 1 -2 2 -12 -1 1 -15 8 -5 -17 12 -13 -4 -4 -6 -4 8 -17 16 -2 -2 -15 4 -14 -16 -2 -1 18 -13 -9 -21 16 -11 -51 1 1 -1 16
31 0 -41 -4 0 -7 -15 -16 15 -1 -31 10 0 9 8 -16 14 -20 33 11 22 -2 -5 8 3 9 1 -2 2 -12 -1 1 -15 8 -5 -17 12 -13 -4 -4 -6 -4 8 -17 16 -2 -2 -15 4 -14 -16 -2 -1 18 -13 -9 -21 16 -11 -51 1 1 -1 16
31 0 -41 -4 0 -7 -15 -16 15 -1 -31 10 0 9 8 -16 14 -20 33 11 22 -2 -5 8 3 9 1 -2 2 -12 -1 1 -15 8 -5 -17 12 -13 -4 -4 -6 -4 8 -17 16 -2 -2 -15 4 -14 -16 -2 -1 18 -13 -9 -21 16 -11 -51 1 1 -1 16
31 0 -41 -4 0 -7 -15 -16 15 -1 -31 10 0 9 8 -16 14 -20 33 11 22 -2 -5 8 3 9 1 -2 2 -12 -1 1 -15 8 -5 -17 12 -13 -4 -4 -6 -4 8 -17 16 -2 -2 -15 4 -14 -16 -2 -1 18 -13 -9 -21 16 -11 -51 1 1 -1 16
31 0 -41 -4 0 -7 -15 -16 15 -1 -31 10 0 9 8 -16 14 -20 33 11 22 -2 -5 8 3 9 1 -2 2 -12 -1 1 -15 8 -5 -17 12 -13 -4 -4 -6 -4 8 -17 16 -2 -2 -15 4 -14 -16 -2 -1 18 -13 -9 -21 16 -11 -51 1 1 -1 16
31 0 -41 -4 0 -7 -15 -16 15 -1 -31 10 0 9 8 -16 14 -20 33 11 22 -2 -5 8 3 9 1 -2 2 -12 -1 1 -15 8 -5 -17 12 -13 -4 -4 -6 -4 8 -17 16 -2 -2 -15 4 -14 -16 -2 -1 18 -13 -9 -21 16 -11 -51 1 1 -1 16
31 0 -41 -4 0 -7 -15 -16 15 -1 -31 10 0 9 8 -16 14 -20 33 11 22 -2 -5 8 3 9 1 -2 2 -12 -1 1 -15 8 -5 -17 12 -13 -4 -4 -6 -4 8 -17 16 -2 -2 -15 4 -14 -16 -2 -1 18 -13 -9 -21 16 -11 -51 1 1 -1 16
31 0 -41 -4 0 -7 -15 -16 15 -1 -31 10 0 9 8 -16 14 -20 33 11 22 -2 -5 8 3 9 1 -2 2 -12 -1 1 -15 8 -5 -17 12 -13 -4 -4 -6 -4 8 -17 16 -2 -2 -15 4 -14 -16 -2 -1 18 -13 -9 -21 16 -11 -51 1 1 -1 16
31 0 -41 -4 0 -7 -15 -16 15 -1 -31 10 0 9 8 -16 14 -20 33 11 22 -2 -5 8 3 9 1 -2 2 -12 -1 1 -15 8 -5 -17 12 -13 -4 -4 -6 -4 8 -17 16 -2 -2 -15 4 -14 -16 -2 -1 18 -13 -9 -21 16 -11 -51 1 1 -1 16
31 0 -41 -4 0 -7 -15 -16 15 -1 -31 10 0 9 8 -16 14 -20 33 11 22 -2 -5 8 3 9 1 -2 2 -12 -1 1 -15 8 -5 -17 12 -13 -4 -4 -6 -4 8 -17 16 -2 -2 -15 4 -14 -16 -2 -1 18 -13 -9 -21 16 -11 -51 1 1 -1 16
31 0 -41 -4 0 -7 -15 -16 15 -1 -31 10 0 9 8 -16 14 -20 33 11 22 -2 -5 8 3 9 1 -2 2 -12 -1 1 -15 8 -5 -17 12 -13 -4 -4 -6 -4 8 -17 16 -2 -2 -15 4 -14 -16 -2 -1 18 -13 -9 -21 16 -11 -51 1 1 -1 16
31 0 -41 -4 0 -7 -15 -16 15 -1 -31 10 0 9 8 -16 14 -20 33 11 22 -2 -5 8 3 9 1 -2 2 -12 -1 1 -15 8 -5 -17 12 -13 -4 -4 -6 -4 8 -17 16 -2 -2 -15 4 -14 -16 -2 -1 18 -13 -9 -21 16 -11 -51 1 1 -1 16
31 0 -41 -4 0 -7 -15 -16 15 -1 -31 10 0 9 8 -16 14 -20 33 11 22 -2 -5 8 3 9 1 -2 2 -12 -1 1 -15 8 -5 -17 12 -13 -4 -4 -6 -4 8 -17 16 -2 -2 -15 4 -14 -16 -2 -1 18 -13 -9 -21 16 -11 -51 1 1 -1 16
31 0 -41 -4 0 -7 -15 -16 15 -1 -31 10 0 9 8 -16 14 -20 33 11 22 -2 -5 8 3 9 1 -2 2 -12 -1 1 -15 8 -5 -17 12 -13 -4 -4 -6 -4 8 -17 16 -2 -2 -15 4 -14 -16 -2 -1 18 -13 -9 -21 16 -11 -51 1 1 -1 16
31 0 -41 -4 0 -7 -15 -16 15 -1 -31 10 0 9 8 -16 14 -20 33 11 22 -2 -5 8 3 9 1 -2 2 -12 -1 1 -15 8 -5 -17 12 -13 -4 -4 -6 -4 8 -17 16 -2 -2 -15 4 -14 -16 -2 -1 18 -13 -9 -21 16 -11 -51 1 1 -1 16
31 0 -41 -4 0 -7 -15 -16 15 -1 -31 10 0 9 8 -16 14 -20 33 11 22 -2 -5 8 3 9 1 -2 2 -12 -1 1 -15 8 -5 -17 12 -13 -4 -4 -6 -4 8 -17 16 -2 -2 -15 4 -14 -16 -2 -1 18 -13 -9 -21 16 -11 -51 1 1 -1 16
31 0 -41 -4 0 -7 -15 -16 15 -1 -31 10 0 9 8 -16 14 -20 33 11 22 -2 -5 8 3 9 1 -2 2 -12 -1 1 -15 8 -5 -17 12 -13 -4 -4 -6 -4 8 -17 16 -2 -2 -15 4 -14 -16 -2 -1 18 -13 -9 -21 16 -11 -51 1 1 -1 16
31 0 -41 -4 0 -7 -15 -16 15 -1 -31 10 0 9 8 -16 14 -20 33 11 22 -2 -5 8 3 9 1 -2 2 -12 -1 1 -15 8 -5 -17 12 -13 -4 -4 -6 -4 8 -17 16 -2 -2 -15 4 -14 -16 -2 -1 18 -13 -9 -21 16 -11 -51 1 1 -1 16
31 0 -41 -4 0 -7 -15 -16 15 -1 -31 10 0 9 8 -16 14 -20 33 11 22 -2 -5 8 3 9 1 -2 2 -12 -1 1 -15 8 -5 -17 12 -13 -4 -4 -6 -4 8 -17 16 -2 -2 -15 4 -14 -16 -2 -1 18 -13 -9 -21 16 -11 -51 1 1 -1 16
31 0 -41 -4 0 -7 -15 -16 15 -1 -31 10 0 9 8 -16 14 -20 33 11 22 -2 -5 8 3 9 1 -2 2 -12 -1 1 -15 8 -5 -17 12 -13 -4 -4 -6 -4 8 -17 16 -2 -2 -15 4 -14 -16 -2 -1 18 -13 -9 -21 16 -11 -51 1 1 -1 16
31 0 -41 -4 0 -7 -15 -16 15 -1 -31 10 0 9 8 -16 14 -20 33 11 22 -2 -5 8 3 9 1 -2 2 -12 -1 1 -15 8 -5 -17 12 -13 -4 -4 -6 -4 8 -17 16 -2 -2 -15 4 -14 -16 -2 -1 18 -13 -9 -21 16 -11 -51 1 1 -1 16
31 0 -41 -4 0 -7 -15 -16 15 -1 -31 10 0 9 8 -16 14 -20 33 11 22 -2 -5 8 3 9 1 -2 2 -12 -1 1 -15 8 -5 -17 12 -13 -4 -4 -6 -4 8 -17 16 -2 -2 -15 4 -14 -16 -2 -1 18 -13 -9 -21 16 -11 -51 1 1 -1 16
31 0 -41 -4 0 -7 -15 -16 15 -1 -31 10 0 9 8 -16 14 -20 33 11 22 -2 -5 8 3 9 1 -2 2 -12 -1 1 -15 8 -5 -17 12 -13 -4 -4 -6 -4 8 -17 16 -2 -2 -15 4 -14 -16 -2 -1 18 -13 -9 -21 16 -11 -51 1 1 -1 16
31 0 -41 -4 0 -7 -15 -16 15 -1 -31 10 0 9 8 -16 14 -20 33 11 22 -2 -5 8 3 9 1 -2 2 -12 -1 1 -15 8 -5 -17 12 -13 -4 -4 -6 -4 8 -17 16 -2 -2 -15 4 -14 -16 -2 -1 18 -13 -9 -21 16 -11 -51 1 1 -1 16
31 0 -41 -4 0 -7 -15 -16 15 -1 -31 10 0 9 8 -16 14 -20 33 11 22 -2 -5 8 3 9 1 -2 2 -12 -1 1 -15 8 -5 -17 12 -13 -4 -4 -6 -4 8 -17 16 -2 -2 -15 4 -14 -16 -2 -1 18 -13 -9 -21 16 -11 -51 1 1 -1 16
31 0 -41 -4 0 -7 -15 -16 15 -1 -31 10 0 9 8 -16 14 -20 33 11 22 -2 -5 8 3 9 1 -2 2 -12 -1 1 -15 8 -5 -17 12 -13 -4 -4 -6 -4 8 -17 16 -2 -2 -15 4 -14 -16 -2 -1 18 -13 -9 -21 16 -11 -51 1 1 -1 16
31 0 -41 -4 0 -7 -15 -16 15 -1 -31 10 0 9 8 -16 14 -20 33 11 22 -2 -5 8 3 9 1 -2 2 -12 -1 1 -15 8 -5 -17 12 -13 -4 -4 -6 -4 8 -17 16 -2 -2 -15 4 -14 -16 -2 -1 18 -13 -9 -21 16 -11 -51 1 1 -1 16
31 0 -41 -4 0 -7 -15 -16 15 -1 -31 10 0 9 8 -16 14 -20 33 11 22 -2 -5 8 3 9 1 -2 2 -12 -1 1 -15 8 -5 -17 12 -13 -4 -4 -6 -4 8 -17 16 -2 -2 -15 4 -14 -16 -2 -1 18 -13 -9 -21 16 -11 -51 1 1 -1 16
31 0 -41 -4 0 -7 -15 -16 15 -1 -31 10 0 9 8 -16 14 -20 33 11 22 -2 -5 8 3 9 1 -2 2 -12 -1 1 -15 8 -5 -17 12 -13 -4 -4 -6 -4 8 -17 16 -2 -2 -15 4 -14 -16 -2 -1 18 -13 -9 -21 16 -11 -51 1 1 -1 16
31 0 -41 -4 0 -7 -15 -16 15 -1 -31 10 0 9 8 -16 14 -20 33 11 22 -2 -5 8 3 9 1 -2 2 -12 -1 1 -15 8 -5 -17 12 -13 -4 -4 -6 -4 8 -17 16 -2 -2 -15 4 -14 -16 -2 -1 18 -13 -9 -21 16 -11 -51 1 1 -1 16
31 0 -41 -4 0 -7 -15 -16 15 -1 -31 10 0 9 8 -16 14 -20 33 11 22 -2 -5 8 3 9 1 -2 2 -12 -1 1 -15 8 -5 -17 12 -13 -4 -4 -6 -4 8 -17 16 -2 -2 -15 4 -14 -16 -2 -1 18 -13 -9 -21 16 -11 -51 1 1 -1 16
31 0 -41 -4 0 -7 -15 -16 15 -1 -31 10 0 9 8 -16 14 -20 33 11 22 -2 -5 8 3 9 1 -2 2 -12 -1 1 -15 8 -5 -17 12 -13 -4 -4 -6 -4 8 -17 16 -2 -2 -15 4 -14 -16 -2 -1 18 -13 -9 -21 16 -11 -51 1 1 -1 16
31 0 -41 -4 0 -7 -15 -16 15 -1 -31 10 0 9 8 -16 14 -20 33 11 22 -2 -5 8 3 9 1 -2 2 -12 -1 1 -15 8 -5 -17 12 -13 -4 -4 -6 -4 8 -17 16 -2 -2 -15 4 -14 -16 -2 -1 18 -13 -9 -21 16 -11 -51 1 1 -1 16
31 0 -41 -4 0 -7 -15 -16 15 -1 -31 10 0 9 8 -16 14 -20 33 11 22 -2 -5 8 3 9 1 -2 2 -12 -1 1 -15 8 -5 -17 12 -13 -4 -4 -6 -4 8 -17 16 -2 -2 -15 4 -14 -16 -2 -1 18 -13 -9 -21 16 -11 -51 1 1 -1 16
31 0 -41 -4 0 -7 -15 -16 15 -1 -31 10 0 9 8 -16 14 -20 33 11 22 -2 -5 8 3 9 1 -2 2 -12 -1 1 -15 8 -5 -17 12 -13 -4 -4 -6 -4 8 -17 16 -2 -2 -15 4 -14 -16 -2 -1 18 -13 -9 -21 16 -11 -51 1 1 -1 16
31 0 -41 -4 0 -7 -15 -16 15 -1 -31 10 0 9 8 -16 14 -20 33 11 22 -2 -5 8 3 9 1 -2 2 -12 -1 1 -15 8 -5 -17 12 -13 -4 -4 -6 -4 8 -17 16 -2 -2 -15 4 -14 -16 -2 -1 18 -13 -9 -21 16 -11 -51 1 1 -1 16
31 0 -41 -4 0 -7 -15 -16 15 -1 -31 10 0 9 8 -16 14 -20 33 11 22 -2 -5 8 3 9 1 -2 2 -12 -1 1 -15 8 -5 -17 12 -13 -4 -4 -6 -4 8 -17 16 -2 -2 -15 4 -14 -16 -2 -1 18 -13 -9 -21 16 -11 -51 1 1 -1 16
31 0 -41 -4 0 -7 -15 -16 15 -1 -31 10 0 9 8 -16 14 -20 33 11 22 -2 -5 8 3 9 1 -2 2 -12 -1 1 -15 8 -5 -17 12 -13 -4 -4 -6 -4 8 -17 16 -2 -2 -15 4 -14 -16 -2 -1 18 -13 -9 -21 16 -11 -51 1 1 -1 16
31 0 -41 -4 0 -7 -15 -16 15 -1 -31 10 0 9 8 -16 14 -20 33 11 22 -2 -5 8 3 9 1 -2 2 -12 -1 1 -15 8 -5 -17 12 -13 -4 -4 -6 -4 8 -17 16 -2 -2 -15 4 -14 -16 -2 -1 18 -13 -9 -21 16 -11 -51 1 1 -1 16
31 0 -41 -4 0 -7 -15 -16 15 -1 -31 10 0 9 8 -16 14 -20 33 11 22 -2 -5 8 3 9 1 -2 2 -12 -1 1 -15 8 -5 -17 12 -13 -4 -4 -6 -4 8 -17 16 -2 -2 -15 4 -14 -16 -2 -1 18 -13 -9 -21 16 -11 -51 1 1 -1 16
31 0 -41 -4 0 -7 -15 -16 15 -1 -31 10 0 9 8 -16 14 -20 33 11 22 -2 -5 8 3 9 1 -2 2 -12 -1 1 -15 8 -5 -17 12 -13 -4 -4 -6 -4 8 -17 16 -2 -2 -15 4 -14 -16 -2 -1 18 -13 -9 -21 16 -11 -51 1 1 -1 16
31 0 -41 -4 0 -7 -15 -16 15 -1 -31 10 0 9 8 -16 14 -20 33 11 22 -2 -5 8 3 9 1 -2 2 -12 -1 1 -15 8 -5 -17 12 -13 -4 -4 -6 -4 8 -17 16 -2 -2 -15 4 -14 -16 -2 -1 18 -13 -9 -21 16 -11 -51 1 1 -1 16
31 0 -41 -4 0 -7 -15 -16 15 -1 -31 10 0 9 8 -16 14 -20 33 11 22 -2 -5 8 3 9 1 -2 2 -12 -1 1 -15 8 -5 -17 12 -13 -4 -4 -6 -4 8 -17 16 -2 -2 -15 4 -14 -16 -2 -1 18 -13 -9 -21 16 -11 -51 1 1 -1 16
31 0 -41 -4 0 -7 -15 -16 15 -1 -31 10 0 9 8 -16 14 -20 33 11 22 -2 -5 8 3 9 1 -2 2 -12 -1 1 -15 8 -5 -17 12 -13 -4 -4 -6 -4 8 -17 16 -2 -2 -15 4 -14 -16 -2 -1 18 -13 -9 -21 16 -11 -51 1 1 -1 16
31 0 -41 -4 0 -7 -15 -16 15 -1 -31 10 0 9 8 -16 14 -20 33 11 22 -2 -5 8 3 9 1 -2 2 -12 -1 1 -15 8 -5 -17 12 -13 -4 -4 -6 -4 8 -17 16 -2 -2 -15 4 -14 -16 -2 -1 18 -13 -9 -21 16 -11 -51 1 1 -1 16
31 0 -41 -4 0 -7 -15 -16 15 -1 -31 10 0 9 8 -16 14 -20 33 11 22 -2 -5 8 3 9 1 -2 2 -12 -1 1 -15 8 -5 -17 12 -13 -4 -4 -6 -4 8 -17 16 -2 -2 -15 4 -14 -16 -2 -1 18 -13 -9 -21 16 -11 -51 1 1 -1 16
31 0 -41 -4 0 -7 -15 -16 15 -1 -31 10 0 9 8 -16 14 -20 33 11 22 -2 -5 8 3 9 1 -2 2 -12 -1 1 -15 8 -5 -17 12 -13 -4 -4 -6 -4 8 -17 16 -2 -2 -15 4 -14 -16 -2 -1 18 -13 -9 -21 16 -11 -51 1 1 -1 16
31 0 -41 -4 0 -7 -15 -16 15 -1 -31 10 0 9 8 -16 14 -20 33 11 22 -2 -5 8 3 9 1 -2 2 -12 -1 1 -15 8 -5 -17 12 -13 -4 -4 -6 -4 8 -17 16 -2 -2 -15 4 -14 -16 -2 -1 18 -13 -9 -21 16 -11 -51 1 1 -1 16
31 0 -41 -4 0 -7 -15 -16 15 -1 -31 10 0 9 8 -16 14 -20 33 11 22 -2 -5 8 3 9 1 -2 2 -12 -1 1 -15 8 -5 -17 12 -13 -4 -4 -6 -4 8 -17 16 -2 -2 -15 4 -14 -16 -2 -1 18 -13 -9 -21 16 -11 -51 1 1 -1 16
31 0 -41 -4 0 -7 -15 -16 15 -1 -31 10 0 9 8 -16 14 -20 33 11 22 -2 -5 8 3 9 1 -2 2 -12 -1 1 -15 8 -5 -17 12 -13 -4 -4 -6 -4 8 -17 16 -2 -2 -15 4 -14 -16 -2 -1 18 -13 -9 -21 16 -11 -51 1 1 -1 16
31 0 -41 -4 0 -7 -15 -16 15 -1 -31 10 0 9 8 -16 14 -20 33 11 22 -2 -5 8 3 9 1 -2 2 -12 -1 1 -15 8 -5 -17 12 -13 -4 -4 -6 -4 8 -17 16 -2 -2 -15 4 -14 -16 -2 -1 18 -13 -9 -21 16 -11 -51 1 1 -1 16
31 0 -41 -4 0 -7 -15 -16 15 -1 -31 10 0 9 8 -16 14 -20 33 11 22 -2 -5 8 3 9 1 -2 2 -12 -1 1 -15 8 -5 -17 12 -13 -4 -4 -6 -4 8 -17 16 -2 -2 -15 4 -14 -16 -2 -1 18 -13 -9 -21 16 -11 -51 1 1 -1 16
31 0 -41 -4 0 -7 -15 -16 15 -1 -31 10 0 9 8 -16 14 -20 33 11 22 -2 -5 8 3 9 1 -2 2 -12 -1 1 -15 8 -5 -17 12 -13 -4 -4 -6 -4 8 -17 16 -2 -2 -15 4 -14 -16 -2 -1 18 -13 -9 -21 16 -11 -51 1 1 -1 16
31 0 -41 -4 0 -7 -15 -16 15 -1 -31 10 0 9 8 -16 14 -20 33 11 22 -2 -5 8 3 9 1 -2 2 -12 -1 1 -15 8 -5 -17 12 -13 -4 -4 -6 -4 8 -17 16 -2 -2 -15 4 -14 -16 -2 -1 18 -13 -9 -21 16 -11 -51 1 1 -1 16
31 0 -41 -4 0 -7 -15 -16 15 -1 -31 10 0 9 8 -16 14 -20 33 11 22 -2 -5 8 3 9 1 -2 2 -12 -1 1 -15 8 -5 -17 12 -13 -4 -4 -6 -4 8 -17 16 -2 -2 -15 4 -14 -16 -2 -1 18 -13 -9 -21 16 -11 -51 1 1 -1 16
31 0 -41 -4 0 -7 -15 -16 15 -1 -31 10 0 9 8 -16 14 -20 33 11 22 -2 -5 8 3 9 1 -2 2 -12 -1 1 -15 8 -5 -17 12 -13 -4 -4 -6 -4 8 -17 16 -2 -2 -15 4 -14 -16 -2 -1 18 -13 -9 -21 16 -11 -51 1 1 -1 16
31 0 -41 -4 0 -7 -15 -16 15 -1 -31 10 0 9 8 -16 14 -20 33 11 22 -2 -5 8 3 9 1 -2 2 -12 -1 1 -15 8 -5 -17 12 -13 -4 -4 -6 -4 8 -17 16 -2 -2 -15 4 -14 -16 -2 -1 18 -13 -9 -21 16 -11 -51 1 1 -1 16
31 0 -41 -4 0 -7 -15 -16 15 -1 -31 10 0 9 8 -16 14 -20 33 11 22 -2 -5 8 3 9 1 -2 2 -12 -1 1 -15 8 -5 -17 12 -13 -4 -4 -6 -4 8 -17 16 -2 -2 -15 4 -14 -16 -2 -1 18 -13 -9 -21 16 -11 -51 1 1 -1 16
31 0 -41 -4 0 -7 -15 -16 15 -1 -31 10 0 9 8 -16 14 -20 33 11 22 -2 -5 8 3 9 1 -2 2 -12 -1 1 -15 8 -5 -17 12 -13 -4 -4 -6 -4 8 -17 16 -2 -2 -15 4 -14 -16 -2 -1 18 -13 -9 -21 16 -11 -51 1 1 -1 16
31 0 -41 -4 0 -7 -15 -16 15 -1 -31 10 0 9 8 -16 14 -20 33 11 22 -2 -5 8 3 9 1 -2 2 -12 -1 1 -15 8 -5 -17 12 -13 -4 -4 -6 -4 8 -17 16 -2 -2 -15 4 -14 -16 -2 -1 18 -13 -9 -21 16 -11 -51 1 1 -1 16
31 0 -41 -4 0 -7 -15 -16 15 -1 -31 10 0 9 8 -16 14 -20 33 11 22 -2 -5 8 3 9 1 -2 2 -12 -1 1 -15 8 -5 -17 12 -13 -4 -4 -6 -4 8 -17 16 -2 -2 -15 4 -14 -16 -2 -1 18 -13 -9 -21 16 -11 -51 1 1 -1 16
31 0 -41 -4 0 -7 -15 -16 15 -1 -31 10 0 9 8 -16 14 -20 33 11 22 -2 -5 8 3 9 1 -2 2 -12 -1 1 -15 8 -5 -17 12 -13 -4 -4 -6 -4 8 -17 16 -2 -2 -15 4 -14 -16 -2 -1 18 -13 -9 -21 16 -11 -51 1 1 -1 16
31 0 -41 -4 0 -7 -15 -16 15 -1 -31 10 0 9 8 -16 14 -20 33 11 22 -2 -5 8 3 9 1 -2 2 -12 -1 1 -15 8 -5 -17 12 -13 -4 -4 -6 -4 8 -17 16 -2 -2 -15 4 -14 -16 -2 -1 18 -13 -9 -21 16 -11 -51 1 1 -1 16
31 0 -41 -4 0 -7 -15 -16 15 -1 -31 10 0 9 8 -16 14 -20 33 11 22 -2 -5 8 3 9 1 -2 2 -12 -1 1 -15 8 -5 -17 12 -13 -4 -4 -6 -4 8 -17 16 -2 -2 -15 4 -14 -16 -2 -1 18 -13 -9 -21 16 -11 -51 1 1 -1 16
