-23 -4 26 -2 9 -19 9 15 -11 -10 3 -15 14 8 -15 20 3 7 2 21 5 6 -18 1 -5 -29 0 16 3 -3 0 -5 9 -11 -25 12 12 4 -12 18 18 17 4 -2 9 -9 -7 -6 3 5 4 2 -15 -6 8 17 -14 -11 2 13 15 9 7 -18
-21 7 37 -7 9 -27 15 21 -11 -13 10 -18 15 -5 -28 19 16 13 15 13 9 9 -11 3 -12 -22 3 13 21 2 -1 -12 7 -20 -28 25 12 -1 -15 28 18 12 -6 2 -3 0 11 12 10 -7 -7 0 -25 3 14 20 -12 -24 4 8 15 15 19 -16
-17 -3 31 -7 9 -20 13 22 -13 -15 9 -7 19 -3 -19 17 9 14 13 0 15 12 -11 5 -9 -22 0 8 8 4 -7 -9 12 -11 -35 18 13 2 -11 30 23 11 2 6 3 -2 3 12 13 1 -11 2 -23 -6 21 17 -11 -15 6 10 26 12 3 -18
-21 -7 28 -8 8 -21 16 14 -9 -17 13 -5 20 2 -15 15 9 9 15 9 11 8 -14 2 -3 -21 -1 11 10 3 -2 -9 12 -14 -30 18 15 0 -14 30 27 9 3 4 -4 1 0 6 8 -1 -4 -1 -17 -8 19 22 -5 -18 1 13 20 13 6 -14
-22 -10 32 -2 19 -16 22 21 -5 -14 4 4 15 -3 -19 11 17 16 22 12 11 12 -15 3 -3 -17 1 10 11 0 0 -14 7 -22 -27 17 11 3 -6 31 17 6 12 2 -4 4 -3 13 13 1 -9 -9 -20 -11 16 16 -12 -16 4 5 17 14 11 -15
-27 -8 45 -3 15 -20 25 13 -9 -20 8 -6 20 -4 -21 13 13 13 17 13 10 17 -6 8 -9 -17 7 3 15 -3 -6 -11 12 -19 -26 26 17 1 -7 31 17 4 15 1 0 3 -1 8 7 -10 -12 -16 -26 -8 15 18 -2 -23 6 5 24 19 7 -25
-25 -6 39 2 15 -20 14 13 -10 -20 7 -2 18 -3 -19 12 12 14 18 16 7 19 -4 4 -8 -19 4 11 10 1 1 -5 15 -17 -30 26 11 11 -8 28 17 13 11 6 1 1 5 12 10 4 -11 -5 -21 -10 10 19 -13 -27 2 16 19 17 13 -22
-23 -6 34 -1 17 -20 16 22 -4 -21 5 -5 15 1 -24 20 12 14 13 11 15 8 -13 0 -10 -18 -1 14 11 1 1 -10 9 -20 -26 24 14 -2 -10 34 16 9 6 7 -1 4 6 6 12 -7 -9 -8 -22 -9 19 22 -10 -25 6 14 21 20 6 -20
-24 -4 30 -4 15 -18 12 14 -16 -15 5 -4 20 -4 -20 18 12 5 9 11 7 10 -17 5 -7 -20 -1 9 10 -1 -1 -9 12 -26 -34 22 17 5 -19 28 17 9 8 5 -6 1 6 12 13 -6 -3 -3 -26 -11 19 20 -13 -25 1 18 20 22 8 -21
-22 1 25 -9 26 -17 9 11 -6 -16 1 -5 17 -9 -34 10 19 12 21 3 16 18 -6 -14 -20 -16 7 11 9 -3 -11 -22 -2 -20 -40 17 8 2 -11 28 1 2 -5 6 -6 0 2 17 12 -10 -13 -11 -16 7 17 22 -5 -7 0 22 16 27 -12 -20
-23 -9 33 -7 9 -20 15 16 -17 -11 7 -3 19 2 -17 18 10 10 12 16 7 5 -16 9 -4 -19 3 10 10 1 0 -7 13 -19 -28 18 12 5 -19 28 25 12 10 6 -3 5 4 7 14 -4 -11 2 -18 -10 20 23 -12 -22 3 18 21 14 4 -17
-24 -5 40 -7 8 -19 18 17 -9 -15 6 -5 17 -4 -20 15 9 7 11 5 9 8 -17 3 -6 -22 4 3 12 -2 -3 -8 11 -16 -25 21 13 3 -16 27 16 13 6 10 -3 2 5 11 11 -6 -6 -6 -21 -11 23 15 -7 -24 3 12 23 16 -1 -18
-19 -7 33 -9 13 -26 9 11 -10 -15 10 -1 20 1 -11 20 7 8 13 14 7 8 -19 5 5 -30 3 5 6 4 -3 -13 11 -20 -27 13 19 -3 -11 27 30 13 3 4 -2 7 4 6 8 -5 -5 8 -21 -11 15 22 -7 -26 2 21 18 14 4 -17
-17 -8 38 -3 15 -18 15 13 -6 -14 5 -7 21 -3 -20 18 9 4 19 15 4 12 -13 3 -6 -19 3 5 14 -1 0 -12 11 -21 -30 19 17 3 -8 28 22 7 13 4 2 3 0 5 13 -6 -12 -5 -22 -10 18 19 -16 -24 -1 14 27 16 3 -25
-24 -3 30 -5 20 -23 10 8 -8 -4 4 -7 21 -6 -18 16 9 14 14 3 11 16 -10 9 -15 -21 -3 8 11 -11 -2 -10 9 -17 -30 10 22 2 -17 22 10 7 3 4 -8 3 4 12 17 -13 -17 -6 -25 -2 22 20 -9 -11 0 13 13 23 3 -23
-25 0 28 -8 13 -22 14 13 -14 -11 10 -6 23 2 -18 10 7 8 5 1 13 8 -12 9 -7 -23 4 8 17 -2 -2 -8 15 -19 -28 18 19 2 -15 26 19 6 11 10 -1 4 7 11 8 -11 -10 -1 -21 -11 21 23 -8 -23 1 13 19 15 6 -19
-22 -4 40 -6 14 -16 15 12 -2 -14 2 -4 12 0 -22 22 10 17 19 9 4 12 -11 3 -4 -18 -2 8 15 0 -2 -10 11 -28 -26 24 9 4 -11 21 15 10 10 3 -3 7 -2 6 13 -9 -13 -5 -16 -7 11 17 -9 -22 7 15 28 20 11 -20
-26 -2 31 -11 10 -21 12 14 -13 -13 15 -1 20 -2 -16 14 8 13 9 11 8 8 -15 9 -2 -19 -1 1 11 3 -4 -7 13 -23 -27 22 14 1 -16 26 21 8 7 4 -4 5 -3 9 9 -9 -10 -2 -20 -9 14 16 -12 -15 -4 5 19 15 2 -18
-23 -4 31 -9 12 -19 14 17 -9 -9 4 -9 18 1 -14 20 4 10 12 9 11 6 -10 9 -3 -21 4 6 14 2 -6 -10 12 -18 -23 18 14 -1 -12 24 19 13 10 8 -1 2 4 5 11 -6 -10 1 -20 -13 16 18 -7 -13 1 11 17 16 5 -14
-19 -6 33 -3 12 -20 16 21 -6 -17 8 -8 15 -8 -26 12 12 15 17 17 9 10 -15 -1 -4 -17 4 8 10 -2 2 -7 10 -19 -27 20 13 -3 -4 32 23 12 9 4 2 -1 1 7 14 -6 -11 -6 -16 -14 20 17 -15 -19 0 5 27 18 13 -24
-21 0 29 -5 15 -24 13 18 -7 -17 6 -3 14 -3 -22 19 9 5 11 11 15 6 -17 6 -5 -19 1 4 10 2 -2 -12 11 -12 -24 18 9 3 -15 23 18 12 9 5 -1 0 0 13 10 -2 -5 1 -16 -12 13 17 -7 -18 3 14 19 17 4 -15
-23 -3 29 -3 18 -19 14 12 5 -14 8 0 14 0 -26 19 13 18 18 7 13 14 -16 3 -7 -29 4 6 15 7 1 -10 3 -24 -25 13 12 0 -17 24 18 10 -5 7 -5 6 2 15 14 3 -6 -2 -16 -8 22 24 -13 -9 3 9 25 18 1 -15
-23 -6 21 -6 10 -15 12 8 -11 -8 7 0 16 7 -8 17 4 1 4 16 5 -1 -18 5 -2 -23 -2 9 2 7 3 -5 6 -15 -17 11 16 2 -7 14 18 11 2 2 -2 3 -12 -2 10 3 1 -1 -11 -13 11 12 -10 -11 6 15 15 10 5 -14
-28 -4 31 -6 12 -19 4 17 -14 -14 10 -14 18 3 -25 17 10 14 13 13 9 8 -16 -4 -6 -29 -5 11 16 -4 7 -14 12 -19 -25 17 11 -6 -17 26 15 10 -5 4 -7 -3 3 9 12 -3 -10 -3 -13 -1 11 18 -12 -21 0 11 21 21 7 -23
-26 -6 26 -1 4 -17 2 22 -9 -13 9 -19 21 -7 -29 14 15 23 16 20 20 16 -26 -1 -12 -14 -5 7 18 -3 -1 -12 8 -16 -23 17 12 -3 -23 22 16 9 -12 6 -4 -3 5 12 20 -5 -4 -3 -13 2 19 22 -11 -16 1 -1 24 20 5 -11
-23 -2 26 -11 8 -20 5 15 -11 -16 13 -11 20 -3 -19 18 12 13 8 8 5 8 -15 5 -2 -26 -4 7 11 3 -3 -9 12 -16 -25 15 15 0 -13 32 22 14 -6 8 -6 1 5 1 10 1 -5 -1 -22 -8 17 19 -16 -20 -2 13 17 18 4 -19
-24 -10 33 -5 12 -16 19 26 -2 -18 8 -3 13 -5 -20 10 12 19 19 13 12 4 -20 4 -1 -15 -1 7 7 0 -7 -16 8 -18 -28 15 8 -1 -10 34 15 9 7 9 1 7 -2 7 7 -1 -13 -1 -14 -13 15 11 -9 -20 7 1 16 20 9 -21
-36 -13 36 -3 17 -20 23 19 -11 -17 11 -6 18 -1 -19 20 12 17 9 6 10 12 -14 3 -5 -24 2 4 11 0 -2 -11 14 -19 -23 21 16 0 -10 39 14 11 11 5 2 4 2 5 14 -3 -6 -10 -23 -6 17 15 -11 -22 2 7 20 17 12 -15
-29 -9 37 6 15 -24 14 21 -5 -16 9 -4 17 -2 -23 12 9 16 14 8 11 14 -17 9 -4 -20 -2 8 10 1 0 -14 14 -22 -27 14 11 4 -14 29 20 14 12 4 -2 -3 4 4 9 -3 -12 -1 -21 -15 14 20 -10 -25 -2 5 22 17 2 -24
-29 -2 38 -3 13 -23 13 21 -9 -19 6 -5 14 -2 -27 21 11 18 11 4 13 17 -15 0 -12 -21 -5 5 14 -2 -4 -21 15 -26 -34 22 16 3 -15 31 17 6 2 8 2 -1 8 1 12 -8 -10 -9 -27 -15 19 25 -11 -26 1 10 22 22 0 -24
-23 -5 29 -3 11 -19 8 15 -10 -14 13 -3 16 -1 -18 15 12 12 7 17 12 8 -17 2 -5 -26 -3 8 9 3 -3 -12 15 -23 -33 16 17 1 -13 29 21 12 4 3 -4 0 5 5 13 -3 -6 -1 -19 -12 16 20 -10 -21 5 8 22 18 9 -21
-24 -5 34 -1 6 -17 12 20 -12 -13 7 -2 21 1 -20 16 13 11 7 18 13 11 -18 3 -7 -25 -3 11 9 -2 -5 -5 10 -22 -29 14 12 3 -14 29 17 11 5 4 -3 2 6 0 16 -2 -5 0 -19 -9 17 13 -12 -24 5 11 19 24 10 -19
-25 -9 36 -3 10 -17 13 21 -14 -16 5 -4 19 -5 -21 16 8 9 8 3 12 9 -17 1 -6 -22 3 0 6 2 3 -8 11 -20 -25 19 8 3 -14 29 17 10 7 6 -1 2 4 9 15 5 -7 -1 -18 -8 15 18 -10 -21 9 6 17 26 7 -16
-19 -8 31 -3 14 -26 11 19 -11 -12 11 -3 15 2 -21 16 8 8 7 9 11 8 -14 2 -5 -25 1 9 10 -2 -4 -9 11 -15 -31 13 12 1 -15 23 16 12 4 4 -2 0 2 4 12 -7 -7 0 -24 -9 18 21 -11 -17 2 10 18 22 -1 -25
-27 -10 36 -7 10 -16 18 14 -8 -9 3 -4 17 0 -20 20 9 16 12 12 4 8 -20 6 -3 -22 0 6 10 -1 -8 -13 15 -22 -31 16 14 1 -9 25 22 7 7 8 -4 5 3 6 13 -7 -10 2 -12 -13 17 16 -13 -21 5 7 24 21 9 -19
-21 -8 28 -7 12 -19 12 12 -15 -7 9 -4 20 2 -13 19 6 5 5 8 5 3 -19 7 2 -25 -1 2 7 1 0 -9 12 -22 -30 15 15 -1 -17 27 17 11 10 7 -1 2 4 2 10 -3 -9 4 -16 -9 15 15 -10 -20 -1 10 22 23 3 -22
-25 -6 28 -9 14 -17 16 16 -12 -11 5 -6 14 -3 -17 21 6 17 4 9 8 10 -13 9 -7 -26 0 8 15 2 -2 -9 17 -20 -26 24 15 -1 -15 28 17 12 5 3 -6 1 4 2 14 -7 -10 -3 -18 -13 18 20 -11 -17 5 12 22 19 11 -17
-23 -8 31 -3 11 -26 16 25 -8 -17 8 -2 13 -3 -22 19 4 12 10 7 6 1 -18 7 0 -21 2 6 7 -3 -7 -10 12 -17 -29 21 12 0 -13 32 19 16 6 7 0 1 5 6 15 -6 -11 -1 -21 -9 18 16 -14 -18 5 5 23 20 9 -20
-22 -11 35 -5 14 -20 13 20 -7 -12 5 -3 18 -7 -18 12 6 12 8 13 13 8 -15 4 -6 -22 0 5 7 1 -4 -10 6 -21 -30 10 14 0 -14 28 19 5 6 5 -1 7 1 9 15 -6 -12 -1 -13 -15 13 14 -10 -23 2 8 23 22 5 -19
-27 -4 24 -4 13 -22 12 13 -1 -4 5 -3 15 1 -28 18 17 15 11 10 8 8 -22 3 -5 -26 1 11 14 -2 6 -8 8 -18 -27 12 21 -2 -21 25 19 11 -2 3 -4 6 1 14 10 -3 -9 -3 -26 -8 14 24 -13 -13 0 8 21 17 0 -18
-27 -5 19 1 6 -16 15 6 -11 -8 4 0 15 8 -6 19 4 1 6 14 6 -1 -18 6 -2 -24 -3 8 0 4 6 -4 6 -16 -12 12 16 2 -8 15 21 14 3 1 -5 4 -10 -2 7 6 1 0 -16 -12 9 12 -11 -6 9 17 15 11 4 -16
-22 -1 18 1 15 -18 9 13 -15 -15 7 -6 26 0 -21 14 16 12 17 16 8 3 -18 3 -3 -24 1 6 6 5 4 -13 16 -28 -36 17 13 -6 -12 18 19 6 8 -1 -6 3 -3 4 6 2 5 0 -18 -9 11 17 -19 -23 -12 19 23 25 14 -14
-22 -1 18 1 15 -18 9 13 -15 -15 7 -6 26 0 -21 14 16 12 17 16 8 3 -18 3 -3 -24 1 6 6 5 4 -13 16 -28 -36 17 13 -6 -12 18 19 6 8 -1 -6 3 -3 4 6 2 5 0 -18 -9 11 17 -19 -23 -12 19 23 25 14 -14
-22 -1 18 1 15 -18 9 13 -15 -15 7 -6 26 0 -21 14 16 12 17 16 8 3 -18 3 -3 -24 1 6 6 5 4 -13 16 -28 -36 17 13 -6 -12 18 19 6 8 -1 -6 3 -3 4 6 2 5 0 -18 -9 11 17 -19 -23 -12 19 23 25 14 -14
-22 -1 18 1 15 -18 9 13 -15 -15 7 -6 26 0 -21 14 16 12 17 16 8 3 -18 3 -3 -24 1 6 6 5 4 -13 16 -28 -36 17 13 -6 -12 18 19 6 8 -1 -6 3 -3 4 6 2 5 0 -18 -9 11 17 -19 -23 -12 19 23 25 14 -14
-22 -1 18 1 15 -18 9 13 -15 -15 7 -6 26 0 -21 14 16 12 17 16 8 3 -18 3 -3 -24 1 6 6 5 4 -13 16 -28 -36 17 13 -6 -12 18 19 6 8 -1 -6 3 -3 4 6 2 5 0 -18 -9 11 17 -19 -23 -12 19 23 25 14 -14
-22 -1 18 1 15 -18 9 13 -15 -15 7 -6 26 0 -21 14 16 12 17 16 8 3 -18 3 -3 -24 1 6 6 5 4 -13 16 -28 -36 17 13 -6 -12 18 19 6 8 -1 -6 3 -3 4 6 2 5 0 -18 -9 11 17 -19 -23 -12 19 23 25 14 -14
-22 -1 18 1 15 -18 9 13 -15 -15 7 -6 26 0 -21 14 16 12 17 16 8 3 -18 3 -3 -24 1 6 6 5 4 -13 16 -28 -36 17 13 -6 -12 18 19 6 8 -1 -6 3 -3 4 6 2 5 0 -18 -9 11 17 -19 -23 -12 19 23 25 14 -14
-22 -1 18 1 15 -18 9 13 -15 -15 7 -6 26 0 -21 14 16 12 17 16 8 3 -18 3 -3 -24 1 6 6 5 4 -13 16 -28 -36 17 13 -6 -12 18 19 6 8 -1 -6 3 -3 4 6 2 5 0 -18 -9 11 17 -19 -23 -12 19 23 25 14 -14
-22 -1 18 1 15 -18 9 13 -15 -15 7 -6 26 0 -21 14 16 12 17 16 8 3 -18 3 -3 -24 1 6 6 5 4 -13 16 -28 -36 17 13 -6 -12 18 19 6 8 -1 -6 3 -3 4 6 2 5 0 -18 -9 11 17 -19 -23 -12 19 23 25 14 -14
-22 -1 18 1 15 -18 9 13 -15 -15 7 -6 26 0 -21 14 16 12 17 16 8 3 -18 3 -3 -24 1 6 6 5 4 -13 16 -28 -36 17 13 -6 -12 18 19 6 8 -1 -6 3 -3 4 6 2 5 0 -18 -9 11 17 -19 -23 -12 19 23 25 14 -14
-22 -1 18 1 15 -18 9 13 -15 -15 7 -6 26 0 -21 14 16 12 17 16 8 3 -18 3 -3 -24 1 6 6 5 4 -13 16 -28 -36 17 13 -6 -12 18 19 6 8 -1 -6 3 -3 4 6 2 5 0 -18 -9 11 17 -19 -23 -12 19 23 25 14 -14
-22 -1 18 1 15 -18 9 13 -15 -15 7 -6 26 0 -21 14 16 12 17 16 8 3 -18 3 -3 -24 1 6 6 5 4 -13 16 -28 -36 17 13 -6 -12 18 19 6 8 -1 -6 3 -3 4 6 2 5 0 -18 -9 11 17 -19 -23 -12 19 23 25 14 -14
-22 -1 18 1 15 -18 9 13 -15 -15 7 -6 26 0 -21 14 16 12 17 16 8 3 -18 3 -3 -24 1 6 6 5 4 -13 16 -28 -36 17 13 -6 -12 18 19 6 8 -1 -6 3 -3 4 6 2 5 0 -18 -9 11 17 -19 -23 -12 19 23 25 14 -14
-22 -1 18 1 15 -18 9 13 -15 -15 7 -6 26 0 -21 14 16 12 17 16 8 3 -18 3 -3 -24 1 6 6 5 4 -13 16 -28 -36 17 13 -6 -12 18 19 6 8 -1 -6 3 -3 4 6 2 5 0 -18 -9 11 17 -19 -23 -12 19 23 25 14 -14
-22 -1 18 1 15 -18 9 13 -15 -15 7 -6 26 0 -21 14 16 12 17 16 8 3 -18 3 -3 -24 1 6 6 5 4 -13 16 -28 -36 17 13 -6 -12 18 19 6 8 -1 -6 3 -3 4 6 2 5 0 -18 -9 11 17 -19 -23 -12 19 23 25 14 -14
-22 -1 18 1 15 -18 9 13 -15 -15 7 -6 26 0 -21 14 16 12 17 16 8 3 -18 3 -3 -24 1 6 6 5 4 -13 16 -28 -36 17 13 -6 -12 18 19 6 8 -1 -6 3 -3 4 6 2 5 0 -18 -9 11 17 -19 -23 -12 19 23 25 14 -14
-22 -1 18 1 15 -18 9 13 -15 -15 7 -6 26 0 -21 14 16 12 17 16 8 3 -18 3 -3 -24 1 6 6 5 4 -13 16 -28 -36 17 13 -6 -12 18 19 6 8 -1 -6 3 -3 4 6 2 5 0 -18 -9 11 17 -19 -23 -12 19 23 25 14 -14
-22 -1 18 1 15 -18 9 13 -15 -15 7 -6 26 0 -21 14 16 12 17 16 8 3 -18 3 -3 -24 1 6 6 5 4 -13 16 -28 -36 17 13 -6 -12 18 19 6 8 -1 -6 3 -3 4 6 2 5 0 -18 -9 11 17 -19 -23 -12 19 23 25 14 -14
-22 -1 18 1 15 -18 9 13 -15 -15 7 -6 26 0 -21 14 16 12 17 16 8 3 -18 3 -3 -24 1 6 6 5 4 -13 16 -28 -36 17 13 -6 -12 18 19 6 8 -1 -6 3 -3 4 6 2 5 0 -18 -9 11 17 -19 -23 -12 19 23 25 14 -14
-22 -1 18 1 15 -18 9 13 -15 -15 7 -6 26 0 -21 14 16 12 17 16 8 3 -18 3 -3 -24 1 6 6 5 4 -13 16 -28 -36 17 13 -6 -12 18 19 6 8 -1 -6 3 -3 4 6 2 5 0 -18 -9 11 17 -19 -23 -12 19 23 25 14 -14
-22 -1 18 1 15 -18 9 13 -15 -15 7 -6 26 0 -21 14 16 12 17 16 8 3 -18 3 -3 -24 1 6 6 5 4 -13 16 -28 -36 17 13 -6 -12 18 19 6 8 -1 -6 3 -3 4 6 2 5 0 -18 -9 11 17 -19 -23 -12 19 23 25 14 -14
-22 -1 18 1 15 -18 9 13 -15 -15 7 -6 26 0 -21 14 16 12 17 16 8 3 -18 3 -3 -24 1 6 6 5 4 -13 16 -28 -36 17 13 -6 -12 18 19 6 8 -1 -6 3 -3 4 6 2 5 0 -18 -9 11 17 -19 -23 -12 19 23 25 14 -14
-22 -1 18 1 15 -18 9 13 -15 -15 7 -6 26 0 -21 14 16 12 17 16 8 3 -18 3 -3 -24 1 6 6 5 4 -13 16 -28 -36 17 13 -6 -12 18 19 6 8 -1 -6 3 -3 4 6 2 5 0 -18 -9 11 17 -19 -23 -12 19 23 25 14 -14
-22 -1 18 1 15 -18 9 13 -15 -15 7 -6 26 0 -21 14 16 12 17 16 8 3 -18 3 -3 -24 1 6 6 5 4 -13 16 -28 -36 17 13 -6 -12 18 19 6 8 -1 -6 3 -3 4 6 2 5 0 -18 -9 11 17 -19 -23 -12 19 23 25 14 -14
-22 -1 18 1 15 -18 9 13 -15 -15 7 -6 26 0 -21 14 16 12 17 16 8 3 -18 3 -3 -24 1 6 6 5 4 -13 16 -28 -36 17 13 -6 -12 18 19 6 8 -1 -6 3 -3 4 6 2 5 0 -18 -9 11 17 -19 -23 -12 19 23 25 14 -14
-22 -1 18 1 15 -18 9 13 -15 -15 7 -6 26 0 -21 14 16 12 17 16 8 3 -18 3 -3 -24 1 6 6 5 4 -13 16 -28 -36 17 13 -6 -12 18 19 6 8 -1 -6 3 -3 4 6 2 5 0 -18 -9 11 17 -19 -23 -12 19 23 25 14 -14
-22 -1 18 1 15 -18 9 13 -15 -15 7 -6 26 0 -21 14 16 12 17 16 8 3 -18 3 -3 -24 1 6 6 5 4 -13 16 -28 -36 17 13 -6 -12 18 19 6 8 -1 -6 3 -3 4 6 2 5 0 -18 -9 11 17 -19 -23 -12 19 23 25 14 -14
-22 -1 18 1 15 -18 9 13 -15 -15 7 -6 26 0 -21 14 16 12 17 16 8 3 -18 3 -3 -24 1 6 6 5 4 -13 16 -28 -36 17 13 -6 -12 18 19 6 8 -1 -6 3 -3 4 6 2 5 0 -18 -9 11 17 -19 -23 -12 19 23 25 14 -14
-22 -1 18 1 15 -18 9 13 -15 -15 7 -6 26 0 -21 14 16 12 17 16 8 3 -18 3 -3 -24 1 6 6 5 4 -13 16 -28 -36 17 13 -6 -12 18 19 6 8 -1 -6 3 -3 4 6 2 5 0 -18 -9 11 17 -19 -23 -12 19 23 25 14 -14
-22 -1 18 1 15 -18 9 13 -15 -15 7 -6 26 0 -21 14 16 12 17 16 8 3 -18 3 -3 -24 1 6 6 5 4 -13 16 -28 -36 17 13 -6 -12 18 19 6 8 -1 -6 3 -3 4 6 2 5 0 -18 -9 11 17 -19 -23 -12 19 23 25 14 -14
-22 -1 18 1 15 -18 9 13 -15 -15 7 -6 26 0 -21 14 16 12 17 16 8 3 -18 3 -3 -24 1 6 6 5 4 -13 16 -28 -36 17 13 -6 -12 18 19 6 8 -1 -6 3 -3 4 6 2 5 0 -18 -9 11 17 -19 -23 -12 19 23 25 14 -14
-22 -1 18 1 15 -18 9 13 -15 -15 7 -6 26 0 -21 14 16 12 17 16 8 3 -18 3 -3 -24 1 6 6 5 4 -13 16 -28 -36 17 13 -6 -12 18 19 6 8 -1 -6 3 -3 4 6 2 5 0 -18 -9 11 17 -19 -23 -12 19 23 25 14 -14
-22 -1 18 1 15 -18 9 13 -15 -15 7 -6 26 0 -21 14 16 12 17 16 8 3 -18 3 -3 -24 1 6 6 5 4 -13 16 -28 -36 17 13 -6 -12 18 19 6 8 -1 -6 3 -3 4 6 2 5 0 -18 -9 11 17 -19 -23 -12 19 23 25 14 -14
-22 -1 18 1 15 -18 9 13 -15 -15 7 -6 26 0 -21 14 16 12 17 16 8 3 -18 3 -3 -24 1 6 6 5 4 -13 16 -28 -36 17 13 -6 -12 18 19 6 8 -1 -6 3 -3 4 6 2 5 0 -18 -9 11 17 -19 -23 -12 19 23 25 14 -14
-22 -1 18 1 15 -18 9 13 -15 -15 7 -6 26 0 -21 14 16 12 17 16 8 3 -18 3 -3 -24 1 6 6 5 4 -13 16 -28 -36 17 13 -6 -12 18 19 6 8 -1 -6 3 -3 4 6 2 5 0 -18 -9 11 17 -19 -23 -12 19 23 25 14 -14
-22 -1 18 1 15 -18 9 13 -15 -15 7 -6 26 0 -21 14 16 12 17 16 8 3 -18 3 -3 -24 1 6 6 5 4 -13 16 -28 -36 17 13 -6 -12 18 19 6 8 -1 -6 3 -3 4 6 2 5 0 -18 -9 11 17 -19 -23 -12 19 23 25 14 -14
-22 -1 18 1 15 -18 9 13 -15 -15 7 -6 26 0 -21 14 16 12 17 16 8 3 -18 3 -3 -24 1 6 6 5 4 -13 16 -28 -36 17 13 -6 -12 18 19 6 8 -1 -6 3 -3 4 6 2 5 0 -18 -9 11 17 -19 -23 -12 19 23 25 14 -14
-22 -1 18 1 15 -18 9 13 -15 -15 7 -6 26 0 -21 14 16 12 17 16 8 3 -18 3 -3 -24 1 6 6 5 4 -13 16 -28 -36 17 13 -6 -12 18 19 6 8 -1 -6 3 -3 4 6 2 5 0 -18 -9 11 17 -19 -23 -12 19 23 25 14 -14
-22 -1 18 1 15 -18 9 13 -15 -15 7 -6 26 0 -21 14 16 12 17 16 8 3 -18 3 -3 -24 1 6 6 5 4 -13 16 -28 -36 17 13 -6 -12 18 19 6 8 -1 -6 3 -3 4 6 2 5 0 -18 -9 11 17 -19 -23 -12 19 23 25 14 -14
-22 -1 18 1 15 -18 9 13 -15 -15 7 -6 26 0 -21 14 16 12 17 16 8 3 -18 3 -3 -24 1 6 6 5 4 -13 16 -28 -36 17 13 -6 -12 18 19 6 8 -1 -6 3 -3 4 6 2 5 0 -18 -9 11 17 -19 -23 -12 19 23 25 14 -14
-22 -1 18 1 15 -18 9 13 -15 -15 7 -6 26 0 -21 14 16 12 17 16 8 3 -18 3 -3 -24 1 6 6 5 4 -13 16 -28 -36 17 13 -6 -12 18 19 6 8 -1 -6 3 -3 4 6 2 5 0 -18 -9 11 17 -19 -23 -12 19 23 25 14 -14
-22 -1 18 1 15 -18 9 13 -15 -15 7 -6 26 0 -21 14 16 12 17 16 8 3 -18 3 -3 -24 1 6 6 5 4 -13 16 -28 -36 17 13 -6 -12 18 19 6 8 -1 -6 3 -3 4 6 2 5 0 -18 -9 11 17 -19 -23 -12 19 23 25 14 -14
-22 -1 18 1 15 -18 9 13 -15 -15 7 -6 26 0 -21 14 16 12 17 16 8 3 -18 3 -3 -24 1 6 6 5 4 -13 16 -28 -36 17 13 -6 -12 18 19 6 8 -1 -6 3 -3 4 6 2 5 0 -18 -9 11 17 -19 -23 -12 19 23 25 14 -14
-22 -1 18 1 15 -18 9 13 -15 -15 7 -6 26 0 -21 14 16 12 17 16 8 3 -18 3 -3 -24 1 6 6 5 4 -13 16 -28 -36 17 13 -6 -12 18 19 6 8 -1 -6 3 -3 4 6 2 5 0 -18 -9 11 17 -19 -23 -12 19 23 25 14 -14
-22 -1 18 1 15 -18 9 13 -15 -15 7 -6 26 0 -21 14 16 12 17 16 8 3 -18 3 -3 -24 1 6 6 5 4 -13 16 -28 -36 17 13 -6 -12 18 19 6 8 -1 -6 3 -3 4 6 2 5 0 -18 -9 11 17 -19 -23 -12 19 23 25 14 -14
-22 -1 18 1 15 -18 9 13 -15 -15 7 -6 26 0 -21 14 16 12 17 16 8 3 -18 3 -3 -24 1 6 6 5 4 -13 16 -28 -36 17 13 -6 -12 18 19 6 8 -1 -6 3 -3 4 6 2 5 0 -18 -9 11 17 -19 -23 -12 19 23 25 14 -14
-22 -1 18 1 15 -18 9 13 -15 -15 7 -6 26 0 -21 14 16 12 17 16 8 3 -18 3 -3 -24 1 6 6 5 4 -13 16 -28 -36 17 13 -6 -12 18 19 6 8 -1 -6 3 -3 4 6 2 5 0 -18 -9 11 17 -19 -23 -12 19 23 25 14 -14
-22 -1 18 1 15 -18 9 13 -15 -15 7 -6 26 0 -21 14 16 12 17 16 8 3 -18 3 -3 -24 1 6 6 5 4 -13 16 -28 -36 17 13 -6 -12 18 19 6 8 -1 -6 3 -3 4 6 2 5 0 -18 -9 11 17 -19 -23 -12 19 23 25 14 -14
-22 -1 18 1 15 -18 9 13 -15 -15 7 -6 26 0 -21 14 16 12 17 16 8 3 -18 3 -3 -24 1 6 6 5 4 -13 16 -28 -36 17 13 -6 -12 18 19 6 8 -1 -6 3 -3 4 6 2 5 0 -18 -9 11 17 -19 -23 -12 19 23 25 14 -14
-22 -1 18 1 15 -18 9 13 -15 -15 7 -6 26 0 -21 14 16 12 17 16 8 3 -18 3 -3 -24 1 6 6 5 4 -13 16 -28 -36 17 13 -6 -12 18 19 6 8 -1 -6 3 -3 4 6 2 5 0 -18 -9 11 17 -19 -23 -12 19 23 25 14 -14
-22 -1 18 1 15 -18 9 13 -15 -15 7 -6 26 0 -21 14 16 12 17 16 8 3 -18 3 -3 -24 1 6 6 5 4 -13 16 -28 -36 17 13 -6 -12 18 19 6 8 -1 -6 3 -3 4 6 2 5 0 -18 -9 11 17 -19 -23 -12 19 23 25 14 -14
-22 -1 18 1 15 -18 9 13 -15 -15 7 -6 26 0 -21 14 16 12 17 16 8 3 -18 3 -3 -24 1 6 6 5 4 -13 16 -28 -36 17 13 -6 -12 18 19 6 8 -1 -6 3 -3 4 6 2 5 0 -18 -9 11 17 -19 -23 -12 19 23 25 14 -14
-22 -1 18 1 15 -18 9 13 -15 -15 7 -6 26 0 -21 14 16 12 17 16 8 3 -18 3 -3 -24 1 6 6 5 4 -13 16 -28 -36 17 13 -6 -12 18 19 6 8 -1 -6 3 -3 4 6 2 5 0 -18 -9 11 17 -19 -23 -12 19 23 25 14 -14
-22 -1 18 1 15 -18 9 13 -15 -15 7 -6 26 0 -21 14 16 12 17 16 8 3 -18 3 -3 -24 1 6 6 5 4 -13 16 -28 -36 17 13 -6 -12 18 19 6 8 -1 -6 3 -3 4 6 2 5 0 -18 -9 11 17 -19 -23 -12 19 23 25 14 -14
-22 -1 18 1 15 -18 9 13 -15 -15 7 -6 26 0 -21 14 16 12 17 16 8 3 -18 3 -3 -24 1 6 6 5 4 -13 16 -28 -36 17 13 -6 -12 18 19 6 8 -1 -6 3 -3 4 6 2 5 0 -18 -9 11 17 -19 -23 -12 19 23 25 14 -14
-22 -1 18 1 15 -18 9 13 -15 -15 7 -6 26 0 -21 14 16 12 17 16 8 3 -18 3 -3 -24 1 6 6 5 4 -13 16 -28 -36 17 13 -6 -12 18 19 6 8 -1 -6 3 -3 4 6 2 5 0 -18 -9 11 17 -19 -23 -12 19 23 25 14 -14
-22 -1 18 1 15 -18 9 13 -15 -15 7 -6 26 0 -21 14 16 12 17 16 8 3 -18 3 -3 -24 1 6 6 5 4 -13 16 -28 -36 17 13 -6 -12 18 19 6 8 -1 -6 3 -3 4 6 2 5 0 -18 -9 11 17 -19 -23 -12 19 23 25 14 -14
-22 -1 18 1 15 -18 9 13 -15 -15 7 -6 26 0 -21 14 16 12 17 16 8 3 -18 3 -3 -24 1 6 6 5 4 -13 16 -28 -36 17 13 -6 -12 18 19 6 8 -1 -6 3 -3 4 6 2 5 0 -18 -9 11 17 -19 -23 -12 19 23 25 14 -14
-22 -1 18 1 15 -18 9 13 -15 -15 7 -6 26 0 -21 14 16 12 17 16 8 3 -18 3 -3 -24 1 6 6 5 4 -13 16 -28 -36 17 13 -6 -12 18 19 6 8 -1 -6 3 -3 4 6 2 5 0 -18 -9 11 17 -19 -23 -12 19 23 25 14 -14
-22 -1 18 1 15 -18 9 13 -15 -15 7 -6 26 0 -21 14 16 12 17 16 8 3 -18 3 -3 -24 1 6 6 5 4 -13 16 -28 -36 17 13 -6 -12 18 19 6 8 -1 -6 3 -3 4 6 2 5 0 -18 -9 11 17 -19 -23 -12 19 23 25 14 -14
-22 -1 18 1 15 -18 9 13 -15 -15 7 -6 26 0 -21 14 16 12 17 16 8 3 -18 3 -3 -24 1 6 6 5 4 -13 16 -28 -36 17 13 -6 -12 18 19 6 8 -1 -6 3 -3 4 6 2 5 0 -18 -9 11 17 -19 -23 -12 19 23 25 14 -14
-22 -1 18 1 15 -18 9 13 -15 -15 7 -6 26 0 -21 14 16 12 17 16 8 3 -18 3 -3 -24 1 6 6 5 4 -13 16 -28 -36 17 13 -6 -12 18 19 6 8 -1 -6 3 -3 4 6 2 5 0 -18 -9 11 17 -19 -23 -12 19 23 25 14 -14
-22 -1 18 1 15 -18 9 13 -15 -15 7 -6 26 0 -21 14 16 12 17 16 8 3 -18 3 -3 -24 1 6 6 5 4 -13 16 -28 -36 17 13 -6 -12 18 19 6 8 -1 -6 3 -3 4 6 2 5 0 -18 -9 11 17 -19 -23 -12 19 23 25 14 -14
-22 -1 18 1 15 -18 9 13 -15 -15 7 -6 26 0 -21 14 16 12 17 16 8 3 -18 3 -3 -24 1 6 6 5 4 -13 16 -28 -36 17 13 -6 -12 18 19 6 8 -1 -6 3 -3 4 6 2 5 0 -18 -9 11 17 -19 -23 -12 19 23 25 14 -14
-22 -1 18 1 15 -18 9 13 -15 -15 7 -6 26 0 -21 14 16 12 17 16 8 3 -18 3 -3 -24 1 6 6 5 4 -13 16 -28 -36 17 13 -6 -12 18 19 6 8 -1 -6 3 -3 4 6 2 5 0 -18 -9 11 17 -19 -23 -12 19 23 25 14 -14
-22 -1 18 1 15 -18 9 13 -15 -15 7 -6 26 0 -21 14 16 12 17 16 8 3 -18 3 -3 -24 1 6 6 5 4 -13 16 -28 -36 17 13 -6 -12 18 19 6 8 -1 -6 3 -3 4 6 2 5 0 -18 -9 11 17 -19 -23 -12 19 23 25 14 -14
-22 -1 18 1 15 -18 9 13 -15 -15 7 -6 26 0 -21 14 16 12 17 16 8 3 -18 3 -3 -24 1 6 6 5 4 -13 16 -28 -36 17 13 -6 -12 18 19 6 8 -1 -6 3 -3 4 6 2 5 0 -18 -9 11 17 -19 -23 -12 19 23 25 14 -14
-22 -1 18 1 15 -18 9 13 -15 -15 7 -6 26 0 -21 14 16 12 17 16 8 3 -18 3 -3 -24 1 6 6 5 4 -13 16 -28 -36 17 13 -6 -12 18 19 6 8 -1 -6 3 -3 4 6 2 5 0 -18 -9 11 17 -19 -23 -12 19 23 25 14 -14
-22 -1 18 1 15 -18 9 13 -15 -15 7 -6 26 0 -21 14 16 12 17 16 8 3 -18 3 -3 -24 1 6 6 5 4 -13 16 -28 -36 17 13 -6 -12 18 19 6 8 -1 -6 3 -3 4 6 2 5 0 -18 -9 11 17 -19 -23 -12 19 23 25 14 -14
-22 -1 18 1 15 -18 9 13 -15 -15 7 -6 26 0 -21 14 16 12 17 16 8 3 -18 3 -3 -24 1 6 6 5 4 -13 16 -28 -36 17 13 -6 -12 18 19 6 8 -1 -6 3 -3 4 6 2 5 0 -18 -9 11 17 -19 -23 -12 19 23 25 14 -14
-22 -1 18 1 15 -18 9 13 -15 -15 7 -6 26 0 -21 14 16 12 17 16 8 3 -18 3 -3 -24 1 6 6 5 4 -13 16 -28 -36 17 13 -6 -12 18 19 6 8 -1 -6 3 -3 4 6 2 5 0 -18 -9 11 17 -19 -23 -12 19 23 25 14 -14
-22 -1 18 1 15 -18 9 13 -15 -15 7 -6 26 0 -21 14 16 12 17 16 8 3 -18 3 -3 -24 1 6 6 5 4 -13 16 -28 -36 17 13 -6 -12 18 19 6 8 -1 -6 3 -3 4 6 2 5 0 -18 -9 11 17 -19 -23 -12 19 23 25 14 -14
-22 -1 18 1 15 -18 9 13 -15 -15 7 -6 26 0 -21 14 16 12 17 16 8 3 -18 3 -3 -24 1 6 6 5 4 -13 16 -28 -36 17 13 -6 -12 18 19 6 8 -1 -6 3 -3 4 6 2 5 0 -18 -9 11 17 -19 -23 -12 19 23 25 14 -14
-22 -1 18 1 15 -18 9 13 -15 -15 7 -6 26 0 -21 14 16 12 17 16 8 3 -18 3 -3 -24 1 6 6 5 4 -13 16 -28 -36 17 13 -6 -12 18 19 6 8 -1 -6 3 -3 4 6 2 5 0 -18 -9 11 17 -19 -23 -12 19 23 25 14 -14
-22 -1 18 1 15 -18 9 13 -15 -15 7 -6 26 0 -21 14 16 12 17 16 8 3 -18 3 -3 -24 1 6 6 5 4 -13 16 -28 -36 17 13 -6 -12 18 19 6 8 -1 -6 3 -3 4 6 2 5 0 -18 -9 11 17 -19 -23 -12 19 23 25 14 -14
-22 -1 18 1 15 -18 9 13 -15 -15 7 -6 26 0 -21 14 16 12 17 16 8 3 -18 3 -3 -24 1 6 6 5 4 -13 16 -28 -36 17 13 -6 -12 18 19 6 8 -1 -6 3 -3 4 6 2 5 0 -18 -9 11 17 -19 -23 -12 19 23 25 14 -14
-22 -1 18 1 15 -18 9 13 -15 -15 7 -6 26 0 -21 14 16 12 17 16 8 3 -18 3 -3 -24 1 6 6 5 4 -13 16 -28 -36 17 13 -6 -12 18 19 6 8 -1 -6 3 -3 4 6 2 5 0 -18 -9 11 17 -19 -23 -12 19 23 25 14 -14
-22 -1 18 1 15 -18 9 13 -15 -15 7 -6 26 0 -21 14 16 12 17 16 8 3 -18 3 -3 -24 1 6 6 5 4 -13 16 -28 -36 17 13 -6 -12 18 19 6 8 -1 -6 3 -3 4 6 2 5 0 -18 -9 11 17 -19 -23 -12 19 23 25 14 -14
-22 -1 18 1 15 -18 9 13 -15 -15 7 -6 26 0 -21 14 16 12 17 16 8 3 -18 3 -3 -24 1 6 6 5 4 -13 16 -28 -36 17 13 -6 -12 18 19 6 8 -1 -6 3 -3 4 6 2 5 0 -18 -9 11 17 -19 -23 -12 19 23 25 14 -14
-22 -1 18 1 15 -18 9 13 -15 -15 7 -6 26 0 -21 14 16 12 17 16 8 3 -18 3 -3 -24 1 6 6 5 4 -13 16 -28 -36 17 13 -6 -12 18 19 6 8 -1 -6 3 -3 4 6 2 5 0 -18 -9 11 17 -19 -23 -12 19 23 25 14 -14
-22 -1 18 1 15 -18 9 13 -15 -15 7 -6 26 0 -21 14 16 12 17 16 8 3 -18 3 -3 -24 1 6 6 5 4 -13 16 -28 -36 17 13 -6 -12 18 19 6 8 -1 -6 3 -3 4 6 2 5 0 -18 -9 11 17 -19 -23 -12 19 23 25 14 -14
-22 -1 18 1 15 -18 9 13 -15 -15 7 -6 26 0 -21 14 16 12 17 16 8 3 -18 3 -3 -24 1 6 6 5 4 -13 16 -28 -36 17 13 -6 -12 18 19 6 8 -1 -6 3 -3 4 6 2 5 0 -18 -9 11 17 -19 -23 -12 19 23 25 14 -14
-22 -1 18 1 15 -18 9 13 -15 -15 7 -6 26 0 -21 14 16 12 17 16 8 3 -18 3 -3 -24 1 6 6 5 4 -13 16 -28 -36 17 13 -6 -12 18 19 6 8 -1 -6 3 -3 4 6 2 5 0 -18 -9 11 17 -19 -23 -12 19 23 25 14 -14
-22 -1 18 1 15 -18 9 13 -15 -15 7 -6 26 0 -21 14 16 12 17 16 8 3 -18 3 -3 -24 1 6 6 5 4 -13 16 -28 -36 17 13 -6 -12 18 19 6 8 -1 -6 3 -3 4 6 2 5 0 -18 -9 11 17 -19 -23 -12 19 23 25 14 -14
-22 -1 18 1 15 -18 9 13 -15 -15 7 -6 26 0 -21 14 16 12 17 16 8 3 -18 3 -3 -24 1 6 6 5 4 -13 16 -28 -36 17 13 -6 -12 18 19 6 8 -1 -6 3 -3 4 6 2 5 0 -18 -9 11 17 -19 -23 -12 19 23 25 14 -14
-22 -1 18 1 15 -18 9 13 -15 -15 7 -6 26 0 -21 14 16 12 17 16 8 3 -18 3 -3 -24 1 6 6 5 4 -13 16 -28 -36 17 13 -6 -12 18 19 6 8 -1 -6 3 -3 4 6 2 5 0 -18 -9 11 17 -19 -23 -12 19 23 25 14 -14
-22 -1 18 1 15 -18 9 13 -15 -15 7 -6 26 0 -21 14 16 12 17 16 8 3 -18 3 -3 -24 1 6 6 5 4 -13 16 -28 -36 17 13 -6 -12 18 19 6 8 -1 -6 3 -3 4 6 2 5 0 -18 -9 11 17 -19 -23 -12 19 23 25 14 -14
