-2 -17 -15 4 -7 -18 0 14 31 -7 -12 -16 -1 24 11 -26 4 18 -7 -17 -9 8 -38 4 -13 -16 8 -14 -2 -27 2 -21 1 10 -1 16 -19 -18 22 -5 9 10 2 -6 -7 4 23 18 34 14 -25 -40 -25 -48 1 -21 8 -28 3 16 -12 -1 27 10
3 -22 -7 0 -9 -11 -6 12 21 -5 -13 -19 -6 14 27 -17 -3 12 0 -16 -18 1 -29 6 -21 -14 19 -10 1 -20 11 -27 15 2 -16 25 -19 -24 16 8 9 16 3 2 -7 2 34 26 27 22 -20 -27 -25 -37 -1 -27 3 -37 -2 32 -11 -3 25 26
11 -14 -8 7 -9 -20 -3 9 10 -12 -7 -23 -1 25 24 -18 1 16 -6 -27 -9 6 -31 5 -9 -17 14 -15 -1 -22 3 -19 3 1 -3 16 -27 -14 23 6 18 17 7 0 -8 1 35 21 27 17 -16 -35 -28 -42 4 -26 4 -34 2 28 -10 -5 24 19
11 -8 -9 5 -7 -20 -4 14 14 -9 -17 -18 -2 28 24 -18 -3 19 -7 -25 -8 4 -32 4 -12 -12 13 -16 0 -23 5 -21 7 5 -4 15 -22 -17 25 2 15 16 10 -1 -4 -1 30 24 28 18 -17 -26 -25 -47 7 -24 1 -30 1 24 -12 -3 31 17
4 -3 -8 -1 -8 -21 1 14 13 -14 -15 -13 -6 39 17 -16 1 15 -6 -25 -8 2 -19 0 -15 -19 24 -16 -2 -23 11 -25 18 3 -2 11 -31 -9 32 4 18 19 9 2 -3 4 26 20 27 19 -14 -26 -23 -47 6 -36 4 -29 -2 28 -6 4 28 19
4 -8 -3 4 -18 -21 0 10 11 -14 -18 -11 -5 18 29 -15 1 9 -8 -18 -8 2 -23 0 -21 -19 17 -12 -3 -23 12 -20 15 11 -9 20 -31 -19 20 9 24 16 4 -1 1 3 36 26 22 22 -14 -20 -27 -37 2 -32 -1 -30 0 30 -15 0 32 25
1 -14 0 2 -14 -21 -11 13 11 -7 -9 -18 -9 25 27 -15 5 11 -9 -19 -11 0 -23 -1 -26 -18 15 -23 -2 -21 7 -25 13 11 2 10 -30 -11 19 9 24 21 7 -3 -6 -1 32 18 29 21 -21 -24 -21 -39 2 -31 -4 -32 2 23 -15 5 34 27
6 -12 -3 2 -13 -24 -7 17 17 -9 -11 -19 -11 23 27 -19 3 12 0 -19 -9 -1 -30 3 -20 -16 18 -15 3 -24 9 -24 12 4 -3 15 -26 -15 27 5 13 20 11 1 3 3 30 24 29 20 -20 -27 -23 -38 4 -27 1 -37 3 29 -15 0 33 24
7 -18 -7 3 -5 -20 -9 13 16 -9 -7 -22 -11 16 31 -24 -1 12 -4 -17 -18 -2 -31 7 -18 -19 17 -10 0 -18 2 -18 19 7 -5 16 -21 -12 19 4 15 16 10 0 -4 1 28 27 30 20 -18 -23 -24 -31 -1 -26 1 -39 0 32 -14 1 25 25
4 -16 -13 0 -6 -16 -20 -5 20 -14 -5 -20 -16 24 19 -5 -2 5 5 -21 -7 -2 -33 -8 -18 -25 20 -8 0 -30 17 -25 14 -3 -17 6 -16 -9 21 4 10 22 6 7 13 12 22 28 27 16 -19 -28 -27 -25 -10 -23 -4 -36 3 45 -13 9 15 20
6 -17 -7 -1 -8 -17 1 13 18 -15 -11 -19 -6 24 29 -17 9 20 -6 -23 -17 1 -30 10 -9 -19 15 -15 10 -17 -3 -18 10 5 -5 22 -24 -20 16 2 17 21 10 -8 -3 0 31 25 29 22 -20 -23 -25 -39 3 -32 0 -38 2 29 -11 -3 29 20
4 3 -8 2 -11 -18 -9 16 16 -14 -10 -21 -5 25 28 -16 4 16 -7 -22 -8 2 -26 7 -18 -14 13 -15 -1 -26 2 -14 10 4 -6 15 -26 -9 20 5 14 12 10 0 2 -2 30 30 31 24 -19 -25 -25 -40 2 -25 3 -28 2 33 -14 -6 32 20
8 -8 -9 3 -4 -23 3 14 20 -12 -18 -16 -3 25 32 -21 1 18 -9 -25 -8 6 -33 4 -20 -19 15 -9 1 -19 1 -15 8 9 -8 18 -21 -18 21 5 17 14 8 -5 -4 4 31 25 35 15 -17 -27 -22 -41 4 -27 4 -29 1 31 -11 -2 34 20
9 -14 -3 5 -14 -12 -10 8 12 -13 -12 -16 -5 20 26 -17 0 7 -10 -17 -12 -1 -28 7 -17 -25 20 -15 7 -18 8 -20 13 10 -10 8 -29 -16 22 8 20 14 4 0 -9 3 30 26 31 19 -22 -23 -24 -35 4 -28 -1 -28 -1 35 -10 -2 24 25
9 -13 -11 5 -10 -19 -10 7 13 -10 -11 -18 -15 28 26 -16 2 12 2 -24 -9 -6 -27 -8 -19 -22 13 -7 -4 -25 6 -25 8 6 -10 9 -14 -14 29 -1 16 13 4 4 3 9 26 24 30 19 -22 -24 -26 -26 -3 -16 3 -30 3 34 -18 4 20 24
13 -6 -6 -7 -11 -18 -3 9 11 -11 -15 -15 -8 17 25 -18 6 14 -2 -25 -13 1 -31 2 -19 -16 11 -5 -1 -27 3 -14 6 6 -6 15 -19 -12 22 2 16 15 9 3 1 3 28 24 29 22 -18 -23 -22 -38 3 -28 -4 -30 -2 32 -13 -1 27 19
0 -7 -5 3 -10 -26 -9 11 10 -13 -12 -15 -8 29 26 -10 5 8 -5 -26 -7 1 -29 6 -12 -15 25 -9 1 -23 10 -23 15 4 -10 16 -28 -15 13 4 17 18 7 4 -6 4 22 31 32 25 -22 -19 -26 -40 -2 -35 1 -29 4 36 -5 -2 29 23
11 -9 -9 2 -10 -24 -2 15 16 -13 -16 -19 -4 31 21 -11 6 22 -6 -30 -10 2 -34 3 -17 -17 20 -18 1 -24 -4 -19 5 9 -10 16 -18 -19 20 3 14 15 8 0 -6 -4 27 25 33 12 -15 -29 -22 -42 -2 -23 7 -32 -2 26 -9 1 29 17
12 -11 -6 2 -10 -18 -4 12 8 -15 -13 -12 -5 22 31 -17 3 16 -4 -31 -8 1 -21 7 -18 -13 17 -17 5 -22 3 -17 7 8 -8 15 -24 -16 17 8 20 14 9 -2 -1 -5 25 23 28 23 -14 -22 -23 -43 2 -20 4 -31 1 33 -7 -3 25 15
3 -12 -11 1 -14 -17 -7 15 15 -7 -15 -14 -12 28 21 -16 5 10 -12 -26 -12 1 -27 4 -14 -18 17 -11 7 -17 5 -22 15 2 -3 16 -26 -18 21 5 19 21 10 -3 0 -7 26 24 32 18 -14 -27 -21 -44 4 -26 -1 -33 0 33 -8 0 28 23
5 -10 -12 2 -6 -23 -7 14 12 -12 -9 -15 1 32 21 -16 8 12 1 -30 -13 7 -28 6 -10 -26 17 -15 3 -23 3 -19 8 8 -2 12 -18 -12 20 3 18 18 9 0 -1 -4 23 22 34 19 -26 -28 -24 -47 0 -24 4 -35 2 27 -9 -2 31 18
10 -5 -8 6 -13 -10 -12 0 17 -9 -11 -12 -13 28 21 -20 5 12 -5 -24 -15 -4 -22 -2 -12 -22 15 -17 0 -26 18 -28 2 2 -11 12 -11 -12 19 4 21 15 17 -5 6 6 19 18 28 15 -26 -24 -31 -34 -2 -25 2 -28 3 32 -16 8 23 23
6 -12 -16 3 -3 -17 0 15 21 -5 -15 -16 3 47 14 -21 11 26 1 -22 -8 9 -31 4 -4 -15 7 -14 -3 -28 3 -17 0 7 3 14 -11 -9 27 2 8 15 6 -4 -3 4 23 16 34 10 -11 -39 -30 -57 -2 -19 15 -20 4 13 -7 -5 28 1
7 -19 -12 -8 -10 -17 -3 12 19 -4 -9 -19 0 15 26 -25 -2 16 -2 -16 -16 -12 -35 0 -20 -9 16 -13 0 -20 8 -16 10 2 -6 18 -22 -12 12 5 17 14 4 2 -4 3 31 26 28 22 -18 -29 -27 -32 4 -23 1 -35 -1 26 -16 -3 24 22
4 -20 -11 6 -11 -11 -11 10 14 1 -5 -26 -6 20 26 -23 8 24 -7 -20 -20 -11 -31 4 -17 -13 14 -18 2 -25 8 -22 5 -7 -19 12 -24 -10 15 0 17 19 6 -7 -3 5 18 37 17 17 -22 -25 -30 -30 1 -15 -1 -38 0 26 -12 -5 28 30
10 -13 -8 2 -10 -18 -7 13 20 -1 -13 -21 -7 23 28 -17 0 15 -8 -22 -13 1 -31 13 -17 -12 15 -5 1 -20 1 -18 6 7 -11 17 -18 -11 26 7 11 15 10 -2 -7 1 26 28 28 15 -16 -31 -22 -40 -4 -20 -3 -38 1 26 -12 -3 31 21
5 -7 -7 1 -7 -22 -4 12 15 -17 -19 -18 -8 35 25 -13 7 13 -9 -30 -2 3 -22 2 -12 -16 20 -8 3 -24 6 -25 14 0 -6 11 -20 -18 27 9 13 17 7 -2 -3 -5 30 21 29 17 -9 -31 -26 -49 6 -28 3 -35 2 29 -4 4 26 20
3 -8 -7 1 -15 -21 -2 20 11 -14 -13 -16 -6 29 28 -15 0 12 -2 -27 -9 5 -23 3 -17 -19 19 -11 3 -28 9 -19 14 6 -4 14 -28 -21 21 9 20 14 11 2 1 -3 30 24 24 17 -12 -27 -29 -44 6 -26 3 -34 3 35 -18 1 30 20
6 -12 -9 2 -19 -23 -4 5 9 -13 -10 -18 -5 26 31 -9 8 13 -11 -24 -9 0 -25 3 -22 -20 18 -14 7 -22 6 -21 8 12 -2 10 -27 -19 21 12 19 21 5 -1 -5 -1 35 20 30 15 -14 -30 -24 -49 7 -26 8 -32 -1 31 -13 0 27 22
5 -11 -6 4 -19 -20 2 7 21 -14 -8 -16 -14 12 29 -12 -1 8 -13 -22 -17 -6 -26 -4 -24 -15 18 -18 5 -23 10 -19 16 11 -3 20 -32 -20 18 5 18 24 6 4 -3 -2 32 28 28 26 -18 -28 -23 -29 2 -27 -9 -33 -4 30 -17 0 31 29
8 -13 -12 2 -15 -19 -8 9 15 -9 -14 -19 -10 24 31 -14 1 18 -10 -16 -16 -3 -30 2 -21 -10 12 -12 1 -25 7 -17 13 6 -10 11 -24 -18 23 6 17 13 13 -2 3 0 30 31 28 15 -17 -30 -22 -39 -1 -24 4 -32 6 26 -12 -2 30 24
5 -16 -9 -2 -10 -19 -3 11 18 -5 -13 -18 -9 26 28 -16 0 19 -10 -19 -13 -5 -31 3 -19 -18 11 -9 3 -25 5 -25 18 12 -9 16 -19 -18 16 8 19 19 9 -6 1 -1 27 30 29 14 -20 -35 -23 -40 3 -29 -1 -30 9 26 -17 -1 31 28
5 -7 -6 1 -7 -20 -2 15 12 -9 -9 -23 -3 18 28 -18 6 17 -11 -23 -15 -3 -28 1 -15 -17 9 -16 4 -32 6 -16 11 4 -5 16 -21 -13 17 3 14 13 10 -7 -1 -4 32 29 31 16 -14 -31 -22 -40 1 -23 7 -34 5 26 -15 -1 27 22
10 -13 -10 2 -8 -20 -4 16 13 -12 -16 -18 -6 29 29 -11 3 19 -2 -23 -12 4 -35 1 -18 -16 13 -10 1 -28 6 -23 7 8 -6 15 -19 -18 22 10 10 13 6 1 3 -5 30 27 33 23 -14 -34 -25 -42 5 -26 -4 -33 0 32 -13 2 27 17
4 -10 -7 2 -5 -19 -8 15 11 -12 -14 -11 -6 26 27 -10 3 17 -9 -24 -9 3 -28 3 -17 -16 16 -9 5 -22 6 -17 13 5 -9 17 -28 -11 13 3 13 18 10 -1 -3 -4 33 24 32 24 -18 -25 -28 -42 6 -24 1 -32 4 35 -10 -1 22 21
9 -12 -9 2 -6 -20 2 13 18 -12 -14 -9 -5 24 22 -15 6 27 -5 -25 -20 4 -26 8 -17 -18 14 -15 0 -19 -2 -21 5 10 -9 17 -19 -16 20 5 15 17 11 -5 -4 0 26 27 32 15 -13 -29 -24 -40 0 -20 4 -30 7 23 -8 6 28 18
6 -8 -3 0 -12 -19 -8 17 9 -11 -10 -13 -10 25 29 -16 3 13 -8 -31 -12 0 -26 5 -13 -21 12 -10 5 -23 2 -10 10 7 -5 15 -24 -11 18 3 17 19 6 -2 -3 -1 25 31 23 20 -13 -22 -25 -40 5 -21 2 -39 7 34 -12 -1 28 18
6 -11 -14 -6 -7 -18 -1 14 13 -5 -11 -17 -8 25 28 -15 7 16 -3 -30 -13 4 -25 4 -19 -21 17 -13 0 -28 4 -13 13 1 -8 13 -22 -15 17 10 18 21 14 2 -4 -5 25 23 34 20 -13 -29 -26 -46 4 -30 4 -30 3 33 -7 -1 25 24
5 -9 -13 3 -8 -20 -3 16 14 -15 -9 -15 -4 25 27 -12 3 14 -6 -25 -12 0 -24 9 -17 -17 16 -12 4 -23 4 -20 10 7 -6 16 -23 -16 25 4 15 23 11 -5 2 4 23 21 33 18 -16 -26 -22 -46 5 -26 3 -32 0 27 -11 1 32 15
8 -6 -13 4 -10 -14 -9 4 20 -10 -14 -10 -5 27 20 -27 8 14 -5 -20 -21 -11 -20 -4 -16 -25 9 -14 7 -22 12 -28 1 6 -5 14 -13 -9 25 4 25 21 9 -4 1 8 24 20 31 24 -31 -29 -26 -35 -1 -23 -2 -35 0 29 -20 0 22 19
3 -16 -13 4 1 -20 -2 18 21 -6 -14 -16 7 44 11 -24 13 25 -4 -23 -10 8 -31 11 -3 -10 5 -12 0 -25 -1 -17 2 7 3 14 -8 -10 23 1 7 12 7 -4 -7 0 22 12 33 9 -13 -34 -27 -58 -4 -16 15 -17 2 12 -7 -3 28 3
2 -15 -14 -3 -8 -21 -2 9 30 1 -7 -12 -4 15 30 -26 -2 18 -1 -12 -27 -8 -22 1 -15 -15 26 -20 -7 -24 3 -18 18 3 -10 10 -20 -17 17 -9 12 24 7 2 -17 9 25 22 35 24 -23 -22 -20 -25 3 -15 15 -37 2 23 -18 12 14 24
2 -15 -14 -3 -8 -21 -2 9 30 1 -7 -12 -4 15 30 -26 -2 18 -1 -12 -27 -8 -22 1 -15 -15 26 -20 -7 -24 3 -18 18 3 -10 10 -20 -17 17 -9 12 24 7 2 -17 9 25 22 35 24 -23 -22 -20 -25 3 -15 15 -37 2 23 -18 12 14 24
2 -15 -14 -3 -8 -21 -2 9 30 1 -7 -12 -4 15 30 -26 -2 18 -1 -12 -27 -8 -22 1 -15 -15 26 -20 -7 -24 3 -18 18 3 -10 10 -20 -17 17 -9 12 24 7 2 -17 9 25 22 35 24 -23 -22 -20 -25 3 -15 15 -37 2 23 -18 12 14 24
2 -15 -14 -3 -8 -21 -2 9 30 1 -7 -12 -4 15 30 -26 -2 18 -1 -12 -27 -8 -22 1 -15 -15 26 -20 -7 -24 3 -18 18 3 -10 10 -20 -17 17 -9 12 24 7 2 -17 9 25 22 35 24 -23 -22 -20 -25 3 -15 15 -37 2 23 -18 12 14 24
2 -15 -14 -3 -8 -21 -2 9 30 1 -7 -12 -4 15 30 -26 -2 18 -1 -12 -27 -8 -22 1 -15 -15 26 -20 -7 -24 3 -18 18 3 -10 10 -20 -17 17 -9 12 24 7 2 -17 9 25 22 35 24 -23 -22 -20 -25 3 -15 15 -37 2 23 -18 12 14 24
2 -15 -14 -3 -8 -21 -2 9 30 1 -7 -12 -4 15 30 -26 -2 18 -1 -12 -27 -8 -22 1 -15 -15 26 -20 -7 -24 3 -18 18 3 -10 10 -20 -17 17 -9 12 24 7 2 -17 9 25 22 35 24 -23 -22 -20 -25 3 -15 15 -37 2 23 -18 12 14 24
2 -15 -14 -3 -8 -21 -2 9 30 1 -7 -12 -4 15 30 -26 -2 18 -1 -12 -27 -8 -22 1 -15 -15 26 -20 -7 -24 3 -18 18 3 -10 10 -20 -17 17 -9 12 24 7 2 -17 9 25 22 35 24 -23 -22 -20 -25 3 -15 15 -37 2 23 -18 12 14 24
2 -15 -14 -3 -8 -21 -2 9 30 1 -7 -12 -4 15 30 -26 -2 18 -1 -12 -27 -8 -22 1 -15 -15 26 -20 -7 -24 3 -18 18 3 -10 10 -20 -17 17 -9 12 24 7 2 -17 9 25 22 35 24 -23 -22 -20 -25 3 -15 15 -37 2 23 -18 12 14 24
2 -15 -14 -3 -8 -21 -2 9 30 1 -7 -12 -4 15 30 -26 -2 18 -1 -12 -27 -8 -22 1 -15 -15 26 -20 -7 -24 3 -18 18 3 -10 10 -20 -17 17 -9 12 24 7 2 -17 9 25 22 35 24 -23 -22 -20 -25 3 -15 15 -37 2 23 -18 12 14 24
2 -15 -14 -3 -8 -21 -2 9 30 1 -7 -12 -4 15 30 -26 -2 18 -1 -12 -27 -8 -22 1 -15 -15 26 -20 -7 -24 3 -18 18 3 -10 10 -20 -17 17 -9 12 24 7 2 -17 9 25 22 35 24 -23 -22 -20 -25 3 -15 15 -37 2 23 -18 12 14 24
2 -15 -14 -3 -8 -21 -2 9 30 1 -7 -12 -4 15 30 -26 -2 18 -1 -12 -27 -8 -22 1 -15 -15 26 -20 -7 -24 3 -18 18 3 -10 10 -20 -17 17 -9 12 24 7 2 -17 9 25 22 35 24 -23 -22 -20 -25 3 -15 15 -37 2 23 -18 12 14 24
2 -15 -14 -3 -8 -21 -2 9 30 1 -7 -12 -4 15 30 -26 -2 18 -1 -12 -27 -8 -22 1 -15 -15 26 -20 -7 -24 3 -18 18 3 -10 10 -20 -17 17 -9 12 24 7 2 -17 9 25 22 35 24 -23 -22 -20 -25 3 -15 15 -37 2 23 -18 12 14 24
2 -15 -14 -3 -8 -21 -2 9 30 1 -7 -12 -4 15 30 -26 -2 18 -1 -12 -27 -8 -22 1 -15 -15 26 -20 -7 -24 3 -18 18 3 -10 10 -20 -17 17 -9 12 24 7 2 -17 9 25 22 35 24 -23 -22 -20 -25 3 -15 15 -37 2 23 -18 12 14 24
2 -15 -14 -3 -8 -21 -2 9 30 1 -7 -12 -4 15 30 -26 -2 18 -1 -12 -27 -8 -22 1 -15 -15 26 -20 -7 -24 3 -18 18 3 -10 10 -20 -17 17 -9 12 24 7 2 -17 9 25 22 35 24 -23 -22 -20 -25 3 -15 15 -37 2 23 -18 12 14 24
2 -15 -14 -3 -8 -21 -2 9 30 1 -7 -12 -4 15 30 -26 -2 18 -1 -12 -27 -8 -22 1 -15 -15 26 -20 -7 -24 3 -18 18 3 -10 10 -20 -17 17 -9 12 24 7 2 -17 9 25 22 35 24 -23 -22 -20 -25 3 -15 15 -37 2 23 -18 12 14 24
2 -15 -14 -3 -8 -21 -2 9 30 1 -7 -12 -4 15 30 -26 -2 18 -1 -12 -27 -8 -22 1 -15 -15 26 -20 -7 -24 3 -18 18 3 -10 10 -20 -17 17 -9 12 24 7 2 -17 9 25 22 35 24 -23 -22 -20 -25 3 -15 15 -37 2 23 -18 12 14 24
2 -15 -14 -3 -8 -21 -2 9 30 1 -7 -12 -4 15 30 -26 -2 18 -1 -12 -27 -8 -22 1 -15 -15 26 -20 -7 -24 3 -18 18 3 -10 10 -20 -17 17 -9 12 24 7 2 -17 9 25 22 35 24 -23 -22 -20 -25 3 -15 15 -37 2 23 -18 12 14 24
2 -15 -14 -3 -8 -21 -2 9 30 1 -7 -12 -4 15 30 -26 -2 18 -1 -12 -27 -8 -22 1 -15 -15 26 -20 -7 -24 3 -18 18 3 -10 10 -20 -17 17 -9 12 24 7 2 -17 9 25 22 35 24 -23 -22 -20 -25 3 -15 15 -37 2 23 -18 12 14 24
2 -15 -14 -3 -8 -21 -2 9 30 1 -7 -12 -4 15 30 -26 -2 18 -1 -12 -27 -8 -22 1 -15 -15 26 -20 -7 -24 3 -18 18 3 -10 10 -20 -17 17 -9 12 24 7 2 -17 9 25 22 35 24 -23 -22 -20 -25 3 -15 15 -37 2 23 -18 12 14 24
2 -15 -14 -3 -8 -21 -2 9 30 1 -7 -12 -4 15 30 -26 -2 18 -1 -12 -27 -8 -22 1 -15 -15 26 -20 -7 -24 3 -18 18 3 -10 10 -20 -17 17 -9 12 24 7 2 -17 9 25 22 35 24 -23 -22 -20 -25 3 -15 15 -37 2 23 -18 12 14 24
2 -15 -14 -3 -8 -21 -2 9 30 1 -7 -12 -4 15 30 -26 -2 18 -1 -12 -27 -8 -22 1 -15 -15 26 -20 -7 -24 3 -18 18 3 -10 10 -20 -17 17 -9 12 24 7 2 -17 9 25 22 35 24 -23 -22 -20 -25 3 -15 15 -37 2 23 -18 12 14 24
2 -15 -14 -3 -8 -21 -2 9 30 1 -7 -12 -4 15 30 -26 -2 18 -1 -12 -27 -8 -22 1 -15 -15 26 -20 -7 -24 3 -18 18 3 -10 10 -20 -17 17 -9 12 24 7 2 -17 9 25 22 35 24 -23 -22 -20 -25 3 -15 15 -37 2 23 -18 12 14 24
2 -15 -14 -3 -8 -21 -2 9 30 1 -7 -12 -4 15 30 -26 -2 18 -1 -12 -27 -8 -22 1 -15 -15 26 -20 -7 -24 3 -18 18 3 -10 10 -20 -17 17 -9 12 24 7 2 -17 9 25 22 35 24 -23 -22 -20 -25 3 -15 15 -37 2 23 -18 12 14 24
2 -15 -14 -3 -8 -21 -2 9 30 1 -7 -12 -4 15 30 -26 -2 18 -1 -12 -27 -8 -22 1 -15 -15 26 -20 -7 -24 3 -18 18 3 -10 10 -20 -17 17 -9 12 24 7 2 -17 9 25 22 35 24 -23 -22 -20 -25 3 -15 15 -37 2 23 -18 12 14 24
2 -15 -14 -3 -8 -21 -2 9 30 1 -7 -12 -4 15 30 -26 -2 18 -1 -12 -27 -8 -22 1 -15 -15 26 -20 -7 -24 3 -18 18 3 -10 10 -20 -17 17 -9 12 24 7 2 -17 9 25 22 35 24 -23 -22 -20 -25 3 -15 15 -37 2 23 -18 12 14 24
2 -15 -14 -3 -8 -21 -2 9 30 1 -7 -12 -4 15 30 -26 -2 18 -1 -12 -27 -8 -22 1 -15 -15 26 -20 -7 -24 3 -18 18 3 -10 10 -20 -17 17 -9 12 24 7 2 -17 9 25 22 35 24 -23 -22 -20 -25 3 -15 15 -37 2 23 -18 12 14 24
2 -15 -14 -3 -8 -21 -2 9 30 1 -7 -12 -4 15 30 -26 -2 18 -1 -12 -27 -8 -22 1 -15 -15 26 -20 -7 -24 3 -18 18 3 -10 10 -20 -17 17 -9 12 24 7 2 -17 9 25 22 35 24 -23 -22 -20 -25 3 -15 15 -37 2 23 -18 12 14 24
2 -15 -14 -3 -8 -21 -2 9 30 1 -7 -12 -4 15 30 -26 -2 18 -1 -12 -27 -8 -22 1 -15 -15 26 -20 -7 -24 3 -18 18 3 -10 10 -20 -17 17 -9 12 24 7 2 -17 9 25 22 35 24 -23 -22 -20 -25 3 -15 15 -37 2 23 -18 12 14 24
2 -15 -14 -3 -8 -21 -2 9 30 1 -7 -12 -4 15 30 -26 -2 18 -1 -12 -27 -8 -22 1 -15 -15 26 -20 -7 -24 3 -18 18 3 -10 10 -20 -17 17 -9 12 24 7 2 -17 9 25 22 35 24 -23 -22 -20 -25 3 -15 15 -37 2 23 -18 12 14 24
2 -15 -14 -3 -8 -21 -2 9 30 1 -7 -12 -4 15 30 -26 -2 18 -1 -12 -27 -8 -22 1 -15 -15 26 -20 -7 -24 3 -18 18 3 -10 10 -20 -17 17 -9 12 24 7 2 -17 9 25 22 35 24 -23 -22 -20 -25 3 -15 15 -37 2 23 -18 12 14 24
2 -15 -14 -3 -8 -21 -2 9 30 1 -7 -12 -4 15 30 -26 -2 18 -1 -12 -27 -8 -22 1 -15 -15 26 -20 -7 -24 3 -18 18 3 -10 10 -20 -17 17 -9 12 24 7 2 -17 9 25 22 35 24 -23 -22 -20 -25 3 -15 15 -37 2 23 -18 12 14 24
2 -15 -14 -3 -8 -21 -2 9 30 1 -7 -12 -4 15 30 -26 -2 18 -1 -12 -27 -8 -22 1 -15 -15 26 -20 -7 -24 3 -18 18 3 -10 10 -20 -17 17 -9 12 24 7 2 -17 9 25 22 35 24 -23 -22 -20 -25 3 -15 15 -37 2 23 -18 12 14 24
2 -15 -14 -3 -8 -21 -2 9 30 1 -7 -12 -4 15 30 -26 -2 18 -1 -12 -27 -8 -22 1 -15 -15 26 -20 -7 -24 3 -18 18 3 -10 10 -20 -17 17 -9 12 24 7 2 -17 9 25 22 35 24 -23 -22 -20 -25 3 -15 15 -37 2 23 -18 12 14 24
2 -15 -14 -3 -8 -21 -2 9 30 1 -7 -12 -4 15 30 -26 -2 18 -1 -12 -27 -8 -22 1 -15 -15 26 -20 -7 -24 3 -18 18 3 -10 10 -20 -17 17 -9 12 24 7 2 -17 9 25 22 35 24 -23 -22 -20 -25 3 -15 15 -37 2 23 -18 12 14 24
2 -15 -14 -3 -8 -21 -2 9 30 1 -7 -12 -4 15 30 -26 -2 18 -1 -12 -27 -8 -22 1 -15 -15 26 -20 -7 -24 3 -18 18 3 -10 10 -20 -17 17 -9 12 24 7 2 -17 9 25 22 35 24 -23 -22 -20 -25 3 -15 15 -37 2 23 -18 12 14 24
2 -15 -14 -3 -8 -21 -2 9 30 1 -7 -12 -4 15 30 -26 -2 18 -1 -12 -27 -8 -22 1 -15 -15 26 -20 -7 -24 3 -18 18 3 -10 10 -20 -17 17 -9 12 24 7 2 -17 9 25 22 35 24 -23 -22 -20 -25 3 -15 15 -37 2 23 -18 12 14 24
2 -15 -14 -3 -8 -21 -2 9 30 1 -7 -12 -4 15 30 -26 -2 18 -1 -12 -27 -8 -22 1 -15 -15 26 -20 -7 -24 3 -18 18 3 -10 10 -20 -17 17 -9 12 24 7 2 -17 9 25 22 35 24 -23 -22 -20 -25 3 -15 15 -37 2 23 -18 12 14 24
2 -15 -14 -3 -8 -21 -2 9 30 1 -7 -12 -4 15 30 -26 -2 18 -1 -12 -27 -8 -22 1 -15 -15 26 -20 -7 -24 3 -18 18 3 -10 10 -20 -17 17 -9 12 24 7 2 -17 9 25 22 35 24 -23 -22 -20 -25 3 -15 15 -37 2 23 -18 12 14 24
2 -15 -14 -3 -8 -21 -2 9 30 1 -7 -12 -4 15 30 -26 -2 18 -1 -12 -27 -8 -22 1 -15 -15 26 -20 -7 -24 3 -18 18 3 -10 10 -20 -17 17 -9 12 24 7 2 -17 9 25 22 35 24 -23 -22 -20 -25 3 -15 15 -37 2 23 -18 12 14 24
2 -15 -14 -3 -8 -21 -2 9 30 1 -7 -12 -4 15 30 -26 -2 18 -1 -12 -27 -8 -22 1 -15 -15 26 -20 -7 -24 3 -18 18 3 -10 10 -20 -17 17 -9 12 24 7 2 -17 9 25 22 35 24 -23 -22 -20 -25 3 -15 15 -37 2 23 -18 12 14 24
2 -15 -14 -3 -8 -21 -2 9 30 1 -7 -12 -4 15 30 -26 -2 18 -1 -12 -27 -8 -22 1 -15 -15 26 -20 -7 -24 3 -18 18 3 -10 10 -20 -17 17 -9 12 24 7 2 -17 9 25 22 35 24 -23 -22 -20 -25 3 -15 15 -37 2 23 -18 12 14 24
2 -15 -14 -3 -8 -21 -2 9 30 1 -7 -12 -4 15 30 -26 -2 18 -1 -12 -27 -8 -22 1 -15 -15 26 -20 -7 -24 3 -18 18 3 -10 10 -20 -17 17 -9 12 24 7 2 -17 9 25 22 35 24 -23 -22 -20 -25 3 -15 15 -37 2 23 -18 12 14 24
2 -15 -14 -3 -8 -21 -2 9 30 1 -7 -12 -4 15 30 -26 -2 18 -1 -12 -27 -8 -22 1 -15 -15 26 -20 -7 -24 3 -18 18 3 -10 10 -20 -17 17 -9 12 24 7 2 -17 9 25 22 35 24 -23 -22 -20 -25 3 -15 15 -37 2 23 -18 12 14 24
2 -15 -14 -3 -8 -21 -2 9 30 1 -7 -12 -4 15 30 -26 -2 18 -1 -12 -27 -8 -22 1 -15 -15 26 -20 -7 -24 3 -18 18 3 -10 10 -20 -17 17 -9 12 24 7 2 -17 9 25 22 35 24 -23 -22 -20 -25 3 -15 15 -37 2 23 -18 12 14 24
2 -15 -14 -3 -8 -21 -2 9 30 1 -7 -12 -4 15 30 -26 -2 18 -1 -12 -27 -8 -22 1 -15 -15 26 -20 -7 -24 3 -18 18 3 -10 10 -20 -17 17 -9 12 24 7 2 -17 9 25 22 35 24 -23 -22 -20 -25 3 -15 15 -37 2 23 -18 12 14 24
2 -15 -14 -3 -8 -21 -2 9 30 1 -7 -12 -4 15 30 -26 -2 18 -1 -12 -27 -8 -22 1 -15 -15 26 -20 -7 -24 3 -18 18 3 -10 10 -20 -17 17 -9 12 24 7 2 -17 9 25 22 35 24 -23 -22 -20 -25 3 -15 15 -37 2 23 -18 12 14 24
2 -15 -14 -3 -8 -21 -2 9 30 1 -7 -12 -4 15 30 -26 -2 18 -1 -12 -27 -8 -22 1 -15 -15 26 -20 -7 -24 3 -18 18 3 -10 10 -20 -17 17 -9 12 24 7 2 -17 9 25 22 35 24 -23 -22 -20 -25 3 -15 15 -37 2 23 -18 12 14 24
2 -15 -14 -3 -8 -21 -2 9 30 1 -7 -12 -4 15 30 -26 -2 18 -1 -12 -27 -8 -22 1 -15 -15 26 -20 -7 -24 3 -18 18 3 -10 10 -20 -17 17 -9 12 24 7 2 -17 9 25 22 35 24 -23 -22 -20 -25 3 -15 15 -37 2 23 -18 12 14 24
2 -15 -14 -3 -8 -21 -2 9 30 1 -7 -12 -4 15 30 -26 -2 18 -1 -12 -27 -8 -22 1 -15 -15 26 -20 -7 -24 3 -18 18 3 -10 10 -20 -17 17 -9 12 24 7 2 -17 9 25 22 35 24 -23 -22 -20 -25 3 -15 15 -37 2 23 -18 12 14 24
2 -15 -14 -3 -8 -21 -2 9 30 1 -7 -12 -4 15 30 -26 -2 18 -1 -12 -27 -8 -22 1 -15 -15 26 -20 -7 -24 3 -18 18 3 -10 10 -20 -17 17 -9 12 24 7 2 -17 9 25 22 35 24 -23 -22 -20 -25 3 -15 15 -37 2 23 -18 12 14 24
2 -15 -14 -3 -8 -21 -2 9 30 1 -7 -12 -4 15 30 -26 -2 18 -1 -12 -27 -8 -22 1 -15 -15 26 -20 -7 -24 3 -18 18 3 -10 10 -20 -17 17 -9 12 24 7 2 -17 9 25 22 35 24 -23 -22 -20 -25 3 -15 15 -37 2 23 -18 12 14 24
2 -15 -14 -3 -8 -21 -2 9 30 1 -7 -12 -4 15 30 -26 -2 18 -1 -12 -27 -8 -22 1 -15 -15 26 -20 -7 -24 3 -18 18 3 -10 10 -20 -17 17 -9 12 24 7 2 -17 9 25 22 35 24 -23 -22 -20 -25 3 -15 15 -37 2 23 -18 12 14 24
2 -15 -14 -3 -8 -21 -2 9 30 1 -7 -12 -4 15 30 -26 -2 18 -1 -12 -27 -8 -22 1 -15 -15 26 -20 -7 -24 3 -18 18 3 -10 10 -20 -17 17 -9 12 24 7 2 -17 9 25 22 35 24 -23 -22 -20 -25 3 -15 15 -37 2 23 -18 12 14 24
2 -15 -14 -3 -8 -21 -2 9 30 1 -7 -12 -4 15 30 -26 -2 18 -1 -12 -27 -8 -22 1 -15 -15 26 -20 -7 -24 3 -18 18 3 -10 10 -20 -17 17 -9 12 24 7 2 -17 9 25 22 35 24 -23 -22 -20 -25 3 -15 15 -37 2 23 -18 12 14 24
2 -15 -14 -3 -8 -21 -2 9 30 1 -7 -12 -4 15 30 -26 -2 18 -1 -12 -27 -8 -22 1 -15 -15 26 -20 -7 -24 3 -18 18 3 -10 10 -20 -17 17 -9 12 24 7 2 -17 9 25 22 35 24 -23 -22 -20 -25 3 -15 15 -37 2 23 -18 12 14 24
2 -15 -14 -3 -8 -21 -2 9 30 1 -7 -12 -4 15 30 -26 -2 18 -1 -12 -27 -8 -22 1 -15 -15 26 -20 -7 -24 3 -18 18 3 -10 10 -20 -17 17 -9 12 24 7 2 -17 9 25 22 35 24 -23 -22 -20 -25 3 -15 15 -37 2 23 -18 12 14 24
2 -15 -14 -3 -8 -21 -2 9 30 1 -7 -12 -4 15 30 -26 -2 18 -1 -12 -27 -8 -22 1 -15 -15 26 -20 -7 -24 3 -18 18 3 -10 10 -20 -17 17 -9 12 24 7 2 -17 9 25 22 35 24 -23 -22 -20 -25 3 -15 15 -37 2 23 -18 12 14 24
2 -15 -14 -3 -8 -21 -2 9 30 1 -7 -12 -4 15 30 -26 -2 18 -1 -12 -27 -8 -22 1 -15 -15 26 -20 -7 -24 3 -18 18 3 -10 10 -20 -17 17 -9 12 24 7 2 -17 9 25 22 35 24 -23 -22 -20 -25 3 -15 15 -37 2 23 -18 12 14 24
2 -15 -14 -3 -8 -21 -2 9 30 1 -7 -12 -4 15 30 -26 -2 18 -1 -12 -27 -8 -22 1 -15 -15 26 -20 -7 -24 3 -18 18 3 -10 10 -20 -17 17 -9 12 24 7 2 -17 9 25 22 35 24 -23 -22 -20 -25 3 -15 15 -37 2 23 -18 12 14 24
2 -15 -14 -3 -8 -21 -2 9 30 1 -7 -12 -4 15 30 -26 -2 18 -1 -12 -27 -8 -22 1 -15 -15 26 -20 -7 -24 3 -18 18 3 -10 10 -20 -17 17 -9 12 24 7 2 -17 9 25 22 35 24 -23 -22 -20 -25 3 -15 15 -37 2 23 -18 12 14 24
2 -15 -14 -3 -8 -21 -2 9 30 1 -7 -12 -4 15 30 -26 -2 18 -1 -12 -27 -8 -22 1 -15 -15 26 -20 -7 -24 3 -18 18 3 -10 10 -20 -17 17 -9 12 24 7 2 -17 9 25 22 35 24 -23 -22 -20 -25 3 -15 15 -37 2 23 -18 12 14 24
2 -15 -14 -3 -8 -21 -2 9 30 1 -7 -12 -4 15 30 -26 -2 18 -1 -12 -27 -8 -22 1 -15 -15 26 -20 -7 -24 3 -18 18 3 -10 10 -20 -17 17 -9 12 24 7 2 -17 9 25 22 35 24 -23 -22 -20 -25 3 -15 15 -37 2 23 -18 12 14 24
2 -15 -14 -3 -8 -21 -2 9 30 1 -7 -12 -4 15 30 -26 -2 18 -1 -12 -27 -8 -22 1 -15 -15 26 -20 -7 -24 3 -18 18 3 -10 10 -20 -17 17 -9 12 24 7 2 -17 9 25 22 35 24 -23 -22 -20 -25 3 -15 15 -37 2 23 -18 12 14 24
2 -15 -14 -3 -8 -21 -2 9 30 1 -7 -12 -4 15 30 -26 -2 18 -1 -12 -27 -8 -22 1 -15 -15 26 -20 -7 -24 3 -18 18 3 -10 10 -20 -17 17 -9 12 24 7 2 -17 9 25 22 35 24 -23 -22 -20 -25 3 -15 15 -37 2 23 -18 12 14 24
2 -15 -14 -3 -8 -21 -2 9 30 1 -7 -12 -4 15 30 -26 -2 18 -1 -12 -27 -8 -22 1 -15 -15 26 -20 -7 -24 3 -18 18 3 -10 10 -20 -17 17 -9 12 24 7 2 -17 9 25 22 35 24 -23 -22 -20 -25 3 -15 15 -37 2 23 -18 12 14 24
2 -15 -14 -3 -8 -21 -2 9 30 1 -7 -12 -4 15 30 -26 -2 18 -1 -12 -27 -8 -22 1 -15 -15 26 -20 -7 -24 3 -18 18 3 -10 10 -20 -17 17 -9 12 24 7 2 -17 9 25 22 35 24 -23 -22 -20 -25 3 -15 15 -37 2 23 -18 12 14 24
2 -15 -14 -3 -8 -21 -2 9 30 1 -7 -12 -4 15 30 -26 -2 18 -1 -12 -27 -8 -22 1 -15 -15 26 -20 -7 -24 3 -18 18 3 -10 10 -20 -17 17 -9 12 24 7 2 -17 9 25 22 35 24 -23 -22 -20 -25 3 -15 15 -37 2 23 -18 12 14 24
2 -15 -14 -3 -8 -21 -2 9 30 1 -7 -12 -4 15 30 -26 -2 18 -1 -12 -27 -8 -22 1 -15 -15 26 -20 -7 -24 3 -18 18 3 -10 10 -20 -17 17 -9 12 24 7 2 -17 9 25 22 35 24 -23 -22 -20 -25 3 -15 15 -37 2 23 -18 12 14 24
2 -15 -14 -3 -8 -21 -2 9 30 1 -7 -12 -4 15 30 -26 -2 18 -1 -12 -27 -8 -22 1 -15 -15 26 -20 -7 -24 3 -18 18 3 -10 10 -20 -17 17 -9 12 24 7 2 -17 9 25 22 35 24 -23 -22 -20 -25 3 -15 15 -37 2 23 -18 12 14 24
2 -15 -14 -3 -8 -21 -2 9 30 1 -7 -12 -4 15 30 -26 -2 18 -1 -12 -27 -8 -22 1 -15 -15 26 -20 -7 -24 3 -18 18 3 -10 10 -20 -17 17 -9 12 24 7 2 -17 9 25 22 35 24 -23 -22 -20 -25 3 -15 15 -37 2 23 -18 12 14 24
2 -15 -14 -3 -8 -21 -2 9 30 1 -7 -12 -4 15 30 -26 -2 18 -1 -12 -27 -8 -22 1 -15 -15 26 -20 -7 -24 3 -18 18 3 -10 10 -20 -17 17 -9 12 24 7 2 -17 9 25 22 35 24 -23 -22 -20 -25 3 -15 15 -37 2 23 -18 12 14 24
2 -15 -14 -3 -8 -21 -2 9 30 1 -7 -12 -4 15 30 -26 -2 18 -1 -12 -27 -8 -22 1 -15 -15 26 -20 -7 -24 3 -18 18 3 -10 10 -20 -17 17 -9 12 24 7 2 -17 9 25 22 35 24 -23 -22 -20 -25 3 -15 15 -37 2 23 -18 12 14 24
2 -15 -14 -3 -8 -21 -2 9 30 1 -7 -12 -4 15 30 -26 -2 18 -1 -12 -27 -8 -22 1 -15 -15 26 -20 -7 -24 3 -18 18 3 -10 10 -20 -17 17 -9 12 24 7 2 -17 9 25 22 35 24 -23 -22 -20 -25 3 -15 15 -37 2 23 -18 12 14 24
2 -15 -14 -3 -8 -21 -2 9 30 1 -7 -12 -4 15 30 -26 -2 18 -1 -12 -27 -8 -22 1 -15 -15 26 -20 -7 -24 3 -18 18 3 -10 10 -20 -17 17 -9 12 24 7 2 -17 9 25 22 35 24 -23 -22 -20 -25 3 -15 15 -37 2 23 -18 12 14 24
2 -15 -14 -3 -8 -21 -2 9 30 1 -7 -12 -4 15 30 -26 -2 18 -1 -12 -27 -8 -22 1 -15 -15 26 -20 -7 -24 3 -18 18 3 -10 10 -20 -17 17 -9 12 24 7 2 -17 9 25 22 35 24 -23 -22 -20 -25 3 -15 15 -37 2 23 -18 12 14 24
2 -15 -14 -3 -8 -21 -2 9 30 1 -7 -12 -4 15 30 -26 -2 18 -1 -12 -27 -8 -22 1 -15 -15 26 -20 -7 -24 3 -18 18 3 -10 10 -20 -17 17 -9 12 24 7 2 -17 9 25 22 35 24 -23 -22 -20 -25 3 -15 15 -37 2 23 -18 12 14 24
2 -15 -14 -3 -8 -21 -2 9 30 1 -7 -12 -4 15 30 -26 -2 18 -1 -12 -27 -8 -22 1 -15 -15 26 -20 -7 -24 3 -18 18 3 -10 10 -20 -17 17 -9 12 24 7 2 -17 9 25 22 35 24 -23 -22 -20 -25 3 -15 15 -37 2 23 -18 12 14 24
2 -15 -14 -3 -8 -21 -2 9 30 1 -7 -12 -4 15 30 -26 -2 18 -1 -12 -27 -8 -22 1 -15 -15 26 -20 -7 -24 3 -18 18 3 -10 10 -20 -17 17 -9 12 24 7 2 -17 9 25 22 35 24 -23 -22 -20 -25 3 -15 15 -37 2 23 -18 12 14 24
2 -15 -14 -3 -8 -21 -2 9 30 1 -7 -12 -4 15 30 -26 -2 18 -1 -12 -27 -8 -22 1 -15 -15 26 -20 -7 -24 3 -18 18 3 -10 10 -20 -17 17 -9 12 24 7 2 -17 9 25 22 35 24 -23 -22 -20 -25 3 -15 15 -37 2 23 -18 12 14 24
2 -15 -14 -3 -8 -21 -2 9 30 1 -7 -12 -4 15 30 -26 -2 18 -1 -12 -27 -8 -22 1 -15 -15 26 -20 -7 -24 3 -18 18 3 -10 10 -20 -17 17 -9 12 24 7 2 -17 9 25 22 35 24 -23 -22 -20 -25 3 -15 15 -37 2 23 -18 12 14 24
2 -15 -14 -3 -8 -21 -2 9 30 1 -7 -12 -4 15 30 -26 -2 18 -1 -12 -27 -8 -22 1 -15 -15 26 -20 -7 -24 3 -18 18 3 -10 10 -20 -17 17 -9 12 24 7 2 -17 9 25 22 35 24 -23 -22 -20 -25 3 -15 15 -37 2 23 -18 12 14 24
2 -15 -14 -3 -8 -21 -2 9 30 1 -7 -12 -4 15 30 -26 -2 18 -1 -12 -27 -8 -22 1 -15 -15 26 -20 -7 -24 3 -18 18 3 -10 10 -20 -17 17 -9 12 24 7 2 -17 9 25 22 35 24 -23 -22 -20 -25 3 -15 15 -37 2 23 -18 12 14 24
2 -15 -14 -3 -8 -21 -2 9 30 1 -7 -12 -4 15 30 -26 -2 18 -1 -12 -27 -8 -22 1 -15 -15 26 -20 -7 -24 3 -18 18 3 -10 10 -20 -17 17 -9 12 24 7 2 -17 9 25 22 35 24 -23 -22 -20 -25 3 -15 15 -37 2 23 -18 12 14 24
2 -15 -14 -3 -8 -21 -2 9 30 1 -7 -12 -4 15 30 -26 -2 18 -1 -12 -27 -8 -22 1 -15 -15 26 -20 -7 -24 3 -18 18 3 -10 10 -20 -17 17 -9 12 24 7 2 -17 9 25 22 35 24 -23 -22 -20 -25 3 -15 15 -37 2 23 -18 12 14 24
2 -15 -14 -3 -8 -21 -2 9 30 1 -7 -12 -4 15 30 -26 -2 18 -1 -12 -27 -8 -22 1 -15 -15 26 -20 -7 -24 3 -18 18 3 -10 10 -20 -17 17 -9 12 24 7 2 -17 9 25 22 35 24 -23 -22 -20 -25 3 -15 15 -37 2 23 -18 12 14 24
2 -15 -14 -3 -8 -21 -2 9 30 1 -7 -12 -4 15 30 -26 -2 18 -1 -12 -27 -8 -22 1 -15 -15 26 -20 -7 -24 3 -18 18 3 -10 10 -20 -17 17 -9 12 24 7 2 -17 9 25 22 35 24 -23 -22 -20 -25 3 -15 15 -37 2 23 -18 12 14 24
2 -15 -14 -3 -8 -21 -2 9 30 1 -7 -12 -4 15 30 -26 -2 18 -1 -12 -27 -8 -22 1 -15 -15 26 -20 -7 -24 3 -18 18 3 -10 10 -20 -17 17 -9 12 24 7 2 -17 9 25 22 35 24 -23 -22 -20 -25 3 -15 15 -37 2 23 -18 12 14 24
