-23 10 -13 7 11 -26 -3 -10 -16 16 1 16 5 -25 -13 -8 18 -23 -35 3 1 -11 -17 -5 4 20 -1 -24 53 -15 14 42 20 16 -26 -22 -2 -2 46 -9 -26 -9 -13 14 -10 -11 4 0 5 -29 -12 -10 11 -2 -26 21 31 1 7 -5 -6 3 -5 -30
-12 18 -12 -5 20 -31 4 -18 -28 9 10 -3 9 -21 -23 -1 29 -11 -35 11 6 1 -29 -10 7 21 6 -35 55 -21 16 64 19 14 -27 -26 6 -1 44 -13 -24 -3 5 6 -14 -8 3 9 11 -37 4 -5 15 -11 -14 19 36 -3 8 -3 4 7 -11 -26
-4 13 -12 -8 22 -32 2 -8 -28 10 2 -9 -2 -15 -17 -3 26 -14 -33 10 6 -11 -23 -9 3 16 0 -28 53 -22 13 60 29 24 -17 -27 7 9 51 -6 -30 -8 4 -3 -7 -5 6 3 14 -38 -5 -12 18 -4 -15 28 35 -4 -1 1 -2 3 -10 -32
-5 16 -9 -5 16 -29 -3 -10 -25 10 5 -6 -3 -17 -16 4 20 -18 -34 8 4 -11 -24 -7 5 15 4 -32 56 -22 13 56 29 25 -19 -26 4 4 51 -8 -30 -8 2 2 -7 -2 6 7 6 -39 -6 -11 14 -2 -17 18 33 -7 -3 0 0 1 -5 -31
-4 8 -10 -4 20 -26 1 -14 -27 6 6 -6 -5 -18 -22 1 23 -13 -32 5 6 -4 -20 -13 -1 17 9 -28 63 -21 10 56 26 23 -22 -25 2 4 51 -12 -29 2 8 4 -10 -3 10 5 6 -40 1 -7 18 -2 -13 21 32 -6 3 -1 1 6 -8 -27
-5 14 -4 -4 22 -31 3 -13 -30 9 12 -7 0 -23 -22 2 22 -6 -34 9 1 -8 -25 -11 7 19 8 -37 52 -16 16 54 26 18 -25 -20 4 0 47 -10 -33 -9 6 4 -7 -1 15 4 8 -39 6 -9 17 -7 -11 21 36 -8 -5 -4 7 0 0 -31
-9 9 -13 -10 21 -33 7 -12 -34 7 11 -11 -1 -20 -25 3 23 -11 -36 12 9 -9 -22 -12 8 18 3 -36 52 -18 13 57 28 19 -32 -20 -5 -2 52 -9 -35 -9 8 9 -10 -2 7 6 14 -41 0 -18 15 -1 -13 27 31 -1 0 -4 0 -1 -8 -31
-5 14 -10 -3 27 -32 7 -9 -29 10 8 -7 2 -20 -19 2 27 -11 -36 10 1 -10 -24 -14 2 15 2 -41 54 -21 17 58 24 23 -26 -22 -3 -1 48 -11 -31 -5 5 4 -17 7 8 2 11 -42 -1 -4 13 -8 -18 25 37 -8 0 1 0 4 -3 -29
-2 15 -11 0 25 -26 3 -13 -34 8 6 -10 -6 -13 -20 4 25 -10 -37 9 1 -13 -18 -7 5 22 5 -35 45 -24 15 60 27 17 -28 -26 2 5 46 -9 -32 -10 4 6 -13 2 1 3 6 -35 0 -12 12 -8 -13 22 33 -4 8 1 0 5 -3 -30
-12 17 -19 6 24 -28 4 -12 -30 -3 15 -16 10 -14 -24 -1 27 -10 -37 4 1 -11 -27 -18 9 10 5 -28 36 -14 3 52 35 15 -23 -18 -5 6 26 -5 -22 -15 -2 6 -10 1 17 4 2 -19 10 -8 17 4 -18 37 29 -11 6 2 10 3 -11 -17
-8 15 -10 -7 21 -32 5 -13 -28 8 9 -5 -7 -18 -18 1 28 -21 -29 10 7 -9 -23 -7 6 17 5 -38 53 -24 14 56 26 22 -24 -30 4 5 52 -9 -34 -1 5 5 -10 -3 2 3 11 -37 -2 -14 13 -12 -14 21 34 0 7 -5 7 7 -8 -28
-6 14 -6 -6 22 -32 4 -14 -29 7 7 -6 -2 -13 -25 6 21 -11 -33 12 5 -12 -19 -1 6 17 4 -37 51 -22 12 62 24 21 -26 -24 9 1 52 -10 -32 -2 5 9 -12 -3 2 2 12 -33 5 -10 14 -4 -14 17 34 -4 1 -1 3 4 -6 -32
-5 18 -11 -8 23 -28 -2 -10 -23 9 6 -3 2 -18 -19 3 20 -11 -31 8 6 -8 -24 -4 9 23 6 -39 56 -23 10 56 26 21 -26 -26 4 3 47 -9 -32 -9 -3 2 -8 1 7 6 7 -38 0 -13 15 -6 -12 17 32 -8 2 -4 -2 5 -7 -32
-7 12 -16 -6 28 -30 -2 -12 -28 3 7 -5 1 -18 -24 -3 26 -9 -32 10 5 -7 -18 -10 4 17 8 -37 56 -21 13 58 32 15 -27 -26 2 5 48 -5 -30 -5 2 7 -3 -5 13 4 10 -40 4 -8 14 -7 -9 25 37 -10 2 1 1 1 -7 -32
-5 17 -12 -2 25 -27 -4 -7 -29 -4 12 -14 4 -10 -12 3 26 -13 -33 8 3 -10 -28 -2 8 15 2 -30 45 -22 8 58 28 21 -23 -27 -2 10 34 -11 -25 -10 -4 -5 -6 1 8 5 7 -29 5 -15 17 -4 -17 26 33 -13 -1 0 0 8 -7 -25
-7 10 -10 -3 22 -27 3 -11 -26 8 6 -1 1 -14 -20 2 24 -15 -36 12 4 -6 -22 -8 14 22 3 -40 50 -23 16 56 29 21 -23 -22 4 -1 45 -4 -24 -8 -1 2 -10 -1 4 3 5 -37 6 -8 14 -8 -12 16 31 -19 2 -3 2 3 -11 -31
-5 11 -14 -7 24 -27 1 -19 -22 0 12 -5 1 -19 -26 -1 19 -10 -30 11 4 -10 -26 -8 3 17 6 -39 57 -24 12 53 23 19 -28 -25 6 8 46 -10 -24 3 4 2 -8 -6 9 6 8 -38 4 -8 20 -7 -7 24 31 -1 1 -1 5 2 -9 -29
-5 19 -16 -8 25 -29 2 -11 -24 1 13 -9 4 -19 -12 3 23 -15 -31 12 6 -7 -23 -5 7 19 1 -29 53 -21 9 51 28 23 -26 -27 6 8 49 -5 -30 -5 -1 0 -11 -2 2 3 9 -41 4 -16 16 -4 -17 22 32 -2 0 -5 -3 -1 -11 -37
-3 16 -14 -9 24 -33 3 -10 -28 10 9 -1 -2 -12 -16 1 27 -14 -36 14 6 -7 -23 -3 6 17 0 -34 54 -18 12 56 26 19 -24 -25 3 7 51 -9 -26 -2 0 3 -7 -4 3 6 9 -36 5 -11 16 -5 -9 17 35 -10 7 -1 11 -2 -4 -36
-6 8 -15 -9 26 -31 2 -15 -21 9 5 -9 5 -17 -23 1 24 -7 -32 11 5 -13 -24 -1 0 24 2 -31 62 -18 12 56 31 17 -27 -25 7 0 54 -6 -31 -1 2 6 -11 -2 2 3 10 -40 3 -9 14 0 -12 20 31 -1 -3 0 -2 14 -9 -33
-6 8 -10 -4 25 -32 0 -13 -25 8 9 -7 0 -20 -13 0 24 -18 -28 11 5 -11 -18 -6 16 21 1 -32 63 -18 9 55 28 19 -23 -29 8 4 52 -9 -34 -7 1 6 -10 -3 4 5 7 -39 4 -10 16 -3 -12 21 31 -5 -5 -6 5 7 -7 -33
-1 17 -12 -2 22 -28 6 -15 -27 -5 10 -13 -5 -10 -16 3 27 -11 -27 10 0 -4 -28 -1 6 15 1 -31 50 -24 7 61 35 18 -29 -14 5 3 37 -11 -18 -12 -10 -3 -9 3 8 1 7 -21 1 -11 15 0 -21 23 27 -21 1 0 2 8 -7 -19
-11 9 -10 5 19 -30 -4 -11 -17 11 5 13 -6 -18 -8 -6 19 -33 -27 4 14 -8 -12 -1 9 19 -3 -19 65 -22 11 47 16 27 -22 -23 1 -6 58 -5 -24 -3 -2 4 -11 -5 6 4 0 -35 -7 -10 18 -2 -23 21 25 -6 -2 -5 -7 3 -4 -27
-12 13 -9 0 17 -25 5 -8 -25 5 10 -6 3 -20 -15 4 27 -13 -34 10 3 -7 -24 -9 2 11 -2 -34 46 -16 20 56 25 22 -26 -15 3 -5 39 -11 -22 -3 -2 -1 -10 2 4 5 6 -35 0 -3 9 -12 -17 26 37 -14 5 -4 3 0 -18 -33
-7 4 -12 -3 21 -26 11 -7 -22 -4 10 -13 -6 -8 -23 3 34 -16 -37 12 9 -15 -15 -13 6 7 -3 -30 43 -11 25 61 29 17 -21 -20 0 2 42 -11 -32 -11 -2 0 -19 1 1 11 7 -31 -5 -9 12 -5 -10 25 45 -13 6 -5 2 -3 -12 -27
-5 12 -16 -1 23 -27 -1 -11 -22 5 6 -6 3 -17 -9 3 28 -12 -35 8 4 -13 -19 -11 5 12 5 -25 51 -24 13 53 21 23 -18 -22 8 2 48 -7 -27 -4 -4 1 -11 -3 2 9 6 -34 0 -13 15 -5 -18 28 37 -9 2 -4 -3 5 -10 -31
-3 7 -9 -5 27 -29 4 -11 -24 5 6 -3 -5 -16 -18 4 25 -17 -31 12 12 -7 -26 -12 -1 20 0 -26 62 -19 10 59 30 21 -25 -24 2 3 57 -11 -27 -1 7 -1 -13 -4 6 1 9 -42 0 -13 12 -3 -15 22 42 -5 1 -5 1 4 -11 -28
-7 12 -7 -5 30 -27 3 -14 -29 9 9 -5 -1 -22 -21 4 22 -11 -31 12 -2 -11 -28 -7 1 21 3 -29 57 -18 6 57 25 18 -25 -26 -3 -1 53 -14 -33 -8 2 6 -14 -2 8 3 12 -42 5 -14 17 -4 -14 20 42 -9 -2 -4 6 -1 -5 -30
-5 16 -16 -5 28 -29 9 -11 -36 8 7 -2 3 -20 -24 -1 30 -12 -35 12 5 -12 -25 -7 1 23 5 -35 56 -17 12 59 32 21 -33 -23 1 5 54 -5 -34 -7 -2 8 -12 -7 7 -4 17 -42 4 -14 15 -2 -11 26 27 -7 7 -2 0 -4 -7 -31
-14 12 -15 -5 28 -27 5 -12 -32 7 13 -10 7 -20 -27 7 25 -3 -37 0 -2 -11 -26 -7 7 13 4 -35 45 -19 19 55 26 16 -29 -18 2 4 40 -9 -32 -10 -3 4 -12 1 8 3 14 -36 4 -4 16 -10 -17 21 39 -11 0 5 10 2 -2 -30
-9 8 -17 -5 23 -27 4 -12 -28 5 12 -4 2 -19 -19 3 26 -14 -33 10 4 -12 -15 -9 6 19 3 -32 51 -22 17 57 28 22 -29 -23 5 0 49 -10 -36 -13 2 4 -15 3 4 6 8 -40 1 -12 15 -6 -15 20 42 -9 1 -1 4 3 -5 -30
-8 4 -13 -9 20 -23 -1 -14 -35 4 8 -7 2 -21 -19 4 29 -18 -32 4 2 -15 -22 -12 3 19 8 -35 59 -25 11 52 25 22 -32 -24 6 -2 47 -12 -32 -3 1 3 -13 -2 3 5 8 -38 -2 -10 18 -8 -15 25 35 2 1 1 8 5 -3 -29
-7 10 -10 -4 22 -30 5 -12 -28 7 10 -3 -1 -18 -20 -2 28 -12 -32 9 4 -13 -18 -7 3 22 2 -30 51 -16 15 56 31 21 -27 -26 9 -4 51 -8 -28 -9 6 4 -13 -1 6 0 14 -37 3 -12 14 -5 -12 14 35 -7 0 0 5 3 -6 -31
-8 9 -15 -2 24 -32 -3 -14 -25 10 11 -4 4 -21 -18 3 28 -14 -31 12 2 -8 -23 -7 10 20 1 -37 59 -20 12 55 25 19 -26 -28 1 -4 48 -8 -30 -10 1 3 -10 3 4 5 11 -40 0 -9 14 -3 -16 17 39 -13 -3 2 5 4 -14 -27
-8 7 -13 -7 20 -26 2 -8 -26 7 9 1 1 -18 -22 3 25 -11 -31 5 7 -10 -28 -4 2 22 9 -35 56 -21 12 56 22 22 -25 -26 7 2 55 -11 -26 -3 3 6 -10 4 -1 2 11 -42 6 -9 11 -3 -9 17 34 -5 3 -2 4 3 -10 -35
-6 14 -12 -6 21 -21 0 -11 -26 6 8 -3 -1 -21 -13 6 24 -15 -34 9 5 -8 -22 -6 5 23 0 -29 51 -17 11 51 26 22 -25 -25 2 0 51 -10 -31 -13 -3 2 -8 -1 3 7 9 -36 2 -12 15 -5 -15 15 40 -10 5 -2 2 5 -10 -34
-7 5 -13 -7 28 -30 3 -8 -26 5 7 -6 1 -16 -22 2 29 -11 -28 9 9 -14 -24 -2 5 20 5 -29 54 -18 10 57 25 21 -23 -21 2 4 49 -10 -30 -5 2 4 -12 -2 2 4 11 -35 5 -12 14 -7 -8 20 37 -7 1 -4 5 7 -4 -34
-7 15 -17 -6 26 -29 1 -16 -25 5 3 -4 1 -15 -20 3 28 -7 -32 12 3 -10 -24 -4 6 23 0 -28 60 -16 10 58 28 12 -24 -26 5 -1 56 -5 -27 -10 0 -1 -14 0 -3 2 10 -35 2 -14 12 -2 -10 21 43 -7 1 -3 3 7 -8 -32
-6 8 -11 -12 25 -27 -1 -10 -28 9 8 -2 1 -16 -21 6 28 -15 -27 9 10 -11 -22 -9 10 23 6 -34 55 -17 6 53 28 19 -28 -24 8 4 50 -11 -27 -2 1 5 -9 3 7 1 6 -45 1 -11 13 -6 -10 21 35 -8 0 -5 3 3 -12 -31
-5 10 -21 -1 24 -21 -1 -15 -28 -1 14 -13 -2 -8 -19 6 29 -16 -28 6 3 -3 -25 -2 9 15 0 -35 50 -19 14 54 35 22 -33 -22 2 6 37 -13 -22 -4 -11 -3 -11 0 12 0 8 -23 0 -10 19 -5 -20 27 27 -19 2 -7 -2 10 -6 -24
-13 9 -13 7 16 -28 -6 -16 -14 11 6 14 -9 -20 -11 0 23 -31 -27 4 13 -11 -10 0 5 21 -1 -19 62 -21 11 44 20 27 -21 -21 4 -4 54 -7 -22 -4 -4 9 -9 -4 5 3 3 -34 -7 -13 13 -2 -19 20 20 -5 0 -9 -5 2 -5 -29
-10 15 -3 -7 13 -22 13 -8 -31 5 5 -9 -1 -16 -17 -5 22 -18 -36 9 3 -3 -21 -4 6 8 -3 -32 41 -22 15 54 21 13 -27 -18 0 5 27 -19 -22 -14 -6 -3 -21 -1 12 13 5 -38 -1 -13 10 -2 -17 18 19 -13 17 -7 -8 -1 -6 -26
-10 15 -3 -7 13 -22 13 -8 -31 5 5 -9 -1 -16 -17 -5 22 -18 -36 9 3 -3 -21 -4 6 8 -3 -32 41 -22 15 54 21 13 -27 -18 0 5 27 -19 -22 -14 -6 -3 -21 -1 12 13 5 -38 -1 -13 10 -2 -17 18 19 -13 17 -7 -8 -1 -6 -26
-10 15 -3 -7 13 -22 13 -8 -31 5 5 -9 -1 -16 -17 -5 22 -18 -36 9 3 -3 -21 -4 6 8 -3 -32 41 -22 15 54 21 13 -27 -18 0 5 27 -19 -22 -14 -6 -3 -21 -1 12 13 5 -38 -1 -13 10 -2 -17 18 19 -13 17 -7 -8 -1 -6 -26
-10 15 -3 -7 13 -22 13 -8 -31 5 5 -9 -1 -16 -17 -5 22 -18 -36 9 3 -3 -21 -4 6 8 -3 -32 41 -22 15 54 21 13 -27 -18 0 5 27 -19 -22 -14 -6 -3 -21 -1 12 13 5 -38 -1 -13 10 -2 -17 18 19 -13 17 -7 -8 -1 -6 -26
-10 15 -3 -7 13 -22 13 -8 -31 5 5 -9 -1 -16 -17 -5 22 -18 -36 9 3 -3 -21 -4 6 8 -3 -32 41 -22 15 54 21 13 -27 -18 0 5 27 -19 -22 -14 -6 -3 -21 -1 12 13 5 -38 -1 -13 10 -2 -17 18 19 -13 17 -7 -8 -1 -6 -26
-10 15 -3 -7 13 -22 13 -8 -31 5 5 -9 -1 -16 -17 -5 22 -18 -36 9 3 -3 -21 -4 6 8 -3 -32 41 -22 15 54 21 13 -27 -18 0 5 27 -19 -22 -14 -6 -3 -21 -1 12 13 5 -38 -1 -13 10 -2 -17 18 19 -13 17 -7 -8 -1 -6 -26
-10 15 -3 -7 13 -22 13 -8 -31 5 5 -9 -1 -16 -17 -5 22 -18 -36 9 3 -3 -21 -4 6 8 -3 -32 41 -22 15 54 21 13 -27 -18 0 5 27 -19 -22 -14 -6 -3 -21 -1 12 13 5 -38 -1 -13 10 -2 -17 18 19 -13 17 -7 -8 -1 -6 -26
-10 15 -3 -7 13 -22 13 -8 -31 5 5 -9 -1 -16 -17 -5 22 -18 -36 9 3 -3 -21 -4 6 8 -3 -32 41 -22 15 54 21 13 -27 -18 0 5 27 -19 -22 -14 -6 -3 -21 -1 12 13 5 -38 -1 -13 10 -2 -17 18 19 -13 17 -7 -8 -1 -6 -26
-10 15 -3 -7 13 -22 13 -8 -31 5 5 -9 -1 -16 -17 -5 22 -18 -36 9 3 -3 -21 -4 6 8 -3 -32 41 -22 15 54 21 13 -27 -18 0 5 27 -19 -22 -14 -6 -3 -21 -1 12 13 5 -38 -1 -13 10 -2 -17 18 19 -13 17 -7 -8 -1 -6 -26
-10 15 -3 -7 13 -22 13 -8 -31 5 5 -9 -1 -16 -17 -5 22 -18 -36 9 3 -3 -21 -4 6 8 -3 -32 41 -22 15 54 21 13 -27 -18 0 5 27 -19 -22 -14 -6 -3 -21 -1 12 13 5 -38 -1 -13 10 -2 -17 18 19 -13 17 -7 -8 -1 -6 -26
-10 15 -3 -7 13 -22 13 -8 -31 5 5 -9 -1 -16 -17 -5 22 -18 -36 9 3 -3 -21 -4 6 8 -3 -32 41 -22 15 54 21 13 -27 -18 0 5 27 -19 -22 -14 -6 -3 -21 -1 12 13 5 -38 -1 -13 10 -2 -17 18 19 -13 17 -7 -8 -1 -6 -26
-10 15 -3 -7 13 -22 13 -8 -31 5 5 -9 -1 -16 -17 -5 22 -18 -36 9 3 -3 -21 -4 6 8 -3 -32 41 -22 15 54 21 13 -27 -18 0 5 27 -19 -22 -14 -6 -3 -21 -1 12 13 5 -38 -1 -13 10 -2 -17 18 19 -13 17 -7 -8 -1 -6 -26
-10 15 -3 -7 13 -22 13 -8 -31 5 5 -9 -1 -16 -17 -5 22 -18 -36 9 3 -3 -21 -4 6 8 -3 -32 41 -22 15 54 21 13 -27 -18 0 5 27 -19 -22 -14 -6 -3 -21 -1 12 13 5 -38 -1 -13 10 -2 -17 18 19 -13 17 -7 -8 -1 -6 -26
-10 15 -3 -7 13 -22 13 -8 -31 5 5 -9 -1 -16 -17 -5 22 -18 -36 9 3 -3 -21 -4 6 8 -3 -32 41 -22 15 54 21 13 -27 -18 0 5 27 -19 -22 -14 -6 -3 -21 -1 12 13 5 -38 -1 -13 10 -2 -17 18 19 -13 17 -7 -8 -1 -6 -26
-10 15 -3 -7 13 -22 13 -8 -31 5 5 -9 -1 -16 -17 -5 22 -18 -36 9 3 -3 -21 -4 6 8 -3 -32 41 -22 15 54 21 13 -27 -18 0 5 27 -19 -22 -14 -6 -3 -21 -1 12 13 5 -38 -1 -13 10 -2 -17 18 19 -13 17 -7 -8 -1 -6 -26
-10 15 -3 -7 13 -22 13 -8 -31 5 5 -9 -1 -16 -17 -5 22 -18 -36 9 3 -3 -21 -4 6 8 -3 -32 41 -22 15 54 21 13 -27 -18 0 5 27 -19 -22 -14 -6 -3 -21 -1 12 13 5 -38 -1 -13 10 -2 -17 18 19 -13 17 -7 -8 -1 -6 -26
-10 15 -3 -7 13 -22 13 -8 -31 5 5 -9 -1 -16 -17 -5 22 -18 -36 9 3 -3 -21 -4 6 8 -3 -32 41 -22 15 54 21 13 -27 -18 0 5 27 -19 -22 -14 -6 -3 -21 -1 12 13 5 -38 -1 -13 10 -2 -17 18 19 -13 17 -7 -8 -1 -6 -26
-10 15 -3 -7 13 -22 13 -8 -31 5 5 -9 -1 -16 -17 -5 22 -18 -36 9 3 -3 -21 -4 6 8 -3 -32 41 -22 15 54 21 13 -27 -18 0 5 27 -19 -22 -14 -6 -3 -21 -1 12 13 5 -38 -1 -13 10 -2 -17 18 19 -13 17 -7 -8 -1 -6 -26
-10 15 -3 -7 13 -22 13 -8 -31 5 5 -9 -1 -16 -17 -5 22 -18 -36 9 3 -3 -21 -4 6 8 -3 -32 41 -22 15 54 21 13 -27 -18 0 5 27 -19 -22 -14 -6 -3 -21 -1 12 13 5 -38 -1 -13 10 -2 -17 18 19 -13 17 -7 -8 -1 -6 -26
-10 15 -3 -7 13 -22 13 -8 -31 5 5 -9 -1 -16 -17 -5 22 -18 -36 9 3 -3 -21 -4 6 8 -3 -32 41 -22 15 54 21 13 -27 -18 0 5 27 -19 -22 -14 -6 -3 -21 -1 12 13 5 -38 -1 -13 10 -2 -17 18 19 -13 17 -7 -8 -1 -6 -26
-10 15 -3 -7 13 -22 13 -8 -31 5 5 -9 -1 -16 -17 -5 22 -18 -36 9 3 -3 -21 -4 6 8 -3 -32 41 -22 15 54 21 13 -27 -18 0 5 27 -19 -22 -14 -6 -3 -21 -1 12 13 5 -38 -1 -13 10 -2 -17 18 19 -13 17 -7 -8 -1 -6 -26
-10 15 -3 -7 13 -22 13 -8 -31 5 5 -9 -1 -16 -17 -5 22 -18 -36 9 3 -3 -21 -4 6 8 -3 -32 41 -22 15 54 21 13 -27 -18 0 5 27 -19 -22 -14 -6 -3 -21 -1 12 13 5 -38 -1 -13 10 -2 -17 18 19 -13 17 -7 -8 -1 -6 -26
-10 15 -3 -7 13 -22 13 -8 -31 5 5 -9 -1 -16 -17 -5 22 -18 -36 9 3 -3 -21 -4 6 8 -3 -32 41 -22 15 54 21 13 -27 -18 0 5 27 -19 -22 -14 -6 -3 -21 -1 12 13 5 -38 -1 -13 10 -2 -17 18 19 -13 17 -7 -8 -1 -6 -26
-10 15 -3 -7 13 -22 13 -8 -31 5 5 -9 -1 -16 -17 -5 22 -18 -36 9 3 -3 -21 -4 6 8 -3 -32 41 -22 15 54 21 13 -27 -18 0 5 27 -19 -22 -14 -6 -3 -21 -1 12 13 5 -38 -1 -13 10 -2 -17 18 19 -13 17 -7 -8 -1 -6 -26
-10 15 -3 -7 13 -22 13 -8 -31 5 5 -9 -1 -16 -17 -5 22 -18 -36 9 3 -3 -21 -4 6 8 -3 -32 41 -22 15 54 21 13 -27 -18 0 5 27 -19 -22 -14 -6 -3 -21 -1 12 13 5 -38 -1 -13 10 -2 -17 18 19 -13 17 -7 -8 -1 -6 -26
-10 15 -3 -7 13 -22 13 -8 -31 5 5 -9 -1 -16 -17 -5 22 -18 -36 9 3 -3 -21 -4 6 8 -3 -32 41 -22 15 54 21 13 -27 -18 0 5 27 -19 -22 -14 -6 -3 -21 -1 12 13 5 -38 -1 -13 10 -2 -17 18 19 -13 17 -7 -8 -1 -6 -26
-10 15 -3 -7 13 -22 13 -8 -31 5 5 -9 -1 -16 -17 -5 22 -18 -36 9 3 -3 -21 -4 6 8 -3 -32 41 -22 15 54 21 13 -27 -18 0 5 27 -19 -22 -14 -6 -3 -21 -1 12 13 5 -38 -1 -13 10 -2 -17 18 19 -13 17 -7 -8 -1 -6 -26
-10 15 -3 -7 13 -22 13 -8 -31 5 5 -9 -1 -16 -17 -5 22 -18 -36 9 3 -3 -21 -4 6 8 -3 -32 41 -22 15 54 21 13 -27 -18 0 5 27 -19 -22 -14 -6 -3 -21 -1 12 13 5 -38 -1 -13 10 -2 -17 18 19 -13 17 -7 -8 -1 -6 -26
-10 15 -3 -7 13 -22 13 -8 -31 5 5 -9 -1 -16 -17 -5 22 -18 -36 9 3 -3 -21 -4 6 8 -3 -32 41 -22 15 54 21 13 -27 -18 0 5 27 -19 -22 -14 -6 -3 -21 -1 12 13 5 -38 -1 -13 10 -2 -17 18 19 -13 17 -7 -8 -1 -6 -26
-10 15 -3 -7 13 -22 13 -8 -31 5 5 -9 -1 -16 -17 -5 22 -18 -36 9 3 -3 -21 -4 6 8 -3 -32 41 -22 15 54 21 13 -27 -18 0 5 27 -19 -22 -14 -6 -3 -21 -1 12 13 5 -38 -1 -13 10 -2 -17 18 19 -13 17 -7 -8 -1 -6 -26
-10 15 -3 -7 13 -22 13 -8 -31 5 5 -9 -1 -16 -17 -5 22 -18 -36 9 3 -3 -21 -4 6 8 -3 -32 41 -22 15 54 21 13 -27 -18 0 5 27 -19 -22 -14 -6 -3 -21 -1 12 13 5 -38 -1 -13 10 -2 -17 18 19 -13 17 -7 -8 -1 -6 -26
-10 15 -3 -7 13 -22 13 -8 -31 5 5 -9 -1 -16 -17 -5 22 -18 -36 9 3 -3 -21 -4 6 8 -3 -32 41 -22 15 54 21 13 -27 -18 0 5 27 -19 -22 -14 -6 -3 -21 -1 12 13 5 -38 -1 -13 10 -2 -17 18 19 -13 17 -7 -8 -1 -6 -26
-10 15 -3 -7 13 -22 13 -8 -31 5 5 -9 -1 -16 -17 -5 22 -18 -36 9 3 -3 -21 -4 6 8 -3 -32 41 -22 15 54 21 13 -27 -18 0 5 27 -19 -22 -14 -6 -3 -21 -1 12 13 5 -38 -1 -13 10 -2 -17 18 19 -13 17 -7 -8 -1 -6 -26
-10 15 -3 -7 13 -22 13 -8 -31 5 5 -9 -1 -16 -17 -5 22 -18 -36 9 3 -3 -21 -4 6 8 -3 -32 41 -22 15 54 21 13 -27 -18 0 5 27 -19 -22 -14 -6 -3 -21 -1 12 13 5 -38 -1 -13 10 -2 -17 18 19 -13 17 -7 -8 -1 -6 -26
-10 15 -3 -7 13 -22 13 -8 -31 5 5 -9 -1 -16 -17 -5 22 -18 -36 9 3 -3 -21 -4 6 8 -3 -32 41 -22 15 54 21 13 -27 -18 0 5 27 -19 -22 -14 -6 -3 -21 -1 12 13 5 -38 -1 -13 10 -2 -17 18 19 -13 17 -7 -8 -1 -6 -26
-10 15 -3 -7 13 -22 13 -8 -31 5 5 -9 -1 -16 -17 -5 22 -18 -36 9 3 -3 -21 -4 6 8 -3 -32 41 -22 15 54 21 13 -27 -18 0 5 27 -19 -22 -14 -6 -3 -21 -1 12 13 5 -38 -1 -13 10 -2 -17 18 19 -13 17 -7 -8 -1 -6 -26
-10 15 -3 -7 13 -22 13 -8 -31 5 5 -9 -1 -16 -17 -5 22 -18 -36 9 3 -3 -21 -4 6 8 -3 -32 41 -22 15 54 21 13 -27 -18 0 5 27 -19 -22 -14 -6 -3 -21 -1 12 13 5 -38 -1 -13 10 -2 -17 18 19 -13 17 -7 -8 -1 -6 -26
-10 15 -3 -7 13 -22 13 -8 -31 5 5 -9 -1 -16 -17 -5 22 -18 -36 9 3 -3 -21 -4 6 8 -3 -32 41 -22 15 54 21 13 -27 -18 0 5 27 -19 -22 -14 -6 -3 -21 -1 12 13 5 -38 -1 -13 10 -2 -17 18 19 -13 17 -7 -8 -1 -6 -26
-10 15 -3 -7 13 -22 13 -8 -31 5 5 -9 -1 -16 -17 -5 22 -18 -36 9 3 -3 -21 -4 6 8 -3 -32 41 -22 15 54 21 13 -27 -18 0 5 27 -19 -22 -14 -6 -3 -21 -1 12 13 5 -38 -1 -13 10 -2 -17 18 19 -13 17 -7 -8 -1 -6 -26
-10 15 -3 -7 13 -22 13 -8 -31 5 5 -9 -1 -16 -17 -5 22 -18 -36 9 3 -3 -21 -4 6 8 -3 -32 41 -22 15 54 21 13 -27 -18 0 5 27 -19 -22 -14 -6 -3 -21 -1 12 13 5 -38 -1 -13 10 -2 -17 18 19 -13 17 -7 -8 -1 -6 -26
-10 15 -3 -7 13 -22 13 -8 -31 5 5 -9 -1 -16 -17 -5 22 -18 -36 9 3 -3 -21 -4 6 8 -3 -32 41 -22 15 54 21 13 -27 -18 0 5 27 -19 -22 -14 -6 -3 -21 -1 12 13 5 -38 -1 -13 10 -2 -17 18 19 -13 17 -7 -8 -1 -6 -26
-10 15 -3 -7 13 -22 13 -8 -31 5 5 -9 -1 -16 -17 -5 22 -18 -36 9 3 -3 -21 -4 6 8 -3 -32 41 -22 15 54 21 13 -27 -18 0 5 27 -19 -22 -14 -6 -3 -21 -1 12 13 5 -38 -1 -13 10 -2 -17 18 19 -13 17 -7 -8 -1 -6 -26
-10 15 -3 -7 13 -22 13 -8 -31 5 5 -9 -1 -16 -17 -5 22 -18 -36 9 3 -3 -21 -4 6 8 -3 -32 41 -22 15 54 21 13 -27 -18 0 5 27 -19 -22 -14 -6 -3 -21 -1 12 13 5 -38 -1 -13 10 -2 -17 18 19 -13 17 -7 -8 -1 -6 -26
-10 15 -3 -7 13 -22 13 -8 -31 5 5 -9 -1 -16 -17 -5 22 -18 -36 9 3 -3 -21 -4 6 8 -3 -32 41 -22 15 54 21 13 -27 -18 0 5 27 -19 -22 -14 -6 -3 -21 -1 12 13 5 -38 -1 -13 10 -2 -17 18 19 -13 17 -7 -8 -1 -6 -26
-10 15 -3 -7 13 -22 13 -8 -31 5 5 -9 -1 -16 -17 -5 22 -18 -36 9 3 -3 -21 -4 6 8 -3 -32 41 -22 15 54 21 13 -27 -18 0 5 27 -19 -22 -14 -6 -3 -21 -1 12 13 5 -38 -1 -13 10 -2 -17 18 19 -13 17 -7 -8 -1 -6 -26
-10 15 -3 -7 13 -22 13 -8 -31 5 5 -9 -1 -16 -17 -5 22 -18 -36 9 3 -3 -21 -4 6 8 -3 -32 41 -22 15 54 21 13 -27 -18 0 5 27 -19 -22 -14 -6 -3 -21 -1 12 13 5 -38 -1 -13 10 -2 -17 18 19 -13 17 -7 -8 -1 -6 -26
-10 15 -3 -7 13 -22 13 -8 -31 5 5 -9 -1 -16 -17 -5 22 -18 -36 9 3 -3 -21 -4 6 8 -3 -32 41 -22 15 54 21 13 -27 -18 0 5 27 -19 -22 -14 -6 -3 -21 -1 12 13 5 -38 -1 -13 10 -2 -17 18 19 -13 17 -7 -8 -1 -6 -26
-10 15 -3 -7 13 -22 13 -8 -31 5 5 -9 -1 -16 -17 -5 22 -18 -36 9 3 -3 -21 -4 6 8 -3 -32 41 -22 15 54 21 13 -27 -18 0 5 27 -19 -22 -14 -6 -3 -21 -1 12 13 5 -38 -1 -13 10 -2 -17 18 19 -13 17 -7 -8 -1 -6 -26
-10 15 -3 -7 13 -22 13 -8 -31 5 5 -9 -1 -16 -17 -5 22 -18 -36 9 3 -3 -21 -4 6 8 -3 -32 41 -22 15 54 21 13 -27 -18 0 5 27 -19 -22 -14 -6 -3 -21 -1 12 13 5 -38 -1 -13 10 -2 -17 18 19 -13 17 -7 -8 -1 -6 -26
-10 15 -3 -7 13 -22 13 -8 -31 5 5 -9 -1 -16 -17 -5 22 -18 -36 9 3 -3 -21 -4 6 8 -3 -32 41 -22 15 54 21 13 -27 -18 0 5 27 -19 -22 -14 -6 -3 -21 -1 12 13 5 -38 -1 -13 10 -2 -17 18 19 -13 17 -7 -8 -1 -6 -26
-10 15 -3 -7 13 -22 13 -8 -31 5 5 -9 -1 -16 -17 -5 22 -18 -36 9 3 -3 -21 -4 6 8 -3 -32 41 -22 15 54 21 13 -27 -18 0 5 27 -19 -22 -14 -6 -3 -21 -1 12 13 5 -38 -1 -13 10 -2 -17 18 19 -13 17 -7 -8 -1 -6 -26
-10 15 -3 -7 13 -22 13 -8 -31 5 5 -9 -1 -16 -17 -5 22 -18 -36 9 3 -3 -21 -4 6 8 -3 -32 41 -22 15 54 21 13 -27 -18 0 5 27 -19 -22 -14 -6 -3 -21 -1 12 13 5 -38 -1 -13 10 -2 -17 18 19 -13 17 -7 -8 -1 -6 -26
-10 15 -3 -7 13 -22 13 -8 -31 5 5 -9 -1 -16 -17 -5 22 -18 -36 9 3 -3 -21 -4 6 8 -3 -32 41 -22 15 54 21 13 -27 -18 0 5 27 -19 -22 -14 -6 -3 -21 -1 12 13 5 -38 -1 -13 10 -2 -17 18 19 -13 17 -7 -8 -1 -6 -26
-10 15 -3 -7 13 -22 13 -8 -31 5 5 -9 -1 -16 -17 -5 22 -18 -36 9 3 -3 -21 -4 6 8 -3 -32 41 -22 15 54 21 13 -27 -18 0 5 27 -19 -22 -14 -6 -3 -21 -1 12 13 5 -38 -1 -13 10 -2 -17 18 19 -13 17 -7 -8 -1 -6 -26
-10 15 -3 -7 13 -22 13 -8 -31 5 5 -9 -1 -16 -17 -5 22 -18 -36 9 3 -3 -21 -4 6 8 -3 -32 41 -22 15 54 21 13 -27 -18 0 5 27 -19 -22 -14 -6 -3 -21 -1 12 13 5 -38 -1 -13 10 -2 -17 18 19 -13 17 -7 -8 -1 -6 -26
-10 15 -3 -7 13 -22 13 -8 -31 5 5 -9 -1 -16 -17 -5 22 -18 -36 9 3 -3 -21 -4 6 8 -3 -32 41 -22 15 54 21 13 -27 -18 0 5 27 -19 -22 -14 -6 -3 -21 -1 12 13 5 -38 -1 -13 10 -2 -17 18 19 -13 17 -7 -8 -1 -6 -26
-10 15 -3 -7 13 -22 13 -8 -31 5 5 -9 -1 -16 -17 -5 22 -18 -36 9 3 -3 -21 -4 6 8 -3 -32 41 -22 15 54 21 13 -27 -18 0 5 27 -19 -22 -14 -6 -3 -21 -1 12 13 5 -38 -1 -13 10 -2 -17 18 19 -13 17 -7 -8 -1 -6 -26
-10 15 -3 -7 13 -22 13 -8 -31 5 5 -9 -1 -16 -17 -5 22 -18 -36 9 3 -3 -21 -4 6 8 -3 -32 41 -22 15 54 21 13 -27 -18 0 5 27 -19 -22 -14 -6 -3 -21 -1 12 13 5 -38 -1 -13 10 -2 -17 18 19 -13 17 -7 -8 -1 -6 -26
-10 15 -3 -7 13 -22 13 -8 -31 5 5 -9 -1 -16 -17 -5 22 -18 -36 9 3 -3 -21 -4 6 8 -3 -32 41 -22 15 54 21 13 -27 -18 0 5 27 -19 -22 -14 -6 -3 -21 -1 12 13 5 -38 -1 -13 10 -2 -17 18 19 -13 17 -7 -8 -1 -6 -26
-10 15 -3 -7 13 -22 13 -8 -31 5 5 -9 -1 -16 -17 -5 22 -18 -36 9 3 -3 -21 -4 6 8 -3 -32 41 -22 15 54 21 13 -27 -18 0 5 27 -19 -22 -14 -6 -3 -21 -1 12 13 5 -38 -1 -13 10 -2 -17 18 19 -13 17 -7 -8 -1 -6 -26
-10 15 -3 -7 13 -22 13 -8 -31 5 5 -9 -1 -16 -17 -5 22 -18 -36 9 3 -3 -21 -4 6 8 -3 -32 41 -22 15 54 21 13 -27 -18 0 5 27 -19 -22 -14 -6 -3 -21 -1 12 13 5 -38 -1 -13 10 -2 -17 18 19 -13 17 -7 -8 -1 -6 -26
-10 15 -3 -7 13 -22 13 -8 -31 5 5 -9 -1 -16 -17 -5 22 -18 -36 9 3 -3 -21 -4 6 8 -3 -32 41 -22 15 54 21 13 -27 -18 0 5 27 -19 -22 -14 -6 -3 -21 -1 12 13 5 -38 -1 -13 10 -2 -17 18 19 -13 17 -7 -8 -1 -6 -26
-10 15 -3 -7 13 -22 13 -8 -31 5 5 -9 -1 -16 -17 -5 22 -18 -36 9 3 -3 -21 -4 6 8 -3 -32 41 -22 15 54 21 13 -27 -18 0 5 27 -19 -22 -14 -6 -3 -21 -1 12 13 5 -38 -1 -13 10 -2 -17 18 19 -13 17 -7 -8 -1 -6 -26
-10 15 -3 -7 13 -22 13 -8 -31 5 5 -9 -1 -16 -17 -5 22 -18 -36 9 3 -3 -21 -4 6 8 -3 -32 41 -22 15 54 21 13 -27 -18 0 5 27 -19 -22 -14 -6 -3 -21 -1 12 13 5 -38 -1 -13 10 -2 -17 18 19 -13 17 -7 -8 -1 -6 -26
-10 15 -3 -7 13 -22 13 -8 -31 5 5 -9 -1 -16 -17 -5 22 -18 -36 9 3 -3 -21 -4 6 8 -3 -32 41 -22 15 54 21 13 -27 -18 0 5 27 -19 -22 -14 -6 -3 -21 -1 12 13 5 -38 -1 -13 10 -2 -17 18 19 -13 17 -7 -8 -1 -6 -26
-10 15 -3 -7 13 -22 13 -8 -31 5 5 -9 -1 -16 -17 -5 22 -18 -36 9 3 -3 -21 -4 6 8 -3 -32 41 -22 15 54 21 13 -27 -18 0 5 27 -19 -22 -14 -6 -3 -21 -1 12 13 5 -38 -1 -13 10 -2 -17 18 19 -13 17 -7 -8 -1 -6 -26
-10 15 -3 -7 13 -22 13 -8 -31 5 5 -9 -1 -16 -17 -5 22 -18 -36 9 3 -3 -21 -4 6 8 -3 -32 41 -22 15 54 21 13 -27 -18 0 5 27 -19 -22 -14 -6 -3 -21 -1 12 13 5 -38 -1 -13 10 -2 -17 18 19 -13 17 -7 -8 -1 -6 -26
-10 15 -3 -7 13 -22 13 -8 -31 5 5 -9 -1 -16 -17 -5 22 -18 -36 9 3 -3 -21 -4 6 8 -3 -32 41 -22 15 54 21 13 -27 -18 0 5 27 -19 -22 -14 -6 -3 -21 -1 12 13 5 -38 -1 -13 10 -2 -17 18 19 -13 17 -7 -8 -1 -6 -26
-10 15 -3 -7 13 -22 13 -8 -31 5 5 -9 -1 -16 -17 -5 22 -18 -36 9 3 -3 -21 -4 6 8 -3 -32 41 -22 15 54 21 13 -27 -18 0 5 27 -19 -22 -14 -6 -3 -21 -1 12 13 5 -38 -1 -13 10 -2 -17 18 19 -13 17 -7 -8 -1 -6 -26
-10 15 -3 -7 13 -22 13 -8 -31 5 5 -9 -1 -16 -17 -5 22 -18 -36 9 3 -3 -21 -4 6 8 -3 -32 41 -22 15 54 21 13 -27 -18 0 5 27 -19 -22 -14 -6 -3 -21 -1 12 13 5 -38 -1 -13 10 -2 -17 18 19 -13 17 -7 -8 -1 -6 -26
-10 15 -3 -7 13 -22 13 -8 -31 5 5 -9 -1 -16 -17 -5 22 -18 -36 9 3 -3 -21 -4 6 8 -3 -32 41 -22 15 54 21 13 -27 -18 0 5 27 -19 -22 -14 -6 -3 -21 -1 12 13 5 -38 -1 -13 10 -2 -17 18 19 -13 17 -7 -8 -1 -6 -26
-10 15 -3 -7 13 -22 13 -8 -31 5 5 -9 -1 -16 -17 -5 22 -18 -36 9 3 -3 -21 -4 6 8 -3 -32 41 -22 15 54 21 13 -27 -18 0 5 27 -19 -22 -14 -6 -3 -21 -1 12 13 5 -38 -1 -13 10 -2 -17 18 19 -13 17 -7 -8 -1 -6 -26
-10 15 -3 -7 13 -22 13 -8 -31 5 5 -9 -1 -16 -17 -5 22 -18 -36 9 3 -3 -21 -4 6 8 -3 -32 41 -22 15 54 21 13 -27 -18 0 5 27 -19 -22 -14 -6 -3 -21 -1 12 13 5 -38 -1 -13 10 -2 -17 18 19 -13 17 -7 -8 -1 -6 -26
-10 15 -3 -7 13 -22 13 -8 -31 5 5 -9 -1 -16 -17 -5 22 -18 -36 9 3 -3 -21 -4 6 8 -3 -32 41 -22 15 54 21 13 -27 -18 0 5 27 -19 -22 -14 -6 -3 -21 -1 12 13 5 -38 -1 -13 10 -2 -17 18 19 -13 17 -7 -8 -1 -6 -26
-10 15 -3 -7 13 -22 13 -8 -31 5 5 -9 -1 -16 -17 -5 22 -18 -36 9 3 -3 -21 -4 6 8 -3 -32 41 -22 15 54 21 13 -27 -18 0 5 27 -19 -22 -14 -6 -3 -21 -1 12 13 5 -38 -1 -13 10 -2 -17 18 19 -13 17 -7 -8 -1 -6 -26
-10 15 -3 -7 13 -22 13 -8 -31 5 5 -9 -1 -16 -17 -5 22 -18 -36 9 3 -3 -21 -4 6 8 -3 -32 41 -22 15 54 21 13 -27 -18 0 5 27 -19 -22 -14 -6 -3 -21 -1 12 13 5 -38 -1 -13 10 -2 -17 18 19 -13 17 -7 -8 -1 -6 -26
-10 15 -3 -7 13 -22 13 -8 -31 5 5 -9 -1 -16 -17 -5 22 -18 -36 9 3 -3 -21 -4 6 8 -3 -32 41 -22 15 54 21 13 -27 -18 0 5 27 -19 -22 -14 -6 -3 -21 -1 12 13 5 -38 -1 -13 10 -2 -17 18 19 -13 17 -7 -8 -1 -6 -26
-10 15 -3 -7 13 -22 13 -8 -31 5 5 -9 -1 -16 -17 -5 22 -18 -36 9 3 -3 -21 -4 6 8 -3 -32 41 -22 15 54 21 13 -27 -18 0 5 27 -19 -22 -14 -6 -3 -21 -1 12 13 5 -38 -1 -13 10 -2 -17 18 19 -13 17 -7 -8 -1 -6 -26
-10 15 -3 -7 13 -22 13 -8 -31 5 5 -9 -1 -16 -17 -5 22 -18 -36 9 3 -3 -21 -4 6 8 -3 -32 41 -22 15 54 21 13 -27 -18 0 5 27 -19 -22 -14 -6 -3 -21 -1 12 13 5 -38 -1 -13 10 -2 -17 18 19 -13 17 -7 -8 -1 -6 -26
-10 15 -3 -7 13 -22 13 -8 -31 5 5 -9 -1 -16 -17 -5 22 -18 -36 9 3 -3 -21 -4 6 8 -3 -32 41 -22 15 54 21 13 -27 -18 0 5 27 -19 -22 -14 -6 -3 -21 -1 12 13 5 -38 -1 -13 10 -2 -17 18 19 -13 17 -7 -8 -1 -6 -26
-10 15 -3 -7 13 -22 13 -8 -31 5 5 -9 -1 -16 -17 -5 22 -18 -36 9 3 -3 -21 -4 6 8 -3 -32 41 -22 15 54 21 13 -27 -18 0 5 27 -19 -22 -14 -6 -3 -21 -1 12 13 5 -38 -1 -13 10 -2 -17 18 19 -13 17 -7 -8 -1 -6 -26
-10 15 -3 -7 13 -22 13 -8 -31 5 5 -9 -1 -16 -17 -5 22 -18 -36 9 3 -3 -21 -4 6 8 -3 -32 41 -22 15 54 21 13 -27 -18 0 5 27 -19 -22 -14 -6 -3 -21 -1 12 13 5 -38 -1 -13 10 -2 -17 18 19 -13 17 -7 -8 -1 -6 -26
-10 15 -3 -7 13 -22 13 -8 -31 5 5 -9 -1 -16 -17 -5 22 -18 -36 9 3 -3 -21 -4 6 8 -3 -32 41 -22 15 54 21 13 -27 -18 0 5 27 -19 -22 -14 -6 -3 -21 -1 12 13 5 -38 -1 -13 10 -2 -17 18 19 -13 17 -7 -8 -1 -6 -26
-10 15 -3 -7 13 -22 13 -8 -31 5 5 -9 -1 -16 -17 -5 22 -18 -36 9 3 -3 -21 -4 6 8 -3 -32 41 -22 15 54 21 13 -27 -18 0 5 27 -19 -22 -14 -6 -3 -21 -1 12 13 5 -38 -1 -13 10 -2 -17 18 19 -13 17 -7 -8 -1 -6 -26
-10 15 -3 -7 13 -22 13 -8 -31 5 5 -9 -1 -16 -17 -5 22 -18 -36 9 3 -3 -21 -4 6 8 -3 -32 41 -22 15 54 21 13 -27 -18 0 5 27 -19 -22 -14 -6 -3 -21 -1 12 13 5 -38 -1 -13 10 -2 -17 18 19 -13 17 -7 -8 -1 -6 -26
-10 15 -3 -7 13 -22 13 -8 -31 5 5 -9 -1 -16 -17 -5 22 -18 -36 9 3 -3 -21 -4 6 8 -3 -32 41 -22 15 54 21 13 -27 -18 0 5 27 -19 -22 -14 -6 -3 -21 -1 12 13 5 -38 -1 -13 10 -2 -17 18 19 -13 17 -7 -8 -1 -6 -26
-10 15 -3 -7 13 -22 13 -8 -31 5 5 -9 -1 -16 -17 -5 22 -18 -36 9 3 -3 -21 -4 6 8 -3 -32 41 -22 15 54 21 13 -27 -18 0 5 27 -19 -22 -14 -6 -3 -21 -1 12 13 5 -38 -1 -13 10 -2 -17 18 19 -13 17 -7 -8 -1 -6 -26
