16 7 4 15 0 -1 -1 -19 -11 -5 -16 -4 10 -4 13 -9 15 -9 -4 -2 -10 2 1 9 -13 8 2 -8 9 16 13 -11 13 -3 -13 22 3 -4 -8 22 1 4 7 2 -23 -11 -13 7 3 -6 -3 -5 11 -6 -10 12 11 -3 -14 -8 -6 -3 -2 -17
20 8 1 21 -3 -8 -20 -25 -3 -9 -16 -16 9 -17 21 -20 12 -5 -4 -12 -6 -4 10 0 -13 13 7 -22 9 22 20 -15 3 3 -17 24 2 -2 -6 17 6 4 10 7 -19 -6 -18 11 -3 -1 -5 3 9 -1 -8 15 3 -12 -13 -12 -21 0 12 -29
18 4 5 21 -5 -16 -10 -13 0 -11 -17 -11 11 -17 21 -21 18 -9 -4 -4 -6 -3 4 -5 -7 6 6 -20 7 15 21 -15 9 11 -11 14 5 3 -4 30 4 3 9 12 -20 -6 -14 13 -6 -6 0 4 5 -2 -6 21 4 -8 -16 -16 -12 0 5 -28
15 5 -1 24 2 -10 -13 -16 -5 -10 -11 -8 7 -12 18 -18 12 -7 0 -3 -6 1 8 3 -9 6 7 -15 7 23 18 -4 3 9 -12 11 7 1 -3 21 4 4 9 14 -18 -9 -9 12 -2 -1 -7 2 8 -4 -12 17 6 -2 -12 -13 -16 -2 1 -27
22 1 -3 24 4 -7 -12 -20 -10 -12 -11 -7 5 -18 19 -22 19 -5 -2 -7 -1 2 8 1 -8 4 10 -16 6 22 15 -6 2 13 -8 8 1 6 -4 23 1 7 6 8 -14 -6 -13 18 -5 -5 -1 5 8 -3 -10 19 5 -12 -8 -6 -12 -9 2 -33
17 6 -6 32 1 -10 -22 -24 -4 -13 -8 -9 1 -12 26 -22 16 0 -9 -10 -4 1 10 -4 -12 8 5 -21 0 27 20 -4 -5 14 -10 15 1 -2 -2 20 3 8 12 6 -5 -2 -15 18 -9 4 0 2 11 4 -6 22 0 -11 -15 -16 -11 -9 0 -30
16 4 -7 31 0 -8 -15 -24 -5 -15 -15 -10 8 -7 15 -26 19 -6 -9 -8 -3 1 2 -5 -12 1 4 -21 -6 19 14 -8 7 17 -7 9 3 -3 0 25 9 3 8 7 -13 0 -12 17 -13 3 1 5 10 1 -15 24 6 -11 -10 -8 -18 -3 4 -29
16 3 -2 22 -5 -12 -13 -19 -9 -20 -15 -7 4 -12 21 -21 17 -8 -4 -8 -1 -1 7 3 -9 6 4 -20 8 24 23 0 5 12 -12 11 5 3 -3 22 5 2 9 8 -14 -5 -9 12 -5 2 -1 6 9 -6 -12 16 6 -9 -14 -9 -8 -5 6 -29
16 2 -8 28 -9 -11 -13 -23 -3 -16 -12 -11 6 -12 20 -16 15 -9 -11 -15 -3 0 4 -8 -12 10 6 -18 6 17 14 -11 4 8 -11 7 4 4 -2 23 12 -1 4 12 -21 -8 -10 12 -5 -4 1 2 13 -6 -9 16 4 -6 -10 -12 -10 0 -5 -32
17 -10 -1 28 -9 -24 -24 -17 -6 -17 -20 -3 -1 -18 23 -24 25 -1 2 -12 -7 10 5 -3 -12 11 6 -12 10 11 5 -10 15 14 -3 15 7 4 -5 24 17 -9 4 4 -12 -1 -9 18 -6 -6 -5 5 9 -12 -15 17 4 -6 -19 -1 -11 4 16 -22
20 5 -1 29 -5 -13 -14 -22 1 -16 -14 -15 9 -17 22 -15 10 -6 -7 -12 -4 -6 2 -3 -15 8 6 -21 9 26 18 -7 4 5 -15 16 6 5 0 23 9 2 12 9 -20 -8 -14 13 0 -5 -5 3 10 2 -9 15 2 -10 -13 -15 -14 1 -5 -29
12 -2 -8 21 -4 -9 -15 -18 -4 -17 -14 -10 5 -16 17 -18 15 -3 -4 -15 0 -3 9 -3 -9 4 8 -23 4 20 13 -3 4 11 -15 10 3 0 -5 22 4 3 9 9 -18 -2 -13 11 -6 -5 1 2 10 0 -13 13 2 -3 -10 -11 -8 1 5 -30
15 2 1 25 -1 -9 -10 -22 -5 -14 -6 -9 4 -14 16 -15 15 -8 -8 -6 -3 5 6 -5 -10 6 9 -11 4 23 14 -7 5 11 -9 15 3 2 -4 23 6 0 6 16 -18 -11 -13 8 -5 -1 -5 2 11 -3 -8 15 10 -7 -13 -9 -8 0 -3 -30
20 5 -7 24 1 -13 -16 -22 -7 -8 -15 -7 7 -15 18 -22 15 -3 -7 -10 2 0 12 -7 -9 9 2 -17 6 22 13 -2 0 21 -8 12 -2 4 -9 22 4 5 8 11 -9 -1 -18 20 -7 1 -2 6 10 -2 -9 17 1 -16 -12 -7 -15 -1 0 -28
13 3 -6 22 -2 -21 -18 -22 -4 -9 -15 -7 1 -19 21 -17 23 5 -5 -12 -9 -1 5 -5 -11 17 10 -15 7 17 10 -11 4 12 -5 19 5 6 -9 16 2 0 6 10 -11 -11 -8 19 -20 -3 0 -3 9 -1 -7 18 4 -10 -9 -10 -17 -6 3 -33
14 11 -3 21 -2 -11 -14 -23 -4 -11 -20 -13 5 -16 15 -19 10 -5 -12 -7 -4 -1 10 -1 -17 10 7 -19 7 22 19 -4 11 10 -11 11 4 2 -4 19 5 7 10 8 -15 -6 -15 8 -11 3 -2 0 11 -2 -5 19 7 -14 -5 -15 -20 -4 0 -28
20 1 -4 26 2 -12 -14 -25 -8 -17 -18 -16 2 -15 15 -16 16 -9 -5 -11 -4 6 8 -1 -8 9 3 -18 9 20 14 -2 2 17 -13 7 3 1 -9 23 2 -1 8 8 -9 -3 -17 15 -6 0 -1 1 5 -1 -4 22 3 -10 -10 -9 -13 0 5 -31
10 0 1 21 -2 -8 -10 -24 -3 -12 -16 -18 6 -15 13 -18 15 -3 -6 -7 1 1 9 -3 -6 8 7 -18 -1 21 13 -12 7 7 -14 13 5 0 -4 20 8 5 14 7 -18 -11 -4 12 -6 4 -3 2 8 1 -6 15 5 -6 -11 -10 -11 -3 -2 -30
17 6 -5 23 -3 -10 -17 -21 1 -15 -13 -10 11 -15 21 -17 13 -4 -10 -13 -3 -6 10 -1 -14 9 8 -19 3 19 18 -5 1 11 -7 9 1 3 -4 20 6 8 14 8 -14 -9 -11 13 0 4 -1 3 10 -1 -7 17 -1 -10 -8 -8 -10 -4 -5 -24
20 1 -2 18 1 -13 -14 -23 -1 -11 -16 -13 6 -14 13 -20 14 -11 -5 -5 -4 2 10 0 -8 4 6 -23 5 25 18 -9 11 14 -8 8 5 0 -6 21 3 3 10 11 -17 -11 -16 9 -9 -1 -4 5 9 -3 -12 16 5 -12 -9 -4 -16 3 0 -27
17 4 -5 20 -4 -6 -13 -19 0 -15 -22 -11 10 -14 12 -17 13 -6 -7 -7 0 -2 8 0 -9 7 3 -13 2 22 15 -7 3 6 -12 7 4 -1 -5 19 4 7 9 12 -9 -8 -11 8 -3 -4 2 2 8 -4 -11 12 6 -8 -7 -8 -11 -2 0 -30
16 2 -4 11 4 -18 -9 -17 -8 -8 -16 -4 1 -19 19 -17 30 -8 3 -3 -7 3 8 -5 -5 4 8 -15 15 12 11 -11 19 14 -6 18 7 2 -5 23 9 3 1 10 -15 -8 -9 10 -4 0 3 -2 3 -5 -8 11 7 -3 -14 -4 -11 5 7 -32
10 3 2 10 2 -1 -1 -13 -6 -7 -7 -7 5 -7 12 -6 13 -5 -3 -2 -7 -1 1 7 -8 8 0 -4 5 22 10 -4 4 -4 -17 13 7 -3 -6 21 4 6 6 10 -20 -8 1 5 3 -5 -1 0 13 -5 -2 7 8 0 -9 -7 -5 -2 -5 -18
24 7 6 21 2 -13 -13 -24 -5 -10 -20 -11 10 -13 20 -16 17 -3 -8 -6 -13 7 -1 2 -19 9 6 -12 7 17 21 -9 12 5 -15 19 4 -1 -4 24 13 -2 11 6 -17 -3 -16 9 -9 0 -2 1 8 1 -8 15 5 -15 -13 -14 -16 4 13 -26
25 6 -3 26 2 -13 -18 -31 -4 -8 -13 -18 7 -22 29 -28 18 4 -1 -17 -12 2 7 -8 -16 6 13 -10 11 21 21 -15 15 11 -10 20 5 4 -4 20 13 1 15 8 -14 -9 -18 8 -3 1 -2 -2 7 11 -4 16 -2 -13 -21 -15 -21 -4 12 -27
20 7 4 25 4 -9 -15 -22 -4 -10 -16 -12 6 -16 21 -14 13 -2 -7 -11 -11 3 4 -7 -15 6 6 -18 5 20 16 -8 7 10 -13 18 5 2 -3 26 5 -2 11 9 -21 -8 -13 13 -9 0 -3 0 9 -4 -5 16 2 -8 -11 -12 -11 2 4 -31
23 -1 4 21 8 -7 -14 -17 -6 -13 -12 -8 3 -17 20 -24 21 -9 7 -7 -3 3 9 -2 -10 0 13 -19 9 17 15 0 8 16 -9 8 3 0 -5 26 3 2 12 3 -15 -5 -18 10 -8 -5 -2 2 7 -1 -14 13 6 -10 -9 -3 -12 -1 4 -29
19 4 -1 24 2 -7 -18 -25 -7 -11 -10 -14 4 -13 23 -17 12 -8 -2 -8 1 1 6 4 -12 6 4 -20 4 28 22 -4 5 12 -8 14 1 -1 -4 22 3 5 14 5 -15 0 -18 17 -7 0 1 3 11 1 -11 22 4 -16 -10 -10 -13 -3 3 -30
17 -1 0 27 1 -12 -16 -27 -2 -10 -10 -13 2 -13 22 -17 15 -10 -5 -7 -1 5 4 -5 -13 3 10 -20 3 19 18 -9 12 15 -7 9 -3 1 -5 23 3 7 16 6 -14 -2 -24 19 -6 3 3 2 12 3 -13 19 0 -10 -11 -8 -17 2 5 -30
17 2 -3 31 -6 -12 -18 -22 -6 -15 -19 -13 7 -12 25 -28 11 -13 -3 -8 -4 0 10 0 -12 3 6 -28 9 24 20 -4 4 15 -11 6 1 0 -7 26 8 5 7 6 -10 0 -20 19 -10 2 2 0 9 0 -16 21 3 -12 -15 -12 -10 -1 9 -31
19 4 5 21 -2 -14 -11 -26 3 -4 -14 -15 5 -15 23 -17 16 -4 -9 -9 -6 5 3 -1 -16 7 4 -19 13 23 15 -12 4 9 -10 9 2 1 -3 26 13 3 5 11 -18 -4 -14 11 -12 0 -5 4 13 1 -8 17 4 -12 -10 -13 -14 2 0 -28
21 3 7 22 -4 -13 -12 -22 -1 -11 -12 -11 3 -13 24 -17 15 -7 -10 -7 -4 3 4 -2 -9 7 4 -15 4 27 12 -11 6 8 -11 11 1 1 -1 27 12 2 7 9 -20 -7 -14 12 -6 -1 0 3 12 0 -8 13 13 -9 -9 -16 -7 -1 6 -28
13 -4 -2 19 -5 -11 -14 -18 -1 -14 -16 -18 3 -17 19 -16 13 -9 -7 -10 -3 6 6 -3 -10 8 9 -14 9 25 22 -2 9 14 -12 8 1 1 -6 26 3 0 13 15 -18 0 -13 10 -7 -3 -7 0 7 -1 -13 11 -1 -10 -15 -17 -12 2 0 -29
15 5 -1 18 -1 -6 -13 -20 -6 -8 -16 -13 9 -16 16 -15 14 -7 -1 -9 -4 7 5 0 -12 5 3 -15 7 23 21 -6 9 13 -12 10 5 0 -7 29 5 4 9 11 -23 -8 -14 13 -6 -2 -5 0 14 -3 -8 14 7 -10 -11 -3 -10 -6 -1 -27
21 1 -5 22 0 -12 -15 -23 -3 -14 -20 -17 8 -11 18 -21 13 -6 -5 -12 -2 0 8 0 -13 4 5 -17 7 21 17 -1 5 9 -10 8 0 -3 -5 29 5 6 8 6 -13 -3 -15 20 -11 -4 -4 -2 9 -3 -5 18 3 -7 -9 -1 -12 -4 4 -29
12 5 -2 21 1 -7 -10 -15 2 -10 -15 -14 7 -14 17 -14 6 -4 -5 -9 -6 -2 6 2 -11 7 8 -19 5 21 13 -10 3 6 -12 13 3 0 -5 27 9 5 11 11 -15 -12 -8 14 -9 2 -4 -1 9 -4 -2 13 5 -9 -6 -5 -14 -5 -7 -29
22 5 -5 22 -4 -11 -16 -23 -4 -14 -12 -15 7 -17 16 -16 12 -2 -5 -14 -5 -7 7 -5 -13 4 6 -21 6 23 13 -5 7 10 -8 10 -2 -1 -6 18 3 3 15 11 -13 -8 -18 10 -9 -4 8 1 12 -3 -8 21 4 -12 -13 -4 -15 -2 0 -28
21 0 -1 18 -2 -9 -11 -19 -2 -13 -17 -12 4 -15 17 -17 12 -17 -2 -9 -2 -3 7 -3 -14 5 7 -19 5 26 17 -5 11 12 -9 11 3 1 -7 23 2 6 10 13 -14 -2 -16 7 -7 -2 -4 0 7 -1 -11 17 0 -10 -4 -5 -11 -3 -2 -29
18 6 3 21 -4 -16 -9 -22 -1 -15 -15 -14 6 -17 19 -19 12 -2 -2 -10 2 3 11 0 -12 9 8 -16 4 25 16 -4 9 14 -10 12 -2 0 -5 25 3 1 11 8 -17 -4 -12 15 -10 0 -6 1 9 -1 -7 16 7 -15 -9 -8 -10 1 1 -29
22 2 0 7 -2 -16 -8 -21 -4 -11 -16 -4 4 -21 18 -18 25 -9 -5 -10 -2 2 6 -7 -5 5 9 -12 14 23 15 -10 16 11 -8 18 10 5 -3 26 12 6 6 10 -12 -8 -12 11 -8 8 9 -4 7 -3 -13 10 5 -4 -9 -3 -18 1 -4 -28
8 2 4 11 3 -2 -1 -15 -9 -5 -6 -9 4 -6 8 -3 12 -7 -2 -3 -3 0 -2 9 -11 10 1 -4 4 17 10 -5 7 -3 -14 15 6 -4 -7 22 0 5 9 11 -20 -11 0 8 2 -6 -4 2 15 -7 -4 5 6 2 -9 -7 -5 -4 -7 -20
20 4 -2 23 -4 -10 -3 -25 -8 -13 -22 -12 8 -17 14 -17 20 2 -7 -12 -12 10 -2 -5 -1 9 6 -19 6 24 12 -9 12 11 -12 21 1 -2 -4 13 21 5 3 3 -17 -13 -13 10 -11 4 2 9 16 -10 5 15 4 -13 -3 -10 -16 6 13 -26
20 4 -2 23 -4 -10 -3 -25 -8 -13 -22 -12 8 -17 14 -17 20 2 -7 -12 -12 10 -2 -5 -1 9 6 -19 6 24 12 -9 12 11 -12 21 1 -2 -4 13 21 5 3 3 -17 -13 -13 10 -11 4 2 9 16 -10 5 15 4 -13 -3 -10 -16 6 13 -26
20 4 -2 23 -4 -10 -3 -25 -8 -13 -22 -12 8 -17 14 -17 20 2 -7 -12 -12 10 -2 -5 -1 9 6 -19 6 24 12 -9 12 11 -12 21 1 -2 -4 13 21 5 3 3 -17 -13 -13 10 -11 4 2 9 16 -10 5 15 4 -13 -3 -10 -16 6 13 -26
20 4 -2 23 -4 -10 -3 -25 -8 -13 -22 -12 8 -17 14 -17 20 2 -7 -12 -12 10 -2 -5 -1 9 6 -19 6 24 12 -9 12 11 -12 21 1 -2 -4 13 21 5 3 3 -17 -13 -13 10 -11 4 2 9 16 -10 5 15 4 -13 -3 -10 -16 6 13 -26
20 4 -2 23 -4 -10 -3 -25 -8 -13 -22 -12 8 -17 14 -17 20 2 -7 -12 -12 10 -2 -5 -1 9 6 -19 6 24 12 -9 12 11 -12 21 1 -2 -4 13 21 5 3 3 -17 -13 -13 10 -11 4 2 9 16 -10 5 15 4 -13 -3 -10 -16 6 13 -26
20 4 -2 23 -4 -10 -3 -25 -8 -13 -22 -12 8 -17 14 -17 20 2 -7 -12 -12 10 -2 -5 -1 9 6 -19 6 24 12 -9 12 11 -12 21 1 -2 -4 13 21 5 3 3 -17 -13 -13 10 -11 4 2 9 16 -10 5 15 4 -13 -3 -10 -16 6 13 -26
20 4 -2 23 -4 -10 -3 -25 -8 -13 -22 -12 8 -17 14 -17 20 2 -7 -12 -12 10 -2 -5 -1 9 6 -19 6 24 12 -9 12 11 -12 21 1 -2 -4 13 21 5 3 3 -17 -13 -13 10 -11 4 2 9 16 -10 5 15 4 -13 -3 -10 -16 6 13 -26
20 4 -2 23 -4 -10 -3 -25 -8 -13 -22 -12 8 -17 14 -17 20 2 -7 -12 -12 10 -2 -5 -1 9 6 -19 6 24 12 -9 12 11 -12 21 1 -2 -4 13 21 5 3 3 -17 -13 -13 10 -11 4 2 9 16 -10 5 15 4 -13 -3 -10 -16 6 13 -26
20 4 -2 23 -4 -10 -3 -25 -8 -13 -22 -12 8 -17 14 -17 20 2 -7 -12 -12 10 -2 -5 -1 9 6 -19 6 24 12 -9 12 11 -12 21 1 -2 -4 13 21 5 3 3 -17 -13 -13 10 -11 4 2 9 16 -10 5 15 4 -13 -3 -10 -16 6 13 -26
20 4 -2 23 -4 -10 -3 -25 -8 -13 -22 -12 8 -17 14 -17 20 2 -7 -12 -12 10 -2 -5 -1 9 6 -19 6 24 12 -9 12 11 -12 21 1 -2 -4 13 21 5 3 3 -17 -13 -13 10 -11 4 2 9 16 -10 5 15 4 -13 -3 -10 -16 6 13 -26
20 4 -2 23 -4 -10 -3 -25 -8 -13 -22 -12 8 -17 14 -17 20 2 -7 -12 -12 10 -2 -5 -1 9 6 -19 6 24 12 -9 12 11 -12 21 1 -2 -4 13 21 5 3 3 -17 -13 -13 10 -11 4 2 9 16 -10 5 15 4 -13 -3 -10 -16 6 13 -26
20 4 -2 23 -4 -10 -3 -25 -8 -13 -22 -12 8 -17 14 -17 20 2 -7 -12 -12 10 -2 -5 -1 9 6 -19 6 24 12 -9 12 11 -12 21 1 -2 -4 13 21 5 3 3 -17 -13 -13 10 -11 4 2 9 16 -10 5 15 4 -13 -3 -10 -16 6 13 -26
20 4 -2 23 -4 -10 -3 -25 -8 -13 -22 -12 8 -17 14 -17 20 2 -7 -12 -12 10 -2 -5 -1 9 6 -19 6 24 12 -9 12 11 -12 21 1 -2 -4 13 21 5 3 3 -17 -13 -13 10 -11 4 2 9 16 -10 5 15 4 -13 -3 -10 -16 6 13 -26
20 4 -2 23 -4 -10 -3 -25 -8 -13 -22 -12 8 -17 14 -17 20 2 -7 -12 -12 10 -2 -5 -1 9 6 -19 6 24 12 -9 12 11 -12 21 1 -2 -4 13 21 5 3 3 -17 -13 -13 10 -11 4 2 9 16 -10 5 15 4 -13 -3 -10 -16 6 13 -26
20 4 -2 23 -4 -10 -3 -25 -8 -13 -22 -12 8 -17 14 -17 20 2 -7 -12 -12 10 -2 -5 -1 9 6 -19 6 24 12 -9 12 11 -12 21 1 -2 -4 13 21 5 3 3 -17 -13 -13 10 -11 4 2 9 16 -10 5 15 4 -13 -3 -10 -16 6 13 -26
20 4 -2 23 -4 -10 -3 -25 -8 -13 -22 -12 8 -17 14 -17 20 2 -7 -12 -12 10 -2 -5 -1 9 6 -19 6 24 12 -9 12 11 -12 21 1 -2 -4 13 21 5 3 3 -17 -13 -13 10 -11 4 2 9 16 -10 5 15 4 -13 -3 -10 -16 6 13 -26
20 4 -2 23 -4 -10 -3 -25 -8 -13 -22 -12 8 -17 14 -17 20 2 -7 -12 -12 10 -2 -5 -1 9 6 -19 6 24 12 -9 12 11 -12 21 1 -2 -4 13 21 5 3 3 -17 -13 -13 10 -11 4 2 9 16 -10 5 15 4 -13 -3 -10 -16 6 13 -26
20 4 -2 23 -4 -10 -3 -25 -8 -13 -22 -12 8 -17 14 -17 20 2 -7 -12 -12 10 -2 -5 -1 9 6 -19 6 24 12 -9 12 11 -12 21 1 -2 -4 13 21 5 3 3 -17 -13 -13 10 -11 4 2 9 16 -10 5 15 4 -13 -3 -10 -16 6 13 -26
20 4 -2 23 -4 -10 -3 -25 -8 -13 -22 -12 8 -17 14 -17 20 2 -7 -12 -12 10 -2 -5 -1 9 6 -19 6 24 12 -9 12 11 -12 21 1 -2 -4 13 21 5 3 3 -17 -13 -13 10 -11 4 2 9 16 -10 5 15 4 -13 -3 -10 -16 6 13 -26
20 4 -2 23 -4 -10 -3 -25 -8 -13 -22 -12 8 -17 14 -17 20 2 -7 -12 -12 10 -2 -5 -1 9 6 -19 6 24 12 -9 12 11 -12 21 1 -2 -4 13 21 5 3 3 -17 -13 -13 10 -11 4 2 9 16 -10 5 15 4 -13 -3 -10 -16 6 13 -26
20 4 -2 23 -4 -10 -3 -25 -8 -13 -22 -12 8 -17 14 -17 20 2 -7 -12 -12 10 -2 -5 -1 9 6 -19 6 24 12 -9 12 11 -12 21 1 -2 -4 13 21 5 3 3 -17 -13 -13 10 -11 4 2 9 16 -10 5 15 4 -13 -3 -10 -16 6 13 -26
20 4 -2 23 -4 -10 -3 -25 -8 -13 -22 -12 8 -17 14 -17 20 2 -7 -12 -12 10 -2 -5 -1 9 6 -19 6 24 12 -9 12 11 -12 21 1 -2 -4 13 21 5 3 3 -17 -13 -13 10 -11 4 2 9 16 -10 5 15 4 -13 -3 -10 -16 6 13 -26
20 4 -2 23 -4 -10 -3 -25 -8 -13 -22 -12 8 -17 14 -17 20 2 -7 -12 -12 10 -2 -5 -1 9 6 -19 6 24 12 -9 12 11 -12 21 1 -2 -4 13 21 5 3 3 -17 -13 -13 10 -11 4 2 9 16 -10 5 15 4 -13 -3 -10 -16 6 13 -26
20 4 -2 23 -4 -10 -3 -25 -8 -13 -22 -12 8 -17 14 -17 20 2 -7 -12 -12 10 -2 -5 -1 9 6 -19 6 24 12 -9 12 11 -12 21 1 -2 -4 13 21 5 3 3 -17 -13 -13 10 -11 4 2 9 16 -10 5 15 4 -13 -3 -10 -16 6 13 -26
20 4 -2 23 -4 -10 -3 -25 -8 -13 -22 -12 8 -17 14 -17 20 2 -7 -12 -12 10 -2 -5 -1 9 6 -19 6 24 12 -9 12 11 -12 21 1 -2 -4 13 21 5 3 3 -17 -13 -13 10 -11 4 2 9 16 -10 5 15 4 -13 -3 -10 -16 6 13 -26
20 4 -2 23 -4 -10 -3 -25 -8 -13 -22 -12 8 -17 14 -17 20 2 -7 -12 -12 10 -2 -5 -1 9 6 -19 6 24 12 -9 12 11 -12 21 1 -2 -4 13 21 5 3 3 -17 -13 -13 10 -11 4 2 9 16 -10 5 15 4 -13 -3 -10 -16 6 13 -26
20 4 -2 23 -4 -10 -3 -25 -8 -13 -22 -12 8 -17 14 -17 20 2 -7 -12 -12 10 -2 -5 -1 9 6 -19 6 24 12 -9 12 11 -12 21 1 -2 -4 13 21 5 3 3 -17 -13 -13 10 -11 4 2 9 16 -10 5 15 4 -13 -3 -10 -16 6 13 -26
20 4 -2 23 -4 -10 -3 -25 -8 -13 -22 -12 8 -17 14 -17 20 2 -7 -12 -12 10 -2 -5 -1 9 6 -19 6 24 12 -9 12 11 -12 21 1 -2 -4 13 21 5 3 3 -17 -13 -13 10 -11 4 2 9 16 -10 5 15 4 -13 -3 -10 -16 6 13 -26
20 4 -2 23 -4 -10 -3 -25 -8 -13 -22 -12 8 -17 14 -17 20 2 -7 -12 -12 10 -2 -5 -1 9 6 -19 6 24 12 -9 12 11 -12 21 1 -2 -4 13 21 5 3 3 -17 -13 -13 10 -11 4 2 9 16 -10 5 15 4 -13 -3 -10 -16 6 13 -26
20 4 -2 23 -4 -10 -3 -25 -8 -13 -22 -12 8 -17 14 -17 20 2 -7 -12 -12 10 -2 -5 -1 9 6 -19 6 24 12 -9 12 11 -12 21 1 -2 -4 13 21 5 3 3 -17 -13 -13 10 -11 4 2 9 16 -10 5 15 4 -13 -3 -10 -16 6 13 -26
20 4 -2 23 -4 -10 -3 -25 -8 -13 -22 -12 8 -17 14 -17 20 2 -7 -12 -12 10 -2 -5 -1 9 6 -19 6 24 12 -9 12 11 -12 21 1 -2 -4 13 21 5 3 3 -17 -13 -13 10 -11 4 2 9 16 -10 5 15 4 -13 -3 -10 -16 6 13 -26
20 4 -2 23 -4 -10 -3 -25 -8 -13 -22 -12 8 -17 14 -17 20 2 -7 -12 -12 10 -2 -5 -1 9 6 -19 6 24 12 -9 12 11 -12 21 1 -2 -4 13 21 5 3 3 -17 -13 -13 10 -11 4 2 9 16 -10 5 15 4 -13 -3 -10 -16 6 13 -26
20 4 -2 23 -4 -10 -3 -25 -8 -13 -22 -12 8 -17 14 -17 20 2 -7 -12 -12 10 -2 -5 -1 9 6 -19 6 24 12 -9 12 11 -12 21 1 -2 -4 13 21 5 3 3 -17 -13 -13 10 -11 4 2 9 16 -10 5 15 4 -13 -3 -10 -16 6 13 -26
20 4 -2 23 -4 -10 -3 -25 -8 -13 -22 -12 8 -17 14 -17 20 2 -7 -12 -12 10 -2 -5 -1 9 6 -19 6 24 12 -9 12 11 -12 21 1 -2 -4 13 21 5 3 3 -17 -13 -13 10 -11 4 2 9 16 -10 5 15 4 -13 -3 -10 -16 6 13 -26
20 4 -2 23 -4 -10 -3 -25 -8 -13 -22 -12 8 -17 14 -17 20 2 -7 -12 -12 10 -2 -5 -1 9 6 -19 6 24 12 -9 12 11 -12 21 1 -2 -4 13 21 5 3 3 -17 -13 -13 10 -11 4 2 9 16 -10 5 15 4 -13 -3 -10 -16 6 13 -26
20 4 -2 23 -4 -10 -3 -25 -8 -13 -22 -12 8 -17 14 -17 20 2 -7 -12 -12 10 -2 -5 -1 9 6 -19 6 24 12 -9 12 11 -12 21 1 -2 -4 13 21 5 3 3 -17 -13 -13 10 -11 4 2 9 16 -10 5 15 4 -13 -3 -10 -16 6 13 -26
20 4 -2 23 -4 -10 -3 -25 -8 -13 -22 -12 8 -17 14 -17 20 2 -7 -12 -12 10 -2 -5 -1 9 6 -19 6 24 12 -9 12 11 -12 21 1 -2 -4 13 21 5 3 3 -17 -13 -13 10 -11 4 2 9 16 -10 5 15 4 -13 -3 -10 -16 6 13 -26
20 4 -2 23 -4 -10 -3 -25 -8 -13 -22 -12 8 -17 14 -17 20 2 -7 -12 -12 10 -2 -5 -1 9 6 -19 6 24 12 -9 12 11 -12 21 1 -2 -4 13 21 5 3 3 -17 -13 -13 10 -11 4 2 9 16 -10 5 15 4 -13 -3 -10 -16 6 13 -26
20 4 -2 23 -4 -10 -3 -25 -8 -13 -22 -12 8 -17 14 -17 20 2 -7 -12 -12 10 -2 -5 -1 9 6 -19 6 24 12 -9 12 11 -12 21 1 -2 -4 13 21 5 3 3 -17 -13 -13 10 -11 4 2 9 16 -10 5 15 4 -13 -3 -10 -16 6 13 -26
20 4 -2 23 -4 -10 -3 -25 -8 -13 -22 -12 8 -17 14 -17 20 2 -7 -12 -12 10 -2 -5 -1 9 6 -19 6 24 12 -9 12 11 -12 21 1 -2 -4 13 21 5 3 3 -17 -13 -13 10 -11 4 2 9 16 -10 5 15 4 -13 -3 -10 -16 6 13 -26
20 4 -2 23 -4 -10 -3 -25 -8 -13 -22 -12 8 -17 14 -17 20 2 -7 -12 -12 10 -2 -5 -1 9 6 -19 6 24 12 -9 12 11 -12 21 1 -2 -4 13 21 5 3 3 -17 -13 -13 10 -11 4 2 9 16 -10 5 15 4 -13 -3 -10 -16 6 13 -26
20 4 -2 23 -4 -10 -3 -25 -8 -13 -22 -12 8 -17 14 -17 20 2 -7 -12 -12 10 -2 -5 -1 9 6 -19 6 24 12 -9 12 11 -12 21 1 -2 -4 13 21 5 3 3 -17 -13 -13 10 -11 4 2 9 16 -10 5 15 4 -13 -3 -10 -16 6 13 -26
20 4 -2 23 -4 -10 -3 -25 -8 -13 -22 -12 8 -17 14 -17 20 2 -7 -12 -12 10 -2 -5 -1 9 6 -19 6 24 12 -9 12 11 -12 21 1 -2 -4 13 21 5 3 3 -17 -13 -13 10 -11 4 2 9 16 -10 5 15 4 -13 -3 -10 -16 6 13 -26
20 4 -2 23 -4 -10 -3 -25 -8 -13 -22 -12 8 -17 14 -17 20 2 -7 -12 -12 10 -2 -5 -1 9 6 -19 6 24 12 -9 12 11 -12 21 1 -2 -4 13 21 5 3 3 -17 -13 -13 10 -11 4 2 9 16 -10 5 15 4 -13 -3 -10 -16 6 13 -26
20 4 -2 23 -4 -10 -3 -25 -8 -13 -22 -12 8 -17 14 -17 20 2 -7 -12 -12 10 -2 -5 -1 9 6 -19 6 24 12 -9 12 11 -12 21 1 -2 -4 13 21 5 3 3 -17 -13 -13 10 -11 4 2 9 16 -10 5 15 4 -13 -3 -10 -16 6 13 -26
20 4 -2 23 -4 -10 -3 -25 -8 -13 -22 -12 8 -17 14 -17 20 2 -7 -12 -12 10 -2 -5 -1 9 6 -19 6 24 12 -9 12 11 -12 21 1 -2 -4 13 21 5 3 3 -17 -13 -13 10 -11 4 2 9 16 -10 5 15 4 -13 -3 -10 -16 6 13 -26
20 4 -2 23 -4 -10 -3 -25 -8 -13 -22 -12 8 -17 14 -17 20 2 -7 -12 -12 10 -2 -5 -1 9 6 -19 6 24 12 -9 12 11 -12 21 1 -2 -4 13 21 5 3 3 -17 -13 -13 10 -11 4 2 9 16 -10 5 15 4 -13 -3 -10 -16 6 13 -26
20 4 -2 23 -4 -10 -3 -25 -8 -13 -22 -12 8 -17 14 -17 20 2 -7 -12 -12 10 -2 -5 -1 9 6 -19 6 24 12 -9 12 11 -12 21 1 -2 -4 13 21 5 3 3 -17 -13 -13 10 -11 4 2 9 16 -10 5 15 4 -13 -3 -10 -16 6 13 -26
20 4 -2 23 -4 -10 -3 -25 -8 -13 -22 -12 8 -17 14 -17 20 2 -7 -12 -12 10 -2 -5 -1 9 6 -19 6 24 12 -9 12 11 -12 21 1 -2 -4 13 21 5 3 3 -17 -13 -13 10 -11 4 2 9 16 -10 5 15 4 -13 -3 -10 -16 6 13 -26
20 4 -2 23 -4 -10 -3 -25 -8 -13 -22 -12 8 -17 14 -17 20 2 -7 -12 -12 10 -2 -5 -1 9 6 -19 6 24 12 -9 12 11 -12 21 1 -2 -4 13 21 5 3 3 -17 -13 -13 10 -11 4 2 9 16 -10 5 15 4 -13 -3 -10 -16 6 13 -26
20 4 -2 23 -4 -10 -3 -25 -8 -13 -22 -12 8 -17 14 -17 20 2 -7 -12 -12 10 -2 -5 -1 9 6 -19 6 24 12 -9 12 11 -12 21 1 -2 -4 13 21 5 3 3 -17 -13 -13 10 -11 4 2 9 16 -10 5 15 4 -13 -3 -10 -16 6 13 -26
20 4 -2 23 -4 -10 -3 -25 -8 -13 -22 -12 8 -17 14 -17 20 2 -7 -12 -12 10 -2 -5 -1 9 6 -19 6 24 12 -9 12 11 -12 21 1 -2 -4 13 21 5 3 3 -17 -13 -13 10 -11 4 2 9 16 -10 5 15 4 -13 -3 -10 -16 6 13 -26
20 4 -2 23 -4 -10 -3 -25 -8 -13 -22 -12 8 -17 14 -17 20 2 -7 -12 -12 10 -2 -5 -1 9 6 -19 6 24 12 -9 12 11 -12 21 1 -2 -4 13 21 5 3 3 -17 -13 -13 10 -11 4 2 9 16 -10 5 15 4 -13 -3 -10 -16 6 13 -26
20 4 -2 23 -4 -10 -3 -25 -8 -13 -22 -12 8 -17 14 -17 20 2 -7 -12 -12 10 -2 -5 -1 9 6 -19 6 24 12 -9 12 11 -12 21 1 -2 -4 13 21 5 3 3 -17 -13 -13 10 -11 4 2 9 16 -10 5 15 4 -13 -3 -10 -16 6 13 -26
20 4 -2 23 -4 -10 -3 -25 -8 -13 -22 -12 8 -17 14 -17 20 2 -7 -12 -12 10 -2 -5 -1 9 6 -19 6 24 12 -9 12 11 -12 21 1 -2 -4 13 21 5 3 3 -17 -13 -13 10 -11 4 2 9 16 -10 5 15 4 -13 -3 -10 -16 6 13 -26
20 4 -2 23 -4 -10 -3 -25 -8 -13 -22 -12 8 -17 14 -17 20 2 -7 -12 -12 10 -2 -5 -1 9 6 -19 6 24 12 -9 12 11 -12 21 1 -2 -4 13 21 5 3 3 -17 -13 -13 10 -11 4 2 9 16 -10 5 15 4 -13 -3 -10 -16 6 13 -26
20 4 -2 23 -4 -10 -3 -25 -8 -13 -22 -12 8 -17 14 -17 20 2 -7 -12 -12 10 -2 -5 -1 9 6 -19 6 24 12 -9 12 11 -12 21 1 -2 -4 13 21 5 3 3 -17 -13 -13 10 -11 4 2 9 16 -10 5 15 4 -13 -3 -10 -16 6 13 -26
20 4 -2 23 -4 -10 -3 -25 -8 -13 -22 -12 8 -17 14 -17 20 2 -7 -12 -12 10 -2 -5 -1 9 6 -19 6 24 12 -9 12 11 -12 21 1 -2 -4 13 21 5 3 3 -17 -13 -13 10 -11 4 2 9 16 -10 5 15 4 -13 -3 -10 -16 6 13 -26
20 4 -2 23 -4 -10 -3 -25 -8 -13 -22 -12 8 -17 14 -17 20 2 -7 -12 -12 10 -2 -5 -1 9 6 -19 6 24 12 -9 12 11 -12 21 1 -2 -4 13 21 5 3 3 -17 -13 -13 10 -11 4 2 9 16 -10 5 15 4 -13 -3 -10 -16 6 13 -26
20 4 -2 23 -4 -10 -3 -25 -8 -13 -22 -12 8 -17 14 -17 20 2 -7 -12 -12 10 -2 -5 -1 9 6 -19 6 24 12 -9 12 11 -12 21 1 -2 -4 13 21 5 3 3 -17 -13 -13 10 -11 4 2 9 16 -10 5 15 4 -13 -3 -10 -16 6 13 -26
20 4 -2 23 -4 -10 -3 -25 -8 -13 -22 -12 8 -17 14 -17 20 2 -7 -12 -12 10 -2 -5 -1 9 6 -19 6 24 12 -9 12 11 -12 21 1 -2 -4 13 21 5 3 3 -17 -13 -13 10 -11 4 2 9 16 -10 5 15 4 -13 -3 -10 -16 6 13 -26
20 4 -2 23 -4 -10 -3 -25 -8 -13 -22 -12 8 -17 14 -17 20 2 -7 -12 -12 10 -2 -5 -1 9 6 -19 6 24 12 -9 12 11 -12 21 1 -2 -4 13 21 5 3 3 -17 -13 -13 10 -11 4 2 9 16 -10 5 15 4 -13 -3 -10 -16 6 13 -26
20 4 -2 23 -4 -10 -3 -25 -8 -13 -22 -12 8 -17 14 -17 20 2 -7 -12 -12 10 -2 -5 -1 9 6 -19 6 24 12 -9 12 11 -12 21 1 -2 -4 13 21 5 3 3 -17 -13 -13 10 -11 4 2 9 16 -10 5 15 4 -13 -3 -10 -16 6 13 -26
20 4 -2 23 -4 -10 -3 -25 -8 -13 -22 -12 8 -17 14 -17 20 2 -7 -12 -12 10 -2 -5 -1 9 6 -19 6 24 12 -9 12 11 -12 21 1 -2 -4 13 21 5 3 3 -17 -13 -13 10 -11 4 2 9 16 -10 5 15 4 -13 -3 -10 -16 6 13 -26
20 4 -2 23 -4 -10 -3 -25 -8 -13 -22 -12 8 -17 14 -17 20 2 -7 -12 -12 10 -2 -5 -1 9 6 -19 6 24 12 -9 12 11 -12 21 1 -2 -4 13 21 5 3 3 -17 -13 -13 10 -11 4 2 9 16 -10 5 15 4 -13 -3 -10 -16 6 13 -26
20 4 -2 23 -4 -10 -3 -25 -8 -13 -22 -12 8 -17 14 -17 20 2 -7 -12 -12 10 -2 -5 -1 9 6 -19 6 24 12 -9 12 11 -12 21 1 -2 -4 13 21 5 3 3 -17 -13 -13 10 -11 4 2 9 16 -10 5 15 4 -13 -3 -10 -16 6 13 -26
20 4 -2 23 -4 -10 -3 -25 -8 -13 -22 -12 8 -17 14 -17 20 2 -7 -12 -12 10 -2 -5 -1 9 6 -19 6 24 12 -9 12 11 -12 21 1 -2 -4 13 21 5 3 3 -17 -13 -13 10 -11 4 2 9 16 -10 5 15 4 -13 -3 -10 -16 6 13 -26
20 4 -2 23 -4 -10 -3 -25 -8 -13 -22 -12 8 -17 14 -17 20 2 -7 -12 -12 10 -2 -5 -1 9 6 -19 6 24 12 -9 12 11 -12 21 1 -2 -4 13 21 5 3 3 -17 -13 -13 10 -11 4 2 9 16 -10 5 15 4 -13 -3 -10 -16 6 13 -26
20 4 -2 23 -4 -10 -3 -25 -8 -13 -22 -12 8 -17 14 -17 20 2 -7 -12 -12 10 -2 -5 -1 9 6 -19 6 24 12 -9 12 11 -12 21 1 -2 -4 13 21 5 3 3 -17 -13 -13 10 -11 4 2 9 16 -10 5 15 4 -13 -3 -10 -16 6 13 -26
20 4 -2 23 -4 -10 -3 -25 -8 -13 -22 -12 8 -17 14 -17 20 2 -7 -12 -12 10 -2 -5 -1 9 6 -19 6 24 12 -9 12 11 -12 21 1 -2 -4 13 21 5 3 3 -17 -13 -13 10 -11 4 2 9 16 -10 5 15 4 -13 -3 -10 -16 6 13 -26
20 4 -2 23 -4 -10 -3 -25 -8 -13 -22 -12 8 -17 14 -17 20 2 -7 -12 -12 10 -2 -5 -1 9 6 -19 6 24 12 -9 12 11 -12 21 1 -2 -4 13 21 5 3 3 -17 -13 -13 10 -11 4 2 9 16 -10 5 15 4 -13 -3 -10 -16 6 13 -26
20 4 -2 23 -4 -10 -3 -25 -8 -13 -22 -12 8 -17 14 -17 20 2 -7 -12 -12 10 -2 -5 -1 9 6 -19 6 24 12 -9 12 11 -12 21 1 -2 -4 13 21 5 3 3 -17 -13 -13 10 -11 4 2 9 16 -10 5 15 4 -13 -3 -10 -16 6 13 -26
20 4 -2 23 -4 -10 -3 -25 -8 -13 -22 -12 8 -17 14 -17 20 2 -7 -12 -12 10 -2 -5 -1 9 6 -19 6 24 12 -9 12 11 -12 21 1 -2 -4 13 21 5 3 3 -17 -13 -13 10 -11 4 2 9 16 -10 5 15 4 -13 -3 -10 -16 6 13 -26
20 4 -2 23 -4 -10 -3 -25 -8 -13 -22 -12 8 -17 14 -17 20 2 -7 -12 -12 10 -2 -5 -1 9 6 -19 6 24 12 -9 12 11 -12 21 1 -2 -4 13 21 5 3 3 -17 -13 -13 10 -11 4 2 9 16 -10 5 15 4 -13 -3 -10 -16 6 13 -26
20 4 -2 23 -4 -10 -3 -25 -8 -13 -22 -12 8 -17 14 -17 20 2 -7 -12 -12 10 -2 -5 -1 9 6 -19 6 24 12 -9 12 11 -12 21 1 -2 -4 13 21 5 3 3 -17 -13 -13 10 -11 4 2 9 16 -10 5 15 4 -13 -3 -10 -16 6 13 -26
20 4 -2 23 -4 -10 -3 -25 -8 -13 -22 -12 8 -17 14 -17 20 2 -7 -12 -12 10 -2 -5 -1 9 6 -19 6 24 12 -9 12 11 -12 21 1 -2 -4 13 21 5 3 3 -17 -13 -13 10 -11 4 2 9 16 -10 5 15 4 -13 -3 -10 -16 6 13 -26
20 4 -2 23 -4 -10 -3 -25 -8 -13 -22 -12 8 -17 14 -17 20 2 -7 -12 -12 10 -2 -5 -1 9 6 -19 6 24 12 -9 12 11 -12 21 1 -2 -4 13 21 5 3 3 -17 -13 -13 10 -11 4 2 9 16 -10 5 15 4 -13 -3 -10 -16 6 13 -26
20 4 -2 23 -4 -10 -3 -25 -8 -13 -22 -12 8 -17 14 -17 20 2 -7 -12 -12 10 -2 -5 -1 9 6 -19 6 24 12 -9 12 11 -12 21 1 -2 -4 13 21 5 3 3 -17 -13 -13 10 -11 4 2 9 16 -10 5 15 4 -13 -3 -10 -16 6 13 -26
20 4 -2 23 -4 -10 -3 -25 -8 -13 -22 -12 8 -17 14 -17 20 2 -7 -12 -12 10 -2 -5 -1 9 6 -19 6 24 12 -9 12 11 -12 21 1 -2 -4 13 21 5 3 3 -17 -13 -13 10 -11 4 2 9 16 -10 5 15 4 -13 -3 -10 -16 6 13 -26
20 4 -2 23 -4 -10 -3 -25 -8 -13 -22 -12 8 -17 14 -17 20 2 -7 -12 -12 10 -2 -5 -1 9 6 -19 6 24 12 -9 12 11 -12 21 1 -2 -4 13 21 5 3 3 -17 -13 -13 10 -11 4 2 9 16 -10 5 15 4 -13 -3 -10 -16 6 13 -26
20 4 -2 23 -4 -10 -3 -25 -8 -13 -22 -12 8 -17 14 -17 20 2 -7 -12 -12 10 -2 -5 -1 9 6 -19 6 24 12 -9 12 11 -12 21 1 -2 -4 13 21 5 3 3 -17 -13 -13 10 -11 4 2 9 16 -10 5 15 4 -13 -3 -10 -16 6 13 -26
20 4 -2 23 -4 -10 -3 -25 -8 -13 -22 -12 8 -17 14 -17 20 2 -7 -12 -12 10 -2 -5 -1 9 6 -19 6 24 12 -9 12 11 -12 21 1 -2 -4 13 21 5 3 3 -17 -13 -13 10 -11 4 2 9 16 -10 5 15 4 -13 -3 -10 -16 6 13 -26
20 4 -2 23 -4 -10 -3 -25 -8 -13 -22 -12 8 -17 14 -17 20 2 -7 -12 -12 10 -2 -5 -1 9 6 -19 6 24 12 -9 12 11 -12 21 1 -2 -4 13 21 5 3 3 -17 -13 -13 10 -11 4 2 9 16 -10 5 15 4 -13 -3 -10 -16 6 13 -26
20 4 -2 23 -4 -10 -3 -25 -8 -13 -22 -12 8 -17 14 -17 20 2 -7 -12 -12 10 -2 -5 -1 9 6 -19 6 24 12 -9 12 11 -12 21 1 -2 -4 13 21 5 3 3 -17 -13 -13 10 -11 4 2 9 16 -10 5 15 4 -13 -3 -10 -16 6 13 -26
20 4 -2 23 -4 -10 -3 -25 -8 -13 -22 -12 8 -17 14 -17 20 2 -7 -12 -12 10 -2 -5 -1 9 6 -19 6 24 12 -9 12 11 -12 21 1 -2 -4 13 21 5 3 3 -17 -13 -13 10 -11 4 2 9 16 -10 5 15 4 -13 -3 -10 -16 6 13 -26
20 4 -2 23 -4 -10 -3 -25 -8 -13 -22 -12 8 -17 14 -17 20 2 -7 -12 -12 10 -2 -5 -1 9 6 -19 6 24 12 -9 12 11 -12 21 1 -2 -4 13 21 5 3 3 -17 -13 -13 10 -11 4 2 9 16 -10 5 15 4 -13 -3 -10 -16 6 13 -26
20 4 -2 23 -4 -10 -3 -25 -8 -13 -22 -12 8 -17 14 -17 20 2 -7 -12 -12 10 -2 -5 -1 9 6 -19 6 24 12 -9 12 11 -12 21 1 -2 -4 13 21 5 3 3 -17 -13 -13 10 -11 4 2 9 16 -10 5 15 4 -13 -3 -10 -16 6 13 -26
