4 -27 3 14 -35 4 20 48 -9 -31 -8 -8 21 -24 -17 29 9 -22 7 4 0 12 -5 14 3 -51 -26 1 -8 -32 -12 -27 -5 17 -4 -13 48 13 -48 -17 -9 -4 22 13 16 -3 -29 1 -5 31 22 15 11 2 -7 9 -22 5 -5 23 2 17 21 18
-8 -22 10 8 -29 -3 20 49 -21 -37 10 -25 25 -29 -34 25 12 -16 22 14 -5 24 5 30 -1 -47 -19 3 -3 -30 -9 -41 -8 4 -17 -10 45 -1 -42 -24 -17 6 10 6 -5 -2 -30 11 -14 21 25 15 -5 -3 -11 15 -22 11 3 23 4 15 21 18
-7 -25 8 9 -24 -6 15 41 -19 -39 14 -17 19 -22 -26 34 4 -15 21 11 1 29 -1 30 8 -52 -24 4 1 -29 -13 -45 -20 -1 -18 0 53 7 -40 -13 -14 10 15 9 -6 0 -37 5 0 17 21 5 2 5 -9 22 -20 13 8 32 6 17 25 18
-9 -29 5 13 -30 -4 22 40 -20 -39 16 -19 24 -23 -22 30 7 -17 23 12 0 25 2 22 -1 -48 -28 10 -4 -29 -12 -41 -18 1 -18 -1 55 7 -47 -13 -9 6 14 11 -7 -4 -35 4 -7 13 18 6 10 -2 -14 14 -19 9 3 26 4 18 24 16
-16 -28 18 8 -22 -6 28 37 -22 -50 16 -12 25 -25 -23 32 11 -15 25 16 7 27 -1 26 3 -48 -29 13 -2 -32 -13 -51 -10 -7 -18 -3 56 3 -48 -18 -19 12 16 -1 -12 -2 -37 -6 1 13 17 4 -4 0 -14 17 -11 20 8 31 1 20 26 13
-13 -23 14 11 -28 -12 28 39 -18 -40 21 -21 38 -29 -33 27 14 -23 17 21 0 24 -7 33 -1 -41 -19 2 -1 -31 -22 -42 -10 -4 -21 -5 51 -3 -40 -20 -16 4 17 8 -8 -2 -38 -7 -6 8 18 4 -5 1 -10 15 -13 9 9 22 8 19 19 17
-8 -31 11 17 -29 -5 20 43 -20 -37 18 -16 28 -30 -29 26 4 -23 20 15 4 34 7 30 1 -49 -27 2 -4 -31 -12 -43 -9 -5 -21 -2 51 -1 -44 -21 -16 5 18 12 -1 -6 -26 2 -4 23 16 8 7 -8 -10 18 -22 6 10 26 9 22 21 15
-11 -26 16 10 -27 -11 19 43 -16 -40 13 -17 30 -21 -30 33 10 -19 16 18 6 27 -1 21 -5 -46 -23 8 -2 -35 -9 -43 -12 0 -18 -3 50 -1 -44 -17 -10 14 12 9 -5 1 -27 -1 -4 17 24 8 -2 -2 -12 13 -20 11 7 26 5 19 18 13
-8 -29 12 8 -33 -4 9 40 -16 -31 11 -20 25 -33 -32 29 7 -14 11 14 -1 27 1 28 2 -44 -24 1 -2 -28 -9 -39 -12 -3 -22 -4 44 3 -40 -21 -13 4 10 5 1 -6 -26 12 -3 16 25 7 4 -7 -11 16 -26 13 8 18 6 14 19 9
-5 -31 25 6 -34 -19 13 32 -25 -27 23 -12 26 -25 -41 21 8 -15 12 29 6 40 7 28 1 -49 -24 -5 -1 -29 -21 -44 -16 -1 -17 -3 39 2 -31 -26 -16 13 19 0 -16 3 -35 1 4 25 22 3 -3 12 -14 24 -14 27 -7 36 3 11 13 16
-6 -30 10 6 -26 -7 15 41 -17 -35 18 -16 23 -30 -25 26 9 -15 16 20 -3 25 3 29 3 -49 -21 4 2 -31 -8 -42 -12 3 -22 -2 46 1 -48 -16 -9 6 19 5 -1 -1 -27 4 -2 16 15 5 8 -2 -13 24 -21 9 8 25 6 12 17 16
-12 -32 14 6 -28 -4 22 39 -17 -36 19 -22 25 -27 -30 30 3 -16 15 10 -3 27 -1 25 -3 -49 -21 1 0 -25 -14 -42 -18 2 -20 5 48 -3 -41 -18 -18 5 10 8 -3 0 -31 9 -2 7 25 7 6 -5 -14 17 -18 10 6 26 2 17 16 12
-7 -29 8 8 -33 -4 21 39 -10 -33 16 -12 21 -24 -26 29 12 -17 18 13 -4 23 -2 27 -1 -53 -24 2 0 -28 -11 -41 -13 1 -15 -6 53 1 -43 -22 -5 -2 15 9 2 -1 -34 9 -7 8 17 11 8 -9 -12 13 -22 1 3 22 8 18 18 14
-4 -22 18 6 -26 -7 15 39 -15 -36 14 -17 30 -27 -31 31 8 -13 21 20 -2 24 -3 29 2 -42 -29 0 -2 -31 -11 -43 -13 -9 -21 -9 51 -1 -40 -23 -21 7 14 5 -1 -7 -29 -5 0 13 17 10 0 -6 -14 20 -18 8 5 28 7 14 20 12
-7 -27 9 12 -30 -14 13 35 -21 -27 21 -15 30 -21 -22 26 1 -9 17 16 6 31 3 31 -2 -45 -27 -18 -2 -36 -14 -43 -19 0 -20 -9 52 0 -38 -25 -21 15 20 3 -13 5 -30 3 -7 18 21 -1 2 6 -11 17 -20 25 1 26 2 19 21 15
-10 -29 5 15 -27 -7 11 39 -14 -30 10 -17 26 -24 -24 24 8 -19 15 9 -4 19 1 26 -8 -50 -18 -2 -1 -29 -12 -42 -9 1 -16 -5 47 4 -38 -22 -19 5 14 14 -6 -5 -28 11 -6 14 19 8 1 -4 -11 23 -18 11 5 22 2 20 21 14
-9 -28 21 8 -33 1 15 36 -17 -39 17 -18 32 -24 -30 28 10 -13 22 13 -10 31 0 30 12 -44 -25 2 3 -30 -11 -48 -8 -7 -15 1 52 -3 -44 -23 -21 9 16 6 -7 -2 -31 1 -1 15 23 6 -5 -7 -18 17 -19 8 8 27 14 24 17 13
-13 -24 12 12 -31 -7 21 36 -21 -36 17 -12 27 -20 -22 32 5 -18 15 12 -6 28 0 27 4 -49 -23 1 -2 -29 -10 -41 -15 1 -20 2 50 6 -47 -15 -11 5 17 5 -2 2 -34 3 -3 10 16 6 2 1 -13 23 -20 12 2 23 8 18 22 19
-10 -21 15 11 -27 0 18 40 -13 -32 17 -20 20 -23 -20 37 10 -14 19 5 -4 21 4 29 -3 -48 -19 -1 3 -30 -13 -47 -8 -1 -16 -1 49 2 -44 -13 -13 14 17 7 -4 1 -30 0 -6 12 17 4 1 -4 -11 17 -21 14 6 29 3 22 20 18
-12 -23 17 12 -24 -2 22 40 -16 -44 23 -18 22 -30 -26 33 10 -14 20 17 -1 29 0 26 2 -46 -25 10 -1 -32 -9 -46 -5 -3 -19 -6 54 -4 -45 -18 -11 5 18 3 -9 -1 -33 2 -3 14 16 9 2 -8 -14 17 -20 18 7 29 8 20 26 13
-12 -20 17 12 -26 -5 21 45 -20 -40 16 -18 24 -25 -25 39 7 -19 13 10 1 26 -1 31 -1 -48 -27 3 -4 -29 -12 -46 -11 -3 -16 -4 57 4 -50 -17 -10 11 19 5 -3 -5 -35 5 -4 14 21 5 10 -7 -16 22 -16 11 7 32 5 22 23 11
-12 -20 19 5 -33 -9 18 35 -23 -35 25 -8 29 -22 -27 32 14 -16 20 22 0 33 3 25 1 -49 -25 -14 5 -26 -7 -49 -13 2 -21 1 46 0 -44 -28 -11 11 10 9 -10 9 -31 9 -8 23 21 -6 7 3 -17 28 -7 23 -1 33 -2 13 28 9
-5 -18 2 12 -26 -5 24 42 -25 -46 7 -5 17 -22 -9 43 6 -19 20 4 1 23 -2 11 -2 -47 -33 4 -5 -32 -14 -39 -12 10 -9 -11 65 8 -59 -14 3 2 19 14 -2 8 -36 0 -5 15 16 7 11 7 -16 11 -14 11 7 42 1 18 24 13
-1 -29 3 8 -30 -3 14 40 -19 -23 4 -18 31 -16 -28 23 3 -16 15 13 3 23 2 23 10 -53 -20 -8 4 -29 -9 -33 -11 4 -23 -9 33 -2 -31 -16 -19 9 5 9 -16 -2 -19 6 -5 24 21 10 2 -3 0 23 -19 8 -4 16 15 17 19 11
1 -25 7 14 -33 -1 7 41 -24 -30 16 -19 33 -19 -28 27 1 -1 9 26 11 36 -7 32 11 -50 -28 -16 5 -33 -14 -39 -18 8 -22 -4 42 1 -36 -23 -14 16 7 1 -20 5 -23 3 -3 23 22 12 3 -3 -11 17 -11 22 -1 20 8 17 25 16
-2 -23 2 8 -29 -1 11 40 -21 -33 11 -18 22 -24 -24 31 7 -19 14 14 -5 26 4 26 3 -50 -26 -2 3 -27 -8 -42 -19 5 -23 -4 46 6 -41 -19 -14 9 10 7 -6 2 -28 7 -6 15 25 9 3 -6 -10 16 -19 7 4 24 8 19 20 15
-10 -29 15 10 -25 -3 20 40 -22 -48 18 -15 25 -30 -21 33 4 -19 25 20 0 25 2 25 8 -48 -30 12 1 -29 -15 -52 -11 -4 -14 -2 50 2 -46 -14 -18 16 14 5 -13 5 -38 -8 -6 12 19 13 -1 3 -9 22 -12 17 11 35 7 24 23 15
-18 -30 17 4 -27 -5 27 39 -20 -40 18 -23 32 -30 -24 37 5 -24 12 15 0 26 3 28 -2 -46 -25 1 -1 -27 -19 -40 -11 -2 -14 -5 52 -2 -45 -11 -20 12 14 8 -5 0 -33 0 -1 14 14 13 1 -5 -14 10 -12 11 2 20 3 20 24 22
-11 -32 20 20 -27 -6 14 38 -16 -36 23 -17 27 -28 -25 35 10 -14 15 15 1 33 9 28 0 -48 -28 -1 1 -30 -9 -48 -12 -6 -16 -6 49 0 -48 -14 -15 7 15 8 -2 0 -28 2 -5 14 14 9 11 -6 -11 20 -18 15 5 28 5 15 17 15
-10 -30 17 5 -26 -1 9 32 -10 -31 16 -15 35 -23 -33 28 11 -17 4 8 4 33 5 26 2 -44 -17 -3 3 -34 -10 -41 -13 -7 -19 -5 40 0 -30 -15 -21 14 6 7 -2 -6 -25 4 -1 10 19 9 -5 -12 -11 19 -20 11 2 15 9 15 18 11
-6 -28 3 9 -28 -1 11 39 -19 -37 12 -16 27 -26 -25 29 11 -15 17 18 5 23 2 28 7 -42 -29 -3 0 -31 -13 -41 -13 3 -20 -7 49 9 -40 -15 -17 12 12 8 -3 -2 -27 6 -4 17 19 7 9 -5 -12 15 -23 10 5 22 9 16 24 8
-8 -29 6 10 -31 -3 19 40 -21 -42 11 -16 25 -28 -30 30 8 -18 16 18 7 29 2 28 2 -40 -31 2 4 -34 -16 -38 -11 -2 -23 -8 52 8 -46 -17 -17 8 15 5 -2 -2 -27 -1 -3 17 18 7 6 -5 -11 11 -24 13 4 29 13 17 21 10
-10 -29 15 9 -27 1 24 44 -21 -40 17 -20 20 -27 -26 33 4 -14 14 12 1 32 -1 27 3 -49 -19 2 7 -28 -8 -42 -15 2 -27 1 47 5 -40 -16 -18 13 20 8 1 -3 -28 6 -3 13 17 7 7 -5 -11 14 -15 10 8 20 4 17 21 12
-6 -29 9 12 -29 -6 17 44 -18 -35 16 -12 26 -21 -24 34 10 -20 15 11 1 22 1 22 0 -51 -28 4 -1 -32 -13 -41 -10 2 -19 -11 52 5 -46 -24 -13 14 11 5 -2 -3 -36 0 -3 12 18 11 5 -1 -12 19 -23 11 5 28 4 25 23 14
-8 -31 17 7 -30 -1 16 36 -18 -39 22 -16 25 -27 -23 34 6 -14 19 12 -7 32 3 22 2 -47 -22 4 5 -33 -9 -47 -10 -4 -18 -2 52 1 -44 -22 -17 9 12 10 -8 -1 -35 6 -8 14 16 6 5 0 -16 16 -20 12 12 24 8 22 19 11
-7 -28 10 9 -26 -3 17 37 -18 -32 8 -17 20 -20 -21 30 7 -16 11 7 -7 25 4 26 1 -45 -26 -1 5 -32 -8 -41 -11 1 -19 -6 50 5 -41 -17 -18 9 15 10 -1 1 -31 4 -2 13 13 6 8 -3 -9 14 -19 6 6 22 7 19 27 15
-2 -22 13 6 -24 0 20 35 -18 -33 20 -15 21 -28 -22 31 6 -16 8 11 -2 28 2 31 0 -51 -20 0 6 -28 -9 -41 -11 -2 -19 -1 48 1 -43 -9 -11 13 17 5 -7 1 -30 0 -5 15 16 6 4 -5 -11 15 -19 13 11 25 11 22 25 11
-11 -24 22 12 -30 -1 19 44 -15 -41 20 -16 24 -23 -20 36 8 -15 15 15 -4 27 5 29 2 -44 -25 0 2 -35 -11 -44 -14 0 -18 -2 54 3 -43 -14 -17 15 11 3 -3 1 -30 2 -5 11 18 14 1 -12 -13 15 -16 20 8 29 4 19 25 18
-15 -28 14 6 -20 -5 17 38 -14 -37 16 -20 24 -25 -28 36 9 -16 17 16 -4 25 -5 26 0 -45 -25 5 2 -31 -11 -48 -9 -8 -19 -10 54 3 -44 -15 -17 5 12 11 -10 4 -33 -1 -2 17 16 6 9 -2 -12 17 -12 13 11 29 9 19 21 12
-12 -31 12 9 -33 -10 14 32 -19 -31 18 -9 33 -17 -26 32 7 -9 19 18 3 29 2 29 -2 -47 -29 -17 5 -26 -4 -42 -11 6 -17 2 45 0 -42 -21 -14 18 11 -1 -8 5 -28 7 -7 20 19 -7 4 4 -16 25 -3 22 2 30 6 17 22 9
-3 -15 2 12 -24 -3 26 44 -24 -43 4 -7 13 -26 -10 38 3 -21 17 4 1 26 0 12 1 -44 -31 5 -6 -29 -10 -40 -12 7 -4 -11 64 5 -59 -14 3 -2 20 13 2 8 -33 0 -2 14 14 9 14 3 -16 14 -13 14 7 36 0 15 22 15
-8 -25 2 17 -33 -10 10 41 -10 -32 5 -12 30 -29 -22 31 6 -14 15 16 13 21 -1 24 8 -49 -23 -5 -2 -33 0 -29 -7 9 -21 1 38 0 -39 -28 -12 12 16 10 -14 2 -15 6 -7 26 21 -1 4 -2 -8 12 -21 12 -10 15 7 22 25 11
-8 -25 2 17 -33 -10 10 41 -10 -32 5 -12 30 -29 -22 31 6 -14 15 16 13 21 -1 24 8 -49 -23 -5 -2 -33 0 -29 -7 9 -21 1 38 0 -39 -28 -12 12 16 10 -14 2 -15 6 -7 26 21 -1 4 -2 -8 12 -21 12 -10 15 7 22 25 11
-8 -25 2 17 -33 -10 10 41 -10 -32 5 -12 30 -29 -22 31 6 -14 15 16 13 21 -1 24 8 -49 -23 -5 -2 -33 0 -29 -7 9 -21 1 38 0 -39 -28 -12 12 16 10 -14 2 -15 6 -7 26 21 -1 4 -2 -8 12 -21 12 -10 15 7 22 25 11
-8 -25 2 17 -33 -10 10 41 -10 -32 5 -12 30 -29 -22 31 6 -14 15 16 13 21 -1 24 8 -49 -23 -5 -2 -33 0 -29 -7 9 -21 1 38 0 -39 -28 -12 12 16 10 -14 2 -15 6 -7 26 21 -1 4 -2 -8 12 -21 12 -10 15 7 22 25 11
-8 -25 2 17 -33 -10 10 41 -10 -32 5 -12 30 -29 -22 31 6 -14 15 16 13 21 -1 24 8 -49 -23 -5 -2 -33 0 -29 -7 9 -21 1 38 0 -39 -28 -12 12 16 10 -14 2 -15 6 -7 26 21 -1 4 -2 -8 12 -21 12 -10 15 7 22 25 11
-8 -25 2 17 -33 -10 10 41 -10 -32 5 -12 30 -29 -22 31 6 -14 15 16 13 21 -1 24 8 -49 -23 -5 -2 -33 0 -29 -7 9 -21 1 38 0 -39 -28 -12 12 16 10 -14 2 -15 6 -7 26 21 -1 4 -2 -8 12 -21 12 -10 15 7 22 25 11
-8 -25 2 17 -33 -10 10 41 -10 -32 5 -12 30 -29 -22 31 6 -14 15 16 13 21 -1 24 8 -49 -23 -5 -2 -33 0 -29 -7 9 -21 1 38 0 -39 -28 -12 12 16 10 -14 2 -15 6 -7 26 21 -1 4 -2 -8 12 -21 12 -10 15 7 22 25 11
-8 -25 2 17 -33 -10 10 41 -10 -32 5 -12 30 -29 -22 31 6 -14 15 16 13 21 -1 24 8 -49 -23 -5 -2 -33 0 -29 -7 9 -21 1 38 0 -39 -28 -12 12 16 10 -14 2 -15 6 -7 26 21 -1 4 -2 -8 12 -21 12 -10 15 7 22 25 11
-8 -25 2 17 -33 -10 10 41 -10 -32 5 -12 30 -29 -22 31 6 -14 15 16 13 21 -1 24 8 -49 -23 -5 -2 -33 0 -29 -7 9 -21 1 38 0 -39 -28 -12 12 16 10 -14 2 -15 6 -7 26 21 -1 4 -2 -8 12 -21 12 -10 15 7 22 25 11
-8 -25 2 17 -33 -10 10 41 -10 -32 5 -12 30 -29 -22 31 6 -14 15 16 13 21 -1 24 8 -49 -23 -5 -2 -33 0 -29 -7 9 -21 1 38 0 -39 -28 -12 12 16 10 -14 2 -15 6 -7 26 21 -1 4 -2 -8 12 -21 12 -10 15 7 22 25 11
-8 -25 2 17 -33 -10 10 41 -10 -32 5 -12 30 -29 -22 31 6 -14 15 16 13 21 -1 24 8 -49 -23 -5 -2 -33 0 -29 -7 9 -21 1 38 0 -39 -28 -12 12 16 10 -14 2 -15 6 -7 26 21 -1 4 -2 -8 12 -21 12 -10 15 7 22 25 11
-8 -25 2 17 -33 -10 10 41 -10 -32 5 -12 30 -29 -22 31 6 -14 15 16 13 21 -1 24 8 -49 -23 -5 -2 -33 0 -29 -7 9 -21 1 38 0 -39 -28 -12 12 16 10 -14 2 -15 6 -7 26 21 -1 4 -2 -8 12 -21 12 -10 15 7 22 25 11
-8 -25 2 17 -33 -10 10 41 -10 -32 5 -12 30 -29 -22 31 6 -14 15 16 13 21 -1 24 8 -49 -23 -5 -2 -33 0 -29 -7 9 -21 1 38 0 -39 -28 -12 12 16 10 -14 2 -15 6 -7 26 21 -1 4 -2 -8 12 -21 12 -10 15 7 22 25 11
-8 -25 2 17 -33 -10 10 41 -10 -32 5 -12 30 -29 -22 31 6 -14 15 16 13 21 -1 24 8 -49 -23 -5 -2 -33 0 -29 -7 9 -21 1 38 0 -39 -28 -12 12 16 10 -14 2 -15 6 -7 26 21 -1 4 -2 -8 12 -21 12 -10 15 7 22 25 11
-8 -25 2 17 -33 -10 10 41 -10 -32 5 -12 30 -29 -22 31 6 -14 15 16 13 21 -1 24 8 -49 -23 -5 -2 -33 0 -29 -7 9 -21 1 38 0 -39 -28 -12 12 16 10 -14 2 -15 6 -7 26 21 -1 4 -2 -8 12 -21 12 -10 15 7 22 25 11
-8 -25 2 17 -33 -10 10 41 -10 -32 5 -12 30 -29 -22 31 6 -14 15 16 13 21 -1 24 8 -49 -23 -5 -2 -33 0 -29 -7 9 -21 1 38 0 -39 -28 -12 12 16 10 -14 2 -15 6 -7 26 21 -1 4 -2 -8 12 -21 12 -10 15 7 22 25 11
-8 -25 2 17 -33 -10 10 41 -10 -32 5 -12 30 -29 -22 31 6 -14 15 16 13 21 -1 24 8 -49 -23 -5 -2 -33 0 -29 -7 9 -21 1 38 0 -39 -28 -12 12 16 10 -14 2 -15 6 -7 26 21 -1 4 -2 -8 12 -21 12 -10 15 7 22 25 11
-8 -25 2 17 -33 -10 10 41 -10 -32 5 -12 30 -29 -22 31 6 -14 15 16 13 21 -1 24 8 -49 -23 -5 -2 -33 0 -29 -7 9 -21 1 38 0 -39 -28 -12 12 16 10 -14 2 -15 6 -7 26 21 -1 4 -2 -8 12 -21 12 -10 15 7 22 25 11
-8 -25 2 17 -33 -10 10 41 -10 -32 5 -12 30 -29 -22 31 6 -14 15 16 13 21 -1 24 8 -49 -23 -5 -2 -33 0 -29 -7 9 -21 1 38 0 -39 -28 -12 12 16 10 -14 2 -15 6 -7 26 21 -1 4 -2 -8 12 -21 12 -10 15 7 22 25 11
-8 -25 2 17 -33 -10 10 41 -10 -32 5 -12 30 -29 -22 31 6 -14 15 16 13 21 -1 24 8 -49 -23 -5 -2 -33 0 -29 -7 9 -21 1 38 0 -39 -28 -12 12 16 10 -14 2 -15 6 -7 26 21 -1 4 -2 -8 12 -21 12 -10 15 7 22 25 11
-8 -25 2 17 -33 -10 10 41 -10 -32 5 -12 30 -29 -22 31 6 -14 15 16 13 21 -1 24 8 -49 -23 -5 -2 -33 0 -29 -7 9 -21 1 38 0 -39 -28 -12 12 16 10 -14 2 -15 6 -7 26 21 -1 4 -2 -8 12 -21 12 -10 15 7 22 25 11
-8 -25 2 17 -33 -10 10 41 -10 -32 5 -12 30 -29 -22 31 6 -14 15 16 13 21 -1 24 8 -49 -23 -5 -2 -33 0 -29 -7 9 -21 1 38 0 -39 -28 -12 12 16 10 -14 2 -15 6 -7 26 21 -1 4 -2 -8 12 -21 12 -10 15 7 22 25 11
-8 -25 2 17 -33 -10 10 41 -10 -32 5 -12 30 -29 -22 31 6 -14 15 16 13 21 -1 24 8 -49 -23 -5 -2 -33 0 -29 -7 9 -21 1 38 0 -39 -28 -12 12 16 10 -14 2 -15 6 -7 26 21 -1 4 -2 -8 12 -21 12 -10 15 7 22 25 11
-8 -25 2 17 -33 -10 10 41 -10 -32 5 -12 30 -29 -22 31 6 -14 15 16 13 21 -1 24 8 -49 -23 -5 -2 -33 0 -29 -7 9 -21 1 38 0 -39 -28 -12 12 16 10 -14 2 -15 6 -7 26 21 -1 4 -2 -8 12 -21 12 -10 15 7 22 25 11
-8 -25 2 17 -33 -10 10 41 -10 -32 5 -12 30 -29 -22 31 6 -14 15 16 13 21 -1 24 8 -49 -23 -5 -2 -33 0 -29 -7 9 -21 1 38 0 -39 -28 -12 12 16 10 -14 2 -15 6 -7 26 21 -1 4 -2 -8 12 -21 12 -10 15 7 22 25 11
-8 -25 2 17 -33 -10 10 41 -10 -32 5 -12 30 -29 -22 31 6 -14 15 16 13 21 -1 24 8 -49 -23 -5 -2 -33 0 -29 -7 9 -21 1 38 0 -39 -28 -12 12 16 10 -14 2 -15 6 -7 26 21 -1 4 -2 -8 12 -21 12 -10 15 7 22 25 11
-8 -25 2 17 -33 -10 10 41 -10 -32 5 -12 30 -29 -22 31 6 -14 15 16 13 21 -1 24 8 -49 -23 -5 -2 -33 0 -29 -7 9 -21 1 38 0 -39 -28 -12 12 16 10 -14 2 -15 6 -7 26 21 -1 4 -2 -8 12 -21 12 -10 15 7 22 25 11
-8 -25 2 17 -33 -10 10 41 -10 -32 5 -12 30 -29 -22 31 6 -14 15 16 13 21 -1 24 8 -49 -23 -5 -2 -33 0 -29 -7 9 -21 1 38 0 -39 -28 -12 12 16 10 -14 2 -15 6 -7 26 21 -1 4 -2 -8 12 -21 12 -10 15 7 22 25 11
-8 -25 2 17 -33 -10 10 41 -10 -32 5 -12 30 -29 -22 31 6 -14 15 16 13 21 -1 24 8 -49 -23 -5 -2 -33 0 -29 -7 9 -21 1 38 0 -39 -28 -12 12 16 10 -14 2 -15 6 -7 26 21 -1 4 -2 -8 12 -21 12 -10 15 7 22 25 11
-8 -25 2 17 -33 -10 10 41 -10 -32 5 -12 30 -29 -22 31 6 -14 15 16 13 21 -1 24 8 -49 -23 -5 -2 -33 0 -29 -7 9 -21 1 38 0 -39 -28 -12 12 16 10 -14 2 -15 6 -7 26 21 -1 4 -2 -8 12 -21 12 -10 15 7 22 25 11
-8 -25 2 17 -33 -10 10 41 -10 -32 5 -12 30 -29 -22 31 6 -14 15 16 13 21 -1 24 8 -49 -23 -5 -2 -33 0 -29 -7 9 -21 1 38 0 -39 -28 -12 12 16 10 -14 2 -15 6 -7 26 21 -1 4 -2 -8 12 -21 12 -10 15 7 22 25 11
-8 -25 2 17 -33 -10 10 41 -10 -32 5 -12 30 -29 -22 31 6 -14 15 16 13 21 -1 24 8 -49 -23 -5 -2 -33 0 -29 -7 9 -21 1 38 0 -39 -28 -12 12 16 10 -14 2 -15 6 -7 26 21 -1 4 -2 -8 12 -21 12 -10 15 7 22 25 11
-8 -25 2 17 -33 -10 10 41 -10 -32 5 -12 30 -29 -22 31 6 -14 15 16 13 21 -1 24 8 -49 -23 -5 -2 -33 0 -29 -7 9 -21 1 38 0 -39 -28 -12 12 16 10 -14 2 -15 6 -7 26 21 -1 4 -2 -8 12 -21 12 -10 15 7 22 25 11
-8 -25 2 17 -33 -10 10 41 -10 -32 5 -12 30 -29 -22 31 6 -14 15 16 13 21 -1 24 8 -49 -23 -5 -2 -33 0 -29 -7 9 -21 1 38 0 -39 -28 -12 12 16 10 -14 2 -15 6 -7 26 21 -1 4 -2 -8 12 -21 12 -10 15 7 22 25 11
-8 -25 2 17 -33 -10 10 41 -10 -32 5 -12 30 -29 -22 31 6 -14 15 16 13 21 -1 24 8 -49 -23 -5 -2 -33 0 -29 -7 9 -21 1 38 0 -39 -28 -12 12 16 10 -14 2 -15 6 -7 26 21 -1 4 -2 -8 12 -21 12 -10 15 7 22 25 11
-8 -25 2 17 -33 -10 10 41 -10 -32 5 -12 30 -29 -22 31 6 -14 15 16 13 21 -1 24 8 -49 -23 -5 -2 -33 0 -29 -7 9 -21 1 38 0 -39 -28 -12 12 16 10 -14 2 -15 6 -7 26 21 -1 4 -2 -8 12 -21 12 -10 15 7 22 25 11
-8 -25 2 17 -33 -10 10 41 -10 -32 5 -12 30 -29 -22 31 6 -14 15 16 13 21 -1 24 8 -49 -23 -5 -2 -33 0 -29 -7 9 -21 1 38 0 -39 -28 -12 12 16 10 -14 2 -15 6 -7 26 21 -1 4 -2 -8 12 -21 12 -10 15 7 22 25 11
-8 -25 2 17 -33 -10 10 41 -10 -32 5 -12 30 -29 -22 31 6 -14 15 16 13 21 -1 24 8 -49 -23 -5 -2 -33 0 -29 -7 9 -21 1 38 0 -39 -28 -12 12 16 10 -14 2 -15 6 -7 26 21 -1 4 -2 -8 12 -21 12 -10 15 7 22 25 11
-8 -25 2 17 -33 -10 10 41 -10 -32 5 -12 30 -29 -22 31 6 -14 15 16 13 21 -1 24 8 -49 -23 -5 -2 -33 0 -29 -7 9 -21 1 38 0 -39 -28 -12 12 16 10 -14 2 -15 6 -7 26 21 -1 4 -2 -8 12 -21 12 -10 15 7 22 25 11
-8 -25 2 17 -33 -10 10 41 -10 -32 5 -12 30 -29 -22 31 6 -14 15 16 13 21 -1 24 8 -49 -23 -5 -2 -33 0 -29 -7 9 -21 1 38 0 -39 -28 -12 12 16 10 -14 2 -15 6 -7 26 21 -1 4 -2 -8 12 -21 12 -10 15 7 22 25 11
-8 -25 2 17 -33 -10 10 41 -10 -32 5 -12 30 -29 -22 31 6 -14 15 16 13 21 -1 24 8 -49 -23 -5 -2 -33 0 -29 -7 9 -21 1 38 0 -39 -28 -12 12 16 10 -14 2 -15 6 -7 26 21 -1 4 -2 -8 12 -21 12 -10 15 7 22 25 11
-8 -25 2 17 -33 -10 10 41 -10 -32 5 -12 30 -29 -22 31 6 -14 15 16 13 21 -1 24 8 -49 -23 -5 -2 -33 0 -29 -7 9 -21 1 38 0 -39 -28 -12 12 16 10 -14 2 -15 6 -7 26 21 -1 4 -2 -8 12 -21 12 -10 15 7 22 25 11
-8 -25 2 17 -33 -10 10 41 -10 -32 5 -12 30 -29 -22 31 6 -14 15 16 13 21 -1 24 8 -49 -23 -5 -2 -33 0 -29 -7 9 -21 1 38 0 -39 -28 -12 12 16 10 -14 2 -15 6 -7 26 21 -1 4 -2 -8 12 -21 12 -10 15 7 22 25 11
-8 -25 2 17 -33 -10 10 41 -10 -32 5 -12 30 -29 -22 31 6 -14 15 16 13 21 -1 24 8 -49 -23 -5 -2 -33 0 -29 -7 9 -21 1 38 0 -39 -28 -12 12 16 10 -14 2 -15 6 -7 26 21 -1 4 -2 -8 12 -21 12 -10 15 7 22 25 11
-8 -25 2 17 -33 -10 10 41 -10 -32 5 -12 30 -29 -22 31 6 -14 15 16 13 21 -1 24 8 -49 -23 -5 -2 -33 0 -29 -7 9 -21 1 38 0 -39 -28 -12 12 16 10 -14 2 -15 6 -7 26 21 -1 4 -2 -8 12 -21 12 -10 15 7 22 25 11
-8 -25 2 17 -33 -10 10 41 -10 -32 5 -12 30 -29 -22 31 6 -14 15 16 13 21 -1 24 8 -49 -23 -5 -2 -33 0 -29 -7 9 -21 1 38 0 -39 -28 -12 12 16 10 -14 2 -15 6 -7 26 21 -1 4 -2 -8 12 -21 12 -10 15 7 22 25 11
-8 -25 2 17 -33 -10 10 41 -10 -32 5 -12 30 -29 -22 31 6 -14 15 16 13 21 -1 24 8 -49 -23 -5 -2 -33 0 -29 -7 9 -21 1 38 0 -39 -28 -12 12 16 10 -14 2 -15 6 -7 26 21 -1 4 -2 -8 12 -21 12 -10 15 7 22 25 11
-8 -25 2 17 -33 -10 10 41 -10 -32 5 -12 30 -29 -22 31 6 -14 15 16 13 21 -1 24 8 -49 -23 -5 -2 -33 0 -29 -7 9 -21 1 38 0 -39 -28 -12 12 16 10 -14 2 -15 6 -7 26 21 -1 4 -2 -8 12 -21 12 -10 15 7 22 25 11
-8 -25 2 17 -33 -10 10 41 -10 -32 5 -12 30 -29 -22 31 6 -14 15 16 13 21 -1 24 8 -49 -23 -5 -2 -33 0 -29 -7 9 -21 1 38 0 -39 -28 -12 12 16 10 -14 2 -15 6 -7 26 21 -1 4 -2 -8 12 -21 12 -10 15 7 22 25 11
-8 -25 2 17 -33 -10 10 41 -10 -32 5 -12 30 -29 -22 31 6 -14 15 16 13 21 -1 24 8 -49 -23 -5 -2 -33 0 -29 -7 9 -21 1 38 0 -39 -28 -12 12 16 10 -14 2 -15 6 -7 26 21 -1 4 -2 -8 12 -21 12 -10 15 7 22 25 11
-8 -25 2 17 -33 -10 10 41 -10 -32 5 -12 30 -29 -22 31 6 -14 15 16 13 21 -1 24 8 -49 -23 -5 -2 -33 0 -29 -7 9 -21 1 38 0 -39 -28 -12 12 16 10 -14 2 -15 6 -7 26 21 -1 4 -2 -8 12 -21 12 -10 15 7 22 25 11
-8 -25 2 17 -33 -10 10 41 -10 -32 5 -12 30 -29 -22 31 6 -14 15 16 13 21 -1 24 8 -49 -23 -5 -2 -33 0 -29 -7 9 -21 1 38 0 -39 -28 -12 12 16 10 -14 2 -15 6 -7 26 21 -1 4 -2 -8 12 -21 12 -10 15 7 22 25 11
-8 -25 2 17 -33 -10 10 41 -10 -32 5 -12 30 -29 -22 31 6 -14 15 16 13 21 -1 24 8 -49 -23 -5 -2 -33 0 -29 -7 9 -21 1 38 0 -39 -28 -12 12 16 10 -14 2 -15 6 -7 26 21 -1 4 -2 -8 12 -21 12 -10 15 7 22 25 11
-8 -25 2 17 -33 -10 10 41 -10 -32 5 -12 30 -29 -22 31 6 -14 15 16 13 21 -1 24 8 -49 -23 -5 -2 -33 0 -29 -7 9 -21 1 38 0 -39 -28 -12 12 16 10 -14 2 -15 6 -7 26 21 -1 4 -2 -8 12 -21 12 -10 15 7 22 25 11
-8 -25 2 17 -33 -10 10 41 -10 -32 5 -12 30 -29 -22 31 6 -14 15 16 13 21 -1 24 8 -49 -23 -5 -2 -33 0 -29 -7 9 -21 1 38 0 -39 -28 -12 12 16 10 -14 2 -15 6 -7 26 21 -1 4 -2 -8 12 -21 12 -10 15 7 22 25 11
-8 -25 2 17 -33 -10 10 41 -10 -32 5 -12 30 -29 -22 31 6 -14 15 16 13 21 -1 24 8 -49 -23 -5 -2 -33 0 -29 -7 9 -21 1 38 0 -39 -28 -12 12 16 10 -14 2 -15 6 -7 26 21 -1 4 -2 -8 12 -21 12 -10 15 7 22 25 11
-8 -25 2 17 -33 -10 10 41 -10 -32 5 -12 30 -29 -22 31 6 -14 15 16 13 21 -1 24 8 -49 -23 -5 -2 -33 0 -29 -7 9 -21 1 38 0 -39 -28 -12 12 16 10 -14 2 -15 6 -7 26 21 -1 4 -2 -8 12 -21 12 -10 15 7 22 25 11
-8 -25 2 17 -33 -10 10 41 -10 -32 5 -12 30 -29 -22 31 6 -14 15 16 13 21 -1 24 8 -49 -23 -5 -2 -33 0 -29 -7 9 -21 1 38 0 -39 -28 -12 12 16 10 -14 2 -15 6 -7 26 21 -1 4 -2 -8 12 -21 12 -10 15 7 22 25 11
-8 -25 2 17 -33 -10 10 41 -10 -32 5 -12 30 -29 -22 31 6 -14 15 16 13 21 -1 24 8 -49 -23 -5 -2 -33 0 -29 -7 9 -21 1 38 0 -39 -28 -12 12 16 10 -14 2 -15 6 -7 26 21 -1 4 -2 -8 12 -21 12 -10 15 7 22 25 11
-8 -25 2 17 -33 -10 10 41 -10 -32 5 -12 30 -29 -22 31 6 -14 15 16 13 21 -1 24 8 -49 -23 -5 -2 -33 0 -29 -7 9 -21 1 38 0 -39 -28 -12 12 16 10 -14 2 -15 6 -7 26 21 -1 4 -2 -8 12 -21 12 -10 15 7 22 25 11
-8 -25 2 17 -33 -10 10 41 -10 -32 5 -12 30 -29 -22 31 6 -14 15 16 13 21 -1 24 8 -49 -23 -5 -2 -33 0 -29 -7 9 -21 1 38 0 -39 -28 -12 12 16 10 -14 2 -15 6 -7 26 21 -1 4 -2 -8 12 -21 12 -10 15 7 22 25 11
-8 -25 2 17 -33 -10 10 41 -10 -32 5 -12 30 -29 -22 31 6 -14 15 16 13 21 -1 24 8 -49 -23 -5 -2 -33 0 -29 -7 9 -21 1 38 0 -39 -28 -12 12 16 10 -14 2 -15 6 -7 26 21 -1 4 -2 -8 12 -21 12 -10 15 7 22 25 11
-8 -25 2 17 -33 -10 10 41 -10 -32 5 -12 30 -29 -22 31 6 -14 15 16 13 21 -1 24 8 -49 -23 -5 -2 -33 0 -29 -7 9 -21 1 38 0 -39 -28 -12 12 16 10 -14 2 -15 6 -7 26 21 -1 4 -2 -8 12 -21 12 -10 15 7 22 25 11
-8 -25 2 17 -33 -10 10 41 -10 -32 5 -12 30 -29 -22 31 6 -14 15 16 13 21 -1 24 8 -49 -23 -5 -2 -33 0 -29 -7 9 -21 1 38 0 -39 -28 -12 12 16 10 -14 2 -15 6 -7 26 21 -1 4 -2 -8 12 -21 12 -10 15 7 22 25 11
-8 -25 2 17 -33 -10 10 41 -10 -32 5 -12 30 -29 -22 31 6 -14 15 16 13 21 -1 24 8 -49 -23 -5 -2 -33 0 -29 -7 9 -21 1 38 0 -39 -28 -12 12 16 10 -14 2 -15 6 -7 26 21 -1 4 -2 -8 12 -21 12 -10 15 7 22 25 11
-8 -25 2 17 -33 -10 10 41 -10 -32 5 -12 30 -29 -22 31 6 -14 15 16 13 21 -1 24 8 -49 -23 -5 -2 -33 0 -29 -7 9 -21 1 38 0 -39 -28 -12 12 16 10 -14 2 -15 6 -7 26 21 -1 4 -2 -8 12 -21 12 -10 15 7 22 25 11
-8 -25 2 17 -33 -10 10 41 -10 -32 5 -12 30 -29 -22 31 6 -14 15 16 13 21 -1 24 8 -49 -23 -5 -2 -33 0 -29 -7 9 -21 1 38 0 -39 -28 -12 12 16 10 -14 2 -15 6 -7 26 21 -1 4 -2 -8 12 -21 12 -10 15 7 22 25 11
-8 -25 2 17 -33 -10 10 41 -10 -32 5 -12 30 -29 -22 31 6 -14 15 16 13 21 -1 24 8 -49 -23 -5 -2 -33 0 -29 -7 9 -21 1 38 0 -39 -28 -12 12 16 10 -14 2 -15 6 -7 26 21 -1 4 -2 -8 12 -21 12 -10 15 7 22 25 11
-8 -25 2 17 -33 -10 10 41 -10 -32 5 -12 30 -29 -22 31 6 -14 15 16 13 21 -1 24 8 -49 -23 -5 -2 -33 0 -29 -7 9 -21 1 38 0 -39 -28 -12 12 16 10 -14 2 -15 6 -7 26 21 -1 4 -2 -8 12 -21 12 -10 15 7 22 25 11
-8 -25 2 17 -33 -10 10 41 -10 -32 5 -12 30 -29 -22 31 6 -14 15 16 13 21 -1 24 8 -49 -23 -5 -2 -33 0 -29 -7 9 -21 1 38 0 -39 -28 -12 12 16 10 -14 2 -15 6 -7 26 21 -1 4 -2 -8 12 -21 12 -10 15 7 22 25 11
-8 -25 2 17 -33 -10 10 41 -10 -32 5 -12 30 -29 -22 31 6 -14 15 16 13 21 -1 24 8 -49 -23 -5 -2 -33 0 -29 -7 9 -21 1 38 0 -39 -28 -12 12 16 10 -14 2 -15 6 -7 26 21 -1 4 -2 -8 12 -21 12 -10 15 7 22 25 11
-8 -25 2 17 -33 -10 10 41 -10 -32 5 -12 30 -29 -22 31 6 -14 15 16 13 21 -1 24 8 -49 -23 -5 -2 -33 0 -29 -7 9 -21 1 38 0 -39 -28 -12 12 16 10 -14 2 -15 6 -7 26 21 -1 4 -2 -8 12 -21 12 -10 15 7 22 25 11
-8 -25 2 17 -33 -10 10 41 -10 -32 5 -12 30 -29 -22 31 6 -14 15 16 13 21 -1 24 8 -49 -23 -5 -2 -33 0 -29 -7 9 -21 1 38 0 -39 -28 -12 12 16 10 -14 2 -15 6 -7 26 21 -1 4 -2 -8 12 -21 12 -10 15 7 22 25 11
-8 -25 2 17 -33 -10 10 41 -10 -32 5 -12 30 -29 -22 31 6 -14 15 16 13 21 -1 24 8 -49 -23 -5 -2 -33 0 -29 -7 9 -21 1 38 0 -39 -28 -12 12 16 10 -14 2 -15 6 -7 26 21 -1 4 -2 -8 12 -21 12 -10 15 7 22 25 11
-8 -25 2 17 -33 -10 10 41 -10 -32 5 -12 30 -29 -22 31 6 -14 15 16 13 21 -1 24 8 -49 -23 -5 -2 -33 0 -29 -7 9 -21 1 38 0 -39 -28 -12 12 16 10 -14 2 -15 6 -7 26 21 -1 4 -2 -8 12 -21 12 -10 15 7 22 25 11
-8 -25 2 17 -33 -10 10 41 -10 -32 5 -12 30 -29 -22 31 6 -14 15 16 13 21 -1 24 8 -49 -23 -5 -2 -33 0 -29 -7 9 -21 1 38 0 -39 -28 -12 12 16 10 -14 2 -15 6 -7 26 21 -1 4 -2 -8 12 -21 12 -10 15 7 22 25 11
-8 -25 2 17 -33 -10 10 41 -10 -32 5 -12 30 -29 -22 31 6 -14 15 16 13 21 -1 24 8 -49 -23 -5 -2 -33 0 -29 -7 9 -21 1 38 0 -39 -28 -12 12 16 10 -14 2 -15 6 -7 26 21 -1 4 -2 -8 12 -21 12 -10 15 7 22 25 11
-8 -25 2 17 -33 -10 10 41 -10 -32 5 -12 30 -29 -22 31 6 -14 15 16 13 21 -1 24 8 -49 -23 -5 -2 -33 0 -29 -7 9 -21 1 38 0 -39 -28 -12 12 16 10 -14 2 -15 6 -7 26 21 -1 4 -2 -8 12 -21 12 -10 15 7 22 25 11
-8 -25 2 17 -33 -10 10 41 -10 -32 5 -12 30 -29 -22 31 6 -14 15 16 13 21 -1 24 8 -49 -23 -5 -2 -33 0 -29 -7 9 -21 1 38 0 -39 -28 -12 12 16 10 -14 2 -15 6 -7 26 21 -1 4 -2 -8 12 -21 12 -10 15 7 22 25 11
-8 -25 2 17 -33 -10 10 41 -10 -32 5 -12 30 -29 -22 31 6 -14 15 16 13 21 -1 24 8 -49 -23 -5 -2 -33 0 -29 -7 9 -21 1 38 0 -39 -28 -12 12 16 10 -14 2 -15 6 -7 26 21 -1 4 -2 -8 12 -21 12 -10 15 7 22 25 11
-8 -25 2 17 -33 -10 10 41 -10 -32 5 -12 30 -29 -22 31 6 -14 15 16 13 21 -1 24 8 -49 -23 -5 -2 -33 0 -29 -7 9 -21 1 38 0 -39 -28 -12 12 16 10 -14 2 -15 6 -7 26 21 -1 4 -2 -8 12 -21 12 -10 15 7 22 25 11
-8 -25 2 17 -33 -10 10 41 -10 -32 5 -12 30 -29 -22 31 6 -14 15 16 13 21 -1 24 8 -49 -23 -5 -2 -33 0 -29 -7 9 -21 1 38 0 -39 -28 -12 12 16 10 -14 2 -15 6 -7 26 21 -1 4 -2 -8 12 -21 12 -10 15 7 22 25 11
-8 -25 2 17 -33 -10 10 41 -10 -32 5 -12 30 -29 -22 31 6 -14 15 16 13 21 -1 24 8 -49 -23 -5 -2 -33 0 -29 -7 9 -21 1 38 0 -39 -28 -12 12 16 10 -14 2 -15 6 -7 26 21 -1 4 -2 -8 12 -21 12 -10 15 7 22 25 11
-8 -25 2 17 -33 -10 10 41 -10 -32 5 -12 30 -29 -22 31 6 -14 15 16 13 21 -1 24 8 -49 -23 -5 -2 -33 0 -29 -7 9 -21 1 38 0 -39 -28 -12 12 16 10 -14 2 -15 6 -7 26 21 -1 4 -2 -8 12 -21 12 -10 15 7 22 25 11
-8 -25 2 17 -33 -10 10 41 -10 -32 5 -12 30 -29 -22 31 6 -14 15 16 13 21 -1 24 8 -49 -23 -5 -2 -33 0 -29 -7 9 -21 1 38 0 -39 -28 -12 12 16 10 -14 2 -15 6 -7 26 21 -1 4 -2 -8 12 -21 12 -10 15 7 22 25 11
-8 -25 2 17 -33 -10 10 41 -10 -32 5 -12 30 -29 -22 31 6 -14 15 16 13 21 -1 24 8 -49 -23 -5 -2 -33 0 -29 -7 9 -21 1 38 0 -39 -28 -12 12 16 10 -14 2 -15 6 -7 26 21 -1 4 -2 -8 12 -21 12 -10 15 7 22 25 11
-8 -25 2 17 -33 -10 10 41 -10 -32 5 -12 30 -29 -22 31 6 -14 15 16 13 21 -1 24 8 -49 -23 -5 -2 -33 0 -29 -7 9 -21 1 38 0 -39 -28 -12 12 16 10 -14 2 -15 6 -7 26 21 -1 4 -2 -8 12 -21 12 -10 15 7 22 25 11
