-100610640
-35174792
-131476496
-48734556
-60698248
-20998006
-61583488
-19894222
-71781112
-78701592
-75670136
-89612408
-104474904
-62999840
-41791836
-80218552
-101779600
-59984540
-74776680
-68319688
-56973988
-51286652
-106601968
-59349160
-54074180
-44484684
-70359504
-75849432
-73807344
-34870168
-57432020
-97074320
-77985200
-95139864
-80543760
-87531816
-54190492
-50901808
-44467764
-57651132
-28282224
-118667864
-23296416
-53560000
-68956584
-85651304
-46193388
-68794096
-66538268
-72515888
-38443408
-38599232
-47729160
-146506624
-128926560
-48503924
-30673970
-37933808
-55100184
-78920272
-112870328
-69427776
-188984208
-37107072
-43246456
-70529048
-89621216
-63192180
-106902048
-108383656
-35802076
-35181188
-83371752
-108503088
-12481797
-46039996
-41410972
-55237900
-53266240
-74387056
-100930576
-34815028
-81082520
-121724904
-22892580
-57497032
-99635928
-68382656
-45078856
-40881224
-71453536
-60269976
-12508842
-60487984
-55035872
-80304864
-56160664
-73970016
-29771998
-108164600
-46617472
-62748600
-64832844
-50432224
-112174808
-76542800
-67362552
-113630664
-101757264
-37193576
-49678044
-59780172
-90318464
-53881104
-93379664
-30360332
-84626984
-68853992
-94755280
-30058288
-42142856
-55594668
-81872832
-62353096
-52921936
-52561204
-52910520
-45274008
-42604500
-124452784
-75508136
-43643856
-77760272
-25759492
-51641056
-58358948
-37146004
-42792232
-30402066
-85027232
-117444192
-36090984
-96193736
-118078296
-44599752
-34016276
-27010568
-50076452
-22506972
-87707728
-22897426
-132206824
-44973008
-25719038
-52739816
-77728728
-12677875
-85908968
-78301776
-48977444
-85905032
-133895536
-69000528
-49874032
-163854464
-59393304
-69346088
-121429704
-49367812
-46153384
-24518084
-56451784
-26576310
-38848840
-131815288
-93129752
-125168504
-58188780
-63043184
-92178656
-125841040
-72018696
-198803680
-69848704
-114608048
-83700216
-80856632
-83924072
-33485796
-66581224
-34984312
-51890236
-53515796
-67029204
-72144096
-61521516
-67050956
-56327668
-131863824
-80483576
-27727520
-71738096
-85997768
-47638356
-182298624
-70408728
-95721368
-74326120
-38014812
-31836488
-70221424
-180699664
-85899600
-57178364
-38454052
-69992584
-66719176
-88895504
-45520660
-64096112
-82155728
-99281928
-133769400
-47479088
-35758720
-55969404
-11209221
-36941656
-48740572
-81138600
-81698992
-79268776
-53757744
-57239056
-78225048
-30557704
-76329088
-53252632
-58211716
-114208984
-32027126
-84093416
-110416832
-77407488
-48256968
-46593036
-76626808
-96564896
-57122096
-26139304
-115279016
-93069704
-78770480
-98475760
-67340488
-30700678
-84597808
-23218998
-43325644
-31018648
-143116480
-115957248
-111845704
-75535224
-67601712
-59204644
-88487000
-54376008
-80195600
-74335800
-99860096
-76063560
-27838000
-113268520
-9586774
-86223704
-43411776
-60145172
-65613732
-55749096
-157350128
-35327828
-32272246
-25490332
-44084936
-93000512
-50149884
-38038404
-14945251
-37520760
-36572952
-88954560
-42197512
-134568512
-31121124
-45364116
-47618864
-93384448
-82776224
-73952016
-63119764
-53868308
-77743888
-95328120
-63653412
-59793524
-45541184
-50334000
-91601632
-77242280
-54584020
-67959496
-84589776
-66195796
-20484138
-38721356
-49668636
-62663704
-69238672
-85024856
-72893960
-34702368
-94772928
-49680068
-85705064
-62485932
-59823040
-117654720
-53247056
-59801884
-130580936
-90486400
-78531184
-83897800
-85240320
-75477080
-56895776
-51851520
-96638672
-59600540
-27992942
-99736336
-25150368
-105555040
-43919468
-12379562
-83377920
-23741572
-157729472
-94157616
-67342544
-84753448
-37173528
-85594248
-49252600
-90753904
-81050832
-53865484
-53295572
-75574088
-95918792
-65646904
-107171144
-90235888
-74931712
-36754644
-41326424
-151308336
-72731160
-161417536
-65455260
-49837956
-91436968
-48787088
-59892740
-92458416
-65414252
-133487520
-71355544
-75013624
-79986368
-114153888
-59907840
-57982400
-94986816
-50972692
-51819768
-54105620
-53341228
-97913232
-143557440
-70983528
-84382032
-63923980
-53478164
-44788288
-56109376
-51814268
-81530576
-42351836
-97495560
-112993744
-26758412
-37536948
-27264036
-127842240
-21300556
-118605800
-57967388
-48310692
-18766794
-43310548
-53552960
-63814744
-58625880
-79711312
-73206816
-47743524
-103963944
-122139912
-27732092
-109590504
-104573000
-81128816
-104673896
-43892276
-67307080
-148749664
-85616616
-35318956
-73586304
-59229992
-168486720
-52912000
-56059512
-45428260
-152440784
-50358388
-37865060
-71332416
-26644172
-83157728
-40472336
-44510852
-28837766
-46628924
-79663840
-154726208
-142588032
-70762856
-43510276
-70436784
-57128816
-52824380
-58248476
-145457136
-75962080
-91512048
-157506704
-90910176
-114875968
-87482208
-48559336
-91383720
-90519232
-53279744
-61786232
-139949232
-12604783
-30676304
-46662628
-45838632
-40537624
-94206544
-86962688
-36980124
-50328644
-48767416
-129766976
-93814384
-35754844
-54700336
-55921120
-118513528
-59617312
-70404624
-25899884
-53969136
-37936376
-46043972
-39823608
-54609460
-73386472
-63056564
-64315400
-30369848
-29272808
-50220212
-62810240
-105989560
-46709104
-50547320
-74172016
-193491568
-35995360
-211051056
-80096008
-94236816
-25544280
-33610112
-49786304
-72924456
-52690880
-114478248
-93075064
-53407252
-84473392
-38315344
-83508256
-62844204
-89682992
-18575656
-42742020
-51954172
-74726872
-65128972
-37420636
-115699592
-86397208
-62146420
-58356524
-45166712
-84328288
-83722064
-93863048
-45358516
-46892272
-90026392
-54086156
-136155088
-9086777
-98294208
-25160598
-78660272
-66124792
-74504072
-71373608
-38410112
-53427520
-157374080
-59476108
-69542640
-36259740
-31193458
-35976404
-32574594
-31147354
-55606340
-100436864
-61543960
-83899880
-51016636
-100060392
-31604216
-58070328
-55094852
-67349560
-64823460
-87472896
-90189240
-100727624
-37197228
-155155136
-104861824
-81113336
-109800160
-55992480
-140524768
-32466710
-127781536
-93700992
-53617552
-84390744
-60609612
-39126332
-35166264
-101897384
-85864112
-10050356
-61064340
-78856808
-32752378
-95204432
-40502556
-68137784
-17251280
-91980440
-83498568
-33957720
-97334840
-92199136
-90631168
-71692128
-86715840
-106843216
-57113096
-86453200
-91414032
-67882128
-95088904
-167329392
-67407352
-81411616
-88116184
-56000312
-35568148
-132756328
-66661648
-48154568
-107058352
-49962000
-36699884
-28632734
-94857632
-34453332
-31142260
-101616984
-162741984
-102161128
-77500160
-199208784
-147793712
-73518504
-30358798
-101588544
-11034381
-64429312
-116281160
-34923496
-119620456
-90082864
-47889076
-69168824
-91653104
-82070616
-96673680
-49178864
-27954616
-60335096
-148053792
-120994440
-31416706
-123177632
-22732778
-65357220
-74347512
-47692412
-67650312
-63325400
-149204832
-84593392
-36435560
-52399904
-95721504
-93304848
-50521060
-70197432
-37848900
-42841216
-9592027
-101568920
-85639000
-36784664
-65493080
-48091680
-92503472
-18622800
-32288476
-66891044
-148955664
-84434712
-82130384
-84761512
-67153800
-107576816
-23530346
-19043960
-118572088
-103406840
-80058008
-163610768
-52473844
-55649324
-33068666
-20021376
-26048984
-65454820
-32984556
-132246552
-123131992
-6448152
-109890616
-65878224
-127300272
-30314130
-27777490
-85199464
-65467360
-48627944
-57707908
-115921752
-49976024
-69407848
-69781368
-75027560
-43269132
-9150488
-41305816
-108701024
-56135108
-76198456
-61603040
-39103836
-78795736
-37826132
-47311856
-83761640
-80641032
-100862464
-67859640
-33737684
-142043232
-110809120
-68586648
-109947944
-77994856
-106408976
-58818744
-60599252
-84256160
-64478336
-54774748
-37181568
-42981532
-38304716
-69274992
-47972400
-77436088
-57903348
-73269712
-53980424
-116943808
-48184072
-37767032
-96606608
-35860000
-35248856
-62180808
-54461972
-137358848
-130311592
-51348844
-32823984
-69651720
-77589680
-45431268
-179078624
-75928880
-54702336
-64478592
-65726640
-109250176
-73441688
-69584448
-12909684
-63224848
-56307864
-24854540
-63782284
-70254624
-32861104
-84457664
-80887968
-79116560
-37728900
-104914936
-73173584
-157068528
-31518894
-51272608
-59288960
-56247896
-52158784
-73515808
-67391200
-94370656
-58656448
-119607688
-113397376
-60326500
-35115604
-32311488
-58016928
-92161520
-93178536
-85044872
-44317920
-68889480
-25561258
-83930264
-108407672
-38822824
-68645120
-69295952
-63310144
-12485755
-124470896
-35527348
-121110304
-59326964
-30448846
-46935964
-23632392
-76316072
-85722800
-49815676
-80987976
-83449944
-105064640
-57862364
-101424792
-35995316
-14209228
-84817712
-27418846
-65653904
-83780344
-136615200
-120013408
-64961348
-61702064
-31231148
-91006720
-77977880
-83948032
-80664480
-34567768
-115935080
-9649383
-106002784
-57330328
-79397592
-73721864
-49351496
-43939744
-44946396
-38865060
-51759392
-85022344
-63618612
-62099772
-76783416
-10925196
-77333072
-54372480
-36656400
-73083912
-57769384
-74173048
-32132984
-76559696
-46711752
-25178974
-54807368
-87957920
-45145188
-65413684
-81481024
-56986916
-63593848
-26425808
-101959592
-56386048
-25596714
-27267126
-58833200
-101077832
-86038880
-22495064
-56137860
-108728480
-42574216
-48554180
-32905726
-75575480
-61754716
-98145544
-56521772
-99905008
-189976144
-184121216
-48569236
-77291728
-80868816
-43562192
-84575016
-22784488
-35678056
-55799980
-34571452
-36956224
-9213161
-78911408
-48045904
-80862952
-190207760
-83450544
-51295812
-54008968
-61421108
-114241208
-41230032
-53073172
-61256136
-60032304
-64192968
-57851324
-34739028
-23565904
-34741524
-78395848
-114845984
-107885072
-60005544
-73353144
-71803816
-50105144
-48787196
-70316912
-41459056
-54575704
-60008456
-136724224
-60437400
-37374008
-6235873
-93497656
-43055512
-67720528
-62738504
-90847280
-43586872
-84293112
-113846632
-95495032
-62335664
-52419536
-42668408
-113363392
-69188352
-81710672
-65283440
-36574008
-112782968
-73940904
-47945256
-131254440
-42183100
-63634348
-57260492
-78632032
-99999568
-91816472
-84871368
-48278084
-90229064
-48600212
-40217324
-23368896
-75609912
-52403692
-67843264
-37387372
-23886878
-97696608
-67421272
-146667792
-27151400
-45754796
-112333296
-64345636
-49253680
-82382408
-93245928
-112507488
-51600532
-91214400
-55994312
-237035424
-85886456
-167072400
-42843848
-49640400
-100063296
-63836396
-59900428
-40341920
-11922604
-67165856
-66642464
-30949566
-47359824
-163771904
-37231168
-35748464
-87083168
-124055080
-68114744
-67775488
-94706920
-30786222
-38083268
-53099888
-56142912
-59368040
-97116376
-89222832
-69918496
-111145992
-74707232
-57069740
-44159188
-63834016
-53907288
-87131688
-79716608
-40787068
-120294456
-89295056
-85047992
-145658448
-52295280
-69394296
-61837740
-92005856
-65283248
-140020032
-79236968
-49815096
-36429964
-60903068
-52122840
-35753980
-96239648
-20100534
-29843822
-73158624
-47455684
-90383280
-132457752
-37573444
-52152892
-85605992
-35250632
-44126544
-44825520
-63755804
-46202272
-11131129
-84644944
-76343776
-61844860
-97133176
-70788304
-137474912
-30392918
-82705216
-78990752
-94665160
-110952784
-70365776
-49748680
-30706326
-61744152
-33205294
-47876292
-52109900
-64784764
-83278984
-108148424
-78858792
-53946732
-103176512
-49679652
-95714456
-134700496
-134457040
-96365872
-66745144
-34332316
-164118704
-26668830
-69989952
-76200736
-73508552
-131419168
-30424850
-105019808
-50348184
-65979492
-51347920
-58208932
-30444978
-30739782
-64227824
-53777564
-91725352
-96268288
-54774104
-46412252
-78580632
-99301296
-86839064
-51170944
-77746808
-60733960
-78118336
-30941010
-95618688
-67656552
-26494506
-39034560
-68758560
-58438356
-84498472
-106515216
-57358980
-114173424
-35365044
-59940828
-50629852
-70890944
-142620496
-56848684
-57714008
-32876814
-42161928
-85878856
-79146552
-78042144
-13327645
-74142304
-56261956
-94432384
-51960868
-94329416
-119569032
-41427700
-83072640
-87692096
-62705740
-90819616
-49623228
-59522548
-98394120
-72668048
-142852928
-94854144
-19678270
-104720680
-87395016
-51739952
-44402108
-50135468
-96444016
-28072938
-49670884
-14019110
-10141243
-52640476
-112957992
-84191336
-35288432
-115171832
-37016620
-41707264
-123692240
-77973016
-71316416
-62589852
-112993456
-70710376
-181384736
-67284096
-59796820
-76707928
-45364404
-83164360
-86271096
-77237536
-95780112
-183335824
-69417216
-43174628
-25645298
-59773020
-28504896
-48354052
-46979568
-85147984
-74696592
-53209196
-38041032
-60851604
-39275900
-16259219
-109243168
-46079128
-62871260
-53880244
-71590728
-17757086
-39829244
-40592060
-34173300
-42554424
-48930848
-36784580
-100692864
-100990376
-68282992
-72904608
-32897424
-29139204
-57171152
-80901408
-126669496
-105588928
-94168032
-105927632
-23728608
-53058924
-52226968
-110097784
-33592652
-76561528
-60274804
-36206676
-44157240
-78797736
-72872832
-115198896
-68670688
-42440868
-14912571
-76134456
-63058712
-71256144
-84499536
-119864080
-96157216
-68436472
-41274712
-67048308
-109315768
-90076432
-46009756
-63781176
-109892016
-88639160
-77183600
-191953424
-137800976
-64494848
-21785608
-44086604
-37055248
-139740560
-87832704
-38588244
-37884060
-96614832
-35983672
-87711200
-68166144
-44895764
-59306764
-103731152
-116461840
-20879344
-83293672
-187078880
-68361024
-29028342
-69301608
-97263336
-47187752
-93701712
-56731484
-49819276
-151820528
-56171372
-25089442
-28418236
-56589396
-26401868
-38499512
-61006404
-81847536
-74507584
-50325192
-45268348
-63680360
-93009056
-140810640
-59019188
-39722928
-32500068
-40998616
-38443732
-92946056
-107259472
-112688632
-41905172
-80890888
-67477976
-29102832
-78846128
-88240064
-61474604
-59159432
-35074608
-72267176
-49693696
-61670956
-57356792
-51153764
-45771384
-68856168
-38537268
-14678024
-70495560
-41173716
-18819020
-77713688
-44836060
-56359636
-84808800
-89029688
-58290068
-89952984
-21560258
-58709140
-65690884
-86706376
-37813748
-79046552
-93194632
-136881872
-34832700
-21558418
-98618136
-58031616
-104909800
-84681816
-70276320
-50337096
-87194448
-7318732
-70240376
-107232184
-41774604
-60945672
-39671168
-47566308
-54080768
-65617760
-81206648
-48003988
-48406828
-85291472
-104505528
-106144880
-48913540
-57277328
-80533456
-25876716
-199582800
-101129080
-54186192
-87473680
-45611268
-36142540
-28416472
-69783240
-19563178
-26720192
-95912736
-15273900
-62665172
-128415328
-44367476
-156624624
-43702572
-57867788
-91554472
-51782516
-111395432
-125669040
-92130888
-48739140
-59250808
-138549872
-22935916
-48311940
-83513256
-120370912
-51966996
-51304584
-91305888
-87737528
-85784040
-101160336
-59063792
-54793916
-25248666
-70498696
-138661520
-63210644
-62689540
-41328220
-40881532
-66047192
-35608232
-35899156
-58791604
-62210316
-128618680
-58927860
-94901968
-62082140
-92504288
-39249152
-45639784
-24695478
-39659656
-68108024
-47504940
-33626920
-60363128
-93387856
-58824972
-47875680
-92762480
-82072832
-30330854
-68899040
-66782112
-36132156
-28622622
-50428112
-74576880
-81926152
-86961096
-94251816
-57497736
-108382008
-98295160
-41949132
-60501904
-88898792
-33884176
-52545568
-78187736
-36962524
-58946336
-66823324
-51166276
-84963624
-29173794
-33848800
-62817656
-35168048
-65582760
-17322444
-43623692
-120341272
-79571984
-15894392
-54285420
-47799524
-51217528
-36087340
-88883344
-29892430
-31682284
-54188368
-62443684
-89716240
-31962866
-33495958
-90318104
-141864464
-81775712
-42826824
-84363032
-35441220
-52481184
-42254104
-48640812
-32163466
-61542484
-16259387
-58910032
-108407368
-56696248
-152328672
-91876640
-37954632
-85790416
-145826496
-61790468
-35009960
-47860440
-36977080
-111820208
-108048200
-91868888
-208216192
-68238904
-112597536
-68678240
-45449852
-22248492
-105048728
-103652280
-182656784
-135523440
-35362028
-48486708
-67062396
-25509590
-67849560
-48075120
-46945332
-46641944
-73410648
-58432632
-44006124
-25246672
-38782712
-36874588
-23602534
-60010180
-16184577
-86585696
-33043064
-75308128
-64195256
-44753216
-73735448
-31853510
-66085304
-36141092
-67492176
-30039210
-87015560
-44912984
-68699480
-61480416
-113833816
-71303112
-83058056
-107389480
-48672304
-64914876
-139254048
-75815528
-44890712
-106516600
-74472104
-88302848
-61296448
-32941432
-90158344
-33381548
-17076774
-49373232
-74577904
-46060336
-43916268
-56874676
-9413165
-80368704
-87481152
-67257720
-27373436
-9417519
-48805992
-66275544
-110252640
-48954776
-36271508
-53735264
-75558368
-39557408
-69684720
-77082408
-38173632
-70275432
-38210184
-58754084
-114175568
-82252880
-92421224
-111697656
-26324860
-85577112
-57775200
-37350240
-67536752
-44926836
-67438792
-67200840
-74410336
-82455112
-35342844
-116478352
-26293340
-6839243
-71278616
-118315136
-80091184
-77303728
-89519936
-63075636
-95215632
-38004208
-37939028
-103235304
-32306180
-55265104
-82735416
-49838020
-80938056
-164431856
-88329432
-128085896
-106763808
-71140640
-9485135
-79460968
-132497528
-75725864
-34739284
-115897392
-118366648
-93577744
-70062640
-46729000
-36939132
-155527936
-28023392
-71411192
-35505376
-101251096
-60240608
-57167292
-104256888
-83356792
-31077340
-81416368
-73131464
-59639244
-54740072
-30769514
-60546536
-95233280
-49163572
-50347512
-55526708
-79859744
-36685696
-58705312
-39161480
-91617336
-59353684
-51838372
-62119924
-102725200
-99248256
-40818068
-22631984
-34922848
-47399776
-50480100
-68864448
-31283094
-94090000
-104151696
-64995648
-111606024
-48035688
-69011456
-35607600
-83842960
-87010256
-125290992
-102141664
-75367280
-53606796
-49678240
-54079824
-43926308
-67103276
-100042056
-106019664
-49892160
-75364808
-27908834
-43621124
-24168240
-59325560
-60580304
-51514076
-132539432
-95881688
-60673224
-70603880
-72287336
-34210232
-53249888
-84034808
-70601056
-97876280
-68035480
-81602176
-84879960
-83107544
-15647037
-80517128
-53777168
-79316792
-53488792
-49461572
-19079978
-26715466
-55575740
-51466016
-21530510
-82126776
-76326880
-74084312
-37491276
-21862040
-57190496
-78688672
-53892920
-78388976
-65349300
-90836976
-55918868
-36270196
-107185872
-59794952
-64018432
-154187568
-56423072
-76422232
-40772448
-29759514
-85016928
-36131116
-45143840
-41552328
-40650944
-67828024
-118068584
-66263640
-88229600
-105566472
-85462472
-103794176
-53774148
-44652456
-74280184
-42634764
-66283392
-53711736
-71198968
-34290712
-74674280
-81851096
-197517216
-66178012
-16029981
-62049660
-34269092
-78824040
-73465448
-47970512
-47061264
-81694512
-78593608
-121700264
-138678688
-57698304
-53909220
-68119984
-38726400
-104756328
-98948632
-70184136
-45506316
-50806364
-68879848
-82651416
-93266872
-22014392
-76037432
-97014504
-112834584
-64559148
-81300528
-62477596
-65589536
-107771136
-101870008
-33135404
-104193776
-60587880
-125245680
-113152432
-52127640
-62322428
-93652960
-25789632
-86539608
-11784555
-52761924
-43843540
-9508662
-26975382
-68001872
-179739616
-98083696
-121530472
-122578096
-102350408
-58408420
-71356296
-88412432
-85714376
-60136364
-171083280
-125064232
-72772184
-58719388
-30463442
-60151448
-48439672
-76764384
-50816772
-62873712
-8767362
-102890192
-35668536
-78619000
-33126446
-101547936
-77448120
-53954644
-16606989
-121903512
-36775708
-103393232
-83084288
-92577600
-37712544
-66167272
-60163648
-40154396
-90565472
-51528860
-112149744
-44964408
-65204964
-44830012
-101316272
-51752616
-27873074
-118195160
-66491632
-54567052
-99281568
-36534160
-38176444
-18205498
-59241348
-99806456
-56033696
-70762800
-55423476
-72227744
-12157976
-63464008
-56370596
-114357224
-62047880
-45498604
-110550464
-31712630
-26795826
-48867436
-117547792
-86050640
-69430144
-29549200
-60631420
-146054672
-70709920
-35442884
-54020780
-104487200
-56212932
-36985536
-52442640
-74378672
-20236998
-96868880
-52166632
-35878848
-95844752
-43275836
-115447664
-48832936
-114456176
-75187040
-64347540
-6987134
-90771456
-30696498
-86721880
-40005828
-35818912
-67357736
-88613720
-61805684
-57570580
-97558744
-37922096
-48954292
-51908220
-125846712
-49254424
-119961824
-8393356
-75091944
-98252352
-72447584
-117340208
-79933928
-49545788
-59760656
-64495260
-80224992
-103035952
-32785852
-31977742
-29594272
-72401608
-42730408
-87219312
-89154664
-45026744
-35028440
-104823720
-65908488
-116379416
-62882116
-21943920
-35420112
-214023312
-103900296
-28557294
-62706524
-47396308
-74648056
-97842104
-35236692
-133967432
-63422996
-60629104
-38533044
-38529700
-62431704
-91667816
-106147176
-106338256
-42931360
-118026760
-102665528
-51836304
-9722547
-85052424
-69637720
-54330116
-64606704
-60123628
-30896782
-34154036
-68975488
-42367908
-105022848
-53208784
-94683256
-41512416
-63863800
-53151172
-51045268
-52146524
-36357328
-63199452
-126650536
-66237324
-61141292
-85818232
-73668280
-33810212
-65447172
-37366040
-111120024
-109379384
-79814752
-89024376
-80938776
-46015760
-46164448
-120408864
-179416320
-57220472
-44199028
-45907820
-80919752
-91416488
-91355520
-37423820
-67861288
-34906700
-11339028
-72943168
-138626832
-92106136
-101976616
-82041584
-74228512
-55090440
-54093248
-94671792
-72196192
-98793664
-45110712
-56783376
-78029440
-80988560
-127342424
-103329512
-79678416
-76988616
-32151100
-105528048
-56409592
-83283672
-52632168
-49013320
-81636168
-89411504
-69709464
-92566600
-14314862
-83729872
-47643552
-37704264
-43976092
-51819860
-75592128
-57853016
-78752584
-126447216
-37382648
-75202976
-79283736
-30438288
-89971576
-92696400
-53344264
-20862876
-99451368
-114064600
-55100608
-59993876
-61181412
-41911968
-57853056
-50382364
-121865520
-90322000
-54826088
-62306592
-93308256
-101167848
-43277236
-55170928
-66521556
-105597744
-83382488
-61031856
-92092584
-59232708
-128711288
-49033580
-26127608
-40110844
-93252608
-75422504
-105035280
-87209384
-119175872
-55042796
-79383576
-67897184
-64128420
-78087000
-99344688
-49335448
-84300920
-107613896
-80646384
-111406032
-36644152
-52734468
-20057072
-37134088
-121993640
-57050324
-9804215
-51367104
-119316712
-57403676
-21926440
-81645184
-91357616
-54732480
-81393712
-49593368
-33365322
-31448136
-33537992
-89555416
-105565888
-22837996
-23424466
-77612800
-50785728
-126748128
-62263696
-24197424
-53447676
-94010960
-34300076
-84093256
-95599752
-19066768
-131820112
-71902992
-76440272
-7405500
-123219680
-135129920
-60733220
-86626112
-128449152
-110573872
-64877556
-45643664
-39193888
-66264672
-62315496
-27557612
-96068208
-94537224
-128248144
-41280212
-75242632
-77662608
-90819832
-29506896
-69418904
-68804312
-80090328
-88365064
-34797556
-99832952
-73417328
-49979332
-111515008
-70538408
-19167746
-64884804
-102875032
-65767436
-102408800
-61226316
-168222224
-105803600
-68338512
-93163928
-42982676
-32495938
-111416400
-89113328
-35120292
-60374300
-43453156
-36494944
-57439236
-101679256
-79234216
-69991936
-92682288
-99884832
-39613792
-48576776
-38393444
-170572784
-168865920
-63583020
-61520364
-35255308
-146472816
-79992280
-52018128
-44343460
-45568824
-59194720
-39266332
-81854600
-43766128
-91160688
-69360024
-114572248
-91739576
-46458400
-69405200
-73607392
-31599926
-51364360
-30325570
-66213260
-67256416
-45846972
-93377104
-64753532
-79966544
-56187968
-30278016
-39690728
-46274060
-47917660
-121982240
-45485244
-71921392
-64891932
-48239672
-172781472
-47825244
-88226864
-32769268
-79337968
-18307890
-84649264
-26104918
-29779688
-58042768
-67993456
-68079840
-11485646
-72850176
-61477020
-98597944
-74459952
-99097312
-46397824
-39662532
-51964564
-34158160
-40092840
-96479184
-66785464
-78809472
-116813112
-72620104
-123692880
-69863264
-45746164
-67897568
-66274140
-79076152
-64485056
-48220548
-44663892
-81019440
-61150172
-108127264
-69253680
-71082024
-68916072
-39158976
-49031352
-48359140
-61782996
-61530520
-41709728
-77679104
-103194648
-78038360
-28104542
-90521976
-44182916
-91005208
-54201704
-32540028
-134330672
-59780104
-32981520
-30660568
-115993872
-82767648
-123857312
-54501732
-12630312
-49051320
-70014768
-87667672
-108950672
-55038452
-53813748
-81658440
-55032684
-49408360
-101729560
-112991648
-25238816
-75158960
-60158960
-18992184
-64235504
-95390064
-39076260
-33791680
-100772792
-75697904
-159005936
-57024388
-95899904
-94043720
-31521884
-149152048
-46780372
-31938698
-104925640
-61595928
-53993724
-79002920
-65726072
-51326708
-96636728
-77844496
-89128552
-42434792
-10579075
-29033392
-58054076
-74152136
-34098128
-92518504
-64169008
-72382576
-84448184
-35099888
-52230804
-90721648
-66851452
-50279960
-85079416
-185361264
-24587218
-55356136
-60621320
-99666800
-61612604
-54820212
-26804148
-74421072
-128946824
-68579104
-78296664
-84036568
-27264096
-8212790
-56098148
-51187028
-118668640
-94046688
-83751808
-56885504
-56202096
-35643384
-23967456
-41264808
-112008120
-58013860
-55447968
-74448744
-54061652
-50081332
-80949568
-26980894
-43256928
-78055360
-101718080
-43719016
-29931384
-140573392
-31372964
-91210960
-35269540
-52097436
-46861260
-44144904
-49011808
-9128779
-67715480
-64718760
-44936612
-78376200
-94430216
-22658612
-42663652
-55495176
-65805152
-96496712
-103785024
-71482464
-75277288
-63839772
-32027946
-55416024
-56853336
-73866808
-124895120
-77454672
-88417856
-55709564
-96227552
-9364231
-18500760
-133029552
-63350748
-70086248
-94081400
-54552948
-134227872
-52577712
-51476416
-112062336
-165635280
-96220120
-66031148
-39207508
-61963924
-25341682
-91935424
-52403572
-66463940
-99321480
-20697452
-45581520
-29744830
-86302192
-73796248
-26903188
-53123380
-31000890
-33923472
-47525912
-97749008
-61938276
-100486672
-62004848
-107931288
-99269544
-51116064
-43659244
-50539016
-37987944
-56013020
-149685680
-74882416
-31523192
-24847606
-39565668
-62904736
-48723864
-55032604
-57686028
-28984166
-56784516
-32759944
-45975948
-15736793
-66881536
-25756818
-85190024
-76788160
-25232668
-102319448
-98744432
-43182696
-115514600
-40559840
-87473336
-102109752
-33312350
-125383872
-84098408
-23777502
-64098612
-93955152
-83665680
-48688804
-39969272
-68180424
-53217364
-23451006
-72679392
-151118688
-57465132
-64616404
-35661604
-46892504
-69953120
-68634632
-13379570
-29140474
-87577256
-17149934
-36813760
-81209560
-29788746
-35801036
-33214424
-73037648
-34760588
-89127632
-124716992
-32284210
-17289430
-52697988
-134943984
-46519184
-47635500
-131290440
-91193136
-86567552
-71438008
-108877208
-96004808
-58911412
-25930082
-92116712
-36461568
-42526424
-55691876
-65354368
-30218056
-84339368
-39807860
-13788733
-63844944
-40147256
-48022712
-71600120
-64949168
-57104360
-70785112
-61125468
-38186452
-81787792
-34468100
-52543204
-71185312
-97071664
-53676844
-56903200
-45475120
-32473458
-56403028
-72324432
-60586128
-116440856
-84573976
-55355080
-57542228
-29564300
-54420420
-26641078
-54378360
-50723760
-47613228
-24856702
-5333413
-112678304
-69854664
-122527576
-72201184
-45233664
-135688016
-68352600
-16837440
-53149276
-43630456
-72080192
-54137040
-151547824
-20872142
-145234784
-46886976
-42321760
-70266416
-55002404
-49803056
-59912484
-88035104
-80635272
-66405028
-72516864
-85645944
-51981708
-25899894
-124024456
-87152472
-47698764
-91977512
-97036416
-93024288
-49698748
-8395994
-76221176
-13283887
-64667476
-45967172
-73633824
-105890656
-94762176
-59876496
-42150212
-37570036
-130828280
-84121384
-126312392
-85226024
-50191036
-111517352
-76092312
-98617200
-154954400
-46455496
-84996920
-63859280
-51058200
-68481520
-61136300
-58625420
-102025520
-74104240
-115539400
-74662688
-86537992
-46220836
-99282520
-26570690
-70899224
-98938256
-129034512
-86525736
-110632072
-92186504
-77084872
-105942640
-59319436
-56027800
-19009254
-105371304
-51448628
-46878948
-89117488
-117956880
-33361692
-52113068
-85179864
-102612528
-6600718
-64279160
-47388212
-85303232
-154123440
-84246672
-61473716
-62570212
-47058892
-74400968
-52313692
-123500680
-98193448
-42073556
-108502432
-68575064
-53123592
-57456492
-88128264
-95356504
-38348176
-74529728
-35016064
-61728268
-66538288
-58344076
-10110691
-63741964
-61581704
-83329856
-91464296
-48669160
-41886320
-66389264
-12086346
-119271840
-40942220
-73233616
-19161640
-8384419
-75786296
-97811416
-64918448
-38018032
-68263248
-58813856
-47701472
-53659728
-103143184
-94473544
-79626632
-71606824
-94086400
-32660172
-100915408
-88609424
-64025700
-38253916
-60955692
-82362848
-83213272
-126156608
-127344856
-54553708
-38871564
-47813204
-121397048
-84521456
-53495908
-54875640
-65142416
-38056740
-64724160
-87074744
-67954544
-102472112
-82888992
-51740812
-58626292
-45681208
-41593000
-50623896
-94123624
-26162896
-66274616
-89079648
-76257952
-44480008
-44257048
-87072064
-48368020
-56788372
-70563072
-66790332
-89509600
-69000608
-85139920
-114896360
-37049164
-67246968
-104606456
-65814716
-89708032
-38534392
-43333692
-44440792
-45864724
-79741104
-47412032
-26706030
-45196344
-101377168
-43384636
-58845568
-73626616
-34088144
-51610132
-13879945
-65615212
-49942124
-86203440
-9812703
-54209424
-106696232
-37176320
-87013232
-28461886
-53912736
-97406032
-39228412
-116315840
-64852812
-125008656
-44306408
-37704228
-41416348
-121710720
-76917096
-113649504
-51539252
-47781800
-123704648
-43926024
-48469172
-87400808
-89552488
-77460248
-147048496
-79591872
-35478100
-104442728
-59973344
-56704396
-54321944
-47515792
-46262920
-38436648
-64325492
-50493268
-46314748
-11627348
-120831352
-9513736
-57685236
-68505000
-31580286
-87779088
-87928832
-20515402
-81443328
-32606900
-94380120
-51374596
-40336764
-51311076
-52291140
-42851512
-132671712
-90772912
-65921232
-53811048
-66522588
-36583352
-75659192
-156489824
-32961766
-84808104
-132594624
-99698016
-55361972
-39591184
-32053570
-85146856
-45955392
-36847016
-41631820
-33988312
-55273080
-55213676
-74258184
-72367440
-50073072
-106930008
-102216504
-81953384
-100975136
-26031494
-69499296
-96518848
-132499056
-75463688
-49462336
-40484592
-69392536
-137817248
-152261040
-85152048
-59750984
-110181256
-81658896
-112936000
-31755866
-60716848
-73852608
-127441504
-81498528
-62846820
-92436312
-64575684
-48166988
-82708776
-49021452
-63682644
-92210016
-124766704
-45800056
-90942552
-52962632
-92655600
-148986032
-121938416
-97409296
-36157796
-104051520
-52689264
-76580904
-9967206
-34875656
-58141924
-80091288
-87341504
-117612256
-190101616
-96145360
-69385496
-32351190
-90943056
-93915144
-78409056
-58455872
-67758008
-50713436
-67610336
-38904008
-88361528
-64241676
-102802560
-104479584
-53828520
-53513300
-38640072
-82613672
-21901496
-80815464
-33823176
-29167468
-71807440
-74695152
-40649544
-149663760
-108624504
-83515008
-66283428
-60850904
-66289824
-28716854
-73706208
-37084468
-144802336
-50706776
-97838656
-56883708
-37245796
-62171688
-74598984
-95174968
-62397684
-68302688
-87476864
-85600752
-11238918
-72222920
-53942208
-55959360
-119377184
-41981208
-36181476
-37072392
-71662800
-48308516
-126395232
-62592504
-49526464
-50791164
-93133416
-15533727
-82487328
-57670748
-100651800
-53528996
-91855456
-67586928
-29120944
-83991272
-44773332
-126438448
-42911516
-57390156
-102734808
-73334048
-40266676
-78279664
-51231272
-141719824
-90543880
-50918228
-56627752
-61167624
-58379716
-71285888
-29789926
-11470175
-112103312
-62193344
-106775152
-74248352
-63630748
-110859544
-123778736
-73831128
-40863224
-68566056
-93878696
-85371200
-33145176
-24616688
-61634700
-63715420
-137296000
-74906024
