58 -1442 77 -601 -627 -700 -788 -92 1117 -10 -776 -1743 293 -681 -343 239 576 -498 -1672 -16 229 -62 -186 729 -803 -690 -599 -218 6 1007 858 -1660 1049 1041 99 -383 352 -148 172 -2661 -49 -63 2466 628 132 -132 65 -295 255 1388 -1053 327 -1140 652 -352 684 -18 381 529 128 -927 627 -180 411
123 -1667 21 214 -605 1513 -560 -493 2988 447 -701 -1412 830 -791 -28 -444 -120 -182 -1025 662 884 908 5 334 -15 -896 -636 -391 680 1047 6 -1826 259 888 185 -210 24 92 -94 -1344 -115 306 3010 164 935 -164 350 38 449 1104 -811 -655 -1209 733 -506 -314 -457 -119 799 -522 -798 97 373 985
-39 -808 638 -57 -43 1410 -491 -416 2032 448 -610 -1206 1154 -604 -448 -893 -61 -170 -927 225 774 461 -543 358 -278 -704 -215 -178 39 658 168 -1115 122 732 -310 -122 -211 -667 602 -2486 70 71 1977 190 415 -351 -82 186 361 632 -548 -548 -905 538 -218 421 -291 110 -7 -522 -774 356 199 466
108 -874 647 392 460 616 -593 -342 2669 589 -553 -626 1567 -392 -1005 -1862 -1028 -607 -1041 -1718 1625 150 -1434 859 -726 -1344 -26 -773 -11 47 -39 1601 -558 654 518 1526 -486 -1063 1217 -5708 -726 1367 -443 -142 290 318 -204 1124 1047 295 113 -1967 -914 251 246 505 -221 -194 -726 -1153 -293 751 24 -916
335 -2127 426 1129 439 721 -218 66 1837 892 -281 -835 1953 -594 -953 -1301 -833 -206 -1423 -2939 1798 -70 -939 1071 -258 -1771 639 159 -357 -59 864 2945 12 208 749 1397 -447 -657 1482 -5196 -1538 1648 -1671 -32 17 909 542 2151 1126 219 162 -2081 -562 -51 219 304 532 687 -904 -1155 25 1256 -157 -908
385 -3377 -941 1782 1151 -814 134 439 2802 1026 -567 -1280 2990 -315 -942 234 -1683 -74 -1615 -4855 1828 -886 129 1492 -651 -2235 480 139 -914 -332 1821 3548 833 100 1755 2283 163 -112 896 -5920 -3207 1730 -2244 1209 986 1909 1746 2570 2066 -310 293 -2817 -1352 -47 -808 -642 1390 217 -550 -1416 3 675 -1120 -1689
141 -1498 -795 1129 613 -236 -798 -165 2437 515 -1278 -2120 1326 -408 291 -952 -537 -191 -1990 -1838 1594 -1768 -88 408 -600 -503 -727 776 -1536 -216 791 1976 429 123 1658 1040 761 -838 991 -5573 475 1225 -741 477 2157 432 -532 1197 1732 -1309 -221 -1394 -722 -453 -309 -691 -835 -73 455 -1689 -846 228 131 -762
81 -1283 34 -524 -471 -534 -741 -289 1902 88 -983 -1245 546 -520 -138 -611 7 -596 -1677 -252 736 -589 -208 851 -820 -588 -788 -630 -209 685 171 -1208 668 895 181 290 461 -720 455 -3763 227 169 2082 533 559 -33 -233 -324 659 736 -627 -462 -1222 517 -129 74 -534 -206 229 -452 -961 492 -103 88
-158 -1692 730 221 634 -91 -284 100 1790 -1021 128 -1673 1334 -1198 -372 -728 -1290 595 -1132 536 766 -1066 -781 521 -383 -823 -576 -2115 -62 -310 -871 -2078 -67 625 -441 1766 1514 -1726 235 -3824 232 -1421 2905 -486 -390 783 -680 843 754 1086 733 -1203 -1310 58 388 -1614 161 -3 -70 -607 -1809 1240 574 406
-107 -1739 893 -168 -38 -6 -156 18 1880 -879 84 -1088 1230 -1198 -165 -1154 -1174 484 -1121 646 1119 -1250 -317 560 -255 -485 -391 -2294 105 70 -1514 -2738 109 666 -1094 1316 1285 -1865 356 -3407 194 -1071 3183 -402 -400 374 -363 209 636 1121 457 -1359 -1386 294 667 -1763 -53 -299 -129 -499 -1612 1084 555 596
-90 -969 906 138 464 954 -300 -220 1548 -592 19 -1640 1593 -1111 -310 -718 -808 717 -968 694 310 -331 -290 251 -110 -407 -568 -1390 -107 -166 -690 -2080 -161 630 -379 1081 839 -1350 407 -2928 318 -1268 2739 -290 -80 308 -348 586 748 690 329 -1141 -1148 135 4 -916 -67 146 312 -584 -1704 909 209 445
-287 -293 922 -554 283 1597 -290 -810 1288 -286 -419 -1913 1481 -801 -396 -459 -28 525 -1369 193 -806 1138 -73 333 170 -722 -1187 -961 268 -338 168 -1025 -370 506 430 778 -102 -838 622 -2909 484 -1057 3065 -101 -10 90 -162 133 284 288 -64 -1017 -1083 496 -704 339 -484 472 458 -191 -1540 1036 -266 -22
-207 -1454 748 -1310 767 1934 -442 369 2577 18 -1444 -2773 1722 -1224 -1709 787 1346 666 -2810 -799 -1536 2756 -146 373 297 -2759 -1736 -2135 316 -971 6 281 -1282 60 1100 1646 -982 296 779 -4017 714 94 3735 -896 -62 183 322 -107 -281 449 -28 -1238 -1402 661 -1561 1395 -932 1335 1617 1069 -1387 1644 -1465 -1895
85 -1423 604 -857 237 1200 -305 181 1587 -283 -746 -2351 1292 -700 -914 206 559 755 -1959 -710 -551 1109 549 243 148 -1372 -684 -1533 527 -289 -45 -615 9 165 199 599 -569 -217 889 -3466 51 -149 3529 3 3 -319 370 -490 39 420 -438 -926 -950 822 -377 457 -551 775 812 200 -794 974 -415 -1083
-542 -891 271 -1165 233 577 -393 -627 1484 -1044 -660 -2830 881 -494 -626 -454 -28 833 -1874 -1194 -563 1051 296 68 166 -738 -1263 -1661 1102 -1054 212 76 -146 329 550 1037 -604 -232 1268 -4868 -190 280 4496 -45 -112 -512 195 -913 -333 85 -680 -1311 -729 1385 -113 327 -598 603 427 204 -1066 1419 352 -1345
-666 -709 -26 -758 565 411 -379 -1099 617 -1261 -411 -3167 859 43 85 -454 -824 741 -781 -1084 -568 527 787 -35 44 194 -959 36 1385 -1508 821 367 -90 554 824 1101 -110 -651 1356 -5303 -485 91 4391 640 -75 -218 148 -1173 66 176 -755 -1732 -614 921 103 89 -144 188 -225 -355 -1125 1082 782 -1473
232 -1280 309 -614 47 -252 20 -816 473 -1223 -47 -3068 564 206 192 -350 -652 646 -955 -1610 505 1178 789 553 215 -522 -121 142 2012 -1330 1088 488 93 -253 938 415 -379 -691 1296 -6097 -647 -146 4878 246 -1153 495 696 -737 70 511 -815 -1456 -701 1005 363 -72 0 -300 -738 -1076 -120 1743 208 -1862
-329 -1382 -303 -903 279 -968 252 -1308 686 -1531 -64 -3748 642 465 345 -270 -542 160 -1045 -2125 -168 934 1047 481 -37 -880 -926 362 2237 -2064 1615 1384 187 -201 1291 1222 -490 -678 1025 -7076 -469 359 4662 451 -483 596 613 -905 -540 348 -745 -1695 -728 1050 496 88 -167 -214 -714 -864 -392 2183 656 -2370
305 -1416 299 -176 70 -470 256 -949 390 -1039 217 -3176 807 459 606 -143 -501 302 -624 -1753 642 1114 1252 752 76 -826 10 971 2159 -1453 1512 479 324 -460 1041 198 -403 -826 913 -6282 -495 -118 4367 617 -1142 918 1067 -520 108 662 -749 -1469 -626 726 335 -54 18 -626 -720 -1384 136 1733 2 -1959
61 -821 161 -337 -64 634 -85 -849 696 -396 -175 -2399 1699 -271 267 -372 26 266 -802 -526 -211 287 1420 -99 50 246 -402 323 714 -604 313 -749 326 240 -14 181 -179 -418 999 -3473 99 -3 3236 423 469 -280 505 -730 77 239 -808 -1096 -691 604 183 -196 -423 -33 361 -668 -750 970 224 -667
93 -1026 77 -233 -65 666 -358 -504 872 180 -510 -2054 2127 -600 -81 16 365 -72 -1116 -328 -567 245 887 41 -14 -128 -392 -427 145 27 380 -877 468 462 -120 260 425 -132 983 -2906 468 -184 3090 301 635 -213 75 -440 123 680 -713 -377 -801 534 -136 -253 -641 223 537 -508 -664 869 137 -228
110 -818 322 -401 -586 1058 -680 -393 1211 304 -616 -1629 1337 -732 -190 -268 591 116 -1205 307 121 -129 1044 -139 -178 385 -210 -117 -180 769 -98 -2351 659 806 -680 -653 104 -191 711 -1414 187 -68 2737 465 630 -671 344 -559 361 689 -1143 -281 -718 542 -161 35 -514 188 748 -227 -1018 408 -90 538
65 -1307 157 -610 -672 -269 -801 -106 1120 108 -828 -1678 531 -626 -320 191 675 -365 -1578 146 229 -65 135 580 -682 -457 -496 -116 -75 1032 698 -2008 1002 966 -191 -551 283 -153 253 -2258 58 -35 2542 607 293 -287 142 -408 301 1193 -1116 247 -1102 659 -312 592 -158 343 618 123 -1004 566 -143 486
-1880 -1450 -977 -1391 -1698 3047 -1840 -59 2907 2600 -2370 -339 1094 1578 -1276 579 2125 -257 -838 -981 1113 -1071 1090 -191 146 -2022 750 -385 -473 1208 2242 -3262 799 -572 -1946 206 1649 -1721 789 -767 -714 207 2684 -1230 656 1247 -524 -649 -260 53 -1169 -1085 -2620 496 -494 -1529 -1943 -78 -1634 2015 -1395 2657 1808 27
-430 -805 43 -471 -550 1946 -798 -393 1904 751 -993 -1032 899 75 -390 -823 931 -68 -1153 -121 523 -302 259 18 -591 -923 154 -125 -200 753 844 -2106 575 223 -1023 -175 471 -725 903 -1807 149 -261 2738 97 570 -251 -441 -588 127 598 -534 -506 -1558 378 -263 192 -670 126 -144 287 -874 843 199 131
-184 -1322 -414 1526 -782 1133 -396 -623 2590 583 357 -1543 824 -590 -106 -2592 -371 -237 -1130 -1723 824 -1707 -1562 589 -1544 -1249 346 -327 1153 1135 745 1692 576 802 1768 737 180 -1507 2077 -6092 -1295 165 758 -108 524 424 -1340 -181 1013 1038 36 -2902 -2096 -132 442 -273 -298 -126 124 302 -368 570 55 -765
-232 -1618 -264 1778 -1145 964 -105 -973 1910 480 1142 -1824 1312 -1271 -364 -2740 50 -104 -1628 -2436 1182 -931 -2141 486 -1038 -1459 892 419 1448 1287 1053 3079 287 784 1845 429 -360 -965 2218 -5242 -1437 250 845 -148 -468 459 -658 573 589 1795 -389 -2854 -1621 -69 558 363 760 1109 90 602 -152 1245 551 -839
-523 -3056 -1632 2649 -1292 -950 -129 -829 2596 953 1123 -1538 2122 -1423 -215 -1646 -613 -396 -1980 -3035 971 -1953 -1015 762 -1806 -2320 369 745 1035 1038 2115 3067 1169 920 2716 1343 437 -950 1230 -6564 -2662 208 796 850 709 1383 -161 868 1511 1529 -34 -3475 -1936 345 -70 -547 1102 761 717 456 -683 443 -277 -800
-366 -1900 -1159 2237 -1353 46 -390 -677 2260 850 -577 -2309 1241 -515 467 -2244 168 51 -2057 -1766 489 -2143 -118 703 -1776 -837 -628 979 94 631 1881 1808 1101 358 2709 389 1077 -1136 1755 -6444 -417 945 157 379 1876 623 -1370 750 1840 65 -202 -2619 -1816 -14 247 -928 -1219 333 836 -174 -670 882 -773 -697
481 -1647 -246 -146 -774 347 -449 -388 1900 125 -521 -1334 89 -526 252 -985 -254 -456 -1364 -475 179 -1382 -78 825 -1209 -677 -473 -1324 298 887 -35 -1426 1476 935 550 511 884 -1353 985 -4125 -626 -600 1969 101 505 190 -859 -607 418 1103 -118 -1462 -2022 332 315 -840 -396 -406 344 -371 -718 872 -171 286
364 -2450 12 898 -445 1161 -246 -639 1078 -536 825 -1550 -606 -1029 759 -915 -1089 12 -1715 -691 376 -1479 -569 -106 -1077 -1410 -97 -2255 366 97 -503 -1590 1025 488 -53 1462 2083 -2695 934 -4630 -1156 -1938 1944 -1149 -544 1554 -1675 203 -590 1925 802 -2637 -2287 126 -5 -2668 474 -895 -502 -892 -787 1441 448 267
219 -1387 298 470 -173 1656 -307 -486 577 -372 404 -1489 390 -835 391 -808 -548 488 -1418 -481 271 -589 -23 -408 -460 -533 12 -1208 304 148 -239 -1713 592 509 -307 633 1094 -1933 1171 -3507 -894 -1373 2416 -619 -142 372 -870 -115 -196 1246 -13 -2118 -1506 294 -124 -1639 293 -355 -124 -566 -849 842 291 136
-18 54 204 -773 279 2068 -264 -502 -286 -385 -654 -997 962 -249 180 -116 205 640 -1758 -1350 -333 1061 -102 -441 75 -1187 -600 -859 182 -314 1014 -1243 109 -167 959 810 475 -1979 778 -3157 -1477 -1593 2993 -109 -281 -254 76 402 -887 1126 -1072 -1134 -782 528 -995 -950 297 405 -416 -219 -484 1069 1 -202
-135 -880 314 -174 177 1318 -279 -454 228 -266 298 -1575 566 -535 168 -971 -354 671 -1010 -1561 230 -66 153 -427 28 69 -69 -612 938 199 606 -847 603 934 382 444 339 -1529 2084 -4489 -1178 -1019 3571 -187 -147 -552 -603 -943 351 988 -315 -2450 -1151 692 -175 -789 561 -198 -225 0 -528 338 176 -444
-103 -1098 648 -497 -200 -163 737 -414 -418 89 1430 -1942 567 153 834 -959 506 616 -487 -2607 841 1045 721 -359 615 -336 127 550 1825 -218 1650 106 647 307 1205 218 -362 -970 1502 -5522 -1034 -1253 4923 96 -780 -174 480 -673 509 1279 -638 -2035 -1330 1412 -253 -704 1321 -491 -284 -78 210 1158 -88 -1690
-483 -1159 328 -675 -35 -878 873 -713 -236 -1 1583 -2426 461 314 971 -716 620 208 -540 -3485 654 1175 722 -362 346 -905 -535 663 2061 -634 2381 1212 846 381 2056 868 -194 -1247 1599 -6914 -1096 -1220 5031 147 -760 130 390 -505 216 1524 -354 -2262 -1410 1341 -454 -811 1373 -631 -246 133 293 1464 11 -2046
-238 -1337 887 -321 -182 -879 1004 -342 -479 291 1905 -2043 653 589 1101 -753 794 391 -193 -3288 893 1479 962 -94 532 -892 102 952 2216 -441 2226 493 710 -13 1729 208 -506 -909 1144 -6553 -1000 -1304 5298 531 -990 251 972 -531 619 1584 -578 -1987 -1358 1712 -571 -706 1715 -758 -338 -147 498 1160 -272 -2175
-289 -833 -214 -582 -140 -206 553 -958 334 43 821 -2234 1476 -260 724 -527 413 58 -616 -2037 53 407 1425 -414 -92 -55 -897 577 965 -417 1301 541 1030 698 911 717 114 -1011 1882 -4939 -192 -588 3651 26 449 -532 110 -859 181 679 -33 -2029 -1362 667 54 -744 315 -290 886 226 -356 1105 119 -1049
197 -626 -92 -161 -318 822 -103 -513 596 354 -145 -1335 2020 -601 222 -127 250 146 -787 -181 -368 206 1270 36 -316 199 -339 -99 -58 299 142 -1432 717 497 -373 -158 489 -608 1237 -2356 341 -393 2663 142 715 -659 181 -831 194 546 -412 -850 -1107 391 -15 -509 -387 67 1132 -119 -682 582 -156 13
498 -385 731 -104 -465 1794 -204 -330 625 142 -209 -1132 2005 -635 287 -603 364 622 -675 757 129 -161 1693 -287 -79 1031 18 322 -268 581 -828 -2805 565 458 -1249 -854 -349 -440 920 -911 348 -212 2154 469 1067 -1232 577 -931 595 -50 -760 -927 -900 513 167 -177 -369 38 1373 -338 -1066 -119 -138 511
128 -1351 210 -580 -662 -441 -778 -77 1058 24 -783 -1737 497 -698 -290 201 650 -375 -1619 210 232 -41 74 641 -735 -443 -539 -70 -70 1056 687 -2000 1044 1022 -147 -599 237 -99 217 -2366 87 -41 2522 679 280 -333 164 -413 343 1235 -1116 317 -1119 679 -319 706 -89 377 715 97 -1005 493 -215 500
417 -441 686 -186 -469 1557 -306 -331 845 115 -302 -1199 1728 -643 154 -582 351 502 -745 718 242 -125 1421 -246 -97 863 -72 235 -192 623 -711 -2675 534 580 -1056 -788 -366 -355 752 -1008 239 -128 2181 503 977 -1117 570 -783 599 92 -869 -774 -837 527 82 -52 -373 45 1196 -343 -1047 -87 -122 524
417 -441 686 -186 -469 1557 -306 -331 845 115 -302 -1199 1728 -643 154 -582 351 502 -745 718 242 -125 1421 -246 -97 863 -72 235 -192 623 -711 -2675 534 580 -1056 -788 -366 -355 752 -1008 239 -128 2181 503 977 -1117 570 -783 599 92 -869 -774 -837 527 82 -52 -373 45 1196 -343 -1047 -87 -122 524
417 -441 686 -186 -469 1557 -306 -331 845 115 -302 -1199 1728 -643 154 -582 351 502 -745 718 242 -125 1421 -246 -97 863 -72 235 -192 623 -711 -2675 534 580 -1056 -788 -366 -355 752 -1008 239 -128 2181 503 977 -1117 570 -783 599 92 -869 -774 -837 527 82 -52 -373 45 1196 -343 -1047 -87 -122 524
417 -441 686 -186 -469 1557 -306 -331 845 115 -302 -1199 1728 -643 154 -582 351 502 -745 718 242 -125 1421 -246 -97 863 -72 235 -192 623 -711 -2675 534 580 -1056 -788 -366 -355 752 -1008 239 -128 2181 503 977 -1117 570 -783 599 92 -869 -774 -837 527 82 -52 -373 45 1196 -343 -1047 -87 -122 524
417 -441 686 -186 -469 1557 -306 -331 845 115 -302 -1199 1728 -643 154 -582 351 502 -745 718 242 -125 1421 -246 -97 863 -72 235 -192 623 -711 -2675 534 580 -1056 -788 -366 -355 752 -1008 239 -128 2181 503 977 -1117 570 -783 599 92 -869 -774 -837 527 82 -52 -373 45 1196 -343 -1047 -87 -122 524
417 -441 686 -186 -469 1557 -306 -331 845 115 -302 -1199 1728 -643 154 -582 351 502 -745 718 242 -125 1421 -246 -97 863 -72 235 -192 623 -711 -2675 534 580 -1056 -788 -366 -355 752 -1008 239 -128 2181 503 977 -1117 570 -783 599 92 -869 -774 -837 527 82 -52 -373 45 1196 -343 -1047 -87 -122 524
417 -441 686 -186 -469 1557 -306 -331 845 115 -302 -1199 1728 -643 154 -582 351 502 -745 718 242 -125 1421 -246 -97 863 -72 235 -192 623 -711 -2675 534 580 -1056 -788 -366 -355 752 -1008 239 -128 2181 503 977 -1117 570 -783 599 92 -869 -774 -837 527 82 -52 -373 45 1196 -343 -1047 -87 -122 524
417 -441 686 -186 -469 1557 -306 -331 845 115 -302 -1199 1728 -643 154 -582 351 502 -745 718 242 -125 1421 -246 -97 863 -72 235 -192 623 -711 -2675 534 580 -1056 -788 -366 -355 752 -1008 239 -128 2181 503 977 -1117 570 -783 599 92 -869 -774 -837 527 82 -52 -373 45 1196 -343 -1047 -87 -122 524
417 -441 686 -186 -469 1557 -306 -331 845 115 -302 -1199 1728 -643 154 -582 351 502 -745 718 242 -125 1421 -246 -97 863 -72 235 -192 623 -711 -2675 534 580 -1056 -788 -366 -355 752 -1008 239 -128 2181 503 977 -1117 570 -783 599 92 -869 -774 -837 527 82 -52 -373 45 1196 -343 -1047 -87 -122 524
417 -441 686 -186 -469 1557 -306 -331 845 115 -302 -1199 1728 -643 154 -582 351 502 -745 718 242 -125 1421 -246 -97 863 -72 235 -192 623 -711 -2675 534 580 -1056 -788 -366 -355 752 -1008 239 -128 2181 503 977 -1117 570 -783 599 92 -869 -774 -837 527 82 -52 -373 45 1196 -343 -1047 -87 -122 524
417 -441 686 -186 -469 1557 -306 -331 845 115 -302 -1199 1728 -643 154 -582 351 502 -745 718 242 -125 1421 -246 -97 863 -72 235 -192 623 -711 -2675 534 580 -1056 -788 -366 -355 752 -1008 239 -128 2181 503 977 -1117 570 -783 599 92 -869 -774 -837 527 82 -52 -373 45 1196 -343 -1047 -87 -122 524
417 -441 686 -186 -469 1557 -306 -331 845 115 -302 -1199 1728 -643 154 -582 351 502 -745 718 242 -125 1421 -246 -97 863 -72 235 -192 623 -711 -2675 534 580 -1056 -788 -366 -355 752 -1008 239 -128 2181 503 977 -1117 570 -783 599 92 -869 -774 -837 527 82 -52 -373 45 1196 -343 -1047 -87 -122 524
417 -441 686 -186 -469 1557 -306 -331 845 115 -302 -1199 1728 -643 154 -582 351 502 -745 718 242 -125 1421 -246 -97 863 -72 235 -192 623 -711 -2675 534 580 -1056 -788 -366 -355 752 -1008 239 -128 2181 503 977 -1117 570 -783 599 92 -869 -774 -837 527 82 -52 -373 45 1196 -343 -1047 -87 -122 524
417 -441 686 -186 -469 1557 -306 -331 845 115 -302 -1199 1728 -643 154 -582 351 502 -745 718 242 -125 1421 -246 -97 863 -72 235 -192 623 -711 -2675 534 580 -1056 -788 -366 -355 752 -1008 239 -128 2181 503 977 -1117 570 -783 599 92 -869 -774 -837 527 82 -52 -373 45 1196 -343 -1047 -87 -122 524
417 -441 686 -186 -469 1557 -306 -331 845 115 -302 -1199 1728 -643 154 -582 351 502 -745 718 242 -125 1421 -246 -97 863 -72 235 -192 623 -711 -2675 534 580 -1056 -788 -366 -355 752 -1008 239 -128 2181 503 977 -1117 570 -783 599 92 -869 -774 -837 527 82 -52 -373 45 1196 -343 -1047 -87 -122 524
417 -441 686 -186 -469 1557 -306 -331 845 115 -302 -1199 1728 -643 154 -582 351 502 -745 718 242 -125 1421 -246 -97 863 -72 235 -192 623 -711 -2675 534 580 -1056 -788 -366 -355 752 -1008 239 -128 2181 503 977 -1117 570 -783 599 92 -869 -774 -837 527 82 -52 -373 45 1196 -343 -1047 -87 -122 524
417 -441 686 -186 -469 1557 -306 -331 845 115 -302 -1199 1728 -643 154 -582 351 502 -745 718 242 -125 1421 -246 -97 863 -72 235 -192 623 -711 -2675 534 580 -1056 -788 -366 -355 752 -1008 239 -128 2181 503 977 -1117 570 -783 599 92 -869 -774 -837 527 82 -52 -373 45 1196 -343 -1047 -87 -122 524
417 -441 686 -186 -469 1557 -306 -331 845 115 -302 -1199 1728 -643 154 -582 351 502 -745 718 242 -125 1421 -246 -97 863 -72 235 -192 623 -711 -2675 534 580 -1056 -788 -366 -355 752 -1008 239 -128 2181 503 977 -1117 570 -783 599 92 -869 -774 -837 527 82 -52 -373 45 1196 -343 -1047 -87 -122 524
417 -441 686 -186 -469 1557 -306 -331 845 115 -302 -1199 1728 -643 154 -582 351 502 -745 718 242 -125 1421 -246 -97 863 -72 235 -192 623 -711 -2675 534 580 -1056 -788 -366 -355 752 -1008 239 -128 2181 503 977 -1117 570 -783 599 92 -869 -774 -837 527 82 -52 -373 45 1196 -343 -1047 -87 -122 524
417 -441 686 -186 -469 1557 -306 -331 845 115 -302 -1199 1728 -643 154 -582 351 502 -745 718 242 -125 1421 -246 -97 863 -72 235 -192 623 -711 -2675 534 580 -1056 -788 -366 -355 752 -1008 239 -128 2181 503 977 -1117 570 -783 599 92 -869 -774 -837 527 82 -52 -373 45 1196 -343 -1047 -87 -122 524
417 -441 686 -186 -469 1557 -306 -331 845 115 -302 -1199 1728 -643 154 -582 351 502 -745 718 242 -125 1421 -246 -97 863 -72 235 -192 623 -711 -2675 534 580 -1056 -788 -366 -355 752 -1008 239 -128 2181 503 977 -1117 570 -783 599 92 -869 -774 -837 527 82 -52 -373 45 1196 -343 -1047 -87 -122 524
417 -441 686 -186 -469 1557 -306 -331 845 115 -302 -1199 1728 -643 154 -582 351 502 -745 718 242 -125 1421 -246 -97 863 -72 235 -192 623 -711 -2675 534 580 -1056 -788 -366 -355 752 -1008 239 -128 2181 503 977 -1117 570 -783 599 92 -869 -774 -837 527 82 -52 -373 45 1196 -343 -1047 -87 -122 524
417 -441 686 -186 -469 1557 -306 -331 845 115 -302 -1199 1728 -643 154 -582 351 502 -745 718 242 -125 1421 -246 -97 863 -72 235 -192 623 -711 -2675 534 580 -1056 -788 -366 -355 752 -1008 239 -128 2181 503 977 -1117 570 -783 599 92 -869 -774 -837 527 82 -52 -373 45 1196 -343 -1047 -87 -122 524
417 -441 686 -186 -469 1557 -306 -331 845 115 -302 -1199 1728 -643 154 -582 351 502 -745 718 242 -125 1421 -246 -97 863 -72 235 -192 623 -711 -2675 534 580 -1056 -788 -366 -355 752 -1008 239 -128 2181 503 977 -1117 570 -783 599 92 -869 -774 -837 527 82 -52 -373 45 1196 -343 -1047 -87 -122 524
417 -441 686 -186 -469 1557 -306 -331 845 115 -302 -1199 1728 -643 154 -582 351 502 -745 718 242 -125 1421 -246 -97 863 -72 235 -192 623 -711 -2675 534 580 -1056 -788 -366 -355 752 -1008 239 -128 2181 503 977 -1117 570 -783 599 92 -869 -774 -837 527 82 -52 -373 45 1196 -343 -1047 -87 -122 524
417 -441 686 -186 -469 1557 -306 -331 845 115 -302 -1199 1728 -643 154 -582 351 502 -745 718 242 -125 1421 -246 -97 863 -72 235 -192 623 -711 -2675 534 580 -1056 -788 -366 -355 752 -1008 239 -128 2181 503 977 -1117 570 -783 599 92 -869 -774 -837 527 82 -52 -373 45 1196 -343 -1047 -87 -122 524
417 -441 686 -186 -469 1557 -306 -331 845 115 -302 -1199 1728 -643 154 -582 351 502 -745 718 242 -125 1421 -246 -97 863 -72 235 -192 623 -711 -2675 534 580 -1056 -788 -366 -355 752 -1008 239 -128 2181 503 977 -1117 570 -783 599 92 -869 -774 -837 527 82 -52 -373 45 1196 -343 -1047 -87 -122 524
417 -441 686 -186 -469 1557 -306 -331 845 115 -302 -1199 1728 -643 154 -582 351 502 -745 718 242 -125 1421 -246 -97 863 -72 235 -192 623 -711 -2675 534 580 -1056 -788 -366 -355 752 -1008 239 -128 2181 503 977 -1117 570 -783 599 92 -869 -774 -837 527 82 -52 -373 45 1196 -343 -1047 -87 -122 524
417 -441 686 -186 -469 1557 -306 -331 845 115 -302 -1199 1728 -643 154 -582 351 502 -745 718 242 -125 1421 -246 -97 863 -72 235 -192 623 -711 -2675 534 580 -1056 -788 -366 -355 752 -1008 239 -128 2181 503 977 -1117 570 -783 599 92 -869 -774 -837 527 82 -52 -373 45 1196 -343 -1047 -87 -122 524
417 -441 686 -186 -469 1557 -306 -331 845 115 -302 -1199 1728 -643 154 -582 351 502 -745 718 242 -125 1421 -246 -97 863 -72 235 -192 623 -711 -2675 534 580 -1056 -788 -366 -355 752 -1008 239 -128 2181 503 977 -1117 570 -783 599 92 -869 -774 -837 527 82 -52 -373 45 1196 -343 -1047 -87 -122 524
417 -441 686 -186 -469 1557 -306 -331 845 115 -302 -1199 1728 -643 154 -582 351 502 -745 718 242 -125 1421 -246 -97 863 -72 235 -192 623 -711 -2675 534 580 -1056 -788 -366 -355 752 -1008 239 -128 2181 503 977 -1117 570 -783 599 92 -869 -774 -837 527 82 -52 -373 45 1196 -343 -1047 -87 -122 524
417 -441 686 -186 -469 1557 -306 -331 845 115 -302 -1199 1728 -643 154 -582 351 502 -745 718 242 -125 1421 -246 -97 863 -72 235 -192 623 -711 -2675 534 580 -1056 -788 -366 -355 752 -1008 239 -128 2181 503 977 -1117 570 -783 599 92 -869 -774 -837 527 82 -52 -373 45 1196 -343 -1047 -87 -122 524
417 -441 686 -186 -469 1557 -306 -331 845 115 -302 -1199 1728 -643 154 -582 351 502 -745 718 242 -125 1421 -246 -97 863 -72 235 -192 623 -711 -2675 534 580 -1056 -788 -366 -355 752 -1008 239 -128 2181 503 977 -1117 570 -783 599 92 -869 -774 -837 527 82 -52 -373 45 1196 -343 -1047 -87 -122 524
417 -441 686 -186 -469 1557 -306 -331 845 115 -302 -1199 1728 -643 154 -582 351 502 -745 718 242 -125 1421 -246 -97 863 -72 235 -192 623 -711 -2675 534 580 -1056 -788 -366 -355 752 -1008 239 -128 2181 503 977 -1117 570 -783 599 92 -869 -774 -837 527 82 -52 -373 45 1196 -343 -1047 -87 -122 524
417 -441 686 -186 -469 1557 -306 -331 845 115 -302 -1199 1728 -643 154 -582 351 502 -745 718 242 -125 1421 -246 -97 863 -72 235 -192 623 -711 -2675 534 580 -1056 -788 -366 -355 752 -1008 239 -128 2181 503 977 -1117 570 -783 599 92 -869 -774 -837 527 82 -52 -373 45 1196 -343 -1047 -87 -122 524
417 -441 686 -186 -469 1557 -306 -331 845 115 -302 -1199 1728 -643 154 -582 351 502 -745 718 242 -125 1421 -246 -97 863 -72 235 -192 623 -711 -2675 534 580 -1056 -788 -366 -355 752 -1008 239 -128 2181 503 977 -1117 570 -783 599 92 -869 -774 -837 527 82 -52 -373 45 1196 -343 -1047 -87 -122 524
417 -441 686 -186 -469 1557 -306 -331 845 115 -302 -1199 1728 -643 154 -582 351 502 -745 718 242 -125 1421 -246 -97 863 -72 235 -192 623 -711 -2675 534 580 -1056 -788 -366 -355 752 -1008 239 -128 2181 503 977 -1117 570 -783 599 92 -869 -774 -837 527 82 -52 -373 45 1196 -343 -1047 -87 -122 524
417 -441 686 -186 -469 1557 -306 -331 845 115 -302 -1199 1728 -643 154 -582 351 502 -745 718 242 -125 1421 -246 -97 863 -72 235 -192 623 -711 -2675 534 580 -1056 -788 -366 -355 752 -1008 239 -128 2181 503 977 -1117 570 -783 599 92 -869 -774 -837 527 82 -52 -373 45 1196 -343 -1047 -87 -122 524
417 -441 686 -186 -469 1557 -306 -331 845 115 -302 -1199 1728 -643 154 -582 351 502 -745 718 242 -125 1421 -246 -97 863 -72 235 -192 623 -711 -2675 534 580 -1056 -788 -366 -355 752 -1008 239 -128 2181 503 977 -1117 570 -783 599 92 -869 -774 -837 527 82 -52 -373 45 1196 -343 -1047 -87 -122 524
417 -441 686 -186 -469 1557 -306 -331 845 115 -302 -1199 1728 -643 154 -582 351 502 -745 718 242 -125 1421 -246 -97 863 -72 235 -192 623 -711 -2675 534 580 -1056 -788 -366 -355 752 -1008 239 -128 2181 503 977 -1117 570 -783 599 92 -869 -774 -837 527 82 -52 -373 45 1196 -343 -1047 -87 -122 524
417 -441 686 -186 -469 1557 -306 -331 845 115 -302 -1199 1728 -643 154 -582 351 502 -745 718 242 -125 1421 -246 -97 863 -72 235 -192 623 -711 -2675 534 580 -1056 -788 -366 -355 752 -1008 239 -128 2181 503 977 -1117 570 -783 599 92 -869 -774 -837 527 82 -52 -373 45 1196 -343 -1047 -87 -122 524
417 -441 686 -186 -469 1557 -306 -331 845 115 -302 -1199 1728 -643 154 -582 351 502 -745 718 242 -125 1421 -246 -97 863 -72 235 -192 623 -711 -2675 534 580 -1056 -788 -366 -355 752 -1008 239 -128 2181 503 977 -1117 570 -783 599 92 -869 -774 -837 527 82 -52 -373 45 1196 -343 -1047 -87 -122 524
417 -441 686 -186 -469 1557 -306 -331 845 115 -302 -1199 1728 -643 154 -582 351 502 -745 718 242 -125 1421 -246 -97 863 -72 235 -192 623 -711 -2675 534 580 -1056 -788 -366 -355 752 -1008 239 -128 2181 503 977 -1117 570 -783 599 92 -869 -774 -837 527 82 -52 -373 45 1196 -343 -1047 -87 -122 524
417 -441 686 -186 -469 1557 -306 -331 845 115 -302 -1199 1728 -643 154 -582 351 502 -745 718 242 -125 1421 -246 -97 863 -72 235 -192 623 -711 -2675 534 580 -1056 -788 -366 -355 752 -1008 239 -128 2181 503 977 -1117 570 -783 599 92 -869 -774 -837 527 82 -52 -373 45 1196 -343 -1047 -87 -122 524
417 -441 686 -186 -469 1557 -306 -331 845 115 -302 -1199 1728 -643 154 -582 351 502 -745 718 242 -125 1421 -246 -97 863 -72 235 -192 623 -711 -2675 534 580 -1056 -788 -366 -355 752 -1008 239 -128 2181 503 977 -1117 570 -783 599 92 -869 -774 -837 527 82 -52 -373 45 1196 -343 -1047 -87 -122 524
417 -441 686 -186 -469 1557 -306 -331 845 115 -302 -1199 1728 -643 154 -582 351 502 -745 718 242 -125 1421 -246 -97 863 -72 235 -192 623 -711 -2675 534 580 -1056 -788 -366 -355 752 -1008 239 -128 2181 503 977 -1117 570 -783 599 92 -869 -774 -837 527 82 -52 -373 45 1196 -343 -1047 -87 -122 524
417 -441 686 -186 -469 1557 -306 -331 845 115 -302 -1199 1728 -643 154 -582 351 502 -745 718 242 -125 1421 -246 -97 863 -72 235 -192 623 -711 -2675 534 580 -1056 -788 -366 -355 752 -1008 239 -128 2181 503 977 -1117 570 -783 599 92 -869 -774 -837 527 82 -52 -373 45 1196 -343 -1047 -87 -122 524
417 -441 686 -186 -469 1557 -306 -331 845 115 -302 -1199 1728 -643 154 -582 351 502 -745 718 242 -125 1421 -246 -97 863 -72 235 -192 623 -711 -2675 534 580 -1056 -788 -366 -355 752 -1008 239 -128 2181 503 977 -1117 570 -783 599 92 -869 -774 -837 527 82 -52 -373 45 1196 -343 -1047 -87 -122 524
417 -441 686 -186 -469 1557 -306 -331 845 115 -302 -1199 1728 -643 154 -582 351 502 -745 718 242 -125 1421 -246 -97 863 -72 235 -192 623 -711 -2675 534 580 -1056 -788 -366 -355 752 -1008 239 -128 2181 503 977 -1117 570 -783 599 92 -869 -774 -837 527 82 -52 -373 45 1196 -343 -1047 -87 -122 524
417 -441 686 -186 -469 1557 -306 -331 845 115 -302 -1199 1728 -643 154 -582 351 502 -745 718 242 -125 1421 -246 -97 863 -72 235 -192 623 -711 -2675 534 580 -1056 -788 -366 -355 752 -1008 239 -128 2181 503 977 -1117 570 -783 599 92 -869 -774 -837 527 82 -52 -373 45 1196 -343 -1047 -87 -122 524
417 -441 686 -186 -469 1557 -306 -331 845 115 -302 -1199 1728 -643 154 -582 351 502 -745 718 242 -125 1421 -246 -97 863 -72 235 -192 623 -711 -2675 534 580 -1056 -788 -366 -355 752 -1008 239 -128 2181 503 977 -1117 570 -783 599 92 -869 -774 -837 527 82 -52 -373 45 1196 -343 -1047 -87 -122 524
417 -441 686 -186 -469 1557 -306 -331 845 115 -302 -1199 1728 -643 154 -582 351 502 -745 718 242 -125 1421 -246 -97 863 -72 235 -192 623 -711 -2675 534 580 -1056 -788 -366 -355 752 -1008 239 -128 2181 503 977 -1117 570 -783 599 92 -869 -774 -837 527 82 -52 -373 45 1196 -343 -1047 -87 -122 524
417 -441 686 -186 -469 1557 -306 -331 845 115 -302 -1199 1728 -643 154 -582 351 502 -745 718 242 -125 1421 -246 -97 863 -72 235 -192 623 -711 -2675 534 580 -1056 -788 -366 -355 752 -1008 239 -128 2181 503 977 -1117 570 -783 599 92 -869 -774 -837 527 82 -52 -373 45 1196 -343 -1047 -87 -122 524
417 -441 686 -186 -469 1557 -306 -331 845 115 -302 -1199 1728 -643 154 -582 351 502 -745 718 242 -125 1421 -246 -97 863 -72 235 -192 623 -711 -2675 534 580 -1056 -788 -366 -355 752 -1008 239 -128 2181 503 977 -1117 570 -783 599 92 -869 -774 -837 527 82 -52 -373 45 1196 -343 -1047 -87 -122 524
417 -441 686 -186 -469 1557 -306 -331 845 115 -302 -1199 1728 -643 154 -582 351 502 -745 718 242 -125 1421 -246 -97 863 -72 235 -192 623 -711 -2675 534 580 -1056 -788 -366 -355 752 -1008 239 -128 2181 503 977 -1117 570 -783 599 92 -869 -774 -837 527 82 -52 -373 45 1196 -343 -1047 -87 -122 524
417 -441 686 -186 -469 1557 -306 -331 845 115 -302 -1199 1728 -643 154 -582 351 502 -745 718 242 -125 1421 -246 -97 863 -72 235 -192 623 -711 -2675 534 580 -1056 -788 -366 -355 752 -1008 239 -128 2181 503 977 -1117 570 -783 599 92 -869 -774 -837 527 82 -52 -373 45 1196 -343 -1047 -87 -122 524
417 -441 686 -186 -469 1557 -306 -331 845 115 -302 -1199 1728 -643 154 -582 351 502 -745 718 242 -125 1421 -246 -97 863 -72 235 -192 623 -711 -2675 534 580 -1056 -788 -366 -355 752 -1008 239 -128 2181 503 977 -1117 570 -783 599 92 -869 -774 -837 527 82 -52 -373 45 1196 -343 -1047 -87 -122 524
417 -441 686 -186 -469 1557 -306 -331 845 115 -302 -1199 1728 -643 154 -582 351 502 -745 718 242 -125 1421 -246 -97 863 -72 235 -192 623 -711 -2675 534 580 -1056 -788 -366 -355 752 -1008 239 -128 2181 503 977 -1117 570 -783 599 92 -869 -774 -837 527 82 -52 -373 45 1196 -343 -1047 -87 -122 524
417 -441 686 -186 -469 1557 -306 -331 845 115 -302 -1199 1728 -643 154 -582 351 502 -745 718 242 -125 1421 -246 -97 863 -72 235 -192 623 -711 -2675 534 580 -1056 -788 -366 -355 752 -1008 239 -128 2181 503 977 -1117 570 -783 599 92 -869 -774 -837 527 82 -52 -373 45 1196 -343 -1047 -87 -122 524
417 -441 686 -186 -469 1557 -306 -331 845 115 -302 -1199 1728 -643 154 -582 351 502 -745 718 242 -125 1421 -246 -97 863 -72 235 -192 623 -711 -2675 534 580 -1056 -788 -366 -355 752 -1008 239 -128 2181 503 977 -1117 570 -783 599 92 -869 -774 -837 527 82 -52 -373 45 1196 -343 -1047 -87 -122 524
417 -441 686 -186 -469 1557 -306 -331 845 115 -302 -1199 1728 -643 154 -582 351 502 -745 718 242 -125 1421 -246 -97 863 -72 235 -192 623 -711 -2675 534 580 -1056 -788 -366 -355 752 -1008 239 -128 2181 503 977 -1117 570 -783 599 92 -869 -774 -837 527 82 -52 -373 45 1196 -343 -1047 -87 -122 524
417 -441 686 -186 -469 1557 -306 -331 845 115 -302 -1199 1728 -643 154 -582 351 502 -745 718 242 -125 1421 -246 -97 863 -72 235 -192 623 -711 -2675 534 580 -1056 -788 -366 -355 752 -1008 239 -128 2181 503 977 -1117 570 -783 599 92 -869 -774 -837 527 82 -52 -373 45 1196 -343 -1047 -87 -122 524
417 -441 686 -186 -469 1557 -306 -331 845 115 -302 -1199 1728 -643 154 -582 351 502 -745 718 242 -125 1421 -246 -97 863 -72 235 -192 623 -711 -2675 534 580 -1056 -788 -366 -355 752 -1008 239 -128 2181 503 977 -1117 570 -783 599 92 -869 -774 -837 527 82 -52 -373 45 1196 -343 -1047 -87 -122 524
417 -441 686 -186 -469 1557 -306 -331 845 115 -302 -1199 1728 -643 154 -582 351 502 -745 718 242 -125 1421 -246 -97 863 -72 235 -192 623 -711 -2675 534 580 -1056 -788 -366 -355 752 -1008 239 -128 2181 503 977 -1117 570 -783 599 92 -869 -774 -837 527 82 -52 -373 45 1196 -343 -1047 -87 -122 524
417 -441 686 -186 -469 1557 -306 -331 845 115 -302 -1199 1728 -643 154 -582 351 502 -745 718 242 -125 1421 -246 -97 863 -72 235 -192 623 -711 -2675 534 580 -1056 -788 -366 -355 752 -1008 239 -128 2181 503 977 -1117 570 -783 599 92 -869 -774 -837 527 82 -52 -373 45 1196 -343 -1047 -87 -122 524
417 -441 686 -186 -469 1557 -306 -331 845 115 -302 -1199 1728 -643 154 -582 351 502 -745 718 242 -125 1421 -246 -97 863 -72 235 -192 623 -711 -2675 534 580 -1056 -788 -366 -355 752 -1008 239 -128 2181 503 977 -1117 570 -783 599 92 -869 -774 -837 527 82 -52 -373 45 1196 -343 -1047 -87 -122 524
417 -441 686 -186 -469 1557 -306 -331 845 115 -302 -1199 1728 -643 154 -582 351 502 -745 718 242 -125 1421 -246 -97 863 -72 235 -192 623 -711 -2675 534 580 -1056 -788 -366 -355 752 -1008 239 -128 2181 503 977 -1117 570 -783 599 92 -869 -774 -837 527 82 -52 -373 45 1196 -343 -1047 -87 -122 524
417 -441 686 -186 -469 1557 -306 -331 845 115 -302 -1199 1728 -643 154 -582 351 502 -745 718 242 -125 1421 -246 -97 863 -72 235 -192 623 -711 -2675 534 580 -1056 -788 -366 -355 752 -1008 239 -128 2181 503 977 -1117 570 -783 599 92 -869 -774 -837 527 82 -52 -373 45 1196 -343 -1047 -87 -122 524
417 -441 686 -186 -469 1557 -306 -331 845 115 -302 -1199 1728 -643 154 -582 351 502 -745 718 242 -125 1421 -246 -97 863 -72 235 -192 623 -711 -2675 534 580 -1056 -788 -366 -355 752 -1008 239 -128 2181 503 977 -1117 570 -783 599 92 -869 -774 -837 527 82 -52 -373 45 1196 -343 -1047 -87 -122 524
417 -441 686 -186 -469 1557 -306 -331 845 115 -302 -1199 1728 -643 154 -582 351 502 -745 718 242 -125 1421 -246 -97 863 -72 235 -192 623 -711 -2675 534 580 -1056 -788 -366 -355 752 -1008 239 -128 2181 503 977 -1117 570 -783 599 92 -869 -774 -837 527 82 -52 -373 45 1196 -343 -1047 -87 -122 524
417 -441 686 -186 -469 1557 -306 -331 845 115 -302 -1199 1728 -643 154 -582 351 502 -745 718 242 -125 1421 -246 -97 863 -72 235 -192 623 -711 -2675 534 580 -1056 -788 -366 -355 752 -1008 239 -128 2181 503 977 -1117 570 -783 599 92 -869 -774 -837 527 82 -52 -373 45 1196 -343 -1047 -87 -122 524
417 -441 686 -186 -469 1557 -306 -331 845 115 -302 -1199 1728 -643 154 -582 351 502 -745 718 242 -125 1421 -246 -97 863 -72 235 -192 623 -711 -2675 534 580 -1056 -788 -366 -355 752 -1008 239 -128 2181 503 977 -1117 570 -783 599 92 -869 -774 -837 527 82 -52 -373 45 1196 -343 -1047 -87 -122 524
417 -441 686 -186 -469 1557 -306 -331 845 115 -302 -1199 1728 -643 154 -582 351 502 -745 718 242 -125 1421 -246 -97 863 -72 235 -192 623 -711 -2675 534 580 -1056 -788 -366 -355 752 -1008 239 -128 2181 503 977 -1117 570 -783 599 92 -869 -774 -837 527 82 -52 -373 45 1196 -343 -1047 -87 -122 524
417 -441 686 -186 -469 1557 -306 -331 845 115 -302 -1199 1728 -643 154 -582 351 502 -745 718 242 -125 1421 -246 -97 863 -72 235 -192 623 -711 -2675 534 580 -1056 -788 -366 -355 752 -1008 239 -128 2181 503 977 -1117 570 -783 599 92 -869 -774 -837 527 82 -52 -373 45 1196 -343 -1047 -87 -122 524
417 -441 686 -186 -469 1557 -306 -331 845 115 -302 -1199 1728 -643 154 -582 351 502 -745 718 242 -125 1421 -246 -97 863 -72 235 -192 623 -711 -2675 534 580 -1056 -788 -366 -355 752 -1008 239 -128 2181 503 977 -1117 570 -783 599 92 -869 -774 -837 527 82 -52 -373 45 1196 -343 -1047 -87 -122 524
417 -441 686 -186 -469 1557 -306 -331 845 115 -302 -1199 1728 -643 154 -582 351 502 -745 718 242 -125 1421 -246 -97 863 -72 235 -192 623 -711 -2675 534 580 -1056 -788 -366 -355 752 -1008 239 -128 2181 503 977 -1117 570 -783 599 92 -869 -774 -837 527 82 -52 -373 45 1196 -343 -1047 -87 -122 524
417 -441 686 -186 -469 1557 -306 -331 845 115 -302 -1199 1728 -643 154 -582 351 502 -745 718 242 -125 1421 -246 -97 863 -72 235 -192 623 -711 -2675 534 580 -1056 -788 -366 -355 752 -1008 239 -128 2181 503 977 -1117 570 -783 599 92 -869 -774 -837 527 82 -52 -373 45 1196 -343 -1047 -87 -122 524
417 -441 686 -186 -469 1557 -306 -331 845 115 -302 -1199 1728 -643 154 -582 351 502 -745 718 242 -125 1421 -246 -97 863 -72 235 -192 623 -711 -2675 534 580 -1056 -788 -366 -355 752 -1008 239 -128 2181 503 977 -1117 570 -783 599 92 -869 -774 -837 527 82 -52 -373 45 1196 -343 -1047 -87 -122 524
417 -441 686 -186 -469 1557 -306 -331 845 115 -302 -1199 1728 -643 154 -582 351 502 -745 718 242 -125 1421 -246 -97 863 -72 235 -192 623 -711 -2675 534 580 -1056 -788 -366 -355 752 -1008 239 -128 2181 503 977 -1117 570 -783 599 92 -869 -774 -837 527 82 -52 -373 45 1196 -343 -1047 -87 -122 524
417 -441 686 -186 -469 1557 -306 -331 845 115 -302 -1199 1728 -643 154 -582 351 502 -745 718 242 -125 1421 -246 -97 863 -72 235 -192 623 -711 -2675 534 580 -1056 -788 -366 -355 752 -1008 239 -128 2181 503 977 -1117 570 -783 599 92 -869 -774 -837 527 82 -52 -373 45 1196 -343 -1047 -87 -122 524
417 -441 686 -186 -469 1557 -306 -331 845 115 -302 -1199 1728 -643 154 -582 351 502 -745 718 242 -125 1421 -246 -97 863 -72 235 -192 623 -711 -2675 534 580 -1056 -788 -366 -355 752 -1008 239 -128 2181 503 977 -1117 570 -783 599 92 -869 -774 -837 527 82 -52 -373 45 1196 -343 -1047 -87 -122 524
417 -441 686 -186 -469 1557 -306 -331 845 115 -302 -1199 1728 -643 154 -582 351 502 -745 718 242 -125 1421 -246 -97 863 -72 235 -192 623 -711 -2675 534 580 -1056 -788 -366 -355 752 -1008 239 -128 2181 503 977 -1117 570 -783 599 92 -869 -774 -837 527 82 -52 -373 45 1196 -343 -1047 -87 -122 524
417 -441 686 -186 -469 1557 -306 -331 845 115 -302 -1199 1728 -643 154 -582 351 502 -745 718 242 -125 1421 -246 -97 863 -72 235 -192 623 -711 -2675 534 580 -1056 -788 -366 -355 752 -1008 239 -128 2181 503 977 -1117 570 -783 599 92 -869 -774 -837 527 82 -52 -373 45 1196 -343 -1047 -87 -122 524
417 -441 686 -186 -469 1557 -306 -331 845 115 -302 -1199 1728 -643 154 -582 351 502 -745 718 242 -125 1421 -246 -97 863 -72 235 -192 623 -711 -2675 534 580 -1056 -788 -366 -355 752 -1008 239 -128 2181 503 977 -1117 570 -783 599 92 -869 -774 -837 527 82 -52 -373 45 1196 -343 -1047 -87 -122 524
417 -441 686 -186 -469 1557 -306 -331 845 115 -302 -1199 1728 -643 154 -582 351 502 -745 718 242 -125 1421 -246 -97 863 -72 235 -192 623 -711 -2675 534 580 -1056 -788 -366 -355 752 -1008 239 -128 2181 503 977 -1117 570 -783 599 92 -869 -774 -837 527 82 -52 -373 45 1196 -343 -1047 -87 -122 524
417 -441 686 -186 -469 1557 -306 -331 845 115 -302 -1199 1728 -643 154 -582 351 502 -745 718 242 -125 1421 -246 -97 863 -72 235 -192 623 -711 -2675 534 580 -1056 -788 -366 -355 752 -1008 239 -128 2181 503 977 -1117 570 -783 599 92 -869 -774 -837 527 82 -52 -373 45 1196 -343 -1047 -87 -122 524
417 -441 686 -186 -469 1557 -306 -331 845 115 -302 -1199 1728 -643 154 -582 351 502 -745 718 242 -125 1421 -246 -97 863 -72 235 -192 623 -711 -2675 534 580 -1056 -788 -366 -355 752 -1008 239 -128 2181 503 977 -1117 570 -783 599 92 -869 -774 -837 527 82 -52 -373 45 1196 -343 -1047 -87 -122 524
