895 -24 555 -655 -477 -1333 -456 262 -979 559 -983 -185 99 547 694 -30 957 1428 -48 -726 168 -625 1441 -65 -114 -1110 524 -981 446 843 645 -790 555 -525 -190 1200 -625 -87 -1385 -1100 -32 1112 -394 994 172 -1096 317 807 -846 -1047 -1302 -1178 447 988 937 874 -77 -353 -1142 770 -374 -479 -150 17
316 -734 1311 -322 205 -456 497 470 -1565 -24 -1713 -1564 642 133 878 611 942 1315 -171 -2507 -292 -631 1916 633 324 -844 599 -433 -270 789 1513 -853 1009 -1440 -233 2842 -427 123 -1032 47 1604 1061 558 1184 457 -790 207 831 -1112 -265 -1200 -2055 684 1010 339 -490 450 -126 -766 1339 -1616 -675 645 1466
140 -409 1428 -163 230 -296 320 774 -1733 56 -1592 -1675 725 -127 1117 395 933 1317 -127 -2833 -156 -702 2050 492 385 -786 788 -509 -263 717 1596 -871 876 -1189 -40 3330 -197 494 -820 141 1746 1052 602 712 606 -590 268 813 -1197 -108 -863 -2172 843 977 499 -1093 127 -135 -817 1360 -1313 -504 610 1458
-255 882 1146 370 2078 -280 -429 811 -2343 -824 -2640 -1505 797 -1128 1147 1053 755 1505 -54 -4914 867 -858 2292 -895 316 -658 1145 -969 -1036 1368 1813 -787 552 390 26 3094 89 1088 -1123 970 2320 360 1035 -3037 380 -531 227 -248 -926 -172 -2119 -1610 197 974 2326 -2474 200 886 -83 1091 335 754 544 639
-172 459 534 -574 2388 -845 -732 -91 -2275 -370 -1498 -1324 466 -284 1090 759 250 1436 -93 -2903 -688 -36 1792 -572 -88 -1019 515 -794 -133 1541 1555 -398 561 -312 -191 1299 -652 516 -903 264 1601 761 786 -1067 -117 -369 -514 245 -471 -192 -2009 -1284 269 1105 822 -788 -187 618 -729 845 -283 -543 528 979
-543 1242 446 -376 3172 -1200 -1205 53 -2352 -285 -1277 -1413 892 -321 1477 895 -141 1528 -66 -2614 -767 206 1605 -881 -74 -1131 142 -638 -59 2082 2077 -134 328 200 -6 752 -694 793 -1207 472 1885 965 1160 -1978 -172 -165 -518 36 -29 -330 -1889 -852 398 1221 1418 -1280 -719 729 -843 531 209 -652 392 834
-671 2117 551 -279 2810 -1279 -2265 415 -2347 -275 -1946 -1467 1 -731 1388 -321 389 1626 225 -3960 -359 -422 1960 -847 -279 -1004 38 90 -356 1272 2279 -1103 576 620 0 885 15 688 -1040 180 850 992 1456 -1642 -476 230 -521 482 -848 87 -1261 -258 345 1325 1683 -1371 150 647 -561 207 -647 -429 193 921
-54 779 1037 15 1953 -401 -429 355 -2065 -577 -1771 -1304 928 -606 1143 1111 549 1513 -230 -3729 -33 -371 1845 -739 -5 -967 981 -1432 -371 1523 1858 -309 602 230 -145 2374 -219 996 -902 693 2272 629 290 -2160 124 -725 -217 -547 -725 -153 -2103 -1619 422 852 2345 -1859 -108 767 -428 1080 464 489 374 350
99 271 1278 279 1222 277 -118 1204 -2231 -760 -1858 -1198 659 -1026 1235 1194 943 1858 -279 -4425 1108 -982 2126 -606 195 -325 1345 -1194 -649 898 1508 -751 815 8 -121 3497 214 1024 -635 602 2023 668 480 -2181 612 -666 525 -202 -1083 -182 -1734 -2170 414 789 2071 -2015 247 509 -62 1240 252 655 414 655
401 -797 1098 -242 95 -224 277 645 -1642 -131 -1928 -1454 597 -76 1043 689 927 1721 -110 -2573 151 -898 1879 179 687 -728 623 -53 -236 356 1510 -1062 1148 -1586 -587 2909 -410 144 -958 189 2049 949 682 948 730 -927 505 1013 -749 -242 -1058 -2065 1084 785 -43 -596 503 -143 -809 1354 -1486 -647 703 1633
151 -207 1119 -39 1043 -163 -84 853 -1999 -487 -1276 -1063 395 -295 1205 763 968 1588 -267 -3547 493 -838 1847 -171 -127 -447 905 -1512 -178 1053 1496 -749 936 -293 141 2829 -8 641 -773 45 1375 820 243 -946 428 -456 271 74 -1122 -183 -1627 -2026 345 779 1569 -1182 108 241 -262 1073 -349 208 271 747
276 477 1374 119 715 -76 -685 808 -1749 -174 -1991 -1411 512 -781 981 159 807 1611 327 -3620 479 -714 2111 -708 531 -582 1419 -1312 -410 746 1235 -728 765 -196 -703 3548 -61 726 -554 682 2361 549 377 -1499 464 -681 314 -9 -939 -55 -1547 -2067 563 524 1389 -1922 388 506 -696 1429 78 825 455 641
-253 130 992 357 1802 -666 500 841 -2246 -1039 -2766 -1582 769 -771 1205 1173 975 1116 -368 -5081 1025 -1021 2293 -388 162 -507 754 -763 -1086 1495 2086 -1303 884 -267 864 3211 60 1194 -1294 583 2149 400 1397 -2176 815 -633 289 217 -1092 -144 -1961 -1640 112 1005 2302 -2346 17 458 113 1189 -211 577 642 733
-41 -243 1078 -219 1252 -801 511 360 -1781 -324 -1325 -1295 721 147 1085 854 834 1153 -366 -3217 -134 -586 1771 106 -120 -609 397 -1374 -232 1490 2024 -800 1086 -595 451 2166 -284 593 -1168 39 1448 848 431 -335 392 -556 -62 229 -1085 -161 -1773 -1592 212 1071 1648 -1035 69 206 -372 912 -676 -239 386 621
-52 -327 1170 -3 1164 -435 540 520 -1915 -379 -2594 -1500 655 -546 1053 1147 916 1445 -107 -3949 738 -997 2154 -163 512 -595 539 -108 -790 1034 1819 -1078 931 -838 49 2788 -152 626 -1441 779 2084 702 1148 -847 612 -677 454 628 -1061 -175 -1670 -1644 193 974 1200 -1457 504 336 -298 1203 -919 -67 850 1136
-225 -235 1237 123 1465 -328 491 639 -1865 -496 -2145 -1335 589 -426 1088 988 1097 1148 -17 -4249 776 -807 2167 -345 139 -522 704 -1291 -669 1355 1777 -798 697 -227 609 2859 34 732 -1384 561 1710 549 564 -1742 515 -516 282 -1 -1209 -226 -1841 -1700 104 773 1861 -1705 215 537 -170 984 -458 444 495 606
203 175 1206 -311 1394 -258 -638 316 -1901 -54 -1510 -1296 422 -371 1031 352 689 1408 247 -3284 -116 -562 1917 -677 130 -802 1167 -1694 -210 1113 1447 -539 429 -86 -407 2605 -370 645 -839 342 1711 719 55 -1322 17 -421 -66 2 -979 -116 -1737 -1855 409 563 1233 -1357 126 754 -721 947 -156 294 410 641
-26 981 1941 90 1311 762 -1489 327 -1933 -144 -2836 -1808 700 -1670 1028 696 489 1666 611 -4250 274 -508 2206 -1535 537 -1086 1918 -609 -530 755 1118 -188 -425 574 -1400 4061 -166 1163 -523 1642 3112 618 464 -2814 -51 -366 92 -466 -998 24 -1466 -2355 502 347 1590 -2662 510 1428 -844 1699 720 1313 1012 880
161 -261 1385 -305 911 -222 -75 179 -1560 -23 -1545 -1291 529 -49 866 622 849 1417 275 -2939 -49 -656 1797 -283 178 -803 919 -1486 -170 1087 1452 -421 602 -353 -338 2544 -319 322 -1204 403 1587 775 -144 -653 11 -516 -9 23 -1050 -240 -1717 -1870 312 561 1092 -938 388 530 -714 961 -560 70 457 642
-170 525 1065 -600 1980 -569 -1154 62 -1680 -19 -1106 -1360 441 -205 1104 605 392 1677 243 -2527 -702 -123 1627 -653 -302 -976 517 -1153 129 1474 1671 -91 374 164 -505 1429 -498 435 -1178 364 1376 1120 220 -1063 -429 -123 -499 -227 -751 -163 -1787 -1385 231 767 1353 -786 63 699 -681 590 -286 -231 324 702
-187 92 1412 -381 1449 -181 -460 295 -1601 -137 -1652 -1400 385 -426 1009 521 789 1399 412 -3397 -84 -371 2098 -613 -115 -726 872 -1369 -106 1202 1367 -353 342 -19 -338 2517 -328 484 -1157 450 1520 845 159 -1293 -137 -282 -255 -203 -1098 -141 -1749 -1861 198 680 1390 -1058 356 713 -543 893 -339 286 413 552
421 -719 1111 -506 330 -450 178 186 -1347 46 -1204 -1083 412 381 858 568 907 1417 -206 -2061 -342 -512 1588 274 128 -746 377 -759 92 720 1588 -748 1029 -1140 -388 1845 -477 -119 -983 -123 1300 1110 151 1056 247 -807 193 621 -965 -236 -1366 -1651 580 862 557 7 646 80 -697 1020 -1376 -581 409 1047
938 -249 581 -762 -506 -1344 -277 140 -936 575 -882 -170 87 680 692 23 1019 1399 -141 -701 53 -588 1465 51 -172 -1077 430 -1107 527 886 772 -834 645 -679 -165 1060 -689 -185 -1387 -1207 -51 1212 -453 1286 163 -1142 253 838 -927 -1000 -1388 -1181 396 1020 940 1046 55 -354 -1100 758 -549 -570 -151 18
538 -1208 1110 -607 76 -499 400 84 -1298 86 -879 -988 273 662 834 461 1033 1330 -232 -1868 -367 -589 1509 548 66 -605 339 -1193 279 778 1534 -791 1169 -1338 -193 1851 -498 -246 -913 -395 1066 1143 -120 1572 265 -762 121 731 -1066 -231 -1347 -1741 507 703 291 239 613 -111 -720 1017 -1591 -722 347 1006
97 -124 1408 -205 59 -325 481 843 -1570 306 -1807 -1729 913 -240 1092 384 921 1588 -69 -2774 78 -769 2394 462 741 -718 644 -79 -326 645 1643 -952 975 -1354 -329 2971 -108 272 -976 214 1783 1178 818 846 529 -782 334 976 -1129 -143 -780 -1796 831 1198 481 -1010 451 -240 -760 1203 -1401 -772 616 1276
183 815 1232 276 1745 -443 -707 806 -2110 -608 -2318 -1415 635 -935 1060 656 629 1468 23 -4276 715 -865 2035 -772 330 -532 1125 -972 -902 1253 1766 -925 661 166 -258 2903 -68 1019 -936 724 2154 628 1001 -2365 239 -476 316 -9 -908 -151 -1917 -1529 110 717 2130 -2144 238 786 -225 1005 91 665 496 509
60 93 621 -652 1811 -927 -532 -109 -1946 -135 -970 -1127 382 192 1031 578 397 1346 -136 -2234 -753 -79 1524 -256 -194 -954 386 -1120 121 1481 1564 -402 702 -477 8 1160 -642 302 -973 -106 1216 943 374 -307 -97 -381 -384 327 -617 -290 -1822 -1294 232 969 770 -325 -185 399 -845 752 -528 -648 371 817
-282 744 573 -432 2609 -1042 -984 15 -2199 -338 -1359 -1316 620 -254 1321 772 154 1445 -105 -2848 -622 -96 1643 -595 -166 -998 249 -812 -39 1811 1929 -408 501 -28 -104 1051 -644 666 -1099 214 1622 981 876 -1300 -199 -232 -537 140 -377 -258 -1842 -1056 363 1045 1310 -978 -345 612 -702 586 -166 -541 370 801
-219 635 687 -494 1990 -946 -1055 143 -1877 -170 -1362 -1300 145 -162 1165 67 631 1357 79 -3182 -437 -435 1789 -374 -271 -898 251 -901 -120 1294 1999 -867 654 -87 162 1248 -269 485 -1073 -162 950 1013 606 -739 -249 -95 -521 356 -948 -19 -1472 -920 276 855 1238 -815 48 480 -630 347 -843 -484 190 748
-3 381 919 -163 1977 -677 -255 120 -1878 -474 -1466 -1231 919 -187 1147 1159 508 1393 -305 -3113 -218 -333 1631 -476 -47 -965 595 -1343 -276 1700 2092 -305 654 -27 92 1752 -369 824 -1155 459 2022 848 320 -1531 45 -643 -282 -330 -650 -228 -2064 -1367 325 790 2061 -1415 -170 631 -491 834 37 -10 331 417
347 13 1239 143 950 76 3 777 -1882 -618 -1981 -1188 677 -640 946 1089 875 1719 -181 -3825 815 -991 1938 -384 330 -538 1181 -1042 -670 891 1562 -739 858 -301 -311 3069 14 691 -914 552 2017 727 384 -1488 385 -747 429 -47 -1006 -210 -1844 -1935 295 665 1769 -1549 520 502 -187 1182 -165 454 448 660
359 201 1405 -57 984 237 -570 801 -1852 -485 -1451 -1013 469 -625 927 923 790 1936 -28 -3394 607 -754 1824 -626 -46 -528 1346 -1386 -278 915 1142 -323 620 168 -560 2915 3 593 -791 480 1537 830 -4 -1676 20 -466 337 -341 -1030 -277 -1898 -2042 76 634 1810 -1243 360 596 -228 1123 189 532 358 405
387 195 1302 -90 869 -209 -399 563 -1673 -243 -1692 -1163 441 -489 908 377 820 1507 122 -3414 281 -645 1996 -514 213 -586 1227 -1548 -283 934 1343 -646 781 -214 -500 2924 -185 620 -710 396 1879 726 122 -1214 231 -681 129 -91 -1060 -60 -1820 -1912 310 571 1639 -1395 392 525 -497 1204 -71 633 342 397
-214 231 993 229 1616 -773 407 1073 -1971 -823 -1975 -1532 791 -322 1306 777 980 938 -433 -4394 618 -716 2258 -349 -81 -440 691 -1341 -697 1623 2149 -1282 933 -378 1095 2761 113 1082 -892 -40 1605 677 1137 -1465 818 -651 152 142 -1064 -143 -1557 -1606 414 964 2310 -1966 -176 254 -41 935 -282 399 327 507
486 27 1268 -407 1172 -261 -727 163 -1712 -5 -1431 -1161 337 -299 933 388 652 1438 129 -2922 -236 -532 1805 -528 54 -772 1106 -1652 -94 1121 1355 -511 508 -234 -760 2327 -500 512 -746 197 1601 944 -21 -756 -165 -530 -149 -19 -1019 -142 -1825 -1853 305 470 1223 -939 318 701 -692 942 -352 187 399 556
170 1070 1807 239 1767 691 -1450 414 -1906 -536 -3040 -1638 738 -1772 958 903 461 1770 570 -4652 578 -666 2305 -1694 533 -960 1991 -974 -790 990 1231 -198 -160 654 -1561 3795 -211 1238 -694 1608 3238 587 446 -3517 -191 -507 -48 -831 -850 24 -2102 -2226 348 95 2085 -2687 465 1562 -565 1352 866 1457 845 430
395 -391 1328 -486 729 -253 -266 74 -1426 27 -1241 -1113 363 85 801 544 835 1424 135 -2474 -290 -521 1664 -180 -16 -827 884 -1506 43 1015 1332 -384 622 -445 -506 2182 -441 185 -1019 105 1304 979 -303 -103 -112 -572 -92 43 -1092 -247 -1712 -1850 308 524 1010 -450 417 479 -729 917 -678 -49 376 596
86 236 1108 -606 1598 -622 -1089 55 -1579 67 -940 -1223 361 27 1021 508 511 1675 139 -2244 -659 -279 1531 -407 -283 -914 477 -1265 141 1385 1728 -215 529 -18 -510 1319 -453 298 -1144 159 1134 1221 50 -477 -432 -198 -370 -84 -857 -172 -1728 -1325 243 684 1252 -585 173 556 -654 549 -630 -397 269 694
87 -350 1456 -438 964 -138 -250 239 -1328 -28 -1121 -1231 368 -33 914 532 876 1431 301 -2726 -96 -425 1774 -341 -112 -582 764 -1552 0 1070 1454 -356 534 -280 -265 2279 -307 277 -1113 201 1294 1001 -185 -622 -83 -340 -73 -116 -1096 -192 -1628 -1789 152 518 1204 -736 411 551 -574 773 -654 29 348 482
516 -904 1211 -602 322 -471 159 25 -1247 85 -807 -984 331 592 779 520 908 1328 -215 -1796 -521 -441 1415 343 -59 -659 371 -1228 237 873 1601 -611 1040 -1056 -325 1667 -536 -177 -934 -274 1083 1185 -141 1188 82 -689 79 490 -1053 -236 -1506 -1665 369 725 613 191 614 118 -692 920 -1374 -625 326 846
1074 216 330 -702 -708 -1650 -591 327 -963 639 -1251 60 54 471 714 -78 1050 1527 -120 -570 441 -726 1593 -201 -117 -1302 543 -783 465 843 471 -999 450 -483 -195 1047 -726 -63 -1581 -1434 -273 1179 -333 999 273 -1380 414 999 -819 -1338 -1362 -1044 522 1182 1140 1149 -189 -489 -1248 768 -141 -486 -273 -180
351 -452 1065 -564 940 -617 -192 35 -1557 -39 -1221 -1145 331 242 886 450 796 1275 -90 -2446 -440 -458 1642 42 -71 -803 534 -1259 62 1134 1578 -657 749 -669 -232 1780 -540 117 -982 -140 1205 1039 127 311 -33 -542 -140 421 -997 -233 -1625 -1559 305 743 840 -304 396 322 -673 879 -976 -387 352 808
351 -452 1065 -564 940 -617 -192 35 -1557 -39 -1221 -1145 331 242 886 450 796 1275 -90 -2446 -440 -458 1642 42 -71 -803 534 -1259 62 1134 1578 -657 749 -669 -232 1780 -540 117 -982 -140 1205 1039 127 311 -33 -542 -140 421 -997 -233 -1625 -1559 305 743 840 -304 396 322 -673 879 -976 -387 352 808
351 -452 1065 -564 940 -617 -192 35 -1557 -39 -1221 -1145 331 242 886 450 796 1275 -90 -2446 -440 -458 1642 42 -71 -803 534 -1259 62 1134 1578 -657 749 -669 -232 1780 -540 117 -982 -140 1205 1039 127 311 -33 -542 -140 421 -997 -233 -1625 -1559 305 743 840 -304 396 322 -673 879 -976 -387 352 808
351 -452 1065 -564 940 -617 -192 35 -1557 -39 -1221 -1145 331 242 886 450 796 1275 -90 -2446 -440 -458 1642 42 -71 -803 534 -1259 62 1134 1578 -657 749 -669 -232 1780 -540 117 -982 -140 1205 1039 127 311 -33 -542 -140 421 -997 -233 -1625 -1559 305 743 840 -304 396 322 -673 879 -976 -387 352 808
351 -452 1065 -564 940 -617 -192 35 -1557 -39 -1221 -1145 331 242 886 450 796 1275 -90 -2446 -440 -458 1642 42 -71 -803 534 -1259 62 1134 1578 -657 749 -669 -232 1780 -540 117 -982 -140 1205 1039 127 311 -33 -542 -140 421 -997 -233 -1625 -1559 305 743 840 -304 396 322 -673 879 -976 -387 352 808
351 -452 1065 -564 940 -617 -192 35 -1557 -39 -1221 -1145 331 242 886 450 796 1275 -90 -2446 -440 -458 1642 42 -71 -803 534 -1259 62 1134 1578 -657 749 -669 -232 1780 -540 117 -982 -140 1205 1039 127 311 -33 -542 -140 421 -997 -233 -1625 -1559 305 743 840 -304 396 322 -673 879 -976 -387 352 808
351 -452 1065 -564 940 -617 -192 35 -1557 -39 -1221 -1145 331 242 886 450 796 1275 -90 -2446 -440 -458 1642 42 -71 -803 534 -1259 62 1134 1578 -657 749 -669 -232 1780 -540 117 -982 -140 1205 1039 127 311 -33 -542 -140 421 -997 -233 -1625 -1559 305 743 840 -304 396 322 -673 879 -976 -387 352 808
351 -452 1065 -564 940 -617 -192 35 -1557 -39 -1221 -1145 331 242 886 450 796 1275 -90 -2446 -440 -458 1642 42 -71 -803 534 -1259 62 1134 1578 -657 749 -669 -232 1780 -540 117 -982 -140 1205 1039 127 311 -33 -542 -140 421 -997 -233 -1625 -1559 305 743 840 -304 396 322 -673 879 -976 -387 352 808
351 -452 1065 -564 940 -617 -192 35 -1557 -39 -1221 -1145 331 242 886 450 796 1275 -90 -2446 -440 -458 1642 42 -71 -803 534 -1259 62 1134 1578 -657 749 -669 -232 1780 -540 117 -982 -140 1205 1039 127 311 -33 -542 -140 421 -997 -233 -1625 -1559 305 743 840 -304 396 322 -673 879 -976 -387 352 808
351 -452 1065 -564 940 -617 -192 35 -1557 -39 -1221 -1145 331 242 886 450 796 1275 -90 -2446 -440 -458 1642 42 -71 -803 534 -1259 62 1134 1578 -657 749 -669 -232 1780 -540 117 -982 -140 1205 1039 127 311 -33 -542 -140 421 -997 -233 -1625 -1559 305 743 840 -304 396 322 -673 879 -976 -387 352 808
351 -452 1065 -564 940 -617 -192 35 -1557 -39 -1221 -1145 331 242 886 450 796 1275 -90 -2446 -440 -458 1642 42 -71 -803 534 -1259 62 1134 1578 -657 749 -669 -232 1780 -540 117 -982 -140 1205 1039 127 311 -33 -542 -140 421 -997 -233 -1625 -1559 305 743 840 -304 396 322 -673 879 -976 -387 352 808
351 -452 1065 -564 940 -617 -192 35 -1557 -39 -1221 -1145 331 242 886 450 796 1275 -90 -2446 -440 -458 1642 42 -71 -803 534 -1259 62 1134 1578 -657 749 -669 -232 1780 -540 117 -982 -140 1205 1039 127 311 -33 -542 -140 421 -997 -233 -1625 -1559 305 743 840 -304 396 322 -673 879 -976 -387 352 808
351 -452 1065 -564 940 -617 -192 35 -1557 -39 -1221 -1145 331 242 886 450 796 1275 -90 -2446 -440 -458 1642 42 -71 -803 534 -1259 62 1134 1578 -657 749 -669 -232 1780 -540 117 -982 -140 1205 1039 127 311 -33 -542 -140 421 -997 -233 -1625 -1559 305 743 840 -304 396 322 -673 879 -976 -387 352 808
351 -452 1065 -564 940 -617 -192 35 -1557 -39 -1221 -1145 331 242 886 450 796 1275 -90 -2446 -440 -458 1642 42 -71 -803 534 -1259 62 1134 1578 -657 749 -669 -232 1780 -540 117 -982 -140 1205 1039 127 311 -33 -542 -140 421 -997 -233 -1625 -1559 305 743 840 -304 396 322 -673 879 -976 -387 352 808
351 -452 1065 -564 940 -617 -192 35 -1557 -39 -1221 -1145 331 242 886 450 796 1275 -90 -2446 -440 -458 1642 42 -71 -803 534 -1259 62 1134 1578 -657 749 -669 -232 1780 -540 117 -982 -140 1205 1039 127 311 -33 -542 -140 421 -997 -233 -1625 -1559 305 743 840 -304 396 322 -673 879 -976 -387 352 808
351 -452 1065 -564 940 -617 -192 35 -1557 -39 -1221 -1145 331 242 886 450 796 1275 -90 -2446 -440 -458 1642 42 -71 -803 534 -1259 62 1134 1578 -657 749 -669 -232 1780 -540 117 -982 -140 1205 1039 127 311 -33 -542 -140 421 -997 -233 -1625 -1559 305 743 840 -304 396 322 -673 879 -976 -387 352 808
351 -452 1065 -564 940 -617 -192 35 -1557 -39 -1221 -1145 331 242 886 450 796 1275 -90 -2446 -440 -458 1642 42 -71 -803 534 -1259 62 1134 1578 -657 749 -669 -232 1780 -540 117 -982 -140 1205 1039 127 311 -33 -542 -140 421 -997 -233 -1625 -1559 305 743 840 -304 396 322 -673 879 -976 -387 352 808
351 -452 1065 -564 940 -617 -192 35 -1557 -39 -1221 -1145 331 242 886 450 796 1275 -90 -2446 -440 -458 1642 42 -71 -803 534 -1259 62 1134 1578 -657 749 -669 -232 1780 -540 117 -982 -140 1205 1039 127 311 -33 -542 -140 421 -997 -233 -1625 -1559 305 743 840 -304 396 322 -673 879 -976 -387 352 808
351 -452 1065 -564 940 -617 -192 35 -1557 -39 -1221 -1145 331 242 886 450 796 1275 -90 -2446 -440 -458 1642 42 -71 -803 534 -1259 62 1134 1578 -657 749 -669 -232 1780 -540 117 -982 -140 1205 1039 127 311 -33 -542 -140 421 -997 -233 -1625 -1559 305 743 840 -304 396 322 -673 879 -976 -387 352 808
351 -452 1065 -564 940 -617 -192 35 -1557 -39 -1221 -1145 331 242 886 450 796 1275 -90 -2446 -440 -458 1642 42 -71 -803 534 -1259 62 1134 1578 -657 749 -669 -232 1780 -540 117 -982 -140 1205 1039 127 311 -33 -542 -140 421 -997 -233 -1625 -1559 305 743 840 -304 396 322 -673 879 -976 -387 352 808
351 -452 1065 -564 940 -617 -192 35 -1557 -39 -1221 -1145 331 242 886 450 796 1275 -90 -2446 -440 -458 1642 42 -71 -803 534 -1259 62 1134 1578 -657 749 -669 -232 1780 -540 117 -982 -140 1205 1039 127 311 -33 -542 -140 421 -997 -233 -1625 -1559 305 743 840 -304 396 322 -673 879 -976 -387 352 808
351 -452 1065 -564 940 -617 -192 35 -1557 -39 -1221 -1145 331 242 886 450 796 1275 -90 -2446 -440 -458 1642 42 -71 -803 534 -1259 62 1134 1578 -657 749 -669 -232 1780 -540 117 -982 -140 1205 1039 127 311 -33 -542 -140 421 -997 -233 -1625 -1559 305 743 840 -304 396 322 -673 879 -976 -387 352 808
351 -452 1065 -564 940 -617 -192 35 -1557 -39 -1221 -1145 331 242 886 450 796 1275 -90 -2446 -440 -458 1642 42 -71 -803 534 -1259 62 1134 1578 -657 749 -669 -232 1780 -540 117 -982 -140 1205 1039 127 311 -33 -542 -140 421 -997 -233 -1625 -1559 305 743 840 -304 396 322 -673 879 -976 -387 352 808
351 -452 1065 -564 940 -617 -192 35 -1557 -39 -1221 -1145 331 242 886 450 796 1275 -90 -2446 -440 -458 1642 42 -71 -803 534 -1259 62 1134 1578 -657 749 -669 -232 1780 -540 117 -982 -140 1205 1039 127 311 -33 -542 -140 421 -997 -233 -1625 -1559 305 743 840 -304 396 322 -673 879 -976 -387 352 808
351 -452 1065 -564 940 -617 -192 35 -1557 -39 -1221 -1145 331 242 886 450 796 1275 -90 -2446 -440 -458 1642 42 -71 -803 534 -1259 62 1134 1578 -657 749 -669 -232 1780 -540 117 -982 -140 1205 1039 127 311 -33 -542 -140 421 -997 -233 -1625 -1559 305 743 840 -304 396 322 -673 879 -976 -387 352 808
351 -452 1065 -564 940 -617 -192 35 -1557 -39 -1221 -1145 331 242 886 450 796 1275 -90 -2446 -440 -458 1642 42 -71 -803 534 -1259 62 1134 1578 -657 749 -669 -232 1780 -540 117 -982 -140 1205 1039 127 311 -33 -542 -140 421 -997 -233 -1625 -1559 305 743 840 -304 396 322 -673 879 -976 -387 352 808
351 -452 1065 -564 940 -617 -192 35 -1557 -39 -1221 -1145 331 242 886 450 796 1275 -90 -2446 -440 -458 1642 42 -71 -803 534 -1259 62 1134 1578 -657 749 -669 -232 1780 -540 117 -982 -140 1205 1039 127 311 -33 -542 -140 421 -997 -233 -1625 -1559 305 743 840 -304 396 322 -673 879 -976 -387 352 808
351 -452 1065 -564 940 -617 -192 35 -1557 -39 -1221 -1145 331 242 886 450 796 1275 -90 -2446 -440 -458 1642 42 -71 -803 534 -1259 62 1134 1578 -657 749 -669 -232 1780 -540 117 -982 -140 1205 1039 127 311 -33 -542 -140 421 -997 -233 -1625 -1559 305 743 840 -304 396 322 -673 879 -976 -387 352 808
351 -452 1065 -564 940 -617 -192 35 -1557 -39 -1221 -1145 331 242 886 450 796 1275 -90 -2446 -440 -458 1642 42 -71 -803 534 -1259 62 1134 1578 -657 749 -669 -232 1780 -540 117 -982 -140 1205 1039 127 311 -33 -542 -140 421 -997 -233 -1625 -1559 305 743 840 -304 396 322 -673 879 -976 -387 352 808
351 -452 1065 -564 940 -617 -192 35 -1557 -39 -1221 -1145 331 242 886 450 796 1275 -90 -2446 -440 -458 1642 42 -71 -803 534 -1259 62 1134 1578 -657 749 -669 -232 1780 -540 117 -982 -140 1205 1039 127 311 -33 -542 -140 421 -997 -233 -1625 -1559 305 743 840 -304 396 322 -673 879 -976 -387 352 808
351 -452 1065 -564 940 -617 -192 35 -1557 -39 -1221 -1145 331 242 886 450 796 1275 -90 -2446 -440 -458 1642 42 -71 -803 534 -1259 62 1134 1578 -657 749 -669 -232 1780 -540 117 -982 -140 1205 1039 127 311 -33 -542 -140 421 -997 -233 -1625 -1559 305 743 840 -304 396 322 -673 879 -976 -387 352 808
351 -452 1065 -564 940 -617 -192 35 -1557 -39 -1221 -1145 331 242 886 450 796 1275 -90 -2446 -440 -458 1642 42 -71 -803 534 -1259 62 1134 1578 -657 749 -669 -232 1780 -540 117 -982 -140 1205 1039 127 311 -33 -542 -140 421 -997 -233 -1625 -1559 305 743 840 -304 396 322 -673 879 -976 -387 352 808
351 -452 1065 -564 940 -617 -192 35 -1557 -39 -1221 -1145 331 242 886 450 796 1275 -90 -2446 -440 -458 1642 42 -71 -803 534 -1259 62 1134 1578 -657 749 -669 -232 1780 -540 117 -982 -140 1205 1039 127 311 -33 -542 -140 421 -997 -233 -1625 -1559 305 743 840 -304 396 322 -673 879 -976 -387 352 808
351 -452 1065 -564 940 -617 -192 35 -1557 -39 -1221 -1145 331 242 886 450 796 1275 -90 -2446 -440 -458 1642 42 -71 -803 534 -1259 62 1134 1578 -657 749 -669 -232 1780 -540 117 -982 -140 1205 1039 127 311 -33 -542 -140 421 -997 -233 -1625 -1559 305 743 840 -304 396 322 -673 879 -976 -387 352 808
351 -452 1065 -564 940 -617 -192 35 -1557 -39 -1221 -1145 331 242 886 450 796 1275 -90 -2446 -440 -458 1642 42 -71 -803 534 -1259 62 1134 1578 -657 749 -669 -232 1780 -540 117 -982 -140 1205 1039 127 311 -33 -542 -140 421 -997 -233 -1625 -1559 305 743 840 -304 396 322 -673 879 -976 -387 352 808
351 -452 1065 -564 940 -617 -192 35 -1557 -39 -1221 -1145 331 242 886 450 796 1275 -90 -2446 -440 -458 1642 42 -71 -803 534 -1259 62 1134 1578 -657 749 -669 -232 1780 -540 117 -982 -140 1205 1039 127 311 -33 -542 -140 421 -997 -233 -1625 -1559 305 743 840 -304 396 322 -673 879 -976 -387 352 808
351 -452 1065 -564 940 -617 -192 35 -1557 -39 -1221 -1145 331 242 886 450 796 1275 -90 -2446 -440 -458 1642 42 -71 -803 534 -1259 62 1134 1578 -657 749 -669 -232 1780 -540 117 -982 -140 1205 1039 127 311 -33 -542 -140 421 -997 -233 -1625 -1559 305 743 840 -304 396 322 -673 879 -976 -387 352 808
351 -452 1065 -564 940 -617 -192 35 -1557 -39 -1221 -1145 331 242 886 450 796 1275 -90 -2446 -440 -458 1642 42 -71 -803 534 -1259 62 1134 1578 -657 749 -669 -232 1780 -540 117 -982 -140 1205 1039 127 311 -33 -542 -140 421 -997 -233 -1625 -1559 305 743 840 -304 396 322 -673 879 -976 -387 352 808
351 -452 1065 -564 940 -617 -192 35 -1557 -39 -1221 -1145 331 242 886 450 796 1275 -90 -2446 -440 -458 1642 42 -71 -803 534 -1259 62 1134 1578 -657 749 -669 -232 1780 -540 117 -982 -140 1205 1039 127 311 -33 -542 -140 421 -997 -233 -1625 -1559 305 743 840 -304 396 322 -673 879 -976 -387 352 808
351 -452 1065 -564 940 -617 -192 35 -1557 -39 -1221 -1145 331 242 886 450 796 1275 -90 -2446 -440 -458 1642 42 -71 -803 534 -1259 62 1134 1578 -657 749 -669 -232 1780 -540 117 -982 -140 1205 1039 127 311 -33 -542 -140 421 -997 -233 -1625 -1559 305 743 840 -304 396 322 -673 879 -976 -387 352 808
351 -452 1065 -564 940 -617 -192 35 -1557 -39 -1221 -1145 331 242 886 450 796 1275 -90 -2446 -440 -458 1642 42 -71 -803 534 -1259 62 1134 1578 -657 749 -669 -232 1780 -540 117 -982 -140 1205 1039 127 311 -33 -542 -140 421 -997 -233 -1625 -1559 305 743 840 -304 396 322 -673 879 -976 -387 352 808
351 -452 1065 -564 940 -617 -192 35 -1557 -39 -1221 -1145 331 242 886 450 796 1275 -90 -2446 -440 -458 1642 42 -71 -803 534 -1259 62 1134 1578 -657 749 -669 -232 1780 -540 117 -982 -140 1205 1039 127 311 -33 -542 -140 421 -997 -233 -1625 -1559 305 743 840 -304 396 322 -673 879 -976 -387 352 808
351 -452 1065 -564 940 -617 -192 35 -1557 -39 -1221 -1145 331 242 886 450 796 1275 -90 -2446 -440 -458 1642 42 -71 -803 534 -1259 62 1134 1578 -657 749 -669 -232 1780 -540 117 -982 -140 1205 1039 127 311 -33 -542 -140 421 -997 -233 -1625 -1559 305 743 840 -304 396 322 -673 879 -976 -387 352 808
351 -452 1065 -564 940 -617 -192 35 -1557 -39 -1221 -1145 331 242 886 450 796 1275 -90 -2446 -440 -458 1642 42 -71 -803 534 -1259 62 1134 1578 -657 749 -669 -232 1780 -540 117 -982 -140 1205 1039 127 311 -33 -542 -140 421 -997 -233 -1625 -1559 305 743 840 -304 396 322 -673 879 -976 -387 352 808
351 -452 1065 -564 940 -617 -192 35 -1557 -39 -1221 -1145 331 242 886 450 796 1275 -90 -2446 -440 -458 1642 42 -71 -803 534 -1259 62 1134 1578 -657 749 -669 -232 1780 -540 117 -982 -140 1205 1039 127 311 -33 -542 -140 421 -997 -233 -1625 -1559 305 743 840 -304 396 322 -673 879 -976 -387 352 808
351 -452 1065 -564 940 -617 -192 35 -1557 -39 -1221 -1145 331 242 886 450 796 1275 -90 -2446 -440 -458 1642 42 -71 -803 534 -1259 62 1134 1578 -657 749 -669 -232 1780 -540 117 -982 -140 1205 1039 127 311 -33 -542 -140 421 -997 -233 -1625 -1559 305 743 840 -304 396 322 -673 879 -976 -387 352 808
351 -452 1065 -564 940 -617 -192 35 -1557 -39 -1221 -1145 331 242 886 450 796 1275 -90 -2446 -440 -458 1642 42 -71 -803 534 -1259 62 1134 1578 -657 749 -669 -232 1780 -540 117 -982 -140 1205 1039 127 311 -33 -542 -140 421 -997 -233 -1625 -1559 305 743 840 -304 396 322 -673 879 -976 -387 352 808
351 -452 1065 -564 940 -617 -192 35 -1557 -39 -1221 -1145 331 242 886 450 796 1275 -90 -2446 -440 -458 1642 42 -71 -803 534 -1259 62 1134 1578 -657 749 -669 -232 1780 -540 117 -982 -140 1205 1039 127 311 -33 -542 -140 421 -997 -233 -1625 -1559 305 743 840 -304 396 322 -673 879 -976 -387 352 808
351 -452 1065 -564 940 -617 -192 35 -1557 -39 -1221 -1145 331 242 886 450 796 1275 -90 -2446 -440 -458 1642 42 -71 -803 534 -1259 62 1134 1578 -657 749 -669 -232 1780 -540 117 -982 -140 1205 1039 127 311 -33 -542 -140 421 -997 -233 -1625 -1559 305 743 840 -304 396 322 -673 879 -976 -387 352 808
351 -452 1065 -564 940 -617 -192 35 -1557 -39 -1221 -1145 331 242 886 450 796 1275 -90 -2446 -440 -458 1642 42 -71 -803 534 -1259 62 1134 1578 -657 749 -669 -232 1780 -540 117 -982 -140 1205 1039 127 311 -33 -542 -140 421 -997 -233 -1625 -1559 305 743 840 -304 396 322 -673 879 -976 -387 352 808
351 -452 1065 -564 940 -617 -192 35 -1557 -39 -1221 -1145 331 242 886 450 796 1275 -90 -2446 -440 -458 1642 42 -71 -803 534 -1259 62 1134 1578 -657 749 -669 -232 1780 -540 117 -982 -140 1205 1039 127 311 -33 -542 -140 421 -997 -233 -1625 -1559 305 743 840 -304 396 322 -673 879 -976 -387 352 808
351 -452 1065 -564 940 -617 -192 35 -1557 -39 -1221 -1145 331 242 886 450 796 1275 -90 -2446 -440 -458 1642 42 -71 -803 534 -1259 62 1134 1578 -657 749 -669 -232 1780 -540 117 -982 -140 1205 1039 127 311 -33 -542 -140 421 -997 -233 -1625 -1559 305 743 840 -304 396 322 -673 879 -976 -387 352 808
351 -452 1065 -564 940 -617 -192 35 -1557 -39 -1221 -1145 331 242 886 450 796 1275 -90 -2446 -440 -458 1642 42 -71 -803 534 -1259 62 1134 1578 -657 749 -669 -232 1780 -540 117 -982 -140 1205 1039 127 311 -33 -542 -140 421 -997 -233 -1625 -1559 305 743 840 -304 396 322 -673 879 -976 -387 352 808
351 -452 1065 -564 940 -617 -192 35 -1557 -39 -1221 -1145 331 242 886 450 796 1275 -90 -2446 -440 -458 1642 42 -71 -803 534 -1259 62 1134 1578 -657 749 -669 -232 1780 -540 117 -982 -140 1205 1039 127 311 -33 -542 -140 421 -997 -233 -1625 -1559 305 743 840 -304 396 322 -673 879 -976 -387 352 808
351 -452 1065 -564 940 -617 -192 35 -1557 -39 -1221 -1145 331 242 886 450 796 1275 -90 -2446 -440 -458 1642 42 -71 -803 534 -1259 62 1134 1578 -657 749 -669 -232 1780 -540 117 -982 -140 1205 1039 127 311 -33 -542 -140 421 -997 -233 -1625 -1559 305 743 840 -304 396 322 -673 879 -976 -387 352 808
351 -452 1065 -564 940 -617 -192 35 -1557 -39 -1221 -1145 331 242 886 450 796 1275 -90 -2446 -440 -458 1642 42 -71 -803 534 -1259 62 1134 1578 -657 749 -669 -232 1780 -540 117 -982 -140 1205 1039 127 311 -33 -542 -140 421 -997 -233 -1625 -1559 305 743 840 -304 396 322 -673 879 -976 -387 352 808
351 -452 1065 -564 940 -617 -192 35 -1557 -39 -1221 -1145 331 242 886 450 796 1275 -90 -2446 -440 -458 1642 42 -71 -803 534 -1259 62 1134 1578 -657 749 -669 -232 1780 -540 117 -982 -140 1205 1039 127 311 -33 -542 -140 421 -997 -233 -1625 -1559 305 743 840 -304 396 322 -673 879 -976 -387 352 808
351 -452 1065 -564 940 -617 -192 35 -1557 -39 -1221 -1145 331 242 886 450 796 1275 -90 -2446 -440 -458 1642 42 -71 -803 534 -1259 62 1134 1578 -657 749 -669 -232 1780 -540 117 -982 -140 1205 1039 127 311 -33 -542 -140 421 -997 -233 -1625 -1559 305 743 840 -304 396 322 -673 879 -976 -387 352 808
351 -452 1065 -564 940 -617 -192 35 -1557 -39 -1221 -1145 331 242 886 450 796 1275 -90 -2446 -440 -458 1642 42 -71 -803 534 -1259 62 1134 1578 -657 749 -669 -232 1780 -540 117 -982 -140 1205 1039 127 311 -33 -542 -140 421 -997 -233 -1625 -1559 305 743 840 -304 396 322 -673 879 -976 -387 352 808
351 -452 1065 -564 940 -617 -192 35 -1557 -39 -1221 -1145 331 242 886 450 796 1275 -90 -2446 -440 -458 1642 42 -71 -803 534 -1259 62 1134 1578 -657 749 -669 -232 1780 -540 117 -982 -140 1205 1039 127 311 -33 -542 -140 421 -997 -233 -1625 -1559 305 743 840 -304 396 322 -673 879 -976 -387 352 808
351 -452 1065 -564 940 -617 -192 35 -1557 -39 -1221 -1145 331 242 886 450 796 1275 -90 -2446 -440 -458 1642 42 -71 -803 534 -1259 62 1134 1578 -657 749 -669 -232 1780 -540 117 -982 -140 1205 1039 127 311 -33 -542 -140 421 -997 -233 -1625 -1559 305 743 840 -304 396 322 -673 879 -976 -387 352 808
351 -452 1065 -564 940 -617 -192 35 -1557 -39 -1221 -1145 331 242 886 450 796 1275 -90 -2446 -440 -458 1642 42 -71 -803 534 -1259 62 1134 1578 -657 749 -669 -232 1780 -540 117 -982 -140 1205 1039 127 311 -33 -542 -140 421 -997 -233 -1625 -1559 305 743 840 -304 396 322 -673 879 -976 -387 352 808
351 -452 1065 -564 940 -617 -192 35 -1557 -39 -1221 -1145 331 242 886 450 796 1275 -90 -2446 -440 -458 1642 42 -71 -803 534 -1259 62 1134 1578 -657 749 -669 -232 1780 -540 117 -982 -140 1205 1039 127 311 -33 -542 -140 421 -997 -233 -1625 -1559 305 743 840 -304 396 322 -673 879 -976 -387 352 808
351 -452 1065 -564 940 -617 -192 35 -1557 -39 -1221 -1145 331 242 886 450 796 1275 -90 -2446 -440 -458 1642 42 -71 -803 534 -1259 62 1134 1578 -657 749 -669 -232 1780 -540 117 -982 -140 1205 1039 127 311 -33 -542 -140 421 -997 -233 -1625 -1559 305 743 840 -304 396 322 -673 879 -976 -387 352 808
351 -452 1065 -564 940 -617 -192 35 -1557 -39 -1221 -1145 331 242 886 450 796 1275 -90 -2446 -440 -458 1642 42 -71 -803 534 -1259 62 1134 1578 -657 749 -669 -232 1780 -540 117 -982 -140 1205 1039 127 311 -33 -542 -140 421 -997 -233 -1625 -1559 305 743 840 -304 396 322 -673 879 -976 -387 352 808
351 -452 1065 -564 940 -617 -192 35 -1557 -39 -1221 -1145 331 242 886 450 796 1275 -90 -2446 -440 -458 1642 42 -71 -803 534 -1259 62 1134 1578 -657 749 -669 -232 1780 -540 117 -982 -140 1205 1039 127 311 -33 -542 -140 421 -997 -233 -1625 -1559 305 743 840 -304 396 322 -673 879 -976 -387 352 808
351 -452 1065 -564 940 -617 -192 35 -1557 -39 -1221 -1145 331 242 886 450 796 1275 -90 -2446 -440 -458 1642 42 -71 -803 534 -1259 62 1134 1578 -657 749 -669 -232 1780 -540 117 -982 -140 1205 1039 127 311 -33 -542 -140 421 -997 -233 -1625 -1559 305 743 840 -304 396 322 -673 879 -976 -387 352 808
351 -452 1065 -564 940 -617 -192 35 -1557 -39 -1221 -1145 331 242 886 450 796 1275 -90 -2446 -440 -458 1642 42 -71 -803 534 -1259 62 1134 1578 -657 749 -669 -232 1780 -540 117 -982 -140 1205 1039 127 311 -33 -542 -140 421 -997 -233 -1625 -1559 305 743 840 -304 396 322 -673 879 -976 -387 352 808
351 -452 1065 -564 940 -617 -192 35 -1557 -39 -1221 -1145 331 242 886 450 796 1275 -90 -2446 -440 -458 1642 42 -71 -803 534 -1259 62 1134 1578 -657 749 -669 -232 1780 -540 117 -982 -140 1205 1039 127 311 -33 -542 -140 421 -997 -233 -1625 -1559 305 743 840 -304 396 322 -673 879 -976 -387 352 808
351 -452 1065 -564 940 -617 -192 35 -1557 -39 -1221 -1145 331 242 886 450 796 1275 -90 -2446 -440 -458 1642 42 -71 -803 534 -1259 62 1134 1578 -657 749 -669 -232 1780 -540 117 -982 -140 1205 1039 127 311 -33 -542 -140 421 -997 -233 -1625 -1559 305 743 840 -304 396 322 -673 879 -976 -387 352 808
351 -452 1065 -564 940 -617 -192 35 -1557 -39 -1221 -1145 331 242 886 450 796 1275 -90 -2446 -440 -458 1642 42 -71 -803 534 -1259 62 1134 1578 -657 749 -669 -232 1780 -540 117 -982 -140 1205 1039 127 311 -33 -542 -140 421 -997 -233 -1625 -1559 305 743 840 -304 396 322 -673 879 -976 -387 352 808
351 -452 1065 -564 940 -617 -192 35 -1557 -39 -1221 -1145 331 242 886 450 796 1275 -90 -2446 -440 -458 1642 42 -71 -803 534 -1259 62 1134 1578 -657 749 -669 -232 1780 -540 117 -982 -140 1205 1039 127 311 -33 -542 -140 421 -997 -233 -1625 -1559 305 743 840 -304 396 322 -673 879 -976 -387 352 808
351 -452 1065 -564 940 -617 -192 35 -1557 -39 -1221 -1145 331 242 886 450 796 1275 -90 -2446 -440 -458 1642 42 -71 -803 534 -1259 62 1134 1578 -657 749 -669 -232 1780 -540 117 -982 -140 1205 1039 127 311 -33 -542 -140 421 -997 -233 -1625 -1559 305 743 840 -304 396 322 -673 879 -976 -387 352 808
351 -452 1065 -564 940 -617 -192 35 -1557 -39 -1221 -1145 331 242 886 450 796 1275 -90 -2446 -440 -458 1642 42 -71 -803 534 -1259 62 1134 1578 -657 749 -669 -232 1780 -540 117 -982 -140 1205 1039 127 311 -33 -542 -140 421 -997 -233 -1625 -1559 305 743 840 -304 396 322 -673 879 -976 -387 352 808
351 -452 1065 -564 940 -617 -192 35 -1557 -39 -1221 -1145 331 242 886 450 796 1275 -90 -2446 -440 -458 1642 42 -71 -803 534 -1259 62 1134 1578 -657 749 -669 -232 1780 -540 117 -982 -140 1205 1039 127 311 -33 -542 -140 421 -997 -233 -1625 -1559 305 743 840 -304 396 322 -673 879 -976 -387 352 808
351 -452 1065 -564 940 -617 -192 35 -1557 -39 -1221 -1145 331 242 886 450 796 1275 -90 -2446 -440 -458 1642 42 -71 -803 534 -1259 62 1134 1578 -657 749 -669 -232 1780 -540 117 -982 -140 1205 1039 127 311 -33 -542 -140 421 -997 -233 -1625 -1559 305 743 840 -304 396 322 -673 879 -976 -387 352 808
351 -452 1065 -564 940 -617 -192 35 -1557 -39 -1221 -1145 331 242 886 450 796 1275 -90 -2446 -440 -458 1642 42 -71 -803 534 -1259 62 1134 1578 -657 749 -669 -232 1780 -540 117 -982 -140 1205 1039 127 311 -33 -542 -140 421 -997 -233 -1625 -1559 305 743 840 -304 396 322 -673 879 -976 -387 352 808
351 -452 1065 -564 940 -617 -192 35 -1557 -39 -1221 -1145 331 242 886 450 796 1275 -90 -2446 -440 -458 1642 42 -71 -803 534 -1259 62 1134 1578 -657 749 -669 -232 1780 -540 117 -982 -140 1205 1039 127 311 -33 -542 -140 421 -997 -233 -1625 -1559 305 743 840 -304 396 322 -673 879 -976 -387 352 808
351 -452 1065 -564 940 -617 -192 35 -1557 -39 -1221 -1145 331 242 886 450 796 1275 -90 -2446 -440 -458 1642 42 -71 -803 534 -1259 62 1134 1578 -657 749 -669 -232 1780 -540 117 -982 -140 1205 1039 127 311 -33 -542 -140 421 -997 -233 -1625 -1559 305 743 840 -304 396 322 -673 879 -976 -387 352 808
351 -452 1065 -564 940 -617 -192 35 -1557 -39 -1221 -1145 331 242 886 450 796 1275 -90 -2446 -440 -458 1642 42 -71 -803 534 -1259 62 1134 1578 -657 749 -669 -232 1780 -540 117 -982 -140 1205 1039 127 311 -33 -542 -140 421 -997 -233 -1625 -1559 305 743 840 -304 396 322 -673 879 -976 -387 352 808
351 -452 1065 -564 940 -617 -192 35 -1557 -39 -1221 -1145 331 242 886 450 796 1275 -90 -2446 -440 -458 1642 42 -71 -803 534 -1259 62 1134 1578 -657 749 -669 -232 1780 -540 117 -982 -140 1205 1039 127 311 -33 -542 -140 421 -997 -233 -1625 -1559 305 743 840 -304 396 322 -673 879 -976 -387 352 808
351 -452 1065 -564 940 -617 -192 35 -1557 -39 -1221 -1145 331 242 886 450 796 1275 -90 -2446 -440 -458 1642 42 -71 -803 534 -1259 62 1134 1578 -657 749 -669 -232 1780 -540 117 -982 -140 1205 1039 127 311 -33 -542 -140 421 -997 -233 -1625 -1559 305 743 840 -304 396 322 -673 879 -976 -387 352 808
351 -452 1065 -564 940 -617 -192 35 -1557 -39 -1221 -1145 331 242 886 450 796 1275 -90 -2446 -440 -458 1642 42 -71 -803 534 -1259 62 1134 1578 -657 749 -669 -232 1780 -540 117 -982 -140 1205 1039 127 311 -33 -542 -140 421 -997 -233 -1625 -1559 305 743 840 -304 396 322 -673 879 -976 -387 352 808
351 -452 1065 -564 940 -617 -192 35 -1557 -39 -1221 -1145 331 242 886 450 796 1275 -90 -2446 -440 -458 1642 42 -71 -803 534 -1259 62 1134 1578 -657 749 -669 -232 1780 -540 117 -982 -140 1205 1039 127 311 -33 -542 -140 421 -997 -233 -1625 -1559 305 743 840 -304 396 322 -673 879 -976 -387 352 808
351 -452 1065 -564 940 -617 -192 35 -1557 -39 -1221 -1145 331 242 886 450 796 1275 -90 -2446 -440 -458 1642 42 -71 -803 534 -1259 62 1134 1578 -657 749 -669 -232 1780 -540 117 -982 -140 1205 1039 127 311 -33 -542 -140 421 -997 -233 -1625 -1559 305 743 840 -304 396 322 -673 879 -976 -387 352 808
351 -452 1065 -564 940 -617 -192 35 -1557 -39 -1221 -1145 331 242 886 450 796 1275 -90 -2446 -440 -458 1642 42 -71 -803 534 -1259 62 1134 1578 -657 749 -669 -232 1780 -540 117 -982 -140 1205 1039 127 311 -33 -542 -140 421 -997 -233 -1625 -1559 305 743 840 -304 396 322 -673 879 -976 -387 352 808
351 -452 1065 -564 940 -617 -192 35 -1557 -39 -1221 -1145 331 242 886 450 796 1275 -90 -2446 -440 -458 1642 42 -71 -803 534 -1259 62 1134 1578 -657 749 -669 -232 1780 -540 117 -982 -140 1205 1039 127 311 -33 -542 -140 421 -997 -233 -1625 -1559 305 743 840 -304 396 322 -673 879 -976 -387 352 808
