261 -1414 937 -313 -547 43 -156 972 537 -712 -129 816 1614 -2179 3239 -1876 -487 1406 1441 910 1492 288 -260 -582 -1137 537 -1040 -451 -451 -79 -355 -279 -1658 -1097 -2413 234 -354 1675 -1753 1354 -641 2491 -460 522 -216 171 884 224 -2351 487 2211 826 2075 -504 -1021 520 -2317 1338 321 1674 -841 -224 -346 277
-224 -1251 761 484 101 -31 -330 952 963 -38 -754 623 1880 -1005 2500 -320 -525 572 811 1239 1542 -872 366 -295 -989 1286 -1102 -248 -300 -235 -311 464 -316 -327 -1537 244 -365 1127 -1398 776 -604 1664 20 -275 -935 536 934 300 -2060 -73 2196 486 1706 -107 -1469 520 -2096 233 422 2251 -898 -461 -647 163
-497 -976 734 124 -76 190 -40 428 -852 -72 886 555 2060 338 2896 -294 82 993 1232 814 1562 -1467 88 -728 -103 1176 -1240 -767 -1027 -229 553 311 418 147 -329 -579 -481 821 -1823 178 -661 1169 -110 435 63 795 1133 159 -1976 2779 1548 -859 602 -1580 -2392 168 -2385 -79 171 1310 -16 -1203 -209 -757
-181 457 2128 -621 895 732 -236 546 -876 636 403 623 2535 1213 3602 517 528 1587 1619 577 8 509 1013 237 103 534 -1469 793 -163 -153 1069 -953 -76 1480 511 -1810 -903 912 -1844 513 -1141 341 -399 -447 -1837 911 1047 -1922 -1524 4778 1146 528 -244 -154 -1672 633 -3057 958 -348 1883 -26 -882 -203 687
-269 1225 2605 -688 1774 1535 185 308 -629 680 670 796 1475 604 3228 1166 -911 1412 1474 799 -525 107 1565 -2 -452 -233 -1783 54 -677 286 609 -533 -841 1921 180 -973 -1114 821 -2887 1464 -831 203 424 -499 -3111 143 1793 -2496 -2097 3951 1367 968 -401 -58 -2643 -30 -1865 1662 -570 1420 929 240 59 -152
-534 1606 3127 -750 2204 1642 35 268 -770 219 1065 513 1527 596 3361 1741 -979 1295 1465 589 -201 -350 1293 -93 -284 -395 -1520 -606 -1085 682 780 -1290 -963 1649 -167 -1107 -930 928 -3429 1981 -239 346 583 -743 -2774 -248 1653 -2721 -2746 4328 1018 1289 -668 -120 -3229 -310 -2021 1969 -613 1576 224 705 313 -195
-1212 3686 4633 -1250 3940 2594 270 25 -1073 43 2382 58 1373 1049 3692 3440 -1633 1326 1829 400 -1223 198 1674 611 -466 -2343 -2347 -1247 -2261 1444 1110 -2632 -1430 2463 263 -1573 -1933 968 -5047 3656 -429 -526 1175 -1708 -3765 -1279 1942 -5019 -3645 6226 427 2283 -2353 541 -5328 -962 -1894 3280 -1834 2098 749 1804 674 -582
-220 4256 4561 -637 1886 2881 -1002 1072 -877 528 -73 456 2210 2341 2350 360 -1949 1873 96 -188 -1556 1176 2663 1342 -202 -1570 -3609 -318 180 2296 1179 -121 -2027 2430 967 -852 -2841 884 -5267 1326 -1303 -1517 1150 14 -3922 259 2023 -3670 -352 5035 2858 1535 -3056 2245 -3136 -526 -1411 2520 -1478 1969 1166 371 -368 -1655
158 1112 2444 -1375 1241 2023 -90 377 -2141 1379 404 791 2082 1565 3769 -50 622 2871 1853 194 -888 1148 1524 -931 101 351 -1416 1610 31 10 896 -1150 -752 3128 1489 -2329 -1649 1070 -2330 341 -1440 -468 -431 352 -3797 865 2361 -3258 -1216 7180 940 359 -854 181 -1479 593 -2712 1662 81 380 1735 -173 228 -215
-215 322 1844 -461 1227 975 -461 618 -561 1010 -293 451 2280 836 3163 399 184 1659 1234 535 148 144 1153 -363 -197 698 -1367 903 -23 -219 524 -541 -435 1641 606 -1374 -1371 1186 -2093 402 -1269 304 -205 -467 -2570 844 1564 -1996 -1538 4117 1264 666 -102 521 -1557 611 -2546 871 -61 1775 412 -367 -152 230
264 1108 2588 -1661 1364 1958 -199 290 -2311 1489 460 803 2323 1642 4204 177 1003 3101 2113 77 -1132 1417 1420 -895 301 291 -1227 1820 181 -168 1193 -1585 -790 3226 1741 -2821 -1787 1146 -2266 310 -1665 -478 -605 216 -3996 945 2364 -3651 -1308 7871 648 465 -961 330 -1158 716 -2957 1685 -37 491 1688 -227 380 257
-239 1023 3094 -2076 2037 1332 -618 197 -1764 2378 426 457 3271 2266 4545 93 1488 3478 2174 -43 -1936 2429 1544 60 1393 -444 -2108 3005 757 -2018 1185 -2393 -1287 3365 3071 -3790 -2273 2134 -3044 3 -2665 -48 -1314 -1482 -3048 2464 1231 -4864 -1574 9402 -339 1705 -1253 914 -1447 1134 -3962 2473 -1536 1974 1753 -1196 559 1592
-289 3523 3102 -2512 6376 129 477 27 -1352 4832 1504 -2613 3105 4547 6804 -1131 -206 1159 3608 -2191 1381 4809 4358 1719 374 -1269 -3467 5516 -1102 -222 2001 -798 -3858 1012 6670 -3090 -4688 5010 -3874 -1777 -4394 2056 -3608 -2924 129 1582 -214 -5285 -577 11982 -971 4170 -3631 -131 -1392 2665 -7438 5178 -3093 5067 2785 -2993 1502 5086
131 -324 3073 -356 2007 916 814 1257 -1572 2099 2873 -2460 1757 2852 4164 -1990 -774 1070 560 -885 2380 1546 2672 -859 -102 1628 58 2493 -648 1583 -1180 347 -614 -300 4880 -2469 -3171 2505 -2140 -950 -1919 671 -1632 -2599 853 1 91 -3793 -4473 9954 1100 1858 -2031 -1401 -1692 -700 -5924 5593 -287 3148 1708 -1160 1968 1972
1218 1203 3249 -1379 3501 1059 -470 879 -1550 2569 1016 -2879 1855 3512 4896 -3350 -1040 -707 1788 -1067 2316 3055 3099 -24 -502 1043 133 4488 -780 1975 -956 1954 -2404 464 5860 -3415 -3707 2611 -2794 -1252 -2712 1888 -2317 -1631 -211 1759 183 -3085 -4944 9627 377 2262 -1479 -2579 -1725 921 -6511 5881 -1722 2965 1723 -2227 3320 2376
416 2589 3510 -2181 4986 347 2 267 -1439 3916 1539 -2407 2817 4250 6120 -1942 -375 837 2834 -1735 1245 4184 3832 1154 283 -184 -2130 5017 -562 244 1004 55 -3054 949 6379 -3470 -3964 3897 -3561 -1483 -3995 1942 -3150 -2714 174 1876 -123 -4665 -2631 11628 -476 3349 -2833 -1087 -1351 1709 -6953 5461 -2744 4429 2308 -2672 2194 4014
226 888 3521 -1250 2883 808 506 1029 -1520 2609 2180 -2412 2395 3596 5011 -2085 -488 628 1646 -858 1693 3270 3152 568 435 427 -915 3931 -536 1025 -419 -109 -1780 573 5580 -3412 -3322 3074 -2536 -1065 -2259 1045 -2201 -2629 537 1392 -538 -4358 -3700 10823 329 2795 -2179 -1598 -1928 628 -6906 6165 -1616 3582 1739 -2421 2222 3289
-20 2759 3622 -2306 4832 269 265 271 -1377 3910 1585 -2031 3170 4366 6286 -1251 -60 1129 3058 -1510 710 4622 3885 1897 880 -960 -2846 5061 -428 -283 1513 -867 -3125 1271 6131 -3611 -3785 4060 -3509 -1407 -3646 1617 -3086 -2865 161 2132 -603 -5102 -1520 11675 -648 3744 -3037 -658 -1530 2084 -7160 5438 -3054 4596 2192 -3144 1652 4686
-169 1249 3567 -1397 3567 413 709 767 -1162 2961 2295 -2371 2466 3663 5801 -1047 -1146 514 1902 -1175 2187 3099 3684 580 700 196 -1457 3647 -271 1260 277 -196 -2360 405 5879 -2922 -3789 3423 -3405 -1120 -2691 1008 -2204 -2703 909 1055 -250 -5246 -3305 11150 363 2805 -3020 -1159 -2010 728 -6406 6310 -1957 4511 2322 -2236 2011 3443
-258 780 3534 -1075 3199 454 966 1052 -951 2361 2226 -2683 2039 3381 5807 -1088 -2017 -327 1753 -856 3320 2636 3688 -65 344 808 -929 3209 -255 2612 -404 367 -2436 147 5849 -2537 -3811 3253 -3542 -851 -2064 796 -1658 -2163 1186 690 28 -5442 -4196 10667 945 2332 -2784 -1848 -2590 473 -6165 6965 -1402 4485 2422 -1852 2342 2646
-261 1236 3418 -1080 3350 422 979 1012 -1189 2610 2406 -2501 2143 3339 5643 -1059 -1421 506 1733 -1229 2817 2567 3735 12 140 564 -1331 3215 -463 1910 0 86 -2231 272 5307 -2268 -3685 3388 -3325 -1045 -2365 830 -1918 -2746 1222 253 -22 -5330 -3290 10846 833 2714 -3098 -1159 -2227 661 -6185 6592 -1420 4769 2381 -1850 1682 2853
-1009 -76 2414 -327 1198 -258 540 1132 721 1019 684 -914 2144 1093 4688 1617 -2302 -676 1267 471 3913 190 2751 24 221 1343 -1451 534 406 2198 -110 -623 -1328 1070 2034 -690 -1865 2046 -2888 299 -819 -52 244 -1962 910 795 1027 -4555 -4158 6429 1662 840 -1962 -425 -2838 522 -3385 4545 -366 5246 1606 -1005 690 1206
160 -1354 795 -156 -360 12 -202 995 719 -493 -350 751 1600 -1821 2895 -1370 -530 1063 1141 1044 1537 -40 -8 -484 -1066 727 -1007 -371 -365 -163 -359 -23 -1222 -878 -2120 282 -314 1457 -1569 1163 -594 2194 -313 215 -393 262 857 286 -2177 145 2202 744 1911 -376 -1074 508 -2177 1002 301 1843 -854 -273 -425 291
972 -688 -6 -2781 -473 1098 -828 1978 -475 -79 608 300 969 -707 2197 -279 -349 1020 -57 1838 2570 541 1185 -1026 -236 455 -951 -354 45 -316 134 -1154 -137 -89 -1558 -56 60 357 -970 1102 -436 96 -337 -1185 18 189 965 66 -817 715 2649 -182 -126 -50 -690 258 -2003 506 -810 2030 -212 183 2 435
2037 -894 -228 -5033 -1041 1947 -1020 3383 -2156 326 2436 313 269 -652 2091 -1322 -329 1564 -366 2444 3486 2374 637 -2341 903 274 -791 -519 470 -118 314 -2126 -978 -270 -2132 -551 853 145 -616 2306 -450 -1359 -716 -932 770 -10 291 -189 -510 1383 3096 -599 -425 -536 -565 -493 -1558 909 -2011 1510 -128 135 516 -251
2786 243 -608 -7316 -1652 2853 -1372 3210 -3017 -638 3122 241 -51 -663 2090 -865 62 2388 -918 2690 3571 2686 2035 -2638 586 -1048 -665 -900 324 -525 780 -3516 -252 -148 -2010 -639 725 -508 -577 2001 -300 -1926 -1247 -1769 1322 -960 923 -425 756 2543 3639 -1050 -2255 -461 49 -304 -1768 1391 -2582 1237 580 1108 855 46
2199 402 348 -7280 -1273 2643 -791 2020 -3003 1019 2757 521 -89 -190 2232 -922 -478 2679 -780 2787 2552 1786 2741 -2906 -238 -560 -1236 -500 526 -1618 -105 -3137 -896 19 -1853 -868 892 -1488 -360 1763 -516 -1452 -984 -1966 119 -943 403 -388 -71 3277 4162 -449 -649 -830 426 -195 -1075 964 -2452 833 1148 1678 721 -708
1851 859 1412 -6758 -881 2442 -702 1357 -2662 1309 2707 351 -63 274 2513 -734 -858 3063 -794 2393 1756 1001 2878 -2937 -565 -524 -2038 -954 226 -1523 -708 -3560 -598 103 -2026 -710 999 -1441 -1004 1488 -513 -1316 -745 -2430 -204 -1317 -453 -881 -955 3353 4604 453 -224 -485 232 402 -914 1253 -2900 1364 474 2516 616 -1328
1959 1920 1623 -7927 -1227 2803 -744 968 -3086 1854 3148 652 -142 767 2594 -770 -969 3401 -1018 2718 1487 1238 3861 -3037 -914 -1008 -2523 -1153 632 -1765 -744 -4040 -553 -131 -2088 -781 735 -2570 -685 1601 -802 -2111 -627 -2838 -382 -1950 -530 -1028 -648 4334 5391 393 -368 -410 617 333 -719 1025 -3086 1257 1228 3453 481 -1767
1324 4581 2538 -7766 -2043 2048 -1256 421 -1582 3831 2305 806 627 2581 2795 -2594 -1354 2709 -1043 2839 -152 2339 4388 -1915 -1042 -859 -4662 -2320 1554 -739 -926 -4458 115 -1347 -1905 -516 -560 -3262 -1002 2046 -2543 -3955 -320 -3569 -722 -2760 -2561 -1433 -1005 5034 7094 1253 1349 544 -170 1629 -1386 1309 -3867 3248 526 4734 -437 -1689
2580 1791 -61 -8861 -1931 3380 -1308 1406 -3051 534 2121 554 86 -255 2173 -586 -242 3178 -1266 2937 2056 1492 4248 -2763 -1025 -1608 -1217 -931 461 -2102 332 -4146 -98 -27 -1382 -889 238 -1971 -420 1051 -548 -1747 -1286 -2622 -12 -1522 1397 -413 1103 4309 4794 -1116 -1850 -709 889 328 -1233 1315 -2411 784 2073 2601 1049 97
2310 1378 246 -9004 -1604 2846 -711 1225 -3078 1859 2289 495 -118 263 2280 -1375 -394 3154 -1006 3114 1748 2166 3897 -2912 -775 -1057 -1746 -307 832 -2585 -83 -3822 -887 -111 -1350 -1397 565 -2279 -252 1417 -1055 -1610 -1466 -2783 -374 -1166 473 -455 372 4845 4817 -603 -471 -1182 802 476 -1177 1269 -2869 768 2064 2277 1072 -81
1934 1983 435 -9102 -1608 2654 -380 760 -2614 2654 2123 455 85 865 2269 -1771 -619 2787 -934 3356 961 2750 4167 -2670 -753 -1235 -2561 -412 1092 -2842 -112 -3958 -691 -333 -1218 -1629 249 -2460 -404 1442 -1605 -1902 -1581 -3283 -951 -1272 -214 -726 -68 5172 5191 -336 465 -1182 305 1112 -1348 1564 -3195 1430 2066 2532 1030 40
1946 4449 704 -9430 -200 -85 1502 97 -611 4473 3862 -1334 -520 4448 4146 -4885 -277 836 100 2963 609 7023 4574 -79 -759 -1233 -6232 1162 1099 -2083 225 -4219 -213 -1777 433 -1456 -2107 -1979 -886 1071 -4365 -1900 -3012 -6124 847 -3219 -3408 -1024 -745 7148 7189 2641 1121 -421 -838 4441 -4612 3114 -6614 4713 754 3066 -19 1394
1500 2942 -147 -9014 -1496 -518 2170 602 -348 2874 2269 -229 -713 3230 3149 -3537 -75 -532 -835 2851 2008 4806 3876 -1092 -214 -1502 -2649 -197 29 -1146 55 -2563 17 -802 920 -1750 -1547 -2500 -411 1907 -3030 -1139 -2200 -3343 395 -3269 -2283 -996 -2102 5703 5643 2091 671 -2078 -918 2950 -4002 3665 -4709 3373 -312 2323 143 849
1930 3536 179 -9451 -714 330 1593 335 -1031 3557 3210 -753 -580 3489 3435 -4127 -1 451 -418 2886 1232 5875 4358 -765 -592 -1481 -4305 752 639 -2063 313 -3547 -196 -1171 557 -1652 -1865 -2082 -510 1168 -3430 -1376 -2813 -4794 445 -3002 -2450 -706 -766 6401 6245 2106 600 -1218 -377 3439 -4081 3119 -5456 3482 638 2574 252 1300
1288 3582 329 -8470 -1206 -1539 2668 517 420 3238 2642 -522 -1029 4192 4154 -4123 -646 -790 -676 2475 1691 5419 3927 -707 -196 -1113 -3577 24 177 -721 -203 -2367 281 -1197 1217 -1245 -1529 -2555 -978 2000 -3705 -1192 -2438 -3777 1293 -4115 -3385 -1503 -2613 6027 6439 2897 956 -1712 -1624 3765 -4434 4325 -5702 4769 -705 3126 -605 645
1393 3007 7 -8398 -1419 -1371 2841 893 449 2680 2092 -58 -1023 3675 4062 -3641 -691 -959 -1161 2385 2532 4396 3554 -1316 -198 -1111 -2453 -423 -76 -111 -278 -1794 184 -1210 1135 -1267 -1580 -2604 -931 2229 -3024 -994 -1840 -2620 1016 -4214 -2537 -1493 -3051 5567 6335 2530 478 -2396 -1562 3001 -3922 4327 -4841 4229 -803 3240 -348 269
1429 3081 -128 -8400 -1527 -1526 2952 934 466 2364 2042 -68 -1001 3706 3964 -3650 -351 -1065 -1196 2268 2940 4361 3535 -1184 -320 -1038 -2128 -399 -173 260 -237 -1558 85 -1149 1274 -1109 -1802 -2588 -758 2269 -2932 -931 -1663 -2625 1167 -4424 -2393 -1444 -2673 5524 6255 2733 218 -2412 -1270 2947 -4156 4372 -4692 4191 -1154 3086 -439 388
786 2882 -296 -6472 -2152 -2694 1675 1036 2499 2630 589 -755 -681 2766 4165 -1973 -815 -1248 10 2641 2613 2139 3053 -428 -639 110 -2651 -1462 -878 1047 -1427 -2221 455 -708 1212 -222 -610 -2476 -1103 2499 -3513 -1556 159 -2214 1450 -3110 -1137 -1768 -4647 4331 5813 1060 1283 -985 -3233 3366 -3672 3336 -3970 5523 -677 2654 -369 -141
167 -1366 818 -164 -382 6 -187 989 698 -508 -322 761 1599 -1863 2938 -1448 -528 1099 1184 1021 1524 8 -54 -497 -1070 708 -1010 -379 -374 -149 -363 -47 -1289 -912 -2156 272 -317 1485 -1590 1193 -602 2234 -329 267 -374 251 846 276 -2212 188 2195 763 1952 -399 -1067 507 -2189 1047 305 1816 -857 -270 -415 282
-470 -582 1153 342 824 320 -542 813 457 519 -754 348 2171 110 2455 624 -63 764 757 1011 1071 -819 725 -305 -579 1276 -1066 276 -180 -272 -20 -47 143 738 -383 -548 -776 988 -1502 560 -791 766 62 -738 -1760 710 1152 -753 -1897 1614 1581 499 800 407 -1700 533 -2248 125 286 2261 -569 -332 -490 145
-470 -582 1153 342 824 320 -542 813 457 519 -754 348 2171 110 2455 624 -63 764 757 1011 1071 -819 725 -305 -579 1276 -1066 276 -180 -272 -20 -47 143 738 -383 -548 -776 988 -1502 560 -791 766 62 -738 -1760 710 1152 -753 -1897 1614 1581 499 800 407 -1700 533 -2248 125 286 2261 -569 -332 -490 145
-470 -582 1153 342 824 320 -542 813 457 519 -754 348 2171 110 2455 624 -63 764 757 1011 1071 -819 725 -305 -579 1276 -1066 276 -180 -272 -20 -47 143 738 -383 -548 -776 988 -1502 560 -791 766 62 -738 -1760 710 1152 -753 -1897 1614 1581 499 800 407 -1700 533 -2248 125 286 2261 -569 -332 -490 145
-470 -582 1153 342 824 320 -542 813 457 519 -754 348 2171 110 2455 624 -63 764 757 1011 1071 -819 725 -305 -579 1276 -1066 276 -180 -272 -20 -47 143 738 -383 -548 -776 988 -1502 560 -791 766 62 -738 -1760 710 1152 -753 -1897 1614 1581 499 800 407 -1700 533 -2248 125 286 2261 -569 -332 -490 145
-470 -582 1153 342 824 320 -542 813 457 519 -754 348 2171 110 2455 624 -63 764 757 1011 1071 -819 725 -305 -579 1276 -1066 276 -180 -272 -20 -47 143 738 -383 -548 -776 988 -1502 560 -791 766 62 -738 -1760 710 1152 -753 -1897 1614 1581 499 800 407 -1700 533 -2248 125 286 2261 -569 -332 -490 145
-470 -582 1153 342 824 320 -542 813 457 519 -754 348 2171 110 2455 624 -63 764 757 1011 1071 -819 725 -305 -579 1276 -1066 276 -180 -272 -20 -47 143 738 -383 -548 -776 988 -1502 560 -791 766 62 -738 -1760 710 1152 -753 -1897 1614 1581 499 800 407 -1700 533 -2248 125 286 2261 -569 -332 -490 145
-470 -582 1153 342 824 320 -542 813 457 519 -754 348 2171 110 2455 624 -63 764 757 1011 1071 -819 725 -305 -579 1276 -1066 276 -180 -272 -20 -47 143 738 -383 -548 -776 988 -1502 560 -791 766 62 -738 -1760 710 1152 -753 -1897 1614 1581 499 800 407 -1700 533 -2248 125 286 2261 -569 -332 -490 145
-470 -582 1153 342 824 320 -542 813 457 519 -754 348 2171 110 2455 624 -63 764 757 1011 1071 -819 725 -305 -579 1276 -1066 276 -180 -272 -20 -47 143 738 -383 -548 -776 988 -1502 560 -791 766 62 -738 -1760 710 1152 -753 -1897 1614 1581 499 800 407 -1700 533 -2248 125 286 2261 -569 -332 -490 145
-470 -582 1153 342 824 320 -542 813 457 519 -754 348 2171 110 2455 624 -63 764 757 1011 1071 -819 725 -305 -579 1276 -1066 276 -180 -272 -20 -47 143 738 -383 -548 -776 988 -1502 560 -791 766 62 -738 -1760 710 1152 -753 -1897 1614 1581 499 800 407 -1700 533 -2248 125 286 2261 -569 -332 -490 145
-470 -582 1153 342 824 320 -542 813 457 519 -754 348 2171 110 2455 624 -63 764 757 1011 1071 -819 725 -305 -579 1276 -1066 276 -180 -272 -20 -47 143 738 -383 -548 -776 988 -1502 560 -791 766 62 -738 -1760 710 1152 -753 -1897 1614 1581 499 800 407 -1700 533 -2248 125 286 2261 -569 -332 -490 145
-470 -582 1153 342 824 320 -542 813 457 519 -754 348 2171 110 2455 624 -63 764 757 1011 1071 -819 725 -305 -579 1276 -1066 276 -180 -272 -20 -47 143 738 -383 -548 -776 988 -1502 560 -791 766 62 -738 -1760 710 1152 -753 -1897 1614 1581 499 800 407 -1700 533 -2248 125 286 2261 -569 -332 -490 145
-470 -582 1153 342 824 320 -542 813 457 519 -754 348 2171 110 2455 624 -63 764 757 1011 1071 -819 725 -305 -579 1276 -1066 276 -180 -272 -20 -47 143 738 -383 -548 -776 988 -1502 560 -791 766 62 -738 -1760 710 1152 -753 -1897 1614 1581 499 800 407 -1700 533 -2248 125 286 2261 -569 -332 -490 145
-470 -582 1153 342 824 320 -542 813 457 519 -754 348 2171 110 2455 624 -63 764 757 1011 1071 -819 725 -305 -579 1276 -1066 276 -180 -272 -20 -47 143 738 -383 -548 -776 988 -1502 560 -791 766 62 -738 -1760 710 1152 -753 -1897 1614 1581 499 800 407 -1700 533 -2248 125 286 2261 -569 -332 -490 145
-470 -582 1153 342 824 320 -542 813 457 519 -754 348 2171 110 2455 624 -63 764 757 1011 1071 -819 725 -305 -579 1276 -1066 276 -180 -272 -20 -47 143 738 -383 -548 -776 988 -1502 560 -791 766 62 -738 -1760 710 1152 -753 -1897 1614 1581 499 800 407 -1700 533 -2248 125 286 2261 -569 -332 -490 145
-470 -582 1153 342 824 320 -542 813 457 519 -754 348 2171 110 2455 624 -63 764 757 1011 1071 -819 725 -305 -579 1276 -1066 276 -180 -272 -20 -47 143 738 -383 -548 -776 988 -1502 560 -791 766 62 -738 -1760 710 1152 -753 -1897 1614 1581 499 800 407 -1700 533 -2248 125 286 2261 -569 -332 -490 145
-470 -582 1153 342 824 320 -542 813 457 519 -754 348 2171 110 2455 624 -63 764 757 1011 1071 -819 725 -305 -579 1276 -1066 276 -180 -272 -20 -47 143 738 -383 -548 -776 988 -1502 560 -791 766 62 -738 -1760 710 1152 -753 -1897 1614 1581 499 800 407 -1700 533 -2248 125 286 2261 -569 -332 -490 145
-470 -582 1153 342 824 320 -542 813 457 519 -754 348 2171 110 2455 624 -63 764 757 1011 1071 -819 725 -305 -579 1276 -1066 276 -180 -272 -20 -47 143 738 -383 -548 -776 988 -1502 560 -791 766 62 -738 -1760 710 1152 -753 -1897 1614 1581 499 800 407 -1700 533 -2248 125 286 2261 -569 -332 -490 145
-470 -582 1153 342 824 320 -542 813 457 519 -754 348 2171 110 2455 624 -63 764 757 1011 1071 -819 725 -305 -579 1276 -1066 276 -180 -272 -20 -47 143 738 -383 -548 -776 988 -1502 560 -791 766 62 -738 -1760 710 1152 -753 -1897 1614 1581 499 800 407 -1700 533 -2248 125 286 2261 -569 -332 -490 145
-470 -582 1153 342 824 320 -542 813 457 519 -754 348 2171 110 2455 624 -63 764 757 1011 1071 -819 725 -305 -579 1276 -1066 276 -180 -272 -20 -47 143 738 -383 -548 -776 988 -1502 560 -791 766 62 -738 -1760 710 1152 -753 -1897 1614 1581 499 800 407 -1700 533 -2248 125 286 2261 -569 -332 -490 145
-470 -582 1153 342 824 320 -542 813 457 519 -754 348 2171 110 2455 624 -63 764 757 1011 1071 -819 725 -305 -579 1276 -1066 276 -180 -272 -20 -47 143 738 -383 -548 -776 988 -1502 560 -791 766 62 -738 -1760 710 1152 -753 -1897 1614 1581 499 800 407 -1700 533 -2248 125 286 2261 -569 -332 -490 145
-470 -582 1153 342 824 320 -542 813 457 519 -754 348 2171 110 2455 624 -63 764 757 1011 1071 -819 725 -305 -579 1276 -1066 276 -180 -272 -20 -47 143 738 -383 -548 -776 988 -1502 560 -791 766 62 -738 -1760 710 1152 -753 -1897 1614 1581 499 800 407 -1700 533 -2248 125 286 2261 -569 -332 -490 145
-470 -582 1153 342 824 320 -542 813 457 519 -754 348 2171 110 2455 624 -63 764 757 1011 1071 -819 725 -305 -579 1276 -1066 276 -180 -272 -20 -47 143 738 -383 -548 -776 988 -1502 560 -791 766 62 -738 -1760 710 1152 -753 -1897 1614 1581 499 800 407 -1700 533 -2248 125 286 2261 -569 -332 -490 145
-470 -582 1153 342 824 320 -542 813 457 519 -754 348 2171 110 2455 624 -63 764 757 1011 1071 -819 725 -305 -579 1276 -1066 276 -180 -272 -20 -47 143 738 -383 -548 -776 988 -1502 560 -791 766 62 -738 -1760 710 1152 -753 -1897 1614 1581 499 800 407 -1700 533 -2248 125 286 2261 -569 -332 -490 145
-470 -582 1153 342 824 320 -542 813 457 519 -754 348 2171 110 2455 624 -63 764 757 1011 1071 -819 725 -305 -579 1276 -1066 276 -180 -272 -20 -47 143 738 -383 -548 -776 988 -1502 560 -791 766 62 -738 -1760 710 1152 -753 -1897 1614 1581 499 800 407 -1700 533 -2248 125 286 2261 -569 -332 -490 145
-470 -582 1153 342 824 320 -542 813 457 519 -754 348 2171 110 2455 624 -63 764 757 1011 1071 -819 725 -305 -579 1276 -1066 276 -180 -272 -20 -47 143 738 -383 -548 -776 988 -1502 560 -791 766 62 -738 -1760 710 1152 -753 -1897 1614 1581 499 800 407 -1700 533 -2248 125 286 2261 -569 -332 -490 145
-470 -582 1153 342 824 320 -542 813 457 519 -754 348 2171 110 2455 624 -63 764 757 1011 1071 -819 725 -305 -579 1276 -1066 276 -180 -272 -20 -47 143 738 -383 -548 -776 988 -1502 560 -791 766 62 -738 -1760 710 1152 -753 -1897 1614 1581 499 800 407 -1700 533 -2248 125 286 2261 -569 -332 -490 145
-470 -582 1153 342 824 320 -542 813 457 519 -754 348 2171 110 2455 624 -63 764 757 1011 1071 -819 725 -305 -579 1276 -1066 276 -180 -272 -20 -47 143 738 -383 -548 -776 988 -1502 560 -791 766 62 -738 -1760 710 1152 -753 -1897 1614 1581 499 800 407 -1700 533 -2248 125 286 2261 -569 -332 -490 145
-470 -582 1153 342 824 320 -542 813 457 519 -754 348 2171 110 2455 624 -63 764 757 1011 1071 -819 725 -305 -579 1276 -1066 276 -180 -272 -20 -47 143 738 -383 -548 -776 988 -1502 560 -791 766 62 -738 -1760 710 1152 -753 -1897 1614 1581 499 800 407 -1700 533 -2248 125 286 2261 -569 -332 -490 145
-470 -582 1153 342 824 320 -542 813 457 519 -754 348 2171 110 2455 624 -63 764 757 1011 1071 -819 725 -305 -579 1276 -1066 276 -180 -272 -20 -47 143 738 -383 -548 -776 988 -1502 560 -791 766 62 -738 -1760 710 1152 -753 -1897 1614 1581 499 800 407 -1700 533 -2248 125 286 2261 -569 -332 -490 145
-470 -582 1153 342 824 320 -542 813 457 519 -754 348 2171 110 2455 624 -63 764 757 1011 1071 -819 725 -305 -579 1276 -1066 276 -180 -272 -20 -47 143 738 -383 -548 -776 988 -1502 560 -791 766 62 -738 -1760 710 1152 -753 -1897 1614 1581 499 800 407 -1700 533 -2248 125 286 2261 -569 -332 -490 145
-470 -582 1153 342 824 320 -542 813 457 519 -754 348 2171 110 2455 624 -63 764 757 1011 1071 -819 725 -305 -579 1276 -1066 276 -180 -272 -20 -47 143 738 -383 -548 -776 988 -1502 560 -791 766 62 -738 -1760 710 1152 -753 -1897 1614 1581 499 800 407 -1700 533 -2248 125 286 2261 -569 -332 -490 145
-470 -582 1153 342 824 320 -542 813 457 519 -754 348 2171 110 2455 624 -63 764 757 1011 1071 -819 725 -305 -579 1276 -1066 276 -180 -272 -20 -47 143 738 -383 -548 -776 988 -1502 560 -791 766 62 -738 -1760 710 1152 -753 -1897 1614 1581 499 800 407 -1700 533 -2248 125 286 2261 -569 -332 -490 145
-470 -582 1153 342 824 320 -542 813 457 519 -754 348 2171 110 2455 624 -63 764 757 1011 1071 -819 725 -305 -579 1276 -1066 276 -180 -272 -20 -47 143 738 -383 -548 -776 988 -1502 560 -791 766 62 -738 -1760 710 1152 -753 -1897 1614 1581 499 800 407 -1700 533 -2248 125 286 2261 -569 -332 -490 145
-470 -582 1153 342 824 320 -542 813 457 519 -754 348 2171 110 2455 624 -63 764 757 1011 1071 -819 725 -305 -579 1276 -1066 276 -180 -272 -20 -47 143 738 -383 -548 -776 988 -1502 560 -791 766 62 -738 -1760 710 1152 -753 -1897 1614 1581 499 800 407 -1700 533 -2248 125 286 2261 -569 -332 -490 145
-470 -582 1153 342 824 320 -542 813 457 519 -754 348 2171 110 2455 624 -63 764 757 1011 1071 -819 725 -305 -579 1276 -1066 276 -180 -272 -20 -47 143 738 -383 -548 -776 988 -1502 560 -791 766 62 -738 -1760 710 1152 -753 -1897 1614 1581 499 800 407 -1700 533 -2248 125 286 2261 -569 -332 -490 145
-470 -582 1153 342 824 320 -542 813 457 519 -754 348 2171 110 2455 624 -63 764 757 1011 1071 -819 725 -305 -579 1276 -1066 276 -180 -272 -20 -47 143 738 -383 -548 -776 988 -1502 560 -791 766 62 -738 -1760 710 1152 -753 -1897 1614 1581 499 800 407 -1700 533 -2248 125 286 2261 -569 -332 -490 145
-470 -582 1153 342 824 320 -542 813 457 519 -754 348 2171 110 2455 624 -63 764 757 1011 1071 -819 725 -305 -579 1276 -1066 276 -180 -272 -20 -47 143 738 -383 -548 -776 988 -1502 560 -791 766 62 -738 -1760 710 1152 -753 -1897 1614 1581 499 800 407 -1700 533 -2248 125 286 2261 -569 -332 -490 145
-470 -582 1153 342 824 320 -542 813 457 519 -754 348 2171 110 2455 624 -63 764 757 1011 1071 -819 725 -305 -579 1276 -1066 276 -180 -272 -20 -47 143 738 -383 -548 -776 988 -1502 560 -791 766 62 -738 -1760 710 1152 -753 -1897 1614 1581 499 800 407 -1700 533 -2248 125 286 2261 -569 -332 -490 145
-470 -582 1153 342 824 320 -542 813 457 519 -754 348 2171 110 2455 624 -63 764 757 1011 1071 -819 725 -305 -579 1276 -1066 276 -180 -272 -20 -47 143 738 -383 -548 -776 988 -1502 560 -791 766 62 -738 -1760 710 1152 -753 -1897 1614 1581 499 800 407 -1700 533 -2248 125 286 2261 -569 -332 -490 145
-470 -582 1153 342 824 320 -542 813 457 519 -754 348 2171 110 2455 624 -63 764 757 1011 1071 -819 725 -305 -579 1276 -1066 276 -180 -272 -20 -47 143 738 -383 -548 -776 988 -1502 560 -791 766 62 -738 -1760 710 1152 -753 -1897 1614 1581 499 800 407 -1700 533 -2248 125 286 2261 -569 -332 -490 145
-470 -582 1153 342 824 320 -542 813 457 519 -754 348 2171 110 2455 624 -63 764 757 1011 1071 -819 725 -305 -579 1276 -1066 276 -180 -272 -20 -47 143 738 -383 -548 -776 988 -1502 560 -791 766 62 -738 -1760 710 1152 -753 -1897 1614 1581 499 800 407 -1700 533 -2248 125 286 2261 -569 -332 -490 145
-470 -582 1153 342 824 320 -542 813 457 519 -754 348 2171 110 2455 624 -63 764 757 1011 1071 -819 725 -305 -579 1276 -1066 276 -180 -272 -20 -47 143 738 -383 -548 -776 988 -1502 560 -791 766 62 -738 -1760 710 1152 -753 -1897 1614 1581 499 800 407 -1700 533 -2248 125 286 2261 -569 -332 -490 145
-470 -582 1153 342 824 320 -542 813 457 519 -754 348 2171 110 2455 624 -63 764 757 1011 1071 -819 725 -305 -579 1276 -1066 276 -180 -272 -20 -47 143 738 -383 -548 -776 988 -1502 560 -791 766 62 -738 -1760 710 1152 -753 -1897 1614 1581 499 800 407 -1700 533 -2248 125 286 2261 -569 -332 -490 145
-470 -582 1153 342 824 320 -542 813 457 519 -754 348 2171 110 2455 624 -63 764 757 1011 1071 -819 725 -305 -579 1276 -1066 276 -180 -272 -20 -47 143 738 -383 -548 -776 988 -1502 560 -791 766 62 -738 -1760 710 1152 -753 -1897 1614 1581 499 800 407 -1700 533 -2248 125 286 2261 -569 -332 -490 145
-470 -582 1153 342 824 320 -542 813 457 519 -754 348 2171 110 2455 624 -63 764 757 1011 1071 -819 725 -305 -579 1276 -1066 276 -180 -272 -20 -47 143 738 -383 -548 -776 988 -1502 560 -791 766 62 -738 -1760 710 1152 -753 -1897 1614 1581 499 800 407 -1700 533 -2248 125 286 2261 -569 -332 -490 145
-470 -582 1153 342 824 320 -542 813 457 519 -754 348 2171 110 2455 624 -63 764 757 1011 1071 -819 725 -305 -579 1276 -1066 276 -180 -272 -20 -47 143 738 -383 -548 -776 988 -1502 560 -791 766 62 -738 -1760 710 1152 -753 -1897 1614 1581 499 800 407 -1700 533 -2248 125 286 2261 -569 -332 -490 145
-470 -582 1153 342 824 320 -542 813 457 519 -754 348 2171 110 2455 624 -63 764 757 1011 1071 -819 725 -305 -579 1276 -1066 276 -180 -272 -20 -47 143 738 -383 -548 -776 988 -1502 560 -791 766 62 -738 -1760 710 1152 -753 -1897 1614 1581 499 800 407 -1700 533 -2248 125 286 2261 -569 -332 -490 145
-470 -582 1153 342 824 320 -542 813 457 519 -754 348 2171 110 2455 624 -63 764 757 1011 1071 -819 725 -305 -579 1276 -1066 276 -180 -272 -20 -47 143 738 -383 -548 -776 988 -1502 560 -791 766 62 -738 -1760 710 1152 -753 -1897 1614 1581 499 800 407 -1700 533 -2248 125 286 2261 -569 -332 -490 145
-470 -582 1153 342 824 320 -542 813 457 519 -754 348 2171 110 2455 624 -63 764 757 1011 1071 -819 725 -305 -579 1276 -1066 276 -180 -272 -20 -47 143 738 -383 -548 -776 988 -1502 560 -791 766 62 -738 -1760 710 1152 -753 -1897 1614 1581 499 800 407 -1700 533 -2248 125 286 2261 -569 -332 -490 145
-470 -582 1153 342 824 320 -542 813 457 519 -754 348 2171 110 2455 624 -63 764 757 1011 1071 -819 725 -305 -579 1276 -1066 276 -180 -272 -20 -47 143 738 -383 -548 -776 988 -1502 560 -791 766 62 -738 -1760 710 1152 -753 -1897 1614 1581 499 800 407 -1700 533 -2248 125 286 2261 -569 -332 -490 145
-470 -582 1153 342 824 320 -542 813 457 519 -754 348 2171 110 2455 624 -63 764 757 1011 1071 -819 725 -305 -579 1276 -1066 276 -180 -272 -20 -47 143 738 -383 -548 -776 988 -1502 560 -791 766 62 -738 -1760 710 1152 -753 -1897 1614 1581 499 800 407 -1700 533 -2248 125 286 2261 -569 -332 -490 145
-470 -582 1153 342 824 320 -542 813 457 519 -754 348 2171 110 2455 624 -63 764 757 1011 1071 -819 725 -305 -579 1276 -1066 276 -180 -272 -20 -47 143 738 -383 -548 -776 988 -1502 560 -791 766 62 -738 -1760 710 1152 -753 -1897 1614 1581 499 800 407 -1700 533 -2248 125 286 2261 -569 -332 -490 145
-470 -582 1153 342 824 320 -542 813 457 519 -754 348 2171 110 2455 624 -63 764 757 1011 1071 -819 725 -305 -579 1276 -1066 276 -180 -272 -20 -47 143 738 -383 -548 -776 988 -1502 560 -791 766 62 -738 -1760 710 1152 -753 -1897 1614 1581 499 800 407 -1700 533 -2248 125 286 2261 -569 -332 -490 145
-470 -582 1153 342 824 320 -542 813 457 519 -754 348 2171 110 2455 624 -63 764 757 1011 1071 -819 725 -305 -579 1276 -1066 276 -180 -272 -20 -47 143 738 -383 -548 -776 988 -1502 560 -791 766 62 -738 -1760 710 1152 -753 -1897 1614 1581 499 800 407 -1700 533 -2248 125 286 2261 -569 -332 -490 145
-470 -582 1153 342 824 320 -542 813 457 519 -754 348 2171 110 2455 624 -63 764 757 1011 1071 -819 725 -305 -579 1276 -1066 276 -180 -272 -20 -47 143 738 -383 -548 -776 988 -1502 560 -791 766 62 -738 -1760 710 1152 -753 -1897 1614 1581 499 800 407 -1700 533 -2248 125 286 2261 -569 -332 -490 145
-470 -582 1153 342 824 320 -542 813 457 519 -754 348 2171 110 2455 624 -63 764 757 1011 1071 -819 725 -305 -579 1276 -1066 276 -180 -272 -20 -47 143 738 -383 -548 -776 988 -1502 560 -791 766 62 -738 -1760 710 1152 -753 -1897 1614 1581 499 800 407 -1700 533 -2248 125 286 2261 -569 -332 -490 145
-470 -582 1153 342 824 320 -542 813 457 519 -754 348 2171 110 2455 624 -63 764 757 1011 1071 -819 725 -305 -579 1276 -1066 276 -180 -272 -20 -47 143 738 -383 -548 -776 988 -1502 560 -791 766 62 -738 -1760 710 1152 -753 -1897 1614 1581 499 800 407 -1700 533 -2248 125 286 2261 -569 -332 -490 145
-470 -582 1153 342 824 320 -542 813 457 519 -754 348 2171 110 2455 624 -63 764 757 1011 1071 -819 725 -305 -579 1276 -1066 276 -180 -272 -20 -47 143 738 -383 -548 -776 988 -1502 560 -791 766 62 -738 -1760 710 1152 -753 -1897 1614 1581 499 800 407 -1700 533 -2248 125 286 2261 -569 -332 -490 145
-470 -582 1153 342 824 320 -542 813 457 519 -754 348 2171 110 2455 624 -63 764 757 1011 1071 -819 725 -305 -579 1276 -1066 276 -180 -272 -20 -47 143 738 -383 -548 -776 988 -1502 560 -791 766 62 -738 -1760 710 1152 -753 -1897 1614 1581 499 800 407 -1700 533 -2248 125 286 2261 -569 -332 -490 145
-470 -582 1153 342 824 320 -542 813 457 519 -754 348 2171 110 2455 624 -63 764 757 1011 1071 -819 725 -305 -579 1276 -1066 276 -180 -272 -20 -47 143 738 -383 -548 -776 988 -1502 560 -791 766 62 -738 -1760 710 1152 -753 -1897 1614 1581 499 800 407 -1700 533 -2248 125 286 2261 -569 -332 -490 145
-470 -582 1153 342 824 320 -542 813 457 519 -754 348 2171 110 2455 624 -63 764 757 1011 1071 -819 725 -305 -579 1276 -1066 276 -180 -272 -20 -47 143 738 -383 -548 -776 988 -1502 560 -791 766 62 -738 -1760 710 1152 -753 -1897 1614 1581 499 800 407 -1700 533 -2248 125 286 2261 -569 -332 -490 145
-470 -582 1153 342 824 320 -542 813 457 519 -754 348 2171 110 2455 624 -63 764 757 1011 1071 -819 725 -305 -579 1276 -1066 276 -180 -272 -20 -47 143 738 -383 -548 -776 988 -1502 560 -791 766 62 -738 -1760 710 1152 -753 -1897 1614 1581 499 800 407 -1700 533 -2248 125 286 2261 -569 -332 -490 145
-470 -582 1153 342 824 320 -542 813 457 519 -754 348 2171 110 2455 624 -63 764 757 1011 1071 -819 725 -305 -579 1276 -1066 276 -180 -272 -20 -47 143 738 -383 -548 -776 988 -1502 560 -791 766 62 -738 -1760 710 1152 -753 -1897 1614 1581 499 800 407 -1700 533 -2248 125 286 2261 -569 -332 -490 145
-470 -582 1153 342 824 320 -542 813 457 519 -754 348 2171 110 2455 624 -63 764 757 1011 1071 -819 725 -305 -579 1276 -1066 276 -180 -272 -20 -47 143 738 -383 -548 -776 988 -1502 560 -791 766 62 -738 -1760 710 1152 -753 -1897 1614 1581 499 800 407 -1700 533 -2248 125 286 2261 -569 -332 -490 145
-470 -582 1153 342 824 320 -542 813 457 519 -754 348 2171 110 2455 624 -63 764 757 1011 1071 -819 725 -305 -579 1276 -1066 276 -180 -272 -20 -47 143 738 -383 -548 -776 988 -1502 560 -791 766 62 -738 -1760 710 1152 -753 -1897 1614 1581 499 800 407 -1700 533 -2248 125 286 2261 -569 -332 -490 145
-470 -582 1153 342 824 320 -542 813 457 519 -754 348 2171 110 2455 624 -63 764 757 1011 1071 -819 725 -305 -579 1276 -1066 276 -180 -272 -20 -47 143 738 -383 -548 -776 988 -1502 560 -791 766 62 -738 -1760 710 1152 -753 -1897 1614 1581 499 800 407 -1700 533 -2248 125 286 2261 -569 -332 -490 145
-470 -582 1153 342 824 320 -542 813 457 519 -754 348 2171 110 2455 624 -63 764 757 1011 1071 -819 725 -305 -579 1276 -1066 276 -180 -272 -20 -47 143 738 -383 -548 -776 988 -1502 560 -791 766 62 -738 -1760 710 1152 -753 -1897 1614 1581 499 800 407 -1700 533 -2248 125 286 2261 -569 -332 -490 145
-470 -582 1153 342 824 320 -542 813 457 519 -754 348 2171 110 2455 624 -63 764 757 1011 1071 -819 725 -305 -579 1276 -1066 276 -180 -272 -20 -47 143 738 -383 -548 -776 988 -1502 560 -791 766 62 -738 -1760 710 1152 -753 -1897 1614 1581 499 800 407 -1700 533 -2248 125 286 2261 -569 -332 -490 145
-470 -582 1153 342 824 320 -542 813 457 519 -754 348 2171 110 2455 624 -63 764 757 1011 1071 -819 725 -305 -579 1276 -1066 276 -180 -272 -20 -47 143 738 -383 -548 -776 988 -1502 560 -791 766 62 -738 -1760 710 1152 -753 -1897 1614 1581 499 800 407 -1700 533 -2248 125 286 2261 -569 -332 -490 145
-470 -582 1153 342 824 320 -542 813 457 519 -754 348 2171 110 2455 624 -63 764 757 1011 1071 -819 725 -305 -579 1276 -1066 276 -180 -272 -20 -47 143 738 -383 -548 -776 988 -1502 560 -791 766 62 -738 -1760 710 1152 -753 -1897 1614 1581 499 800 407 -1700 533 -2248 125 286 2261 -569 -332 -490 145
-470 -582 1153 342 824 320 -542 813 457 519 -754 348 2171 110 2455 624 -63 764 757 1011 1071 -819 725 -305 -579 1276 -1066 276 -180 -272 -20 -47 143 738 -383 -548 -776 988 -1502 560 -791 766 62 -738 -1760 710 1152 -753 -1897 1614 1581 499 800 407 -1700 533 -2248 125 286 2261 -569 -332 -490 145
-470 -582 1153 342 824 320 -542 813 457 519 -754 348 2171 110 2455 624 -63 764 757 1011 1071 -819 725 -305 -579 1276 -1066 276 -180 -272 -20 -47 143 738 -383 -548 -776 988 -1502 560 -791 766 62 -738 -1760 710 1152 -753 -1897 1614 1581 499 800 407 -1700 533 -2248 125 286 2261 -569 -332 -490 145
-470 -582 1153 342 824 320 -542 813 457 519 -754 348 2171 110 2455 624 -63 764 757 1011 1071 -819 725 -305 -579 1276 -1066 276 -180 -272 -20 -47 143 738 -383 -548 -776 988 -1502 560 -791 766 62 -738 -1760 710 1152 -753 -1897 1614 1581 499 800 407 -1700 533 -2248 125 286 2261 -569 -332 -490 145
-470 -582 1153 342 824 320 -542 813 457 519 -754 348 2171 110 2455 624 -63 764 757 1011 1071 -819 725 -305 -579 1276 -1066 276 -180 -272 -20 -47 143 738 -383 -548 -776 988 -1502 560 -791 766 62 -738 -1760 710 1152 -753 -1897 1614 1581 499 800 407 -1700 533 -2248 125 286 2261 -569 -332 -490 145
-470 -582 1153 342 824 320 -542 813 457 519 -754 348 2171 110 2455 624 -63 764 757 1011 1071 -819 725 -305 -579 1276 -1066 276 -180 -272 -20 -47 143 738 -383 -548 -776 988 -1502 560 -791 766 62 -738 -1760 710 1152 -753 -1897 1614 1581 499 800 407 -1700 533 -2248 125 286 2261 -569 -332 -490 145
-470 -582 1153 342 824 320 -542 813 457 519 -754 348 2171 110 2455 624 -63 764 757 1011 1071 -819 725 -305 -579 1276 -1066 276 -180 -272 -20 -47 143 738 -383 -548 -776 988 -1502 560 -791 766 62 -738 -1760 710 1152 -753 -1897 1614 1581 499 800 407 -1700 533 -2248 125 286 2261 -569 -332 -490 145
-470 -582 1153 342 824 320 -542 813 457 519 -754 348 2171 110 2455 624 -63 764 757 1011 1071 -819 725 -305 -579 1276 -1066 276 -180 -272 -20 -47 143 738 -383 -548 -776 988 -1502 560 -791 766 62 -738 -1760 710 1152 -753 -1897 1614 1581 499 800 407 -1700 533 -2248 125 286 2261 -569 -332 -490 145
-470 -582 1153 342 824 320 -542 813 457 519 -754 348 2171 110 2455 624 -63 764 757 1011 1071 -819 725 -305 -579 1276 -1066 276 -180 -272 -20 -47 143 738 -383 -548 -776 988 -1502 560 -791 766 62 -738 -1760 710 1152 -753 -1897 1614 1581 499 800 407 -1700 533 -2248 125 286 2261 -569 -332 -490 145
-470 -582 1153 342 824 320 -542 813 457 519 -754 348 2171 110 2455 624 -63 764 757 1011 1071 -819 725 -305 -579 1276 -1066 276 -180 -272 -20 -47 143 738 -383 -548 -776 988 -1502 560 -791 766 62 -738 -1760 710 1152 -753 -1897 1614 1581 499 800 407 -1700 533 -2248 125 286 2261 -569 -332 -490 145
-470 -582 1153 342 824 320 -542 813 457 519 -754 348 2171 110 2455 624 -63 764 757 1011 1071 -819 725 -305 -579 1276 -1066 276 -180 -272 -20 -47 143 738 -383 -548 -776 988 -1502 560 -791 766 62 -738 -1760 710 1152 -753 -1897 1614 1581 499 800 407 -1700 533 -2248 125 286 2261 -569 -332 -490 145
-470 -582 1153 342 824 320 -542 813 457 519 -754 348 2171 110 2455 624 -63 764 757 1011 1071 -819 725 -305 -579 1276 -1066 276 -180 -272 -20 -47 143 738 -383 -548 -776 988 -1502 560 -791 766 62 -738 -1760 710 1152 -753 -1897 1614 1581 499 800 407 -1700 533 -2248 125 286 2261 -569 -332 -490 145
-470 -582 1153 342 824 320 -542 813 457 519 -754 348 2171 110 2455 624 -63 764 757 1011 1071 -819 725 -305 -579 1276 -1066 276 -180 -272 -20 -47 143 738 -383 -548 -776 988 -1502 560 -791 766 62 -738 -1760 710 1152 -753 -1897 1614 1581 499 800 407 -1700 533 -2248 125 286 2261 -569 -332 -490 145
-470 -582 1153 342 824 320 -542 813 457 519 -754 348 2171 110 2455 624 -63 764 757 1011 1071 -819 725 -305 -579 1276 -1066 276 -180 -272 -20 -47 143 738 -383 -548 -776 988 -1502 560 -791 766 62 -738 -1760 710 1152 -753 -1897 1614 1581 499 800 407 -1700 533 -2248 125 286 2261 -569 -332 -490 145
-470 -582 1153 342 824 320 -542 813 457 519 -754 348 2171 110 2455 624 -63 764 757 1011 1071 -819 725 -305 -579 1276 -1066 276 -180 -272 -20 -47 143 738 -383 -548 -776 988 -1502 560 -791 766 62 -738 -1760 710 1152 -753 -1897 1614 1581 499 800 407 -1700 533 -2248 125 286 2261 -569 -332 -490 145
-470 -582 1153 342 824 320 -542 813 457 519 -754 348 2171 110 2455 624 -63 764 757 1011 1071 -819 725 -305 -579 1276 -1066 276 -180 -272 -20 -47 143 738 -383 -548 -776 988 -1502 560 -791 766 62 -738 -1760 710 1152 -753 -1897 1614 1581 499 800 407 -1700 533 -2248 125 286 2261 -569 -332 -490 145
-470 -582 1153 342 824 320 -542 813 457 519 -754 348 2171 110 2455 624 -63 764 757 1011 1071 -819 725 -305 -579 1276 -1066 276 -180 -272 -20 -47 143 738 -383 -548 -776 988 -1502 560 -791 766 62 -738 -1760 710 1152 -753 -1897 1614 1581 499 800 407 -1700 533 -2248 125 286 2261 -569 -332 -490 145
-470 -582 1153 342 824 320 -542 813 457 519 -754 348 2171 110 2455 624 -63 764 757 1011 1071 -819 725 -305 -579 1276 -1066 276 -180 -272 -20 -47 143 738 -383 -548 -776 988 -1502 560 -791 766 62 -738 -1760 710 1152 -753 -1897 1614 1581 499 800 407 -1700 533 -2248 125 286 2261 -569 -332 -490 145
