5 3 -11 37 -3 -23 -8 9 2 -21 5 -8 12 -3 20 0 -3 9 -6 10 -3 -17 -26 0 1 8 17 -5 -7 -1 -3 -14 -3 -17 -9 17 -9 6 12 -1 -1 -8 -6 13 -12 4 -6 7 17 14 23 7 -9 -12 -14 3 -3 3 1 -6 22 -3 21 -9
26 29 10 -14 14 17 -13 -2 -21 16 -5 -15 -12 -16 17 -11 -31 7 7 9 -10 -21 -4 13 -7 -18 28 0 9 13 0 -3 3 -34 -22 37 6 2 -1 0 -17 15 -3 16 17 22 17 -21 -18 48 22 0 -42 -29 -35 3 2 8 -3 -8 25 -3 37 12
31 4 8 -22 28 23 -12 -3 -17 0 -12 -7 -9 -23 16 -19 -30 -7 15 -7 1 -13 -10 14 -11 -49 40 -2 24 -1 3 -27 7 -38 -22 29 8 0 -7 -6 -19 9 9 9 31 30 19 -31 -17 40 3 12 -48 -22 -1 -1 8 -3 -1 -10 21 -17 41 5
39 8 6 -22 23 30 -17 -5 -9 -6 -6 -16 -4 -19 24 -14 -33 -10 8 -4 -18 -29 -10 8 -5 -14 30 -7 10 6 -9 -33 -3 -34 -42 23 9 26 6 9 -35 6 26 16 29 30 23 -26 -14 36 -18 15 -25 -27 1 9 22 10 -5 -11 17 -18 29 -14
22 -9 1 -15 24 18 -9 11 -11 -2 -7 -25 3 -24 17 8 -32 0 5 6 -4 -38 -15 1 -17 -23 34 -2 9 11 1 -16 6 -19 -42 17 1 32 5 17 -34 -3 36 24 23 0 15 -34 -5 45 13 3 -18 -39 11 -11 5 14 -5 -18 19 -25 26 -5
11 -6 -4 -21 32 33 -6 13 4 -1 -4 -16 7 -31 29 2 -30 -13 7 13 1 -39 -7 7 -6 -21 33 8 15 17 -16 -10 -19 -31 -34 26 8 24 10 -6 -28 6 34 6 23 5 7 -34 -6 40 -3 -4 -20 -21 3 1 -7 13 -6 -4 16 -11 38 -29
18 -2 -8 -19 29 32 -5 15 -2 -13 -16 -3 7 -21 15 6 -18 -24 -2 20 -28 -26 -26 -22 -8 -21 32 2 8 22 -25 -1 -11 -47 -22 8 -3 18 2 0 -17 9 38 15 -1 13 17 -26 -14 50 -8 3 -29 -30 -11 1 -21 16 -9 -13 7 -17 48 -20
24 11 1 -19 33 22 -26 2 5 6 -18 -4 2 -22 15 -2 -28 -16 -1 10 -15 -10 -24 -12 0 -14 14 -5 16 30 -22 -19 -3 -46 -28 26 0 16 15 9 -26 0 32 12 19 33 23 -16 -8 60 -5 14 -16 -15 -8 2 -12 8 -17 1 7 -15 22 -1
30 4 9 -20 31 27 -13 -6 -12 5 -19 -15 1 -21 28 -6 -34 -7 -3 9 -31 -9 -27 4 -6 -31 28 -5 16 4 -10 -21 1 -40 -28 33 2 15 14 0 -22 6 26 1 25 26 18 2 -16 60 -3 4 -33 -26 6 0 12 -5 -17 -8 3 -13 19 16
47 18 11 -34 15 32 -32 0 -27 -3 -11 18 8 5 18 2 -34 11 18 -5 -29 -23 -15 6 -22 -21 32 -2 21 21 -4 20 9 -24 -1 46 -14 27 12 -10 -12 -16 16 28 15 22 37 20 -35 34 10 16 -47 -25 3 27 -6 1 -4 -16 9 -8 18 18
28 5 13 -29 32 30 -18 4 -16 -6 -13 -6 -3 -22 25 -15 -37 -10 -2 2 -22 -14 -17 15 -13 -37 37 9 13 11 -10 -26 -3 -27 -36 41 0 14 18 5 -20 7 19 3 27 17 30 -6 -26 50 5 -2 -41 -41 -2 2 7 -4 3 -6 20 -4 18 20
24 1 -4 -40 33 32 -18 2 -12 3 -6 -2 5 -28 31 -24 -34 -4 7 -4 -8 -14 0 11 -8 -42 26 4 29 8 -11 -21 -4 -34 -18 45 0 8 15 4 -13 7 14 12 19 7 34 -10 -33 58 -11 0 -42 -27 22 -4 10 -11 11 -13 12 -19 -1 8
25 8 12 -31 22 23 -21 -8 -9 2 -10 -18 1 -16 33 -4 -29 10 2 10 -18 -24 1 13 -10 -40 37 -8 32 1 1 -10 -12 -40 -25 46 5 19 9 0 -21 17 2 24 10 7 29 -19 -25 47 -8 2 -27 -31 14 2 16 3 12 -13 16 -14 20 4
19 3 18 -20 16 13 -23 14 2 5 -11 -13 12 -20 24 -3 -23 1 -1 15 -7 -30 2 10 4 -40 28 -2 33 7 1 -27 -6 -40 -16 35 8 17 19 -1 -28 25 8 27 15 -1 18 -11 -13 55 11 -4 -29 -15 5 -5 -10 10 -2 7 17 -12 25 -1
18 6 10 -35 15 31 -30 11 -27 11 -5 -26 1 -15 23 12 -42 30 9 -14 -21 -33 3 10 -24 -50 36 -5 32 14 -1 -10 -11 -38 -12 36 -5 28 8 -7 -31 19 3 27 20 -2 7 -8 -27 28 -5 5 -33 -18 27 -27 -7 -6 -2 -15 3 -27 19 -7
15 20 13 -32 30 39 -28 -13 -15 10 1 -18 8 -15 27 -5 -26 16 6 3 -8 -26 13 9 -13 -43 32 9 24 16 -17 -19 -14 -40 -30 35 0 12 25 -1 -33 26 18 13 22 0 13 -10 -31 52 -13 -2 -29 -36 12 -10 10 -4 9 -14 -3 -23 22 -1
26 9 1 -22 16 42 -12 -5 -11 3 -11 -14 1 -20 22 19 -31 8 -9 -5 -22 -39 -7 6 0 -25 17 9 27 22 -14 -15 -1 -43 -27 18 -8 25 26 14 -23 13 36 20 4 -10 10 -10 -33 53 4 -5 -37 -39 -1 -5 7 -6 -8 -22 -9 -26 15 -2
23 11 -4 -25 23 38 -20 -5 -13 -10 -12 -36 5 -1 21 8 -40 17 -2 -5 -26 -28 -8 -3 -4 -42 18 3 15 13 -13 -8 -6 -51 -26 25 -8 15 23 6 -26 19 16 13 16 -3 14 -7 -20 53 -7 7 -32 -37 5 -13 17 -2 -1 -13 6 -36 22 -8
27 9 11 -26 10 39 -23 -12 3 -16 -5 -13 4 -11 6 3 -37 0 -11 -6 -18 -17 -6 -1 6 -38 27 17 19 14 -3 -7 -2 -37 -4 21 2 21 34 1 -20 14 33 12 2 -6 25 -8 -23 51 -7 -13 -40 -33 -15 1 0 19 -6 -6 -5 -14 25 -10
17 6 14 -34 20 23 -20 -14 -1 -6 -15 -12 6 -22 8 2 -25 4 -2 12 -25 -14 3 1 9 -44 39 1 28 11 -14 -3 7 -45 -22 38 0 12 17 2 -22 19 14 21 -4 11 26 -13 -16 56 3 -5 -33 -35 -5 1 -3 2 -4 -17 0 -25 26 2
15 15 7 -30 13 25 -25 -14 1 5 -13 -15 -9 -14 20 7 -30 10 9 6 -9 -8 -1 2 8 -34 29 15 37 9 -7 -9 -2 -53 -20 36 0 13 21 6 -34 11 12 13 15 15 19 7 -12 61 1 -4 -36 -39 3 5 7 0 -12 -6 -3 -16 20 3
38 19 1 -35 15 35 -18 -19 -7 0 -9 1 -10 -7 4 -8 -34 17 26 14 -2 -24 9 16 -11 -61 43 12 20 -10 8 -13 3 -43 -32 42 4 6 11 0 -20 9 -16 19 15 30 13 1 -28 39 14 4 -47 -25 5 2 9 9 -12 4 11 -21 25 3
-3 20 7 55 17 -26 6 -3 6 -8 4 -17 5 -9 19 1 -19 -7 -2 18 5 -5 -11 -8 12 -2 14 -7 12 -6 -18 -18 8 -23 -11 1 7 5 2 -13 -5 -2 -7 21 -1 9 13 -3 -19 30 16 12 -5 -4 0 10 11 9 11 0 28 -6 18 2
35 16 12 -8 31 23 -15 -1 1 -14 14 -14 -7 -18 15 -5 -35 7 1 -5 -1 -23 10 8 -13 -22 25 7 5 -4 11 -19 14 -45 -17 27 -4 9 -10 6 -11 0 -23 10 30 16 14 0 -9 22 -14 15 -44 -14 -2 -7 10 21 1 -7 37 -11 39 -1
26 10 6 -14 28 37 -2 8 -7 0 15 -4 -16 -15 16 -12 -35 -13 2 -6 16 -28 0 12 -19 -30 33 9 10 3 -4 -13 18 -51 -16 23 15 12 -6 3 -16 13 -12 -4 33 16 23 -1 -29 18 -10 24 -56 3 -4 -9 6 12 5 -9 25 -13 55 -12
50 21 10 -23 30 42 -19 7 -7 -25 12 -25 4 -19 27 -17 -36 -3 -3 1 -2 -22 -2 5 -14 -27 26 3 20 0 -10 -18 16 -51 -29 25 9 22 0 6 -17 9 3 14 26 4 26 -30 -18 32 -24 21 -48 -29 -5 -8 19 9 4 -8 11 -18 37 -12
40 -8 0 -9 31 37 -15 20 -6 -14 17 -21 30 -19 16 1 -35 -2 -18 -5 -5 -39 -20 -6 -6 -23 27 0 8 5 -8 -12 17 -47 -25 6 0 37 -6 4 -21 -1 19 24 29 -4 23 -26 -17 36 3 17 -35 -24 2 -1 -2 17 -10 -25 8 -16 39 -20
32 -5 7 -10 17 38 -17 12 13 -23 4 -14 24 -18 11 -2 -32 -13 -15 12 -10 -31 -20 -3 0 -23 25 5 15 -7 -6 -3 10 -48 -22 8 -7 26 5 0 -17 -4 19 19 15 0 24 -34 -10 40 -3 -2 -38 -23 -8 16 -13 20 -14 -14 9 -5 46 -27
30 3 10 -27 28 23 -23 8 9 -30 -1 -20 20 -20 4 -12 -30 -12 -13 10 -21 -2 -13 -17 -12 -25 33 9 3 -11 -5 18 5 -45 -33 24 -4 21 0 4 -13 -6 9 31 8 14 29 -26 -6 62 0 4 -44 -42 -17 16 -6 12 -11 -17 8 -8 39 -6
31 9 19 -33 32 26 -32 11 10 -9 -9 -16 2 -22 14 -7 -33 -10 -7 22 -14 -3 -19 -4 -11 -15 21 2 22 4 -14 -4 18 -58 -37 46 0 17 3 20 -19 -8 10 29 28 19 24 -20 -2 56 -2 15 -36 -28 -9 7 -6 9 -8 -10 18 -6 8 1
32 10 9 -25 28 22 -19 6 -8 -16 -2 -18 -2 -26 25 -15 -40 -5 -17 3 -15 -12 -19 11 -14 -29 30 7 21 -2 0 -6 13 -51 -36 54 3 16 -7 8 -17 2 -11 19 23 19 29 -13 1 35 -11 11 -53 -28 7 -4 7 0 -9 -15 17 -15 14 10
25 10 19 -14 23 20 -20 11 -10 -15 13 -17 8 -21 18 -16 -38 -8 -9 6 -3 -22 -15 11 -1 -29 22 13 17 -2 1 -18 7 -42 -36 33 11 18 4 6 -12 9 -6 13 24 10 25 -11 -10 36 -6 3 -51 -17 6 -7 3 4 6 -14 18 -4 23 6
22 -3 12 -39 22 40 -17 22 4 -6 0 -8 -2 -29 24 -26 -34 2 -9 7 4 -11 -8 15 -16 -36 29 11 27 -17 -6 -23 7 -41 -32 48 -2 18 -3 16 -19 -3 -1 12 10 4 19 -12 -13 41 -14 9 -53 -11 19 -5 0 0 8 -11 24 -19 11 -8
22 0 11 -26 21 27 -27 11 -1 -8 8 -20 2 -24 38 -14 -32 10 -7 5 1 -34 -5 6 -12 -36 29 8 18 -5 0 -22 8 -37 -25 37 15 20 6 9 -24 22 -5 24 27 -9 14 -13 -15 32 -18 2 -41 -23 13 -13 2 19 11 -20 15 -10 24 -16
32 4 6 -23 14 46 -22 13 7 -9 12 -12 9 -20 22 10 -34 6 -17 -1 -8 -34 -13 2 -13 -20 18 12 14 4 -12 -17 10 -53 -23 13 -8 32 15 16 -22 13 24 21 17 -10 15 -17 -19 35 -11 1 -41 -39 -4 -16 -8 6 -6 -15 -5 -25 19 -14
26 5 -1 -20 19 45 -23 10 -3 -15 15 -17 7 -14 22 -1 -40 8 -23 1 -16 -32 -9 -7 -2 -32 24 4 22 -9 -3 -8 4 -62 -20 29 -2 22 3 16 -23 11 -1 13 19 -2 17 -15 -13 32 -17 7 -43 -32 12 -11 5 8 1 -8 2 -27 30 -21
23 7 9 -7 12 44 -21 12 6 -18 6 -14 18 -13 11 -6 -39 3 -19 0 -10 -20 -8 -1 1 -31 32 10 18 -1 -11 -7 5 -48 -11 12 3 26 22 8 -20 7 21 14 13 -14 17 -13 -21 52 -18 1 -46 -20 -14 2 -17 17 1 -1 -4 -19 36 -26
24 9 17 -18 14 28 -23 0 7 -11 -11 -5 9 -19 8 -7 -30 -3 -7 18 -11 -11 -5 -15 2 -38 35 12 22 5 0 1 9 -60 -24 29 -8 18 20 11 -16 13 -1 17 2 4 25 -9 -12 56 -5 -5 -36 -29 -4 5 -6 11 -11 -13 5 -21 36 -15
27 5 15 -32 9 33 -26 -3 8 -7 6 -11 -1 -19 13 2 -37 0 -13 -1 -5 -3 -3 -2 5 -27 28 11 20 -3 -6 -2 12 -68 -27 45 -3 17 20 13 -27 7 -1 12 18 13 23 -12 0 48 -5 -3 -44 -33 0 7 -3 8 -15 -4 -3 -12 25 -5
36 14 10 -37 19 29 -22 -20 5 0 -7 -4 -4 -5 8 -13 -34 17 15 24 -6 -12 -1 -2 -11 -53 36 13 20 -10 4 1 21 -54 -17 44 1 4 27 10 -14 -6 -30 19 12 21 22 0 -14 41 -1 4 -58 -24 -8 7 12 12 -21 -4 4 -17 35 4
-4 20 7 54 17 -26 6 -4 5 -7 4 -17 5 -9 19 0 -20 -8 -3 18 4 -6 -11 -8 12 -2 14 -6 11 -6 -18 -18 9 -23 -11 2 7 4 2 -13 -5 -2 -7 21 -1 8 13 -3 -19 30 17 12 -5 -4 -1 10 10 9 12 0 28 -6 18 2
31 12 14 -25 22 6 -6 -15 9 -2 19 -24 0 -6 2 3 -24 14 18 10 -7 -9 6 32 -19 -34 28 7 5 0 12 -14 19 -23 -32 19 -14 0 5 -5 -12 0 -17 19 23 31 29 -13 -16 41 -11 11 -4 -16 -12 4 15 -1 2 13 26 -13 38 27
31 12 14 -25 22 6 -6 -15 9 -2 19 -24 0 -6 2 3 -24 14 18 10 -7 -9 6 32 -19 -34 28 7 5 0 12 -14 19 -23 -32 19 -14 0 5 -5 -12 0 -17 19 23 31 29 -13 -16 41 -11 11 -4 -16 -12 4 15 -1 2 13 26 -13 38 27
31 12 14 -25 22 6 -6 -15 9 -2 19 -24 0 -6 2 3 -24 14 18 10 -7 -9 6 32 -19 -34 28 7 5 0 12 -14 19 -23 -32 19 -14 0 5 -5 -12 0 -17 19 23 31 29 -13 -16 41 -11 11 -4 -16 -12 4 15 -1 2 13 26 -13 38 27
31 12 14 -25 22 6 -6 -15 9 -2 19 -24 0 -6 2 3 -24 14 18 10 -7 -9 6 32 -19 -34 28 7 5 0 12 -14 19 -23 -32 19 -14 0 5 -5 -12 0 -17 19 23 31 29 -13 -16 41 -11 11 -4 -16 -12 4 15 -1 2 13 26 -13 38 27
31 12 14 -25 22 6 -6 -15 9 -2 19 -24 0 -6 2 3 -24 14 18 10 -7 -9 6 32 -19 -34 28 7 5 0 12 -14 19 -23 -32 19 -14 0 5 -5 -12 0 -17 19 23 31 29 -13 -16 41 -11 11 -4 -16 -12 4 15 -1 2 13 26 -13 38 27
31 12 14 -25 22 6 -6 -15 9 -2 19 -24 0 -6 2 3 -24 14 18 10 -7 -9 6 32 -19 -34 28 7 5 0 12 -14 19 -23 -32 19 -14 0 5 -5 -12 0 -17 19 23 31 29 -13 -16 41 -11 11 -4 -16 -12 4 15 -1 2 13 26 -13 38 27
31 12 14 -25 22 6 -6 -15 9 -2 19 -24 0 -6 2 3 -24 14 18 10 -7 -9 6 32 -19 -34 28 7 5 0 12 -14 19 -23 -32 19 -14 0 5 -5 -12 0 -17 19 23 31 29 -13 -16 41 -11 11 -4 -16 -12 4 15 -1 2 13 26 -13 38 27
31 12 14 -25 22 6 -6 -15 9 -2 19 -24 0 -6 2 3 -24 14 18 10 -7 -9 6 32 -19 -34 28 7 5 0 12 -14 19 -23 -32 19 -14 0 5 -5 -12 0 -17 19 23 31 29 -13 -16 41 -11 11 -4 -16 -12 4 15 -1 2 13 26 -13 38 27
31 12 14 -25 22 6 -6 -15 9 -2 19 -24 0 -6 2 3 -24 14 18 10 -7 -9 6 32 -19 -34 28 7 5 0 12 -14 19 -23 -32 19 -14 0 5 -5 -12 0 -17 19 23 31 29 -13 -16 41 -11 11 -4 -16 -12 4 15 -1 2 13 26 -13 38 27
31 12 14 -25 22 6 -6 -15 9 -2 19 -24 0 -6 2 3 -24 14 18 10 -7 -9 6 32 -19 -34 28 7 5 0 12 -14 19 -23 -32 19 -14 0 5 -5 -12 0 -17 19 23 31 29 -13 -16 41 -11 11 -4 -16 -12 4 15 -1 2 13 26 -13 38 27
31 12 14 -25 22 6 -6 -15 9 -2 19 -24 0 -6 2 3 -24 14 18 10 -7 -9 6 32 -19 -34 28 7 5 0 12 -14 19 -23 -32 19 -14 0 5 -5 -12 0 -17 19 23 31 29 -13 -16 41 -11 11 -4 -16 -12 4 15 -1 2 13 26 -13 38 27
31 12 14 -25 22 6 -6 -15 9 -2 19 -24 0 -6 2 3 -24 14 18 10 -7 -9 6 32 -19 -34 28 7 5 0 12 -14 19 -23 -32 19 -14 0 5 -5 -12 0 -17 19 23 31 29 -13 -16 41 -11 11 -4 -16 -12 4 15 -1 2 13 26 -13 38 27
31 12 14 -25 22 6 -6 -15 9 -2 19 -24 0 -6 2 3 -24 14 18 10 -7 -9 6 32 -19 -34 28 7 5 0 12 -14 19 -23 -32 19 -14 0 5 -5 -12 0 -17 19 23 31 29 -13 -16 41 -11 11 -4 -16 -12 4 15 -1 2 13 26 -13 38 27
31 12 14 -25 22 6 -6 -15 9 -2 19 -24 0 -6 2 3 -24 14 18 10 -7 -9 6 32 -19 -34 28 7 5 0 12 -14 19 -23 -32 19 -14 0 5 -5 -12 0 -17 19 23 31 29 -13 -16 41 -11 11 -4 -16 -12 4 15 -1 2 13 26 -13 38 27
31 12 14 -25 22 6 -6 -15 9 -2 19 -24 0 -6 2 3 -24 14 18 10 -7 -9 6 32 -19 -34 28 7 5 0 12 -14 19 -23 -32 19 -14 0 5 -5 -12 0 -17 19 23 31 29 -13 -16 41 -11 11 -4 -16 -12 4 15 -1 2 13 26 -13 38 27
31 12 14 -25 22 6 -6 -15 9 -2 19 -24 0 -6 2 3 -24 14 18 10 -7 -9 6 32 -19 -34 28 7 5 0 12 -14 19 -23 -32 19 -14 0 5 -5 -12 0 -17 19 23 31 29 -13 -16 41 -11 11 -4 -16 -12 4 15 -1 2 13 26 -13 38 27
31 12 14 -25 22 6 -6 -15 9 -2 19 -24 0 -6 2 3 -24 14 18 10 -7 -9 6 32 -19 -34 28 7 5 0 12 -14 19 -23 -32 19 -14 0 5 -5 -12 0 -17 19 23 31 29 -13 -16 41 -11 11 -4 -16 -12 4 15 -1 2 13 26 -13 38 27
31 12 14 -25 22 6 -6 -15 9 -2 19 -24 0 -6 2 3 -24 14 18 10 -7 -9 6 32 -19 -34 28 7 5 0 12 -14 19 -23 -32 19 -14 0 5 -5 -12 0 -17 19 23 31 29 -13 -16 41 -11 11 -4 -16 -12 4 15 -1 2 13 26 -13 38 27
31 12 14 -25 22 6 -6 -15 9 -2 19 -24 0 -6 2 3 -24 14 18 10 -7 -9 6 32 -19 -34 28 7 5 0 12 -14 19 -23 -32 19 -14 0 5 -5 -12 0 -17 19 23 31 29 -13 -16 41 -11 11 -4 -16 -12 4 15 -1 2 13 26 -13 38 27
31 12 14 -25 22 6 -6 -15 9 -2 19 -24 0 -6 2 3 -24 14 18 10 -7 -9 6 32 -19 -34 28 7 5 0 12 -14 19 -23 -32 19 -14 0 5 -5 -12 0 -17 19 23 31 29 -13 -16 41 -11 11 -4 -16 -12 4 15 -1 2 13 26 -13 38 27
31 12 14 -25 22 6 -6 -15 9 -2 19 -24 0 -6 2 3 -24 14 18 10 -7 -9 6 32 -19 -34 28 7 5 0 12 -14 19 -23 -32 19 -14 0 5 -5 -12 0 -17 19 23 31 29 -13 -16 41 -11 11 -4 -16 -12 4 15 -1 2 13 26 -13 38 27
31 12 14 -25 22 6 -6 -15 9 -2 19 -24 0 -6 2 3 -24 14 18 10 -7 -9 6 32 -19 -34 28 7 5 0 12 -14 19 -23 -32 19 -14 0 5 -5 -12 0 -17 19 23 31 29 -13 -16 41 -11 11 -4 -16 -12 4 15 -1 2 13 26 -13 38 27
31 12 14 -25 22 6 -6 -15 9 -2 19 -24 0 -6 2 3 -24 14 18 10 -7 -9 6 32 -19 -34 28 7 5 0 12 -14 19 -23 -32 19 -14 0 5 -5 -12 0 -17 19 23 31 29 -13 -16 41 -11 11 -4 -16 -12 4 15 -1 2 13 26 -13 38 27
31 12 14 -25 22 6 -6 -15 9 -2 19 -24 0 -6 2 3 -24 14 18 10 -7 -9 6 32 -19 -34 28 7 5 0 12 -14 19 -23 -32 19 -14 0 5 -5 -12 0 -17 19 23 31 29 -13 -16 41 -11 11 -4 -16 -12 4 15 -1 2 13 26 -13 38 27
31 12 14 -25 22 6 -6 -15 9 -2 19 -24 0 -6 2 3 -24 14 18 10 -7 -9 6 32 -19 -34 28 7 5 0 12 -14 19 -23 -32 19 -14 0 5 -5 -12 0 -17 19 23 31 29 -13 -16 41 -11 11 -4 -16 -12 4 15 -1 2 13 26 -13 38 27
31 12 14 -25 22 6 -6 -15 9 -2 19 -24 0 -6 2 3 -24 14 18 10 -7 -9 6 32 -19 -34 28 7 5 0 12 -14 19 -23 -32 19 -14 0 5 -5 -12 0 -17 19 23 31 29 -13 -16 41 -11 11 -4 -16 -12 4 15 -1 2 13 26 -13 38 27
31 12 14 -25 22 6 -6 -15 9 -2 19 -24 0 -6 2 3 -24 14 18 10 -7 -9 6 32 -19 -34 28 7 5 0 12 -14 19 -23 -32 19 -14 0 5 -5 -12 0 -17 19 23 31 29 -13 -16 41 -11 11 -4 -16 -12 4 15 -1 2 13 26 -13 38 27
31 12 14 -25 22 6 -6 -15 9 -2 19 -24 0 -6 2 3 -24 14 18 10 -7 -9 6 32 -19 -34 28 7 5 0 12 -14 19 -23 -32 19 -14 0 5 -5 -12 0 -17 19 23 31 29 -13 -16 41 -11 11 -4 -16 -12 4 15 -1 2 13 26 -13 38 27
31 12 14 -25 22 6 -6 -15 9 -2 19 -24 0 -6 2 3 -24 14 18 10 -7 -9 6 32 -19 -34 28 7 5 0 12 -14 19 -23 -32 19 -14 0 5 -5 -12 0 -17 19 23 31 29 -13 -16 41 -11 11 -4 -16 -12 4 15 -1 2 13 26 -13 38 27
31 12 14 -25 22 6 -6 -15 9 -2 19 -24 0 -6 2 3 -24 14 18 10 -7 -9 6 32 -19 -34 28 7 5 0 12 -14 19 -23 -32 19 -14 0 5 -5 -12 0 -17 19 23 31 29 -13 -16 41 -11 11 -4 -16 -12 4 15 -1 2 13 26 -13 38 27
31 12 14 -25 22 6 -6 -15 9 -2 19 -24 0 -6 2 3 -24 14 18 10 -7 -9 6 32 -19 -34 28 7 5 0 12 -14 19 -23 -32 19 -14 0 5 -5 -12 0 -17 19 23 31 29 -13 -16 41 -11 11 -4 -16 -12 4 15 -1 2 13 26 -13 38 27
31 12 14 -25 22 6 -6 -15 9 -2 19 -24 0 -6 2 3 -24 14 18 10 -7 -9 6 32 -19 -34 28 7 5 0 12 -14 19 -23 -32 19 -14 0 5 -5 -12 0 -17 19 23 31 29 -13 -16 41 -11 11 -4 -16 -12 4 15 -1 2 13 26 -13 38 27
31 12 14 -25 22 6 -6 -15 9 -2 19 -24 0 -6 2 3 -24 14 18 10 -7 -9 6 32 -19 -34 28 7 5 0 12 -14 19 -23 -32 19 -14 0 5 -5 -12 0 -17 19 23 31 29 -13 -16 41 -11 11 -4 -16 -12 4 15 -1 2 13 26 -13 38 27
31 12 14 -25 22 6 -6 -15 9 -2 19 -24 0 -6 2 3 -24 14 18 10 -7 -9 6 32 -19 -34 28 7 5 0 12 -14 19 -23 -32 19 -14 0 5 -5 -12 0 -17 19 23 31 29 -13 -16 41 -11 11 -4 -16 -12 4 15 -1 2 13 26 -13 38 27
31 12 14 -25 22 6 -6 -15 9 -2 19 -24 0 -6 2 3 -24 14 18 10 -7 -9 6 32 -19 -34 28 7 5 0 12 -14 19 -23 -32 19 -14 0 5 -5 -12 0 -17 19 23 31 29 -13 -16 41 -11 11 -4 -16 -12 4 15 -1 2 13 26 -13 38 27
31 12 14 -25 22 6 -6 -15 9 -2 19 -24 0 -6 2 3 -24 14 18 10 -7 -9 6 32 -19 -34 28 7 5 0 12 -14 19 -23 -32 19 -14 0 5 -5 -12 0 -17 19 23 31 29 -13 -16 41 -11 11 -4 -16 -12 4 15 -1 2 13 26 -13 38 27
31 12 14 -25 22 6 -6 -15 9 -2 19 -24 0 -6 2 3 -24 14 18 10 -7 -9 6 32 -19 -34 28 7 5 0 12 -14 19 -23 -32 19 -14 0 5 -5 -12 0 -17 19 23 31 29 -13 -16 41 -11 11 -4 -16 -12 4 15 -1 2 13 26 -13 38 27
31 12 14 -25 22 6 -6 -15 9 -2 19 -24 0 -6 2 3 -24 14 18 10 -7 -9 6 32 -19 -34 28 7 5 0 12 -14 19 -23 -32 19 -14 0 5 -5 -12 0 -17 19 23 31 29 -13 -16 41 -11 11 -4 -16 -12 4 15 -1 2 13 26 -13 38 27
31 12 14 -25 22 6 -6 -15 9 -2 19 -24 0 -6 2 3 -24 14 18 10 -7 -9 6 32 -19 -34 28 7 5 0 12 -14 19 -23 -32 19 -14 0 5 -5 -12 0 -17 19 23 31 29 -13 -16 41 -11 11 -4 -16 -12 4 15 -1 2 13 26 -13 38 27
31 12 14 -25 22 6 -6 -15 9 -2 19 -24 0 -6 2 3 -24 14 18 10 -7 -9 6 32 -19 -34 28 7 5 0 12 -14 19 -23 -32 19 -14 0 5 -5 -12 0 -17 19 23 31 29 -13 -16 41 -11 11 -4 -16 -12 4 15 -1 2 13 26 -13 38 27
31 12 14 -25 22 6 -6 -15 9 -2 19 -24 0 -6 2 3 -24 14 18 10 -7 -9 6 32 -19 -34 28 7 5 0 12 -14 19 -23 -32 19 -14 0 5 -5 -12 0 -17 19 23 31 29 -13 -16 41 -11 11 -4 -16 -12 4 15 -1 2 13 26 -13 38 27
31 12 14 -25 22 6 -6 -15 9 -2 19 -24 0 -6 2 3 -24 14 18 10 -7 -9 6 32 -19 -34 28 7 5 0 12 -14 19 -23 -32 19 -14 0 5 -5 -12 0 -17 19 23 31 29 -13 -16 41 -11 11 -4 -16 -12 4 15 -1 2 13 26 -13 38 27
31 12 14 -25 22 6 -6 -15 9 -2 19 -24 0 -6 2 3 -24 14 18 10 -7 -9 6 32 -19 -34 28 7 5 0 12 -14 19 -23 -32 19 -14 0 5 -5 -12 0 -17 19 23 31 29 -13 -16 41 -11 11 -4 -16 -12 4 15 -1 2 13 26 -13 38 27
31 12 14 -25 22 6 -6 -15 9 -2 19 -24 0 -6 2 3 -24 14 18 10 -7 -9 6 32 -19 -34 28 7 5 0 12 -14 19 -23 -32 19 -14 0 5 -5 -12 0 -17 19 23 31 29 -13 -16 41 -11 11 -4 -16 -12 4 15 -1 2 13 26 -13 38 27
31 12 14 -25 22 6 -6 -15 9 -2 19 -24 0 -6 2 3 -24 14 18 10 -7 -9 6 32 -19 -34 28 7 5 0 12 -14 19 -23 -32 19 -14 0 5 -5 -12 0 -17 19 23 31 29 -13 -16 41 -11 11 -4 -16 -12 4 15 -1 2 13 26 -13 38 27
31 12 14 -25 22 6 -6 -15 9 -2 19 -24 0 -6 2 3 -24 14 18 10 -7 -9 6 32 -19 -34 28 7 5 0 12 -14 19 -23 -32 19 -14 0 5 -5 -12 0 -17 19 23 31 29 -13 -16 41 -11 11 -4 -16 -12 4 15 -1 2 13 26 -13 38 27
31 12 14 -25 22 6 -6 -15 9 -2 19 -24 0 -6 2 3 -24 14 18 10 -7 -9 6 32 -19 -34 28 7 5 0 12 -14 19 -23 -32 19 -14 0 5 -5 -12 0 -17 19 23 31 29 -13 -16 41 -11 11 -4 -16 -12 4 15 -1 2 13 26 -13 38 27
31 12 14 -25 22 6 -6 -15 9 -2 19 -24 0 -6 2 3 -24 14 18 10 -7 -9 6 32 -19 -34 28 7 5 0 12 -14 19 -23 -32 19 -14 0 5 -5 -12 0 -17 19 23 31 29 -13 -16 41 -11 11 -4 -16 -12 4 15 -1 2 13 26 -13 38 27
31 12 14 -25 22 6 -6 -15 9 -2 19 -24 0 -6 2 3 -24 14 18 10 -7 -9 6 32 -19 -34 28 7 5 0 12 -14 19 -23 -32 19 -14 0 5 -5 -12 0 -17 19 23 31 29 -13 -16 41 -11 11 -4 -16 -12 4 15 -1 2 13 26 -13 38 27
31 12 14 -25 22 6 -6 -15 9 -2 19 -24 0 -6 2 3 -24 14 18 10 -7 -9 6 32 -19 -34 28 7 5 0 12 -14 19 -23 -32 19 -14 0 5 -5 -12 0 -17 19 23 31 29 -13 -16 41 -11 11 -4 -16 -12 4 15 -1 2 13 26 -13 38 27
31 12 14 -25 22 6 -6 -15 9 -2 19 -24 0 -6 2 3 -24 14 18 10 -7 -9 6 32 -19 -34 28 7 5 0 12 -14 19 -23 -32 19 -14 0 5 -5 -12 0 -17 19 23 31 29 -13 -16 41 -11 11 -4 -16 -12 4 15 -1 2 13 26 -13 38 27
31 12 14 -25 22 6 -6 -15 9 -2 19 -24 0 -6 2 3 -24 14 18 10 -7 -9 6 32 -19 -34 28 7 5 0 12 -14 19 -23 -32 19 -14 0 5 -5 -12 0 -17 19 23 31 29 -13 -16 41 -11 11 -4 -16 -12 4 15 -1 2 13 26 -13 38 27
31 12 14 -25 22 6 -6 -15 9 -2 19 -24 0 -6 2 3 -24 14 18 10 -7 -9 6 32 -19 -34 28 7 5 0 12 -14 19 -23 -32 19 -14 0 5 -5 -12 0 -17 19 23 31 29 -13 -16 41 -11 11 -4 -16 -12 4 15 -1 2 13 26 -13 38 27
31 12 14 -25 22 6 -6 -15 9 -2 19 -24 0 -6 2 3 -24 14 18 10 -7 -9 6 32 -19 -34 28 7 5 0 12 -14 19 -23 -32 19 -14 0 5 -5 -12 0 -17 19 23 31 29 -13 -16 41 -11 11 -4 -16 -12 4 15 -1 2 13 26 -13 38 27
31 12 14 -25 22 6 -6 -15 9 -2 19 -24 0 -6 2 3 -24 14 18 10 -7 -9 6 32 -19 -34 28 7 5 0 12 -14 19 -23 -32 19 -14 0 5 -5 -12 0 -17 19 23 31 29 -13 -16 41 -11 11 -4 -16 -12 4 15 -1 2 13 26 -13 38 27
31 12 14 -25 22 6 -6 -15 9 -2 19 -24 0 -6 2 3 -24 14 18 10 -7 -9 6 32 -19 -34 28 7 5 0 12 -14 19 -23 -32 19 -14 0 5 -5 -12 0 -17 19 23 31 29 -13 -16 41 -11 11 -4 -16 -12 4 15 -1 2 13 26 -13 38 27
31 12 14 -25 22 6 -6 -15 9 -2 19 -24 0 -6 2 3 -24 14 18 10 -7 -9 6 32 -19 -34 28 7 5 0 12 -14 19 -23 -32 19 -14 0 5 -5 -12 0 -17 19 23 31 29 -13 -16 41 -11 11 -4 -16 -12 4 15 -1 2 13 26 -13 38 27
31 12 14 -25 22 6 -6 -15 9 -2 19 -24 0 -6 2 3 -24 14 18 10 -7 -9 6 32 -19 -34 28 7 5 0 12 -14 19 -23 -32 19 -14 0 5 -5 -12 0 -17 19 23 31 29 -13 -16 41 -11 11 -4 -16 -12 4 15 -1 2 13 26 -13 38 27
31 12 14 -25 22 6 -6 -15 9 -2 19 -24 0 -6 2 3 -24 14 18 10 -7 -9 6 32 -19 -34 28 7 5 0 12 -14 19 -23 -32 19 -14 0 5 -5 -12 0 -17 19 23 31 29 -13 -16 41 -11 11 -4 -16 -12 4 15 -1 2 13 26 -13 38 27
31 12 14 -25 22 6 -6 -15 9 -2 19 -24 0 -6 2 3 -24 14 18 10 -7 -9 6 32 -19 -34 28 7 5 0 12 -14 19 -23 -32 19 -14 0 5 -5 -12 0 -17 19 23 31 29 -13 -16 41 -11 11 -4 -16 -12 4 15 -1 2 13 26 -13 38 27
31 12 14 -25 22 6 -6 -15 9 -2 19 -24 0 -6 2 3 -24 14 18 10 -7 -9 6 32 -19 -34 28 7 5 0 12 -14 19 -23 -32 19 -14 0 5 -5 -12 0 -17 19 23 31 29 -13 -16 41 -11 11 -4 -16 -12 4 15 -1 2 13 26 -13 38 27
31 12 14 -25 22 6 -6 -15 9 -2 19 -24 0 -6 2 3 -24 14 18 10 -7 -9 6 32 -19 -34 28 7 5 0 12 -14 19 -23 -32 19 -14 0 5 -5 -12 0 -17 19 23 31 29 -13 -16 41 -11 11 -4 -16 -12 4 15 -1 2 13 26 -13 38 27
31 12 14 -25 22 6 -6 -15 9 -2 19 -24 0 -6 2 3 -24 14 18 10 -7 -9 6 32 -19 -34 28 7 5 0 12 -14 19 -23 -32 19 -14 0 5 -5 -12 0 -17 19 23 31 29 -13 -16 41 -11 11 -4 -16 -12 4 15 -1 2 13 26 -13 38 27
31 12 14 -25 22 6 -6 -15 9 -2 19 -24 0 -6 2 3 -24 14 18 10 -7 -9 6 32 -19 -34 28 7 5 0 12 -14 19 -23 -32 19 -14 0 5 -5 -12 0 -17 19 23 31 29 -13 -16 41 -11 11 -4 -16 -12 4 15 -1 2 13 26 -13 38 27
31 12 14 -25 22 6 -6 -15 9 -2 19 -24 0 -6 2 3 -24 14 18 10 -7 -9 6 32 -19 -34 28 7 5 0 12 -14 19 -23 -32 19 -14 0 5 -5 -12 0 -17 19 23 31 29 -13 -16 41 -11 11 -4 -16 -12 4 15 -1 2 13 26 -13 38 27
31 12 14 -25 22 6 -6 -15 9 -2 19 -24 0 -6 2 3 -24 14 18 10 -7 -9 6 32 -19 -34 28 7 5 0 12 -14 19 -23 -32 19 -14 0 5 -5 -12 0 -17 19 23 31 29 -13 -16 41 -11 11 -4 -16 -12 4 15 -1 2 13 26 -13 38 27
31 12 14 -25 22 6 -6 -15 9 -2 19 -24 0 -6 2 3 -24 14 18 10 -7 -9 6 32 -19 -34 28 7 5 0 12 -14 19 -23 -32 19 -14 0 5 -5 -12 0 -17 19 23 31 29 -13 -16 41 -11 11 -4 -16 -12 4 15 -1 2 13 26 -13 38 27
31 12 14 -25 22 6 -6 -15 9 -2 19 -24 0 -6 2 3 -24 14 18 10 -7 -9 6 32 -19 -34 28 7 5 0 12 -14 19 -23 -32 19 -14 0 5 -5 -12 0 -17 19 23 31 29 -13 -16 41 -11 11 -4 -16 -12 4 15 -1 2 13 26 -13 38 27
31 12 14 -25 22 6 -6 -15 9 -2 19 -24 0 -6 2 3 -24 14 18 10 -7 -9 6 32 -19 -34 28 7 5 0 12 -14 19 -23 -32 19 -14 0 5 -5 -12 0 -17 19 23 31 29 -13 -16 41 -11 11 -4 -16 -12 4 15 -1 2 13 26 -13 38 27
31 12 14 -25 22 6 -6 -15 9 -2 19 -24 0 -6 2 3 -24 14 18 10 -7 -9 6 32 -19 -34 28 7 5 0 12 -14 19 -23 -32 19 -14 0 5 -5 -12 0 -17 19 23 31 29 -13 -16 41 -11 11 -4 -16 -12 4 15 -1 2 13 26 -13 38 27
31 12 14 -25 22 6 -6 -15 9 -2 19 -24 0 -6 2 3 -24 14 18 10 -7 -9 6 32 -19 -34 28 7 5 0 12 -14 19 -23 -32 19 -14 0 5 -5 -12 0 -17 19 23 31 29 -13 -16 41 -11 11 -4 -16 -12 4 15 -1 2 13 26 -13 38 27
31 12 14 -25 22 6 -6 -15 9 -2 19 -24 0 -6 2 3 -24 14 18 10 -7 -9 6 32 -19 -34 28 7 5 0 12 -14 19 -23 -32 19 -14 0 5 -5 -12 0 -17 19 23 31 29 -13 -16 41 -11 11 -4 -16 -12 4 15 -1 2 13 26 -13 38 27
31 12 14 -25 22 6 -6 -15 9 -2 19 -24 0 -6 2 3 -24 14 18 10 -7 -9 6 32 -19 -34 28 7 5 0 12 -14 19 -23 -32 19 -14 0 5 -5 -12 0 -17 19 23 31 29 -13 -16 41 -11 11 -4 -16 -12 4 15 -1 2 13 26 -13 38 27
31 12 14 -25 22 6 -6 -15 9 -2 19 -24 0 -6 2 3 -24 14 18 10 -7 -9 6 32 -19 -34 28 7 5 0 12 -14 19 -23 -32 19 -14 0 5 -5 -12 0 -17 19 23 31 29 -13 -16 41 -11 11 -4 -16 -12 4 15 -1 2 13 26 -13 38 27
31 12 14 -25 22 6 -6 -15 9 -2 19 -24 0 -6 2 3 -24 14 18 10 -7 -9 6 32 -19 -34 28 7 5 0 12 -14 19 -23 -32 19 -14 0 5 -5 -12 0 -17 19 23 31 29 -13 -16 41 -11 11 -4 -16 -12 4 15 -1 2 13 26 -13 38 27
31 12 14 -25 22 6 -6 -15 9 -2 19 -24 0 -6 2 3 -24 14 18 10 -7 -9 6 32 -19 -34 28 7 5 0 12 -14 19 -23 -32 19 -14 0 5 -5 -12 0 -17 19 23 31 29 -13 -16 41 -11 11 -4 -16 -12 4 15 -1 2 13 26 -13 38 27
31 12 14 -25 22 6 -6 -15 9 -2 19 -24 0 -6 2 3 -24 14 18 10 -7 -9 6 32 -19 -34 28 7 5 0 12 -14 19 -23 -32 19 -14 0 5 -5 -12 0 -17 19 23 31 29 -13 -16 41 -11 11 -4 -16 -12 4 15 -1 2 13 26 -13 38 27
31 12 14 -25 22 6 -6 -15 9 -2 19 -24 0 -6 2 3 -24 14 18 10 -7 -9 6 32 -19 -34 28 7 5 0 12 -14 19 -23 -32 19 -14 0 5 -5 -12 0 -17 19 23 31 29 -13 -16 41 -11 11 -4 -16 -12 4 15 -1 2 13 26 -13 38 27
31 12 14 -25 22 6 -6 -15 9 -2 19 -24 0 -6 2 3 -24 14 18 10 -7 -9 6 32 -19 -34 28 7 5 0 12 -14 19 -23 -32 19 -14 0 5 -5 -12 0 -17 19 23 31 29 -13 -16 41 -11 11 -4 -16 -12 4 15 -1 2 13 26 -13 38 27
31 12 14 -25 22 6 -6 -15 9 -2 19 -24 0 -6 2 3 -24 14 18 10 -7 -9 6 32 -19 -34 28 7 5 0 12 -14 19 -23 -32 19 -14 0 5 -5 -12 0 -17 19 23 31 29 -13 -16 41 -11 11 -4 -16 -12 4 15 -1 2 13 26 -13 38 27
31 12 14 -25 22 6 -6 -15 9 -2 19 -24 0 -6 2 3 -24 14 18 10 -7 -9 6 32 -19 -34 28 7 5 0 12 -14 19 -23 -32 19 -14 0 5 -5 -12 0 -17 19 23 31 29 -13 -16 41 -11 11 -4 -16 -12 4 15 -1 2 13 26 -13 38 27
31 12 14 -25 22 6 -6 -15 9 -2 19 -24 0 -6 2 3 -24 14 18 10 -7 -9 6 32 -19 -34 28 7 5 0 12 -14 19 -23 -32 19 -14 0 5 -5 -12 0 -17 19 23 31 29 -13 -16 41 -11 11 -4 -16 -12 4 15 -1 2 13 26 -13 38 27
31 12 14 -25 22 6 -6 -15 9 -2 19 -24 0 -6 2 3 -24 14 18 10 -7 -9 6 32 -19 -34 28 7 5 0 12 -14 19 -23 -32 19 -14 0 5 -5 -12 0 -17 19 23 31 29 -13 -16 41 -11 11 -4 -16 -12 4 15 -1 2 13 26 -13 38 27
31 12 14 -25 22 6 -6 -15 9 -2 19 -24 0 -6 2 3 -24 14 18 10 -7 -9 6 32 -19 -34 28 7 5 0 12 -14 19 -23 -32 19 -14 0 5 -5 -12 0 -17 19 23 31 29 -13 -16 41 -11 11 -4 -16 -12 4 15 -1 2 13 26 -13 38 27
31 12 14 -25 22 6 -6 -15 9 -2 19 -24 0 -6 2 3 -24 14 18 10 -7 -9 6 32 -19 -34 28 7 5 0 12 -14 19 -23 -32 19 -14 0 5 -5 -12 0 -17 19 23 31 29 -13 -16 41 -11 11 -4 -16 -12 4 15 -1 2 13 26 -13 38 27
31 12 14 -25 22 6 -6 -15 9 -2 19 -24 0 -6 2 3 -24 14 18 10 -7 -9 6 32 -19 -34 28 7 5 0 12 -14 19 -23 -32 19 -14 0 5 -5 -12 0 -17 19 23 31 29 -13 -16 41 -11 11 -4 -16 -12 4 15 -1 2 13 26 -13 38 27
31 12 14 -25 22 6 -6 -15 9 -2 19 -24 0 -6 2 3 -24 14 18 10 -7 -9 6 32 -19 -34 28 7 5 0 12 -14 19 -23 -32 19 -14 0 5 -5 -12 0 -17 19 23 31 29 -13 -16 41 -11 11 -4 -16 -12 4 15 -1 2 13 26 -13 38 27
