-7 -10 -3 3 15 -6 -20 -4 1 -2 4 17 7 2 6 -11 -14 -4 -11 1 0 10 -10 -7 11 1 -5 -2 -13 -12 18 4 -7 -10 15 0 -7 -2 -6 2 -10 12 -16 7 -7 7 -1 5 19 -12 6 -3 1 7 -19 8 -5 7 -3 6 4 -3 4 7
8 25 -16 -6 17 8 -7 4 -3 9 -2 1 -5 -12 26 13 1 10 5 2 0 -1 -19 -18 5 -9 11 -7 -4 4 24 7 -28 6 40 8 16 2 -20 -10 -27 -8 -16 -8 12 28 -6 -8 -2 -13 -9 -2 45 -13 -33 19 -4 -31 21 21 27 8 6 6
0 7 -15 1 -1 1 -13 7 0 0 1 -2 -3 -8 23 0 -2 4 3 -8 -6 -14 -24 -18 9 -11 11 5 -9 -1 35 10 -23 8 34 12 10 7 -35 -26 -12 -2 -10 -8 11 33 -5 3 0 -10 6 -13 24 -24 -34 28 -9 -14 42 28 31 10 1 2
-8 -16 -15 -8 2 3 -13 10 -11 3 9 10 -10 -10 20 -1 -15 0 3 -19 -1 -13 -21 -4 9 -7 -15 -11 -11 4 33 6 -24 4 36 0 15 5 -44 -22 -1 8 0 -1 4 26 -7 -1 13 -22 7 -4 19 -30 -42 19 -18 -11 30 21 24 13 -9 -2
-25 -8 -4 -3 -1 11 -21 19 -5 0 1 4 -2 -14 0 5 -4 6 -2 -1 -9 -20 -11 1 7 -11 0 -5 -7 -5 24 -3 -17 -3 27 5 19 2 -32 -24 10 2 -14 1 0 25 -7 -7 8 -20 3 4 10 -16 -41 24 -23 -5 21 15 11 11 -9 -15
-14 -15 -17 -8 -3 8 -14 18 -9 -5 4 -7 -20 -17 3 4 -12 8 1 -6 -1 -26 -7 -3 11 1 -1 -5 -8 -6 26 3 -16 -3 33 -2 18 7 -33 -18 12 1 1 -10 -5 21 0 -5 7 -20 16 9 12 -20 -39 22 -13 -12 28 18 18 8 -11 -1
-12 -22 -8 -3 -9 8 -5 19 -20 1 8 3 -5 -4 11 -9 -15 6 -1 -1 -1 -27 -3 -7 1 -3 -9 -6 -17 -1 23 6 -19 -9 36 11 14 16 -21 -26 14 3 -9 0 -4 24 -4 0 12 -10 12 10 5 -13 -44 7 -20 -9 38 5 15 3 -11 10
2 -12 -13 -19 -7 13 -10 18 -7 -4 7 7 -18 -13 8 -4 -17 -5 8 -6 2 -25 -13 -3 4 -8 -7 -13 -9 -8 17 7 -12 4 40 17 21 11 -40 -20 5 3 -1 -2 -1 31 -6 -3 10 -9 19 0 2 -25 -47 9 -19 -15 33 24 12 6 -17 -1
4 -4 -17 -12 -3 -5 -7 14 -4 4 21 2 1 -2 9 -2 -5 7 -4 -1 0 -18 -11 -28 4 -14 -9 -7 -17 -20 32 2 -17 -9 39 4 24 19 -36 -32 3 0 -14 -7 -1 17 -4 9 6 -8 7 -5 5 -18 -41 12 -8 2 24 13 17 16 -13 1
-16 16 8 -11 -11 7 -3 -19 15 20 8 21 4 0 28 9 2 2 0 -14 4 3 2 -41 9 -8 13 9 -4 -3 40 3 -9 -11 57 -2 -5 9 -8 -21 9 -7 -9 -8 9 22 6 -2 20 -7 -7 -4 11 -3 -27 28 16 -2 50 -1 15 -3 1 -2
2 -11 -32 -15 7 -18 0 11 -11 1 12 5 2 0 20 10 -10 0 -7 -12 0 -17 -10 -18 9 -10 -10 -3 -16 -14 36 -2 -27 3 29 6 23 8 -33 -26 -2 10 0 -1 -7 22 -14 16 8 -8 5 1 13 -29 -43 9 -4 5 25 14 23 19 -8 -2
-1 -5 -21 -18 -3 2 -9 15 1 2 18 -5 -2 -12 13 5 -11 7 5 -11 1 -20 -12 -24 9 -7 -15 -4 -18 -7 38 -7 -15 4 36 5 28 11 -50 -30 11 -5 4 -3 -4 18 -22 20 12 -13 2 4 3 -19 -44 20 -13 8 24 11 30 9 -16 10
9 -5 -16 -28 0 -2 -7 19 -12 13 15 3 -2 -14 15 7 -7 5 -7 -13 3 -11 -14 -18 0 -7 -2 -3 -14 4 41 -5 -21 -4 26 -3 17 7 -40 -21 7 -4 7 -3 3 29 -17 6 14 -11 3 -14 14 -30 -37 25 -9 2 7 15 21 18 -16 5
6 1 -11 -22 9 15 -17 20 1 3 12 -11 2 -15 -6 -1 -5 7 -8 -2 -7 -11 -7 -16 9 1 -3 -15 -13 1 30 -15 -15 1 25 3 17 2 -36 -22 16 -7 -13 -4 3 37 -11 -3 11 -21 6 -7 15 -17 -36 24 -12 -3 22 20 18 20 -8 -15
-4 1 -1 -9 -5 6 -12 10 3 16 22 5 5 -9 11 -1 9 3 5 -10 0 -2 -4 -37 15 -5 13 -4 -28 1 42 -2 -6 -8 45 -1 9 8 -37 -19 16 -13 -15 0 15 32 -4 -13 9 -20 7 -20 10 -15 -29 39 4 -2 27 17 23 9 -15 5
10 -10 -23 -21 -3 8 -2 24 -9 18 20 -5 -8 -9 14 13 3 0 1 -7 8 -18 -15 -24 3 7 -2 -6 -18 2 42 -2 -15 7 32 4 19 8 -60 -13 5 -7 -7 0 8 27 -10 2 19 -10 4 -10 6 -27 -37 29 -9 -5 18 12 24 24 -17 16
-11 -11 -19 -14 -4 5 -19 36 -6 1 15 -10 -4 -4 12 20 -2 -6 0 -12 -2 -18 -19 -20 15 -6 -5 9 -27 -13 32 -9 -5 5 34 5 20 3 -51 -16 1 -11 -5 2 9 25 -16 -2 17 -16 4 4 12 -20 -41 19 -16 -9 14 18 25 19 -18 8
-2 -22 -24 -19 -12 3 -14 33 -16 6 19 -2 0 -13 14 25 -4 -2 2 -14 1 -23 -23 -13 7 -6 3 1 -24 -5 41 -8 -17 3 23 4 26 -1 -58 -7 -4 -1 -7 4 7 32 -17 3 17 -16 8 -2 16 -25 -43 22 -7 -7 10 15 17 25 -9 13
-8 -12 -16 -23 2 4 -17 39 -16 -2 13 -7 7 -7 11 19 -4 -2 -6 -19 1 -23 -18 -24 14 -2 -7 1 -27 -12 33 -11 -12 16 27 1 19 3 -47 -17 2 -2 -10 2 9 36 -22 11 12 -18 5 1 21 -16 -43 18 -23 -1 20 19 16 18 -23 4
-1 -2 -14 -15 0 4 -11 33 -15 1 9 -11 -3 -7 11 4 0 -4 6 -14 3 -17 -18 -27 5 -7 -9 -7 -16 -6 36 -7 -14 3 27 7 19 18 -53 -8 4 -2 -4 2 12 36 -16 3 18 -12 19 -4 10 -19 -39 16 -13 -7 20 26 12 20 -9 -1
10 -5 -19 -19 -3 3 -6 28 -10 4 19 -9 3 -8 18 7 4 0 -6 -20 10 -14 -5 -31 8 -7 3 -7 -18 -6 31 -16 -13 0 35 6 25 15 -55 -7 -3 -4 -7 -3 10 38 -22 7 19 -17 6 2 2 -16 -37 16 -10 -5 23 23 15 11 -4 9
3 9 -11 -17 -10 11 -13 -3 4 11 31 13 14 -7 18 -1 12 -1 8 -3 -11 -1 -11 -47 19 -16 3 -6 -21 1 46 4 -22 -3 43 -1 8 -1 -40 -8 10 -24 -27 4 11 22 -13 -4 14 -20 12 -5 15 -13 -27 23 0 -14 32 17 22 2 -10 -3
-2 -2 8 -1 16 -2 -5 0 4 -3 -9 11 -5 0 3 -9 -3 0 -9 -1 0 4 -2 0 2 -7 -1 2 -2 -2 9 0 -1 -1 12 -7 -1 -4 0 -1 -5 2 -12 -4 -6 1 -2 1 3 -2 8 -6 -2 -3 -5 2 -1 4 -8 5 -3 4 -1 1
0 18 -2 -18 3 13 -6 8 2 -2 12 14 -14 0 7 4 -1 -7 10 7 8 3 -22 -12 12 -9 -1 -9 -8 6 23 20 -26 9 44 -2 -24 -8 -21 -17 2 2 -6 4 -5 18 1 -1 5 -8 5 -5 28 -5 -25 26 4 -14 20 23 36 -9 -5 8
5 6 11 -12 8 4 2 8 -1 -8 13 6 -11 2 10 11 -6 9 9 7 6 2 -17 -8 13 -6 5 -10 -11 -1 32 16 -25 9 53 3 -23 -7 -22 -17 7 4 -7 -3 11 19 -1 -1 -5 -7 9 -5 24 -8 -46 30 8 -17 28 27 44 -14 -12 4
-6 2 0 -11 5 5 -7 11 -6 1 20 6 -10 -11 18 2 -11 8 6 1 13 -4 -17 -14 13 -12 -5 -2 -9 7 33 17 -31 -3 50 -6 -10 5 -43 -19 12 -1 -2 6 9 28 -10 10 12 -12 7 -1 16 -16 -34 18 -8 -13 31 23 38 -14 -23 11
-19 -3 -3 0 2 7 -13 21 -10 -9 -4 4 -4 -8 2 6 0 11 4 3 -2 -17 -6 -6 -4 -22 -1 -7 -8 -3 30 7 -16 -2 24 0 8 -4 -19 -24 20 0 -10 4 2 19 -1 -8 2 -19 3 3 6 -4 -38 10 -21 -8 25 27 18 -10 -22 -15
-22 1 -5 -11 4 11 -11 22 -16 -16 4 -2 -10 -13 5 6 -9 5 6 3 -6 -26 -7 -5 -1 -3 -8 -10 -8 3 31 6 -20 10 25 10 2 8 -21 -24 20 -2 -1 -6 -3 21 -4 2 10 -12 16 8 13 -8 -38 20 -22 -15 22 28 13 -8 -19 -9
-15 3 -1 -7 -2 10 -1 15 -16 -8 8 2 1 -6 12 -4 -11 5 3 1 -6 -27 -12 -13 -10 -15 -8 -7 -8 -1 38 11 -22 8 26 7 7 16 -15 -21 15 2 -13 -2 -1 31 -11 16 12 -17 9 15 11 -9 -42 16 -29 -12 30 21 19 -3 -19 -4
-5 8 -12 -20 -10 8 -1 16 -10 -8 12 -5 -7 -11 8 -8 -16 -6 1 4 2 -22 -11 -5 7 -9 -3 -12 -7 -9 31 5 -22 1 35 8 15 10 -32 -19 18 2 -3 0 2 32 -5 20 16 -15 11 3 3 -14 -45 14 -18 -15 35 17 25 -15 -10 0
2 0 -19 -8 1 -5 4 20 -9 -2 19 3 -1 0 8 -2 -4 3 6 2 2 -10 -18 -10 12 -16 -9 -8 -11 6 37 18 -33 -1 31 -3 7 17 -33 -28 11 -3 1 1 -4 30 -11 23 11 -9 9 0 16 -16 -41 10 -11 -8 31 17 33 -5 -16 1
1 -14 -35 -12 3 -9 7 14 -11 -12 15 11 -1 -5 9 0 -6 1 -4 1 1 -14 -16 -3 6 -7 -7 5 -14 -1 26 11 -31 7 22 -1 6 10 -26 -22 -1 -4 -3 2 -6 30 -20 18 11 -12 9 1 21 -22 -33 12 -6 -4 12 24 25 3 -4 1
-3 -8 -20 -25 1 -11 -7 22 2 -13 21 -2 -2 -11 12 -5 -9 2 11 -5 1 -16 -7 -5 9 -10 -14 -3 -13 13 40 4 -22 8 35 1 6 18 -38 -22 23 -9 6 5 -3 16 -20 27 7 -11 5 3 7 -11 -43 18 -10 -2 32 7 36 -14 -7 -1
2 0 -15 -19 4 3 -3 24 -2 6 22 -7 -1 -12 4 5 -13 6 -4 -6 6 -23 -10 -3 16 -2 -3 -7 -12 7 33 -3 -30 -3 23 0 9 10 -42 -23 16 -3 -7 5 -2 29 -19 11 6 -17 8 -6 20 -15 -34 30 -18 -12 18 19 27 0 -10 1
-14 -17 -8 -15 3 -1 -13 32 -10 -16 21 -5 -8 -8 12 7 -9 -3 4 -1 1 -24 -20 -11 5 -13 -4 -1 -19 3 31 0 -21 16 28 1 16 1 -40 -27 19 -8 -10 6 7 26 -15 10 9 -17 9 4 14 -11 -34 16 -22 -5 19 19 30 -3 -19 1
-3 -5 -11 -20 -4 -1 -11 35 -11 -10 25 -4 -3 -14 6 21 -2 5 9 -7 8 -22 -17 -10 5 -13 2 -3 -20 7 35 -2 -33 2 27 1 15 9 -43 -18 12 2 -9 4 2 26 -26 11 12 -15 10 2 13 -16 -38 22 -9 -5 20 22 28 -4 -16 10
-5 -10 -9 -22 5 5 -11 31 -9 -14 10 -2 1 -6 4 18 -11 -6 3 -10 0 -23 -15 -16 10 -5 -9 -4 -21 -5 32 -5 -23 21 29 -4 10 15 -38 -23 11 4 -11 7 5 37 -22 12 13 -14 8 6 23 -10 -39 19 -22 -2 17 22 28 -5 -22 5
-1 1 -12 -19 2 6 -13 28 -11 -10 14 -8 0 -6 8 -5 -2 5 5 -6 -2 -18 -16 -19 5 -8 -12 -5 -8 -3 29 -5 -28 9 32 10 13 9 -42 -14 14 -12 -14 3 7 30 -21 15 20 -11 17 -2 12 -4 -39 23 -15 -13 18 24 21 -4 -8 -6
4 2 -21 -22 -5 -11 -8 30 -10 -13 22 -4 0 -9 10 7 -2 -1 -5 -11 9 -24 -15 -27 6 -14 4 -9 -13 4 35 -9 -24 4 31 4 21 9 -42 -16 11 -4 -8 6 3 27 -27 15 16 -10 9 3 10 -8 -37 23 -11 -6 23 25 26 -11 -11 1
-4 9 -11 -33 -7 -5 -9 0 9 5 35 15 8 -3 11 3 7 -2 7 -2 -10 -7 -11 -36 4 -18 -4 4 -16 6 38 9 -19 0 50 7 -1 2 -30 -13 15 -9 -22 2 0 26 -8 5 11 -21 -2 -1 14 -10 -25 28 1 -5 11 4 39 -25 -9 2
-2 -2 8 0 16 -1 -5 0 4 -4 -9 11 -5 0 3 -9 -3 0 -9 -1 0 4 -2 0 2 -7 -1 1 -1 -2 10 -1 0 -1 12 -8 -1 -4 1 -1 -7 2 -12 -4 -6 1 -2 1 3 -3 8 -6 -2 -3 -6 2 0 4 -8 5 -3 4 0 1
-21 11 -2 -30 -3 20 -19 3 4 15 20 30 -7 -17 13 -14 0 -25 5 16 -19 0 -18 -16 1 -4 4 -6 -5 -1 30 27 -4 32 29 1 9 9 -19 -13 -9 -7 0 -4 6 21 1 -15 -7 -5 0 -7 38 -11 -22 16 1 -18 -9 19 14 -8 0 -1
-21 11 -2 -30 -3 20 -19 3 4 15 20 30 -7 -17 13 -14 0 -25 5 16 -19 0 -18 -16 1 -4 4 -6 -5 -1 30 27 -4 32 29 1 9 9 -19 -13 -9 -7 0 -4 6 21 1 -15 -7 -5 0 -7 38 -11 -22 16 1 -18 -9 19 14 -8 0 -1
-21 11 -2 -30 -3 20 -19 3 4 15 20 30 -7 -17 13 -14 0 -25 5 16 -19 0 -18 -16 1 -4 4 -6 -5 -1 30 27 -4 32 29 1 9 9 -19 -13 -9 -7 0 -4 6 21 1 -15 -7 -5 0 -7 38 -11 -22 16 1 -18 -9 19 14 -8 0 -1
-21 11 -2 -30 -3 20 -19 3 4 15 20 30 -7 -17 13 -14 0 -25 5 16 -19 0 -18 -16 1 -4 4 -6 -5 -1 30 27 -4 32 29 1 9 9 -19 -13 -9 -7 0 -4 6 21 1 -15 -7 -5 0 -7 38 -11 -22 16 1 -18 -9 19 14 -8 0 -1
-21 11 -2 -30 -3 20 -19 3 4 15 20 30 -7 -17 13 -14 0 -25 5 16 -19 0 -18 -16 1 -4 4 -6 -5 -1 30 27 -4 32 29 1 9 9 -19 -13 -9 -7 0 -4 6 21 1 -15 -7 -5 0 -7 38 -11 -22 16 1 -18 -9 19 14 -8 0 -1
-21 11 -2 -30 -3 20 -19 3 4 15 20 30 -7 -17 13 -14 0 -25 5 16 -19 0 -18 -16 1 -4 4 -6 -5 -1 30 27 -4 32 29 1 9 9 -19 -13 -9 -7 0 -4 6 21 1 -15 -7 -5 0 -7 38 -11 -22 16 1 -18 -9 19 14 -8 0 -1
-21 11 -2 -30 -3 20 -19 3 4 15 20 30 -7 -17 13 -14 0 -25 5 16 -19 0 -18 -16 1 -4 4 -6 -5 -1 30 27 -4 32 29 1 9 9 -19 -13 -9 -7 0 -4 6 21 1 -15 -7 -5 0 -7 38 -11 -22 16 1 -18 -9 19 14 -8 0 -1
-21 11 -2 -30 -3 20 -19 3 4 15 20 30 -7 -17 13 -14 0 -25 5 16 -19 0 -18 -16 1 -4 4 -6 -5 -1 30 27 -4 32 29 1 9 9 -19 -13 -9 -7 0 -4 6 21 1 -15 -7 -5 0 -7 38 -11 -22 16 1 -18 -9 19 14 -8 0 -1
-21 11 -2 -30 -3 20 -19 3 4 15 20 30 -7 -17 13 -14 0 -25 5 16 -19 0 -18 -16 1 -4 4 -6 -5 -1 30 27 -4 32 29 1 9 9 -19 -13 -9 -7 0 -4 6 21 1 -15 -7 -5 0 -7 38 -11 -22 16 1 -18 -9 19 14 -8 0 -1
-21 11 -2 -30 -3 20 -19 3 4 15 20 30 -7 -17 13 -14 0 -25 5 16 -19 0 -18 -16 1 -4 4 -6 -5 -1 30 27 -4 32 29 1 9 9 -19 -13 -9 -7 0 -4 6 21 1 -15 -7 -5 0 -7 38 -11 -22 16 1 -18 -9 19 14 -8 0 -1
-21 11 -2 -30 -3 20 -19 3 4 15 20 30 -7 -17 13 -14 0 -25 5 16 -19 0 -18 -16 1 -4 4 -6 -5 -1 30 27 -4 32 29 1 9 9 -19 -13 -9 -7 0 -4 6 21 1 -15 -7 -5 0 -7 38 -11 -22 16 1 -18 -9 19 14 -8 0 -1
-21 11 -2 -30 -3 20 -19 3 4 15 20 30 -7 -17 13 -14 0 -25 5 16 -19 0 -18 -16 1 -4 4 -6 -5 -1 30 27 -4 32 29 1 9 9 -19 -13 -9 -7 0 -4 6 21 1 -15 -7 -5 0 -7 38 -11 -22 16 1 -18 -9 19 14 -8 0 -1
-21 11 -2 -30 -3 20 -19 3 4 15 20 30 -7 -17 13 -14 0 -25 5 16 -19 0 -18 -16 1 -4 4 -6 -5 -1 30 27 -4 32 29 1 9 9 -19 -13 -9 -7 0 -4 6 21 1 -15 -7 -5 0 -7 38 -11 -22 16 1 -18 -9 19 14 -8 0 -1
-21 11 -2 -30 -3 20 -19 3 4 15 20 30 -7 -17 13 -14 0 -25 5 16 -19 0 -18 -16 1 -4 4 -6 -5 -1 30 27 -4 32 29 1 9 9 -19 -13 -9 -7 0 -4 6 21 1 -15 -7 -5 0 -7 38 -11 -22 16 1 -18 -9 19 14 -8 0 -1
-21 11 -2 -30 -3 20 -19 3 4 15 20 30 -7 -17 13 -14 0 -25 5 16 -19 0 -18 -16 1 -4 4 -6 -5 -1 30 27 -4 32 29 1 9 9 -19 -13 -9 -7 0 -4 6 21 1 -15 -7 -5 0 -7 38 -11 -22 16 1 -18 -9 19 14 -8 0 -1
-21 11 -2 -30 -3 20 -19 3 4 15 20 30 -7 -17 13 -14 0 -25 5 16 -19 0 -18 -16 1 -4 4 -6 -5 -1 30 27 -4 32 29 1 9 9 -19 -13 -9 -7 0 -4 6 21 1 -15 -7 -5 0 -7 38 -11 -22 16 1 -18 -9 19 14 -8 0 -1
-21 11 -2 -30 -3 20 -19 3 4 15 20 30 -7 -17 13 -14 0 -25 5 16 -19 0 -18 -16 1 -4 4 -6 -5 -1 30 27 -4 32 29 1 9 9 -19 -13 -9 -7 0 -4 6 21 1 -15 -7 -5 0 -7 38 -11 -22 16 1 -18 -9 19 14 -8 0 -1
-21 11 -2 -30 -3 20 -19 3 4 15 20 30 -7 -17 13 -14 0 -25 5 16 -19 0 -18 -16 1 -4 4 -6 -5 -1 30 27 -4 32 29 1 9 9 -19 -13 -9 -7 0 -4 6 21 1 -15 -7 -5 0 -7 38 -11 -22 16 1 -18 -9 19 14 -8 0 -1
-21 11 -2 -30 -3 20 -19 3 4 15 20 30 -7 -17 13 -14 0 -25 5 16 -19 0 -18 -16 1 -4 4 -6 -5 -1 30 27 -4 32 29 1 9 9 -19 -13 -9 -7 0 -4 6 21 1 -15 -7 -5 0 -7 38 -11 -22 16 1 -18 -9 19 14 -8 0 -1
-21 11 -2 -30 -3 20 -19 3 4 15 20 30 -7 -17 13 -14 0 -25 5 16 -19 0 -18 -16 1 -4 4 -6 -5 -1 30 27 -4 32 29 1 9 9 -19 -13 -9 -7 0 -4 6 21 1 -15 -7 -5 0 -7 38 -11 -22 16 1 -18 -9 19 14 -8 0 -1
-21 11 -2 -30 -3 20 -19 3 4 15 20 30 -7 -17 13 -14 0 -25 5 16 -19 0 -18 -16 1 -4 4 -6 -5 -1 30 27 -4 32 29 1 9 9 -19 -13 -9 -7 0 -4 6 21 1 -15 -7 -5 0 -7 38 -11 -22 16 1 -18 -9 19 14 -8 0 -1
-21 11 -2 -30 -3 20 -19 3 4 15 20 30 -7 -17 13 -14 0 -25 5 16 -19 0 -18 -16 1 -4 4 -6 -5 -1 30 27 -4 32 29 1 9 9 -19 -13 -9 -7 0 -4 6 21 1 -15 -7 -5 0 -7 38 -11 -22 16 1 -18 -9 19 14 -8 0 -1
-21 11 -2 -30 -3 20 -19 3 4 15 20 30 -7 -17 13 -14 0 -25 5 16 -19 0 -18 -16 1 -4 4 -6 -5 -1 30 27 -4 32 29 1 9 9 -19 -13 -9 -7 0 -4 6 21 1 -15 -7 -5 0 -7 38 -11 -22 16 1 -18 -9 19 14 -8 0 -1
-21 11 -2 -30 -3 20 -19 3 4 15 20 30 -7 -17 13 -14 0 -25 5 16 -19 0 -18 -16 1 -4 4 -6 -5 -1 30 27 -4 32 29 1 9 9 -19 -13 -9 -7 0 -4 6 21 1 -15 -7 -5 0 -7 38 -11 -22 16 1 -18 -9 19 14 -8 0 -1
-21 11 -2 -30 -3 20 -19 3 4 15 20 30 -7 -17 13 -14 0 -25 5 16 -19 0 -18 -16 1 -4 4 -6 -5 -1 30 27 -4 32 29 1 9 9 -19 -13 -9 -7 0 -4 6 21 1 -15 -7 -5 0 -7 38 -11 -22 16 1 -18 -9 19 14 -8 0 -1
-21 11 -2 -30 -3 20 -19 3 4 15 20 30 -7 -17 13 -14 0 -25 5 16 -19 0 -18 -16 1 -4 4 -6 -5 -1 30 27 -4 32 29 1 9 9 -19 -13 -9 -7 0 -4 6 21 1 -15 -7 -5 0 -7 38 -11 -22 16 1 -18 -9 19 14 -8 0 -1
-21 11 -2 -30 -3 20 -19 3 4 15 20 30 -7 -17 13 -14 0 -25 5 16 -19 0 -18 -16 1 -4 4 -6 -5 -1 30 27 -4 32 29 1 9 9 -19 -13 -9 -7 0 -4 6 21 1 -15 -7 -5 0 -7 38 -11 -22 16 1 -18 -9 19 14 -8 0 -1
-21 11 -2 -30 -3 20 -19 3 4 15 20 30 -7 -17 13 -14 0 -25 5 16 -19 0 -18 -16 1 -4 4 -6 -5 -1 30 27 -4 32 29 1 9 9 -19 -13 -9 -7 0 -4 6 21 1 -15 -7 -5 0 -7 38 -11 -22 16 1 -18 -9 19 14 -8 0 -1
-21 11 -2 -30 -3 20 -19 3 4 15 20 30 -7 -17 13 -14 0 -25 5 16 -19 0 -18 -16 1 -4 4 -6 -5 -1 30 27 -4 32 29 1 9 9 -19 -13 -9 -7 0 -4 6 21 1 -15 -7 -5 0 -7 38 -11 -22 16 1 -18 -9 19 14 -8 0 -1
-21 11 -2 -30 -3 20 -19 3 4 15 20 30 -7 -17 13 -14 0 -25 5 16 -19 0 -18 -16 1 -4 4 -6 -5 -1 30 27 -4 32 29 1 9 9 -19 -13 -9 -7 0 -4 6 21 1 -15 -7 -5 0 -7 38 -11 -22 16 1 -18 -9 19 14 -8 0 -1
-21 11 -2 -30 -3 20 -19 3 4 15 20 30 -7 -17 13 -14 0 -25 5 16 -19 0 -18 -16 1 -4 4 -6 -5 -1 30 27 -4 32 29 1 9 9 -19 -13 -9 -7 0 -4 6 21 1 -15 -7 -5 0 -7 38 -11 -22 16 1 -18 -9 19 14 -8 0 -1
-21 11 -2 -30 -3 20 -19 3 4 15 20 30 -7 -17 13 -14 0 -25 5 16 -19 0 -18 -16 1 -4 4 -6 -5 -1 30 27 -4 32 29 1 9 9 -19 -13 -9 -7 0 -4 6 21 1 -15 -7 -5 0 -7 38 -11 -22 16 1 -18 -9 19 14 -8 0 -1
-21 11 -2 -30 -3 20 -19 3 4 15 20 30 -7 -17 13 -14 0 -25 5 16 -19 0 -18 -16 1 -4 4 -6 -5 -1 30 27 -4 32 29 1 9 9 -19 -13 -9 -7 0 -4 6 21 1 -15 -7 -5 0 -7 38 -11 -22 16 1 -18 -9 19 14 -8 0 -1
-21 11 -2 -30 -3 20 -19 3 4 15 20 30 -7 -17 13 -14 0 -25 5 16 -19 0 -18 -16 1 -4 4 -6 -5 -1 30 27 -4 32 29 1 9 9 -19 -13 -9 -7 0 -4 6 21 1 -15 -7 -5 0 -7 38 -11 -22 16 1 -18 -9 19 14 -8 0 -1
-21 11 -2 -30 -3 20 -19 3 4 15 20 30 -7 -17 13 -14 0 -25 5 16 -19 0 -18 -16 1 -4 4 -6 -5 -1 30 27 -4 32 29 1 9 9 -19 -13 -9 -7 0 -4 6 21 1 -15 -7 -5 0 -7 38 -11 -22 16 1 -18 -9 19 14 -8 0 -1
-21 11 -2 -30 -3 20 -19 3 4 15 20 30 -7 -17 13 -14 0 -25 5 16 -19 0 -18 -16 1 -4 4 -6 -5 -1 30 27 -4 32 29 1 9 9 -19 -13 -9 -7 0 -4 6 21 1 -15 -7 -5 0 -7 38 -11 -22 16 1 -18 -9 19 14 -8 0 -1
-21 11 -2 -30 -3 20 -19 3 4 15 20 30 -7 -17 13 -14 0 -25 5 16 -19 0 -18 -16 1 -4 4 -6 -5 -1 30 27 -4 32 29 1 9 9 -19 -13 -9 -7 0 -4 6 21 1 -15 -7 -5 0 -7 38 -11 -22 16 1 -18 -9 19 14 -8 0 -1
-21 11 -2 -30 -3 20 -19 3 4 15 20 30 -7 -17 13 -14 0 -25 5 16 -19 0 -18 -16 1 -4 4 -6 -5 -1 30 27 -4 32 29 1 9 9 -19 -13 -9 -7 0 -4 6 21 1 -15 -7 -5 0 -7 38 -11 -22 16 1 -18 -9 19 14 -8 0 -1
-21 11 -2 -30 -3 20 -19 3 4 15 20 30 -7 -17 13 -14 0 -25 5 16 -19 0 -18 -16 1 -4 4 -6 -5 -1 30 27 -4 32 29 1 9 9 -19 -13 -9 -7 0 -4 6 21 1 -15 -7 -5 0 -7 38 -11 -22 16 1 -18 -9 19 14 -8 0 -1
-21 11 -2 -30 -3 20 -19 3 4 15 20 30 -7 -17 13 -14 0 -25 5 16 -19 0 -18 -16 1 -4 4 -6 -5 -1 30 27 -4 32 29 1 9 9 -19 -13 -9 -7 0 -4 6 21 1 -15 -7 -5 0 -7 38 -11 -22 16 1 -18 -9 19 14 -8 0 -1
-21 11 -2 -30 -3 20 -19 3 4 15 20 30 -7 -17 13 -14 0 -25 5 16 -19 0 -18 -16 1 -4 4 -6 -5 -1 30 27 -4 32 29 1 9 9 -19 -13 -9 -7 0 -4 6 21 1 -15 -7 -5 0 -7 38 -11 -22 16 1 -18 -9 19 14 -8 0 -1
-21 11 -2 -30 -3 20 -19 3 4 15 20 30 -7 -17 13 -14 0 -25 5 16 -19 0 -18 -16 1 -4 4 -6 -5 -1 30 27 -4 32 29 1 9 9 -19 -13 -9 -7 0 -4 6 21 1 -15 -7 -5 0 -7 38 -11 -22 16 1 -18 -9 19 14 -8 0 -1
-21 11 -2 -30 -3 20 -19 3 4 15 20 30 -7 -17 13 -14 0 -25 5 16 -19 0 -18 -16 1 -4 4 -6 -5 -1 30 27 -4 32 29 1 9 9 -19 -13 -9 -7 0 -4 6 21 1 -15 -7 -5 0 -7 38 -11 -22 16 1 -18 -9 19 14 -8 0 -1
-21 11 -2 -30 -3 20 -19 3 4 15 20 30 -7 -17 13 -14 0 -25 5 16 -19 0 -18 -16 1 -4 4 -6 -5 -1 30 27 -4 32 29 1 9 9 -19 -13 -9 -7 0 -4 6 21 1 -15 -7 -5 0 -7 38 -11 -22 16 1 -18 -9 19 14 -8 0 -1
-21 11 -2 -30 -3 20 -19 3 4 15 20 30 -7 -17 13 -14 0 -25 5 16 -19 0 -18 -16 1 -4 4 -6 -5 -1 30 27 -4 32 29 1 9 9 -19 -13 -9 -7 0 -4 6 21 1 -15 -7 -5 0 -7 38 -11 -22 16 1 -18 -9 19 14 -8 0 -1
-21 11 -2 -30 -3 20 -19 3 4 15 20 30 -7 -17 13 -14 0 -25 5 16 -19 0 -18 -16 1 -4 4 -6 -5 -1 30 27 -4 32 29 1 9 9 -19 -13 -9 -7 0 -4 6 21 1 -15 -7 -5 0 -7 38 -11 -22 16 1 -18 -9 19 14 -8 0 -1
-21 11 -2 -30 -3 20 -19 3 4 15 20 30 -7 -17 13 -14 0 -25 5 16 -19 0 -18 -16 1 -4 4 -6 -5 -1 30 27 -4 32 29 1 9 9 -19 -13 -9 -7 0 -4 6 21 1 -15 -7 -5 0 -7 38 -11 -22 16 1 -18 -9 19 14 -8 0 -1
-21 11 -2 -30 -3 20 -19 3 4 15 20 30 -7 -17 13 -14 0 -25 5 16 -19 0 -18 -16 1 -4 4 -6 -5 -1 30 27 -4 32 29 1 9 9 -19 -13 -9 -7 0 -4 6 21 1 -15 -7 -5 0 -7 38 -11 -22 16 1 -18 -9 19 14 -8 0 -1
-21 11 -2 -30 -3 20 -19 3 4 15 20 30 -7 -17 13 -14 0 -25 5 16 -19 0 -18 -16 1 -4 4 -6 -5 -1 30 27 -4 32 29 1 9 9 -19 -13 -9 -7 0 -4 6 21 1 -15 -7 -5 0 -7 38 -11 -22 16 1 -18 -9 19 14 -8 0 -1
-21 11 -2 -30 -3 20 -19 3 4 15 20 30 -7 -17 13 -14 0 -25 5 16 -19 0 -18 -16 1 -4 4 -6 -5 -1 30 27 -4 32 29 1 9 9 -19 -13 -9 -7 0 -4 6 21 1 -15 -7 -5 0 -7 38 -11 -22 16 1 -18 -9 19 14 -8 0 -1
-21 11 -2 -30 -3 20 -19 3 4 15 20 30 -7 -17 13 -14 0 -25 5 16 -19 0 -18 -16 1 -4 4 -6 -5 -1 30 27 -4 32 29 1 9 9 -19 -13 -9 -7 0 -4 6 21 1 -15 -7 -5 0 -7 38 -11 -22 16 1 -18 -9 19 14 -8 0 -1
-21 11 -2 -30 -3 20 -19 3 4 15 20 30 -7 -17 13 -14 0 -25 5 16 -19 0 -18 -16 1 -4 4 -6 -5 -1 30 27 -4 32 29 1 9 9 -19 -13 -9 -7 0 -4 6 21 1 -15 -7 -5 0 -7 38 -11 -22 16 1 -18 -9 19 14 -8 0 -1
-21 11 -2 -30 -3 20 -19 3 4 15 20 30 -7 -17 13 -14 0 -25 5 16 -19 0 -18 -16 1 -4 4 -6 -5 -1 30 27 -4 32 29 1 9 9 -19 -13 -9 -7 0 -4 6 21 1 -15 -7 -5 0 -7 38 -11 -22 16 1 -18 -9 19 14 -8 0 -1
-21 11 -2 -30 -3 20 -19 3 4 15 20 30 -7 -17 13 -14 0 -25 5 16 -19 0 -18 -16 1 -4 4 -6 -5 -1 30 27 -4 32 29 1 9 9 -19 -13 -9 -7 0 -4 6 21 1 -15 -7 -5 0 -7 38 -11 -22 16 1 -18 -9 19 14 -8 0 -1
-21 11 -2 -30 -3 20 -19 3 4 15 20 30 -7 -17 13 -14 0 -25 5 16 -19 0 -18 -16 1 -4 4 -6 -5 -1 30 27 -4 32 29 1 9 9 -19 -13 -9 -7 0 -4 6 21 1 -15 -7 -5 0 -7 38 -11 -22 16 1 -18 -9 19 14 -8 0 -1
-21 11 -2 -30 -3 20 -19 3 4 15 20 30 -7 -17 13 -14 0 -25 5 16 -19 0 -18 -16 1 -4 4 -6 -5 -1 30 27 -4 32 29 1 9 9 -19 -13 -9 -7 0 -4 6 21 1 -15 -7 -5 0 -7 38 -11 -22 16 1 -18 -9 19 14 -8 0 -1
-21 11 -2 -30 -3 20 -19 3 4 15 20 30 -7 -17 13 -14 0 -25 5 16 -19 0 -18 -16 1 -4 4 -6 -5 -1 30 27 -4 32 29 1 9 9 -19 -13 -9 -7 0 -4 6 21 1 -15 -7 -5 0 -7 38 -11 -22 16 1 -18 -9 19 14 -8 0 -1
-21 11 -2 -30 -3 20 -19 3 4 15 20 30 -7 -17 13 -14 0 -25 5 16 -19 0 -18 -16 1 -4 4 -6 -5 -1 30 27 -4 32 29 1 9 9 -19 -13 -9 -7 0 -4 6 21 1 -15 -7 -5 0 -7 38 -11 -22 16 1 -18 -9 19 14 -8 0 -1
-21 11 -2 -30 -3 20 -19 3 4 15 20 30 -7 -17 13 -14 0 -25 5 16 -19 0 -18 -16 1 -4 4 -6 -5 -1 30 27 -4 32 29 1 9 9 -19 -13 -9 -7 0 -4 6 21 1 -15 -7 -5 0 -7 38 -11 -22 16 1 -18 -9 19 14 -8 0 -1
-21 11 -2 -30 -3 20 -19 3 4 15 20 30 -7 -17 13 -14 0 -25 5 16 -19 0 -18 -16 1 -4 4 -6 -5 -1 30 27 -4 32 29 1 9 9 -19 -13 -9 -7 0 -4 6 21 1 -15 -7 -5 0 -7 38 -11 -22 16 1 -18 -9 19 14 -8 0 -1
-21 11 -2 -30 -3 20 -19 3 4 15 20 30 -7 -17 13 -14 0 -25 5 16 -19 0 -18 -16 1 -4 4 -6 -5 -1 30 27 -4 32 29 1 9 9 -19 -13 -9 -7 0 -4 6 21 1 -15 -7 -5 0 -7 38 -11 -22 16 1 -18 -9 19 14 -8 0 -1
-21 11 -2 -30 -3 20 -19 3 4 15 20 30 -7 -17 13 -14 0 -25 5 16 -19 0 -18 -16 1 -4 4 -6 -5 -1 30 27 -4 32 29 1 9 9 -19 -13 -9 -7 0 -4 6 21 1 -15 -7 -5 0 -7 38 -11 -22 16 1 -18 -9 19 14 -8 0 -1
-21 11 -2 -30 -3 20 -19 3 4 15 20 30 -7 -17 13 -14 0 -25 5 16 -19 0 -18 -16 1 -4 4 -6 -5 -1 30 27 -4 32 29 1 9 9 -19 -13 -9 -7 0 -4 6 21 1 -15 -7 -5 0 -7 38 -11 -22 16 1 -18 -9 19 14 -8 0 -1
-21 11 -2 -30 -3 20 -19 3 4 15 20 30 -7 -17 13 -14 0 -25 5 16 -19 0 -18 -16 1 -4 4 -6 -5 -1 30 27 -4 32 29 1 9 9 -19 -13 -9 -7 0 -4 6 21 1 -15 -7 -5 0 -7 38 -11 -22 16 1 -18 -9 19 14 -8 0 -1
-21 11 -2 -30 -3 20 -19 3 4 15 20 30 -7 -17 13 -14 0 -25 5 16 -19 0 -18 -16 1 -4 4 -6 -5 -1 30 27 -4 32 29 1 9 9 -19 -13 -9 -7 0 -4 6 21 1 -15 -7 -5 0 -7 38 -11 -22 16 1 -18 -9 19 14 -8 0 -1
-21 11 -2 -30 -3 20 -19 3 4 15 20 30 -7 -17 13 -14 0 -25 5 16 -19 0 -18 -16 1 -4 4 -6 -5 -1 30 27 -4 32 29 1 9 9 -19 -13 -9 -7 0 -4 6 21 1 -15 -7 -5 0 -7 38 -11 -22 16 1 -18 -9 19 14 -8 0 -1
-21 11 -2 -30 -3 20 -19 3 4 15 20 30 -7 -17 13 -14 0 -25 5 16 -19 0 -18 -16 1 -4 4 -6 -5 -1 30 27 -4 32 29 1 9 9 -19 -13 -9 -7 0 -4 6 21 1 -15 -7 -5 0 -7 38 -11 -22 16 1 -18 -9 19 14 -8 0 -1
-21 11 -2 -30 -3 20 -19 3 4 15 20 30 -7 -17 13 -14 0 -25 5 16 -19 0 -18 -16 1 -4 4 -6 -5 -1 30 27 -4 32 29 1 9 9 -19 -13 -9 -7 0 -4 6 21 1 -15 -7 -5 0 -7 38 -11 -22 16 1 -18 -9 19 14 -8 0 -1
-21 11 -2 -30 -3 20 -19 3 4 15 20 30 -7 -17 13 -14 0 -25 5 16 -19 0 -18 -16 1 -4 4 -6 -5 -1 30 27 -4 32 29 1 9 9 -19 -13 -9 -7 0 -4 6 21 1 -15 -7 -5 0 -7 38 -11 -22 16 1 -18 -9 19 14 -8 0 -1
-21 11 -2 -30 -3 20 -19 3 4 15 20 30 -7 -17 13 -14 0 -25 5 16 -19 0 -18 -16 1 -4 4 -6 -5 -1 30 27 -4 32 29 1 9 9 -19 -13 -9 -7 0 -4 6 21 1 -15 -7 -5 0 -7 38 -11 -22 16 1 -18 -9 19 14 -8 0 -1
-21 11 -2 -30 -3 20 -19 3 4 15 20 30 -7 -17 13 -14 0 -25 5 16 -19 0 -18 -16 1 -4 4 -6 -5 -1 30 27 -4 32 29 1 9 9 -19 -13 -9 -7 0 -4 6 21 1 -15 -7 -5 0 -7 38 -11 -22 16 1 -18 -9 19 14 -8 0 -1
-21 11 -2 -30 -3 20 -19 3 4 15 20 30 -7 -17 13 -14 0 -25 5 16 -19 0 -18 -16 1 -4 4 -6 -5 -1 30 27 -4 32 29 1 9 9 -19 -13 -9 -7 0 -4 6 21 1 -15 -7 -5 0 -7 38 -11 -22 16 1 -18 -9 19 14 -8 0 -1
-21 11 -2 -30 -3 20 -19 3 4 15 20 30 -7 -17 13 -14 0 -25 5 16 -19 0 -18 -16 1 -4 4 -6 -5 -1 30 27 -4 32 29 1 9 9 -19 -13 -9 -7 0 -4 6 21 1 -15 -7 -5 0 -7 38 -11 -22 16 1 -18 -9 19 14 -8 0 -1
-21 11 -2 -30 -3 20 -19 3 4 15 20 30 -7 -17 13 -14 0 -25 5 16 -19 0 -18 -16 1 -4 4 -6 -5 -1 30 27 -4 32 29 1 9 9 -19 -13 -9 -7 0 -4 6 21 1 -15 -7 -5 0 -7 38 -11 -22 16 1 -18 -9 19 14 -8 0 -1
-21 11 -2 -30 -3 20 -19 3 4 15 20 30 -7 -17 13 -14 0 -25 5 16 -19 0 -18 -16 1 -4 4 -6 -5 -1 30 27 -4 32 29 1 9 9 -19 -13 -9 -7 0 -4 6 21 1 -15 -7 -5 0 -7 38 -11 -22 16 1 -18 -9 19 14 -8 0 -1
-21 11 -2 -30 -3 20 -19 3 4 15 20 30 -7 -17 13 -14 0 -25 5 16 -19 0 -18 -16 1 -4 4 -6 -5 -1 30 27 -4 32 29 1 9 9 -19 -13 -9 -7 0 -4 6 21 1 -15 -7 -5 0 -7 38 -11 -22 16 1 -18 -9 19 14 -8 0 -1
-21 11 -2 -30 -3 20 -19 3 4 15 20 30 -7 -17 13 -14 0 -25 5 16 -19 0 -18 -16 1 -4 4 -6 -5 -1 30 27 -4 32 29 1 9 9 -19 -13 -9 -7 0 -4 6 21 1 -15 -7 -5 0 -7 38 -11 -22 16 1 -18 -9 19 14 -8 0 -1
-21 11 -2 -30 -3 20 -19 3 4 15 20 30 -7 -17 13 -14 0 -25 5 16 -19 0 -18 -16 1 -4 4 -6 -5 -1 30 27 -4 32 29 1 9 9 -19 -13 -9 -7 0 -4 6 21 1 -15 -7 -5 0 -7 38 -11 -22 16 1 -18 -9 19 14 -8 0 -1
-21 11 -2 -30 -3 20 -19 3 4 15 20 30 -7 -17 13 -14 0 -25 5 16 -19 0 -18 -16 1 -4 4 -6 -5 -1 30 27 -4 32 29 1 9 9 -19 -13 -9 -7 0 -4 6 21 1 -15 -7 -5 0 -7 38 -11 -22 16 1 -18 -9 19 14 -8 0 -1
-21 11 -2 -30 -3 20 -19 3 4 15 20 30 -7 -17 13 -14 0 -25 5 16 -19 0 -18 -16 1 -4 4 -6 -5 -1 30 27 -4 32 29 1 9 9 -19 -13 -9 -7 0 -4 6 21 1 -15 -7 -5 0 -7 38 -11 -22 16 1 -18 -9 19 14 -8 0 -1
-21 11 -2 -30 -3 20 -19 3 4 15 20 30 -7 -17 13 -14 0 -25 5 16 -19 0 -18 -16 1 -4 4 -6 -5 -1 30 27 -4 32 29 1 9 9 -19 -13 -9 -7 0 -4 6 21 1 -15 -7 -5 0 -7 38 -11 -22 16 1 -18 -9 19 14 -8 0 -1
-21 11 -2 -30 -3 20 -19 3 4 15 20 30 -7 -17 13 -14 0 -25 5 16 -19 0 -18 -16 1 -4 4 -6 -5 -1 30 27 -4 32 29 1 9 9 -19 -13 -9 -7 0 -4 6 21 1 -15 -7 -5 0 -7 38 -11 -22 16 1 -18 -9 19 14 -8 0 -1
-21 11 -2 -30 -3 20 -19 3 4 15 20 30 -7 -17 13 -14 0 -25 5 16 -19 0 -18 -16 1 -4 4 -6 -5 -1 30 27 -4 32 29 1 9 9 -19 -13 -9 -7 0 -4 6 21 1 -15 -7 -5 0 -7 38 -11 -22 16 1 -18 -9 19 14 -8 0 -1
-21 11 -2 -30 -3 20 -19 3 4 15 20 30 -7 -17 13 -14 0 -25 5 16 -19 0 -18 -16 1 -4 4 -6 -5 -1 30 27 -4 32 29 1 9 9 -19 -13 -9 -7 0 -4 6 21 1 -15 -7 -5 0 -7 38 -11 -22 16 1 -18 -9 19 14 -8 0 -1
-21 11 -2 -30 -3 20 -19 3 4 15 20 30 -7 -17 13 -14 0 -25 5 16 -19 0 -18 -16 1 -4 4 -6 -5 -1 30 27 -4 32 29 1 9 9 -19 -13 -9 -7 0 -4 6 21 1 -15 -7 -5 0 -7 38 -11 -22 16 1 -18 -9 19 14 -8 0 -1
-21 11 -2 -30 -3 20 -19 3 4 15 20 30 -7 -17 13 -14 0 -25 5 16 -19 0 -18 -16 1 -4 4 -6 -5 -1 30 27 -4 32 29 1 9 9 -19 -13 -9 -7 0 -4 6 21 1 -15 -7 -5 0 -7 38 -11 -22 16 1 -18 -9 19 14 -8 0 -1
-21 11 -2 -30 -3 20 -19 3 4 15 20 30 -7 -17 13 -14 0 -25 5 16 -19 0 -18 -16 1 -4 4 -6 -5 -1 30 27 -4 32 29 1 9 9 -19 -13 -9 -7 0 -4 6 21 1 -15 -7 -5 0 -7 38 -11 -22 16 1 -18 -9 19 14 -8 0 -1
