-1 -1 -13 -5 -9 -4 2 10 1 4 3 -4 37 -1 3 -2 -14 2 14 -1 -2 -10 -5 -1 -1 -2 -12 7 -12 20 2 -6 11 -2 -22 -11 -3 3 -4 4 -4 14 -4 -9 -8 -2 7 -3 10 2 8 11 3 2 2 6 6 1 8 13 4 5 -8 -2
-8 -23 -14 -11 3 2 0 27 -12 -10 -9 -10 56 3 0 8 8 -5 13 7 -6 -39 -3 -1 -6 -10 6 -19 -7 18 -30 -3 22 24 -2 -4 -21 7 -5 -2 9 6 -4 0 8 4 11 -12 -6 24 -10 -32 15 -13 1 19 6 -16 3 -9 -8 -4 -9 16
-20 -33 -33 -23 1 13 12 23 -10 4 -13 -6 53 14 3 1 -12 -1 19 -4 9 -30 6 7 -8 -10 -8 -12 -13 -4 -50 -17 21 43 -5 -1 -12 15 -17 0 3 -8 9 -10 13 3 22 -11 -10 4 -6 -11 18 -13 0 -7 18 -27 -25 -12 -9 -11 -10 20
-6 -23 -27 -18 11 19 11 22 -4 -4 6 -10 61 -6 -17 -3 -2 4 0 -7 -6 -19 21 8 2 -3 -10 -12 -27 -15 -58 -19 29 29 -28 -9 -19 4 -5 15 19 -2 14 -10 19 -4 21 -4 -8 -3 -11 -12 21 -10 13 -2 8 -28 -28 -12 12 -26 -20 11
2 -28 -10 -6 -15 23 12 5 -9 -8 -9 -7 48 -6 0 2 -3 -1 11 0 -9 -9 10 4 -15 0 -6 0 -18 -17 -40 -11 33 36 -26 16 -28 12 6 -7 28 -5 9 8 25 -7 5 -6 -18 -13 1 -10 12 -2 11 -3 17 -11 -12 -19 11 -19 -8 6
-6 -44 -15 -16 -11 8 10 3 6 -23 -4 -1 57 -5 4 10 -6 -1 20 -7 -14 -10 17 17 -5 -14 -19 -5 -27 -29 -49 -16 26 34 -16 -4 -5 6 -15 6 25 0 7 0 -4 -10 8 3 -12 -19 -9 2 7 -20 14 0 5 -8 -15 -9 9 -10 -4 13
-22 -30 6 -18 -11 31 5 13 -9 -20 4 0 59 -13 -3 -3 2 -13 10 0 -7 -4 25 19 -19 -13 -7 4 -24 -24 -50 -3 17 50 -21 -13 -26 1 -17 9 -3 3 10 -13 -3 -8 13 -11 -3 2 -14 -1 -3 -22 16 6 8 10 -9 -24 9 -6 25 8
-12 -26 -16 -25 -7 17 15 5 -4 -13 7 8 57 -8 -9 -8 13 1 -5 -12 -10 -12 24 10 -18 4 -15 -8 -26 -10 -38 -10 35 39 -12 -9 -19 0 -17 11 14 5 26 -22 -5 -5 14 -9 -10 4 -20 -10 13 1 20 7 12 -10 -16 -23 4 3 4 12
-18 -24 -12 -25 -6 21 17 23 -9 2 -10 -8 53 4 -10 -4 2 -3 -3 -9 11 -18 16 22 -15 14 -19 -9 -14 -8 -46 2 28 33 -5 -6 -16 26 -11 5 15 -10 22 -24 25 -3 19 -18 -13 -10 -14 -19 28 -8 31 9 25 -19 -11 -23 -2 -12 -1 30
12 -17 -9 -19 -5 26 -18 15 1 -12 -4 0 70 23 4 19 11 -10 -6 -6 11 -38 5 8 -13 24 -26 -9 18 14 -50 -4 -8 4 4 -10 -30 27 -8 2 -15 -30 20 -5 40 11 -1 1 -8 6 0 -35 23 10 24 -2 1 -15 15 -20 4 -13 7 18
-21 -37 -26 -11 -1 17 19 33 -23 -4 -4 -1 53 1 -1 -5 -6 4 2 -5 -4 -18 17 9 -5 6 -12 -15 -5 1 -44 -6 20 20 2 -2 -21 37 -14 15 20 -19 13 -9 24 -5 9 -7 -12 -15 -20 -20 20 -8 21 4 19 -30 -15 -23 2 -19 2 24
-23 -39 -18 -12 8 23 16 35 -10 -1 -1 4 63 10 -12 -5 -11 2 22 -18 8 -15 19 6 -16 6 -7 -1 -10 -14 -58 -19 22 20 8 5 -10 37 -17 10 28 -12 12 -10 24 -15 -10 -8 -22 -23 -8 -20 33 1 8 8 4 -6 -13 -17 -9 -2 5 28
-19 -20 -9 -8 1 23 5 32 -9 -7 -14 8 62 -5 -8 4 -9 6 18 -15 5 -17 22 19 0 -14 -9 -16 -7 -5 -56 -5 32 19 -3 -4 -6 13 -10 5 20 -9 18 -8 37 -8 10 -6 -29 6 5 -25 15 -19 10 10 4 -12 -23 -4 -2 -18 -21 7
-12 -33 6 -23 -4 7 12 14 0 -17 -11 16 50 -5 -2 -7 -9 -5 15 -14 -6 -17 12 17 -11 -9 -9 -16 2 -9 -34 -15 40 21 -16 0 -14 12 -4 -6 23 -7 13 -11 15 -5 7 1 -35 3 0 -14 15 -10 4 3 14 -8 -21 -6 2 -4 -17 7
-6 -23 9 -24 -11 23 1 1 7 -9 -29 -6 71 26 -6 16 -13 2 22 -5 14 -24 1 5 -14 0 -5 -14 3 -17 -57 -3 25 27 -13 -10 0 18 9 5 13 5 14 -14 41 2 9 16 -25 -17 -5 -24 17 1 7 18 -9 -2 -7 -15 3 -15 -24 23
-14 -31 0 -22 -7 26 3 29 -12 -18 -17 2 65 1 -17 -3 -7 7 19 -6 7 -14 16 22 -1 -10 -4 -20 3 -21 -49 -8 40 27 -2 -9 8 17 -12 18 31 1 11 -22 19 -7 16 3 -26 -2 -23 -20 18 -12 -2 0 4 -8 -17 -11 9 -20 -21 19
-4 -18 11 -30 -17 33 3 20 -1 -22 -6 2 59 -4 -18 4 -5 -10 18 5 -10 -7 14 8 -29 13 -3 -23 -24 -17 -53 -16 28 12 -12 -12 -9 23 0 4 24 0 -3 -22 19 -17 11 9 -18 -3 -7 -22 28 -4 20 5 8 -6 -5 -33 11 -22 13 17
-23 -18 4 -27 -7 27 6 23 -2 -13 -8 -1 57 -9 -26 0 -10 -5 21 4 -1 -11 11 17 -8 5 -12 -18 -18 -16 -54 -5 41 28 -15 -3 0 16 -20 11 10 10 16 -15 21 -18 6 3 -21 -7 -14 -22 27 -8 15 0 13 7 -7 -35 12 -19 -8 16
-11 -16 2 -35 -4 22 16 31 -5 -13 9 10 57 -15 -15 -5 -12 -8 16 -11 -9 -7 10 18 -30 7 -9 -16 -4 -4 -47 -12 31 23 -21 -12 -1 6 -36 24 20 -7 2 -15 1 -15 17 -2 -13 2 -15 -20 11 -9 13 1 15 0 -18 -29 11 -8 2 19
-11 -28 -3 -27 -18 36 17 24 -14 -7 6 13 65 -15 -2 7 -5 -13 25 -14 -2 -4 14 19 -31 -15 -13 -20 -9 2 -43 -4 31 20 -9 0 -2 6 -19 10 22 -4 15 -9 14 -18 2 -4 -13 9 -21 -27 21 -2 5 11 5 -2 -1 -20 -6 -3 6 25
-16 -24 -3 -25 -7 27 16 23 -18 -13 -7 14 61 -12 -13 -12 1 -2 20 -14 1 -19 19 12 -22 0 -12 -21 -7 6 -36 -22 34 23 0 3 -5 9 -18 9 22 8 21 -26 10 -19 9 -5 -13 11 -14 -21 24 3 11 3 -1 -5 -8 -20 -13 -4 -13 17
-13 -19 -4 -30 3 39 13 1 -12 -5 -15 -11 63 18 22 16 -5 11 20 -10 26 -35 -5 -3 -13 -12 -3 -33 7 9 -66 -11 19 23 10 -1 -2 13 -20 -2 -4 -14 17 -21 23 2 5 7 -20 6 2 -30 35 -10 8 -10 1 -22 9 -20 1 1 -21 27
12 -7 -5 -2 -1 -5 -2 -2 1 6 7 5 27 3 8 -16 1 7 2 5 4 -7 -11 13 5 0 -1 2 -9 8 13 -9 -12 -2 -1 -7 3 2 4 2 7 5 5 2 -5 -2 3 2 20 3 17 2 1 5 -9 1 -13 14 2 3 13 2 -3 -11
-3 -17 -13 -10 3 -2 13 9 -14 -5 -8 -8 42 13 10 2 4 -3 15 -1 11 -19 -14 1 14 18 -17 -5 11 -2 -50 2 26 20 -7 0 -22 7 -12 12 -1 2 -16 1 31 -13 25 5 -1 11 2 4 11 -4 0 -11 12 -19 -14 -24 16 -29 -20 -8
-11 -26 -15 -7 2 -3 7 1 3 -5 -8 -16 55 21 6 -10 0 -5 20 -6 3 -29 -7 -5 18 -2 -10 -7 5 -15 -69 -10 9 27 -9 -7 -21 5 -16 19 2 3 -12 -13 21 -4 23 -5 1 3 -20 7 7 -12 -1 -17 2 -26 -3 -34 1 -11 -19 2
-2 -17 -28 -8 7 20 6 10 1 -3 1 -9 59 15 0 -11 -4 -6 17 -8 2 -19 7 13 0 -3 -1 -3 3 -5 -69 -5 22 16 -26 -7 -22 1 -14 20 7 -2 -5 -1 27 -1 17 -7 -9 4 -10 6 13 -15 5 -1 10 -27 -20 -44 8 -30 -20 9
0 -19 -9 -4 -11 14 -6 -13 6 -7 5 -1 56 0 1 -1 0 -11 10 -9 -18 -21 8 15 -2 15 2 14 2 -32 -49 1 15 7 -34 -1 -27 1 -8 2 20 -13 -11 11 23 -13 1 -12 -8 -9 7 -1 7 -14 10 -11 11 0 -14 -52 6 -11 1 5
-14 -26 -21 -9 -2 14 3 4 8 -15 18 2 57 -11 4 7 1 -8 21 -23 -25 -16 7 24 -1 7 -11 0 -7 -17 -44 1 21 6 -25 -16 -18 -2 -31 13 11 -16 -7 1 -9 -8 15 -5 -3 4 -8 1 3 -22 15 -3 15 6 -9 -34 7 -9 9 3
-17 -17 -25 -6 -7 31 13 17 -22 -1 16 0 68 -10 4 3 2 -15 16 -19 -6 -9 15 22 -17 -7 -15 15 -3 10 -40 11 22 13 -14 4 -25 1 -31 22 1 -15 0 0 0 -8 10 -21 -3 14 -2 -19 9 -18 11 -1 7 8 -6 -35 8 8 7 12
-17 -22 -37 0 -11 20 20 3 -21 -4 3 9 61 1 -5 -9 19 -10 12 -19 -4 -11 17 19 -13 9 -22 -6 -4 10 -42 0 32 19 -16 -6 -26 -1 -19 0 16 -6 14 -10 9 4 4 -4 -18 17 -9 -10 16 -1 14 15 6 -22 -19 -36 3 -6 -7 12
-27 -19 -33 -2 -7 11 12 13 -24 6 -1 -13 56 6 -8 -4 2 -7 24 -5 4 -25 2 10 0 4 -16 -3 -8 11 -52 0 21 15 -8 -2 -17 12 -18 4 11 -13 16 -7 25 -4 -3 -5 -3 7 2 -13 16 -13 20 16 10 -25 -14 -29 3 -16 -13 9
-23 -26 -15 -1 1 10 14 8 -11 2 2 -13 42 -2 -3 -5 -1 3 18 -8 -2 -22 -4 14 3 6 -3 -5 -3 2 -38 -3 12 8 -10 6 -24 14 -22 4 20 -9 -6 2 21 -6 10 -1 -8 -5 -7 -10 10 -11 10 5 12 -18 -9 -29 4 -6 -6 13
-35 -38 -31 9 13 12 20 20 -6 6 2 -4 70 7 2 -8 -9 -6 43 -12 0 -16 1 7 -12 11 -12 -1 5 -9 -49 -9 19 4 -2 6 -14 19 -33 1 24 -2 15 -4 12 -7 1 -8 -15 -21 0 -4 9 -9 11 3 4 -22 -10 -27 -4 1 -19 10
-24 -21 -14 4 9 15 14 13 -2 -8 -9 -2 51 4 -15 -7 -8 -1 22 -13 -3 -16 4 22 7 -7 -6 -13 6 -12 -48 -8 29 16 -17 1 -12 10 -13 -1 29 3 -5 -5 31 -3 21 4 -25 0 1 2 3 -20 4 10 6 -14 -22 -18 6 -24 -27 7
-4 -17 -5 -14 -10 24 6 6 3 -15 -6 2 59 -2 -13 -4 -8 -11 20 0 -15 -12 10 12 -26 11 4 -8 -14 -12 -53 -4 24 9 -30 -12 -19 14 -19 4 24 4 -11 -13 17 -13 9 -9 -8 -13 0 -5 13 -10 25 1 8 -10 -15 -43 10 -4 -6 7
-26 -18 -12 -11 -2 18 14 6 -2 -17 -1 0 51 -5 -16 -2 -11 -9 25 2 4 -16 7 20 -6 11 -2 -4 -4 -15 -54 2 31 16 -22 -6 -17 6 -29 1 6 10 0 -12 25 -12 16 -4 -23 -2 -1 -1 12 -18 13 -3 10 -3 -14 -43 9 -9 -18 0
-19 -18 -6 -28 -4 19 15 15 4 -19 7 6 52 -9 -10 -12 -4 -7 19 -10 -16 -8 6 23 -17 9 -9 -6 -1 -12 -47 2 30 9 -27 -14 -7 2 -31 20 20 1 -10 -11 -2 -13 26 -12 -13 -7 -16 -3 2 -18 7 0 12 3 -20 -43 7 -3 -1 8
-21 -20 2 -17 -17 31 14 13 -3 -12 10 5 54 -10 -5 -2 4 -9 29 -14 -7 -6 13 22 -26 -3 -10 -13 -1 11 -39 -8 25 21 -12 0 -17 -4 -29 12 15 -5 5 -5 2 -9 15 -17 -19 11 -9 -8 13 -11 5 3 6 0 -4 -28 0 -5 -1 12
-16 -21 -18 -17 -6 17 15 10 -19 -10 0 10 59 -14 -4 -13 8 -5 16 -14 2 -27 18 14 -17 10 -19 -9 4 10 -46 -11 28 14 -17 0 -12 -2 -37 8 23 6 12 -18 8 -13 11 -12 -18 16 -6 -12 16 -5 9 10 2 -11 -16 -40 -8 5 -17 13
-9 -6 -10 -15 2 36 21 10 -13 6 -2 -2 66 18 11 2 -2 8 22 -22 12 -34 -2 5 -24 1 -14 -22 11 23 -70 -6 9 22 12 1 2 17 -30 3 -1 -7 12 -16 14 6 5 -5 -13 14 -7 -30 37 -13 2 -9 -1 -7 15 -39 4 6 -22 19
13 -7 -6 -1 -1 -6 -3 -2 1 6 7 5 28 3 8 -16 1 7 2 5 4 -7 -12 13 5 0 -1 1 -9 8 14 -9 -12 -2 -1 -7 3 2 4 3 7 5 4 2 -5 -2 4 2 20 3 17 1 1 4 -9 1 -13 15 2 3 13 2 -2 -11
7 -24 -14 -10 5 16 15 21 -6 22 -16 -14 61 18 20 1 29 -18 10 -17 -7 -11 0 -6 -2 2 -2 -13 28 15 -19 -7 36 29 0 14 3 21 2 13 -7 -2 8 14 37 17 30 -9 4 17 -13 3 29 -1 -6 -15 18 9 -8 -9 17 -21 -22 11
7 -24 -14 -10 5 16 15 21 -6 22 -16 -14 61 18 20 1 29 -18 10 -17 -7 -11 0 -6 -2 2 -2 -13 28 15 -19 -7 36 29 0 14 3 21 2 13 -7 -2 8 14 37 17 30 -9 4 17 -13 3 29 -1 -6 -15 18 9 -8 -9 17 -21 -22 11
7 -24 -14 -10 5 16 15 21 -6 22 -16 -14 61 18 20 1 29 -18 10 -17 -7 -11 0 -6 -2 2 -2 -13 28 15 -19 -7 36 29 0 14 3 21 2 13 -7 -2 8 14 37 17 30 -9 4 17 -13 3 29 -1 -6 -15 18 9 -8 -9 17 -21 -22 11
7 -24 -14 -10 5 16 15 21 -6 22 -16 -14 61 18 20 1 29 -18 10 -17 -7 -11 0 -6 -2 2 -2 -13 28 15 -19 -7 36 29 0 14 3 21 2 13 -7 -2 8 14 37 17 30 -9 4 17 -13 3 29 -1 -6 -15 18 9 -8 -9 17 -21 -22 11
7 -24 -14 -10 5 16 15 21 -6 22 -16 -14 61 18 20 1 29 -18 10 -17 -7 -11 0 -6 -2 2 -2 -13 28 15 -19 -7 36 29 0 14 3 21 2 13 -7 -2 8 14 37 17 30 -9 4 17 -13 3 29 -1 -6 -15 18 9 -8 -9 17 -21 -22 11
7 -24 -14 -10 5 16 15 21 -6 22 -16 -14 61 18 20 1 29 -18 10 -17 -7 -11 0 -6 -2 2 -2 -13 28 15 -19 -7 36 29 0 14 3 21 2 13 -7 -2 8 14 37 17 30 -9 4 17 -13 3 29 -1 -6 -15 18 9 -8 -9 17 -21 -22 11
7 -24 -14 -10 5 16 15 21 -6 22 -16 -14 61 18 20 1 29 -18 10 -17 -7 -11 0 -6 -2 2 -2 -13 28 15 -19 -7 36 29 0 14 3 21 2 13 -7 -2 8 14 37 17 30 -9 4 17 -13 3 29 -1 -6 -15 18 9 -8 -9 17 -21 -22 11
7 -24 -14 -10 5 16 15 21 -6 22 -16 -14 61 18 20 1 29 -18 10 -17 -7 -11 0 -6 -2 2 -2 -13 28 15 -19 -7 36 29 0 14 3 21 2 13 -7 -2 8 14 37 17 30 -9 4 17 -13 3 29 -1 -6 -15 18 9 -8 -9 17 -21 -22 11
7 -24 -14 -10 5 16 15 21 -6 22 -16 -14 61 18 20 1 29 -18 10 -17 -7 -11 0 -6 -2 2 -2 -13 28 15 -19 -7 36 29 0 14 3 21 2 13 -7 -2 8 14 37 17 30 -9 4 17 -13 3 29 -1 -6 -15 18 9 -8 -9 17 -21 -22 11
7 -24 -14 -10 5 16 15 21 -6 22 -16 -14 61 18 20 1 29 -18 10 -17 -7 -11 0 -6 -2 2 -2 -13 28 15 -19 -7 36 29 0 14 3 21 2 13 -7 -2 8 14 37 17 30 -9 4 17 -13 3 29 -1 -6 -15 18 9 -8 -9 17 -21 -22 11
7 -24 -14 -10 5 16 15 21 -6 22 -16 -14 61 18 20 1 29 -18 10 -17 -7 -11 0 -6 -2 2 -2 -13 28 15 -19 -7 36 29 0 14 3 21 2 13 -7 -2 8 14 37 17 30 -9 4 17 -13 3 29 -1 -6 -15 18 9 -8 -9 17 -21 -22 11
7 -24 -14 -10 5 16 15 21 -6 22 -16 -14 61 18 20 1 29 -18 10 -17 -7 -11 0 -6 -2 2 -2 -13 28 15 -19 -7 36 29 0 14 3 21 2 13 -7 -2 8 14 37 17 30 -9 4 17 -13 3 29 -1 -6 -15 18 9 -8 -9 17 -21 -22 11
7 -24 -14 -10 5 16 15 21 -6 22 -16 -14 61 18 20 1 29 -18 10 -17 -7 -11 0 -6 -2 2 -2 -13 28 15 -19 -7 36 29 0 14 3 21 2 13 -7 -2 8 14 37 17 30 -9 4 17 -13 3 29 -1 -6 -15 18 9 -8 -9 17 -21 -22 11
7 -24 -14 -10 5 16 15 21 -6 22 -16 -14 61 18 20 1 29 -18 10 -17 -7 -11 0 -6 -2 2 -2 -13 28 15 -19 -7 36 29 0 14 3 21 2 13 -7 -2 8 14 37 17 30 -9 4 17 -13 3 29 -1 -6 -15 18 9 -8 -9 17 -21 -22 11
7 -24 -14 -10 5 16 15 21 -6 22 -16 -14 61 18 20 1 29 -18 10 -17 -7 -11 0 -6 -2 2 -2 -13 28 15 -19 -7 36 29 0 14 3 21 2 13 -7 -2 8 14 37 17 30 -9 4 17 -13 3 29 -1 -6 -15 18 9 -8 -9 17 -21 -22 11
7 -24 -14 -10 5 16 15 21 -6 22 -16 -14 61 18 20 1 29 -18 10 -17 -7 -11 0 -6 -2 2 -2 -13 28 15 -19 -7 36 29 0 14 3 21 2 13 -7 -2 8 14 37 17 30 -9 4 17 -13 3 29 -1 -6 -15 18 9 -8 -9 17 -21 -22 11
7 -24 -14 -10 5 16 15 21 -6 22 -16 -14 61 18 20 1 29 -18 10 -17 -7 -11 0 -6 -2 2 -2 -13 28 15 -19 -7 36 29 0 14 3 21 2 13 -7 -2 8 14 37 17 30 -9 4 17 -13 3 29 -1 -6 -15 18 9 -8 -9 17 -21 -22 11
7 -24 -14 -10 5 16 15 21 -6 22 -16 -14 61 18 20 1 29 -18 10 -17 -7 -11 0 -6 -2 2 -2 -13 28 15 -19 -7 36 29 0 14 3 21 2 13 -7 -2 8 14 37 17 30 -9 4 17 -13 3 29 -1 -6 -15 18 9 -8 -9 17 -21 -22 11
7 -24 -14 -10 5 16 15 21 -6 22 -16 -14 61 18 20 1 29 -18 10 -17 -7 -11 0 -6 -2 2 -2 -13 28 15 -19 -7 36 29 0 14 3 21 2 13 -7 -2 8 14 37 17 30 -9 4 17 -13 3 29 -1 -6 -15 18 9 -8 -9 17 -21 -22 11
7 -24 -14 -10 5 16 15 21 -6 22 -16 -14 61 18 20 1 29 -18 10 -17 -7 -11 0 -6 -2 2 -2 -13 28 15 -19 -7 36 29 0 14 3 21 2 13 -7 -2 8 14 37 17 30 -9 4 17 -13 3 29 -1 -6 -15 18 9 -8 -9 17 -21 -22 11
7 -24 -14 -10 5 16 15 21 -6 22 -16 -14 61 18 20 1 29 -18 10 -17 -7 -11 0 -6 -2 2 -2 -13 28 15 -19 -7 36 29 0 14 3 21 2 13 -7 -2 8 14 37 17 30 -9 4 17 -13 3 29 -1 -6 -15 18 9 -8 -9 17 -21 -22 11
7 -24 -14 -10 5 16 15 21 -6 22 -16 -14 61 18 20 1 29 -18 10 -17 -7 -11 0 -6 -2 2 -2 -13 28 15 -19 -7 36 29 0 14 3 21 2 13 -7 -2 8 14 37 17 30 -9 4 17 -13 3 29 -1 -6 -15 18 9 -8 -9 17 -21 -22 11
7 -24 -14 -10 5 16 15 21 -6 22 -16 -14 61 18 20 1 29 -18 10 -17 -7 -11 0 -6 -2 2 -2 -13 28 15 -19 -7 36 29 0 14 3 21 2 13 -7 -2 8 14 37 17 30 -9 4 17 -13 3 29 -1 -6 -15 18 9 -8 -9 17 -21 -22 11
7 -24 -14 -10 5 16 15 21 -6 22 -16 -14 61 18 20 1 29 -18 10 -17 -7 -11 0 -6 -2 2 -2 -13 28 15 -19 -7 36 29 0 14 3 21 2 13 -7 -2 8 14 37 17 30 -9 4 17 -13 3 29 -1 -6 -15 18 9 -8 -9 17 -21 -22 11
7 -24 -14 -10 5 16 15 21 -6 22 -16 -14 61 18 20 1 29 -18 10 -17 -7 -11 0 -6 -2 2 -2 -13 28 15 -19 -7 36 29 0 14 3 21 2 13 -7 -2 8 14 37 17 30 -9 4 17 -13 3 29 -1 -6 -15 18 9 -8 -9 17 -21 -22 11
7 -24 -14 -10 5 16 15 21 -6 22 -16 -14 61 18 20 1 29 -18 10 -17 -7 -11 0 -6 -2 2 -2 -13 28 15 -19 -7 36 29 0 14 3 21 2 13 -7 -2 8 14 37 17 30 -9 4 17 -13 3 29 -1 -6 -15 18 9 -8 -9 17 -21 -22 11
7 -24 -14 -10 5 16 15 21 -6 22 -16 -14 61 18 20 1 29 -18 10 -17 -7 -11 0 -6 -2 2 -2 -13 28 15 -19 -7 36 29 0 14 3 21 2 13 -7 -2 8 14 37 17 30 -9 4 17 -13 3 29 -1 -6 -15 18 9 -8 -9 17 -21 -22 11
7 -24 -14 -10 5 16 15 21 -6 22 -16 -14 61 18 20 1 29 -18 10 -17 -7 -11 0 -6 -2 2 -2 -13 28 15 -19 -7 36 29 0 14 3 21 2 13 -7 -2 8 14 37 17 30 -9 4 17 -13 3 29 -1 -6 -15 18 9 -8 -9 17 -21 -22 11
7 -24 -14 -10 5 16 15 21 -6 22 -16 -14 61 18 20 1 29 -18 10 -17 -7 -11 0 -6 -2 2 -2 -13 28 15 -19 -7 36 29 0 14 3 21 2 13 -7 -2 8 14 37 17 30 -9 4 17 -13 3 29 -1 -6 -15 18 9 -8 -9 17 -21 -22 11
7 -24 -14 -10 5 16 15 21 -6 22 -16 -14 61 18 20 1 29 -18 10 -17 -7 -11 0 -6 -2 2 -2 -13 28 15 -19 -7 36 29 0 14 3 21 2 13 -7 -2 8 14 37 17 30 -9 4 17 -13 3 29 -1 -6 -15 18 9 -8 -9 17 -21 -22 11
7 -24 -14 -10 5 16 15 21 -6 22 -16 -14 61 18 20 1 29 -18 10 -17 -7 -11 0 -6 -2 2 -2 -13 28 15 -19 -7 36 29 0 14 3 21 2 13 -7 -2 8 14 37 17 30 -9 4 17 -13 3 29 -1 -6 -15 18 9 -8 -9 17 -21 -22 11
7 -24 -14 -10 5 16 15 21 -6 22 -16 -14 61 18 20 1 29 -18 10 -17 -7 -11 0 -6 -2 2 -2 -13 28 15 -19 -7 36 29 0 14 3 21 2 13 -7 -2 8 14 37 17 30 -9 4 17 -13 3 29 -1 -6 -15 18 9 -8 -9 17 -21 -22 11
7 -24 -14 -10 5 16 15 21 -6 22 -16 -14 61 18 20 1 29 -18 10 -17 -7 -11 0 -6 -2 2 -2 -13 28 15 -19 -7 36 29 0 14 3 21 2 13 -7 -2 8 14 37 17 30 -9 4 17 -13 3 29 -1 -6 -15 18 9 -8 -9 17 -21 -22 11
7 -24 -14 -10 5 16 15 21 -6 22 -16 -14 61 18 20 1 29 -18 10 -17 -7 -11 0 -6 -2 2 -2 -13 28 15 -19 -7 36 29 0 14 3 21 2 13 -7 -2 8 14 37 17 30 -9 4 17 -13 3 29 -1 -6 -15 18 9 -8 -9 17 -21 -22 11
7 -24 -14 -10 5 16 15 21 -6 22 -16 -14 61 18 20 1 29 -18 10 -17 -7 -11 0 -6 -2 2 -2 -13 28 15 -19 -7 36 29 0 14 3 21 2 13 -7 -2 8 14 37 17 30 -9 4 17 -13 3 29 -1 -6 -15 18 9 -8 -9 17 -21 -22 11
7 -24 -14 -10 5 16 15 21 -6 22 -16 -14 61 18 20 1 29 -18 10 -17 -7 -11 0 -6 -2 2 -2 -13 28 15 -19 -7 36 29 0 14 3 21 2 13 -7 -2 8 14 37 17 30 -9 4 17 -13 3 29 -1 -6 -15 18 9 -8 -9 17 -21 -22 11
7 -24 -14 -10 5 16 15 21 -6 22 -16 -14 61 18 20 1 29 -18 10 -17 -7 -11 0 -6 -2 2 -2 -13 28 15 -19 -7 36 29 0 14 3 21 2 13 -7 -2 8 14 37 17 30 -9 4 17 -13 3 29 -1 -6 -15 18 9 -8 -9 17 -21 -22 11
7 -24 -14 -10 5 16 15 21 -6 22 -16 -14 61 18 20 1 29 -18 10 -17 -7 -11 0 -6 -2 2 -2 -13 28 15 -19 -7 36 29 0 14 3 21 2 13 -7 -2 8 14 37 17 30 -9 4 17 -13 3 29 -1 -6 -15 18 9 -8 -9 17 -21 -22 11
7 -24 -14 -10 5 16 15 21 -6 22 -16 -14 61 18 20 1 29 -18 10 -17 -7 -11 0 -6 -2 2 -2 -13 28 15 -19 -7 36 29 0 14 3 21 2 13 -7 -2 8 14 37 17 30 -9 4 17 -13 3 29 -1 -6 -15 18 9 -8 -9 17 -21 -22 11
7 -24 -14 -10 5 16 15 21 -6 22 -16 -14 61 18 20 1 29 -18 10 -17 -7 -11 0 -6 -2 2 -2 -13 28 15 -19 -7 36 29 0 14 3 21 2 13 -7 -2 8 14 37 17 30 -9 4 17 -13 3 29 -1 -6 -15 18 9 -8 -9 17 -21 -22 11
7 -24 -14 -10 5 16 15 21 -6 22 -16 -14 61 18 20 1 29 -18 10 -17 -7 -11 0 -6 -2 2 -2 -13 28 15 -19 -7 36 29 0 14 3 21 2 13 -7 -2 8 14 37 17 30 -9 4 17 -13 3 29 -1 -6 -15 18 9 -8 -9 17 -21 -22 11
7 -24 -14 -10 5 16 15 21 -6 22 -16 -14 61 18 20 1 29 -18 10 -17 -7 -11 0 -6 -2 2 -2 -13 28 15 -19 -7 36 29 0 14 3 21 2 13 -7 -2 8 14 37 17 30 -9 4 17 -13 3 29 -1 -6 -15 18 9 -8 -9 17 -21 -22 11
7 -24 -14 -10 5 16 15 21 -6 22 -16 -14 61 18 20 1 29 -18 10 -17 -7 -11 0 -6 -2 2 -2 -13 28 15 -19 -7 36 29 0 14 3 21 2 13 -7 -2 8 14 37 17 30 -9 4 17 -13 3 29 -1 -6 -15 18 9 -8 -9 17 -21 -22 11
7 -24 -14 -10 5 16 15 21 -6 22 -16 -14 61 18 20 1 29 -18 10 -17 -7 -11 0 -6 -2 2 -2 -13 28 15 -19 -7 36 29 0 14 3 21 2 13 -7 -2 8 14 37 17 30 -9 4 17 -13 3 29 -1 -6 -15 18 9 -8 -9 17 -21 -22 11
7 -24 -14 -10 5 16 15 21 -6 22 -16 -14 61 18 20 1 29 -18 10 -17 -7 -11 0 -6 -2 2 -2 -13 28 15 -19 -7 36 29 0 14 3 21 2 13 -7 -2 8 14 37 17 30 -9 4 17 -13 3 29 -1 -6 -15 18 9 -8 -9 17 -21 -22 11
7 -24 -14 -10 5 16 15 21 -6 22 -16 -14 61 18 20 1 29 -18 10 -17 -7 -11 0 -6 -2 2 -2 -13 28 15 -19 -7 36 29 0 14 3 21 2 13 -7 -2 8 14 37 17 30 -9 4 17 -13 3 29 -1 -6 -15 18 9 -8 -9 17 -21 -22 11
7 -24 -14 -10 5 16 15 21 -6 22 -16 -14 61 18 20 1 29 -18 10 -17 -7 -11 0 -6 -2 2 -2 -13 28 15 -19 -7 36 29 0 14 3 21 2 13 -7 -2 8 14 37 17 30 -9 4 17 -13 3 29 -1 -6 -15 18 9 -8 -9 17 -21 -22 11
7 -24 -14 -10 5 16 15 21 -6 22 -16 -14 61 18 20 1 29 -18 10 -17 -7 -11 0 -6 -2 2 -2 -13 28 15 -19 -7 36 29 0 14 3 21 2 13 -7 -2 8 14 37 17 30 -9 4 17 -13 3 29 -1 -6 -15 18 9 -8 -9 17 -21 -22 11
7 -24 -14 -10 5 16 15 21 -6 22 -16 -14 61 18 20 1 29 -18 10 -17 -7 -11 0 -6 -2 2 -2 -13 28 15 -19 -7 36 29 0 14 3 21 2 13 -7 -2 8 14 37 17 30 -9 4 17 -13 3 29 -1 -6 -15 18 9 -8 -9 17 -21 -22 11
7 -24 -14 -10 5 16 15 21 -6 22 -16 -14 61 18 20 1 29 -18 10 -17 -7 -11 0 -6 -2 2 -2 -13 28 15 -19 -7 36 29 0 14 3 21 2 13 -7 -2 8 14 37 17 30 -9 4 17 -13 3 29 -1 -6 -15 18 9 -8 -9 17 -21 -22 11
7 -24 -14 -10 5 16 15 21 -6 22 -16 -14 61 18 20 1 29 -18 10 -17 -7 -11 0 -6 -2 2 -2 -13 28 15 -19 -7 36 29 0 14 3 21 2 13 -7 -2 8 14 37 17 30 -9 4 17 -13 3 29 -1 -6 -15 18 9 -8 -9 17 -21 -22 11
7 -24 -14 -10 5 16 15 21 -6 22 -16 -14 61 18 20 1 29 -18 10 -17 -7 -11 0 -6 -2 2 -2 -13 28 15 -19 -7 36 29 0 14 3 21 2 13 -7 -2 8 14 37 17 30 -9 4 17 -13 3 29 -1 -6 -15 18 9 -8 -9 17 -21 -22 11
7 -24 -14 -10 5 16 15 21 -6 22 -16 -14 61 18 20 1 29 -18 10 -17 -7 -11 0 -6 -2 2 -2 -13 28 15 -19 -7 36 29 0 14 3 21 2 13 -7 -2 8 14 37 17 30 -9 4 17 -13 3 29 -1 -6 -15 18 9 -8 -9 17 -21 -22 11
7 -24 -14 -10 5 16 15 21 -6 22 -16 -14 61 18 20 1 29 -18 10 -17 -7 -11 0 -6 -2 2 -2 -13 28 15 -19 -7 36 29 0 14 3 21 2 13 -7 -2 8 14 37 17 30 -9 4 17 -13 3 29 -1 -6 -15 18 9 -8 -9 17 -21 -22 11
7 -24 -14 -10 5 16 15 21 -6 22 -16 -14 61 18 20 1 29 -18 10 -17 -7 -11 0 -6 -2 2 -2 -13 28 15 -19 -7 36 29 0 14 3 21 2 13 -7 -2 8 14 37 17 30 -9 4 17 -13 3 29 -1 -6 -15 18 9 -8 -9 17 -21 -22 11
7 -24 -14 -10 5 16 15 21 -6 22 -16 -14 61 18 20 1 29 -18 10 -17 -7 -11 0 -6 -2 2 -2 -13 28 15 -19 -7 36 29 0 14 3 21 2 13 -7 -2 8 14 37 17 30 -9 4 17 -13 3 29 -1 -6 -15 18 9 -8 -9 17 -21 -22 11
7 -24 -14 -10 5 16 15 21 -6 22 -16 -14 61 18 20 1 29 -18 10 -17 -7 -11 0 -6 -2 2 -2 -13 28 15 -19 -7 36 29 0 14 3 21 2 13 -7 -2 8 14 37 17 30 -9 4 17 -13 3 29 -1 -6 -15 18 9 -8 -9 17 -21 -22 11
7 -24 -14 -10 5 16 15 21 -6 22 -16 -14 61 18 20 1 29 -18 10 -17 -7 -11 0 -6 -2 2 -2 -13 28 15 -19 -7 36 29 0 14 3 21 2 13 -7 -2 8 14 37 17 30 -9 4 17 -13 3 29 -1 -6 -15 18 9 -8 -9 17 -21 -22 11
7 -24 -14 -10 5 16 15 21 -6 22 -16 -14 61 18 20 1 29 -18 10 -17 -7 -11 0 -6 -2 2 -2 -13 28 15 -19 -7 36 29 0 14 3 21 2 13 -7 -2 8 14 37 17 30 -9 4 17 -13 3 29 -1 -6 -15 18 9 -8 -9 17 -21 -22 11
7 -24 -14 -10 5 16 15 21 -6 22 -16 -14 61 18 20 1 29 -18 10 -17 -7 -11 0 -6 -2 2 -2 -13 28 15 -19 -7 36 29 0 14 3 21 2 13 -7 -2 8 14 37 17 30 -9 4 17 -13 3 29 -1 -6 -15 18 9 -8 -9 17 -21 -22 11
7 -24 -14 -10 5 16 15 21 -6 22 -16 -14 61 18 20 1 29 -18 10 -17 -7 -11 0 -6 -2 2 -2 -13 28 15 -19 -7 36 29 0 14 3 21 2 13 -7 -2 8 14 37 17 30 -9 4 17 -13 3 29 -1 -6 -15 18 9 -8 -9 17 -21 -22 11
7 -24 -14 -10 5 16 15 21 -6 22 -16 -14 61 18 20 1 29 -18 10 -17 -7 -11 0 -6 -2 2 -2 -13 28 15 -19 -7 36 29 0 14 3 21 2 13 -7 -2 8 14 37 17 30 -9 4 17 -13 3 29 -1 -6 -15 18 9 -8 -9 17 -21 -22 11
7 -24 -14 -10 5 16 15 21 -6 22 -16 -14 61 18 20 1 29 -18 10 -17 -7 -11 0 -6 -2 2 -2 -13 28 15 -19 -7 36 29 0 14 3 21 2 13 -7 -2 8 14 37 17 30 -9 4 17 -13 3 29 -1 -6 -15 18 9 -8 -9 17 -21 -22 11
7 -24 -14 -10 5 16 15 21 -6 22 -16 -14 61 18 20 1 29 -18 10 -17 -7 -11 0 -6 -2 2 -2 -13 28 15 -19 -7 36 29 0 14 3 21 2 13 -7 -2 8 14 37 17 30 -9 4 17 -13 3 29 -1 -6 -15 18 9 -8 -9 17 -21 -22 11
7 -24 -14 -10 5 16 15 21 -6 22 -16 -14 61 18 20 1 29 -18 10 -17 -7 -11 0 -6 -2 2 -2 -13 28 15 -19 -7 36 29 0 14 3 21 2 13 -7 -2 8 14 37 17 30 -9 4 17 -13 3 29 -1 -6 -15 18 9 -8 -9 17 -21 -22 11
7 -24 -14 -10 5 16 15 21 -6 22 -16 -14 61 18 20 1 29 -18 10 -17 -7 -11 0 -6 -2 2 -2 -13 28 15 -19 -7 36 29 0 14 3 21 2 13 -7 -2 8 14 37 17 30 -9 4 17 -13 3 29 -1 -6 -15 18 9 -8 -9 17 -21 -22 11
7 -24 -14 -10 5 16 15 21 -6 22 -16 -14 61 18 20 1 29 -18 10 -17 -7 -11 0 -6 -2 2 -2 -13 28 15 -19 -7 36 29 0 14 3 21 2 13 -7 -2 8 14 37 17 30 -9 4 17 -13 3 29 -1 -6 -15 18 9 -8 -9 17 -21 -22 11
7 -24 -14 -10 5 16 15 21 -6 22 -16 -14 61 18 20 1 29 -18 10 -17 -7 -11 0 -6 -2 2 -2 -13 28 15 -19 -7 36 29 0 14 3 21 2 13 -7 -2 8 14 37 17 30 -9 4 17 -13 3 29 -1 -6 -15 18 9 -8 -9 17 -21 -22 11
7 -24 -14 -10 5 16 15 21 -6 22 -16 -14 61 18 20 1 29 -18 10 -17 -7 -11 0 -6 -2 2 -2 -13 28 15 -19 -7 36 29 0 14 3 21 2 13 -7 -2 8 14 37 17 30 -9 4 17 -13 3 29 -1 -6 -15 18 9 -8 -9 17 -21 -22 11
7 -24 -14 -10 5 16 15 21 -6 22 -16 -14 61 18 20 1 29 -18 10 -17 -7 -11 0 -6 -2 2 -2 -13 28 15 -19 -7 36 29 0 14 3 21 2 13 -7 -2 8 14 37 17 30 -9 4 17 -13 3 29 -1 -6 -15 18 9 -8 -9 17 -21 -22 11
7 -24 -14 -10 5 16 15 21 -6 22 -16 -14 61 18 20 1 29 -18 10 -17 -7 -11 0 -6 -2 2 -2 -13 28 15 -19 -7 36 29 0 14 3 21 2 13 -7 -2 8 14 37 17 30 -9 4 17 -13 3 29 -1 -6 -15 18 9 -8 -9 17 -21 -22 11
7 -24 -14 -10 5 16 15 21 -6 22 -16 -14 61 18 20 1 29 -18 10 -17 -7 -11 0 -6 -2 2 -2 -13 28 15 -19 -7 36 29 0 14 3 21 2 13 -7 -2 8 14 37 17 30 -9 4 17 -13 3 29 -1 -6 -15 18 9 -8 -9 17 -21 -22 11
7 -24 -14 -10 5 16 15 21 -6 22 -16 -14 61 18 20 1 29 -18 10 -17 -7 -11 0 -6 -2 2 -2 -13 28 15 -19 -7 36 29 0 14 3 21 2 13 -7 -2 8 14 37 17 30 -9 4 17 -13 3 29 -1 -6 -15 18 9 -8 -9 17 -21 -22 11
7 -24 -14 -10 5 16 15 21 -6 22 -16 -14 61 18 20 1 29 -18 10 -17 -7 -11 0 -6 -2 2 -2 -13 28 15 -19 -7 36 29 0 14 3 21 2 13 -7 -2 8 14 37 17 30 -9 4 17 -13 3 29 -1 -6 -15 18 9 -8 -9 17 -21 -22 11
7 -24 -14 -10 5 16 15 21 -6 22 -16 -14 61 18 20 1 29 -18 10 -17 -7 -11 0 -6 -2 2 -2 -13 28 15 -19 -7 36 29 0 14 3 21 2 13 -7 -2 8 14 37 17 30 -9 4 17 -13 3 29 -1 -6 -15 18 9 -8 -9 17 -21 -22 11
7 -24 -14 -10 5 16 15 21 -6 22 -16 -14 61 18 20 1 29 -18 10 -17 -7 -11 0 -6 -2 2 -2 -13 28 15 -19 -7 36 29 0 14 3 21 2 13 -7 -2 8 14 37 17 30 -9 4 17 -13 3 29 -1 -6 -15 18 9 -8 -9 17 -21 -22 11
7 -24 -14 -10 5 16 15 21 -6 22 -16 -14 61 18 20 1 29 -18 10 -17 -7 -11 0 -6 -2 2 -2 -13 28 15 -19 -7 36 29 0 14 3 21 2 13 -7 -2 8 14 37 17 30 -9 4 17 -13 3 29 -1 -6 -15 18 9 -8 -9 17 -21 -22 11
7 -24 -14 -10 5 16 15 21 -6 22 -16 -14 61 18 20 1 29 -18 10 -17 -7 -11 0 -6 -2 2 -2 -13 28 15 -19 -7 36 29 0 14 3 21 2 13 -7 -2 8 14 37 17 30 -9 4 17 -13 3 29 -1 -6 -15 18 9 -8 -9 17 -21 -22 11
7 -24 -14 -10 5 16 15 21 -6 22 -16 -14 61 18 20 1 29 -18 10 -17 -7 -11 0 -6 -2 2 -2 -13 28 15 -19 -7 36 29 0 14 3 21 2 13 -7 -2 8 14 37 17 30 -9 4 17 -13 3 29 -1 -6 -15 18 9 -8 -9 17 -21 -22 11
7 -24 -14 -10 5 16 15 21 -6 22 -16 -14 61 18 20 1 29 -18 10 -17 -7 -11 0 -6 -2 2 -2 -13 28 15 -19 -7 36 29 0 14 3 21 2 13 -7 -2 8 14 37 17 30 -9 4 17 -13 3 29 -1 -6 -15 18 9 -8 -9 17 -21 -22 11
7 -24 -14 -10 5 16 15 21 -6 22 -16 -14 61 18 20 1 29 -18 10 -17 -7 -11 0 -6 -2 2 -2 -13 28 15 -19 -7 36 29 0 14 3 21 2 13 -7 -2 8 14 37 17 30 -9 4 17 -13 3 29 -1 -6 -15 18 9 -8 -9 17 -21 -22 11
7 -24 -14 -10 5 16 15 21 -6 22 -16 -14 61 18 20 1 29 -18 10 -17 -7 -11 0 -6 -2 2 -2 -13 28 15 -19 -7 36 29 0 14 3 21 2 13 -7 -2 8 14 37 17 30 -9 4 17 -13 3 29 -1 -6 -15 18 9 -8 -9 17 -21 -22 11
7 -24 -14 -10 5 16 15 21 -6 22 -16 -14 61 18 20 1 29 -18 10 -17 -7 -11 0 -6 -2 2 -2 -13 28 15 -19 -7 36 29 0 14 3 21 2 13 -7 -2 8 14 37 17 30 -9 4 17 -13 3 29 -1 -6 -15 18 9 -8 -9 17 -21 -22 11
7 -24 -14 -10 5 16 15 21 -6 22 -16 -14 61 18 20 1 29 -18 10 -17 -7 -11 0 -6 -2 2 -2 -13 28 15 -19 -7 36 29 0 14 3 21 2 13 -7 -2 8 14 37 17 30 -9 4 17 -13 3 29 -1 -6 -15 18 9 -8 -9 17 -21 -22 11
7 -24 -14 -10 5 16 15 21 -6 22 -16 -14 61 18 20 1 29 -18 10 -17 -7 -11 0 -6 -2 2 -2 -13 28 15 -19 -7 36 29 0 14 3 21 2 13 -7 -2 8 14 37 17 30 -9 4 17 -13 3 29 -1 -6 -15 18 9 -8 -9 17 -21 -22 11
7 -24 -14 -10 5 16 15 21 -6 22 -16 -14 61 18 20 1 29 -18 10 -17 -7 -11 0 -6 -2 2 -2 -13 28 15 -19 -7 36 29 0 14 3 21 2 13 -7 -2 8 14 37 17 30 -9 4 17 -13 3 29 -1 -6 -15 18 9 -8 -9 17 -21 -22 11
7 -24 -14 -10 5 16 15 21 -6 22 -16 -14 61 18 20 1 29 -18 10 -17 -7 -11 0 -6 -2 2 -2 -13 28 15 -19 -7 36 29 0 14 3 21 2 13 -7 -2 8 14 37 17 30 -9 4 17 -13 3 29 -1 -6 -15 18 9 -8 -9 17 -21 -22 11
