5 10 -21 -7 -13 0 -13 -10 9 8 -2 -16 33 1 -3 5 -11 -5 18 8 -16 -6 -4 3 12 5 -25 -3 7 3 0 -4 -30 5 1 0 10 -12 -2 20 25 12 0 13 -7 -6 -5 -3 11 1 10 -2 -8 10 -20 2 -13 -15 3 22 6 -4 8 9
-15 -11 -4 -35 -21 17 -5 6 19 4 -12 1 -12 -8 -13 35 1 -14 18 2 -16 3 19 -32 -16 10 -4 -12 -5 24 5 35 3 22 24 12 -24 -18 2 22 -4 19 2 0 9 -6 -3 -19 -4 5 37 -12 13 -15 -17 33 24 -20 10 -17 -15 -8 16 20
-11 -31 -22 -34 -28 16 -4 9 13 -5 -22 9 -28 -2 -1 38 -3 -5 37 11 -28 -9 21 -14 -18 -1 1 -13 1 19 4 33 -10 20 16 4 -18 -2 -2 13 -3 -8 13 -1 -4 10 -1 -10 -1 13 27 -16 5 -3 -4 39 3 -45 14 -8 -17 -9 0 35
1 -25 -19 -31 -31 24 5 1 12 9 -16 18 -30 5 -4 28 -1 -10 30 -6 -20 6 15 -22 -15 -1 -3 -7 -2 -2 -14 20 -21 21 8 10 -24 6 2 21 6 -6 11 -7 -1 12 -3 0 -6 -9 38 -3 2 4 -12 25 7 -35 9 -3 -12 -14 15 27
-4 -5 -19 -9 -20 16 -6 9 1 5 -6 8 -21 1 2 24 6 -7 37 -7 -23 19 19 -13 1 -14 2 -11 8 -8 -17 17 -20 6 -5 5 -23 9 17 12 6 -19 5 2 9 27 1 9 -14 -13 42 13 7 -4 -20 14 -1 -24 2 1 -5 -25 4 42
0 -31 -17 -3 -41 20 -4 10 -2 -1 -14 -2 -33 -2 2 21 4 -9 28 9 -30 24 12 -23 -8 -17 2 -4 -11 -17 -14 31 -4 5 -1 15 -35 9 30 16 24 3 4 14 2 8 -4 4 -17 -21 46 -1 -3 5 -8 6 9 -5 1 4 0 -33 0 39
-5 -39 -22 -19 -43 -2 0 -10 13 -18 -12 5 -35 -1 -11 20 -7 -22 39 5 -37 13 16 -1 -3 -19 0 1 -5 -30 -19 25 -20 14 -23 -2 -23 -15 14 27 11 1 4 -2 -16 10 -3 1 -7 -21 33 4 -19 -13 -6 6 4 -10 10 4 -16 -22 18 24
-9 -31 -8 -31 -32 11 -5 11 -3 -15 -3 25 -22 -4 -4 19 -1 -24 38 8 -35 14 27 -6 -15 -21 4 -3 -10 -18 -13 35 -15 18 -10 -1 -29 -2 -2 26 2 -2 5 -1 -18 9 -6 0 -7 -16 17 8 -11 -17 -6 18 8 -2 13 -2 -4 -19 28 28
-9 -35 -14 -41 -41 10 4 -4 -3 -11 -4 32 -27 -8 -17 15 0 -19 22 -5 -23 -3 18 -12 -11 -3 -8 -7 6 5 3 31 -8 16 -1 -11 -22 -4 14 24 2 -17 24 -19 -13 13 6 -12 -11 -14 21 -2 1 -3 -2 29 -1 -25 9 -17 -12 -4 10 21
-23 -15 -23 -26 -28 15 -33 7 31 -1 -5 -5 -48 -2 -29 4 0 -34 -1 -12 -11 -19 22 -3 -16 2 14 -19 13 2 2 3 -28 0 4 -33 -21 -10 -10 38 15 -16 18 -23 1 5 -17 -20 -9 4 31 -13 16 2 5 37 0 -29 6 -22 -41 -13 30 43
-2 -32 -11 -23 -38 23 10 12 13 -3 -4 15 -35 -3 -16 18 1 -21 5 -5 -11 9 15 -11 -21 14 -5 -9 8 14 0 32 -7 0 13 -12 -33 8 14 33 -4 -16 18 -11 3 15 -5 -18 -6 -5 39 -10 14 4 3 35 2 -30 19 -12 2 -6 13 31
-27 -21 -15 -29 -37 24 5 8 -10 10 -21 24 -34 4 -13 6 5 -8 15 3 -23 21 15 -1 -13 2 3 2 14 10 -1 30 -6 -6 1 -7 -27 6 6 27 17 -25 28 -10 -7 13 -10 -3 -11 -13 34 -11 -5 -5 8 28 2 -30 18 -18 -6 -4 12 43
-25 -21 -18 -27 -30 18 0 6 -9 8 -7 25 -36 6 -27 12 1 -15 34 -13 -23 11 19 -10 -22 -6 9 -7 11 15 -7 21 -7 13 13 -3 -9 3 0 32 13 -22 27 1 4 -3 -10 4 -9 -17 36 -30 8 8 -10 27 4 -17 13 -8 -16 -12 16 37
-30 -3 -8 -8 -21 19 -19 15 4 -1 -9 20 -21 7 -20 21 -11 4 34 -9 -28 26 25 -7 -11 -11 2 -12 4 8 -4 22 -9 6 3 -1 -8 1 16 19 13 -10 22 2 17 3 -5 -1 -26 -13 35 -8 0 -8 -5 28 -3 -17 9 5 -9 -23 5 48
-27 -27 -2 -20 -14 13 -13 6 -6 -6 -18 31 -43 5 -19 13 12 -18 45 -5 -19 -1 22 -22 -9 -24 3 -19 24 3 5 13 9 0 9 -11 -8 -2 19 13 19 -19 31 -14 9 0 -11 11 -28 -19 45 -16 4 8 -1 28 -12 -23 -4 -7 -19 -15 -6 29
-11 -35 6 -30 -25 23 5 1 2 -9 -22 23 -38 -6 -33 25 -7 -7 26 -15 -13 8 21 -7 -17 -11 3 -11 7 6 -7 26 6 6 14 -13 -18 -2 18 15 16 -5 29 -6 9 -3 -13 10 -27 -16 48 -25 1 8 3 19 -6 -4 18 -1 1 -15 2 37
-19 -24 9 -33 -34 17 1 16 7 -4 -21 19 -38 1 -11 12 -9 -7 33 -6 -25 12 13 10 -9 -11 16 -16 8 -17 -7 21 -15 6 -4 -7 -11 6 21 18 20 -10 3 -11 4 -5 -5 1 -29 -22 28 -15 0 -13 -12 21 -4 -19 18 -14 -12 -28 -3 38
-19 -15 2 -29 -33 21 -13 2 -2 -5 -22 25 -41 3 -23 15 -4 -13 32 5 -24 9 28 -10 -21 -5 3 -16 12 -9 -7 36 -3 -3 -8 -8 -14 8 25 18 25 -9 14 -7 0 4 -5 14 -26 -30 38 -24 -7 13 -16 27 -8 -12 37 -6 -11 -22 1 32
-22 -14 21 -34 -42 24 -11 7 24 -7 -6 10 -42 1 -10 23 -12 -24 22 11 -24 24 26 1 -22 11 7 -12 1 -18 -16 36 -6 -9 -8 -14 -11 4 15 26 10 -2 8 -12 3 0 3 7 -11 -11 42 -8 7 -3 0 13 -3 0 35 -12 12 -22 6 35
-21 -17 1 -46 -38 21 -6 8 0 -4 -15 32 -29 -6 -8 19 -1 -20 36 -10 -28 31 24 5 -21 -6 8 -6 15 3 1 31 -11 3 -13 -8 -3 -1 5 32 12 -20 8 -7 -8 -2 1 -2 -21 -2 32 -15 -3 -1 -16 20 7 -9 21 -10 -5 -12 8 35
-29 -19 6 -36 -35 28 6 6 -1 1 -13 37 -30 0 -20 19 -5 -23 37 -1 -30 27 22 2 -20 -9 -3 -13 15 7 2 32 -7 -2 0 -16 -9 -10 7 38 15 -13 18 -14 -14 -1 1 -4 -19 2 23 -18 -5 0 -9 14 1 -3 27 -4 -5 -17 7 33
-22 -12 -2 -31 -27 31 -23 12 9 6 -17 24 -43 -4 -19 32 -1 -26 49 3 -29 -5 22 -1 -23 2 4 -17 19 26 13 28 -7 -2 11 -1 0 -19 -6 31 19 -17 25 -9 0 0 -14 -7 -22 11 35 -16 0 5 -3 16 -5 -28 13 -13 -36 -15 4 36
-15 9 -19 -22 -21 -2 -9 2 22 7 -11 -15 58 -8 -10 18 -2 -16 16 -7 -18 0 18 -3 -4 -4 8 6 -1 7 7 14 -13 7 -4 10 -5 -7 5 5 16 10 -6 1 2 -8 -13 -5 -14 -2 -6 -2 -15 8 -10 7 6 -17 5 10 -19 -2 20 15
-8 -14 -25 -15 -12 15 7 -10 32 1 -9 -8 -24 -8 -21 21 1 -26 25 -8 -23 -11 21 -21 -11 4 -9 -27 7 19 -2 12 -5 11 30 -10 -9 15 -7 13 3 19 14 -2 10 16 -8 0 -2 13 32 3 10 -5 -4 12 -1 -30 22 -9 -15 -22 -14 18
-12 -30 -19 -9 -21 14 15 -13 42 2 -23 -13 -34 -3 -11 27 6 -16 37 -3 -26 -10 7 -12 -18 9 -4 -17 -10 8 -11 20 -8 6 33 -1 -13 17 -7 8 7 22 5 -6 7 18 4 -14 -7 9 40 9 -7 -10 -2 24 -2 -35 13 -5 -13 -24 -15 11
-3 -24 -21 -23 -16 27 15 -6 9 4 -16 5 -43 -2 -17 17 0 -21 32 -6 -30 -2 22 -13 -2 2 -5 -11 2 2 -27 30 -6 11 16 -14 -5 16 -2 26 7 12 11 -1 -3 1 5 -8 3 8 44 19 -5 -4 -5 19 2 -20 9 -24 -7 -18 0 27
-1 0 -25 -10 -23 17 -12 -16 23 -5 -11 -5 -32 5 0 20 -7 -15 30 -11 -33 16 25 -10 -7 -8 4 -11 -1 -19 -26 19 -26 -2 0 -20 -12 16 -2 14 -2 -8 1 6 5 22 8 -9 -7 -17 38 20 -3 -18 -13 1 -4 -24 14 -13 -7 -28 -9 30
-3 -7 -18 -15 -45 26 -23 -18 24 -3 -3 -15 -30 -3 -3 28 -1 -23 20 12 -37 22 36 -16 -27 10 -3 -3 -14 -18 -24 30 -28 -3 -6 -18 -19 -1 19 16 17 2 -2 15 11 0 -6 0 -5 -17 37 10 -10 -9 -4 -3 5 -5 19 -7 -2 -28 9 31
-5 -14 -30 -31 -30 20 -16 -11 11 -9 6 -5 -36 -16 -12 36 -4 -28 24 -8 -42 13 43 5 -24 7 -7 -5 0 5 -23 29 -29 3 -5 -21 -6 -2 -18 32 -3 -13 2 8 -24 7 4 1 -9 6 34 -3 -4 -19 -2 -3 11 -4 17 -19 -5 -21 24 18
-13 -18 -31 -17 -26 27 10 9 -9 -7 6 7 -39 -6 -11 19 1 -34 24 -11 -38 20 38 1 -19 -12 -6 1 -11 16 -24 39 -8 3 -2 -17 -20 -9 -6 34 4 -20 5 4 -16 2 -5 -9 -6 12 30 7 -4 -18 -6 9 1 -3 11 -24 -3 -22 19 31
0 -27 -34 -22 -25 21 11 8 -3 -1 -9 10 -38 -16 -16 12 12 -26 22 -19 -30 -3 33 -11 -9 1 -14 -6 0 26 -20 24 -6 4 9 -21 -17 14 6 27 5 -16 12 -5 -12 4 -2 -12 -12 17 28 0 1 -2 0 15 5 -24 14 -23 2 -13 -2 16
-18 -13 -26 -24 -30 26 10 1 3 16 -11 -1 -22 2 -11 19 -1 -11 17 -2 -18 12 19 -17 -15 6 -7 -3 -3 19 -7 34 9 4 2 -27 -21 9 11 20 12 -12 0 -4 4 7 -3 -19 -6 -2 24 7 0 -6 2 11 2 -23 4 -19 4 -25 -1 25
-19 -19 -40 -20 -39 34 13 1 -7 12 -14 -2 -49 10 -11 22 3 -22 29 6 -22 17 27 -8 -20 3 1 8 2 23 -8 34 -12 -13 14 -18 -13 8 8 21 20 -9 17 1 3 14 -11 8 -18 6 40 12 -11 -9 2 18 -13 -33 16 -16 2 -20 -3 35
-27 -21 -30 -10 -23 16 7 -5 -3 11 -16 3 -38 14 -25 22 -4 -13 37 -6 -20 22 16 -13 -7 -8 -2 -4 8 18 -22 25 -11 -6 7 -10 -10 8 4 6 13 -10 15 1 13 -5 -13 9 -15 -9 39 -1 -1 -1 -1 13 -12 -20 10 -8 13 -18 6 31
-20 -14 -13 -17 -27 18 3 1 9 -2 -28 4 -46 8 -9 11 -2 -19 31 -5 -24 22 10 -3 -4 -7 7 -13 1 -12 -29 23 -18 -2 -4 -19 -2 10 14 23 15 1 4 -4 3 15 4 10 -12 -16 28 10 -13 -12 -5 6 -6 -14 18 -24 4 -41 -7 32
-18 -14 -11 -14 -25 25 6 -7 2 -4 -19 10 -46 4 -24 10 5 -29 35 7 -36 19 27 -19 -15 -7 2 -10 7 -4 -23 26 -10 -8 -1 -25 -11 14 14 11 22 -3 10 2 1 10 1 12 -7 -14 37 -1 -12 5 -6 16 -15 -13 24 -22 2 -24 -8 24
-26 -11 7 -19 -40 24 -11 -13 24 -5 -17 -7 -32 -7 -14 30 -8 -30 31 14 -32 35 29 -5 -14 13 -1 -6 -9 -12 -26 42 -15 -13 -2 -26 -7 9 13 23 7 12 3 -4 6 1 1 9 -6 -15 42 11 -7 -14 -2 14 -6 -2 28 -17 11 -24 0 27
-24 -10 -15 -29 -39 22 -3 1 6 -9 -7 14 -32 -3 -20 23 -8 -16 42 2 -32 30 31 13 -25 0 0 -8 8 7 -15 38 -21 -1 -6 -24 -8 0 1 28 18 -6 -2 -4 -6 -3 3 -6 -15 -6 25 2 -6 -16 -12 3 -6 -8 20 -19 4 -22 13 32
-18 -12 -5 -28 -32 35 7 2 -3 6 -8 18 -46 9 -27 16 0 -29 35 4 -33 29 27 1 -31 0 2 -7 7 7 -21 35 -15 -7 -1 -25 -7 -3 -4 32 8 -17 5 -11 -13 -3 3 -2 -4 5 29 -2 -10 -11 -4 8 -7 -4 18 -22 0 -22 5 24
-35 -10 2 -36 -27 16 -20 -4 16 5 4 20 -50 -4 -30 20 9 -28 53 -3 -29 -1 31 5 -11 2 -4 -27 19 40 -2 32 -20 1 14 -15 -5 -13 -13 32 18 -7 8 -9 2 -5 -5 -1 -6 23 28 -1 2 -1 -8 15 -16 -23 9 -36 -26 -12 12 17
-15 9 -19 -22 -21 -2 -9 2 22 7 -11 -16 57 -8 -10 18 -2 -16 16 -7 -18 0 18 -3 -3 -4 8 5 -2 7 7 14 -14 7 -4 10 -5 -8 6 5 16 10 -6 2 3 -8 -13 -5 -14 -2 -5 -3 -14 6 -11 7 6 -17 5 11 -19 -2 21 16
0 4 -21 -39 -17 17 -5 3 6 12 -4 6 -14 -16 -34 17 15 -23 29 -10 -15 -10 22 -20 -24 7 0 -15 21 18 27 0 13 9 8 14 3 -13 -20 32 3 2 13 3 -1 26 4 4 -4 20 11 -1 7 -12 -19 1 13 -13 31 -5 -32 -16 1 24
0 4 -21 -39 -17 17 -5 3 6 12 -4 6 -14 -16 -34 17 15 -23 29 -10 -15 -10 22 -20 -24 7 0 -15 21 18 27 0 13 9 8 14 3 -13 -20 32 3 2 13 3 -1 26 4 4 -4 20 11 -1 7 -12 -19 1 13 -13 31 -5 -32 -16 1 24
0 4 -21 -39 -17 17 -5 3 6 12 -4 6 -14 -16 -34 17 15 -23 29 -10 -15 -10 22 -20 -24 7 0 -15 21 18 27 0 13 9 8 14 3 -13 -20 32 3 2 13 3 -1 26 4 4 -4 20 11 -1 7 -12 -19 1 13 -13 31 -5 -32 -16 1 24
0 4 -21 -39 -17 17 -5 3 6 12 -4 6 -14 -16 -34 17 15 -23 29 -10 -15 -10 22 -20 -24 7 0 -15 21 18 27 0 13 9 8 14 3 -13 -20 32 3 2 13 3 -1 26 4 4 -4 20 11 -1 7 -12 -19 1 13 -13 31 -5 -32 -16 1 24
0 4 -21 -39 -17 17 -5 3 6 12 -4 6 -14 -16 -34 17 15 -23 29 -10 -15 -10 22 -20 -24 7 0 -15 21 18 27 0 13 9 8 14 3 -13 -20 32 3 2 13 3 -1 26 4 4 -4 20 11 -1 7 -12 -19 1 13 -13 31 -5 -32 -16 1 24
0 4 -21 -39 -17 17 -5 3 6 12 -4 6 -14 -16 -34 17 15 -23 29 -10 -15 -10 22 -20 -24 7 0 -15 21 18 27 0 13 9 8 14 3 -13 -20 32 3 2 13 3 -1 26 4 4 -4 20 11 -1 7 -12 -19 1 13 -13 31 -5 -32 -16 1 24
0 4 -21 -39 -17 17 -5 3 6 12 -4 6 -14 -16 -34 17 15 -23 29 -10 -15 -10 22 -20 -24 7 0 -15 21 18 27 0 13 9 8 14 3 -13 -20 32 3 2 13 3 -1 26 4 4 -4 20 11 -1 7 -12 -19 1 13 -13 31 -5 -32 -16 1 24
0 4 -21 -39 -17 17 -5 3 6 12 -4 6 -14 -16 -34 17 15 -23 29 -10 -15 -10 22 -20 -24 7 0 -15 21 18 27 0 13 9 8 14 3 -13 -20 32 3 2 13 3 -1 26 4 4 -4 20 11 -1 7 -12 -19 1 13 -13 31 -5 -32 -16 1 24
0 4 -21 -39 -17 17 -5 3 6 12 -4 6 -14 -16 -34 17 15 -23 29 -10 -15 -10 22 -20 -24 7 0 -15 21 18 27 0 13 9 8 14 3 -13 -20 32 3 2 13 3 -1 26 4 4 -4 20 11 -1 7 -12 -19 1 13 -13 31 -5 -32 -16 1 24
0 4 -21 -39 -17 17 -5 3 6 12 -4 6 -14 -16 -34 17 15 -23 29 -10 -15 -10 22 -20 -24 7 0 -15 21 18 27 0 13 9 8 14 3 -13 -20 32 3 2 13 3 -1 26 4 4 -4 20 11 -1 7 -12 -19 1 13 -13 31 -5 -32 -16 1 24
0 4 -21 -39 -17 17 -5 3 6 12 -4 6 -14 -16 -34 17 15 -23 29 -10 -15 -10 22 -20 -24 7 0 -15 21 18 27 0 13 9 8 14 3 -13 -20 32 3 2 13 3 -1 26 4 4 -4 20 11 -1 7 -12 -19 1 13 -13 31 -5 -32 -16 1 24
0 4 -21 -39 -17 17 -5 3 6 12 -4 6 -14 -16 -34 17 15 -23 29 -10 -15 -10 22 -20 -24 7 0 -15 21 18 27 0 13 9 8 14 3 -13 -20 32 3 2 13 3 -1 26 4 4 -4 20 11 -1 7 -12 -19 1 13 -13 31 -5 -32 -16 1 24
0 4 -21 -39 -17 17 -5 3 6 12 -4 6 -14 -16 -34 17 15 -23 29 -10 -15 -10 22 -20 -24 7 0 -15 21 18 27 0 13 9 8 14 3 -13 -20 32 3 2 13 3 -1 26 4 4 -4 20 11 -1 7 -12 -19 1 13 -13 31 -5 -32 -16 1 24
0 4 -21 -39 -17 17 -5 3 6 12 -4 6 -14 -16 -34 17 15 -23 29 -10 -15 -10 22 -20 -24 7 0 -15 21 18 27 0 13 9 8 14 3 -13 -20 32 3 2 13 3 -1 26 4 4 -4 20 11 -1 7 -12 -19 1 13 -13 31 -5 -32 -16 1 24
0 4 -21 -39 -17 17 -5 3 6 12 -4 6 -14 -16 -34 17 15 -23 29 -10 -15 -10 22 -20 -24 7 0 -15 21 18 27 0 13 9 8 14 3 -13 -20 32 3 2 13 3 -1 26 4 4 -4 20 11 -1 7 -12 -19 1 13 -13 31 -5 -32 -16 1 24
0 4 -21 -39 -17 17 -5 3 6 12 -4 6 -14 -16 -34 17 15 -23 29 -10 -15 -10 22 -20 -24 7 0 -15 21 18 27 0 13 9 8 14 3 -13 -20 32 3 2 13 3 -1 26 4 4 -4 20 11 -1 7 -12 -19 1 13 -13 31 -5 -32 -16 1 24
0 4 -21 -39 -17 17 -5 3 6 12 -4 6 -14 -16 -34 17 15 -23 29 -10 -15 -10 22 -20 -24 7 0 -15 21 18 27 0 13 9 8 14 3 -13 -20 32 3 2 13 3 -1 26 4 4 -4 20 11 -1 7 -12 -19 1 13 -13 31 -5 -32 -16 1 24
0 4 -21 -39 -17 17 -5 3 6 12 -4 6 -14 -16 -34 17 15 -23 29 -10 -15 -10 22 -20 -24 7 0 -15 21 18 27 0 13 9 8 14 3 -13 -20 32 3 2 13 3 -1 26 4 4 -4 20 11 -1 7 -12 -19 1 13 -13 31 -5 -32 -16 1 24
0 4 -21 -39 -17 17 -5 3 6 12 -4 6 -14 -16 -34 17 15 -23 29 -10 -15 -10 22 -20 -24 7 0 -15 21 18 27 0 13 9 8 14 3 -13 -20 32 3 2 13 3 -1 26 4 4 -4 20 11 -1 7 -12 -19 1 13 -13 31 -5 -32 -16 1 24
0 4 -21 -39 -17 17 -5 3 6 12 -4 6 -14 -16 -34 17 15 -23 29 -10 -15 -10 22 -20 -24 7 0 -15 21 18 27 0 13 9 8 14 3 -13 -20 32 3 2 13 3 -1 26 4 4 -4 20 11 -1 7 -12 -19 1 13 -13 31 -5 -32 -16 1 24
0 4 -21 -39 -17 17 -5 3 6 12 -4 6 -14 -16 -34 17 15 -23 29 -10 -15 -10 22 -20 -24 7 0 -15 21 18 27 0 13 9 8 14 3 -13 -20 32 3 2 13 3 -1 26 4 4 -4 20 11 -1 7 -12 -19 1 13 -13 31 -5 -32 -16 1 24
0 4 -21 -39 -17 17 -5 3 6 12 -4 6 -14 -16 -34 17 15 -23 29 -10 -15 -10 22 -20 -24 7 0 -15 21 18 27 0 13 9 8 14 3 -13 -20 32 3 2 13 3 -1 26 4 4 -4 20 11 -1 7 -12 -19 1 13 -13 31 -5 -32 -16 1 24
0 4 -21 -39 -17 17 -5 3 6 12 -4 6 -14 -16 -34 17 15 -23 29 -10 -15 -10 22 -20 -24 7 0 -15 21 18 27 0 13 9 8 14 3 -13 -20 32 3 2 13 3 -1 26 4 4 -4 20 11 -1 7 -12 -19 1 13 -13 31 -5 -32 -16 1 24
0 4 -21 -39 -17 17 -5 3 6 12 -4 6 -14 -16 -34 17 15 -23 29 -10 -15 -10 22 -20 -24 7 0 -15 21 18 27 0 13 9 8 14 3 -13 -20 32 3 2 13 3 -1 26 4 4 -4 20 11 -1 7 -12 -19 1 13 -13 31 -5 -32 -16 1 24
0 4 -21 -39 -17 17 -5 3 6 12 -4 6 -14 -16 -34 17 15 -23 29 -10 -15 -10 22 -20 -24 7 0 -15 21 18 27 0 13 9 8 14 3 -13 -20 32 3 2 13 3 -1 26 4 4 -4 20 11 -1 7 -12 -19 1 13 -13 31 -5 -32 -16 1 24
0 4 -21 -39 -17 17 -5 3 6 12 -4 6 -14 -16 -34 17 15 -23 29 -10 -15 -10 22 -20 -24 7 0 -15 21 18 27 0 13 9 8 14 3 -13 -20 32 3 2 13 3 -1 26 4 4 -4 20 11 -1 7 -12 -19 1 13 -13 31 -5 -32 -16 1 24
0 4 -21 -39 -17 17 -5 3 6 12 -4 6 -14 -16 -34 17 15 -23 29 -10 -15 -10 22 -20 -24 7 0 -15 21 18 27 0 13 9 8 14 3 -13 -20 32 3 2 13 3 -1 26 4 4 -4 20 11 -1 7 -12 -19 1 13 -13 31 -5 -32 -16 1 24
0 4 -21 -39 -17 17 -5 3 6 12 -4 6 -14 -16 -34 17 15 -23 29 -10 -15 -10 22 -20 -24 7 0 -15 21 18 27 0 13 9 8 14 3 -13 -20 32 3 2 13 3 -1 26 4 4 -4 20 11 -1 7 -12 -19 1 13 -13 31 -5 -32 -16 1 24
0 4 -21 -39 -17 17 -5 3 6 12 -4 6 -14 -16 -34 17 15 -23 29 -10 -15 -10 22 -20 -24 7 0 -15 21 18 27 0 13 9 8 14 3 -13 -20 32 3 2 13 3 -1 26 4 4 -4 20 11 -1 7 -12 -19 1 13 -13 31 -5 -32 -16 1 24
0 4 -21 -39 -17 17 -5 3 6 12 -4 6 -14 -16 -34 17 15 -23 29 -10 -15 -10 22 -20 -24 7 0 -15 21 18 27 0 13 9 8 14 3 -13 -20 32 3 2 13 3 -1 26 4 4 -4 20 11 -1 7 -12 -19 1 13 -13 31 -5 -32 -16 1 24
0 4 -21 -39 -17 17 -5 3 6 12 -4 6 -14 -16 -34 17 15 -23 29 -10 -15 -10 22 -20 -24 7 0 -15 21 18 27 0 13 9 8 14 3 -13 -20 32 3 2 13 3 -1 26 4 4 -4 20 11 -1 7 -12 -19 1 13 -13 31 -5 -32 -16 1 24
0 4 -21 -39 -17 17 -5 3 6 12 -4 6 -14 -16 -34 17 15 -23 29 -10 -15 -10 22 -20 -24 7 0 -15 21 18 27 0 13 9 8 14 3 -13 -20 32 3 2 13 3 -1 26 4 4 -4 20 11 -1 7 -12 -19 1 13 -13 31 -5 -32 -16 1 24
0 4 -21 -39 -17 17 -5 3 6 12 -4 6 -14 -16 -34 17 15 -23 29 -10 -15 -10 22 -20 -24 7 0 -15 21 18 27 0 13 9 8 14 3 -13 -20 32 3 2 13 3 -1 26 4 4 -4 20 11 -1 7 -12 -19 1 13 -13 31 -5 -32 -16 1 24
0 4 -21 -39 -17 17 -5 3 6 12 -4 6 -14 -16 -34 17 15 -23 29 -10 -15 -10 22 -20 -24 7 0 -15 21 18 27 0 13 9 8 14 3 -13 -20 32 3 2 13 3 -1 26 4 4 -4 20 11 -1 7 -12 -19 1 13 -13 31 -5 -32 -16 1 24
0 4 -21 -39 -17 17 -5 3 6 12 -4 6 -14 -16 -34 17 15 -23 29 -10 -15 -10 22 -20 -24 7 0 -15 21 18 27 0 13 9 8 14 3 -13 -20 32 3 2 13 3 -1 26 4 4 -4 20 11 -1 7 -12 -19 1 13 -13 31 -5 -32 -16 1 24
0 4 -21 -39 -17 17 -5 3 6 12 -4 6 -14 -16 -34 17 15 -23 29 -10 -15 -10 22 -20 -24 7 0 -15 21 18 27 0 13 9 8 14 3 -13 -20 32 3 2 13 3 -1 26 4 4 -4 20 11 -1 7 -12 -19 1 13 -13 31 -5 -32 -16 1 24
0 4 -21 -39 -17 17 -5 3 6 12 -4 6 -14 -16 -34 17 15 -23 29 -10 -15 -10 22 -20 -24 7 0 -15 21 18 27 0 13 9 8 14 3 -13 -20 32 3 2 13 3 -1 26 4 4 -4 20 11 -1 7 -12 -19 1 13 -13 31 -5 -32 -16 1 24
0 4 -21 -39 -17 17 -5 3 6 12 -4 6 -14 -16 -34 17 15 -23 29 -10 -15 -10 22 -20 -24 7 0 -15 21 18 27 0 13 9 8 14 3 -13 -20 32 3 2 13 3 -1 26 4 4 -4 20 11 -1 7 -12 -19 1 13 -13 31 -5 -32 -16 1 24
0 4 -21 -39 -17 17 -5 3 6 12 -4 6 -14 -16 -34 17 15 -23 29 -10 -15 -10 22 -20 -24 7 0 -15 21 18 27 0 13 9 8 14 3 -13 -20 32 3 2 13 3 -1 26 4 4 -4 20 11 -1 7 -12 -19 1 13 -13 31 -5 -32 -16 1 24
0 4 -21 -39 -17 17 -5 3 6 12 -4 6 -14 -16 -34 17 15 -23 29 -10 -15 -10 22 -20 -24 7 0 -15 21 18 27 0 13 9 8 14 3 -13 -20 32 3 2 13 3 -1 26 4 4 -4 20 11 -1 7 -12 -19 1 13 -13 31 -5 -32 -16 1 24
0 4 -21 -39 -17 17 -5 3 6 12 -4 6 -14 -16 -34 17 15 -23 29 -10 -15 -10 22 -20 -24 7 0 -15 21 18 27 0 13 9 8 14 3 -13 -20 32 3 2 13 3 -1 26 4 4 -4 20 11 -1 7 -12 -19 1 13 -13 31 -5 -32 -16 1 24
0 4 -21 -39 -17 17 -5 3 6 12 -4 6 -14 -16 -34 17 15 -23 29 -10 -15 -10 22 -20 -24 7 0 -15 21 18 27 0 13 9 8 14 3 -13 -20 32 3 2 13 3 -1 26 4 4 -4 20 11 -1 7 -12 -19 1 13 -13 31 -5 -32 -16 1 24
0 4 -21 -39 -17 17 -5 3 6 12 -4 6 -14 -16 -34 17 15 -23 29 -10 -15 -10 22 -20 -24 7 0 -15 21 18 27 0 13 9 8 14 3 -13 -20 32 3 2 13 3 -1 26 4 4 -4 20 11 -1 7 -12 -19 1 13 -13 31 -5 -32 -16 1 24
0 4 -21 -39 -17 17 -5 3 6 12 -4 6 -14 -16 -34 17 15 -23 29 -10 -15 -10 22 -20 -24 7 0 -15 21 18 27 0 13 9 8 14 3 -13 -20 32 3 2 13 3 -1 26 4 4 -4 20 11 -1 7 -12 -19 1 13 -13 31 -5 -32 -16 1 24
0 4 -21 -39 -17 17 -5 3 6 12 -4 6 -14 -16 -34 17 15 -23 29 -10 -15 -10 22 -20 -24 7 0 -15 21 18 27 0 13 9 8 14 3 -13 -20 32 3 2 13 3 -1 26 4 4 -4 20 11 -1 7 -12 -19 1 13 -13 31 -5 -32 -16 1 24
0 4 -21 -39 -17 17 -5 3 6 12 -4 6 -14 -16 -34 17 15 -23 29 -10 -15 -10 22 -20 -24 7 0 -15 21 18 27 0 13 9 8 14 3 -13 -20 32 3 2 13 3 -1 26 4 4 -4 20 11 -1 7 -12 -19 1 13 -13 31 -5 -32 -16 1 24
0 4 -21 -39 -17 17 -5 3 6 12 -4 6 -14 -16 -34 17 15 -23 29 -10 -15 -10 22 -20 -24 7 0 -15 21 18 27 0 13 9 8 14 3 -13 -20 32 3 2 13 3 -1 26 4 4 -4 20 11 -1 7 -12 -19 1 13 -13 31 -5 -32 -16 1 24
0 4 -21 -39 -17 17 -5 3 6 12 -4 6 -14 -16 -34 17 15 -23 29 -10 -15 -10 22 -20 -24 7 0 -15 21 18 27 0 13 9 8 14 3 -13 -20 32 3 2 13 3 -1 26 4 4 -4 20 11 -1 7 -12 -19 1 13 -13 31 -5 -32 -16 1 24
0 4 -21 -39 -17 17 -5 3 6 12 -4 6 -14 -16 -34 17 15 -23 29 -10 -15 -10 22 -20 -24 7 0 -15 21 18 27 0 13 9 8 14 3 -13 -20 32 3 2 13 3 -1 26 4 4 -4 20 11 -1 7 -12 -19 1 13 -13 31 -5 -32 -16 1 24
0 4 -21 -39 -17 17 -5 3 6 12 -4 6 -14 -16 -34 17 15 -23 29 -10 -15 -10 22 -20 -24 7 0 -15 21 18 27 0 13 9 8 14 3 -13 -20 32 3 2 13 3 -1 26 4 4 -4 20 11 -1 7 -12 -19 1 13 -13 31 -5 -32 -16 1 24
0 4 -21 -39 -17 17 -5 3 6 12 -4 6 -14 -16 -34 17 15 -23 29 -10 -15 -10 22 -20 -24 7 0 -15 21 18 27 0 13 9 8 14 3 -13 -20 32 3 2 13 3 -1 26 4 4 -4 20 11 -1 7 -12 -19 1 13 -13 31 -5 -32 -16 1 24
0 4 -21 -39 -17 17 -5 3 6 12 -4 6 -14 -16 -34 17 15 -23 29 -10 -15 -10 22 -20 -24 7 0 -15 21 18 27 0 13 9 8 14 3 -13 -20 32 3 2 13 3 -1 26 4 4 -4 20 11 -1 7 -12 -19 1 13 -13 31 -5 -32 -16 1 24
0 4 -21 -39 -17 17 -5 3 6 12 -4 6 -14 -16 -34 17 15 -23 29 -10 -15 -10 22 -20 -24 7 0 -15 21 18 27 0 13 9 8 14 3 -13 -20 32 3 2 13 3 -1 26 4 4 -4 20 11 -1 7 -12 -19 1 13 -13 31 -5 -32 -16 1 24
0 4 -21 -39 -17 17 -5 3 6 12 -4 6 -14 -16 -34 17 15 -23 29 -10 -15 -10 22 -20 -24 7 0 -15 21 18 27 0 13 9 8 14 3 -13 -20 32 3 2 13 3 -1 26 4 4 -4 20 11 -1 7 -12 -19 1 13 -13 31 -5 -32 -16 1 24
0 4 -21 -39 -17 17 -5 3 6 12 -4 6 -14 -16 -34 17 15 -23 29 -10 -15 -10 22 -20 -24 7 0 -15 21 18 27 0 13 9 8 14 3 -13 -20 32 3 2 13 3 -1 26 4 4 -4 20 11 -1 7 -12 -19 1 13 -13 31 -5 -32 -16 1 24
0 4 -21 -39 -17 17 -5 3 6 12 -4 6 -14 -16 -34 17 15 -23 29 -10 -15 -10 22 -20 -24 7 0 -15 21 18 27 0 13 9 8 14 3 -13 -20 32 3 2 13 3 -1 26 4 4 -4 20 11 -1 7 -12 -19 1 13 -13 31 -5 -32 -16 1 24
0 4 -21 -39 -17 17 -5 3 6 12 -4 6 -14 -16 -34 17 15 -23 29 -10 -15 -10 22 -20 -24 7 0 -15 21 18 27 0 13 9 8 14 3 -13 -20 32 3 2 13 3 -1 26 4 4 -4 20 11 -1 7 -12 -19 1 13 -13 31 -5 -32 -16 1 24
0 4 -21 -39 -17 17 -5 3 6 12 -4 6 -14 -16 -34 17 15 -23 29 -10 -15 -10 22 -20 -24 7 0 -15 21 18 27 0 13 9 8 14 3 -13 -20 32 3 2 13 3 -1 26 4 4 -4 20 11 -1 7 -12 -19 1 13 -13 31 -5 -32 -16 1 24
0 4 -21 -39 -17 17 -5 3 6 12 -4 6 -14 -16 -34 17 15 -23 29 -10 -15 -10 22 -20 -24 7 0 -15 21 18 27 0 13 9 8 14 3 -13 -20 32 3 2 13 3 -1 26 4 4 -4 20 11 -1 7 -12 -19 1 13 -13 31 -5 -32 -16 1 24
0 4 -21 -39 -17 17 -5 3 6 12 -4 6 -14 -16 -34 17 15 -23 29 -10 -15 -10 22 -20 -24 7 0 -15 21 18 27 0 13 9 8 14 3 -13 -20 32 3 2 13 3 -1 26 4 4 -4 20 11 -1 7 -12 -19 1 13 -13 31 -5 -32 -16 1 24
0 4 -21 -39 -17 17 -5 3 6 12 -4 6 -14 -16 -34 17 15 -23 29 -10 -15 -10 22 -20 -24 7 0 -15 21 18 27 0 13 9 8 14 3 -13 -20 32 3 2 13 3 -1 26 4 4 -4 20 11 -1 7 -12 -19 1 13 -13 31 -5 -32 -16 1 24
0 4 -21 -39 -17 17 -5 3 6 12 -4 6 -14 -16 -34 17 15 -23 29 -10 -15 -10 22 -20 -24 7 0 -15 21 18 27 0 13 9 8 14 3 -13 -20 32 3 2 13 3 -1 26 4 4 -4 20 11 -1 7 -12 -19 1 13 -13 31 -5 -32 -16 1 24
0 4 -21 -39 -17 17 -5 3 6 12 -4 6 -14 -16 -34 17 15 -23 29 -10 -15 -10 22 -20 -24 7 0 -15 21 18 27 0 13 9 8 14 3 -13 -20 32 3 2 13 3 -1 26 4 4 -4 20 11 -1 7 -12 -19 1 13 -13 31 -5 -32 -16 1 24
0 4 -21 -39 -17 17 -5 3 6 12 -4 6 -14 -16 -34 17 15 -23 29 -10 -15 -10 22 -20 -24 7 0 -15 21 18 27 0 13 9 8 14 3 -13 -20 32 3 2 13 3 -1 26 4 4 -4 20 11 -1 7 -12 -19 1 13 -13 31 -5 -32 -16 1 24
0 4 -21 -39 -17 17 -5 3 6 12 -4 6 -14 -16 -34 17 15 -23 29 -10 -15 -10 22 -20 -24 7 0 -15 21 18 27 0 13 9 8 14 3 -13 -20 32 3 2 13 3 -1 26 4 4 -4 20 11 -1 7 -12 -19 1 13 -13 31 -5 -32 -16 1 24
0 4 -21 -39 -17 17 -5 3 6 12 -4 6 -14 -16 -34 17 15 -23 29 -10 -15 -10 22 -20 -24 7 0 -15 21 18 27 0 13 9 8 14 3 -13 -20 32 3 2 13 3 -1 26 4 4 -4 20 11 -1 7 -12 -19 1 13 -13 31 -5 -32 -16 1 24
0 4 -21 -39 -17 17 -5 3 6 12 -4 6 -14 -16 -34 17 15 -23 29 -10 -15 -10 22 -20 -24 7 0 -15 21 18 27 0 13 9 8 14 3 -13 -20 32 3 2 13 3 -1 26 4 4 -4 20 11 -1 7 -12 -19 1 13 -13 31 -5 -32 -16 1 24
0 4 -21 -39 -17 17 -5 3 6 12 -4 6 -14 -16 -34 17 15 -23 29 -10 -15 -10 22 -20 -24 7 0 -15 21 18 27 0 13 9 8 14 3 -13 -20 32 3 2 13 3 -1 26 4 4 -4 20 11 -1 7 -12 -19 1 13 -13 31 -5 -32 -16 1 24
0 4 -21 -39 -17 17 -5 3 6 12 -4 6 -14 -16 -34 17 15 -23 29 -10 -15 -10 22 -20 -24 7 0 -15 21 18 27 0 13 9 8 14 3 -13 -20 32 3 2 13 3 -1 26 4 4 -4 20 11 -1 7 -12 -19 1 13 -13 31 -5 -32 -16 1 24
0 4 -21 -39 -17 17 -5 3 6 12 -4 6 -14 -16 -34 17 15 -23 29 -10 -15 -10 22 -20 -24 7 0 -15 21 18 27 0 13 9 8 14 3 -13 -20 32 3 2 13 3 -1 26 4 4 -4 20 11 -1 7 -12 -19 1 13 -13 31 -5 -32 -16 1 24
0 4 -21 -39 -17 17 -5 3 6 12 -4 6 -14 -16 -34 17 15 -23 29 -10 -15 -10 22 -20 -24 7 0 -15 21 18 27 0 13 9 8 14 3 -13 -20 32 3 2 13 3 -1 26 4 4 -4 20 11 -1 7 -12 -19 1 13 -13 31 -5 -32 -16 1 24
0 4 -21 -39 -17 17 -5 3 6 12 -4 6 -14 -16 -34 17 15 -23 29 -10 -15 -10 22 -20 -24 7 0 -15 21 18 27 0 13 9 8 14 3 -13 -20 32 3 2 13 3 -1 26 4 4 -4 20 11 -1 7 -12 -19 1 13 -13 31 -5 -32 -16 1 24
0 4 -21 -39 -17 17 -5 3 6 12 -4 6 -14 -16 -34 17 15 -23 29 -10 -15 -10 22 -20 -24 7 0 -15 21 18 27 0 13 9 8 14 3 -13 -20 32 3 2 13 3 -1 26 4 4 -4 20 11 -1 7 -12 -19 1 13 -13 31 -5 -32 -16 1 24
0 4 -21 -39 -17 17 -5 3 6 12 -4 6 -14 -16 -34 17 15 -23 29 -10 -15 -10 22 -20 -24 7 0 -15 21 18 27 0 13 9 8 14 3 -13 -20 32 3 2 13 3 -1 26 4 4 -4 20 11 -1 7 -12 -19 1 13 -13 31 -5 -32 -16 1 24
0 4 -21 -39 -17 17 -5 3 6 12 -4 6 -14 -16 -34 17 15 -23 29 -10 -15 -10 22 -20 -24 7 0 -15 21 18 27 0 13 9 8 14 3 -13 -20 32 3 2 13 3 -1 26 4 4 -4 20 11 -1 7 -12 -19 1 13 -13 31 -5 -32 -16 1 24
0 4 -21 -39 -17 17 -5 3 6 12 -4 6 -14 -16 -34 17 15 -23 29 -10 -15 -10 22 -20 -24 7 0 -15 21 18 27 0 13 9 8 14 3 -13 -20 32 3 2 13 3 -1 26 4 4 -4 20 11 -1 7 -12 -19 1 13 -13 31 -5 -32 -16 1 24
0 4 -21 -39 -17 17 -5 3 6 12 -4 6 -14 -16 -34 17 15 -23 29 -10 -15 -10 22 -20 -24 7 0 -15 21 18 27 0 13 9 8 14 3 -13 -20 32 3 2 13 3 -1 26 4 4 -4 20 11 -1 7 -12 -19 1 13 -13 31 -5 -32 -16 1 24
0 4 -21 -39 -17 17 -5 3 6 12 -4 6 -14 -16 -34 17 15 -23 29 -10 -15 -10 22 -20 -24 7 0 -15 21 18 27 0 13 9 8 14 3 -13 -20 32 3 2 13 3 -1 26 4 4 -4 20 11 -1 7 -12 -19 1 13 -13 31 -5 -32 -16 1 24
0 4 -21 -39 -17 17 -5 3 6 12 -4 6 -14 -16 -34 17 15 -23 29 -10 -15 -10 22 -20 -24 7 0 -15 21 18 27 0 13 9 8 14 3 -13 -20 32 3 2 13 3 -1 26 4 4 -4 20 11 -1 7 -12 -19 1 13 -13 31 -5 -32 -16 1 24
0 4 -21 -39 -17 17 -5 3 6 12 -4 6 -14 -16 -34 17 15 -23 29 -10 -15 -10 22 -20 -24 7 0 -15 21 18 27 0 13 9 8 14 3 -13 -20 32 3 2 13 3 -1 26 4 4 -4 20 11 -1 7 -12 -19 1 13 -13 31 -5 -32 -16 1 24
0 4 -21 -39 -17 17 -5 3 6 12 -4 6 -14 -16 -34 17 15 -23 29 -10 -15 -10 22 -20 -24 7 0 -15 21 18 27 0 13 9 8 14 3 -13 -20 32 3 2 13 3 -1 26 4 4 -4 20 11 -1 7 -12 -19 1 13 -13 31 -5 -32 -16 1 24
0 4 -21 -39 -17 17 -5 3 6 12 -4 6 -14 -16 -34 17 15 -23 29 -10 -15 -10 22 -20 -24 7 0 -15 21 18 27 0 13 9 8 14 3 -13 -20 32 3 2 13 3 -1 26 4 4 -4 20 11 -1 7 -12 -19 1 13 -13 31 -5 -32 -16 1 24
0 4 -21 -39 -17 17 -5 3 6 12 -4 6 -14 -16 -34 17 15 -23 29 -10 -15 -10 22 -20 -24 7 0 -15 21 18 27 0 13 9 8 14 3 -13 -20 32 3 2 13 3 -1 26 4 4 -4 20 11 -1 7 -12 -19 1 13 -13 31 -5 -32 -16 1 24
0 4 -21 -39 -17 17 -5 3 6 12 -4 6 -14 -16 -34 17 15 -23 29 -10 -15 -10 22 -20 -24 7 0 -15 21 18 27 0 13 9 8 14 3 -13 -20 32 3 2 13 3 -1 26 4 4 -4 20 11 -1 7 -12 -19 1 13 -13 31 -5 -32 -16 1 24
0 4 -21 -39 -17 17 -5 3 6 12 -4 6 -14 -16 -34 17 15 -23 29 -10 -15 -10 22 -20 -24 7 0 -15 21 18 27 0 13 9 8 14 3 -13 -20 32 3 2 13 3 -1 26 4 4 -4 20 11 -1 7 -12 -19 1 13 -13 31 -5 -32 -16 1 24
0 4 -21 -39 -17 17 -5 3 6 12 -4 6 -14 -16 -34 17 15 -23 29 -10 -15 -10 22 -20 -24 7 0 -15 21 18 27 0 13 9 8 14 3 -13 -20 32 3 2 13 3 -1 26 4 4 -4 20 11 -1 7 -12 -19 1 13 -13 31 -5 -32 -16 1 24
0 4 -21 -39 -17 17 -5 3 6 12 -4 6 -14 -16 -34 17 15 -23 29 -10 -15 -10 22 -20 -24 7 0 -15 21 18 27 0 13 9 8 14 3 -13 -20 32 3 2 13 3 -1 26 4 4 -4 20 11 -1 7 -12 -19 1 13 -13 31 -5 -32 -16 1 24
