10 7 -11 -6 4 9 30 -10 -8 -17 -2 -14 0 -10 1 -4 -4 -15 -10 -5 14 12 -1 -9 7 24 -7 0 8 5 6 -3 4 -2 -5 -1 20 -6 -15 -6 -5 -7 -12 10 -21 -13 -16 0 -12 6 -37 15 19 11 -7 -7 20 -12 2 -1 -18 3 -14 -4
-6 6 1 2 12 -17 4 -17 -24 -18 -6 -14 -5 9 -10 -23 29 -3 6 2 5 3 -7 0 -35 0 -5 18 0 7 9 -10 11 -12 -40 -22 -12 -5 4 11 15 -14 3 -12 -5 8 -1 -11 11 -4 -46 -2 15 -4 23 -23 27 3 1 -12 -8 -28 -19 33
7 -7 -4 2 8 -19 12 -19 -35 5 0 -39 16 13 7 -23 11 -16 -1 9 -1 -3 9 2 -17 7 -4 6 -5 21 6 5 6 -3 -53 9 -2 -8 -10 -17 6 -6 0 -2 -8 -6 -21 19 10 13 -51 -3 19 14 23 5 16 10 -6 -14 -7 -15 -18 21
-6 13 -7 -9 -9 -18 3 -1 -24 5 8 -22 -1 1 -2 -24 22 -28 1 -3 -7 -1 6 -10 -21 15 -17 1 1 11 7 0 -4 -17 -50 9 1 -11 -8 -7 29 -15 -14 -11 -12 6 -9 17 4 12 -55 1 15 2 20 -3 12 -5 -11 -22 -16 -5 -25 21
2 -5 -21 -25 -4 0 -1 0 -29 6 13 -29 -5 -6 8 -16 8 -24 -2 -17 -20 3 17 -12 -13 -4 3 1 13 -3 1 17 -12 0 -45 8 9 0 -23 -4 12 -1 -4 -16 -2 -4 -12 35 -2 14 -48 18 4 11 18 9 -5 -26 -8 -2 -32 -21 -15 7
-1 6 -19 -19 1 2 -13 2 -15 3 13 5 -9 4 5 -8 34 -33 1 -11 -9 10 10 5 -6 -13 0 8 3 6 7 -5 -8 -4 -58 5 0 -22 -12 0 8 -4 -11 -24 2 1 -2 34 27 9 -51 14 13 12 21 -15 -24 5 -8 -14 -15 -20 -4 30
5 4 -9 -10 -2 -15 7 5 -14 15 9 -21 17 9 7 -11 22 -32 15 -8 -36 12 6 -14 -11 8 -12 -5 6 19 2 -24 -20 -14 -48 -1 9 -1 -12 -26 26 0 -8 0 -12 11 -14 45 -15 22 -55 11 -12 -3 13 -13 -8 -11 15 3 -14 -2 -7 0
6 -1 -8 -22 7 -23 -4 3 -27 12 8 -20 9 10 5 0 6 -23 4 -9 -6 4 3 7 -23 15 -12 7 -11 18 6 -21 -17 -14 -39 -7 17 -9 -16 -5 27 -1 -15 -8 -13 0 -14 31 14 0 -59 7 16 8 8 -23 -12 -5 -10 -10 -24 -13 -16 9
17 -5 -15 2 -8 -20 -16 -2 -34 18 4 -37 9 9 -5 -10 4 -8 6 -1 -6 2 6 -4 -24 18 3 -3 -1 15 16 -4 -15 -14 -46 6 -10 -22 -19 -6 18 -1 -18 -22 2 4 -11 29 5 19 -59 -4 14 1 12 -19 -2 -16 5 -9 -6 -22 -15 14
50 -5 -6 10 1 -33 -3 0 -19 13 6 -47 14 9 29 -11 5 14 5 15 4 -11 17 -27 -10 27 12 -32 8 18 7 24 -18 -1 -31 9 19 -7 29 -7 23 14 7 3 -1 9 -17 6 12 -16 -86 5 14 29 22 2 -7 -3 -6 4 -10 -20 22 15
0 -13 -11 1 -8 -22 -23 1 -29 6 -9 -29 5 3 -8 -13 19 -2 13 -5 -2 -6 7 -9 -27 -9 3 -13 3 8 19 -9 0 -18 -58 -4 -8 -27 -15 10 9 -17 -2 -27 6 -1 -14 12 9 17 -58 1 18 1 26 -13 -7 -1 -9 -6 -4 -16 -9 33
6 -19 -5 -18 -17 -6 -9 13 -32 15 -3 -44 5 7 0 -16 5 -11 18 10 -11 1 10 -11 -32 -8 -4 -1 4 12 18 -3 -8 -8 -54 25 10 -13 -7 -9 10 -13 -6 -18 -7 3 -16 35 9 15 -60 8 11 25 16 -8 -1 -17 -7 -2 -11 -8 -10 24
-11 -3 3 0 -22 -13 -4 -3 -25 15 16 -44 8 13 15 -24 15 -4 -2 -5 -13 1 -1 -8 -35 1 -14 4 -5 5 10 -1 3 -21 -49 12 1 -15 -14 -9 7 -14 -7 -11 -1 2 -4 6 15 12 -58 -6 15 4 13 -3 6 -2 -13 2 -8 -9 -8 25
3 -4 -14 -15 0 4 -10 6 -24 4 23 -41 2 7 21 -21 3 -4 3 -7 -12 -8 5 -5 -13 3 -9 14 -11 3 12 7 6 4 -39 9 -4 -16 -27 1 0 0 -7 -11 -7 0 1 27 20 0 -57 9 21 28 6 -3 -2 -25 -8 -12 -26 0 -16 15
29 -5 -7 5 -14 3 7 -2 -18 19 6 -50 12 7 19 -13 15 0 -12 13 -18 -4 -6 -30 1 29 22 2 -3 20 11 7 -1 2 -48 12 13 -18 6 -24 -2 4 9 -23 0 1 -11 18 18 9 -72 -3 22 27 4 16 -21 -26 -4 -8 -12 -20 6 3
2 -13 -18 -2 -9 -6 -8 5 -15 11 6 -31 -6 12 -3 -27 20 -15 2 -5 -12 4 14 -8 -19 -10 0 8 -8 8 13 -14 -1 -14 -54 7 -9 -32 -11 -11 1 -4 3 -22 1 6 -2 4 29 6 -62 -15 16 14 8 -14 -17 -9 -11 -12 -2 -19 1 25
5 -20 -12 -20 -6 -11 -3 20 -10 3 4 -44 4 10 -4 -33 11 -9 -6 -9 -12 15 16 -20 -16 -1 -10 17 2 -2 4 -8 -13 -14 -42 8 6 -9 -7 -3 22 10 -12 -26 -5 15 -13 25 9 6 -66 17 4 12 3 -5 -10 -10 -5 -7 -15 -15 -19 18
-3 -6 -20 6 -23 -8 0 11 -22 24 0 -25 -2 14 -6 -23 24 -11 -11 1 -24 7 10 -21 -19 3 4 8 -5 19 23 -12 -7 2 -51 12 -4 -17 -13 -5 19 4 -12 -22 -2 13 -2 24 15 22 -63 6 15 13 -6 -3 -8 -4 -10 -8 -3 -22 -3 19
1 -2 -17 -10 -13 -14 -16 12 -12 -8 -6 -23 1 15 -10 -35 18 -9 5 -16 -7 1 15 -10 -20 -24 0 4 -12 6 27 -27 13 6 -39 5 3 -27 -19 14 23 1 -12 -23 2 15 -22 26 21 23 -71 5 12 32 13 -18 -16 -2 -5 -12 -8 -17 -1 21
12 -8 -10 -8 -6 -12 1 19 -19 8 -6 -38 11 15 -3 -21 3 -12 -13 -19 -11 -1 18 -17 -32 0 -9 14 -2 12 24 -17 -4 8 -49 12 11 -19 -23 4 18 -1 -9 -23 -4 -4 -15 12 9 17 -64 12 15 25 3 -14 5 -18 -1 4 -2 -20 -17 17
1 -1 1 -14 8 -9 5 9 -18 16 -10 -37 12 18 7 -14 8 -9 1 -10 -6 8 6 -15 -36 -5 -11 10 3 14 19 -27 2 4 -48 -6 17 -14 -16 4 4 -3 -18 -16 -6 -1 -14 13 14 10 -62 3 14 36 -8 -11 -1 -20 -2 2 -11 -16 -14 8
27 4 14 30 -10 1 13 -2 -42 18 13 -39 5 34 8 -18 5 -3 4 10 4 -8 13 -26 -12 22 18 0 -28 27 8 -3 14 4 -42 16 18 -18 21 -17 16 3 10 -12 0 -13 -19 17 31 -2 -77 -9 20 38 5 20 11 -10 -12 -3 -28 -14 -2 -2
1 1 8 -7 3 4 13 5 -4 -4 0 2 5 -2 -4 -2 -7 2 -9 1 12 4 -8 1 -1 4 -8 3 7 -1 -8 4 9 1 -1 5 2 -2 -3 2 4 -5 -9 1 -7 -3 -1 -3 2 1 -28 -1 6 0 -6 -4 5 4 0 -1 -2 -2 -6 -2
-7 10 -12 5 -5 3 3 -11 -22 -6 -3 -2 9 22 1 -17 22 -6 2 20 11 -16 8 -14 -17 21 11 -25 -11 14 1 3 10 -12 -30 1 0 -37 25 -22 8 -7 1 11 -20 10 -14 4 4 13 -54 0 5 18 2 -3 3 8 -2 2 -7 -14 -9 28
9 8 -17 -4 -3 -2 -1 -17 -22 -12 -9 -8 17 25 4 -22 34 -19 15 -2 29 -12 5 -6 -13 8 13 -15 -16 26 -19 12 23 -11 -42 -3 -2 -41 27 -17 19 4 16 5 -11 17 -17 20 13 11 -69 -11 11 23 17 -3 -6 7 -1 -21 -8 -9 1 24
5 3 -22 -2 -17 -16 6 -10 -28 -4 3 -19 12 20 4 -31 30 -15 3 -11 8 -9 1 -4 -25 5 3 -22 -11 7 -1 -5 -2 -8 -50 -3 9 -15 12 -8 20 -5 10 6 -21 17 -12 18 -1 22 -63 -1 14 25 14 -3 9 2 -2 -21 8 -6 -12 20
-6 -1 -21 -34 -18 -21 0 -1 -37 6 13 -20 1 14 17 -17 10 -15 3 -25 -18 14 5 -7 -3 -1 3 -10 12 -10 0 12 -3 25 -37 12 12 14 -3 -17 24 14 0 -12 -4 7 -19 40 -6 24 -65 41 3 20 17 2 -2 -17 1 11 -26 -18 -1 5
4 8 -23 -16 -10 -12 -6 4 -27 -6 22 11 -4 13 15 -16 22 -24 -5 -23 -3 23 15 7 -1 -29 5 -16 0 13 5 -15 10 18 -42 7 13 -16 -4 12 26 2 -6 -13 -10 20 -16 36 25 7 -59 28 7 26 21 -26 -12 11 -10 8 -14 -5 2 19
10 9 -3 -18 -23 -28 11 0 -26 22 6 -22 2 21 10 -16 10 -12 12 -20 -10 18 15 6 -23 -1 6 -8 2 7 20 -25 -13 8 -45 12 16 1 -6 -19 27 -10 -3 11 -22 6 -29 29 -8 28 -65 29 -2 18 23 -16 14 2 6 30 -18 -18 -1 1
0 -1 0 -18 -19 -22 6 -1 -26 8 7 -13 4 16 12 -4 11 -3 4 -14 14 4 8 13 -32 -5 -6 -10 -7 12 9 -21 -13 1 -53 -1 14 -10 -9 2 12 -8 0 12 -23 5 -21 33 11 11 -59 15 11 28 21 -14 4 -4 -4 6 -6 -22 -5 9
4 0 -13 -6 -25 -20 -2 3 -33 14 5 -29 16 11 -3 -9 13 -5 2 -11 17 5 0 5 -25 9 -2 -14 8 10 13 -1 2 -6 -58 1 13 -19 -1 -7 9 -14 6 -3 -21 3 -19 31 -4 29 -56 11 20 7 19 -5 11 5 5 5 -6 -23 -4 3
4 -11 -8 -6 -24 -1 -2 6 -24 2 -6 -15 21 14 11 -17 17 -8 1 -11 1 -2 5 10 -21 -6 -5 -14 5 -2 7 -1 16 6 -57 1 12 -8 1 -1 19 -12 -1 -3 -20 8 -9 18 -1 21 -44 12 19 12 10 -9 3 -3 1 2 -2 -14 -8 14
0 -12 1 -25 -46 -1 2 4 -34 4 2 -39 0 18 3 -12 10 -18 3 4 2 -5 13 12 -23 -25 -1 -19 5 10 2 -8 9 9 -67 25 21 -13 2 1 6 -2 14 -2 -15 -7 -20 44 12 30 -66 18 10 25 8 1 9 -14 -1 -1 -11 -10 2 17
-10 -8 -10 -16 -27 4 9 -4 -17 11 1 -23 1 19 7 -16 20 -10 0 -16 -1 10 4 0 -16 -6 -10 -11 -14 12 0 -10 3 -10 -51 11 5 -6 3 -7 11 -9 8 5 -26 3 -5 20 14 17 -55 -1 31 18 6 4 -7 -7 -8 3 -10 -18 -11 17
1 -18 -16 -23 -25 -15 10 0 -16 -8 0 -34 0 12 -4 -29 15 -9 1 -16 -10 13 12 0 -11 -3 -4 -5 3 3 -2 -8 -7 8 -43 18 19 -7 2 -2 24 7 3 -16 -14 9 -24 38 10 30 -65 26 -3 23 10 6 -12 -6 -12 -16 -11 -12 -15 11
-1 0 -16 -1 -32 -10 7 -2 -27 7 -4 -18 2 19 3 -14 22 -14 -11 -13 -15 7 1 -1 -18 -7 3 -15 -13 22 5 -12 0 13 -49 21 13 -17 11 -5 10 1 1 -10 -8 12 -16 36 17 34 -60 16 17 22 5 -2 -13 -3 -8 -12 -4 -12 -5 8
-4 -7 -26 -12 -17 -16 -13 2 -14 -17 -4 -13 1 17 0 -21 21 -18 0 -27 -6 5 13 12 -17 -33 0 -2 -7 13 9 -24 11 14 -41 9 16 -23 1 12 19 -1 2 -16 0 17 -24 34 15 18 -67 16 11 35 15 -16 -16 0 -2 -17 -3 -8 9 13
9 -3 -9 -16 -12 -11 9 -5 -29 2 4 -29 10 12 9 -24 9 -18 -1 -24 3 4 15 6 -27 -15 -7 6 0 15 10 -23 -4 21 -44 16 17 -4 -10 11 20 3 -4 -8 -13 0 -22 32 20 17 -65 21 18 25 0 -16 2 -3 -5 9 -3 -11 -5 12
5 4 -6 -7 -21 -12 9 0 -12 16 2 -24 11 18 -1 -9 10 -5 4 -15 3 9 7 -2 -35 -15 -11 -6 -9 13 7 -32 5 22 -52 1 25 -12 -6 1 20 -1 2 -6 -9 0 -26 27 17 13 -66 8 16 42 -2 -16 -3 -16 -9 8 -9 -12 -9 10
32 10 -5 28 -25 2 12 -6 -31 23 10 -30 13 18 16 -32 -1 5 11 7 11 -7 5 -12 -36 17 14 -4 -29 22 -2 -17 15 10 -52 9 19 -16 22 -8 25 -1 7 -1 -10 -2 -35 15 19 17 -79 -7 14 41 0 15 10 -12 -1 5 -10 -5 -4 1
1 1 9 -7 3 5 11 5 -3 -5 0 2 5 -2 -4 -2 -7 3 -10 2 12 4 -8 1 0 4 -8 4 8 -1 -8 4 9 0 -1 5 1 -3 -2 3 5 -6 -8 1 -7 -3 -1 -3 3 1 -29 -1 6 0 -6 -4 5 4 0 -1 -1 -2 -6 -1
-4 8 16 34 26 25 17 -7 -28 2 -6 -21 -9 8 -27 -16 15 3 -18 23 -7 -8 16 -3 -43 11 11 -9 0 3 14 -1 -12 -2 -6 -11 6 -27 -13 -5 -5 -5 -8 -4 -13 -5 -23 -2 0 -19 -52 -4 15 7 -2 -2 31 -7 -4 2 -10 -28 -9 15
-4 8 16 34 26 25 17 -7 -28 2 -6 -21 -9 8 -27 -16 15 3 -18 23 -7 -8 16 -3 -43 11 11 -9 0 3 14 -1 -12 -2 -6 -11 6 -27 -13 -5 -5 -5 -8 -4 -13 -5 -23 -2 0 -19 -52 -4 15 7 -2 -2 31 -7 -4 2 -10 -28 -9 15
-4 8 16 34 26 25 17 -7 -28 2 -6 -21 -9 8 -27 -16 15 3 -18 23 -7 -8 16 -3 -43 11 11 -9 0 3 14 -1 -12 -2 -6 -11 6 -27 -13 -5 -5 -5 -8 -4 -13 -5 -23 -2 0 -19 -52 -4 15 7 -2 -2 31 -7 -4 2 -10 -28 -9 15
-4 8 16 34 26 25 17 -7 -28 2 -6 -21 -9 8 -27 -16 15 3 -18 23 -7 -8 16 -3 -43 11 11 -9 0 3 14 -1 -12 -2 -6 -11 6 -27 -13 -5 -5 -5 -8 -4 -13 -5 -23 -2 0 -19 -52 -4 15 7 -2 -2 31 -7 -4 2 -10 -28 -9 15
-4 8 16 34 26 25 17 -7 -28 2 -6 -21 -9 8 -27 -16 15 3 -18 23 -7 -8 16 -3 -43 11 11 -9 0 3 14 -1 -12 -2 -6 -11 6 -27 -13 -5 -5 -5 -8 -4 -13 -5 -23 -2 0 -19 -52 -4 15 7 -2 -2 31 -7 -4 2 -10 -28 -9 15
-4 8 16 34 26 25 17 -7 -28 2 -6 -21 -9 8 -27 -16 15 3 -18 23 -7 -8 16 -3 -43 11 11 -9 0 3 14 -1 -12 -2 -6 -11 6 -27 -13 -5 -5 -5 -8 -4 -13 -5 -23 -2 0 -19 -52 -4 15 7 -2 -2 31 -7 -4 2 -10 -28 -9 15
-4 8 16 34 26 25 17 -7 -28 2 -6 -21 -9 8 -27 -16 15 3 -18 23 -7 -8 16 -3 -43 11 11 -9 0 3 14 -1 -12 -2 -6 -11 6 -27 -13 -5 -5 -5 -8 -4 -13 -5 -23 -2 0 -19 -52 -4 15 7 -2 -2 31 -7 -4 2 -10 -28 -9 15
-4 8 16 34 26 25 17 -7 -28 2 -6 -21 -9 8 -27 -16 15 3 -18 23 -7 -8 16 -3 -43 11 11 -9 0 3 14 -1 -12 -2 -6 -11 6 -27 -13 -5 -5 -5 -8 -4 -13 -5 -23 -2 0 -19 -52 -4 15 7 -2 -2 31 -7 -4 2 -10 -28 -9 15
-4 8 16 34 26 25 17 -7 -28 2 -6 -21 -9 8 -27 -16 15 3 -18 23 -7 -8 16 -3 -43 11 11 -9 0 3 14 -1 -12 -2 -6 -11 6 -27 -13 -5 -5 -5 -8 -4 -13 -5 -23 -2 0 -19 -52 -4 15 7 -2 -2 31 -7 -4 2 -10 -28 -9 15
-4 8 16 34 26 25 17 -7 -28 2 -6 -21 -9 8 -27 -16 15 3 -18 23 -7 -8 16 -3 -43 11 11 -9 0 3 14 -1 -12 -2 -6 -11 6 -27 -13 -5 -5 -5 -8 -4 -13 -5 -23 -2 0 -19 -52 -4 15 7 -2 -2 31 -7 -4 2 -10 -28 -9 15
-4 8 16 34 26 25 17 -7 -28 2 -6 -21 -9 8 -27 -16 15 3 -18 23 -7 -8 16 -3 -43 11 11 -9 0 3 14 -1 -12 -2 -6 -11 6 -27 -13 -5 -5 -5 -8 -4 -13 -5 -23 -2 0 -19 -52 -4 15 7 -2 -2 31 -7 -4 2 -10 -28 -9 15
-4 8 16 34 26 25 17 -7 -28 2 -6 -21 -9 8 -27 -16 15 3 -18 23 -7 -8 16 -3 -43 11 11 -9 0 3 14 -1 -12 -2 -6 -11 6 -27 -13 -5 -5 -5 -8 -4 -13 -5 -23 -2 0 -19 -52 -4 15 7 -2 -2 31 -7 -4 2 -10 -28 -9 15
-4 8 16 34 26 25 17 -7 -28 2 -6 -21 -9 8 -27 -16 15 3 -18 23 -7 -8 16 -3 -43 11 11 -9 0 3 14 -1 -12 -2 -6 -11 6 -27 -13 -5 -5 -5 -8 -4 -13 -5 -23 -2 0 -19 -52 -4 15 7 -2 -2 31 -7 -4 2 -10 -28 -9 15
-4 8 16 34 26 25 17 -7 -28 2 -6 -21 -9 8 -27 -16 15 3 -18 23 -7 -8 16 -3 -43 11 11 -9 0 3 14 -1 -12 -2 -6 -11 6 -27 -13 -5 -5 -5 -8 -4 -13 -5 -23 -2 0 -19 -52 -4 15 7 -2 -2 31 -7 -4 2 -10 -28 -9 15
-4 8 16 34 26 25 17 -7 -28 2 -6 -21 -9 8 -27 -16 15 3 -18 23 -7 -8 16 -3 -43 11 11 -9 0 3 14 -1 -12 -2 -6 -11 6 -27 -13 -5 -5 -5 -8 -4 -13 -5 -23 -2 0 -19 -52 -4 15 7 -2 -2 31 -7 -4 2 -10 -28 -9 15
-4 8 16 34 26 25 17 -7 -28 2 -6 -21 -9 8 -27 -16 15 3 -18 23 -7 -8 16 -3 -43 11 11 -9 0 3 14 -1 -12 -2 -6 -11 6 -27 -13 -5 -5 -5 -8 -4 -13 -5 -23 -2 0 -19 -52 -4 15 7 -2 -2 31 -7 -4 2 -10 -28 -9 15
-4 8 16 34 26 25 17 -7 -28 2 -6 -21 -9 8 -27 -16 15 3 -18 23 -7 -8 16 -3 -43 11 11 -9 0 3 14 -1 -12 -2 -6 -11 6 -27 -13 -5 -5 -5 -8 -4 -13 -5 -23 -2 0 -19 -52 -4 15 7 -2 -2 31 -7 -4 2 -10 -28 -9 15
-4 8 16 34 26 25 17 -7 -28 2 -6 -21 -9 8 -27 -16 15 3 -18 23 -7 -8 16 -3 -43 11 11 -9 0 3 14 -1 -12 -2 -6 -11 6 -27 -13 -5 -5 -5 -8 -4 -13 -5 -23 -2 0 -19 -52 -4 15 7 -2 -2 31 -7 -4 2 -10 -28 -9 15
-4 8 16 34 26 25 17 -7 -28 2 -6 -21 -9 8 -27 -16 15 3 -18 23 -7 -8 16 -3 -43 11 11 -9 0 3 14 -1 -12 -2 -6 -11 6 -27 -13 -5 -5 -5 -8 -4 -13 -5 -23 -2 0 -19 -52 -4 15 7 -2 -2 31 -7 -4 2 -10 -28 -9 15
-4 8 16 34 26 25 17 -7 -28 2 -6 -21 -9 8 -27 -16 15 3 -18 23 -7 -8 16 -3 -43 11 11 -9 0 3 14 -1 -12 -2 -6 -11 6 -27 -13 -5 -5 -5 -8 -4 -13 -5 -23 -2 0 -19 -52 -4 15 7 -2 -2 31 -7 -4 2 -10 -28 -9 15
-4 8 16 34 26 25 17 -7 -28 2 -6 -21 -9 8 -27 -16 15 3 -18 23 -7 -8 16 -3 -43 11 11 -9 0 3 14 -1 -12 -2 -6 -11 6 -27 -13 -5 -5 -5 -8 -4 -13 -5 -23 -2 0 -19 -52 -4 15 7 -2 -2 31 -7 -4 2 -10 -28 -9 15
-4 8 16 34 26 25 17 -7 -28 2 -6 -21 -9 8 -27 -16 15 3 -18 23 -7 -8 16 -3 -43 11 11 -9 0 3 14 -1 -12 -2 -6 -11 6 -27 -13 -5 -5 -5 -8 -4 -13 -5 -23 -2 0 -19 -52 -4 15 7 -2 -2 31 -7 -4 2 -10 -28 -9 15
-4 8 16 34 26 25 17 -7 -28 2 -6 -21 -9 8 -27 -16 15 3 -18 23 -7 -8 16 -3 -43 11 11 -9 0 3 14 -1 -12 -2 -6 -11 6 -27 -13 -5 -5 -5 -8 -4 -13 -5 -23 -2 0 -19 -52 -4 15 7 -2 -2 31 -7 -4 2 -10 -28 -9 15
-4 8 16 34 26 25 17 -7 -28 2 -6 -21 -9 8 -27 -16 15 3 -18 23 -7 -8 16 -3 -43 11 11 -9 0 3 14 -1 -12 -2 -6 -11 6 -27 -13 -5 -5 -5 -8 -4 -13 -5 -23 -2 0 -19 -52 -4 15 7 -2 -2 31 -7 -4 2 -10 -28 -9 15
-4 8 16 34 26 25 17 -7 -28 2 -6 -21 -9 8 -27 -16 15 3 -18 23 -7 -8 16 -3 -43 11 11 -9 0 3 14 -1 -12 -2 -6 -11 6 -27 -13 -5 -5 -5 -8 -4 -13 -5 -23 -2 0 -19 -52 -4 15 7 -2 -2 31 -7 -4 2 -10 -28 -9 15
-4 8 16 34 26 25 17 -7 -28 2 -6 -21 -9 8 -27 -16 15 3 -18 23 -7 -8 16 -3 -43 11 11 -9 0 3 14 -1 -12 -2 -6 -11 6 -27 -13 -5 -5 -5 -8 -4 -13 -5 -23 -2 0 -19 -52 -4 15 7 -2 -2 31 -7 -4 2 -10 -28 -9 15
-4 8 16 34 26 25 17 -7 -28 2 -6 -21 -9 8 -27 -16 15 3 -18 23 -7 -8 16 -3 -43 11 11 -9 0 3 14 -1 -12 -2 -6 -11 6 -27 -13 -5 -5 -5 -8 -4 -13 -5 -23 -2 0 -19 -52 -4 15 7 -2 -2 31 -7 -4 2 -10 -28 -9 15
-4 8 16 34 26 25 17 -7 -28 2 -6 -21 -9 8 -27 -16 15 3 -18 23 -7 -8 16 -3 -43 11 11 -9 0 3 14 -1 -12 -2 -6 -11 6 -27 -13 -5 -5 -5 -8 -4 -13 -5 -23 -2 0 -19 -52 -4 15 7 -2 -2 31 -7 -4 2 -10 -28 -9 15
-4 8 16 34 26 25 17 -7 -28 2 -6 -21 -9 8 -27 -16 15 3 -18 23 -7 -8 16 -3 -43 11 11 -9 0 3 14 -1 -12 -2 -6 -11 6 -27 -13 -5 -5 -5 -8 -4 -13 -5 -23 -2 0 -19 -52 -4 15 7 -2 -2 31 -7 -4 2 -10 -28 -9 15
-4 8 16 34 26 25 17 -7 -28 2 -6 -21 -9 8 -27 -16 15 3 -18 23 -7 -8 16 -3 -43 11 11 -9 0 3 14 -1 -12 -2 -6 -11 6 -27 -13 -5 -5 -5 -8 -4 -13 -5 -23 -2 0 -19 -52 -4 15 7 -2 -2 31 -7 -4 2 -10 -28 -9 15
-4 8 16 34 26 25 17 -7 -28 2 -6 -21 -9 8 -27 -16 15 3 -18 23 -7 -8 16 -3 -43 11 11 -9 0 3 14 -1 -12 -2 -6 -11 6 -27 -13 -5 -5 -5 -8 -4 -13 -5 -23 -2 0 -19 -52 -4 15 7 -2 -2 31 -7 -4 2 -10 -28 -9 15
-4 8 16 34 26 25 17 -7 -28 2 -6 -21 -9 8 -27 -16 15 3 -18 23 -7 -8 16 -3 -43 11 11 -9 0 3 14 -1 -12 -2 -6 -11 6 -27 -13 -5 -5 -5 -8 -4 -13 -5 -23 -2 0 -19 -52 -4 15 7 -2 -2 31 -7 -4 2 -10 -28 -9 15
-4 8 16 34 26 25 17 -7 -28 2 -6 -21 -9 8 -27 -16 15 3 -18 23 -7 -8 16 -3 -43 11 11 -9 0 3 14 -1 -12 -2 -6 -11 6 -27 -13 -5 -5 -5 -8 -4 -13 -5 -23 -2 0 -19 -52 -4 15 7 -2 -2 31 -7 -4 2 -10 -28 -9 15
-4 8 16 34 26 25 17 -7 -28 2 -6 -21 -9 8 -27 -16 15 3 -18 23 -7 -8 16 -3 -43 11 11 -9 0 3 14 -1 -12 -2 -6 -11 6 -27 -13 -5 -5 -5 -8 -4 -13 -5 -23 -2 0 -19 -52 -4 15 7 -2 -2 31 -7 -4 2 -10 -28 -9 15
-4 8 16 34 26 25 17 -7 -28 2 -6 -21 -9 8 -27 -16 15 3 -18 23 -7 -8 16 -3 -43 11 11 -9 0 3 14 -1 -12 -2 -6 -11 6 -27 -13 -5 -5 -5 -8 -4 -13 -5 -23 -2 0 -19 -52 -4 15 7 -2 -2 31 -7 -4 2 -10 -28 -9 15
-4 8 16 34 26 25 17 -7 -28 2 -6 -21 -9 8 -27 -16 15 3 -18 23 -7 -8 16 -3 -43 11 11 -9 0 3 14 -1 -12 -2 -6 -11 6 -27 -13 -5 -5 -5 -8 -4 -13 -5 -23 -2 0 -19 -52 -4 15 7 -2 -2 31 -7 -4 2 -10 -28 -9 15
-4 8 16 34 26 25 17 -7 -28 2 -6 -21 -9 8 -27 -16 15 3 -18 23 -7 -8 16 -3 -43 11 11 -9 0 3 14 -1 -12 -2 -6 -11 6 -27 -13 -5 -5 -5 -8 -4 -13 -5 -23 -2 0 -19 -52 -4 15 7 -2 -2 31 -7 -4 2 -10 -28 -9 15
-4 8 16 34 26 25 17 -7 -28 2 -6 -21 -9 8 -27 -16 15 3 -18 23 -7 -8 16 -3 -43 11 11 -9 0 3 14 -1 -12 -2 -6 -11 6 -27 -13 -5 -5 -5 -8 -4 -13 -5 -23 -2 0 -19 -52 -4 15 7 -2 -2 31 -7 -4 2 -10 -28 -9 15
-4 8 16 34 26 25 17 -7 -28 2 -6 -21 -9 8 -27 -16 15 3 -18 23 -7 -8 16 -3 -43 11 11 -9 0 3 14 -1 -12 -2 -6 -11 6 -27 -13 -5 -5 -5 -8 -4 -13 -5 -23 -2 0 -19 -52 -4 15 7 -2 -2 31 -7 -4 2 -10 -28 -9 15
-4 8 16 34 26 25 17 -7 -28 2 -6 -21 -9 8 -27 -16 15 3 -18 23 -7 -8 16 -3 -43 11 11 -9 0 3 14 -1 -12 -2 -6 -11 6 -27 -13 -5 -5 -5 -8 -4 -13 -5 -23 -2 0 -19 -52 -4 15 7 -2 -2 31 -7 -4 2 -10 -28 -9 15
-4 8 16 34 26 25 17 -7 -28 2 -6 -21 -9 8 -27 -16 15 3 -18 23 -7 -8 16 -3 -43 11 11 -9 0 3 14 -1 -12 -2 -6 -11 6 -27 -13 -5 -5 -5 -8 -4 -13 -5 -23 -2 0 -19 -52 -4 15 7 -2 -2 31 -7 -4 2 -10 -28 -9 15
-4 8 16 34 26 25 17 -7 -28 2 -6 -21 -9 8 -27 -16 15 3 -18 23 -7 -8 16 -3 -43 11 11 -9 0 3 14 -1 -12 -2 -6 -11 6 -27 -13 -5 -5 -5 -8 -4 -13 -5 -23 -2 0 -19 -52 -4 15 7 -2 -2 31 -7 -4 2 -10 -28 -9 15
-4 8 16 34 26 25 17 -7 -28 2 -6 -21 -9 8 -27 -16 15 3 -18 23 -7 -8 16 -3 -43 11 11 -9 0 3 14 -1 -12 -2 -6 -11 6 -27 -13 -5 -5 -5 -8 -4 -13 -5 -23 -2 0 -19 -52 -4 15 7 -2 -2 31 -7 -4 2 -10 -28 -9 15
-4 8 16 34 26 25 17 -7 -28 2 -6 -21 -9 8 -27 -16 15 3 -18 23 -7 -8 16 -3 -43 11 11 -9 0 3 14 -1 -12 -2 -6 -11 6 -27 -13 -5 -5 -5 -8 -4 -13 -5 -23 -2 0 -19 -52 -4 15 7 -2 -2 31 -7 -4 2 -10 -28 -9 15
-4 8 16 34 26 25 17 -7 -28 2 -6 -21 -9 8 -27 -16 15 3 -18 23 -7 -8 16 -3 -43 11 11 -9 0 3 14 -1 -12 -2 -6 -11 6 -27 -13 -5 -5 -5 -8 -4 -13 -5 -23 -2 0 -19 -52 -4 15 7 -2 -2 31 -7 -4 2 -10 -28 -9 15
-4 8 16 34 26 25 17 -7 -28 2 -6 -21 -9 8 -27 -16 15 3 -18 23 -7 -8 16 -3 -43 11 11 -9 0 3 14 -1 -12 -2 -6 -11 6 -27 -13 -5 -5 -5 -8 -4 -13 -5 -23 -2 0 -19 -52 -4 15 7 -2 -2 31 -7 -4 2 -10 -28 -9 15
-4 8 16 34 26 25 17 -7 -28 2 -6 -21 -9 8 -27 -16 15 3 -18 23 -7 -8 16 -3 -43 11 11 -9 0 3 14 -1 -12 -2 -6 -11 6 -27 -13 -5 -5 -5 -8 -4 -13 -5 -23 -2 0 -19 -52 -4 15 7 -2 -2 31 -7 -4 2 -10 -28 -9 15
-4 8 16 34 26 25 17 -7 -28 2 -6 -21 -9 8 -27 -16 15 3 -18 23 -7 -8 16 -3 -43 11 11 -9 0 3 14 -1 -12 -2 -6 -11 6 -27 -13 -5 -5 -5 -8 -4 -13 -5 -23 -2 0 -19 -52 -4 15 7 -2 -2 31 -7 -4 2 -10 -28 -9 15
-4 8 16 34 26 25 17 -7 -28 2 -6 -21 -9 8 -27 -16 15 3 -18 23 -7 -8 16 -3 -43 11 11 -9 0 3 14 -1 -12 -2 -6 -11 6 -27 -13 -5 -5 -5 -8 -4 -13 -5 -23 -2 0 -19 -52 -4 15 7 -2 -2 31 -7 -4 2 -10 -28 -9 15
-4 8 16 34 26 25 17 -7 -28 2 -6 -21 -9 8 -27 -16 15 3 -18 23 -7 -8 16 -3 -43 11 11 -9 0 3 14 -1 -12 -2 -6 -11 6 -27 -13 -5 -5 -5 -8 -4 -13 -5 -23 -2 0 -19 -52 -4 15 7 -2 -2 31 -7 -4 2 -10 -28 -9 15
-4 8 16 34 26 25 17 -7 -28 2 -6 -21 -9 8 -27 -16 15 3 -18 23 -7 -8 16 -3 -43 11 11 -9 0 3 14 -1 -12 -2 -6 -11 6 -27 -13 -5 -5 -5 -8 -4 -13 -5 -23 -2 0 -19 -52 -4 15 7 -2 -2 31 -7 -4 2 -10 -28 -9 15
-4 8 16 34 26 25 17 -7 -28 2 -6 -21 -9 8 -27 -16 15 3 -18 23 -7 -8 16 -3 -43 11 11 -9 0 3 14 -1 -12 -2 -6 -11 6 -27 -13 -5 -5 -5 -8 -4 -13 -5 -23 -2 0 -19 -52 -4 15 7 -2 -2 31 -7 -4 2 -10 -28 -9 15
-4 8 16 34 26 25 17 -7 -28 2 -6 -21 -9 8 -27 -16 15 3 -18 23 -7 -8 16 -3 -43 11 11 -9 0 3 14 -1 -12 -2 -6 -11 6 -27 -13 -5 -5 -5 -8 -4 -13 -5 -23 -2 0 -19 -52 -4 15 7 -2 -2 31 -7 -4 2 -10 -28 -9 15
-4 8 16 34 26 25 17 -7 -28 2 -6 -21 -9 8 -27 -16 15 3 -18 23 -7 -8 16 -3 -43 11 11 -9 0 3 14 -1 -12 -2 -6 -11 6 -27 -13 -5 -5 -5 -8 -4 -13 -5 -23 -2 0 -19 -52 -4 15 7 -2 -2 31 -7 -4 2 -10 -28 -9 15
-4 8 16 34 26 25 17 -7 -28 2 -6 -21 -9 8 -27 -16 15 3 -18 23 -7 -8 16 -3 -43 11 11 -9 0 3 14 -1 -12 -2 -6 -11 6 -27 -13 -5 -5 -5 -8 -4 -13 -5 -23 -2 0 -19 -52 -4 15 7 -2 -2 31 -7 -4 2 -10 -28 -9 15
-4 8 16 34 26 25 17 -7 -28 2 -6 -21 -9 8 -27 -16 15 3 -18 23 -7 -8 16 -3 -43 11 11 -9 0 3 14 -1 -12 -2 -6 -11 6 -27 -13 -5 -5 -5 -8 -4 -13 -5 -23 -2 0 -19 -52 -4 15 7 -2 -2 31 -7 -4 2 -10 -28 -9 15
-4 8 16 34 26 25 17 -7 -28 2 -6 -21 -9 8 -27 -16 15 3 -18 23 -7 -8 16 -3 -43 11 11 -9 0 3 14 -1 -12 -2 -6 -11 6 -27 -13 -5 -5 -5 -8 -4 -13 -5 -23 -2 0 -19 -52 -4 15 7 -2 -2 31 -7 -4 2 -10 -28 -9 15
-4 8 16 34 26 25 17 -7 -28 2 -6 -21 -9 8 -27 -16 15 3 -18 23 -7 -8 16 -3 -43 11 11 -9 0 3 14 -1 -12 -2 -6 -11 6 -27 -13 -5 -5 -5 -8 -4 -13 -5 -23 -2 0 -19 -52 -4 15 7 -2 -2 31 -7 -4 2 -10 -28 -9 15
-4 8 16 34 26 25 17 -7 -28 2 -6 -21 -9 8 -27 -16 15 3 -18 23 -7 -8 16 -3 -43 11 11 -9 0 3 14 -1 -12 -2 -6 -11 6 -27 -13 -5 -5 -5 -8 -4 -13 -5 -23 -2 0 -19 -52 -4 15 7 -2 -2 31 -7 -4 2 -10 -28 -9 15
-4 8 16 34 26 25 17 -7 -28 2 -6 -21 -9 8 -27 -16 15 3 -18 23 -7 -8 16 -3 -43 11 11 -9 0 3 14 -1 -12 -2 -6 -11 6 -27 -13 -5 -5 -5 -8 -4 -13 -5 -23 -2 0 -19 -52 -4 15 7 -2 -2 31 -7 -4 2 -10 -28 -9 15
-4 8 16 34 26 25 17 -7 -28 2 -6 -21 -9 8 -27 -16 15 3 -18 23 -7 -8 16 -3 -43 11 11 -9 0 3 14 -1 -12 -2 -6 -11 6 -27 -13 -5 -5 -5 -8 -4 -13 -5 -23 -2 0 -19 -52 -4 15 7 -2 -2 31 -7 -4 2 -10 -28 -9 15
-4 8 16 34 26 25 17 -7 -28 2 -6 -21 -9 8 -27 -16 15 3 -18 23 -7 -8 16 -3 -43 11 11 -9 0 3 14 -1 -12 -2 -6 -11 6 -27 -13 -5 -5 -5 -8 -4 -13 -5 -23 -2 0 -19 -52 -4 15 7 -2 -2 31 -7 -4 2 -10 -28 -9 15
-4 8 16 34 26 25 17 -7 -28 2 -6 -21 -9 8 -27 -16 15 3 -18 23 -7 -8 16 -3 -43 11 11 -9 0 3 14 -1 -12 -2 -6 -11 6 -27 -13 -5 -5 -5 -8 -4 -13 -5 -23 -2 0 -19 -52 -4 15 7 -2 -2 31 -7 -4 2 -10 -28 -9 15
-4 8 16 34 26 25 17 -7 -28 2 -6 -21 -9 8 -27 -16 15 3 -18 23 -7 -8 16 -3 -43 11 11 -9 0 3 14 -1 -12 -2 -6 -11 6 -27 -13 -5 -5 -5 -8 -4 -13 -5 -23 -2 0 -19 -52 -4 15 7 -2 -2 31 -7 -4 2 -10 -28 -9 15
-4 8 16 34 26 25 17 -7 -28 2 -6 -21 -9 8 -27 -16 15 3 -18 23 -7 -8 16 -3 -43 11 11 -9 0 3 14 -1 -12 -2 -6 -11 6 -27 -13 -5 -5 -5 -8 -4 -13 -5 -23 -2 0 -19 -52 -4 15 7 -2 -2 31 -7 -4 2 -10 -28 -9 15
-4 8 16 34 26 25 17 -7 -28 2 -6 -21 -9 8 -27 -16 15 3 -18 23 -7 -8 16 -3 -43 11 11 -9 0 3 14 -1 -12 -2 -6 -11 6 -27 -13 -5 -5 -5 -8 -4 -13 -5 -23 -2 0 -19 -52 -4 15 7 -2 -2 31 -7 -4 2 -10 -28 -9 15
-4 8 16 34 26 25 17 -7 -28 2 -6 -21 -9 8 -27 -16 15 3 -18 23 -7 -8 16 -3 -43 11 11 -9 0 3 14 -1 -12 -2 -6 -11 6 -27 -13 -5 -5 -5 -8 -4 -13 -5 -23 -2 0 -19 -52 -4 15 7 -2 -2 31 -7 -4 2 -10 -28 -9 15
-4 8 16 34 26 25 17 -7 -28 2 -6 -21 -9 8 -27 -16 15 3 -18 23 -7 -8 16 -3 -43 11 11 -9 0 3 14 -1 -12 -2 -6 -11 6 -27 -13 -5 -5 -5 -8 -4 -13 -5 -23 -2 0 -19 -52 -4 15 7 -2 -2 31 -7 -4 2 -10 -28 -9 15
-4 8 16 34 26 25 17 -7 -28 2 -6 -21 -9 8 -27 -16 15 3 -18 23 -7 -8 16 -3 -43 11 11 -9 0 3 14 -1 -12 -2 -6 -11 6 -27 -13 -5 -5 -5 -8 -4 -13 -5 -23 -2 0 -19 -52 -4 15 7 -2 -2 31 -7 -4 2 -10 -28 -9 15
-4 8 16 34 26 25 17 -7 -28 2 -6 -21 -9 8 -27 -16 15 3 -18 23 -7 -8 16 -3 -43 11 11 -9 0 3 14 -1 -12 -2 -6 -11 6 -27 -13 -5 -5 -5 -8 -4 -13 -5 -23 -2 0 -19 -52 -4 15 7 -2 -2 31 -7 -4 2 -10 -28 -9 15
-4 8 16 34 26 25 17 -7 -28 2 -6 -21 -9 8 -27 -16 15 3 -18 23 -7 -8 16 -3 -43 11 11 -9 0 3 14 -1 -12 -2 -6 -11 6 -27 -13 -5 -5 -5 -8 -4 -13 -5 -23 -2 0 -19 -52 -4 15 7 -2 -2 31 -7 -4 2 -10 -28 -9 15
-4 8 16 34 26 25 17 -7 -28 2 -6 -21 -9 8 -27 -16 15 3 -18 23 -7 -8 16 -3 -43 11 11 -9 0 3 14 -1 -12 -2 -6 -11 6 -27 -13 -5 -5 -5 -8 -4 -13 -5 -23 -2 0 -19 -52 -4 15 7 -2 -2 31 -7 -4 2 -10 -28 -9 15
-4 8 16 34 26 25 17 -7 -28 2 -6 -21 -9 8 -27 -16 15 3 -18 23 -7 -8 16 -3 -43 11 11 -9 0 3 14 -1 -12 -2 -6 -11 6 -27 -13 -5 -5 -5 -8 -4 -13 -5 -23 -2 0 -19 -52 -4 15 7 -2 -2 31 -7 -4 2 -10 -28 -9 15
-4 8 16 34 26 25 17 -7 -28 2 -6 -21 -9 8 -27 -16 15 3 -18 23 -7 -8 16 -3 -43 11 11 -9 0 3 14 -1 -12 -2 -6 -11 6 -27 -13 -5 -5 -5 -8 -4 -13 -5 -23 -2 0 -19 -52 -4 15 7 -2 -2 31 -7 -4 2 -10 -28 -9 15
-4 8 16 34 26 25 17 -7 -28 2 -6 -21 -9 8 -27 -16 15 3 -18 23 -7 -8 16 -3 -43 11 11 -9 0 3 14 -1 -12 -2 -6 -11 6 -27 -13 -5 -5 -5 -8 -4 -13 -5 -23 -2 0 -19 -52 -4 15 7 -2 -2 31 -7 -4 2 -10 -28 -9 15
-4 8 16 34 26 25 17 -7 -28 2 -6 -21 -9 8 -27 -16 15 3 -18 23 -7 -8 16 -3 -43 11 11 -9 0 3 14 -1 -12 -2 -6 -11 6 -27 -13 -5 -5 -5 -8 -4 -13 -5 -23 -2 0 -19 -52 -4 15 7 -2 -2 31 -7 -4 2 -10 -28 -9 15
-4 8 16 34 26 25 17 -7 -28 2 -6 -21 -9 8 -27 -16 15 3 -18 23 -7 -8 16 -3 -43 11 11 -9 0 3 14 -1 -12 -2 -6 -11 6 -27 -13 -5 -5 -5 -8 -4 -13 -5 -23 -2 0 -19 -52 -4 15 7 -2 -2 31 -7 -4 2 -10 -28 -9 15
-4 8 16 34 26 25 17 -7 -28 2 -6 -21 -9 8 -27 -16 15 3 -18 23 -7 -8 16 -3 -43 11 11 -9 0 3 14 -1 -12 -2 -6 -11 6 -27 -13 -5 -5 -5 -8 -4 -13 -5 -23 -2 0 -19 -52 -4 15 7 -2 -2 31 -7 -4 2 -10 -28 -9 15
-4 8 16 34 26 25 17 -7 -28 2 -6 -21 -9 8 -27 -16 15 3 -18 23 -7 -8 16 -3 -43 11 11 -9 0 3 14 -1 -12 -2 -6 -11 6 -27 -13 -5 -5 -5 -8 -4 -13 -5 -23 -2 0 -19 -52 -4 15 7 -2 -2 31 -7 -4 2 -10 -28 -9 15
-4 8 16 34 26 25 17 -7 -28 2 -6 -21 -9 8 -27 -16 15 3 -18 23 -7 -8 16 -3 -43 11 11 -9 0 3 14 -1 -12 -2 -6 -11 6 -27 -13 -5 -5 -5 -8 -4 -13 -5 -23 -2 0 -19 -52 -4 15 7 -2 -2 31 -7 -4 2 -10 -28 -9 15
-4 8 16 34 26 25 17 -7 -28 2 -6 -21 -9 8 -27 -16 15 3 -18 23 -7 -8 16 -3 -43 11 11 -9 0 3 14 -1 -12 -2 -6 -11 6 -27 -13 -5 -5 -5 -8 -4 -13 -5 -23 -2 0 -19 -52 -4 15 7 -2 -2 31 -7 -4 2 -10 -28 -9 15
-4 8 16 34 26 25 17 -7 -28 2 -6 -21 -9 8 -27 -16 15 3 -18 23 -7 -8 16 -3 -43 11 11 -9 0 3 14 -1 -12 -2 -6 -11 6 -27 -13 -5 -5 -5 -8 -4 -13 -5 -23 -2 0 -19 -52 -4 15 7 -2 -2 31 -7 -4 2 -10 -28 -9 15
-4 8 16 34 26 25 17 -7 -28 2 -6 -21 -9 8 -27 -16 15 3 -18 23 -7 -8 16 -3 -43 11 11 -9 0 3 14 -1 -12 -2 -6 -11 6 -27 -13 -5 -5 -5 -8 -4 -13 -5 -23 -2 0 -19 -52 -4 15 7 -2 -2 31 -7 -4 2 -10 -28 -9 15
-4 8 16 34 26 25 17 -7 -28 2 -6 -21 -9 8 -27 -16 15 3 -18 23 -7 -8 16 -3 -43 11 11 -9 0 3 14 -1 -12 -2 -6 -11 6 -27 -13 -5 -5 -5 -8 -4 -13 -5 -23 -2 0 -19 -52 -4 15 7 -2 -2 31 -7 -4 2 -10 -28 -9 15
-4 8 16 34 26 25 17 -7 -28 2 -6 -21 -9 8 -27 -16 15 3 -18 23 -7 -8 16 -3 -43 11 11 -9 0 3 14 -1 -12 -2 -6 -11 6 -27 -13 -5 -5 -5 -8 -4 -13 -5 -23 -2 0 -19 -52 -4 15 7 -2 -2 31 -7 -4 2 -10 -28 -9 15
-4 8 16 34 26 25 17 -7 -28 2 -6 -21 -9 8 -27 -16 15 3 -18 23 -7 -8 16 -3 -43 11 11 -9 0 3 14 -1 -12 -2 -6 -11 6 -27 -13 -5 -5 -5 -8 -4 -13 -5 -23 -2 0 -19 -52 -4 15 7 -2 -2 31 -7 -4 2 -10 -28 -9 15
-4 8 16 34 26 25 17 -7 -28 2 -6 -21 -9 8 -27 -16 15 3 -18 23 -7 -8 16 -3 -43 11 11 -9 0 3 14 -1 -12 -2 -6 -11 6 -27 -13 -5 -5 -5 -8 -4 -13 -5 -23 -2 0 -19 -52 -4 15 7 -2 -2 31 -7 -4 2 -10 -28 -9 15
