0 -6 12 -3 -5 5 17 7 3 -4 1 -10 -15 9 8 -9 2 7 3 4 -7 -9 -13 2 4 45 -9 0 4 -8 -6 0 9 -6 -6 -1 7 -1 -1 4 -4 -10 -1 -4 -4 1 6 1 4 -1 -6 3 -7 -7 0 8 7 -9 15 8 -5 2 -2 -4
31 -19 19 18 -28 3 7 4 16 23 -1 8 -25 -17 19 -10 24 -4 7 -8 -15 -22 6 14 -1 83 -11 -26 0 -33 6 18 26 -11 4 -4 16 -36 12 -12 -17 -6 15 6 0 -6 -2 12 0 -7 -14 1 -24 -17 -18 -8 11 9 1 4 -5 -4 9 -30
37 -5 25 -9 -23 -2 10 8 15 -3 17 9 -12 -33 19 -13 24 3 0 13 -6 -33 5 8 -3 79 -25 -24 -4 -28 6 14 13 -11 -5 2 10 -32 11 0 -16 -12 25 3 18 -15 -11 9 10 6 5 -16 -12 -8 -5 3 18 28 -3 2 -6 12 8 15
9 0 0 15 4 -5 15 -7 -14 -22 -8 15 -9 9 22 -3 14 5 -14 12 5 -15 37 -14 -18 76 -13 -15 -6 -23 20 17 8 -29 7 -7 20 -19 -21 9 -8 8 12 14 2 13 -12 17 -4 13 -18 2 5 10 -3 -11 25 26 -16 -1 -20 -7 12 2
1 -2 8 35 -4 -22 16 -7 -13 -23 -8 22 -14 28 30 10 7 2 19 2 7 -31 21 -35 5 64 -19 -4 16 -5 -5 13 4 -4 14 -10 25 -3 -10 20 -10 0 -16 10 -3 -2 0 12 1 2 7 -3 -24 32 10 24 16 8 -17 8 11 -12 13 2
7 0 3 26 0 -9 7 -11 2 -25 2 35 -15 27 25 -10 -1 0 15 6 13 -22 32 -31 0 74 -15 -4 29 -17 9 10 8 -17 0 -17 22 -12 -13 16 -15 -4 9 11 -3 2 8 23 -5 8 7 -3 -18 29 6 5 9 4 -24 -8 -5 -31 11 -11
1 -8 -9 19 -1 7 15 7 -12 6 -12 13 -18 19 16 -13 -10 10 -1 6 2 -24 10 -29 -16 47 -13 5 4 -23 2 5 -1 -20 12 -9 15 -35 -6 9 -10 1 9 5 10 -17 -13 18 3 18 6 7 -16 27 -7 -10 17 11 16 3 8 -21 27 -12
-4 -13 -14 -6 -16 -18 -2 8 -3 -7 -10 20 -21 34 9 7 6 3 -4 7 -1 -9 43 -26 -11 59 4 -13 -6 -26 19 11 12 -25 13 -7 13 -10 3 2 -10 23 8 16 -12 11 -12 18 13 6 4 -19 -14 12 6 -6 23 16 5 -4 19 -19 25 3
15 7 7 6 -9 -4 27 17 11 -19 1 3 -14 -14 -21 -3 3 -7 -1 18 -16 -38 -3 7 1 78 20 -21 -2 -16 -6 11 11 -9 16 0 10 -39 -13 1 -15 0 -1 2 15 -9 11 -16 -12 18 1 -3 10 -1 -3 -20 16 5 -22 -2 -9 -7 -1 2
38 -23 14 9 -12 -12 35 29 -3 12 -5 15 -16 -19 0 -11 7 8 4 11 -13 -22 13 -15 20 91 12 -4 3 1 -7 8 6 7 20 11 10 -38 -3 2 -7 11 7 11 11 -3 -13 -11 -10 -1 -14 -26 18 -4 -17 -16 8 7 2 13 14 -11 5 -5
6 3 9 24 -6 5 23 18 0 -8 -2 -8 -15 -22 -13 2 -8 4 6 25 -5 -49 15 7 4 85 32 -22 -7 -19 -9 3 17 -2 30 1 2 -21 -22 1 3 5 7 9 11 -4 9 -15 -17 27 12 -1 -7 -4 -7 -14 23 23 -28 -23 -3 -27 -9 -5
24 13 9 5 6 7 17 26 -9 -2 9 -1 -14 -13 -9 -2 0 -16 10 12 -6 -32 9 0 10 81 3 -6 0 -16 -28 -2 17 -9 13 4 8 -23 -30 0 -12 6 7 -16 17 4 10 -24 2 25 4 -24 0 11 -19 -9 18 4 -21 -7 -6 -5 -4 8
24 -13 11 23 14 -7 5 19 2 -10 -6 -5 -14 10 42 10 12 -18 10 6 -3 -6 0 -8 -19 88 1 -8 5 -39 -21 35 17 -9 11 6 11 -37 -21 1 -4 10 11 -23 -5 -2 -2 -8 -5 -6 13 -27 8 -12 -19 -17 2 -1 -20 7 3 13 28 7
16 -4 14 -5 -9 -14 5 20 1 -13 -5 17 -13 23 38 -6 5 -14 12 4 -5 -10 10 -10 18 71 -12 -14 18 -28 -8 17 2 -18 5 0 3 -17 -23 -1 3 14 -10 -3 -4 3 -11 17 4 -3 8 -31 0 -12 -15 -13 -3 -15 7 6 -2 4 31 -21
30 -21 15 9 22 -16 15 44 -7 3 -13 17 -15 -4 26 -3 5 10 -2 -2 7 -25 14 -26 5 87 -6 16 11 -16 -21 26 4 -6 19 14 2 -40 -13 -5 -1 -1 -7 -3 3 -3 -24 -22 -5 12 -8 -21 22 5 -10 -32 -1 -2 13 24 9 1 25 -5
30 -6 11 17 26 -12 -1 22 -1 2 3 5 -4 7 23 3 15 -5 2 5 0 -15 13 -1 -10 79 -10 5 -1 -17 -25 11 7 -13 8 -3 6 -15 -25 -1 -1 4 -9 -6 -14 3 -3 -23 -7 13 6 -19 21 9 -13 -33 -1 15 -23 7 7 -2 11 19
6 -24 1 -18 34 14 6 23 1 -2 -3 27 3 -3 38 4 8 6 -15 10 -1 -41 1 -12 -16 84 24 1 36 -15 5 1 -5 -21 0 7 7 -13 -17 5 5 -1 -17 -9 1 2 11 8 -12 -8 -5 5 6 2 -18 3 7 -8 -1 0 37 -16 18 31
4 -24 9 -3 40 -11 4 8 -1 4 -16 29 -4 6 16 1 6 -5 -15 1 0 -23 5 -12 -43 63 7 5 18 -27 -11 13 -5 -8 -6 16 5 -23 -5 2 1 3 -21 -9 8 12 8 16 0 16 7 -6 16 5 -17 -4 -8 -2 -8 5 19 -9 20 25
6 -10 16 -7 30 3 0 13 1 6 -14 11 -2 1 15 11 -2 13 -4 12 4 -36 -5 -22 -36 77 9 -1 26 -13 4 3 5 -13 -6 11 6 -13 -12 1 13 0 -7 2 8 17 22 15 -12 16 4 -13 7 -10 -35 5 -6 11 -9 9 27 -20 7 19
1 10 29 6 16 24 7 -13 -19 3 -15 14 -2 16 4 -5 7 10 5 3 -19 -25 -23 -11 -19 87 5 13 19 -19 -19 -1 22 -1 10 29 14 -14 6 26 -5 13 -16 -15 6 19 1 34 3 19 -5 -12 -2 2 5 23 12 -5 -12 18 5 -25 24 28
0 -9 17 15 -2 -5 5 37 -9 2 0 3 -7 22 17 9 4 -3 1 9 -4 -5 -4 -4 -11 77 6 -3 22 -20 -13 16 26 -14 5 10 6 -16 0 10 -5 12 -25 -12 12 7 -2 0 3 32 12 -15 -4 -2 -19 -8 -8 -9 -7 3 7 -15 26 7
24 -19 7 17 17 4 20 26 -19 -26 4 4 -27 -23 7 -10 23 12 5 -16 18 -6 8 -16 -5 88 22 11 1 -14 8 -2 22 22 -1 2 -3 -20 16 27 -16 11 13 -3 5 -12 -3 10 9 -6 -22 -33 -14 4 -23 -38 12 -4 9 4 3 -21 23 -14
1 -9 9 5 -2 11 5 5 4 5 13 -7 -15 3 2 -9 2 5 2 7 -3 -4 -6 -2 -6 47 -3 -2 1 -6 5 -10 11 -7 -4 -8 2 0 9 -1 -3 -8 1 0 -1 4 3 -3 0 -4 6 0 -4 -1 -4 1 6 -5 9 5 -2 -3 1 -4
30 -3 20 -28 -4 9 2 20 9 8 0 14 -21 -15 -4 3 -3 19 -2 6 7 5 24 8 -15 85 10 -20 8 -10 -6 10 26 4 12 -16 18 -16 6 -14 -16 -2 -16 14 4 -13 6 -4 2 8 -3 17 -13 9 -20 -10 -6 4 -29 12 -3 -16 9 -25
38 -3 27 -20 -25 8 18 24 7 11 7 0 -22 -28 14 15 29 32 15 27 10 -8 11 -12 -5 86 8 -9 15 -13 2 22 25 1 7 -25 9 -34 16 -10 0 -11 12 18 7 -13 2 -14 3 19 8 -2 -1 4 1 -2 20 -20 -28 7 33 -30 4 -19
19 23 12 8 3 -14 -2 -2 -2 -7 -2 15 -7 4 33 20 17 -1 11 31 9 4 29 -12 -20 93 -1 -11 -2 -13 11 41 13 -26 6 -11 8 -22 -4 -10 3 -1 -4 9 -20 -11 -2 8 2 4 2 -5 9 11 -18 -7 21 23 -22 4 5 -4 7 2
15 6 10 3 7 -25 10 -11 -12 -14 8 21 -9 19 35 19 11 12 8 9 24 -33 14 -32 5 78 -3 5 18 -10 -20 30 5 -5 23 -23 27 3 -5 11 -5 2 -25 10 -11 -14 -3 6 19 4 -5 -12 -10 28 -5 30 6 -13 -15 1 13 -17 23 12
10 3 5 8 9 -12 2 -22 -4 -16 16 24 -5 24 27 2 -11 7 8 11 30 -18 16 -19 4 81 -4 7 28 -7 -14 23 6 -10 10 -21 22 -5 -5 0 -4 2 -21 11 -13 -18 13 21 11 12 -5 -7 -7 28 2 17 -1 -6 -28 -11 -4 -30 12 7
0 7 1 6 6 5 12 -8 -14 10 -2 5 -13 17 20 -3 -1 18 -1 10 16 -20 -13 -24 -27 64 8 2 24 -20 -14 38 2 -3 6 4 19 -31 7 -15 -8 5 -14 -1 -6 -28 -16 14 5 16 10 1 -16 30 -7 -2 13 -1 9 1 19 -11 39 3
-9 -6 3 -5 -2 -25 -8 11 -9 -9 -4 18 -15 27 10 14 9 10 5 29 10 9 36 -24 1 67 12 -7 11 -27 12 35 14 -20 1 -5 8 -8 13 -15 1 23 -1 11 -27 -23 1 13 9 11 15 -25 -8 24 3 -1 19 4 -7 5 19 2 40 5
22 17 3 15 4 -13 15 18 -13 -12 2 -11 -12 -29 -20 12 -10 -9 4 27 -2 -24 -8 4 0 94 26 -12 -2 -16 2 25 18 -2 18 9 -1 -26 -2 2 -9 6 -1 1 -2 -25 2 -20 -3 27 13 -8 6 4 -10 -15 17 9 -23 -7 -1 -9 1 2
9 8 2 2 10 -4 11 17 -8 -5 -3 -17 -10 -22 0 17 -9 11 14 31 -2 -32 8 10 1 79 37 -5 3 -13 -12 25 21 0 19 4 -6 -14 -5 -3 9 0 -4 10 5 -8 1 -12 -14 31 13 1 -1 -7 -9 -15 15 8 -26 -22 -6 -23 -1 4
28 22 7 1 9 -1 12 16 -24 -4 12 -18 -10 -15 -4 13 -10 -9 14 30 0 -23 12 0 9 90 9 4 12 -9 -19 13 34 -2 22 7 -7 -14 -10 -9 -2 1 0 6 7 -12 1 -16 18 28 8 -20 9 18 -26 -12 12 -10 -27 -11 -10 -1 -3 25
37 9 5 1 20 18 13 10 11 8 -19 -11 -1 3 26 23 14 -4 6 14 8 -1 4 -5 10 78 -7 5 6 -30 -13 17 13 1 6 -1 4 -29 -12 -1 9 10 -13 0 -21 6 -18 -4 6 -3 3 -22 7 8 -6 -39 5 -14 -16 6 -33 -1 17 9
15 -18 -3 -23 47 10 -4 20 -14 -3 -10 24 5 -8 37 17 -2 8 -9 26 -3 -34 -3 -8 -20 86 13 5 36 -18 24 4 11 -18 -2 3 1 5 -13 5 8 2 -26 2 2 -21 5 11 -4 -6 -6 4 15 5 -28 3 6 -21 -8 -3 29 -6 22 32
15 -18 6 0 51 -6 -9 2 -15 1 -17 15 -4 7 15 13 -8 6 -11 11 8 -9 9 -12 -30 64 5 0 34 -31 -8 20 0 -17 9 5 3 -6 2 2 9 9 -35 7 1 -15 0 18 8 26 -1 -6 28 11 -29 -10 -14 -18 -10 -9 13 1 21 23
10 -12 1 -6 46 8 -4 4 -13 10 -7 12 -3 -1 15 20 -14 19 -3 13 11 -28 -6 -16 -29 81 11 6 40 -9 -5 13 5 -15 -1 7 -3 2 -3 -6 8 -1 -17 9 -4 -4 17 14 1 19 -4 -14 13 -10 -43 8 -9 -9 -21 3 18 -25 7 20
4 15 21 -4 10 34 -6 -21 -12 8 -16 7 0 9 2 7 5 5 13 10 -11 -23 -20 4 -20 81 10 19 26 -16 -23 6 14 7 9 16 9 -7 9 16 -3 27 -37 -4 0 -3 -13 39 16 24 2 -1 9 13 -2 17 7 -22 -11 9 -9 -22 40 36
13 1 8 9 8 3 -1 19 -25 3 3 -6 -2 20 16 12 0 8 -2 17 -5 3 -8 8 -6 79 1 -12 37 -24 -7 19 10 -8 0 6 -7 -16 12 14 2 28 -34 8 1 -13 -9 2 16 40 6 -25 4 7 -37 -8 -9 -18 -15 -6 4 -16 20 9
19 -11 10 12 19 2 11 21 -27 -10 -1 -1 -31 -29 8 -10 19 15 -2 -10 15 1 10 -1 1 90 25 -9 15 -10 16 -3 19 21 16 -10 -24 -17 25 22 -18 27 -3 18 -6 -17 -2 3 12 10 -34 -35 -8 -5 -24 -40 23 -5 12 -4 2 -24 23 -10
-1 -8 6 5 -1 12 3 5 4 5 11 -7 -14 4 2 -10 0 5 1 9 -3 -4 -6 -4 -5 43 -4 -2 2 -5 6 -12 9 -7 -5 -7 1 1 7 -3 -1 -8 1 0 0 3 3 -1 0 -2 8 -1 -3 1 -3 2 4 -5 9 4 -1 1 0 -2
7 -25 29 0 -10 5 26 15 -16 2 -8 -19 -30 0 -8 -17 1 14 10 -14 -8 -11 25 -9 -32 42 -6 -22 -7 4 -4 -9 11 0 2 -10 12 -36 10 7 -9 4 5 -9 14 -1 -4 9 -1 -6 -1 3 7 9 -2 -3 -1 -7 -10 16 -12 -5 32 -7
7 -25 29 0 -10 5 26 15 -16 2 -8 -19 -30 0 -8 -17 1 14 10 -14 -8 -11 25 -9 -32 42 -6 -22 -7 4 -4 -9 11 0 2 -10 12 -36 10 7 -9 4 5 -9 14 -1 -4 9 -1 -6 -1 3 7 9 -2 -3 -1 -7 -10 16 -12 -5 32 -7
7 -25 29 0 -10 5 26 15 -16 2 -8 -19 -30 0 -8 -17 1 14 10 -14 -8 -11 25 -9 -32 42 -6 -22 -7 4 -4 -9 11 0 2 -10 12 -36 10 7 -9 4 5 -9 14 -1 -4 9 -1 -6 -1 3 7 9 -2 -3 -1 -7 -10 16 -12 -5 32 -7
7 -25 29 0 -10 5 26 15 -16 2 -8 -19 -30 0 -8 -17 1 14 10 -14 -8 -11 25 -9 -32 42 -6 -22 -7 4 -4 -9 11 0 2 -10 12 -36 10 7 -9 4 5 -9 14 -1 -4 9 -1 -6 -1 3 7 9 -2 -3 -1 -7 -10 16 -12 -5 32 -7
7 -25 29 0 -10 5 26 15 -16 2 -8 -19 -30 0 -8 -17 1 14 10 -14 -8 -11 25 -9 -32 42 -6 -22 -7 4 -4 -9 11 0 2 -10 12 -36 10 7 -9 4 5 -9 14 -1 -4 9 -1 -6 -1 3 7 9 -2 -3 -1 -7 -10 16 -12 -5 32 -7
7 -25 29 0 -10 5 26 15 -16 2 -8 -19 -30 0 -8 -17 1 14 10 -14 -8 -11 25 -9 -32 42 -6 -22 -7 4 -4 -9 11 0 2 -10 12 -36 10 7 -9 4 5 -9 14 -1 -4 9 -1 -6 -1 3 7 9 -2 -3 -1 -7 -10 16 -12 -5 32 -7
7 -25 29 0 -10 5 26 15 -16 2 -8 -19 -30 0 -8 -17 1 14 10 -14 -8 -11 25 -9 -32 42 -6 -22 -7 4 -4 -9 11 0 2 -10 12 -36 10 7 -9 4 5 -9 14 -1 -4 9 -1 -6 -1 3 7 9 -2 -3 -1 -7 -10 16 -12 -5 32 -7
7 -25 29 0 -10 5 26 15 -16 2 -8 -19 -30 0 -8 -17 1 14 10 -14 -8 -11 25 -9 -32 42 -6 -22 -7 4 -4 -9 11 0 2 -10 12 -36 10 7 -9 4 5 -9 14 -1 -4 9 -1 -6 -1 3 7 9 -2 -3 -1 -7 -10 16 -12 -5 32 -7
7 -25 29 0 -10 5 26 15 -16 2 -8 -19 -30 0 -8 -17 1 14 10 -14 -8 -11 25 -9 -32 42 -6 -22 -7 4 -4 -9 11 0 2 -10 12 -36 10 7 -9 4 5 -9 14 -1 -4 9 -1 -6 -1 3 7 9 -2 -3 -1 -7 -10 16 -12 -5 32 -7
7 -25 29 0 -10 5 26 15 -16 2 -8 -19 -30 0 -8 -17 1 14 10 -14 -8 -11 25 -9 -32 42 -6 -22 -7 4 -4 -9 11 0 2 -10 12 -36 10 7 -9 4 5 -9 14 -1 -4 9 -1 -6 -1 3 7 9 -2 -3 -1 -7 -10 16 -12 -5 32 -7
7 -25 29 0 -10 5 26 15 -16 2 -8 -19 -30 0 -8 -17 1 14 10 -14 -8 -11 25 -9 -32 42 -6 -22 -7 4 -4 -9 11 0 2 -10 12 -36 10 7 -9 4 5 -9 14 -1 -4 9 -1 -6 -1 3 7 9 -2 -3 -1 -7 -10 16 -12 -5 32 -7
7 -25 29 0 -10 5 26 15 -16 2 -8 -19 -30 0 -8 -17 1 14 10 -14 -8 -11 25 -9 -32 42 -6 -22 -7 4 -4 -9 11 0 2 -10 12 -36 10 7 -9 4 5 -9 14 -1 -4 9 -1 -6 -1 3 7 9 -2 -3 -1 -7 -10 16 -12 -5 32 -7
7 -25 29 0 -10 5 26 15 -16 2 -8 -19 -30 0 -8 -17 1 14 10 -14 -8 -11 25 -9 -32 42 -6 -22 -7 4 -4 -9 11 0 2 -10 12 -36 10 7 -9 4 5 -9 14 -1 -4 9 -1 -6 -1 3 7 9 -2 -3 -1 -7 -10 16 -12 -5 32 -7
7 -25 29 0 -10 5 26 15 -16 2 -8 -19 -30 0 -8 -17 1 14 10 -14 -8 -11 25 -9 -32 42 -6 -22 -7 4 -4 -9 11 0 2 -10 12 -36 10 7 -9 4 5 -9 14 -1 -4 9 -1 -6 -1 3 7 9 -2 -3 -1 -7 -10 16 -12 -5 32 -7
7 -25 29 0 -10 5 26 15 -16 2 -8 -19 -30 0 -8 -17 1 14 10 -14 -8 -11 25 -9 -32 42 -6 -22 -7 4 -4 -9 11 0 2 -10 12 -36 10 7 -9 4 5 -9 14 -1 -4 9 -1 -6 -1 3 7 9 -2 -3 -1 -7 -10 16 -12 -5 32 -7
7 -25 29 0 -10 5 26 15 -16 2 -8 -19 -30 0 -8 -17 1 14 10 -14 -8 -11 25 -9 -32 42 -6 -22 -7 4 -4 -9 11 0 2 -10 12 -36 10 7 -9 4 5 -9 14 -1 -4 9 -1 -6 -1 3 7 9 -2 -3 -1 -7 -10 16 -12 -5 32 -7
7 -25 29 0 -10 5 26 15 -16 2 -8 -19 -30 0 -8 -17 1 14 10 -14 -8 -11 25 -9 -32 42 -6 -22 -7 4 -4 -9 11 0 2 -10 12 -36 10 7 -9 4 5 -9 14 -1 -4 9 -1 -6 -1 3 7 9 -2 -3 -1 -7 -10 16 -12 -5 32 -7
7 -25 29 0 -10 5 26 15 -16 2 -8 -19 -30 0 -8 -17 1 14 10 -14 -8 -11 25 -9 -32 42 -6 -22 -7 4 -4 -9 11 0 2 -10 12 -36 10 7 -9 4 5 -9 14 -1 -4 9 -1 -6 -1 3 7 9 -2 -3 -1 -7 -10 16 -12 -5 32 -7
7 -25 29 0 -10 5 26 15 -16 2 -8 -19 -30 0 -8 -17 1 14 10 -14 -8 -11 25 -9 -32 42 -6 -22 -7 4 -4 -9 11 0 2 -10 12 -36 10 7 -9 4 5 -9 14 -1 -4 9 -1 -6 -1 3 7 9 -2 -3 -1 -7 -10 16 -12 -5 32 -7
7 -25 29 0 -10 5 26 15 -16 2 -8 -19 -30 0 -8 -17 1 14 10 -14 -8 -11 25 -9 -32 42 -6 -22 -7 4 -4 -9 11 0 2 -10 12 -36 10 7 -9 4 5 -9 14 -1 -4 9 -1 -6 -1 3 7 9 -2 -3 -1 -7 -10 16 -12 -5 32 -7
7 -25 29 0 -10 5 26 15 -16 2 -8 -19 -30 0 -8 -17 1 14 10 -14 -8 -11 25 -9 -32 42 -6 -22 -7 4 -4 -9 11 0 2 -10 12 -36 10 7 -9 4 5 -9 14 -1 -4 9 -1 -6 -1 3 7 9 -2 -3 -1 -7 -10 16 -12 -5 32 -7
7 -25 29 0 -10 5 26 15 -16 2 -8 -19 -30 0 -8 -17 1 14 10 -14 -8 -11 25 -9 -32 42 -6 -22 -7 4 -4 -9 11 0 2 -10 12 -36 10 7 -9 4 5 -9 14 -1 -4 9 -1 -6 -1 3 7 9 -2 -3 -1 -7 -10 16 -12 -5 32 -7
7 -25 29 0 -10 5 26 15 -16 2 -8 -19 -30 0 -8 -17 1 14 10 -14 -8 -11 25 -9 -32 42 -6 -22 -7 4 -4 -9 11 0 2 -10 12 -36 10 7 -9 4 5 -9 14 -1 -4 9 -1 -6 -1 3 7 9 -2 -3 -1 -7 -10 16 -12 -5 32 -7
7 -25 29 0 -10 5 26 15 -16 2 -8 -19 -30 0 -8 -17 1 14 10 -14 -8 -11 25 -9 -32 42 -6 -22 -7 4 -4 -9 11 0 2 -10 12 -36 10 7 -9 4 5 -9 14 -1 -4 9 -1 -6 -1 3 7 9 -2 -3 -1 -7 -10 16 -12 -5 32 -7
7 -25 29 0 -10 5 26 15 -16 2 -8 -19 -30 0 -8 -17 1 14 10 -14 -8 -11 25 -9 -32 42 -6 -22 -7 4 -4 -9 11 0 2 -10 12 -36 10 7 -9 4 5 -9 14 -1 -4 9 -1 -6 -1 3 7 9 -2 -3 -1 -7 -10 16 -12 -5 32 -7
7 -25 29 0 -10 5 26 15 -16 2 -8 -19 -30 0 -8 -17 1 14 10 -14 -8 -11 25 -9 -32 42 -6 -22 -7 4 -4 -9 11 0 2 -10 12 -36 10 7 -9 4 5 -9 14 -1 -4 9 -1 -6 -1 3 7 9 -2 -3 -1 -7 -10 16 -12 -5 32 -7
7 -25 29 0 -10 5 26 15 -16 2 -8 -19 -30 0 -8 -17 1 14 10 -14 -8 -11 25 -9 -32 42 -6 -22 -7 4 -4 -9 11 0 2 -10 12 -36 10 7 -9 4 5 -9 14 -1 -4 9 -1 -6 -1 3 7 9 -2 -3 -1 -7 -10 16 -12 -5 32 -7
7 -25 29 0 -10 5 26 15 -16 2 -8 -19 -30 0 -8 -17 1 14 10 -14 -8 -11 25 -9 -32 42 -6 -22 -7 4 -4 -9 11 0 2 -10 12 -36 10 7 -9 4 5 -9 14 -1 -4 9 -1 -6 -1 3 7 9 -2 -3 -1 -7 -10 16 -12 -5 32 -7
7 -25 29 0 -10 5 26 15 -16 2 -8 -19 -30 0 -8 -17 1 14 10 -14 -8 -11 25 -9 -32 42 -6 -22 -7 4 -4 -9 11 0 2 -10 12 -36 10 7 -9 4 5 -9 14 -1 -4 9 -1 -6 -1 3 7 9 -2 -3 -1 -7 -10 16 -12 -5 32 -7
7 -25 29 0 -10 5 26 15 -16 2 -8 -19 -30 0 -8 -17 1 14 10 -14 -8 -11 25 -9 -32 42 -6 -22 -7 4 -4 -9 11 0 2 -10 12 -36 10 7 -9 4 5 -9 14 -1 -4 9 -1 -6 -1 3 7 9 -2 -3 -1 -7 -10 16 -12 -5 32 -7
7 -25 29 0 -10 5 26 15 -16 2 -8 -19 -30 0 -8 -17 1 14 10 -14 -8 -11 25 -9 -32 42 -6 -22 -7 4 -4 -9 11 0 2 -10 12 -36 10 7 -9 4 5 -9 14 -1 -4 9 -1 -6 -1 3 7 9 -2 -3 -1 -7 -10 16 -12 -5 32 -7
7 -25 29 0 -10 5 26 15 -16 2 -8 -19 -30 0 -8 -17 1 14 10 -14 -8 -11 25 -9 -32 42 -6 -22 -7 4 -4 -9 11 0 2 -10 12 -36 10 7 -9 4 5 -9 14 -1 -4 9 -1 -6 -1 3 7 9 -2 -3 -1 -7 -10 16 -12 -5 32 -7
7 -25 29 0 -10 5 26 15 -16 2 -8 -19 -30 0 -8 -17 1 14 10 -14 -8 -11 25 -9 -32 42 -6 -22 -7 4 -4 -9 11 0 2 -10 12 -36 10 7 -9 4 5 -9 14 -1 -4 9 -1 -6 -1 3 7 9 -2 -3 -1 -7 -10 16 -12 -5 32 -7
7 -25 29 0 -10 5 26 15 -16 2 -8 -19 -30 0 -8 -17 1 14 10 -14 -8 -11 25 -9 -32 42 -6 -22 -7 4 -4 -9 11 0 2 -10 12 -36 10 7 -9 4 5 -9 14 -1 -4 9 -1 -6 -1 3 7 9 -2 -3 -1 -7 -10 16 -12 -5 32 -7
7 -25 29 0 -10 5 26 15 -16 2 -8 -19 -30 0 -8 -17 1 14 10 -14 -8 -11 25 -9 -32 42 -6 -22 -7 4 -4 -9 11 0 2 -10 12 -36 10 7 -9 4 5 -9 14 -1 -4 9 -1 -6 -1 3 7 9 -2 -3 -1 -7 -10 16 -12 -5 32 -7
7 -25 29 0 -10 5 26 15 -16 2 -8 -19 -30 0 -8 -17 1 14 10 -14 -8 -11 25 -9 -32 42 -6 -22 -7 4 -4 -9 11 0 2 -10 12 -36 10 7 -9 4 5 -9 14 -1 -4 9 -1 -6 -1 3 7 9 -2 -3 -1 -7 -10 16 -12 -5 32 -7
7 -25 29 0 -10 5 26 15 -16 2 -8 -19 -30 0 -8 -17 1 14 10 -14 -8 -11 25 -9 -32 42 -6 -22 -7 4 -4 -9 11 0 2 -10 12 -36 10 7 -9 4 5 -9 14 -1 -4 9 -1 -6 -1 3 7 9 -2 -3 -1 -7 -10 16 -12 -5 32 -7
7 -25 29 0 -10 5 26 15 -16 2 -8 -19 -30 0 -8 -17 1 14 10 -14 -8 -11 25 -9 -32 42 -6 -22 -7 4 -4 -9 11 0 2 -10 12 -36 10 7 -9 4 5 -9 14 -1 -4 9 -1 -6 -1 3 7 9 -2 -3 -1 -7 -10 16 -12 -5 32 -7
7 -25 29 0 -10 5 26 15 -16 2 -8 -19 -30 0 -8 -17 1 14 10 -14 -8 -11 25 -9 -32 42 -6 -22 -7 4 -4 -9 11 0 2 -10 12 -36 10 7 -9 4 5 -9 14 -1 -4 9 -1 -6 -1 3 7 9 -2 -3 -1 -7 -10 16 -12 -5 32 -7
7 -25 29 0 -10 5 26 15 -16 2 -8 -19 -30 0 -8 -17 1 14 10 -14 -8 -11 25 -9 -32 42 -6 -22 -7 4 -4 -9 11 0 2 -10 12 -36 10 7 -9 4 5 -9 14 -1 -4 9 -1 -6 -1 3 7 9 -2 -3 -1 -7 -10 16 -12 -5 32 -7
7 -25 29 0 -10 5 26 15 -16 2 -8 -19 -30 0 -8 -17 1 14 10 -14 -8 -11 25 -9 -32 42 -6 -22 -7 4 -4 -9 11 0 2 -10 12 -36 10 7 -9 4 5 -9 14 -1 -4 9 -1 -6 -1 3 7 9 -2 -3 -1 -7 -10 16 -12 -5 32 -7
7 -25 29 0 -10 5 26 15 -16 2 -8 -19 -30 0 -8 -17 1 14 10 -14 -8 -11 25 -9 -32 42 -6 -22 -7 4 -4 -9 11 0 2 -10 12 -36 10 7 -9 4 5 -9 14 -1 -4 9 -1 -6 -1 3 7 9 -2 -3 -1 -7 -10 16 -12 -5 32 -7
7 -25 29 0 -10 5 26 15 -16 2 -8 -19 -30 0 -8 -17 1 14 10 -14 -8 -11 25 -9 -32 42 -6 -22 -7 4 -4 -9 11 0 2 -10 12 -36 10 7 -9 4 5 -9 14 -1 -4 9 -1 -6 -1 3 7 9 -2 -3 -1 -7 -10 16 -12 -5 32 -7
7 -25 29 0 -10 5 26 15 -16 2 -8 -19 -30 0 -8 -17 1 14 10 -14 -8 -11 25 -9 -32 42 -6 -22 -7 4 -4 -9 11 0 2 -10 12 -36 10 7 -9 4 5 -9 14 -1 -4 9 -1 -6 -1 3 7 9 -2 -3 -1 -7 -10 16 -12 -5 32 -7
7 -25 29 0 -10 5 26 15 -16 2 -8 -19 -30 0 -8 -17 1 14 10 -14 -8 -11 25 -9 -32 42 -6 -22 -7 4 -4 -9 11 0 2 -10 12 -36 10 7 -9 4 5 -9 14 -1 -4 9 -1 -6 -1 3 7 9 -2 -3 -1 -7 -10 16 -12 -5 32 -7
7 -25 29 0 -10 5 26 15 -16 2 -8 -19 -30 0 -8 -17 1 14 10 -14 -8 -11 25 -9 -32 42 -6 -22 -7 4 -4 -9 11 0 2 -10 12 -36 10 7 -9 4 5 -9 14 -1 -4 9 -1 -6 -1 3 7 9 -2 -3 -1 -7 -10 16 -12 -5 32 -7
7 -25 29 0 -10 5 26 15 -16 2 -8 -19 -30 0 -8 -17 1 14 10 -14 -8 -11 25 -9 -32 42 -6 -22 -7 4 -4 -9 11 0 2 -10 12 -36 10 7 -9 4 5 -9 14 -1 -4 9 -1 -6 -1 3 7 9 -2 -3 -1 -7 -10 16 -12 -5 32 -7
7 -25 29 0 -10 5 26 15 -16 2 -8 -19 -30 0 -8 -17 1 14 10 -14 -8 -11 25 -9 -32 42 -6 -22 -7 4 -4 -9 11 0 2 -10 12 -36 10 7 -9 4 5 -9 14 -1 -4 9 -1 -6 -1 3 7 9 -2 -3 -1 -7 -10 16 -12 -5 32 -7
7 -25 29 0 -10 5 26 15 -16 2 -8 -19 -30 0 -8 -17 1 14 10 -14 -8 -11 25 -9 -32 42 -6 -22 -7 4 -4 -9 11 0 2 -10 12 -36 10 7 -9 4 5 -9 14 -1 -4 9 -1 -6 -1 3 7 9 -2 -3 -1 -7 -10 16 -12 -5 32 -7
7 -25 29 0 -10 5 26 15 -16 2 -8 -19 -30 0 -8 -17 1 14 10 -14 -8 -11 25 -9 -32 42 -6 -22 -7 4 -4 -9 11 0 2 -10 12 -36 10 7 -9 4 5 -9 14 -1 -4 9 -1 -6 -1 3 7 9 -2 -3 -1 -7 -10 16 -12 -5 32 -7
7 -25 29 0 -10 5 26 15 -16 2 -8 -19 -30 0 -8 -17 1 14 10 -14 -8 -11 25 -9 -32 42 -6 -22 -7 4 -4 -9 11 0 2 -10 12 -36 10 7 -9 4 5 -9 14 -1 -4 9 -1 -6 -1 3 7 9 -2 -3 -1 -7 -10 16 -12 -5 32 -7
7 -25 29 0 -10 5 26 15 -16 2 -8 -19 -30 0 -8 -17 1 14 10 -14 -8 -11 25 -9 -32 42 -6 -22 -7 4 -4 -9 11 0 2 -10 12 -36 10 7 -9 4 5 -9 14 -1 -4 9 -1 -6 -1 3 7 9 -2 -3 -1 -7 -10 16 -12 -5 32 -7
7 -25 29 0 -10 5 26 15 -16 2 -8 -19 -30 0 -8 -17 1 14 10 -14 -8 -11 25 -9 -32 42 -6 -22 -7 4 -4 -9 11 0 2 -10 12 -36 10 7 -9 4 5 -9 14 -1 -4 9 -1 -6 -1 3 7 9 -2 -3 -1 -7 -10 16 -12 -5 32 -7
7 -25 29 0 -10 5 26 15 -16 2 -8 -19 -30 0 -8 -17 1 14 10 -14 -8 -11 25 -9 -32 42 -6 -22 -7 4 -4 -9 11 0 2 -10 12 -36 10 7 -9 4 5 -9 14 -1 -4 9 -1 -6 -1 3 7 9 -2 -3 -1 -7 -10 16 -12 -5 32 -7
7 -25 29 0 -10 5 26 15 -16 2 -8 -19 -30 0 -8 -17 1 14 10 -14 -8 -11 25 -9 -32 42 -6 -22 -7 4 -4 -9 11 0 2 -10 12 -36 10 7 -9 4 5 -9 14 -1 -4 9 -1 -6 -1 3 7 9 -2 -3 -1 -7 -10 16 -12 -5 32 -7
7 -25 29 0 -10 5 26 15 -16 2 -8 -19 -30 0 -8 -17 1 14 10 -14 -8 -11 25 -9 -32 42 -6 -22 -7 4 -4 -9 11 0 2 -10 12 -36 10 7 -9 4 5 -9 14 -1 -4 9 -1 -6 -1 3 7 9 -2 -3 -1 -7 -10 16 -12 -5 32 -7
7 -25 29 0 -10 5 26 15 -16 2 -8 -19 -30 0 -8 -17 1 14 10 -14 -8 -11 25 -9 -32 42 -6 -22 -7 4 -4 -9 11 0 2 -10 12 -36 10 7 -9 4 5 -9 14 -1 -4 9 -1 -6 -1 3 7 9 -2 -3 -1 -7 -10 16 -12 -5 32 -7
7 -25 29 0 -10 5 26 15 -16 2 -8 -19 -30 0 -8 -17 1 14 10 -14 -8 -11 25 -9 -32 42 -6 -22 -7 4 -4 -9 11 0 2 -10 12 -36 10 7 -9 4 5 -9 14 -1 -4 9 -1 -6 -1 3 7 9 -2 -3 -1 -7 -10 16 -12 -5 32 -7
7 -25 29 0 -10 5 26 15 -16 2 -8 -19 -30 0 -8 -17 1 14 10 -14 -8 -11 25 -9 -32 42 -6 -22 -7 4 -4 -9 11 0 2 -10 12 -36 10 7 -9 4 5 -9 14 -1 -4 9 -1 -6 -1 3 7 9 -2 -3 -1 -7 -10 16 -12 -5 32 -7
7 -25 29 0 -10 5 26 15 -16 2 -8 -19 -30 0 -8 -17 1 14 10 -14 -8 -11 25 -9 -32 42 -6 -22 -7 4 -4 -9 11 0 2 -10 12 -36 10 7 -9 4 5 -9 14 -1 -4 9 -1 -6 -1 3 7 9 -2 -3 -1 -7 -10 16 -12 -5 32 -7
7 -25 29 0 -10 5 26 15 -16 2 -8 -19 -30 0 -8 -17 1 14 10 -14 -8 -11 25 -9 -32 42 -6 -22 -7 4 -4 -9 11 0 2 -10 12 -36 10 7 -9 4 5 -9 14 -1 -4 9 -1 -6 -1 3 7 9 -2 -3 -1 -7 -10 16 -12 -5 32 -7
7 -25 29 0 -10 5 26 15 -16 2 -8 -19 -30 0 -8 -17 1 14 10 -14 -8 -11 25 -9 -32 42 -6 -22 -7 4 -4 -9 11 0 2 -10 12 -36 10 7 -9 4 5 -9 14 -1 -4 9 -1 -6 -1 3 7 9 -2 -3 -1 -7 -10 16 -12 -5 32 -7
7 -25 29 0 -10 5 26 15 -16 2 -8 -19 -30 0 -8 -17 1 14 10 -14 -8 -11 25 -9 -32 42 -6 -22 -7 4 -4 -9 11 0 2 -10 12 -36 10 7 -9 4 5 -9 14 -1 -4 9 -1 -6 -1 3 7 9 -2 -3 -1 -7 -10 16 -12 -5 32 -7
7 -25 29 0 -10 5 26 15 -16 2 -8 -19 -30 0 -8 -17 1 14 10 -14 -8 -11 25 -9 -32 42 -6 -22 -7 4 -4 -9 11 0 2 -10 12 -36 10 7 -9 4 5 -9 14 -1 -4 9 -1 -6 -1 3 7 9 -2 -3 -1 -7 -10 16 -12 -5 32 -7
7 -25 29 0 -10 5 26 15 -16 2 -8 -19 -30 0 -8 -17 1 14 10 -14 -8 -11 25 -9 -32 42 -6 -22 -7 4 -4 -9 11 0 2 -10 12 -36 10 7 -9 4 5 -9 14 -1 -4 9 -1 -6 -1 3 7 9 -2 -3 -1 -7 -10 16 -12 -5 32 -7
7 -25 29 0 -10 5 26 15 -16 2 -8 -19 -30 0 -8 -17 1 14 10 -14 -8 -11 25 -9 -32 42 -6 -22 -7 4 -4 -9 11 0 2 -10 12 -36 10 7 -9 4 5 -9 14 -1 -4 9 -1 -6 -1 3 7 9 -2 -3 -1 -7 -10 16 -12 -5 32 -7
7 -25 29 0 -10 5 26 15 -16 2 -8 -19 -30 0 -8 -17 1 14 10 -14 -8 -11 25 -9 -32 42 -6 -22 -7 4 -4 -9 11 0 2 -10 12 -36 10 7 -9 4 5 -9 14 -1 -4 9 -1 -6 -1 3 7 9 -2 -3 -1 -7 -10 16 -12 -5 32 -7
7 -25 29 0 -10 5 26 15 -16 2 -8 -19 -30 0 -8 -17 1 14 10 -14 -8 -11 25 -9 -32 42 -6 -22 -7 4 -4 -9 11 0 2 -10 12 -36 10 7 -9 4 5 -9 14 -1 -4 9 -1 -6 -1 3 7 9 -2 -3 -1 -7 -10 16 -12 -5 32 -7
7 -25 29 0 -10 5 26 15 -16 2 -8 -19 -30 0 -8 -17 1 14 10 -14 -8 -11 25 -9 -32 42 -6 -22 -7 4 -4 -9 11 0 2 -10 12 -36 10 7 -9 4 5 -9 14 -1 -4 9 -1 -6 -1 3 7 9 -2 -3 -1 -7 -10 16 -12 -5 32 -7
7 -25 29 0 -10 5 26 15 -16 2 -8 -19 -30 0 -8 -17 1 14 10 -14 -8 -11 25 -9 -32 42 -6 -22 -7 4 -4 -9 11 0 2 -10 12 -36 10 7 -9 4 5 -9 14 -1 -4 9 -1 -6 -1 3 7 9 -2 -3 -1 -7 -10 16 -12 -5 32 -7
7 -25 29 0 -10 5 26 15 -16 2 -8 -19 -30 0 -8 -17 1 14 10 -14 -8 -11 25 -9 -32 42 -6 -22 -7 4 -4 -9 11 0 2 -10 12 -36 10 7 -9 4 5 -9 14 -1 -4 9 -1 -6 -1 3 7 9 -2 -3 -1 -7 -10 16 -12 -5 32 -7
7 -25 29 0 -10 5 26 15 -16 2 -8 -19 -30 0 -8 -17 1 14 10 -14 -8 -11 25 -9 -32 42 -6 -22 -7 4 -4 -9 11 0 2 -10 12 -36 10 7 -9 4 5 -9 14 -1 -4 9 -1 -6 -1 3 7 9 -2 -3 -1 -7 -10 16 -12 -5 32 -7
7 -25 29 0 -10 5 26 15 -16 2 -8 -19 -30 0 -8 -17 1 14 10 -14 -8 -11 25 -9 -32 42 -6 -22 -7 4 -4 -9 11 0 2 -10 12 -36 10 7 -9 4 5 -9 14 -1 -4 9 -1 -6 -1 3 7 9 -2 -3 -1 -7 -10 16 -12 -5 32 -7
7 -25 29 0 -10 5 26 15 -16 2 -8 -19 -30 0 -8 -17 1 14 10 -14 -8 -11 25 -9 -32 42 -6 -22 -7 4 -4 -9 11 0 2 -10 12 -36 10 7 -9 4 5 -9 14 -1 -4 9 -1 -6 -1 3 7 9 -2 -3 -1 -7 -10 16 -12 -5 32 -7
7 -25 29 0 -10 5 26 15 -16 2 -8 -19 -30 0 -8 -17 1 14 10 -14 -8 -11 25 -9 -32 42 -6 -22 -7 4 -4 -9 11 0 2 -10 12 -36 10 7 -9 4 5 -9 14 -1 -4 9 -1 -6 -1 3 7 9 -2 -3 -1 -7 -10 16 -12 -5 32 -7
7 -25 29 0 -10 5 26 15 -16 2 -8 -19 -30 0 -8 -17 1 14 10 -14 -8 -11 25 -9 -32 42 -6 -22 -7 4 -4 -9 11 0 2 -10 12 -36 10 7 -9 4 5 -9 14 -1 -4 9 -1 -6 -1 3 7 9 -2 -3 -1 -7 -10 16 -12 -5 32 -7
7 -25 29 0 -10 5 26 15 -16 2 -8 -19 -30 0 -8 -17 1 14 10 -14 -8 -11 25 -9 -32 42 -6 -22 -7 4 -4 -9 11 0 2 -10 12 -36 10 7 -9 4 5 -9 14 -1 -4 9 -1 -6 -1 3 7 9 -2 -3 -1 -7 -10 16 -12 -5 32 -7
7 -25 29 0 -10 5 26 15 -16 2 -8 -19 -30 0 -8 -17 1 14 10 -14 -8 -11 25 -9 -32 42 -6 -22 -7 4 -4 -9 11 0 2 -10 12 -36 10 7 -9 4 5 -9 14 -1 -4 9 -1 -6 -1 3 7 9 -2 -3 -1 -7 -10 16 -12 -5 32 -7
7 -25 29 0 -10 5 26 15 -16 2 -8 -19 -30 0 -8 -17 1 14 10 -14 -8 -11 25 -9 -32 42 -6 -22 -7 4 -4 -9 11 0 2 -10 12 -36 10 7 -9 4 5 -9 14 -1 -4 9 -1 -6 -1 3 7 9 -2 -3 -1 -7 -10 16 -12 -5 32 -7
7 -25 29 0 -10 5 26 15 -16 2 -8 -19 -30 0 -8 -17 1 14 10 -14 -8 -11 25 -9 -32 42 -6 -22 -7 4 -4 -9 11 0 2 -10 12 -36 10 7 -9 4 5 -9 14 -1 -4 9 -1 -6 -1 3 7 9 -2 -3 -1 -7 -10 16 -12 -5 32 -7
7 -25 29 0 -10 5 26 15 -16 2 -8 -19 -30 0 -8 -17 1 14 10 -14 -8 -11 25 -9 -32 42 -6 -22 -7 4 -4 -9 11 0 2 -10 12 -36 10 7 -9 4 5 -9 14 -1 -4 9 -1 -6 -1 3 7 9 -2 -3 -1 -7 -10 16 -12 -5 32 -7
7 -25 29 0 -10 5 26 15 -16 2 -8 -19 -30 0 -8 -17 1 14 10 -14 -8 -11 25 -9 -32 42 -6 -22 -7 4 -4 -9 11 0 2 -10 12 -36 10 7 -9 4 5 -9 14 -1 -4 9 -1 -6 -1 3 7 9 -2 -3 -1 -7 -10 16 -12 -5 32 -7
7 -25 29 0 -10 5 26 15 -16 2 -8 -19 -30 0 -8 -17 1 14 10 -14 -8 -11 25 -9 -32 42 -6 -22 -7 4 -4 -9 11 0 2 -10 12 -36 10 7 -9 4 5 -9 14 -1 -4 9 -1 -6 -1 3 7 9 -2 -3 -1 -7 -10 16 -12 -5 32 -7
7 -25 29 0 -10 5 26 15 -16 2 -8 -19 -30 0 -8 -17 1 14 10 -14 -8 -11 25 -9 -32 42 -6 -22 -7 4 -4 -9 11 0 2 -10 12 -36 10 7 -9 4 5 -9 14 -1 -4 9 -1 -6 -1 3 7 9 -2 -3 -1 -7 -10 16 -12 -5 32 -7
7 -25 29 0 -10 5 26 15 -16 2 -8 -19 -30 0 -8 -17 1 14 10 -14 -8 -11 25 -9 -32 42 -6 -22 -7 4 -4 -9 11 0 2 -10 12 -36 10 7 -9 4 5 -9 14 -1 -4 9 -1 -6 -1 3 7 9 -2 -3 -1 -7 -10 16 -12 -5 32 -7
7 -25 29 0 -10 5 26 15 -16 2 -8 -19 -30 0 -8 -17 1 14 10 -14 -8 -11 25 -9 -32 42 -6 -22 -7 4 -4 -9 11 0 2 -10 12 -36 10 7 -9 4 5 -9 14 -1 -4 9 -1 -6 -1 3 7 9 -2 -3 -1 -7 -10 16 -12 -5 32 -7
7 -25 29 0 -10 5 26 15 -16 2 -8 -19 -30 0 -8 -17 1 14 10 -14 -8 -11 25 -9 -32 42 -6 -22 -7 4 -4 -9 11 0 2 -10 12 -36 10 7 -9 4 5 -9 14 -1 -4 9 -1 -6 -1 3 7 9 -2 -3 -1 -7 -10 16 -12 -5 32 -7
