0 -50 -2 -5 -2 -18 1 8 -7 14 -7 -4 18 2 11 9 3 1 11 -8 6 10 11 9 0 -16 9 -16 -11 10 -4 -10 10 7 8 -8 -4 7 -6 16 -4 3 -5 -9 -9 -10 3 -3 15 -4 2 4 -5 -7 5 -5 13 15 6 12 -12 -4 -16 2
-8 -88 36 9 -3 -3 2 23 3 4 1 -3 2 -6 32 -12 9 -3 21 -31 35 3 -4 -4 -3 1 9 -10 0 -6 7 -5 -7 -10 -12 4 2 -6 6 25 -5 -1 0 14 11 30 -23 25 -18 9 11 -1 40 6 -8 4 6 -4 0 5 4 22 -5 8
-16 -77 29 6 2 1 1 23 1 -3 19 5 9 -7 18 -11 -8 5 -6 -36 38 -6 5 -8 -9 3 -1 12 -1 2 5 -6 12 -11 -6 -6 1 -8 9 26 -14 17 -4 1 -7 23 -17 35 -5 0 19 -2 29 -3 -13 -1 7 -3 -14 -6 -3 31 -3 18
-1 -68 -1 7 1 13 -8 28 12 5 33 11 0 3 25 -12 -24 -9 -29 0 15 1 -13 -8 -1 20 -1 -6 -4 -5 -14 2 3 -14 4 -3 9 -13 10 -5 -29 1 4 15 -8 9 -7 23 -14 -15 0 1 37 14 17 4 17 2 -2 19 -9 41 12 7
-12 -70 -14 -1 5 -12 -17 24 19 10 20 3 -13 -5 40 5 -20 -1 20 8 24 -4 3 4 9 -3 1 0 3 -4 -8 5 3 -5 -12 8 -15 -6 3 -25 0 -8 1 3 -7 18 -7 2 -14 -6 -2 -2 18 18 9 10 10 0 -13 12 3 11 11 -5
-17 -80 -7 10 14 0 1 42 4 -2 23 1 -14 -1 38 0 -26 5 20 15 13 1 13 5 1 -4 -9 -4 -3 3 -15 2 2 -7 -17 5 -2 -12 -9 -21 -1 8 0 5 -5 26 -5 1 -8 -5 -11 0 22 30 2 6 8 -5 -9 10 14 23 3 3
-4 -73 -21 1 -3 3 -12 29 3 -5 30 17 -23 -12 34 4 -20 9 -1 7 13 8 -8 5 7 -5 -13 -4 9 4 -15 1 11 -11 0 -6 -2 2 -3 -15 -11 4 -7 17 2 29 -1 5 -24 -11 1 6 30 13 4 16 6 7 6 1 -3 11 8 -7
-8 -62 -9 14 3 6 -16 17 0 15 25 6 -9 -1 16 -12 -27 -10 -12 19 -5 -7 -6 -5 3 4 -8 -7 -6 -13 -7 -5 8 0 -8 -8 -3 -13 12 -35 -16 -3 5 7 5 12 1 5 -19 -9 -7 -13 46 7 7 10 18 2 -4 2 2 43 1 -2
-10 -69 0 6 4 11 -15 34 11 5 22 11 8 3 19 16 -21 -6 -38 -23 28 -23 6 4 9 3 -10 -5 -23 1 4 -9 -6 -16 23 8 14 2 -7 3 -22 4 -6 0 -11 9 -7 28 -3 -3 -3 2 33 -2 -9 -9 19 -8 4 -12 6 31 -2 -22
-13 -87 19 -12 -10 -10 -11 44 6 -6 4 8 -3 -4 21 1 -19 1 -12 -38 52 -1 1 4 0 -5 -7 3 4 10 5 -9 22 2 7 10 -8 1 12 18 -7 7 4 5 -12 26 4 33 -8 -27 -5 -8 18 7 11 10 8 3 -1 5 -3 18 7 -5
-11 -70 -2 11 -6 14 -15 40 -4 2 35 6 11 5 15 14 -27 -9 -45 -21 33 -24 -9 -5 14 5 -21 14 -15 -1 8 -13 -11 -14 24 -6 8 5 -7 10 -8 13 -6 -10 -11 16 -14 29 4 -6 -18 8 34 2 -17 -5 25 -7 8 -19 -5 33 1 -12
-13 -66 -12 8 3 12 -19 35 4 5 26 3 2 13 18 10 -14 1 -41 -20 29 2 -2 -6 4 4 -6 -8 -5 -7 -10 -11 0 -11 10 -1 22 7 -4 -17 -12 -7 -3 10 -1 -10 -10 28 -5 -2 -4 -14 37 -5 0 3 5 12 15 1 8 26 -3 -8
-11 -84 11 2 11 14 17 44 14 -10 19 -4 4 7 17 -16 -1 3 7 -27 47 9 -28 15 15 4 -5 -5 11 4 -20 1 11 -3 16 6 12 4 0 -9 -19 1 19 -2 -4 17 -9 36 -10 0 -5 -3 20 14 11 -11 -19 2 -2 8 12 37 6 -5
-15 -69 5 -1 8 8 1 23 12 -3 13 -8 -6 -12 18 -8 -5 7 37 -13 30 5 -18 15 12 -4 4 -10 2 -6 -13 -1 -2 -2 1 4 -2 8 -6 -22 -18 -7 12 -4 0 15 9 1 -9 11 -6 -6 22 9 4 -6 -4 4 -4 13 3 23 9 -6
-3 -86 4 -12 8 10 -1 46 10 -21 12 -2 -1 1 4 -11 -12 3 2 -40 56 13 -20 7 -2 -7 -4 -2 8 -12 -8 -12 24 6 3 11 -3 9 -11 -7 -22 9 11 2 -8 22 -2 21 -16 -9 4 -2 8 13 13 3 -15 1 -3 6 3 21 6 -3
0 -71 -12 -3 11 20 5 39 9 -18 13 -3 2 6 9 -17 -13 9 -4 -28 43 7 -29 4 -9 -3 -10 -4 3 -13 -17 -12 10 -4 13 -6 11 11 -21 -19 -21 3 8 2 -5 9 -4 24 -15 -2 0 -6 22 6 9 -6 -11 7 -15 -2 10 30 0 -1
-17 -70 -33 -2 5 4 2 39 9 -9 24 7 -6 -4 23 0 -21 2 5 -39 46 -10 -34 -4 9 7 -12 -23 0 -13 -10 15 5 -8 6 -20 13 -8 -17 -29 -7 -3 -1 15 4 8 -5 14 -5 14 4 2 13 1 7 -13 1 0 13 -8 1 7 1 -3
-8 -61 -21 -3 7 16 -1 36 3 -15 19 3 -8 12 19 0 -18 14 -9 -33 38 8 -40 -1 3 11 -6 -8 6 -10 -18 11 3 -15 5 -16 19 -2 -8 -22 -26 0 2 11 -4 0 -5 15 -14 10 12 -1 24 -7 12 2 -1 5 2 -4 -3 31 0 8
-10 -71 -29 2 2 9 -1 36 11 -5 23 -1 -9 6 23 -2 -18 4 1 -27 38 -8 -36 -8 9 4 1 -6 10 -8 -10 6 -2 -8 1 -17 18 -8 -18 -25 -15 -9 -2 10 4 15 -1 21 -7 17 1 8 28 2 -2 -5 -6 -10 18 -17 8 13 -13 10
-8 -73 -33 -5 5 2 6 36 6 2 16 10 -10 0 20 -5 -19 15 16 -18 38 -3 -12 -2 4 -8 -5 -6 14 4 1 -3 5 -17 17 -8 4 -7 1 -38 -25 -4 16 12 -4 15 -9 11 -5 6 8 1 12 12 23 5 -9 -14 -3 -2 4 6 -12 16
-7 -69 -16 1 1 7 -4 30 2 -11 23 3 -16 6 22 -9 -4 12 16 -26 33 1 -16 5 -3 -1 -8 -3 8 -6 -16 -2 5 -15 10 -16 18 2 -6 -25 -22 1 12 4 2 5 4 14 -6 -1 7 1 20 5 1 8 -4 13 -4 -7 -3 22 -11 12
-8 -79 4 -7 -7 -3 -7 36 -6 7 15 9 1 -3 11 -7 -27 16 -2 -34 55 7 1 -5 -11 -11 1 -3 7 -4 0 -15 12 1 3 10 -5 -8 -4 18 -20 11 0 -4 -22 28 -7 27 -5 -9 10 -12 17 1 8 12 -3 1 8 -5 0 5 0 -2
-3 -51 -3 -7 -9 -12 -4 4 -9 4 -1 1 14 0 7 19 0 -8 8 -10 8 9 11 10 -5 -15 1 -9 1 9 -4 5 7 0 4 -4 -1 4 9 11 -7 -10 -3 -10 -8 3 10 0 5 -6 8 7 -10 -4 3 -3 5 10 4 20 -10 -2 -5 -3
-6 -82 22 15 -2 -5 -7 41 3 1 35 0 3 -1 -6 -1 -8 2 -5 -7 47 -4 2 -9 5 -9 4 -4 10 12 -3 -17 -3 2 -9 2 7 -1 0 22 -17 1 -6 18 -19 29 -2 8 0 1 8 6 33 -10 -8 -4 8 -3 -5 11 -15 5 10 1
-5 -88 33 -1 5 -8 -9 35 -1 7 41 2 16 10 -2 -4 -6 15 1 -17 40 -9 -4 -14 -2 -26 -2 19 11 22 11 -12 1 -23 -13 -14 6 -5 7 20 -9 4 -2 6 -28 31 -33 9 10 -8 14 -16 38 -15 -6 10 7 -3 9 1 -8 8 8 4
-10 -71 10 8 -1 14 -6 27 1 9 51 6 15 12 -4 -7 -17 4 -20 5 49 -3 -2 -10 -6 1 0 -17 1 -2 -12 -6 6 -11 0 5 7 -7 6 12 -24 2 -3 5 -16 19 -11 3 -13 -14 1 0 34 -1 18 -9 15 2 10 20 -6 29 10 2
-17 -70 -8 5 6 -6 -12 26 11 9 44 3 -6 -3 26 5 -34 5 18 7 36 -8 15 2 6 -8 -6 -7 8 -1 -6 5 3 -6 -10 4 -6 -7 -1 -17 -4 2 2 -1 -6 16 -13 -15 -11 -8 2 0 14 3 11 -1 8 -6 -5 17 2 7 4 3
-15 -74 -10 12 13 3 -4 26 3 -2 45 3 -11 5 25 -5 -41 5 24 23 32 -13 25 12 8 -14 -14 -5 1 5 -13 -3 0 -11 -9 7 2 -9 -4 -18 0 8 3 6 -3 19 -7 -19 -16 1 -5 2 17 13 3 1 7 7 -6 5 2 12 0 5
-11 -72 -20 6 -2 6 -12 28 0 -3 50 11 -16 -16 20 9 -32 7 3 11 32 -7 9 13 10 -11 -21 -12 13 3 -8 2 6 -21 -8 -4 5 -3 1 -12 -15 2 -3 2 0 24 -1 -15 -17 -13 1 -2 31 4 1 6 -1 1 6 -3 -11 5 8 8
-6 -64 -14 16 3 3 -12 13 0 15 57 6 -8 -3 2 -10 -29 -1 -6 25 22 -7 7 0 -2 -5 -10 -9 1 -14 -7 -7 -3 -1 -3 0 -5 -13 10 -22 -20 1 3 1 -2 16 1 -23 -15 -4 -12 -9 44 -10 2 9 16 4 -1 11 2 28 -2 8
-11 -71 2 2 8 17 -7 26 -1 9 50 13 17 5 2 13 -26 -6 -35 -15 48 -22 9 2 3 -5 -17 -3 -15 10 4 -2 1 -9 24 0 15 2 -5 14 -16 21 -7 3 -14 4 2 5 -13 -1 0 5 38 -21 -6 -8 16 4 2 -8 0 31 3 -7
-11 -63 1 15 -2 12 -11 33 -10 1 44 3 10 7 7 10 -24 -7 -33 -17 42 -22 5 -2 12 -1 -26 6 -14 11 10 -7 -10 -15 26 1 11 3 -6 10 -7 17 -12 -11 -16 -2 -10 -4 -1 0 -9 9 22 -10 -3 -8 30 8 7 -17 -6 23 2 -8
-16 -72 -14 12 5 19 -17 27 -4 2 52 2 6 1 1 16 -24 -6 -32 -12 50 -4 12 -2 6 -5 -8 -1 -1 -3 -5 -20 0 -7 12 7 23 3 -3 -8 -15 -2 -5 1 -10 -6 -12 11 -10 -3 -6 -8 36 -14 5 -2 2 12 15 -3 7 22 -8 -5
-1 -64 12 7 8 11 13 33 -3 -6 33 -3 2 7 5 -7 -1 4 9 -5 39 1 -2 20 3 -12 7 -5 8 -7 -16 -3 -14 -8 2 -3 1 0 -15 -7 -17 3 8 -4 -12 6 4 1 -8 -7 -5 -12 25 -7 10 -15 -16 17 0 5 10 24 4 -3
-21 -72 -31 10 3 10 -7 46 7 -8 47 8 -7 -1 8 7 -30 2 6 -28 60 -7 -21 -1 14 -2 -18 -26 7 -11 -16 12 -1 -18 5 -10 20 -15 -8 -20 -7 5 -9 18 8 1 -8 4 -10 10 4 7 14 -14 -1 -19 -1 5 14 -8 5 5 -2 3
-14 -58 -12 9 13 26 -7 32 1 -8 53 13 -17 19 6 -2 -29 -3 -11 -13 47 -4 -17 2 8 0 -8 -7 1 -9 -18 11 2 -11 -1 -10 24 -10 -12 -12 -21 5 -1 2 -2 -2 -6 -10 -16 3 7 7 22 -18 6 -9 -2 17 4 0 6 22 -10 7
-20 -71 -28 6 8 10 -12 36 6 0 42 1 -10 -2 11 0 -25 -2 5 -19 45 -4 -10 2 13 -4 -2 -10 7 -14 -10 5 -11 -9 0 -5 22 -11 -11 -19 -10 -7 -1 10 -5 16 -4 -9 -7 11 -4 14 18 -16 5 -9 0 -4 15 -12 6 8 -9 6
-15 -75 -16 0 1 9 2 28 9 4 45 12 -12 4 12 -6 -24 22 23 -2 45 -6 -3 1 8 -11 -12 -15 6 8 -5 0 -5 -18 3 -7 23 -17 -8 -32 -22 5 11 7 -4 0 -7 -6 -14 -2 10 7 15 0 19 -10 -13 3 6 0 6 -1 -12 8
-18 -71 -11 4 4 14 -1 30 -1 -7 46 9 -17 5 5 -14 -13 7 6 -14 48 1 12 6 5 -9 -17 -12 2 -2 -21 -7 4 -14 5 -12 28 -1 -10 -10 -17 6 8 1 -2 9 7 6 -13 -5 2 15 23 -9 5 -7 -2 22 3 -6 1 15 -11 9
-7 -79 18 0 -1 5 -11 36 3 1 28 -2 3 -4 -1 -12 -28 18 2 -24 58 0 19 -7 -13 -16 -3 -12 7 -5 6 -15 5 1 5 7 4 -5 -3 23 -12 17 8 -5 -15 25 1 2 -9 -13 11 -6 23 -14 3 4 -9 14 7 -5 2 -6 6 3
-1 -48 -7 -7 -9 -13 -3 4 -9 5 0 1 14 2 5 19 0 -8 6 -8 5 8 11 10 -4 -15 1 -9 1 9 -4 4 7 -1 4 -4 -3 4 8 11 -7 -11 -3 -10 -6 2 9 -1 6 -6 7 7 -10 -5 3 -5 5 11 6 20 -11 -4 -6 -2
-10 -59 21 2 -9 3 0 21 14 -2 6 6 -3 -6 23 -6 -14 5 -4 -13 24 0 -8 4 -4 12 6 -1 0 6 -13 -18 -1 -4 -3 2 5 -4 -6 -13 -32 7 5 1 -5 23 1 25 -11 -8 -3 8 3 -9 5 24 -1 10 -5 -2 4 -11 5 -14
-10 -59 21 2 -9 3 0 21 14 -2 6 6 -3 -6 23 -6 -14 5 -4 -13 24 0 -8 4 -4 12 6 -1 0 6 -13 -18 -1 -4 -3 2 5 -4 -6 -13 -32 7 5 1 -5 23 1 25 -11 -8 -3 8 3 -9 5 24 -1 10 -5 -2 4 -11 5 -14
-10 -59 21 2 -9 3 0 21 14 -2 6 6 -3 -6 23 -6 -14 5 -4 -13 24 0 -8 4 -4 12 6 -1 0 6 -13 -18 -1 -4 -3 2 5 -4 -6 -13 -32 7 5 1 -5 23 1 25 -11 -8 -3 8 3 -9 5 24 -1 10 -5 -2 4 -11 5 -14
-10 -59 21 2 -9 3 0 21 14 -2 6 6 -3 -6 23 -6 -14 5 -4 -13 24 0 -8 4 -4 12 6 -1 0 6 -13 -18 -1 -4 -3 2 5 -4 -6 -13 -32 7 5 1 -5 23 1 25 -11 -8 -3 8 3 -9 5 24 -1 10 -5 -2 4 -11 5 -14
-10 -59 21 2 -9 3 0 21 14 -2 6 6 -3 -6 23 -6 -14 5 -4 -13 24 0 -8 4 -4 12 6 -1 0 6 -13 -18 -1 -4 -3 2 5 -4 -6 -13 -32 7 5 1 -5 23 1 25 -11 -8 -3 8 3 -9 5 24 -1 10 -5 -2 4 -11 5 -14
-10 -59 21 2 -9 3 0 21 14 -2 6 6 -3 -6 23 -6 -14 5 -4 -13 24 0 -8 4 -4 12 6 -1 0 6 -13 -18 -1 -4 -3 2 5 -4 -6 -13 -32 7 5 1 -5 23 1 25 -11 -8 -3 8 3 -9 5 24 -1 10 -5 -2 4 -11 5 -14
-10 -59 21 2 -9 3 0 21 14 -2 6 6 -3 -6 23 -6 -14 5 -4 -13 24 0 -8 4 -4 12 6 -1 0 6 -13 -18 -1 -4 -3 2 5 -4 -6 -13 -32 7 5 1 -5 23 1 25 -11 -8 -3 8 3 -9 5 24 -1 10 -5 -2 4 -11 5 -14
-10 -59 21 2 -9 3 0 21 14 -2 6 6 -3 -6 23 -6 -14 5 -4 -13 24 0 -8 4 -4 12 6 -1 0 6 -13 -18 -1 -4 -3 2 5 -4 -6 -13 -32 7 5 1 -5 23 1 25 -11 -8 -3 8 3 -9 5 24 -1 10 -5 -2 4 -11 5 -14
-10 -59 21 2 -9 3 0 21 14 -2 6 6 -3 -6 23 -6 -14 5 -4 -13 24 0 -8 4 -4 12 6 -1 0 6 -13 -18 -1 -4 -3 2 5 -4 -6 -13 -32 7 5 1 -5 23 1 25 -11 -8 -3 8 3 -9 5 24 -1 10 -5 -2 4 -11 5 -14
-10 -59 21 2 -9 3 0 21 14 -2 6 6 -3 -6 23 -6 -14 5 -4 -13 24 0 -8 4 -4 12 6 -1 0 6 -13 -18 -1 -4 -3 2 5 -4 -6 -13 -32 7 5 1 -5 23 1 25 -11 -8 -3 8 3 -9 5 24 -1 10 -5 -2 4 -11 5 -14
-10 -59 21 2 -9 3 0 21 14 -2 6 6 -3 -6 23 -6 -14 5 -4 -13 24 0 -8 4 -4 12 6 -1 0 6 -13 -18 -1 -4 -3 2 5 -4 -6 -13 -32 7 5 1 -5 23 1 25 -11 -8 -3 8 3 -9 5 24 -1 10 -5 -2 4 -11 5 -14
-10 -59 21 2 -9 3 0 21 14 -2 6 6 -3 -6 23 -6 -14 5 -4 -13 24 0 -8 4 -4 12 6 -1 0 6 -13 -18 -1 -4 -3 2 5 -4 -6 -13 -32 7 5 1 -5 23 1 25 -11 -8 -3 8 3 -9 5 24 -1 10 -5 -2 4 -11 5 -14
-10 -59 21 2 -9 3 0 21 14 -2 6 6 -3 -6 23 -6 -14 5 -4 -13 24 0 -8 4 -4 12 6 -1 0 6 -13 -18 -1 -4 -3 2 5 -4 -6 -13 -32 7 5 1 -5 23 1 25 -11 -8 -3 8 3 -9 5 24 -1 10 -5 -2 4 -11 5 -14
-10 -59 21 2 -9 3 0 21 14 -2 6 6 -3 -6 23 -6 -14 5 -4 -13 24 0 -8 4 -4 12 6 -1 0 6 -13 -18 -1 -4 -3 2 5 -4 -6 -13 -32 7 5 1 -5 23 1 25 -11 -8 -3 8 3 -9 5 24 -1 10 -5 -2 4 -11 5 -14
-10 -59 21 2 -9 3 0 21 14 -2 6 6 -3 -6 23 -6 -14 5 -4 -13 24 0 -8 4 -4 12 6 -1 0 6 -13 -18 -1 -4 -3 2 5 -4 -6 -13 -32 7 5 1 -5 23 1 25 -11 -8 -3 8 3 -9 5 24 -1 10 -5 -2 4 -11 5 -14
-10 -59 21 2 -9 3 0 21 14 -2 6 6 -3 -6 23 -6 -14 5 -4 -13 24 0 -8 4 -4 12 6 -1 0 6 -13 -18 -1 -4 -3 2 5 -4 -6 -13 -32 7 5 1 -5 23 1 25 -11 -8 -3 8 3 -9 5 24 -1 10 -5 -2 4 -11 5 -14
-10 -59 21 2 -9 3 0 21 14 -2 6 6 -3 -6 23 -6 -14 5 -4 -13 24 0 -8 4 -4 12 6 -1 0 6 -13 -18 -1 -4 -3 2 5 -4 -6 -13 -32 7 5 1 -5 23 1 25 -11 -8 -3 8 3 -9 5 24 -1 10 -5 -2 4 -11 5 -14
-10 -59 21 2 -9 3 0 21 14 -2 6 6 -3 -6 23 -6 -14 5 -4 -13 24 0 -8 4 -4 12 6 -1 0 6 -13 -18 -1 -4 -3 2 5 -4 -6 -13 -32 7 5 1 -5 23 1 25 -11 -8 -3 8 3 -9 5 24 -1 10 -5 -2 4 -11 5 -14
-10 -59 21 2 -9 3 0 21 14 -2 6 6 -3 -6 23 -6 -14 5 -4 -13 24 0 -8 4 -4 12 6 -1 0 6 -13 -18 -1 -4 -3 2 5 -4 -6 -13 -32 7 5 1 -5 23 1 25 -11 -8 -3 8 3 -9 5 24 -1 10 -5 -2 4 -11 5 -14
-10 -59 21 2 -9 3 0 21 14 -2 6 6 -3 -6 23 -6 -14 5 -4 -13 24 0 -8 4 -4 12 6 -1 0 6 -13 -18 -1 -4 -3 2 5 -4 -6 -13 -32 7 5 1 -5 23 1 25 -11 -8 -3 8 3 -9 5 24 -1 10 -5 -2 4 -11 5 -14
-10 -59 21 2 -9 3 0 21 14 -2 6 6 -3 -6 23 -6 -14 5 -4 -13 24 0 -8 4 -4 12 6 -1 0 6 -13 -18 -1 -4 -3 2 5 -4 -6 -13 -32 7 5 1 -5 23 1 25 -11 -8 -3 8 3 -9 5 24 -1 10 -5 -2 4 -11 5 -14
-10 -59 21 2 -9 3 0 21 14 -2 6 6 -3 -6 23 -6 -14 5 -4 -13 24 0 -8 4 -4 12 6 -1 0 6 -13 -18 -1 -4 -3 2 5 -4 -6 -13 -32 7 5 1 -5 23 1 25 -11 -8 -3 8 3 -9 5 24 -1 10 -5 -2 4 -11 5 -14
-10 -59 21 2 -9 3 0 21 14 -2 6 6 -3 -6 23 -6 -14 5 -4 -13 24 0 -8 4 -4 12 6 -1 0 6 -13 -18 -1 -4 -3 2 5 -4 -6 -13 -32 7 5 1 -5 23 1 25 -11 -8 -3 8 3 -9 5 24 -1 10 -5 -2 4 -11 5 -14
-10 -59 21 2 -9 3 0 21 14 -2 6 6 -3 -6 23 -6 -14 5 -4 -13 24 0 -8 4 -4 12 6 -1 0 6 -13 -18 -1 -4 -3 2 5 -4 -6 -13 -32 7 5 1 -5 23 1 25 -11 -8 -3 8 3 -9 5 24 -1 10 -5 -2 4 -11 5 -14
-10 -59 21 2 -9 3 0 21 14 -2 6 6 -3 -6 23 -6 -14 5 -4 -13 24 0 -8 4 -4 12 6 -1 0 6 -13 -18 -1 -4 -3 2 5 -4 -6 -13 -32 7 5 1 -5 23 1 25 -11 -8 -3 8 3 -9 5 24 -1 10 -5 -2 4 -11 5 -14
-10 -59 21 2 -9 3 0 21 14 -2 6 6 -3 -6 23 -6 -14 5 -4 -13 24 0 -8 4 -4 12 6 -1 0 6 -13 -18 -1 -4 -3 2 5 -4 -6 -13 -32 7 5 1 -5 23 1 25 -11 -8 -3 8 3 -9 5 24 -1 10 -5 -2 4 -11 5 -14
-10 -59 21 2 -9 3 0 21 14 -2 6 6 -3 -6 23 -6 -14 5 -4 -13 24 0 -8 4 -4 12 6 -1 0 6 -13 -18 -1 -4 -3 2 5 -4 -6 -13 -32 7 5 1 -5 23 1 25 -11 -8 -3 8 3 -9 5 24 -1 10 -5 -2 4 -11 5 -14
-10 -59 21 2 -9 3 0 21 14 -2 6 6 -3 -6 23 -6 -14 5 -4 -13 24 0 -8 4 -4 12 6 -1 0 6 -13 -18 -1 -4 -3 2 5 -4 -6 -13 -32 7 5 1 -5 23 1 25 -11 -8 -3 8 3 -9 5 24 -1 10 -5 -2 4 -11 5 -14
-10 -59 21 2 -9 3 0 21 14 -2 6 6 -3 -6 23 -6 -14 5 -4 -13 24 0 -8 4 -4 12 6 -1 0 6 -13 -18 -1 -4 -3 2 5 -4 -6 -13 -32 7 5 1 -5 23 1 25 -11 -8 -3 8 3 -9 5 24 -1 10 -5 -2 4 -11 5 -14
-10 -59 21 2 -9 3 0 21 14 -2 6 6 -3 -6 23 -6 -14 5 -4 -13 24 0 -8 4 -4 12 6 -1 0 6 -13 -18 -1 -4 -3 2 5 -4 -6 -13 -32 7 5 1 -5 23 1 25 -11 -8 -3 8 3 -9 5 24 -1 10 -5 -2 4 -11 5 -14
-10 -59 21 2 -9 3 0 21 14 -2 6 6 -3 -6 23 -6 -14 5 -4 -13 24 0 -8 4 -4 12 6 -1 0 6 -13 -18 -1 -4 -3 2 5 -4 -6 -13 -32 7 5 1 -5 23 1 25 -11 -8 -3 8 3 -9 5 24 -1 10 -5 -2 4 -11 5 -14
-10 -59 21 2 -9 3 0 21 14 -2 6 6 -3 -6 23 -6 -14 5 -4 -13 24 0 -8 4 -4 12 6 -1 0 6 -13 -18 -1 -4 -3 2 5 -4 -6 -13 -32 7 5 1 -5 23 1 25 -11 -8 -3 8 3 -9 5 24 -1 10 -5 -2 4 -11 5 -14
-10 -59 21 2 -9 3 0 21 14 -2 6 6 -3 -6 23 -6 -14 5 -4 -13 24 0 -8 4 -4 12 6 -1 0 6 -13 -18 -1 -4 -3 2 5 -4 -6 -13 -32 7 5 1 -5 23 1 25 -11 -8 -3 8 3 -9 5 24 -1 10 -5 -2 4 -11 5 -14
-10 -59 21 2 -9 3 0 21 14 -2 6 6 -3 -6 23 -6 -14 5 -4 -13 24 0 -8 4 -4 12 6 -1 0 6 -13 -18 -1 -4 -3 2 5 -4 -6 -13 -32 7 5 1 -5 23 1 25 -11 -8 -3 8 3 -9 5 24 -1 10 -5 -2 4 -11 5 -14
-10 -59 21 2 -9 3 0 21 14 -2 6 6 -3 -6 23 -6 -14 5 -4 -13 24 0 -8 4 -4 12 6 -1 0 6 -13 -18 -1 -4 -3 2 5 -4 -6 -13 -32 7 5 1 -5 23 1 25 -11 -8 -3 8 3 -9 5 24 -1 10 -5 -2 4 -11 5 -14
-10 -59 21 2 -9 3 0 21 14 -2 6 6 -3 -6 23 -6 -14 5 -4 -13 24 0 -8 4 -4 12 6 -1 0 6 -13 -18 -1 -4 -3 2 5 -4 -6 -13 -32 7 5 1 -5 23 1 25 -11 -8 -3 8 3 -9 5 24 -1 10 -5 -2 4 -11 5 -14
-10 -59 21 2 -9 3 0 21 14 -2 6 6 -3 -6 23 -6 -14 5 -4 -13 24 0 -8 4 -4 12 6 -1 0 6 -13 -18 -1 -4 -3 2 5 -4 -6 -13 -32 7 5 1 -5 23 1 25 -11 -8 -3 8 3 -9 5 24 -1 10 -5 -2 4 -11 5 -14
-10 -59 21 2 -9 3 0 21 14 -2 6 6 -3 -6 23 -6 -14 5 -4 -13 24 0 -8 4 -4 12 6 -1 0 6 -13 -18 -1 -4 -3 2 5 -4 -6 -13 -32 7 5 1 -5 23 1 25 -11 -8 -3 8 3 -9 5 24 -1 10 -5 -2 4 -11 5 -14
-10 -59 21 2 -9 3 0 21 14 -2 6 6 -3 -6 23 -6 -14 5 -4 -13 24 0 -8 4 -4 12 6 -1 0 6 -13 -18 -1 -4 -3 2 5 -4 -6 -13 -32 7 5 1 -5 23 1 25 -11 -8 -3 8 3 -9 5 24 -1 10 -5 -2 4 -11 5 -14
-10 -59 21 2 -9 3 0 21 14 -2 6 6 -3 -6 23 -6 -14 5 -4 -13 24 0 -8 4 -4 12 6 -1 0 6 -13 -18 -1 -4 -3 2 5 -4 -6 -13 -32 7 5 1 -5 23 1 25 -11 -8 -3 8 3 -9 5 24 -1 10 -5 -2 4 -11 5 -14
-10 -59 21 2 -9 3 0 21 14 -2 6 6 -3 -6 23 -6 -14 5 -4 -13 24 0 -8 4 -4 12 6 -1 0 6 -13 -18 -1 -4 -3 2 5 -4 -6 -13 -32 7 5 1 -5 23 1 25 -11 -8 -3 8 3 -9 5 24 -1 10 -5 -2 4 -11 5 -14
-10 -59 21 2 -9 3 0 21 14 -2 6 6 -3 -6 23 -6 -14 5 -4 -13 24 0 -8 4 -4 12 6 -1 0 6 -13 -18 -1 -4 -3 2 5 -4 -6 -13 -32 7 5 1 -5 23 1 25 -11 -8 -3 8 3 -9 5 24 -1 10 -5 -2 4 -11 5 -14
-10 -59 21 2 -9 3 0 21 14 -2 6 6 -3 -6 23 -6 -14 5 -4 -13 24 0 -8 4 -4 12 6 -1 0 6 -13 -18 -1 -4 -3 2 5 -4 -6 -13 -32 7 5 1 -5 23 1 25 -11 -8 -3 8 3 -9 5 24 -1 10 -5 -2 4 -11 5 -14
-10 -59 21 2 -9 3 0 21 14 -2 6 6 -3 -6 23 -6 -14 5 -4 -13 24 0 -8 4 -4 12 6 -1 0 6 -13 -18 -1 -4 -3 2 5 -4 -6 -13 -32 7 5 1 -5 23 1 25 -11 -8 -3 8 3 -9 5 24 -1 10 -5 -2 4 -11 5 -14
-10 -59 21 2 -9 3 0 21 14 -2 6 6 -3 -6 23 -6 -14 5 -4 -13 24 0 -8 4 -4 12 6 -1 0 6 -13 -18 -1 -4 -3 2 5 -4 -6 -13 -32 7 5 1 -5 23 1 25 -11 -8 -3 8 3 -9 5 24 -1 10 -5 -2 4 -11 5 -14
-10 -59 21 2 -9 3 0 21 14 -2 6 6 -3 -6 23 -6 -14 5 -4 -13 24 0 -8 4 -4 12 6 -1 0 6 -13 -18 -1 -4 -3 2 5 -4 -6 -13 -32 7 5 1 -5 23 1 25 -11 -8 -3 8 3 -9 5 24 -1 10 -5 -2 4 -11 5 -14
-10 -59 21 2 -9 3 0 21 14 -2 6 6 -3 -6 23 -6 -14 5 -4 -13 24 0 -8 4 -4 12 6 -1 0 6 -13 -18 -1 -4 -3 2 5 -4 -6 -13 -32 7 5 1 -5 23 1 25 -11 -8 -3 8 3 -9 5 24 -1 10 -5 -2 4 -11 5 -14
-10 -59 21 2 -9 3 0 21 14 -2 6 6 -3 -6 23 -6 -14 5 -4 -13 24 0 -8 4 -4 12 6 -1 0 6 -13 -18 -1 -4 -3 2 5 -4 -6 -13 -32 7 5 1 -5 23 1 25 -11 -8 -3 8 3 -9 5 24 -1 10 -5 -2 4 -11 5 -14
-10 -59 21 2 -9 3 0 21 14 -2 6 6 -3 -6 23 -6 -14 5 -4 -13 24 0 -8 4 -4 12 6 -1 0 6 -13 -18 -1 -4 -3 2 5 -4 -6 -13 -32 7 5 1 -5 23 1 25 -11 -8 -3 8 3 -9 5 24 -1 10 -5 -2 4 -11 5 -14
-10 -59 21 2 -9 3 0 21 14 -2 6 6 -3 -6 23 -6 -14 5 -4 -13 24 0 -8 4 -4 12 6 -1 0 6 -13 -18 -1 -4 -3 2 5 -4 -6 -13 -32 7 5 1 -5 23 1 25 -11 -8 -3 8 3 -9 5 24 -1 10 -5 -2 4 -11 5 -14
-10 -59 21 2 -9 3 0 21 14 -2 6 6 -3 -6 23 -6 -14 5 -4 -13 24 0 -8 4 -4 12 6 -1 0 6 -13 -18 -1 -4 -3 2 5 -4 -6 -13 -32 7 5 1 -5 23 1 25 -11 -8 -3 8 3 -9 5 24 -1 10 -5 -2 4 -11 5 -14
-10 -59 21 2 -9 3 0 21 14 -2 6 6 -3 -6 23 -6 -14 5 -4 -13 24 0 -8 4 -4 12 6 -1 0 6 -13 -18 -1 -4 -3 2 5 -4 -6 -13 -32 7 5 1 -5 23 1 25 -11 -8 -3 8 3 -9 5 24 -1 10 -5 -2 4 -11 5 -14
-10 -59 21 2 -9 3 0 21 14 -2 6 6 -3 -6 23 -6 -14 5 -4 -13 24 0 -8 4 -4 12 6 -1 0 6 -13 -18 -1 -4 -3 2 5 -4 -6 -13 -32 7 5 1 -5 23 1 25 -11 -8 -3 8 3 -9 5 24 -1 10 -5 -2 4 -11 5 -14
-10 -59 21 2 -9 3 0 21 14 -2 6 6 -3 -6 23 -6 -14 5 -4 -13 24 0 -8 4 -4 12 6 -1 0 6 -13 -18 -1 -4 -3 2 5 -4 -6 -13 -32 7 5 1 -5 23 1 25 -11 -8 -3 8 3 -9 5 24 -1 10 -5 -2 4 -11 5 -14
-10 -59 21 2 -9 3 0 21 14 -2 6 6 -3 -6 23 -6 -14 5 -4 -13 24 0 -8 4 -4 12 6 -1 0 6 -13 -18 -1 -4 -3 2 5 -4 -6 -13 -32 7 5 1 -5 23 1 25 -11 -8 -3 8 3 -9 5 24 -1 10 -5 -2 4 -11 5 -14
-10 -59 21 2 -9 3 0 21 14 -2 6 6 -3 -6 23 -6 -14 5 -4 -13 24 0 -8 4 -4 12 6 -1 0 6 -13 -18 -1 -4 -3 2 5 -4 -6 -13 -32 7 5 1 -5 23 1 25 -11 -8 -3 8 3 -9 5 24 -1 10 -5 -2 4 -11 5 -14
-10 -59 21 2 -9 3 0 21 14 -2 6 6 -3 -6 23 -6 -14 5 -4 -13 24 0 -8 4 -4 12 6 -1 0 6 -13 -18 -1 -4 -3 2 5 -4 -6 -13 -32 7 5 1 -5 23 1 25 -11 -8 -3 8 3 -9 5 24 -1 10 -5 -2 4 -11 5 -14
-10 -59 21 2 -9 3 0 21 14 -2 6 6 -3 -6 23 -6 -14 5 -4 -13 24 0 -8 4 -4 12 6 -1 0 6 -13 -18 -1 -4 -3 2 5 -4 -6 -13 -32 7 5 1 -5 23 1 25 -11 -8 -3 8 3 -9 5 24 -1 10 -5 -2 4 -11 5 -14
-10 -59 21 2 -9 3 0 21 14 -2 6 6 -3 -6 23 -6 -14 5 -4 -13 24 0 -8 4 -4 12 6 -1 0 6 -13 -18 -1 -4 -3 2 5 -4 -6 -13 -32 7 5 1 -5 23 1 25 -11 -8 -3 8 3 -9 5 24 -1 10 -5 -2 4 -11 5 -14
-10 -59 21 2 -9 3 0 21 14 -2 6 6 -3 -6 23 -6 -14 5 -4 -13 24 0 -8 4 -4 12 6 -1 0 6 -13 -18 -1 -4 -3 2 5 -4 -6 -13 -32 7 5 1 -5 23 1 25 -11 -8 -3 8 3 -9 5 24 -1 10 -5 -2 4 -11 5 -14
-10 -59 21 2 -9 3 0 21 14 -2 6 6 -3 -6 23 -6 -14 5 -4 -13 24 0 -8 4 -4 12 6 -1 0 6 -13 -18 -1 -4 -3 2 5 -4 -6 -13 -32 7 5 1 -5 23 1 25 -11 -8 -3 8 3 -9 5 24 -1 10 -5 -2 4 -11 5 -14
-10 -59 21 2 -9 3 0 21 14 -2 6 6 -3 -6 23 -6 -14 5 -4 -13 24 0 -8 4 -4 12 6 -1 0 6 -13 -18 -1 -4 -3 2 5 -4 -6 -13 -32 7 5 1 -5 23 1 25 -11 -8 -3 8 3 -9 5 24 -1 10 -5 -2 4 -11 5 -14
-10 -59 21 2 -9 3 0 21 14 -2 6 6 -3 -6 23 -6 -14 5 -4 -13 24 0 -8 4 -4 12 6 -1 0 6 -13 -18 -1 -4 -3 2 5 -4 -6 -13 -32 7 5 1 -5 23 1 25 -11 -8 -3 8 3 -9 5 24 -1 10 -5 -2 4 -11 5 -14
-10 -59 21 2 -9 3 0 21 14 -2 6 6 -3 -6 23 -6 -14 5 -4 -13 24 0 -8 4 -4 12 6 -1 0 6 -13 -18 -1 -4 -3 2 5 -4 -6 -13 -32 7 5 1 -5 23 1 25 -11 -8 -3 8 3 -9 5 24 -1 10 -5 -2 4 -11 5 -14
-10 -59 21 2 -9 3 0 21 14 -2 6 6 -3 -6 23 -6 -14 5 -4 -13 24 0 -8 4 -4 12 6 -1 0 6 -13 -18 -1 -4 -3 2 5 -4 -6 -13 -32 7 5 1 -5 23 1 25 -11 -8 -3 8 3 -9 5 24 -1 10 -5 -2 4 -11 5 -14
-10 -59 21 2 -9 3 0 21 14 -2 6 6 -3 -6 23 -6 -14 5 -4 -13 24 0 -8 4 -4 12 6 -1 0 6 -13 -18 -1 -4 -3 2 5 -4 -6 -13 -32 7 5 1 -5 23 1 25 -11 -8 -3 8 3 -9 5 24 -1 10 -5 -2 4 -11 5 -14
-10 -59 21 2 -9 3 0 21 14 -2 6 6 -3 -6 23 -6 -14 5 -4 -13 24 0 -8 4 -4 12 6 -1 0 6 -13 -18 -1 -4 -3 2 5 -4 -6 -13 -32 7 5 1 -5 23 1 25 -11 -8 -3 8 3 -9 5 24 -1 10 -5 -2 4 -11 5 -14
-10 -59 21 2 -9 3 0 21 14 -2 6 6 -3 -6 23 -6 -14 5 -4 -13 24 0 -8 4 -4 12 6 -1 0 6 -13 -18 -1 -4 -3 2 5 -4 -6 -13 -32 7 5 1 -5 23 1 25 -11 -8 -3 8 3 -9 5 24 -1 10 -5 -2 4 -11 5 -14
-10 -59 21 2 -9 3 0 21 14 -2 6 6 -3 -6 23 -6 -14 5 -4 -13 24 0 -8 4 -4 12 6 -1 0 6 -13 -18 -1 -4 -3 2 5 -4 -6 -13 -32 7 5 1 -5 23 1 25 -11 -8 -3 8 3 -9 5 24 -1 10 -5 -2 4 -11 5 -14
-10 -59 21 2 -9 3 0 21 14 -2 6 6 -3 -6 23 -6 -14 5 -4 -13 24 0 -8 4 -4 12 6 -1 0 6 -13 -18 -1 -4 -3 2 5 -4 -6 -13 -32 7 5 1 -5 23 1 25 -11 -8 -3 8 3 -9 5 24 -1 10 -5 -2 4 -11 5 -14
-10 -59 21 2 -9 3 0 21 14 -2 6 6 -3 -6 23 -6 -14 5 -4 -13 24 0 -8 4 -4 12 6 -1 0 6 -13 -18 -1 -4 -3 2 5 -4 -6 -13 -32 7 5 1 -5 23 1 25 -11 -8 -3 8 3 -9 5 24 -1 10 -5 -2 4 -11 5 -14
-10 -59 21 2 -9 3 0 21 14 -2 6 6 -3 -6 23 -6 -14 5 -4 -13 24 0 -8 4 -4 12 6 -1 0 6 -13 -18 -1 -4 -3 2 5 -4 -6 -13 -32 7 5 1 -5 23 1 25 -11 -8 -3 8 3 -9 5 24 -1 10 -5 -2 4 -11 5 -14
-10 -59 21 2 -9 3 0 21 14 -2 6 6 -3 -6 23 -6 -14 5 -4 -13 24 0 -8 4 -4 12 6 -1 0 6 -13 -18 -1 -4 -3 2 5 -4 -6 -13 -32 7 5 1 -5 23 1 25 -11 -8 -3 8 3 -9 5 24 -1 10 -5 -2 4 -11 5 -14
-10 -59 21 2 -9 3 0 21 14 -2 6 6 -3 -6 23 -6 -14 5 -4 -13 24 0 -8 4 -4 12 6 -1 0 6 -13 -18 -1 -4 -3 2 5 -4 -6 -13 -32 7 5 1 -5 23 1 25 -11 -8 -3 8 3 -9 5 24 -1 10 -5 -2 4 -11 5 -14
-10 -59 21 2 -9 3 0 21 14 -2 6 6 -3 -6 23 -6 -14 5 -4 -13 24 0 -8 4 -4 12 6 -1 0 6 -13 -18 -1 -4 -3 2 5 -4 -6 -13 -32 7 5 1 -5 23 1 25 -11 -8 -3 8 3 -9 5 24 -1 10 -5 -2 4 -11 5 -14
-10 -59 21 2 -9 3 0 21 14 -2 6 6 -3 -6 23 -6 -14 5 -4 -13 24 0 -8 4 -4 12 6 -1 0 6 -13 -18 -1 -4 -3 2 5 -4 -6 -13 -32 7 5 1 -5 23 1 25 -11 -8 -3 8 3 -9 5 24 -1 10 -5 -2 4 -11 5 -14
-10 -59 21 2 -9 3 0 21 14 -2 6 6 -3 -6 23 -6 -14 5 -4 -13 24 0 -8 4 -4 12 6 -1 0 6 -13 -18 -1 -4 -3 2 5 -4 -6 -13 -32 7 5 1 -5 23 1 25 -11 -8 -3 8 3 -9 5 24 -1 10 -5 -2 4 -11 5 -14
-10 -59 21 2 -9 3 0 21 14 -2 6 6 -3 -6 23 -6 -14 5 -4 -13 24 0 -8 4 -4 12 6 -1 0 6 -13 -18 -1 -4 -3 2 5 -4 -6 -13 -32 7 5 1 -5 23 1 25 -11 -8 -3 8 3 -9 5 24 -1 10 -5 -2 4 -11 5 -14
-10 -59 21 2 -9 3 0 21 14 -2 6 6 -3 -6 23 -6 -14 5 -4 -13 24 0 -8 4 -4 12 6 -1 0 6 -13 -18 -1 -4 -3 2 5 -4 -6 -13 -32 7 5 1 -5 23 1 25 -11 -8 -3 8 3 -9 5 24 -1 10 -5 -2 4 -11 5 -14
-10 -59 21 2 -9 3 0 21 14 -2 6 6 -3 -6 23 -6 -14 5 -4 -13 24 0 -8 4 -4 12 6 -1 0 6 -13 -18 -1 -4 -3 2 5 -4 -6 -13 -32 7 5 1 -5 23 1 25 -11 -8 -3 8 3 -9 5 24 -1 10 -5 -2 4 -11 5 -14
-10 -59 21 2 -9 3 0 21 14 -2 6 6 -3 -6 23 -6 -14 5 -4 -13 24 0 -8 4 -4 12 6 -1 0 6 -13 -18 -1 -4 -3 2 5 -4 -6 -13 -32 7 5 1 -5 23 1 25 -11 -8 -3 8 3 -9 5 24 -1 10 -5 -2 4 -11 5 -14
-10 -59 21 2 -9 3 0 21 14 -2 6 6 -3 -6 23 -6 -14 5 -4 -13 24 0 -8 4 -4 12 6 -1 0 6 -13 -18 -1 -4 -3 2 5 -4 -6 -13 -32 7 5 1 -5 23 1 25 -11 -8 -3 8 3 -9 5 24 -1 10 -5 -2 4 -11 5 -14
-10 -59 21 2 -9 3 0 21 14 -2 6 6 -3 -6 23 -6 -14 5 -4 -13 24 0 -8 4 -4 12 6 -1 0 6 -13 -18 -1 -4 -3 2 5 -4 -6 -13 -32 7 5 1 -5 23 1 25 -11 -8 -3 8 3 -9 5 24 -1 10 -5 -2 4 -11 5 -14
-10 -59 21 2 -9 3 0 21 14 -2 6 6 -3 -6 23 -6 -14 5 -4 -13 24 0 -8 4 -4 12 6 -1 0 6 -13 -18 -1 -4 -3 2 5 -4 -6 -13 -32 7 5 1 -5 23 1 25 -11 -8 -3 8 3 -9 5 24 -1 10 -5 -2 4 -11 5 -14
-10 -59 21 2 -9 3 0 21 14 -2 6 6 -3 -6 23 -6 -14 5 -4 -13 24 0 -8 4 -4 12 6 -1 0 6 -13 -18 -1 -4 -3 2 5 -4 -6 -13 -32 7 5 1 -5 23 1 25 -11 -8 -3 8 3 -9 5 24 -1 10 -5 -2 4 -11 5 -14
-10 -59 21 2 -9 3 0 21 14 -2 6 6 -3 -6 23 -6 -14 5 -4 -13 24 0 -8 4 -4 12 6 -1 0 6 -13 -18 -1 -4 -3 2 5 -4 -6 -13 -32 7 5 1 -5 23 1 25 -11 -8 -3 8 3 -9 5 24 -1 10 -5 -2 4 -11 5 -14
-10 -59 21 2 -9 3 0 21 14 -2 6 6 -3 -6 23 -6 -14 5 -4 -13 24 0 -8 4 -4 12 6 -1 0 6 -13 -18 -1 -4 -3 2 5 -4 -6 -13 -32 7 5 1 -5 23 1 25 -11 -8 -3 8 3 -9 5 24 -1 10 -5 -2 4 -11 5 -14
