-1 13 -6 -13 -5 5 -8 3 2 12 -6 -12 -10 -11 -3 -1 13 -1 11 15 -3 10 2 12 0 5 -4 1 2 1 2 -1 10 9 -1 -2 -7 -2 -7 7 3 -17 3 -1 102 -8 -7 -14 -8 3 2 -5 0 1 -10 3 -6 -5 -7 -1 -25 1 -2 7
4 11 4 -9 -25 28 -1 9 -14 6 -3 -9 8 -2 8 -4 27 -8 -4 7 9 -7 7 -7 39 14 -13 -20 13 5 -13 -10 -3 27 4 11 27 -13 13 6 14 -26 -7 -6 23 -16 12 -17 -5 11 19 -2 30 -14 11 7 -7 9 3 -14 -9 -5 -11 7
-4 7 -3 4 -16 13 15 7 -11 11 -19 -15 9 -11 9 -18 21 17 -13 1 10 4 9 10 35 17 -2 -26 28 -10 -17 -20 -17 6 -1 6 27 13 15 13 9 -17 -10 -9 10 -8 -6 -21 2 0 -1 10 6 -11 8 5 4 10 7 4 16 -8 -9 -4
2 37 -20 -2 -47 16 -2 6 -9 8 -9 -27 7 -6 -34 4 10 -7 9 6 -1 2 23 17 5 26 -15 -21 17 1 -18 1 2 27 -10 -8 -9 -7 -8 -5 -6 -8 -8 -17 4 -21 -3 -22 5 -1 -4 3 18 2 32 2 10 2 5 -7 -8 12 -27 11
-18 21 -26 0 -21 2 -8 15 4 3 -4 -38 9 10 -24 -2 28 -13 11 10 10 -3 -2 18 30 11 -14 -20 25 23 -31 -5 -21 25 20 14 4 -13 10 -1 -21 7 -15 -2 5 0 -21 -3 -42 17 -24 1 23 -2 4 -6 11 -13 4 -5 -51 -7 -11 17
-30 31 -45 12 -37 25 5 -2 -3 -2 -21 -23 5 -4 -21 0 26 20 -2 -9 -15 -6 22 11 26 0 -2 -13 8 18 -32 -15 -16 32 16 -13 -16 -19 -1 1 -13 19 -19 2 -4 -21 -12 -38 -30 0 -8 11 6 -9 6 7 0 -21 -7 -3 -38 -9 -13 23
-14 34 -18 9 -39 23 -13 -14 25 1 -35 -20 28 -1 -11 -7 0 -9 16 -9 -8 1 13 -9 22 14 -14 -23 2 34 -42 -7 -20 38 -8 0 -12 -20 -32 -3 -19 9 2 -14 0 12 16 -19 -5 2 -12 4 -7 -22 -9 6 11 -13 -16 0 -3 -3 -19 14
-5 21 -22 -5 -33 30 7 -12 -3 15 -24 -11 16 -22 -19 -15 23 -26 8 -1 -5 1 9 11 2 16 -6 -16 22 -4 -17 -4 -10 38 -8 -20 -14 -7 -5 2 -4 14 -10 -9 -5 -6 -6 -27 -24 -9 -8 7 -2 -2 24 -6 6 -11 0 17 -5 22 -29 20
20 19 -9 -3 -29 -3 -1 22 6 20 2 -18 25 -11 -17 -23 9 6 6 13 -4 -7 6 11 5 24 -18 -35 23 -4 -38 -29 -31 31 -8 10 0 -14 2 -8 -12 -1 -5 -10 2 -27 -33 -10 -1 -7 9 -2 -13 -17 14 3 1 7 -3 3 4 -5 -4 4
-16 3 -8 5 -14 0 14 3 -22 0 -2 16 10 -1 0 0 -7 38 -9 -1 11 6 25 0 36 35 -5 -11 8 -24 -20 -14 -17 24 2 -1 24 12 7 22 4 4 -11 14 -23 -43 -14 5 14 -25 -12 -23 2 8 -4 -1 -7 -9 29 5 -4 6 3 -2
15 25 -13 -3 -44 -6 -15 32 13 19 8 -30 26 -10 -12 -18 -5 15 -13 16 1 -12 14 26 2 30 -6 -43 29 5 -28 -23 -21 48 -1 18 5 2 11 -7 -7 -2 -12 1 -22 -18 -29 -9 9 -9 10 -6 -24 -17 19 8 7 6 16 0 22 -8 -4 0
-10 39 -16 14 -43 16 -5 13 7 22 -24 -22 18 -16 2 -33 9 -9 -5 32 20 -1 9 14 0 24 -12 -12 34 -10 -28 -11 -18 46 0 -2 -2 -9 5 -13 -18 -14 -13 19 9 -26 -12 -7 -5 8 10 4 -5 -17 11 0 3 9 -14 -1 -7 -10 -16 3
7 34 -4 -14 -35 16 1 4 -15 -12 -8 -16 -14 4 -17 -6 17 -8 -13 8 -3 -7 20 15 13 36 -11 -26 27 -12 -29 14 7 18 -11 -1 10 -15 -2 -14 -2 -19 0 -12 -10 -19 -1 -19 5 0 -4 -8 23 -17 25 6 -6 -4 5 9 -11 5 -15 8
-5 24 -15 -8 -26 32 14 -7 -15 6 -5 -5 -1 -2 -19 -4 30 -21 -13 4 -4 -4 -4 4 21 23 4 -17 29 1 -31 8 -13 22 -7 -6 15 -6 16 6 -14 -5 -8 0 2 -23 -15 -15 -32 1 7 -11 9 -10 10 14 -3 -15 -4 17 -7 7 -19 18
-6 20 -5 -8 -21 18 14 -11 -22 11 -3 -1 -12 1 -2 -10 11 15 -7 5 3 0 22 12 30 30 -15 -13 11 -23 -23 3 -7 25 3 -5 15 8 1 7 0 -3 -19 11 -17 -31 -5 -13 13 -2 -17 -22 17 2 10 0 -15 -5 14 7 -11 14 -13 4
-6 31 -6 0 -27 26 3 5 -1 10 -5 -9 2 3 4 -8 8 3 -10 12 -17 -15 35 14 9 23 -19 -13 26 1 -18 -10 -11 37 15 -12 -4 1 -4 -20 14 -4 -10 17 -7 -22 -10 -21 -10 21 -2 12 3 -19 34 1 -17 -10 -4 -18 2 9 -22 6
-30 37 9 18 -29 -14 -5 13 -5 23 -4 -14 28 -10 -18 -19 10 -15 3 -7 8 13 15 18 -5 26 -15 -5 31 -8 -6 -16 -19 43 -1 1 4 -26 2 -22 2 0 10 -3 -18 -17 0 -4 6 -16 -7 -14 14 17 6 10 -1 -9 -8 25 -14 -14 -23 19
-27 24 -3 8 -34 5 -11 23 13 14 -11 -3 9 -8 -23 -10 10 11 -12 29 11 -5 22 40 -10 25 -16 -36 31 -9 -25 3 -19 43 22 3 2 -13 -9 -7 -2 5 -9 -5 -22 -6 -11 -15 16 0 -2 -8 24 2 3 8 5 -4 -10 17 -16 -9 -26 13
-30 21 -18 30 -35 0 -13 26 6 4 -8 -9 24 -20 -7 -28 9 -9 -7 7 6 -6 0 19 5 26 -14 -13 24 -13 -21 -1 -6 53 7 -7 2 -14 -7 4 7 9 5 10 -27 -15 10 1 12 -14 6 -17 3 11 13 27 8 -11 3 19 -2 6 -15 13
-12 34 -7 -13 -5 -2 3 -5 -11 4 -24 -6 24 1 -22 -18 27 -31 21 7 -16 -15 9 34 13 4 -10 -5 6 -3 -12 6 -4 33 17 -18 -2 -23 13 2 -17 2 1 2 -14 3 -7 -23 -4 -18 10 -13 23 4 17 2 29 12 -16 14 -27 -15 -14 5
-17 38 -9 9 -23 11 -19 14 -4 7 -21 -11 20 -16 2 -15 12 7 -3 21 -5 -17 4 22 24 24 1 -6 29 1 -20 3 -15 48 -16 -9 -1 -16 -8 -4 -17 14 9 -1 -1 -17 -2 -9 -15 14 2 -11 7 2 23 -5 5 -1 -16 19 -6 6 -21 -4
-28 20 -6 27 -14 16 39 12 -11 23 12 -14 19 -7 0 7 3 16 3 -3 13 18 14 5 28 46 -16 -18 17 -5 -26 -4 -28 38 -7 -10 16 7 0 16 -8 0 -26 22 -14 -11 -2 -9 18 -3 -7 -14 -8 3 22 -2 10 -8 9 24 -15 13 1 7
-6 25 -5 -4 -9 10 -4 9 4 10 -8 -8 -3 -17 5 -13 14 -4 10 -6 6 9 -3 7 -4 14 -6 -11 9 1 7 -2 4 14 4 3 -4 -6 -10 8 5 -19 -6 7 113 -6 -11 -10 -14 5 3 -2 0 -6 -4 0 11 -4 1 -6 -36 6 2 -2
-1 19 -16 -17 -3 19 7 -12 -1 10 -2 -25 -5 -5 18 -6 17 0 11 -1 4 14 0 41 9 -11 -2 -21 4 4 -1 7 2 8 -4 23 12 -23 10 38 6 -20 -10 0 35 -19 -2 -6 16 -10 1 -21 15 16 4 18 -27 0 8 -10 -29 -6 6 9
2 11 -6 -5 14 18 14 -8 -15 -11 -7 -9 -4 -8 17 14 19 0 1 10 18 19 3 36 14 12 -18 -51 3 -19 -12 1 -1 13 -9 30 26 -21 9 37 7 -23 -6 3 10 -24 3 -1 25 -6 -8 -15 7 0 -8 13 -2 21 8 -8 7 -7 -5 21
26 36 -13 -12 -19 32 -12 -9 -3 -3 -16 -33 -4 -12 -11 19 14 -4 7 16 -5 16 13 27 6 1 -7 -25 2 -17 6 8 23 26 -20 21 15 -2 -24 24 -2 -16 7 -23 6 -18 -5 -17 14 -6 -1 -2 22 19 10 18 -1 8 14 -20 -15 -2 4 18
-16 23 -37 -11 5 20 -5 -3 10 -8 -24 -36 5 -11 6 -2 31 -13 14 7 11 3 2 20 8 -12 -14 -28 8 8 -3 -1 -5 28 9 32 7 -11 -13 27 -23 -15 10 -18 -1 1 -29 -10 -29 10 -19 1 19 8 -3 2 7 -8 11 -13 -58 -22 15 33
-15 39 -48 7 -5 32 3 -13 2 -15 -35 -36 4 -13 7 -9 36 14 25 -5 -8 6 15 21 13 -10 -3 -14 -4 5 3 -3 -6 30 0 -8 -4 -26 -22 24 -7 7 -7 -18 4 -15 -14 -40 -23 -7 2 18 -15 5 -10 10 -16 -13 -7 -22 -48 -20 14 20
-5 31 -22 -4 -16 35 -19 -16 19 -8 -47 -31 27 -12 14 -19 26 -11 23 -1 6 8 17 5 16 -6 -14 -35 -3 22 -20 7 -5 32 -23 11 -11 -27 -43 26 -9 -6 19 -21 8 16 7 -20 6 -5 -3 4 -11 -5 -31 20 -1 1 -17 -5 -22 -11 9 28
23 22 -21 -12 -13 43 0 -22 3 3 -27 -6 17 -23 -8 -8 23 -27 3 1 -8 1 -2 23 1 3 1 -18 19 -12 -5 10 -3 35 -16 -6 -2 -9 -24 25 -3 5 2 -19 5 -14 -5 -29 -16 -16 1 9 7 17 4 10 -1 0 9 1 -14 12 -3 34
29 31 -15 -20 5 4 -5 12 21 12 -15 -26 29 -30 0 -25 13 9 10 23 1 5 1 24 -8 7 -6 -36 -1 -18 -3 -13 -10 25 -19 22 14 -1 -20 33 -6 -19 13 -22 0 -26 -29 -16 11 -13 6 5 -19 -2 -4 16 -8 19 8 -21 -4 -22 31 16
26 18 -22 -12 -13 -2 -11 15 26 24 -16 -17 27 -27 12 -17 12 21 1 14 -2 -3 3 27 -11 0 -7 -36 9 -8 8 -7 -7 32 -19 27 15 8 -12 38 -8 -25 12 -14 0 -21 -30 -17 4 -26 14 9 -28 18 4 11 0 15 17 -17 -5 -10 27 23
25 37 -25 7 -8 22 -5 -5 14 11 -47 -30 17 -29 16 -28 16 -4 0 30 16 13 -2 18 -11 6 -1 -21 12 -14 -3 7 5 45 -12 22 9 -3 -15 26 -20 -25 5 5 12 -19 -19 -13 8 -3 21 13 -8 6 -17 6 -7 19 0 -22 -20 -17 15 18
-4 13 -9 -13 -5 26 4 -2 5 -11 -8 -15 5 -10 8 0 18 -9 -6 -14 -15 -18 31 14 -3 -1 13 -20 -8 -23 6 25 7 16 -13 3 14 -11 -19 21 22 -34 -2 -29 4 -22 -18 -19 -14 -8 27 8 4 4 20 14 -7 -3 0 -19 -12 -6 36 13
-13 42 10 20 -2 -4 -4 -5 4 17 -25 -16 44 -31 -2 -22 7 -7 12 3 10 21 11 19 -21 6 -10 -18 12 -24 23 6 -5 42 -11 28 8 -22 -26 15 0 -14 33 -22 -24 -12 7 -20 10 -16 -1 -10 22 38 -6 12 0 -3 5 -1 -30 -24 1 33
-3 25 -15 14 -15 18 -2 6 29 12 -30 -12 26 -30 6 -7 8 18 4 30 13 8 17 32 -33 12 -5 -39 16 -25 -2 16 1 51 5 24 10 -10 -39 38 -2 1 15 -29 -20 11 0 -26 21 6 13 3 23 30 -10 21 1 8 10 -17 -25 -15 1 25
-7 26 -22 23 -11 12 -21 13 18 0 -22 -18 30 -32 5 -36 20 -1 -2 5 16 2 -2 25 -5 12 -11 -13 11 -19 19 24 14 54 -2 8 11 -19 -19 32 -1 -5 10 -1 -5 -7 11 -13 13 -15 10 -12 -4 38 -4 22 -10 -2 6 9 -20 -13 3 26
-9 40 -11 -2 11 12 11 -7 1 -3 -37 -4 35 -22 2 -21 28 -28 35 14 -5 -15 16 38 2 2 -6 -12 -7 -7 7 24 1 39 7 -4 0 -26 -1 23 -16 -15 18 -15 -10 -1 -14 -37 -5 -13 20 -10 25 18 8 4 29 20 -11 -8 -25 -20 5 15
2 40 -23 20 -4 24 -11 -2 12 -6 -42 -17 16 -38 22 -9 16 10 5 29 -1 0 10 21 2 13 12 -12 11 -10 12 22 -7 57 -31 8 3 -9 -23 30 -21 0 15 -21 -2 -12 -4 -21 -3 8 16 1 3 15 11 10 2 3 -4 -4 -9 -3 1 13
-18 14 -21 14 8 31 29 -6 4 16 -13 -18 14 -32 15 4 11 27 -7 -1 12 16 16 4 4 34 -14 -17 -2 -25 14 16 -5 28 -9 12 15 8 -24 51 -9 -14 -8 10 -10 2 0 -25 32 -11 8 -17 2 28 3 -6 0 -7 20 -4 -17 5 20 33
-5 26 -5 -5 -7 7 -5 9 4 10 -10 -8 -5 -16 4 -14 13 -6 10 -4 6 11 -2 8 -6 11 -5 -11 11 3 10 -2 5 14 4 1 -5 -6 -10 7 5 -19 -5 6 115 -6 -10 -9 -16 6 4 0 1 -6 -5 1 12 -5 -1 -7 -35 6 2 0
-3 12 -18 -25 -7 7 -3 8 8 3 -15 -19 -8 15 -9 -1 9 -1 17 0 6 1 11 9 18 -4 -17 -7 -1 11 -16 -20 -14 23 -8 2 -2 1 -1 10 5 0 -5 -1 62 -6 12 -14 4 3 14 -11 17 2 -2 10 9 -15 -10 -7 -29 6 -17 11
-3 12 -18 -25 -7 7 -3 8 8 3 -15 -19 -8 15 -9 -1 9 -1 17 0 6 1 11 9 18 -4 -17 -7 -1 11 -16 -20 -14 23 -8 2 -2 1 -1 10 5 0 -5 -1 62 -6 12 -14 4 3 14 -11 17 2 -2 10 9 -15 -10 -7 -29 6 -17 11
-3 12 -18 -25 -7 7 -3 8 8 3 -15 -19 -8 15 -9 -1 9 -1 17 0 6 1 11 9 18 -4 -17 -7 -1 11 -16 -20 -14 23 -8 2 -2 1 -1 10 5 0 -5 -1 62 -6 12 -14 4 3 14 -11 17 2 -2 10 9 -15 -10 -7 -29 6 -17 11
-3 12 -18 -25 -7 7 -3 8 8 3 -15 -19 -8 15 -9 -1 9 -1 17 0 6 1 11 9 18 -4 -17 -7 -1 11 -16 -20 -14 23 -8 2 -2 1 -1 10 5 0 -5 -1 62 -6 12 -14 4 3 14 -11 17 2 -2 10 9 -15 -10 -7 -29 6 -17 11
-3 12 -18 -25 -7 7 -3 8 8 3 -15 -19 -8 15 -9 -1 9 -1 17 0 6 1 11 9 18 -4 -17 -7 -1 11 -16 -20 -14 23 -8 2 -2 1 -1 10 5 0 -5 -1 62 -6 12 -14 4 3 14 -11 17 2 -2 10 9 -15 -10 -7 -29 6 -17 11
-3 12 -18 -25 -7 7 -3 8 8 3 -15 -19 -8 15 -9 -1 9 -1 17 0 6 1 11 9 18 -4 -17 -7 -1 11 -16 -20 -14 23 -8 2 -2 1 -1 10 5 0 -5 -1 62 -6 12 -14 4 3 14 -11 17 2 -2 10 9 -15 -10 -7 -29 6 -17 11
-3 12 -18 -25 -7 7 -3 8 8 3 -15 -19 -8 15 -9 -1 9 -1 17 0 6 1 11 9 18 -4 -17 -7 -1 11 -16 -20 -14 23 -8 2 -2 1 -1 10 5 0 -5 -1 62 -6 12 -14 4 3 14 -11 17 2 -2 10 9 -15 -10 -7 -29 6 -17 11
-3 12 -18 -25 -7 7 -3 8 8 3 -15 -19 -8 15 -9 -1 9 -1 17 0 6 1 11 9 18 -4 -17 -7 -1 11 -16 -20 -14 23 -8 2 -2 1 -1 10 5 0 -5 -1 62 -6 12 -14 4 3 14 -11 17 2 -2 10 9 -15 -10 -7 -29 6 -17 11
-3 12 -18 -25 -7 7 -3 8 8 3 -15 -19 -8 15 -9 -1 9 -1 17 0 6 1 11 9 18 -4 -17 -7 -1 11 -16 -20 -14 23 -8 2 -2 1 -1 10 5 0 -5 -1 62 -6 12 -14 4 3 14 -11 17 2 -2 10 9 -15 -10 -7 -29 6 -17 11
-3 12 -18 -25 -7 7 -3 8 8 3 -15 -19 -8 15 -9 -1 9 -1 17 0 6 1 11 9 18 -4 -17 -7 -1 11 -16 -20 -14 23 -8 2 -2 1 -1 10 5 0 -5 -1 62 -6 12 -14 4 3 14 -11 17 2 -2 10 9 -15 -10 -7 -29 6 -17 11
-3 12 -18 -25 -7 7 -3 8 8 3 -15 -19 -8 15 -9 -1 9 -1 17 0 6 1 11 9 18 -4 -17 -7 -1 11 -16 -20 -14 23 -8 2 -2 1 -1 10 5 0 -5 -1 62 -6 12 -14 4 3 14 -11 17 2 -2 10 9 -15 -10 -7 -29 6 -17 11
-3 12 -18 -25 -7 7 -3 8 8 3 -15 -19 -8 15 -9 -1 9 -1 17 0 6 1 11 9 18 -4 -17 -7 -1 11 -16 -20 -14 23 -8 2 -2 1 -1 10 5 0 -5 -1 62 -6 12 -14 4 3 14 -11 17 2 -2 10 9 -15 -10 -7 -29 6 -17 11
-3 12 -18 -25 -7 7 -3 8 8 3 -15 -19 -8 15 -9 -1 9 -1 17 0 6 1 11 9 18 -4 -17 -7 -1 11 -16 -20 -14 23 -8 2 -2 1 -1 10 5 0 -5 -1 62 -6 12 -14 4 3 14 -11 17 2 -2 10 9 -15 -10 -7 -29 6 -17 11
-3 12 -18 -25 -7 7 -3 8 8 3 -15 -19 -8 15 -9 -1 9 -1 17 0 6 1 11 9 18 -4 -17 -7 -1 11 -16 -20 -14 23 -8 2 -2 1 -1 10 5 0 -5 -1 62 -6 12 -14 4 3 14 -11 17 2 -2 10 9 -15 -10 -7 -29 6 -17 11
-3 12 -18 -25 -7 7 -3 8 8 3 -15 -19 -8 15 -9 -1 9 -1 17 0 6 1 11 9 18 -4 -17 -7 -1 11 -16 -20 -14 23 -8 2 -2 1 -1 10 5 0 -5 -1 62 -6 12 -14 4 3 14 -11 17 2 -2 10 9 -15 -10 -7 -29 6 -17 11
-3 12 -18 -25 -7 7 -3 8 8 3 -15 -19 -8 15 -9 -1 9 -1 17 0 6 1 11 9 18 -4 -17 -7 -1 11 -16 -20 -14 23 -8 2 -2 1 -1 10 5 0 -5 -1 62 -6 12 -14 4 3 14 -11 17 2 -2 10 9 -15 -10 -7 -29 6 -17 11
-3 12 -18 -25 -7 7 -3 8 8 3 -15 -19 -8 15 -9 -1 9 -1 17 0 6 1 11 9 18 -4 -17 -7 -1 11 -16 -20 -14 23 -8 2 -2 1 -1 10 5 0 -5 -1 62 -6 12 -14 4 3 14 -11 17 2 -2 10 9 -15 -10 -7 -29 6 -17 11
-3 12 -18 -25 -7 7 -3 8 8 3 -15 -19 -8 15 -9 -1 9 -1 17 0 6 1 11 9 18 -4 -17 -7 -1 11 -16 -20 -14 23 -8 2 -2 1 -1 10 5 0 -5 -1 62 -6 12 -14 4 3 14 -11 17 2 -2 10 9 -15 -10 -7 -29 6 -17 11
-3 12 -18 -25 -7 7 -3 8 8 3 -15 -19 -8 15 -9 -1 9 -1 17 0 6 1 11 9 18 -4 -17 -7 -1 11 -16 -20 -14 23 -8 2 -2 1 -1 10 5 0 -5 -1 62 -6 12 -14 4 3 14 -11 17 2 -2 10 9 -15 -10 -7 -29 6 -17 11
-3 12 -18 -25 -7 7 -3 8 8 3 -15 -19 -8 15 -9 -1 9 -1 17 0 6 1 11 9 18 -4 -17 -7 -1 11 -16 -20 -14 23 -8 2 -2 1 -1 10 5 0 -5 -1 62 -6 12 -14 4 3 14 -11 17 2 -2 10 9 -15 -10 -7 -29 6 -17 11
-3 12 -18 -25 -7 7 -3 8 8 3 -15 -19 -8 15 -9 -1 9 -1 17 0 6 1 11 9 18 -4 -17 -7 -1 11 -16 -20 -14 23 -8 2 -2 1 -1 10 5 0 -5 -1 62 -6 12 -14 4 3 14 -11 17 2 -2 10 9 -15 -10 -7 -29 6 -17 11
-3 12 -18 -25 -7 7 -3 8 8 3 -15 -19 -8 15 -9 -1 9 -1 17 0 6 1 11 9 18 -4 -17 -7 -1 11 -16 -20 -14 23 -8 2 -2 1 -1 10 5 0 -5 -1 62 -6 12 -14 4 3 14 -11 17 2 -2 10 9 -15 -10 -7 -29 6 -17 11
-3 12 -18 -25 -7 7 -3 8 8 3 -15 -19 -8 15 -9 -1 9 -1 17 0 6 1 11 9 18 -4 -17 -7 -1 11 -16 -20 -14 23 -8 2 -2 1 -1 10 5 0 -5 -1 62 -6 12 -14 4 3 14 -11 17 2 -2 10 9 -15 -10 -7 -29 6 -17 11
-3 12 -18 -25 -7 7 -3 8 8 3 -15 -19 -8 15 -9 -1 9 -1 17 0 6 1 11 9 18 -4 -17 -7 -1 11 -16 -20 -14 23 -8 2 -2 1 -1 10 5 0 -5 -1 62 -6 12 -14 4 3 14 -11 17 2 -2 10 9 -15 -10 -7 -29 6 -17 11
-3 12 -18 -25 -7 7 -3 8 8 3 -15 -19 -8 15 -9 -1 9 -1 17 0 6 1 11 9 18 -4 -17 -7 -1 11 -16 -20 -14 23 -8 2 -2 1 -1 10 5 0 -5 -1 62 -6 12 -14 4 3 14 -11 17 2 -2 10 9 -15 -10 -7 -29 6 -17 11
-3 12 -18 -25 -7 7 -3 8 8 3 -15 -19 -8 15 -9 -1 9 -1 17 0 6 1 11 9 18 -4 -17 -7 -1 11 -16 -20 -14 23 -8 2 -2 1 -1 10 5 0 -5 -1 62 -6 12 -14 4 3 14 -11 17 2 -2 10 9 -15 -10 -7 -29 6 -17 11
-3 12 -18 -25 -7 7 -3 8 8 3 -15 -19 -8 15 -9 -1 9 -1 17 0 6 1 11 9 18 -4 -17 -7 -1 11 -16 -20 -14 23 -8 2 -2 1 -1 10 5 0 -5 -1 62 -6 12 -14 4 3 14 -11 17 2 -2 10 9 -15 -10 -7 -29 6 -17 11
-3 12 -18 -25 -7 7 -3 8 8 3 -15 -19 -8 15 -9 -1 9 -1 17 0 6 1 11 9 18 -4 -17 -7 -1 11 -16 -20 -14 23 -8 2 -2 1 -1 10 5 0 -5 -1 62 -6 12 -14 4 3 14 -11 17 2 -2 10 9 -15 -10 -7 -29 6 -17 11
-3 12 -18 -25 -7 7 -3 8 8 3 -15 -19 -8 15 -9 -1 9 -1 17 0 6 1 11 9 18 -4 -17 -7 -1 11 -16 -20 -14 23 -8 2 -2 1 -1 10 5 0 -5 -1 62 -6 12 -14 4 3 14 -11 17 2 -2 10 9 -15 -10 -7 -29 6 -17 11
-3 12 -18 -25 -7 7 -3 8 8 3 -15 -19 -8 15 -9 -1 9 -1 17 0 6 1 11 9 18 -4 -17 -7 -1 11 -16 -20 -14 23 -8 2 -2 1 -1 10 5 0 -5 -1 62 -6 12 -14 4 3 14 -11 17 2 -2 10 9 -15 -10 -7 -29 6 -17 11
-3 12 -18 -25 -7 7 -3 8 8 3 -15 -19 -8 15 -9 -1 9 -1 17 0 6 1 11 9 18 -4 -17 -7 -1 11 -16 -20 -14 23 -8 2 -2 1 -1 10 5 0 -5 -1 62 -6 12 -14 4 3 14 -11 17 2 -2 10 9 -15 -10 -7 -29 6 -17 11
-3 12 -18 -25 -7 7 -3 8 8 3 -15 -19 -8 15 -9 -1 9 -1 17 0 6 1 11 9 18 -4 -17 -7 -1 11 -16 -20 -14 23 -8 2 -2 1 -1 10 5 0 -5 -1 62 -6 12 -14 4 3 14 -11 17 2 -2 10 9 -15 -10 -7 -29 6 -17 11
-3 12 -18 -25 -7 7 -3 8 8 3 -15 -19 -8 15 -9 -1 9 -1 17 0 6 1 11 9 18 -4 -17 -7 -1 11 -16 -20 -14 23 -8 2 -2 1 -1 10 5 0 -5 -1 62 -6 12 -14 4 3 14 -11 17 2 -2 10 9 -15 -10 -7 -29 6 -17 11
-3 12 -18 -25 -7 7 -3 8 8 3 -15 -19 -8 15 -9 -1 9 -1 17 0 6 1 11 9 18 -4 -17 -7 -1 11 -16 -20 -14 23 -8 2 -2 1 -1 10 5 0 -5 -1 62 -6 12 -14 4 3 14 -11 17 2 -2 10 9 -15 -10 -7 -29 6 -17 11
-3 12 -18 -25 -7 7 -3 8 8 3 -15 -19 -8 15 -9 -1 9 -1 17 0 6 1 11 9 18 -4 -17 -7 -1 11 -16 -20 -14 23 -8 2 -2 1 -1 10 5 0 -5 -1 62 -6 12 -14 4 3 14 -11 17 2 -2 10 9 -15 -10 -7 -29 6 -17 11
-3 12 -18 -25 -7 7 -3 8 8 3 -15 -19 -8 15 -9 -1 9 -1 17 0 6 1 11 9 18 -4 -17 -7 -1 11 -16 -20 -14 23 -8 2 -2 1 -1 10 5 0 -5 -1 62 -6 12 -14 4 3 14 -11 17 2 -2 10 9 -15 -10 -7 -29 6 -17 11
-3 12 -18 -25 -7 7 -3 8 8 3 -15 -19 -8 15 -9 -1 9 -1 17 0 6 1 11 9 18 -4 -17 -7 -1 11 -16 -20 -14 23 -8 2 -2 1 -1 10 5 0 -5 -1 62 -6 12 -14 4 3 14 -11 17 2 -2 10 9 -15 -10 -7 -29 6 -17 11
-3 12 -18 -25 -7 7 -3 8 8 3 -15 -19 -8 15 -9 -1 9 -1 17 0 6 1 11 9 18 -4 -17 -7 -1 11 -16 -20 -14 23 -8 2 -2 1 -1 10 5 0 -5 -1 62 -6 12 -14 4 3 14 -11 17 2 -2 10 9 -15 -10 -7 -29 6 -17 11
-3 12 -18 -25 -7 7 -3 8 8 3 -15 -19 -8 15 -9 -1 9 -1 17 0 6 1 11 9 18 -4 -17 -7 -1 11 -16 -20 -14 23 -8 2 -2 1 -1 10 5 0 -5 -1 62 -6 12 -14 4 3 14 -11 17 2 -2 10 9 -15 -10 -7 -29 6 -17 11
-3 12 -18 -25 -7 7 -3 8 8 3 -15 -19 -8 15 -9 -1 9 -1 17 0 6 1 11 9 18 -4 -17 -7 -1 11 -16 -20 -14 23 -8 2 -2 1 -1 10 5 0 -5 -1 62 -6 12 -14 4 3 14 -11 17 2 -2 10 9 -15 -10 -7 -29 6 -17 11
-3 12 -18 -25 -7 7 -3 8 8 3 -15 -19 -8 15 -9 -1 9 -1 17 0 6 1 11 9 18 -4 -17 -7 -1 11 -16 -20 -14 23 -8 2 -2 1 -1 10 5 0 -5 -1 62 -6 12 -14 4 3 14 -11 17 2 -2 10 9 -15 -10 -7 -29 6 -17 11
-3 12 -18 -25 -7 7 -3 8 8 3 -15 -19 -8 15 -9 -1 9 -1 17 0 6 1 11 9 18 -4 -17 -7 -1 11 -16 -20 -14 23 -8 2 -2 1 -1 10 5 0 -5 -1 62 -6 12 -14 4 3 14 -11 17 2 -2 10 9 -15 -10 -7 -29 6 -17 11
-3 12 -18 -25 -7 7 -3 8 8 3 -15 -19 -8 15 -9 -1 9 -1 17 0 6 1 11 9 18 -4 -17 -7 -1 11 -16 -20 -14 23 -8 2 -2 1 -1 10 5 0 -5 -1 62 -6 12 -14 4 3 14 -11 17 2 -2 10 9 -15 -10 -7 -29 6 -17 11
-3 12 -18 -25 -7 7 -3 8 8 3 -15 -19 -8 15 -9 -1 9 -1 17 0 6 1 11 9 18 -4 -17 -7 -1 11 -16 -20 -14 23 -8 2 -2 1 -1 10 5 0 -5 -1 62 -6 12 -14 4 3 14 -11 17 2 -2 10 9 -15 -10 -7 -29 6 -17 11
-3 12 -18 -25 -7 7 -3 8 8 3 -15 -19 -8 15 -9 -1 9 -1 17 0 6 1 11 9 18 -4 -17 -7 -1 11 -16 -20 -14 23 -8 2 -2 1 -1 10 5 0 -5 -1 62 -6 12 -14 4 3 14 -11 17 2 -2 10 9 -15 -10 -7 -29 6 -17 11
-3 12 -18 -25 -7 7 -3 8 8 3 -15 -19 -8 15 -9 -1 9 -1 17 0 6 1 11 9 18 -4 -17 -7 -1 11 -16 -20 -14 23 -8 2 -2 1 -1 10 5 0 -5 -1 62 -6 12 -14 4 3 14 -11 17 2 -2 10 9 -15 -10 -7 -29 6 -17 11
-3 12 -18 -25 -7 7 -3 8 8 3 -15 -19 -8 15 -9 -1 9 -1 17 0 6 1 11 9 18 -4 -17 -7 -1 11 -16 -20 -14 23 -8 2 -2 1 -1 10 5 0 -5 -1 62 -6 12 -14 4 3 14 -11 17 2 -2 10 9 -15 -10 -7 -29 6 -17 11
-3 12 -18 -25 -7 7 -3 8 8 3 -15 -19 -8 15 -9 -1 9 -1 17 0 6 1 11 9 18 -4 -17 -7 -1 11 -16 -20 -14 23 -8 2 -2 1 -1 10 5 0 -5 -1 62 -6 12 -14 4 3 14 -11 17 2 -2 10 9 -15 -10 -7 -29 6 -17 11
-3 12 -18 -25 -7 7 -3 8 8 3 -15 -19 -8 15 -9 -1 9 -1 17 0 6 1 11 9 18 -4 -17 -7 -1 11 -16 -20 -14 23 -8 2 -2 1 -1 10 5 0 -5 -1 62 -6 12 -14 4 3 14 -11 17 2 -2 10 9 -15 -10 -7 -29 6 -17 11
-3 12 -18 -25 -7 7 -3 8 8 3 -15 -19 -8 15 -9 -1 9 -1 17 0 6 1 11 9 18 -4 -17 -7 -1 11 -16 -20 -14 23 -8 2 -2 1 -1 10 5 0 -5 -1 62 -6 12 -14 4 3 14 -11 17 2 -2 10 9 -15 -10 -7 -29 6 -17 11
-3 12 -18 -25 -7 7 -3 8 8 3 -15 -19 -8 15 -9 -1 9 -1 17 0 6 1 11 9 18 -4 -17 -7 -1 11 -16 -20 -14 23 -8 2 -2 1 -1 10 5 0 -5 -1 62 -6 12 -14 4 3 14 -11 17 2 -2 10 9 -15 -10 -7 -29 6 -17 11
-3 12 -18 -25 -7 7 -3 8 8 3 -15 -19 -8 15 -9 -1 9 -1 17 0 6 1 11 9 18 -4 -17 -7 -1 11 -16 -20 -14 23 -8 2 -2 1 -1 10 5 0 -5 -1 62 -6 12 -14 4 3 14 -11 17 2 -2 10 9 -15 -10 -7 -29 6 -17 11
-3 12 -18 -25 -7 7 -3 8 8 3 -15 -19 -8 15 -9 -1 9 -1 17 0 6 1 11 9 18 -4 -17 -7 -1 11 -16 -20 -14 23 -8 2 -2 1 -1 10 5 0 -5 -1 62 -6 12 -14 4 3 14 -11 17 2 -2 10 9 -15 -10 -7 -29 6 -17 11
-3 12 -18 -25 -7 7 -3 8 8 3 -15 -19 -8 15 -9 -1 9 -1 17 0 6 1 11 9 18 -4 -17 -7 -1 11 -16 -20 -14 23 -8 2 -2 1 -1 10 5 0 -5 -1 62 -6 12 -14 4 3 14 -11 17 2 -2 10 9 -15 -10 -7 -29 6 -17 11
-3 12 -18 -25 -7 7 -3 8 8 3 -15 -19 -8 15 -9 -1 9 -1 17 0 6 1 11 9 18 -4 -17 -7 -1 11 -16 -20 -14 23 -8 2 -2 1 -1 10 5 0 -5 -1 62 -6 12 -14 4 3 14 -11 17 2 -2 10 9 -15 -10 -7 -29 6 -17 11
-3 12 -18 -25 -7 7 -3 8 8 3 -15 -19 -8 15 -9 -1 9 -1 17 0 6 1 11 9 18 -4 -17 -7 -1 11 -16 -20 -14 23 -8 2 -2 1 -1 10 5 0 -5 -1 62 -6 12 -14 4 3 14 -11 17 2 -2 10 9 -15 -10 -7 -29 6 -17 11
-3 12 -18 -25 -7 7 -3 8 8 3 -15 -19 -8 15 -9 -1 9 -1 17 0 6 1 11 9 18 -4 -17 -7 -1 11 -16 -20 -14 23 -8 2 -2 1 -1 10 5 0 -5 -1 62 -6 12 -14 4 3 14 -11 17 2 -2 10 9 -15 -10 -7 -29 6 -17 11
-3 12 -18 -25 -7 7 -3 8 8 3 -15 -19 -8 15 -9 -1 9 -1 17 0 6 1 11 9 18 -4 -17 -7 -1 11 -16 -20 -14 23 -8 2 -2 1 -1 10 5 0 -5 -1 62 -6 12 -14 4 3 14 -11 17 2 -2 10 9 -15 -10 -7 -29 6 -17 11
-3 12 -18 -25 -7 7 -3 8 8 3 -15 -19 -8 15 -9 -1 9 -1 17 0 6 1 11 9 18 -4 -17 -7 -1 11 -16 -20 -14 23 -8 2 -2 1 -1 10 5 0 -5 -1 62 -6 12 -14 4 3 14 -11 17 2 -2 10 9 -15 -10 -7 -29 6 -17 11
-3 12 -18 -25 -7 7 -3 8 8 3 -15 -19 -8 15 -9 -1 9 -1 17 0 6 1 11 9 18 -4 -17 -7 -1 11 -16 -20 -14 23 -8 2 -2 1 -1 10 5 0 -5 -1 62 -6 12 -14 4 3 14 -11 17 2 -2 10 9 -15 -10 -7 -29 6 -17 11
-3 12 -18 -25 -7 7 -3 8 8 3 -15 -19 -8 15 -9 -1 9 -1 17 0 6 1 11 9 18 -4 -17 -7 -1 11 -16 -20 -14 23 -8 2 -2 1 -1 10 5 0 -5 -1 62 -6 12 -14 4 3 14 -11 17 2 -2 10 9 -15 -10 -7 -29 6 -17 11
-3 12 -18 -25 -7 7 -3 8 8 3 -15 -19 -8 15 -9 -1 9 -1 17 0 6 1 11 9 18 -4 -17 -7 -1 11 -16 -20 -14 23 -8 2 -2 1 -1 10 5 0 -5 -1 62 -6 12 -14 4 3 14 -11 17 2 -2 10 9 -15 -10 -7 -29 6 -17 11
-3 12 -18 -25 -7 7 -3 8 8 3 -15 -19 -8 15 -9 -1 9 -1 17 0 6 1 11 9 18 -4 -17 -7 -1 11 -16 -20 -14 23 -8 2 -2 1 -1 10 5 0 -5 -1 62 -6 12 -14 4 3 14 -11 17 2 -2 10 9 -15 -10 -7 -29 6 -17 11
-3 12 -18 -25 -7 7 -3 8 8 3 -15 -19 -8 15 -9 -1 9 -1 17 0 6 1 11 9 18 -4 -17 -7 -1 11 -16 -20 -14 23 -8 2 -2 1 -1 10 5 0 -5 -1 62 -6 12 -14 4 3 14 -11 17 2 -2 10 9 -15 -10 -7 -29 6 -17 11
-3 12 -18 -25 -7 7 -3 8 8 3 -15 -19 -8 15 -9 -1 9 -1 17 0 6 1 11 9 18 -4 -17 -7 -1 11 -16 -20 -14 23 -8 2 -2 1 -1 10 5 0 -5 -1 62 -6 12 -14 4 3 14 -11 17 2 -2 10 9 -15 -10 -7 -29 6 -17 11
-3 12 -18 -25 -7 7 -3 8 8 3 -15 -19 -8 15 -9 -1 9 -1 17 0 6 1 11 9 18 -4 -17 -7 -1 11 -16 -20 -14 23 -8 2 -2 1 -1 10 5 0 -5 -1 62 -6 12 -14 4 3 14 -11 17 2 -2 10 9 -15 -10 -7 -29 6 -17 11
-3 12 -18 -25 -7 7 -3 8 8 3 -15 -19 -8 15 -9 -1 9 -1 17 0 6 1 11 9 18 -4 -17 -7 -1 11 -16 -20 -14 23 -8 2 -2 1 -1 10 5 0 -5 -1 62 -6 12 -14 4 3 14 -11 17 2 -2 10 9 -15 -10 -7 -29 6 -17 11
-3 12 -18 -25 -7 7 -3 8 8 3 -15 -19 -8 15 -9 -1 9 -1 17 0 6 1 11 9 18 -4 -17 -7 -1 11 -16 -20 -14 23 -8 2 -2 1 -1 10 5 0 -5 -1 62 -6 12 -14 4 3 14 -11 17 2 -2 10 9 -15 -10 -7 -29 6 -17 11
-3 12 -18 -25 -7 7 -3 8 8 3 -15 -19 -8 15 -9 -1 9 -1 17 0 6 1 11 9 18 -4 -17 -7 -1 11 -16 -20 -14 23 -8 2 -2 1 -1 10 5 0 -5 -1 62 -6 12 -14 4 3 14 -11 17 2 -2 10 9 -15 -10 -7 -29 6 -17 11
-3 12 -18 -25 -7 7 -3 8 8 3 -15 -19 -8 15 -9 -1 9 -1 17 0 6 1 11 9 18 -4 -17 -7 -1 11 -16 -20 -14 23 -8 2 -2 1 -1 10 5 0 -5 -1 62 -6 12 -14 4 3 14 -11 17 2 -2 10 9 -15 -10 -7 -29 6 -17 11
-3 12 -18 -25 -7 7 -3 8 8 3 -15 -19 -8 15 -9 -1 9 -1 17 0 6 1 11 9 18 -4 -17 -7 -1 11 -16 -20 -14 23 -8 2 -2 1 -1 10 5 0 -5 -1 62 -6 12 -14 4 3 14 -11 17 2 -2 10 9 -15 -10 -7 -29 6 -17 11
-3 12 -18 -25 -7 7 -3 8 8 3 -15 -19 -8 15 -9 -1 9 -1 17 0 6 1 11 9 18 -4 -17 -7 -1 11 -16 -20 -14 23 -8 2 -2 1 -1 10 5 0 -5 -1 62 -6 12 -14 4 3 14 -11 17 2 -2 10 9 -15 -10 -7 -29 6 -17 11
-3 12 -18 -25 -7 7 -3 8 8 3 -15 -19 -8 15 -9 -1 9 -1 17 0 6 1 11 9 18 -4 -17 -7 -1 11 -16 -20 -14 23 -8 2 -2 1 -1 10 5 0 -5 -1 62 -6 12 -14 4 3 14 -11 17 2 -2 10 9 -15 -10 -7 -29 6 -17 11
-3 12 -18 -25 -7 7 -3 8 8 3 -15 -19 -8 15 -9 -1 9 -1 17 0 6 1 11 9 18 -4 -17 -7 -1 11 -16 -20 -14 23 -8 2 -2 1 -1 10 5 0 -5 -1 62 -6 12 -14 4 3 14 -11 17 2 -2 10 9 -15 -10 -7 -29 6 -17 11
-3 12 -18 -25 -7 7 -3 8 8 3 -15 -19 -8 15 -9 -1 9 -1 17 0 6 1 11 9 18 -4 -17 -7 -1 11 -16 -20 -14 23 -8 2 -2 1 -1 10 5 0 -5 -1 62 -6 12 -14 4 3 14 -11 17 2 -2 10 9 -15 -10 -7 -29 6 -17 11
-3 12 -18 -25 -7 7 -3 8 8 3 -15 -19 -8 15 -9 -1 9 -1 17 0 6 1 11 9 18 -4 -17 -7 -1 11 -16 -20 -14 23 -8 2 -2 1 -1 10 5 0 -5 -1 62 -6 12 -14 4 3 14 -11 17 2 -2 10 9 -15 -10 -7 -29 6 -17 11
-3 12 -18 -25 -7 7 -3 8 8 3 -15 -19 -8 15 -9 -1 9 -1 17 0 6 1 11 9 18 -4 -17 -7 -1 11 -16 -20 -14 23 -8 2 -2 1 -1 10 5 0 -5 -1 62 -6 12 -14 4 3 14 -11 17 2 -2 10 9 -15 -10 -7 -29 6 -17 11
-3 12 -18 -25 -7 7 -3 8 8 3 -15 -19 -8 15 -9 -1 9 -1 17 0 6 1 11 9 18 -4 -17 -7 -1 11 -16 -20 -14 23 -8 2 -2 1 -1 10 5 0 -5 -1 62 -6 12 -14 4 3 14 -11 17 2 -2 10 9 -15 -10 -7 -29 6 -17 11
-3 12 -18 -25 -7 7 -3 8 8 3 -15 -19 -8 15 -9 -1 9 -1 17 0 6 1 11 9 18 -4 -17 -7 -1 11 -16 -20 -14 23 -8 2 -2 1 -1 10 5 0 -5 -1 62 -6 12 -14 4 3 14 -11 17 2 -2 10 9 -15 -10 -7 -29 6 -17 11
-3 12 -18 -25 -7 7 -3 8 8 3 -15 -19 -8 15 -9 -1 9 -1 17 0 6 1 11 9 18 -4 -17 -7 -1 11 -16 -20 -14 23 -8 2 -2 1 -1 10 5 0 -5 -1 62 -6 12 -14 4 3 14 -11 17 2 -2 10 9 -15 -10 -7 -29 6 -17 11
-3 12 -18 -25 -7 7 -3 8 8 3 -15 -19 -8 15 -9 -1 9 -1 17 0 6 1 11 9 18 -4 -17 -7 -1 11 -16 -20 -14 23 -8 2 -2 1 -1 10 5 0 -5 -1 62 -6 12 -14 4 3 14 -11 17 2 -2 10 9 -15 -10 -7 -29 6 -17 11
-3 12 -18 -25 -7 7 -3 8 8 3 -15 -19 -8 15 -9 -1 9 -1 17 0 6 1 11 9 18 -4 -17 -7 -1 11 -16 -20 -14 23 -8 2 -2 1 -1 10 5 0 -5 -1 62 -6 12 -14 4 3 14 -11 17 2 -2 10 9 -15 -10 -7 -29 6 -17 11
-3 12 -18 -25 -7 7 -3 8 8 3 -15 -19 -8 15 -9 -1 9 -1 17 0 6 1 11 9 18 -4 -17 -7 -1 11 -16 -20 -14 23 -8 2 -2 1 -1 10 5 0 -5 -1 62 -6 12 -14 4 3 14 -11 17 2 -2 10 9 -15 -10 -7 -29 6 -17 11
-3 12 -18 -25 -7 7 -3 8 8 3 -15 -19 -8 15 -9 -1 9 -1 17 0 6 1 11 9 18 -4 -17 -7 -1 11 -16 -20 -14 23 -8 2 -2 1 -1 10 5 0 -5 -1 62 -6 12 -14 4 3 14 -11 17 2 -2 10 9 -15 -10 -7 -29 6 -17 11
-3 12 -18 -25 -7 7 -3 8 8 3 -15 -19 -8 15 -9 -1 9 -1 17 0 6 1 11 9 18 -4 -17 -7 -1 11 -16 -20 -14 23 -8 2 -2 1 -1 10 5 0 -5 -1 62 -6 12 -14 4 3 14 -11 17 2 -2 10 9 -15 -10 -7 -29 6 -17 11
-3 12 -18 -25 -7 7 -3 8 8 3 -15 -19 -8 15 -9 -1 9 -1 17 0 6 1 11 9 18 -4 -17 -7 -1 11 -16 -20 -14 23 -8 2 -2 1 -1 10 5 0 -5 -1 62 -6 12 -14 4 3 14 -11 17 2 -2 10 9 -15 -10 -7 -29 6 -17 11
-3 12 -18 -25 -7 7 -3 8 8 3 -15 -19 -8 15 -9 -1 9 -1 17 0 6 1 11 9 18 -4 -17 -7 -1 11 -16 -20 -14 23 -8 2 -2 1 -1 10 5 0 -5 -1 62 -6 12 -14 4 3 14 -11 17 2 -2 10 9 -15 -10 -7 -29 6 -17 11
