-11741
-11353
-10105
-9920
-10634
-8380
-7734
-13619
-6732
-8901
-10232
-10585
-11518
-9957
-9045
-8515
-10773
-10152
-9445
-11012
-8819
-12023
-10759
-11503
-7903
-9956
-10475
-9157
-10725
-11957
-11056
-8231
-9641
-9682
-10929
-13547
-9835
-10618
-11473
-11482
-11298
-11482
-11008
-11730
-11892
-10637
-2961
-11541
-11496
-8746
-9138
-8335
-8255
-9775
-8232
-9876
-10279
-10174
-8042
-12572
-7216
-8445
-10284
-9650
-9703
-5296
-9044
-11577
-9935
-12657
-10213
-9881
-11258
-9762
-9638
-11366
-8645
-8367
-8961
-11468
-11544
-9055
-10338
-9936
-9851
-6566
-11451
-8744
-10527
-6917
-13819
-6851
-9799
-9551
-7556
-10773
-11951
-11080
-10741
-9814
-12847
-9379
-7495
-9198
-10243
-11350
-12870
-11427
-10251
-10450
-7870
-10447
-3019
-10019
-9623
-9396
-7782
-9831
-12014
-10156
-7299
-13534
-9774
-7499
-11267
-9253
-10001
-10371
-8751
-12313
-8544
-7970
-9539
-11755
-10886
-11696
-9194
-9864
-9300
-8886
-10641
-6742
-11234
-7621
-9939
-9831
-10619
-10012
-9493
-11652
-10723
-4586
-9931
-11312
-9993
-10896
-11120
-10271
-10302
-8445
-11130
-10715
-10943
-12942
-11255
-10083
-10758
-10058
-10318
-10110
-7973
-12368
-8300
-7753
-11452
-7590
-8408
-8001
-10578
-8952
-10991
-12204
-11897
-14006
-9789
-8694
-10617
-7800
-12609
-12950
-10685
-8760
-11033
-10239
-10168
-7876
-8882
-8698
-9447
-11064
-8664
-6581
-9454
-11746
-9180
-9526
-11022
-10779
-13822
-10227
-9338
-9359
-10398
-7474
-10450
-9700
-11630
-11685
-11193
-10740
-7754
-10423
-10031
-11559
-11588
-10748
-9961
-7496
-11273
-9134
-9337
-10081
-9661
-8737
-11138
-6906
-7809
-5465
-6168
-9579
-10925
-11530
-11391
-10702
-12211
-10291
-10596
-10079
-4275
-13028
-9397
-10536
-7533
-11875
-12816
-9487
-11426
-6695
-8171
-9978
-9648
-13540
-9674
-13276
-11714
-11763
-8841
-10023
-7387
-8775
-10660
-11526
-12698
-7318
-12091
-8314
-8104
-12519
-10243
-9662
-11753
-11126
-6133
-10443
-10831
-10093
-12214
-10142
-8745
-7429
-11435
-9676
-9736
-9301
-10636
-12035
-10810
-11122
-9950
-12827
-13430
-12559
-11563
-9387
-9486
-8735
-6685
-10344
-8417
-10780
-10525
-10720
-8261
-9891
-10863
-6444
-10374
-11701
-10125
-9764
-11816
-9081
-11783
-10931
-11360
-10269
-13103
-11703
-7047
-12547
-5877
-10539
-9460
-8843
-12202
-8605
-10430
-5721
-9909
-10579
-11231
-9471
-7795
-12075
-8925
-7638
-12728
-10007
-9079
-8797
-11684
-10447
-11542
-8110
-9560
-9562
-10203
-7739
-8189
-11282
-12940
-11744
-11098
-12511
-11206
-10411
-10284
-11339
-6401
-8189
-8443
-10976
-10999
-11795
-9971
-11630
-8812
-9777
-10011
-12563
-10692
-8355
-12328
-11141
-7853
-6005
-8837
-10054
-13723
-9866
-10947
-11056
-11884
-10974
-4847
-9822
-10675
-8913
-8922
-9796
-8396
-14848
-10959
-12709
-11850
-10408
-9572
-10424
-12724
-12819
-7215
-7822
-8407
-11621
-8576
-10294
-12471
-11547
-12624
-8811
-11814
-10171
-8654
-8053
-11096
-9298
-11356
-10266
-9051
-14070
-10692
-10404
-11626
-8999
-9660
-10897
-10525
-11250
-8986
-11716
-8902
-10758
-10830
-10854
-6753
-9359
-9824
-10852
-12753
-13202
-7617
-8101
-9771
-10024
-11121
-8272
-9393
-8878
-10208
-7077
-9774
-10577
-11252
-11780
-12423
-11071
-10268
-9402
-9266
-11157
-6808
-10428
-11487
-9507
-12592
-12708
-7669
-6108
-9536
-8318
-11760
-9078
-9596
-9889
-9126
-12490
-9835
-11124
-12430
-3690
-8175
-10713
-11286
-9948
-8018
-8558
-12251
-5899
-10796
-10642
-10897
-10063
-11388
-12459
-10677
-9149
-7978
-10643
-12439
-12135
-5902
-10792
-11730
-9685
-10388
-12598
-12029
-9268
-10324
-11921
-12024
-10104
-9533
-5974
-10052
-8869
-9968
-10212
-11063
-9381
-8680
-11031
-10869
-9440
-8724
-6586
-7410
-11275
-9546
-11748
-10451
-8868
-9840
-7703
-12974
-9426
-8389
-2853
-11777
-11957
-12466
-9019
-12095
-11415
-8915
-12942
-10704
-10228
-8337
-10157
-9625
-9528
-10340
-11328
-11492
-8830
-11646
-11898
-10650
-10751
-9844
-7199
-7244
-11584
-10137
-9755
-5909
-13952
-8585
-11048
-10095
-10134
-11986
-6945
-8933
-7928
-11222
-9491
-8061
-11786
-11081
-6731
-12874
-7753
-9752
-11111
-13482
-8432
-7631
-13159
-10184
-10095
-11101
-7322
-9162
-10868
-3013
-10552
-9174
-9322
-9504
-10710
-13587
-8877
-9706
-8578
-12456
-12365
-11499
-11949
-4818
-12203
-8632
-8077
-7897
-10071
-9952
-9204
-11662
-11780
-5643
-9857
-8716
-10330
-10623
-11790
-11191
-11467
-11044
-12744
-11855
-9867
-11714
-11588
-12367
-10752
-8559
-11178
-8460
-10620
-9600
-12479
-11255
-7037
-9464
-9498
-8330
-10586
-9465
-9198
-7238
-9917
-8243
-10296
-9888
-10418
-11534
-9927
-11763
-10284
-7189
-9222
-10788
-9352
-10320
-10508
-10685
-12305
-8214
-4518
-10248
-7289
-9541
-11304
-13297
-9090
-8690
-9765
-10807
-7602
-10688
-10698
-10632
-6759
-11891
-10780
-12596
-11365
-10285
-4632
-11140
-9519
-10532
-10007
-11539
-10192
-7139
-7047
-10319
-11644
-11322
-12457
-12500
-12495
-11127
-7836
-10665
-9537
-7279
-12010
-10645
-13002
-13323
-10893
-9469
-11302
-8682
-10732
-10208
-13517
-9095
-5833
-10551
-10183
-7573
-10320
-9715
-10125
-7586
-10438
-9228
-7589
-11797
-9307
-6564
-7848
-11213
-9222
-13375
-7782
-9107
-7896
-10500
-12434
-9385
-7452
-11789
-10509
-11597
-9870
-9145
-12371
-10001
-9770
-9914
-12075
-11344
-7526
-8825
-10764
-10607
-9746
-11038
-7768
-9788
-10966
-13047
-10342
-10842
-12493
-4861
-8650
-11535
-10952
-11943
-11208
-11035
-10462
-9175
-10767
-9351
-10950
-9811
-10932
-12498
-10088
-11153
-8525
-6788
-11871
-9566
-10439
-13594
-10031
-10899
-10760
-12432
-8575
-10415
-10530
-2986
-11938
-8355
-11921
-13344
-10957
-9741
-7383
-11291
-8852
-10642
-9709
-9765
-11002
-11328
-10949
-8304
-11941
-10756
-8353
-10066
-10710
-3323
-9385
-10064
-12422
-13116
-10655
-10706
-8883
-12724
-6720
-9751
-14104
-12546
-10256
-12825
-10816
-11236
-11374
-9399
-9959
-7479
-10814
-8706
-9374
-11687
-10619
-6714
-9192
-10107
-9956
-11198
-9844
-11304
-11053
-10798
-11667
-12148
-9881
-11718
-12555
-7838
-7080
-9056
-11612
-11361
-10380
-13063
-12855
-12441
-5775
-8506
-9545
-10510
-7444
-10240
-10396
-8092
-11101
-9339
-7703
-9656
-8851
-10739
-5009
-7969
-11285
-11563
-10302
-10494
-9594
-10827
-12318
-10827
-11518
-8194
-9747
-10674
-12855
-11313
-5381
-12551
-10424
-10062
-11491
-8871
-10732
-12867
-8935
-7059
-11954
-10045
-10836
-9990
-10543
-11464
-5815
-9710
-10668
-9794
-8460
-8304
-9167
-11387
-5564
-9939
-10676
-10949
-10462
-10097
-9595
-10259
-10048
-12345
-5683
-10865
-5681
-10240
-10487
-10451
-11118
-11068
-8939
-11118
-10950
-6250
-9799
-9251
-6257
-3003
-9278
-9484
-8554
-10331
-9602
-9450
-10216
-7012
-12301
-8774
-11185
-12094
-11054
-11924
-7871
-11824
-9965
-7094
-8673
-6055
-12302
-11635
-9420
-10454
-11349
-10160
-11765
-9161
-11587
-9000
-11445
-11388
-9903
-11365
-11000
-11675
-10103
-10360
-10738
-11621
-10698
-11551
-11519
-8747
-12551
-10581
-10235
-12874
-5259
-6492
-11458
-9087
-10752
-9071
-10164
-4258
-8271
-11584
-12568
-10883
-7872
-9947
-14382
-12911
-9830
-12598
-8131
-9344
-9392
-11884
-11666
-10002
-8087
-10875
-5690
-10606
-11604
-12218
-5799
-11388
-9911
-9518
-10533
-8136
-9254
-10544
-11889
-8397
-9588
-7193
-11431
-10433
-9453
-11047
-9330
-9567
-9392
-10738
-12685
-10873
-11864
-10623
-8013
-11725
-11416
-10824
-11502
-10244
-12258
-10453
-12427
-6309
-11681
-9372
-12610
-6599
-7524
-10286
-10095
-9629
-9897
-12590
-8902
-8122
-10530
-10035
-11864
-9001
-8400
-10715
-9157
-9384
-7203
-10365
-10491
-8649
-5479
-9074
-11937
-8692
-11724
-10110
-7391
-11722
-9491
-10384
-11377
-7791
-10033
-9657
-7646
-4781
-8853
-10946
-10238
-9200
-7354
-11534
-10177
-9217
-8654
-9977
-9096
-5813
-11306
-8754
-4827
-8658
-10063
-6785
-8617
-12530
-11498
-8425
-7508
-7931
-6829
-6869
-12263
-10994
-11268
-11580
-10489
-10680
-11053
-9885
-11918
-8900
-10717
-10694
-10297
-6907
-9655
-7535
-6211
-5903
-14702
-7716
-6907
-9053
-11342
-7605
-10269
-8964
-11946
-9957
-12563
-10139
-11593
-9372
-10114
-9929
-11396
-6283
-10855
-7625
-9704
-11800
-9510
-10031
-9402
-9053
-10952
-8773
-11736
-10559
-12574
-13009
-10467
-11391
-5939
-10774
-10216
-9305
-10734
-10219
-10173
-9038
-12781
-5781
-8577
-9625
-11779
-10671
-10166
-11085
-9603
-8420
-9759
-7829
-9181
-10447
-11997
-11051
-12966
-10742
-9263
-10561
-8995
-7457
-5985
-15424
-10212
-9512
-9818
-5605
-5129
-11071
-12193
-5301
-11584
-9737
-6869
-10297
-11624
-11122
-6797
-7882
-9697
-7703
-12769
-11778
-10562
-11018
-5873
-11536
-8850
-10474
-11723
-10701
-11198
-9903
-7404
-13342
-11332
-9269
-8057
-11252
-9424
-9948
-6889
-5502
-11734
-8785
-8883
-9334
-13450
-5456
-17588
-11440
-6700
-3969
-11899
-10717
-11515
-11363
-12365
-7046
-11328
-7410
-10530
-9821
-9158
-11598
-9963
-9973
-10098
-10168
-10834
-12846
-8354
-9497
-9032
-12338
-3000
-9049
-8381
-11347
-8790
-11109
-9257
-4140
-10132
-11709
-7511
-10616
-8942
-11769
-7903
-9857
-9384
-9820
-9906
-7721
-10296
-8292
-9988
-8063
-9026
-10267
-9997
-10339
-9541
-7978
-10679
-5540
-11898
-10655
-10195
-11897
-6032
-9381
-10350
-10661
-11240
-7365
-10960
-8041
-11873
-9284
-8727
-10354
-10857
-9648
-7906
-9093
-13051
-9572
-8704
-11348
-10923
-10824
-13531
-11704
-10332
-9447
-11848
-11172
-11154
-11074
-12819
-8981
-7826
-8788
-11829
-11284
-10992
-10045
-10989
-12235
-12658
-11864
-11226
-9955
-10435
-9297
-7692
-9798
-12828
-9661
-12881
-10178
-13661
-12543
-10362
-9939
-12242
-11706
-10282
-7747
-12365
-8624
-8853
-11665
-8639
-9082
-5789
-10698
-10448
-10623
-10596
-7885
-12962
-9859
-9107
-6900
-10828
-8179
-7414
-10755
-11447
-12116
-11050
-14896
-12871
-7920
-6194
-11427
-7789
-4987
-11031
-9473
-10263
-8847
-9751
-9204
-9546
-9325
-10804
-9776
-10691
-10034
-11433
-9670
-11263
-12647
-7847
-10327
-8549
-11974
-6691
-7836
-9036
-10483
-9560
-8759
-10026
-7949
-10419
-6123
-11442
-10572
-9887
-11480
-11718
-11292
-9943
-12862
-11156
-12485
-11791
-9026
-10211
-5535
-4259
-9865
-7069
-11193
-11647
-8283
-11122
-9402
-9467
-11670
-11881
-14225
-9739
-11362
-13760
-7410
-12419
-9882
-11197
-9200
-10148
-12846
-11024
-7100
-10536
-12516
-11170
-4843
-10423
-10698
-12297
-10042
-13290
-7193
-11348
-9413
-8051
-5808
-9702
-11251
-8560
-10661
-10724
-11147
-12644
-8932
-9164
-11099
-10152
-5783
-6987
-10344
-7672
-10599
-9670
-11735
-13575
-10581
-11324
-11454
-7630
-8122
-13579
-10910
-11308
-9119
-9462
-11480
-11970
-11611
-11592
-10558
-11090
-7092
-11615
-9544
-12578
-8329
-6714
-8533
-10477
-9748
-10952
-10426
-7979
-11810
-8673
-8861
-9953
-9149
-11456
-8229
-13162
-9954
-8805
-5985
-9800
-9036
-14829
-8680
-9282
-9554
-9403
-7790
-10911
-11546
-10222
-10390
-9811
-11695
-11763
-10040
-6458
-14516
-13824
-12893
-7179
-10966
-10589
-9301
-6812
-9065
-10518
-11162
-6245
-8627
-10981
-11309
-13541
-11333
-10449
-2530
-10367
-8010
-10739
-8253
-9762
-10053
-9525
-8843
-11727
-9500
-9673
-9163
-6332
-12598
-12160
-7732
-9963
-11292
-12712
-9037
-9133
-10873
-2980
-11207
-11794
-10717
-11741
-9571
-9680
-12075
-9072
-10414
-10187
-9613
-10754
-11873
-9843
-12903
-8556
-10973
-11314
-12332
-11842
-8662
-10827
-11520
-7176
-11477
-9716
-12430
-13213
-10658
-10472
-5813
-10570
-9654
-11611
-7319
-10245
-8121
-11747
-9390
-11001
-11022
-12759
-9223
-7183
-10936
-10474
-11332
-3481
-9216
-9345
-8903
-7259
-10152
-11508
-8567
-9547
-10016
-11816
-8823
-10433
-10532
-11545
-9866
-9848
-4988
-10655
-9510
-10635
-9996
-14186
-9695
-14230
-10776
-6877
-11387
-12076
-8211
-10773
-13860
-12130
-11663
-10804
-10903
-11132
-9652
-8894
-9069
-11754
-12544
-12688
-9105
-11183
-9558
-11120
-10634
-4862
-11836
-10364
-9163
-12310
-9889
-10543
-9443
-11526
-13538
-10346
-11891
-5578
-8390
-9496
-8867
-11619
-10926
-10975
-11608
-11755
-11613
-7766
-7615
-7439
-8463
-5440
-10859
-7463
-9738
-5914
-8290
-8231
-9823
-10687
-11746
-13309
-11493
-8088
-12393
-8819
-11136
-9767
-11422
-10852
-3755
-10723
-10403
-10671
-10222
-4552
-9782
-9607
-6972
-10501
-11742
-9600
-10082
-8750
-9317
-6092
-11185
-10857
-12466
-4630
-7849
-6875
-6593
-10206
-10420
-10525
-11055
-5846
-9504
-8423
-11660
-10802
-9298
-12724
-9123
-10442
-9638
-7642
-11374
-7936
-10195
-6265
-9452
-7262
-11171
-8289
-11291
-10355
-7062
-7513
-13027
-8893
-9653
-6395
-10468
-10335
-10618
-10656
-11043
-7835
-10264
-11066
-12954
-4861
-11074
-9460
-10081
-8463
-6052
-13739
-6798
-11905
-12313
-11851
-8421
-7933
-9764
-8674
-8982
-10529
-11725
-10767
-10385
-10403
-12058
-9375
-7459
-6431
-8382
-10263
-11715
-7519
-10104
-9940
-9471
-10437
-10333
-10458
-10891
-11575
-9807
-9340
-11106
-11325
-11487
-7417
-10504
-13720
-10459
-10271
-10599
-8995
-10110
-10931
-10609
-9280
-12100
-7917
-10742
-11217
-12265
-10844
-12507
-9337
-10240
-9968
-9186
-9726
-9971
-8761
-10893
-10220
-10002
-10894
-12807
-8697
-8436
-9606
-9713
-7962
-9603
-8257
-9452
-11779
-12592
-11911
-12753
-9950
-8842
-12513
-11514
-13292
-10566
-10341
-6821
-8405
-8188
-10914
-10273
-9416
-9881
-10957
-9916
-11605
-10980
-8006
-11216
-8584
-10647
-10003
-12856
-9098
-11436
-13029
-9213
-11935
-10929
-11263
-9292
-10402
-8578
-9056
-9168
-8954
-10866
-9729
-10729
-11993
-8677
-13770
-12068
-9777
-9639
-8908
-9343
-8701
-11962
-9489
-9531
-8599
-8510
-7562
-4428
-10149
-5509
-12217
-10144
-10385
-7728
-12984
-10455
-10337
-11775
-11214
-11750
-9167
-10782
-10461
-11241
-11374
-11036
-7500
-9757
-11596
-10700
-11351
-9416
-12791
-11103
-9869
-10004
-9103
-9713
-8535
-9240
-9846
-9803
-9677
-7072
-9835
-9557
-9649
-8451
-9666
-13223
-8800
-11094
-10273
-9915
-12126
-10584
-8228
-10054
-11385
-12081
-11361
-9866
-8732
-11654
-7929
-7803
-10925
-10464
-8726
-10589
-7694
-11459
-10860
-10487
-10375
-11014
-7868
-10911
-10217
-11622
-11563
-11872
-11270
-9241
-6398
-10860
-10829
-11504
-7764
-11364
-13610
-7900
-11810
-10896
-9777
-9211
-10544
-9818
-10130
-8200
-12174
-3014
-10314
-10096
-11733
-10455
-11458
-7995
-11691
-8932
-9849
-5703
-10162
-9877
-8450
-8389
-10626
-8058
-8780
-10550
-11000
-10927
-11934
-11480
-10283
-9224
-8864
-11139
-9527
-8208
-8913
-8235
-8425
-10342
-10381
-10855
-7835
-10013
-9967
-11604
-12221
-8655
-8877
-7877
-9207
-9831
-9804
-9493
-9535
-10857
-12608
-11839
-11540
-8621
-11766
-8502
-7887
-8179
-8675
-11142
-7858
-9318
-7688
-10750
-9389
-8882
-11225
-8630
-9480
-10599
-10363
-8574
-6790
-12455
-10983
-7163
-9746
-10882
-5232
-10867
-10809
-7524
-10175
-10064
-11242
-8406
-10250
-10873
-13502
-9838
-9693
-11905
-11393
-10154
-12302
-7454
-4628
-10352
-9768
-10237
-9747
-8869
-10305
-10161
-7297
-11298
-11211
-11095
-10184
-9899
-11950
-9351
-12358
-11946
-9706
-11386
-10485
-12478
-9707
-8963
-10946
-9696
-12676
-10102
-9055
-8057
-9897
-12021
-9967
-10049
-12405
-11274
-8810
-10301
-8678
-7867
-10351
-9107
-6079
-9419
-10251
-8894
-8018
-11675
-11682
-9925
-10375
-11747
-8962
-8287
-11562
-3519
-12424
-12359
-10183
-6266
-12255
-10552
-9527
-11099
-11920
-10579
-6641
-11111
-10924
-10876
-11362
-11264
-8757
-9181
-11248
-4975
-9158
-10703
-9198
-10807
-11993
-10815
-8022
-10049
-11495
-11828
-10840
-7248
-11674
-9509
-11809
-6346
-6796
-10388
-10767
-9767
-6485
-12351
-13686
-10967
-6950
-7593
-10194
-6811
-9515
-11915
-9558
-10144
-12421
-9610
-11929
-5805
-12213
-12745
-13246
-9487
-9524
-10832
-9847
-6162
-13239
-10852
-8816
-9932
-8510
-8018
-9933
-13182
-8896
-9225
-11896
-8093
-9118
-10927
-10582
-9489
-12387
-10178
-9027
-9128
-10022
-7593
-10286
-11979
-8932
-9371
-10896
-11447
-11548
-12543
-8795
-11741
-12475
-11541
-7473
-9716
-10466
-11026
-11257
-11582
-13172
-6983
-12090
-11847
-9825
-11424
-9865
-9961
-9899
-11777
-8847
-10951
-6878
-11317
-10350
-11900
-8949
-9224
-10719
-10136
-8542
-10188
-9325
-11280
-10823
-11804
-11081
-10908
-10045
-7538
-8447
-4777
-12370
-11772
-11567
-11638
-8618
-4359
-10991
-10336
-11428
-9585
-9218
-9836
-11770
-12772
-10161
-11977
-9726
-10767
-12943
-10974
-8583
-10211
-10420
-10479
-11644
-9020
-11933
-8617
-10307
-10536
-11591
-9956
-9304
-8638
-10744
-7083
-9187
-6750
-9265
-5956
-10604
-11247
-8808
-10545
-6816
-11301
-12299
-11436
-12487
-10709
-11754
-7361
-9380
-9522
-11781
-10988
-11193
-10096
-11806
-11585
-8886
-9715
-10765
-6614
-12244
-11681
-9495
-9613
-8154
-11376
-8736
-12525
-10890
-10564
-9258
-10905
-11429
-8065
-6977
-8559
-10917
-13142
-12793
-8125
-8338
-14460
-9676
-11868
-13167
-11024
-9396
-9070
-6437
-11604
-10987
-11268
-8902
-9322
-11089
-11046
-9426
-9081
-8760
-8647
-13481
-11183
-12867
-10019
-11936
-10449
-10190
-9922
-9542
-7156
-10497
-6371
-9063
-9950
-4116
-10949
-12015
-11076
-10287
-9640
-12010
-10965
-10608
-9034
-9652
-9994
-10689
-7901
-11983
-10948
-11811
-10850
-11797
-13294
-9282
-7564
-10927
-9435
-11583
-11001
-9613
-10714
-10316
-9023
-11160
-7902
-10092
-10774
-11128
-7784
-7909
-11381
-11170
-11250
-10299
-8688
-8527
-11428
-11155
-11170
-9612
-11754
-11158
-6850
-9462
-7993
-8399
-11221
-11256
-10392
-9958
-8064
-11379
-10004
-12566
-14700
-10729
-8849
-11813
-10597
-7072
-11450
-11673
-10440
-11403
-10346
-11142
-3812
-12155
-9624
-9962
-11138
-11327
-10452
-12188
-10989
-10746
-11292
-8777
-11827
-9777
-9516
-11194
-5999
-10268
-10947
-13125
-9112
-11261
-14220
-11308
-11716
-11783
-8405
-11447
-10951
-9315
-11419
-9652
-11821
-6905
-10156
-10238
-12277
-8518
-12413
-12268
-10415
-9660
-8865
-10694
-9932
-10754
-10622
-10564
-5651
-10606
-9450
-8605
-10339
-10774
-13259
-7995
-11798
-11103
-12190
-10619
-11337
-9791
-10476
-10947
-11925
-9730
-12177
-11739
-10816
-10825
-9701
-7022
-12094
-10544
-11360
-9414
-7734
-13037
-10525
-10121
-11330
-11245
-12105
-10452
-9538
-9834
-11004
-10653
-9226
-11185
-10445
-11778
-10059
-12277
-7870
-11414
-12681
-7334
-13884
-9741
-9049
-11317
-12539
-9001
-10024
-11665
-11965
-7116
-11049
-11873
-10853
-9371
-10320
-10287
-11876
-7910
-8929
-11018
-12356
-8899
-10750
-11684
-8259
-10987
-7361
-7423
-10508
-12114
-10647
-8214
-9916
-13768
-11171
-7550
-10428
-12350
-7188
-10867
-11819
-8679
-10271
-11628
-11589
-11452
-8165
-9945
-9888
-10124
-9722
-10118
-10816
-11246
-12408
-12012
-8191
-6146
-9496
-8276
-9859
-11486
-5048
-11514
-8764
-8866
-13234
-4636
-7126
-10096
-9562
-11925
-11126
-11055
-7903
-10791
-10942
-8591
-7798
-10027
-7861
-9591
-14190
-10148
-7593
-12084
-9132
-11428
-6869
-9290
-11160
-10791
-14443
-10225
-10174
-8820
-12202
-9397
-12268
-10343
-9728
-12978
-12374
-10175
-9622
-11326
-10715
-11649
-11725
-14979
-11222
-8967
-8198
-8763
-13450
-6822
-10335
-9344
-6844
-7658
-10203
-9441
-8763
-7715
-11145
-11406
-9453
-12126
-9834
-11696
-11123
-8853
-13212
-7255
-12765
-11044
-9840
-9509
-8025
-11528
-9764
-10346
-9850
-9557
-10610
-13774
-11143
-8430
-8568
-10145
-8377
-9935
-10781
-9126
-8852
-11980
-3548
-9144
-10061
-11330
-10866
-12300
-9484
-11534
-11144
-8942
-11384
-12005
-12535
-12157
-9428
-8681
-9755
-9371
-10585
-7433
-12160
-7729
-9445
-11310
-7001
-11181
-8929
-9267
-7340
-4668
-10673
-10239
-11803
-10296
-10663
-12560
-9626
-10940
-8944
-10397
-10104
-9353
-5829
-10399
-11275
-11956
-11235
-10207
-9717
-9480
-10391
-10151
-9244
-11972
-13989
-12632
-11219
-9812
-10918
-11193
-13622
-11297
-11982
-8403
-8175
-14319
-7096
-8387
-9176
-11279
-10832
-12229
-8020
-12440
-8208
-10412
-7004
-9846
-10931
-5974
-4638
-10336
-10729
-7529
-12522
-8195
-10287
-6364
-11639
-9655
-10162
-9400
-8154
-10914
-8341
-12385
-10742
-8185
-10658
-8566
-10612
-8758
-12876
-10173
-13145
-10213
-7357
-7382
-14074
-9545
-11180
-11520
-8562
-9937
-8962
-9378
-4318
-10373
-11792
-11513
-8923
-8999
-7468
-10840
-11890
-10785
-13273
-10069
-9351
-13410
-11931
-11890
-8045
-10460
-10979
-7403
-9809
-10741
-11802
-10558
-10434
-7203
-9854
-10774
-11016
-7426
-12825
-7829
-10572
-11288
-10842
-11003
-10775
-11769
-11402
-10173
-10292
-9498
-12322
-8000
-11159
-8538
-7700
-6716
-10031
-13560
-7017
-8925
-7863
-10102
-10259
-10118
-9489
-10232
-9650
-9860
-9964
-8856
-9867
-11970
-12441
-10617
-11270
-8518
-12992
-4320
-10511
-10253
-8942
-7529
-11787
-12119
-7961
-10484
-10929
-12117
-10759
-9954
-9404
-10061
-8111
-9576
-10168
-10440
-10554
-6808
-8944
-13059
-10068
-8551
-9248
-7922
-8082
-9946
-11438
-9495
-9663
-9936
-8711
-10987
-10746
-11318
-10643
-12798
-10042
-11878
-11080
-9491
-9005
-10137
-6526
-11220
-9263
-6919
-11677
-8993
-8666
-9499
-7209
-12608
-10775
-12897
-10374
-9508
-12732
-6886
-11875
-5205
-8559
-12056
-10948
-10153
-10614
-11405
-8250
-9766
-12026
-11904
-11075
-10027
-8269
-11054
-12251
-9792
-9053
-9608
-11793
-8882
-8631
-11197
-10221
-11049
-10696
-11305
-9548
-10671
-8142
-9664
-11494
-11653
-10282
-10040
-9407
-4229
