-9309
-8703
-6894
-6645
-7636
-4742
-4038
-12525
-3060
-5349
-7069
-7566
-8959
-6694
-5523
-4896
-7837
-6959
-6024
-8189
-5251
-9761
-7816
-8935
-4217
-6693
-7409
-5662
-7766
-9654
-8254
-4574
-6276
-6329
-8065
-12392
-6532
-7613
-8888
-8902
-8619
-8903
-8183
-9292
-9549
-7640
-591
-8994
-8924
-5165
-5639
-4690
-4601
-6452
-4576
-6586
-7134
-6989
-4367
-10673
-3515
-4815
-7141
-6288
-6358
-1893
-5523
-9051
-6665
-10817
-7043
-6592
-8559
-6435
-6273
-8723
-5046
-4726
-5421
-8881
-8998
-5536
-7216
-6666
-6553
-2911
-8855
-5162
-7484
-3231
-12896
-3169
-6483
-6160
-3854
-7837
-9645
-8289
-7791
-6503
-11144
-5939
-3793
-5713
-7085
-8699
-11185
-8817
-7096
-7374
-4182
-7370
-615
-6779
-6252
-5962
-4089
-6527
-9746
-6964
-3597
-12369
-6450
-3797
-8572
-5781
-6754
-7262
-5170
-10238
-4929
-4289
-6144
-9331
-8001
-9237
-5708
-6570
-5840
-5331
-7645
-3069
-8522
-3921
-6671
-6527
-7615
-6768
-6085
-9167
-7764
-1420
-6660
-8641
-6742
-8016
-8350
-7123
-7167
-4816
-8365
-7753
-8086
-11310
-8554
-6865
-7815
-6830
-7189
-6902
-4292
-10329
-4651
-4058
-8857
-3890
-4773
-4323
-7556
-5410
-8156
-10058
-9557
-13247
-6470
-5103
-7611
-4107
-10735
-11325
-7709
-5181
-8220
-7079
-6981
-4189
-5327
-5108
-6026
-8266
-5068
-2924
-6035
-9316
-5690
-6127
-8204
-7846
-12901
-7063
-5888
-5915
-7301
-3771
-7374
-6353
-9134
-9220
-8460
-7788
-4060
-7336
-6794
-9022
-9067
-7801
-6699
-3794
-8581
-5634
-5887
-6863
-6302
-5154
-8376
-3220
-4117
-2016
-2568
-6195
-8060
-8976
-8761
-7733
-10069
-7151
-7581
-6859
-1234
-11460
-5962
-7496
-3832
-9522
-11090
-6077
-8816
-3026
-4508
-6723
-6285
-12380
-6319
-11902
-9265
-9343
-5278
-6784
-3685
-5199
-7674
-8971
-10889
-3616
-9872
-4667
-4434
-10583
-7085
-6304
-9328
-8358
-2539
-7364
-7921
-6878
-10074
-6945
-5163
-3727
-8830
-6322
-6400
-5841
-7639
-9781
-7890
-8353
-6684
-11110
-12179
-10651
-9028
-5950
-6076
-5151
-3017
-7225
-4783
-7846
-7480
-7760
-4608
-6606
-7968
-2803
-7267
-9245
-6922
-6438
-9427
-5568
-9375
-8068
-8714
-7121
-11593
-9249
-3353
-10630
-2332
-7500
-6042
-5280
-10054
-4999
-7346
-2210
-6629
-7557
-8517
-6057
-4103
-9845
-5378
-3939
-10939
-6762
-5566
-5225
-9218
-7370
-8996
-4441
-6171
-6174
-7030
-4044
-4528
-8595
-11307
-9312
-8317
-10569
-8480
-7319
-7142
-8682
-2766
-4528
-4813
-8134
-8169
-9395
-6713
-9133
-5243
-6455
-6768
-10657
-7720
-4714
-10263
-8381
-4164
-2434
-5273
-6826
-12717
-6573
-8092
-8254
-9537
-8132
-1586
-6515
-7695
-5364
-5375
-6480
-4760
-14887
-8110
-10907
-9483
-7315
-6186
-7337
-10933
-11097
-3515
-4131
-4772
-9119
-4966
-7155
-10502
-9003
-10761
-5242
-9424
-6985
-5056
-4378
-8314
-5837
-8709
-7116
-5531
-13369
-7720
-7309
-9127
-5468
-6301
-8019
-7480
-8545
-5452
-9269
-5351
-7815
-7920
-7955
-3079
-5915
-6517
-7952
-10982
-11769
-3917
-4431
-6446
-6784
-8350
-4620
-5958
-5322
-7036
-3381
-6451
-7554
-8550
-9370
-10422
-8276
-7119
-5969
-5797
-8405
-3129
-7342
-8910
-6103
-10707
-10905
-3971
-2519
-6141
-4672
-9338
-5565
-6218
-6604
-5624
-10534
-6531
-8355
-10433
-919
-4512
-7750
-8601
-6682
-4340
-4945
-10134
-2349
-7871
-7647
-8018
-6837
-8757
-10481
-7697
-5652
-4297
-7648
-10449
-9944
-2352
-7864
-9291
-6334
-7287
-10718
-9771
-5799
-7197
-9595
-9762
-6894
-6137
-2409
-6823
-5311
-6709
-7042
-8264
-5942
-5087
-8216
-7977
-6017
-5139
-2928
-3707
-8585
-6153
-9320
-7375
-5310
-6537
-4007
-11367
-6000
-4751
-549
-9366
-9654
-10494
-5492
-9878
-8798
-5366
-11310
-7736
-7063
-4693
-6966
-6256
-6130
-7219
-8666
-8918
-5264
-9159
-9559
-7659
-7804
-6543
-3499
-3543
-9062
-6938
-6426
-2357
-13145
-4976
-8241
-6881
-6935
-9702
-3257
-5388
-4244
-8504
-6082
-4388
-9379
-8291
-3059
-11191
-4058
-6421
-8337
-12274
-4800
-3931
-11694
-7004
-6882
-8321
-3620
-5668
-7976
-612
-7518
-5682
-5868
-6099
-7746
-12465
-5320
-6361
-4968
-10477
-10324
-8928
-9640
-1567
-10055
-5030
-4404
-4210
-6848
-6688
-5719
-9183
-9370
-2150
-6561
-5129
-7205
-7620
-9386
-8457
-8879
-8236
-10967
-9491
-6574
-9266
-9067
-10327
-7806
-4946
-8437
-4833
-7615
-6223
-10515
-8553
-3343
-6048
-6091
-4685
-7568
-6049
-5713
-3537
-6640
-4587
-7157
-6602
-7329
-8983
-6654
-9343
-7142
-3489
-5742
-7859
-5905
-7191
-7456
-7709
-10224
-4555
-1378
-7091
-3588
-6146
-8628
-11939
-5579
-5099
-6438
-7886
-3902
-7714
-7727
-7633
-3085
-9548
-7847
-10714
-8721
-7142
-1448
-8380
-6118
-7490
-6762
-8991
-7014
-3441
-3353
-7190
-9156
-8656
-10479
-10551
-10543
-8361
-4146
-7681
-6142
-3577
-9740
-7651
-11415
-11986
-8013
-6054
-8625
-5089
-7777
-7036
-12337
-5585
-2297
-7517
-7002
-3872
-7191
-6372
-6922
-3886
-7356
-5750
-3889
-9397
-5849
-2909
-4159
-8490
-5742
-12080
-4089
-5600
-4210
-7445
-10440
-5947
-3749
-9385
-7457
-9081
-6577
-5647
-10335
-6753
-6446
-6637
-9846
-8689
-3824
-5258
-7823
-7597
-6413
-8227
-4074
-6468
-8119
-11495
-7223
-7937
-10539
-1595
-5052
-8984
-8099
-9631
-8483
-8222
-7390
-5684
-7828
-5904
-8096
-6500
-8070
-10548
-6871
-8399
-4907
-3111
-9516
-6178
-7359
-12479
-6794
-8021
-7818
-10436
-4965
-7324
-7488
-601
-9624
-4713
-9596
-12024
-8106
-6407
-3680
-8609
-5291
-7647
-6365
-6439
-8174
-8665
-8095
-4655
-9629
-7812
-4710
-6842
-7745
-745
-5947
-6839
-10419
-11617
-7666
-7739
-5328
-10933
-3048
-6421
-13434
-10629
-7102
-11107
-7899
-8525
-8736
-5965
-6698
-3776
-7896
-5117
-5933
-9223
-7614
-3043
-5705
-6898
-6693
-8467
-6543
-8628
-8249
-7872
-9192
-9966
-6592
-9272
-10643
-4148
-3384
-5538
-9104
-8716
-7276
-11523
-11159
-10452
-2251
-4885
-6152
-7458
-3741
-7081
-7297
-4421
-8321
-5889
-4006
-6296
-5290
-7788
-1694
-4287
-8599
-9029
-7166
-7437
-6216
-7916
-10247
-7915
-8958
-4533
-6415
-7693
-11158
-8642
-1955
-10638
-7338
-6836
-8917
-5313
-7777
-11180
-5390
-3365
-9649
-6813
-7929
-6738
-7506
-8874
-2283
-6367
-7685
-6477
-4832
-4656
-5674
-8756
-2090
-6670
-7696
-8096
-7390
-6885
-6216
-7106
-6817
-10290
-2181
-7972
-2179
-7080
-7426
-7375
-8347
-8272
-5395
-8347
-8096
-2637
-6484
-5779
-2643
-608
-5812
-6073
-4941
-7207
-6226
-6030
-7047
-3320
-10218
-5198
-8448
-9876
-8251
-9601
-4183
-9441
-6705
-3398
-5079
-2475
-10219
-9141
-5992
-7379
-8697
-6970
-9347
-5667
-9065
-5470
-8846
-8756
-6622
-8721
-8171
-9204
-6893
-7247
-7786
-9120
-7729
-9010
-8960
-5166
-10637
-7560
-7073
-11193
-1867
-2845
-8866
-5576
-7806
-5556
-6976
-1224
-4619
-9061
-10666
-7998
-4184
-6681
-13967
-11255
-6525
-10717
-4463
-5896
-5956
-9537
-9191
-6755
-4416
-7986
-2185
-7596
-9093
-10080
-2271
-8757
-6633
-6116
-7492
-4470
-5783
-7506
-9544
-4760
-6207
-3493
-8823
-7350
-6034
-8241
-5878
-6180
-5956
-7786
-10866
-7983
-9504
-7620
-4336
-9284
-8800
-7911
-8933
-7086
-10146
-7378
-10428
-2687
-9214
-5930
-10738
-2940
-3822
-7144
-6881
-6261
-6614
-10704
-5350
-4454
-7487
-6799
-9505
-5471
-4765
-7753
-5662
-5947
-3503
-7255
-7432
-5051
-2026
-5560
-9622
-5101
-9281
-6902
-3688
-9278
-6082
-7280
-8741
-4098
-6797
-6298
-3947
-1543
-5292
-8091
-7078
-5715
-3651
-8983
-6994
-5736
-5057
-6722
-5587
-2281
-8631
-5174
-1573
-5061
-6838
-3108
-5013
-10601
-8927
-4793
-3806
-4247
-3148
-3186
-10155
-8162
-8574
-9055
-7429
-7701
-8250
-6598
-9591
-5348
-7756
-7723
-7160
-3221
-6295
-3833
-2604
-2352
-14596
-4019
-3221
-5534
-8686
-3905
-7121
-5425
-9637
-6694
-10658
-6942
-9075
-5931
-6907
-6657
-8770
-2665
-7956
-3926
-6359
-9402
-6107
-6795
-5968
-5534
-8100
-5196
-9301
-7528
-10677
-11428
-7398
-8762
-2381
-7838
-7047
-5846
-7780
-7051
-6988
-5516
-11032
-2256
-4967
-6256
-9368
-7690
-6978
-8297
-6227
-4786
-6430
-4138
-5692
-7370
-9719
-8246
-11353
-7792
-5793
-7532
-5463
-3754
-2418
-16066
-7042
-6109
-6509
-2121
-1776
-8276
-10039
-1897
-9061
-6401
-3185
-7159
-9123
-8352
-3119
-4195
-6350
-4006
-11010
-9368
-7532
-8197
-2328
-8987
-5288
-7408
-9281
-7733
-8467
-6622
-3702
-12020
-8672
-5801
-4383
-8549
-5997
-6683
-3205
-2043
-9298
-5211
-5328
-5883
-12216
-2009
-20888
-8837
-3031
-1063
-9560
-7755
-8954
-8718
-10324
-3352
-8665
-3707
-7487
-6512
-5663
-9083
-6702
-6716
-6885
-6982
-7926
-11143
-4712
-6090
-5509
-10279
-607
-5529
-4742
-8695
-5217
-8333
-5787
-1157
-6932
-9257
-3809
-7610
-5399
-9353
-4217
-6561
-5946
-6511
-6626
-4025
-7158
-4642
-6737
-4389
-5501
-7118
-6748
-7218
-6146
-4298
-7700
-2072
-9558
-7666
-7018
-9558
-2456
-5943
-7233
-7674
-8531
-3662
-8111
-4365
-9520
-5820
-5142
-7239
-7960
-6286
-4221
-5583
-11501
-6187
-5115
-8696
-8056
-7911
-12363
-9249
-7208
-6026
-9479
-8427
-8400
-8281
-11096
-5446
-4135
-5214
-9449
-8597
-8158
-6813
-8154
-10108
-10819
-9505
-8510
-6692
-7352
-5836
-3994
-6482
-11111
-6303
-11203
-6995
-12602
-10623
-7250
-6670
-10120
-9253
-7139
-4052
-10325
-5021
-5293
-9188
-5039
-5569
-2263
-7728
-7371
-7621
-7581
-4197
-11345
-6563
-5599
-3214
-7917
-4516
-3711
-7810
-8848
-9913
-8245
-14984
-11187
-4235
-2591
-8817
-4096
-1679
-8217
-6059
-7112
-5285
-6420
-5719
-6153
-5872
-7882
-6453
-7718
-6799
-8827
-6313
-8567
-10800
-4157
-7201
-4935
-9681
-3023
-4146
-5513
-7420
-6171
-5181
-6788
-4266
-7330
-2531
-8841
-7547
-6601
-8899
-9272
-8611
-6675
-11171
-8404
-10525
-9388
-5501
-7041
-2068
-1224
-6572
-3374
-8459
-9160
-4632
-8353
-5969
-6052
-9196
-9532
-13664
-6405
-8717
-12785
-3707
-10415
-6594
-8466
-5715
-6953
-11144
-8206
-3404
-7496
-10579
-8425
-1583
-7335
-7728
-10210
-6809
-11926
-3493
-8695
-5983
-4376
-2278
-6356
-8547
-4948
-7675
-7766
-8391
-10796
-5387
-5671
-8319
-6959
-2257
-3296
-7225
-3974
-7586
-6314
-9298
-12445
-7560
-8658
-8860
-3931
-4454
-12451
-8038
-8634
-5615
-6045
-8899
-9675
-9103
-9074
-7527
-8304
-3395
-9109
-6150
-10682
-4683
-3044
-4916
-7412
-6417
-8099
-7340
-4299
-9419
-5079
-5301
-6689
-5652
-8862
-4572
-11698
-6690
-5235
-2418
-6485
-5513
-14850
-5087
-5817
-6164
-5970
-4097
-8038
-9001
-7055
-7290
-6499
-9236
-9344
-6807
-2816
-14229
-12904
-11225
-3479
-8120
-7572
-5841
-3133
-5549
-7469
-8413
-2633
-5025
-8143
-8636
-12382
-8672
-7372
-432
-7257
-4333
-7787
-4599
-6434
-6823
-6125
-5280
-9286
-6094
-6318
-5670
-2707
-10716
-9984
-4036
-6702
-8611
-10912
-5514
-5632
-7984
-599
-8480
-9392
-7755
-9308
-6185
-6327
-9845
-5558
-7323
-7007
-6240
-7809
-9519
-6543
-11243
-4943
-8130
-8644
-10269
-9469
-5066
-7916
-8962
-3477
-8895
-6374
-10433
-11789
-7670
-7405
-2281
-7544
-6292
-9104
-3617
-7088
-4453
-9318
-5954
-8172
-8204
-10992
-5744
-3483
-8075
-7408
-8671
-818
-5735
-5897
-5352
-3558
-6960
-8943
-4956
-6154
-6774
-9427
-5256
-7350
-7491
-9000
-6573
-6549
-1680
-7666
-6107
-7637
-6747
-13589
-6347
-13673
-7840
-3193
-8755
-9846
-4552
-7836
-12972
-9936
-9185
-7882
-8027
-8368
-6290
-5341
-5554
-9329
-10626
-10871
-5598
-8445
-6168
-8349
-7636
-1596
-9460
-7253
-5670
-10233
-6603
-7506
-6021
-8971
-12377
-7227
-9548
-2100
-4753
-6089
-5308
-9116
-8061
-8134
-9099
-9330
-9106
-4072
-3915
-3736
-4836
-1997
-7962
-3761
-6404
-2361
-4640
-4574
-6515
-7711
-9316
-11961
-8919
-4417
-10371
-5252
-8373
-6441
-8809
-7952
-952
-7764
-7308
-7690
-7055
-1398
-6461
-6231
-3282
-7447
-9310
-6222
-6864
-5170
-5862
-2506
-8447
-7959
-10494
-1447
-4159
-3191
-2935
-7033
-7331
-7480
-8252
-2307
-6099
-4791
-9181
-7879
-5837
-10932
-5620
-7362
-6272
-3943
-8735
-4252
-7019
-2650
-6032
-3560
-8427
-4639
-8609
-7240
-3367
-3811
-11460
-5339
-6291
-2761
-7399
-7212
-7613
-7667
-8234
-4145
-7113
-8269
-11331
-1595
-8280
-6043
-6862
-4836
-2473
-12747
-3120
-9571
-10237
-9483
-4788
-4249
-6437
-5080
-5447
-7485
-9283
-7828
-7282
-7308
-9818
-5934
-3757
-2792
-4744
-7112
-9268
-3817
-6894
-6672
-6057
-7355
-7210
-7385
-8010
-9047
-6494
-5890
-8329
-8661
-8910
-3714
-7450
-12711
-7386
-7124
-7585
-5464
-6902
-8068
-7601
-5815
-9886
-4231
-7792
-8496
-10157
-7940
-10563
-5887
-7080
-6709
-5697
-6387
-6714
-5183
-8012
-7053
-6755
-8014
-11076
-5107
-4805
-6231
-6371
-4280
-6227
-4604
-6032
-9368
-10708
-9580
-10983
-6685
-5278
-10573
-8952
-11930
-7539
-7220
-3141
-4770
-4526
-8044
-7126
-5986
-6593
-8107
-6639
-9094
-8141
-4328
-8495
-4975
-7654
-6756
-11161
-5589
-8830
-11463
-5731
-9618
-8066
-8566
-5830
-7306
-4969
-5538
-5675
-5413
-7973
-6392
-7772
-9713
-5084
-12804
-9835
-6454
-6273
-5358
-5894
-5111
-9662
-6079
-6133
-4992
-4889
-3861
-1323
-6955
-2048
-10079
-6949
-7283
-4033
-11384
-7380
-7215
-9363
-8491
-9323
-5674
-7850
-7389
-8532
-8736
-8224
-3798
-6428
-9080
-7731
-8701
-5986
-11047
-8324
-6577
-6757
-5596
-6371
-4919
-5765
-6546
-6489
-6324
-3376
-6531
-6168
-6287
-4822
-6308
-11806
-5229
-8310
-7126
-6637
-9930
-7564
-4571
-6825
-8752
-9855
-8716
-6573
-5148
-9171
-4245
-4111
-8059
-7394
-5142
-7572
-3997
-8866
-7963
-7426
-7268
-8192
-4180
-8039
-7048
-9121
-9029
-9518
-8576
-5766
-2764
-7963
-7919
-8936
-4070
-8720
-12509
-4214
-9417
-8017
-6454
-5729
-7507
-6509
-6929
-4539
-10008
-613
-7183
-6883
-9296
-7381
-8865
-4315
-9230
-5386
-6550
-2196
-6973
-6587
-4821
-4752
-7625
-4384
-5205
-7515
-8170
-8062
-9617
-8899
-7141
-5745
-5305
-8378
-6129
-4549
-5364
-4578
-4793
-7223
-7277
-7956
-4144
-6770
-6708
-9092
-10084
-5058
-5320
-4190
-5724
-6526
-6490
-6085
-6139
-7959
-10735
-9465
-8992
-5018
-9349
-4881
-4200
-4517
-5082
-8383
-4169
-5862
-3990
-7804
-5952
-5327
-8509
-5028
-6068
-7586
-7252
-4964
-3113
-10475
-8146
-3464
-6414
-7996
-1848
-7974
-7889
-3822
-6991
-6839
-8534
-4771
-7094
-7982
-12310
-6536
-6345
-9570
-8764
-6961
-10219
-3752
-1445
-7237
-6443
-7076
-6415
-5311
-7171
-6972
-3595
-8620
-8486
-8312
-7003
-6617
-9643
-5904
-10312
-9637
-6361
-8754
-7423
-10513
-6363
-5425
-8090
-6347
-10850
-6891
-5537
-4383
-6613
-9758
-6708
-6819
-10392
-8583
-5241
-7165
-5085
-4178
-7235
-5600
-2495
-5991
-7096
-5341
-4340
-9203
-9215
-6652
-7269
-9319
-5424
-4636
-9027
-836
-10423
-10314
-7002
-2651
-10142
-7518
-6129
-8317
-9594
-7556
-2977
-8335
-8058
-7987
-8716
-8568
-5178
-5691
-8543
-1671
-5662
-7735
-5712
-7886
-9712
-7898
-4345
-6819
-8923
-9447
-7934
-3547
-9202
-6105
-9417
-2719
-3118
-7286
-7828
-6441
-2839
-10302
-12649
-8122
-3261
-3893
-7017
-3132
-6113
-9586
-6169
-6948
-10417
-6236
-9609
-2275
-10072
-10968
-11848
-6077
-6124
-7923
-6547
-2563
-11835
-7953
-5248
-6660
-4890
-4341
-6662
-11734
-5344
-5746
-9555
-4422
-5614
-8062
-7561
-6080
-10360
-6995
-5502
-5625
-6782
-3892
-7145
-9690
-5387
-5930
-8017
-8848
-9005
-10623
-5222
-9308
-10508
-8994
-3770
-6374
-7397
-8209
-8557
-9058
-11717
-3292
-9870
-9477
-6518
-8812
-6571
-6699
-6617
-9365
-5285
-8098
-3194
-8648
-7234
-9562
-5408
-5745
-7758
-6937
-4926
-7008
-5871
-8592
-7909
-9409
-8291
-8035
-6813
-3836
-4818
-1540
-10332
-9357
-9035
-9146
-5015
-1282
-8157
-7213
-8819
-6203
-5737
-6532
-9354
-11015
-6972
-9686
-6387
-7828
-11312
-8133
-4974
-7040
-7331
-7415
-9155
-5493
-9615
-5013
-7173
-7495
-9072
-6693
-5845
-5038
-7794
-3387
-5698
-3076
-5795
-2395
-7592
-8542
-5238
-7508
-3137
-8623
-10215
-8830
-10529
-7744
-9329
-3658
-5940
-6123
-9371
-8152
-8460
-6882
-9412
-9062
-5331
-6373
-7825
-2953
-10124
-9213
-6088
-6240
-4489
-8739
-5153
-10594
-8007
-7535
-5788
-8030
-8820
-4391
-3287
-4946
-8048
-11663
-11051
-4457
-4694
-14119
-6321
-9511
-11706
-8206
-5961
-5555
-2798
-9093
-8151
-8573
-5350
-5868
-8303
-8239
-6000
-5568
-5182
-5048
-12272
-8445
-11180
-6778
-9620
-7373
-7012
-6647
-6148
-3457
-7440
-2741
-5546
-6685
-1143
-8095
-9748
-8284
-7145
-6275
-9739
-8119
-7598
-5511
-6290
-6744
-7714
-4215
-9696
-8093
-9419
-7949
-9397
-11934
-5817
-3863
-8062
-6010
-9060
-8172
-6240
-7751
-7186
-5497
-8410
-4216
-6877
-7837
-8362
-4091
-4223
-8747
-8425
-8546
-7162
-5097
-4909
-8818
-8402
-8426
-6238
-9330
-8407
-3168
-6045
-4313
-4763
-8502
-8555
-7292
-6696
-4391
-8743
-6757
-10662
-14591
-7772
-5287
-9422
-7583
-3377
-8852
-9200
-7359
-8780
-7228
-8383
-980
-9977
-6254
-6701
-8376
-8663
-7377
-10031
-8153
-7798
-8610
-5202
-9445
-6454
-6115
-8462
-2429
-7120
-8091
-11632
-5606
-8563
-13655
-8634
-9268
-9376
-4770
-8848
-8098
-5859
-8805
-6290
-9435
-3219
-6964
-7077
-10178
-4899
-10405
-10163
-7325
-6301
-5306
-7722
-6660
-7809
-7619
-7536
-2156
-7595
-6030
-5000
-7218
-7838
-11871
-4316
-9400
-8324
-10035
-7614
-8678
-6473
-7411
-8092
-9602
-6392
-10013
-9306
-7900
-7913
-6354
-3329
-9877
-7508
-8714
-5984
-4039
-11477
-7480
-6917
-8669
-8538
-9894
-7377
-6142
-6530
-8177
-7663
-5748
-8447
-7367
-9368
-6832
-10178
-4182
-8797
-10859
-3631
-13016
-6407
-5529
-8649
-10617
-5471
-6784
-9189
-9667
-3419
-8243
-9519
-7954
-5929
-7191
-7146
-9524
-4225
-5383
-8197
-10309
-5347
-7803
-9218
-4605
-8150
-3658
-3721
-7456
-9909
-7655
-4555
-6639
-12800
-8426
-3849
-7343
-10299
-3489
-7974
-9433
-5086
-7123
-9130
-9069
-8856
-4501
-6678
-6602
-6920
-6381
-6912
-7899
-8539
-10396
-9742
-4530
-2550
-6089
-4624
-6564
-8908
-1720
-8951
-5186
-5308
-11827
-1450
-3428
-6883
-6174
-9603
-8359
-8253
-4217
-7863
-8085
-4983
-4106
-6789
-4173
-6212
-13597
-6953
-3892
-9861
-5630
-8819
-3185
-5827
-8409
-7862
-14085
-7060
-6990
-5252
-10054
-5963
-10163
-7224
-6390
-11374
-10340
-6990
-6251
-8661
-7753
-9162
-9283
-15151
-8503
-5429
-4537
-5185
-12216
-3142
-7213
-5895
-3162
-3959
-7030
-6019
-5185
-4019
-8387
-8785
-6033
-9930
-6530
-9237
-8354
-5291
-11788
-3554
-11002
-8236
-6538
-6106
-4349
-8974
-6437
-7228
-6551
-6167
-7601
-12811
-8385
-4798
-4956
-6950
-4738
-6665
-7849
-5623
-5291
-9692
-849
-5646
-6835
-8668
-7972
-10216
-6073
-8983
-8386
-5399
-8751
-9732
-10610
-9980
-6002
-5088
-6426
-5929
-7566
-3730
-9984
-4033
-6024
-8637
-3309
-8442
-5384
-5799
-3638
-1471
-7692
-7079
-9406
-7158
-7677
-10652
-6257
-8081
-5401
-7299
-6894
-5907
-2294
-7303
-8583
-9652
-8523
-7035
-6376
-6069
-7290
-6957
-5770
-9678
-13215
-10776
-8500
-6501
-8049
-8460
-12530
-8617
-9694
-4767
-4512
-13845
-3400
-4750
-5685
-8590
-7922
-10098
-4343
-10450
-4549
-7321
-3312
-6546
-8068
-2410
-1452
-7214
-7773
-3828
-10588
-4534
-7145
-2734
-9148
-6294
-6973
-5967
-4489
-8043
-4698
-10357
-7791
-4524
-7670
-4954
-7604
-5179
-11196
-6988
-11669
-7043
-3654
-3679
-13375
-6152
-8440
-8962
-4949
-6667
-5424
-5939
-1259
-7265
-9389
-8950
-5375
-5468
-3765
-7935
-9547
-7854
-11896
-6846
-5904
-12143
-9612
-9545
-4370
-7388
-8139
-3700
-6496
-7790
-9406
-7527
-7351
-3503
-6557
-7838
-8195
-3723
-11107
-4139
-7547
-8605
-7937
-8175
-7839
-9353
-8778
-6988
-7152
-6091
-10253
-4322
-8408
-4922
-4003
-3045
-6794
-12416
-3325
-5378
-4175
-6891
-7107
-6913
-6079
-7069
-6288
-6564
-6704
-5296
-6574
-9675
-10452
-7611
-8577
-4899
-11399
-1259
-7460
-7098
-5399
-3827
-9382
-9918
-4279
-7422
-8065
-9915
-7816
-6690
-5972
-6835
-4442
-6192
-6981
-7360
-7522
-3129
-5401
-11516
-6844
-4937
-5775
-4237
-4411
-6679
-8834
-6088
-6304
-6666
-5123
-8152
-7797
-8650
-7649
-11059
-6809
-9527
-8289
-6083
-5475
-6938
-2875
-8500
-5794
-3232
-9207
-5461
-5071
-6093
-3509
-10734
-7840
-11232
-7267
-6104
-10947
-3202
-9523
-1829
-4946
-9815
-8093
-6960
-7608
-8784
-4595
-6440
-9766
-9569
-8282
-6789
-4617
-8251
-10134
-6474
-5533
-6233
-9391
-5327
-5030
-8466
-7054
-8243
-7725
-8631
-6156
-7689
-4476
-6306
-8921
-9169
-7139
-6806
-5976
-1207
