-17 -12 4 2 8 -22 -3 30 15 17 -11 10 12 -8 -20 -2 -4 -10 2 -10 30 -13 15 -3 -12 -2 -40 -4 -58 13 8 -8 -3 11 6 -4 18 7 -4 -20 6 -21 -1 10 -29 -8 -14 -19 -20 -1 15 21 -3 21 -4 18 -22 -15 2 0 -3 -17 18 -7
-14 -31 15 1 3 -4 -6 17 15 17 -9 6 15 -10 -7 16 10 -5 -9 -15 8 -2 16 -8 -16 -8 -39 -10 -36 -1 17 -8 0 -12 20 -13 24 24 -7 -2 4 -28 -11 24 -33 6 -5 -8 -19 14 26 16 2 15 -4 3 -19 -11 18 -12 -2 -12 47 4
-15 -31 10 2 6 -11 -11 16 25 22 0 4 15 -13 -20 4 10 0 -4 -19 13 -3 14 -10 -20 -4 -40 -9 -33 3 15 0 -8 -8 8 -15 17 31 -9 5 -1 -23 -17 20 -30 -2 -11 -11 -21 3 26 13 5 9 -2 -2 -15 -19 19 -10 -3 -18 40 9
-15 -29 12 -6 4 -11 -7 10 21 19 -6 -1 10 -11 -27 6 9 -2 1 -17 15 -3 7 -11 -23 -1 -34 -17 -41 12 11 -2 -7 -8 10 -12 27 33 -10 3 4 -20 -15 21 -30 -6 -8 -7 -12 9 25 9 2 7 6 4 -11 -18 8 -15 -3 -18 39 12
-6 -42 13 -4 7 -12 -6 13 18 13 2 -2 12 -2 -20 4 6 -7 0 -14 4 7 18 -6 -17 -7 -37 -7 -41 0 19 -6 -9 -8 11 -18 22 39 -14 0 1 -24 -9 29 -35 -13 -13 -15 -21 11 21 12 0 10 1 4 -9 -20 6 -8 2 -19 38 9
-19 -43 14 -6 8 -11 -10 10 13 20 -7 3 5 -9 -19 7 8 -11 -5 -13 8 0 13 -4 -17 -5 -28 -16 -35 7 22 -12 -4 -4 14 -19 20 34 -7 -2 0 -24 -13 30 -26 0 -10 -13 -20 13 20 15 5 5 -4 13 -6 -18 10 -9 -1 -22 37 1
-16 -38 20 -15 10 -15 -5 10 21 17 0 -3 2 -10 -24 0 5 -3 -7 -13 15 -2 11 -5 -18 -4 -25 -20 -32 12 22 -10 -5 -10 10 -16 20 39 -10 -3 3 -27 -2 31 -31 -1 -10 -12 -28 5 21 15 -7 10 -2 6 -6 -23 14 -12 3 -24 32 3
-15 -40 9 -6 7 -8 -10 19 20 17 -6 -6 6 -5 -23 4 6 -9 -2 -14 7 2 11 -9 -18 -7 -35 -11 -37 6 21 -12 -2 -1 8 -15 23 29 -8 4 -5 -24 -15 30 -33 -1 -14 -12 -19 13 26 15 -7 6 -3 13 -6 -18 6 -9 3 -20 45 2
-11 -35 16 -7 7 -13 -10 18 23 15 -4 -6 8 -6 -25 6 10 -6 -5 -16 16 -7 16 -10 -18 -7 -33 -19 -29 12 16 -8 -3 -9 13 -18 16 34 -10 -2 2 -20 -17 30 -33 -4 -17 -15 -18 9 26 13 1 10 -1 2 -11 -17 17 -8 1 -20 45 9
-11 -38 25 2 -5 9 -10 13 18 6 0 13 -4 -1 -19 20 -4 0 -19 -15 22 8 3 -3 -17 -5 -20 -19 9 19 6 1 -9 -18 19 -28 2 44 -19 -1 -4 -28 -9 23 -39 -12 -13 -3 -23 3 28 5 -1 9 1 15 -15 -28 23 -13 -5 -8 33 6
-18 -29 15 -3 1 -16 -7 12 23 16 -2 -4 10 -4 -18 7 11 -1 -4 -19 17 0 16 -13 -16 -16 -36 -18 -36 10 13 -3 -6 -5 16 -18 20 30 -9 -3 3 -16 -10 19 -22 -2 -14 -12 -17 2 28 15 -2 8 0 4 -15 -22 15 -11 -1 -21 38 7
-11 -55 16 -5 4 -11 -20 14 18 11 -3 -4 13 -13 -23 9 8 -3 0 -17 11 -5 19 -10 -21 -11 -32 -17 -32 6 24 -14 -8 -1 4 -25 27 38 -7 4 4 -25 -15 18 -29 -12 -18 -11 -19 13 25 11 -2 4 3 2 2 -23 9 -12 6 -18 40 8
-14 -41 20 -1 10 -10 -10 11 13 12 -3 0 14 -13 -24 4 10 -2 0 -14 22 -5 14 -15 -15 -5 -29 -16 -33 8 7 -9 1 -2 8 -18 18 31 -16 3 6 -20 -8 18 -34 -8 -21 -9 -27 9 17 9 5 7 -1 0 -8 -24 9 -10 -3 -24 40 11
-15 -44 11 -3 3 -11 -10 13 15 12 1 -7 10 -14 -25 9 -4 -1 -2 -14 8 -1 18 -12 -8 -9 -31 -15 -30 7 22 -12 -2 -4 10 -17 12 38 -9 8 -3 -24 -3 30 -30 -4 -17 -18 -23 10 18 10 -1 13 0 3 -9 -26 12 -2 -5 -19 38 12
-8 -45 26 -5 2 8 -20 8 10 -1 8 0 4 -18 -15 17 7 -7 -11 -11 21 0 4 -14 -11 -7 -16 -23 -4 8 18 -8 -12 -4 12 -33 3 40 -9 -4 3 -32 -11 21 -47 -4 -22 -17 -26 -1 13 13 4 11 2 7 -15 -26 10 -6 4 -17 23 13
-11 -48 18 -6 5 -10 -13 8 18 12 -1 2 4 -14 -17 18 6 -3 0 -13 19 -7 10 -17 -17 -7 -26 -18 -21 13 23 -8 -13 -6 17 -19 10 34 -15 -3 9 -21 -9 8 -33 -9 -18 -15 -26 4 15 11 2 7 4 2 -9 -23 10 -13 7 -21 35 14
-14 -45 16 6 5 -1 -10 8 20 10 -5 -2 12 -14 -17 15 -1 -17 -2 -11 8 -1 18 -18 -15 -14 -29 -10 -28 12 20 -8 -6 -7 22 -22 20 31 -13 3 -2 -27 -5 19 -38 -5 -9 -17 -22 10 19 12 -2 9 -5 4 -6 -19 13 -6 4 -18 36 9
-10 -41 18 -2 0 -12 -9 9 11 12 -6 -4 10 -17 -20 3 8 -2 -2 -12 26 -7 12 -21 -24 0 -21 -16 -27 12 19 -8 2 -2 13 -21 12 29 -18 -4 4 -20 -10 19 -30 -10 -21 -12 -17 4 18 13 -2 7 2 8 -13 -23 12 -12 7 -20 27 15
-11 -42 19 -5 3 -6 -11 13 12 14 -2 -4 11 -15 -22 10 2 -4 -2 -10 11 -8 9 -9 -15 -5 -30 -8 -33 13 24 -7 1 -8 9 -17 20 32 -14 3 6 -27 -3 21 -30 -5 -15 -15 -21 8 22 15 4 7 2 2 0 -21 20 -10 4 -21 33 11
-21 -46 24 -10 10 -11 -2 14 11 16 1 -7 13 -10 -25 5 2 -5 -1 -11 11 2 17 -12 -17 -4 -27 -10 -35 10 16 -6 5 -2 12 -15 11 29 -10 2 -5 -21 -8 22 -35 -3 -13 -11 -24 14 22 12 1 8 -4 5 -1 -23 11 -5 0 -26 41 5
-14 -42 17 0 10 -14 -10 8 19 12 -2 -9 15 -15 -16 8 5 -10 -2 -13 12 -12 19 -9 -26 -8 -29 -15 -35 14 23 -16 0 0 9 -21 16 37 -10 -3 7 -29 -5 21 -32 -3 -14 -2 -23 11 25 15 -3 5 -2 10 -5 -20 16 -8 5 -25 36 6
-7 -40 23 -3 -7 3 -14 21 16 5 2 2 5 -12 -9 11 6 6 -7 -17 18 2 10 -14 -15 -7 -19 -21 -7 1 8 -3 -17 -8 -5 -31 -5 37 -12 -2 5 -27 -12 15 -41 -15 -19 -4 -18 3 18 15 -6 2 -4 21 -4 -22 12 -8 1 -17 24 12
-9 -22 8 1 11 -16 -6 21 19 14 -11 0 11 -5 -10 -5 3 -2 11 -10 23 -11 12 -7 -21 1 -45 -7 -63 6 11 -19 -8 7 -4 -7 15 6 -6 -11 7 -13 1 16 -23 -9 -12 -6 -25 -5 12 9 -3 15 -10 7 -9 -16 11 -2 0 -19 24 11
-15 -25 9 -5 -1 -16 0 19 18 10 -2 6 -2 -18 -13 19 0 -7 4 -22 17 -2 10 -16 -7 -2 -34 -21 -29 11 12 1 -13 -9 9 -18 21 24 -13 -4 9 -30 -5 16 -36 -2 2 -10 -18 1 19 8 4 14 -6 11 -20 -23 14 -11 -5 -18 32 7
-15 -24 22 -12 0 -8 -11 16 23 15 10 -7 -6 -15 -6 13 0 -5 -6 -25 13 1 3 -5 -7 -3 -33 -14 -10 8 21 7 -14 -10 8 -28 12 36 -1 -4 2 -24 -15 16 -31 5 0 -22 -18 -2 22 7 5 10 -7 15 -20 -24 14 1 -13 -17 24 0
-7 -31 14 -7 7 -15 -11 13 21 20 -1 0 9 -17 -17 7 8 -1 -1 -16 17 -8 4 -17 -14 -4 -30 -18 -29 11 17 -2 -6 -6 5 -20 16 34 -6 -11 4 -27 -13 18 -37 -4 -1 -10 -13 6 16 10 3 11 -1 11 -16 -22 10 -10 -6 -22 31 9
-8 -42 18 -2 7 -15 -3 15 16 22 -5 -5 8 2 -16 8 3 -4 3 -9 9 2 10 -9 -7 -3 -28 -11 -40 -5 11 -13 -4 -2 0 -15 23 30 -17 -9 4 -28 -7 25 -31 -13 -10 -12 -20 10 25 7 2 4 -10 6 -10 -23 8 -7 1 -24 31 8
-11 -42 12 -9 13 -5 -12 7 14 22 -5 -4 5 -3 -24 11 4 -5 2 -12 10 -6 12 -4 -15 -4 -32 -11 -44 4 23 -10 1 2 0 -15 19 29 -8 -12 7 -23 -7 29 -31 -13 -13 -13 -17 14 27 12 2 1 -9 14 -6 -16 14 -3 -5 -28 40 9
-13 -42 15 -13 8 -18 -13 12 8 16 -2 -4 5 -8 -24 10 8 -2 -5 -6 14 -9 13 -1 -12 0 -26 -12 -42 8 18 -12 -4 -8 5 -13 13 32 -10 -8 2 -33 -7 25 -36 -9 -2 -14 -16 10 24 16 -7 13 -11 12 -9 -20 16 -7 -4 -28 30 8
-16 -52 13 -9 12 -9 -16 17 19 15 -7 -3 7 -11 -20 8 1 -3 -7 -11 10 4 16 -10 -15 -4 -28 -17 -30 9 21 -6 -2 -4 7 -25 16 27 -10 -6 1 -30 -14 31 -32 -5 -4 -10 -24 11 34 12 -4 7 -8 10 -8 -20 15 -3 1 -19 38 5
-11 -35 13 -5 0 -15 -11 14 15 17 -6 -4 8 -5 -16 9 12 -5 -2 -20 22 -9 17 -7 -9 -2 -32 -17 -34 13 12 -7 2 -3 9 -23 18 29 -9 -6 3 -24 -14 22 -29 -5 -4 -14 -13 9 20 13 5 5 -3 10 -19 -17 9 -9 -3 -21 32 6
-8 -35 15 -3 4 -25 -11 15 17 12 -2 -7 3 -7 -19 8 9 0 -5 -18 23 -3 16 -13 -9 -10 -35 -14 -38 12 18 0 -1 -7 9 -18 14 28 -11 -4 1 -17 -8 29 -24 -6 -3 -10 -12 5 16 10 -1 6 -3 14 -15 -20 18 -6 -3 -21 32 3
-11 -39 8 -7 4 -19 -19 14 14 16 -3 -3 11 -8 -20 12 2 3 1 -19 15 -5 18 -10 -16 0 -33 -12 -27 12 16 -10 -5 -3 2 -18 23 34 -9 -2 5 -22 -13 21 -28 -8 -11 -6 -13 10 24 16 0 6 -8 13 -8 -25 9 -9 1 -30 34 3
-10 -42 6 -11 7 -7 -8 12 16 10 0 -2 8 -5 -24 13 3 -5 -1 -10 24 -2 18 -13 -9 -6 -33 -18 -41 9 15 -9 -7 6 4 -13 18 31 -10 -6 6 -28 -8 24 -34 -9 -13 -12 -15 9 20 13 -1 5 0 11 -13 -22 11 -5 1 -25 37 9
-12 -43 13 -1 6 -12 -8 8 12 16 -7 -1 10 -6 -14 9 -5 -8 7 -12 13 -3 12 -14 -15 -10 -31 -8 -27 6 14 -15 -5 -5 6 -21 23 27 -11 1 2 -28 -6 18 -35 -9 -12 -15 -12 11 20 7 -4 3 -3 6 -7 -18 15 -11 8 -23 32 6
-11 -29 9 -8 1 -16 -11 10 11 19 -5 0 8 -6 -16 10 3 -6 5 -16 23 -13 15 -15 -13 -3 -28 -12 -36 4 17 -10 -5 2 -3 -18 15 25 -12 -3 7 -18 -12 20 -29 -6 -16 -8 -13 5 18 7 -3 0 -2 8 -10 -22 10 -7 7 -26 28 4
-9 -42 14 -9 5 -13 -14 10 17 14 -1 -6 2 -9 -19 10 4 -4 3 -12 16 -3 10 -13 -15 -9 -28 -13 -33 4 18 -9 -1 -9 5 -20 11 31 -12 -5 1 -21 -7 17 -29 -12 -12 -17 -15 7 23 10 0 3 -2 12 -10 -19 22 -3 5 -24 31 10
-14 -48 16 -5 5 -12 -11 15 13 17 0 2 10 -6 -21 3 2 0 -2 -6 13 -3 15 -14 -12 -5 -29 -12 -30 2 19 -16 0 0 4 -20 13 28 -9 -4 -2 -28 -7 27 -32 -10 -11 -16 -20 12 25 16 -1 0 -9 9 -6 -26 14 -3 5 -34 38 9
-14 -38 9 -9 11 -10 -10 10 18 24 -5 -3 9 -10 -18 13 8 0 -1 -15 15 -9 14 -11 -13 0 -29 -15 -37 4 20 -10 0 8 2 -15 11 27 -13 -2 5 -26 -12 19 -33 -7 -11 -4 -13 7 24 12 2 0 -6 12 -7 -21 11 -3 4 -30 36 5
-8 -31 27 -11 -5 -10 -11 16 18 7 3 4 4 -11 -8 19 4 2 -8 -20 16 -6 12 -15 -15 -9 -26 -27 -12 7 14 0 -18 -4 -4 -22 -2 24 -14 1 11 -28 -6 19 -41 -12 -11 2 -15 10 15 16 -2 8 -6 13 -7 -22 14 -9 1 -18 28 10
-5 -20 8 1 10 -21 -7 20 19 14 -7 -6 11 -9 -13 -3 0 -1 9 -8 23 -11 15 -9 -15 2 -41 -5 -66 6 12 -17 -6 6 -4 -9 15 10 -2 -11 9 -13 6 14 -18 -10 -14 -5 -26 -4 8 9 -5 15 -11 5 -7 -16 10 -2 -4 -20 23 13
-12 -29 15 -1 -4 -7 -9 36 18 5 -7 -2 -10 -1 -15 11 12 -15 2 -22 23 -4 26 -4 -1 -7 -34 -11 -23 -1 6 9 -17 -13 -2 -25 11 18 -15 10 11 -26 -9 17 -42 -11 -12 -12 -29 3 2 6 0 16 -10 8 -6 -16 9 -5 1 -7 44 1
-12 -29 15 -1 -4 -7 -9 36 18 5 -7 -2 -10 -1 -15 11 12 -15 2 -22 23 -4 26 -4 -1 -7 -34 -11 -23 -1 6 9 -17 -13 -2 -25 11 18 -15 10 11 -26 -9 17 -42 -11 -12 -12 -29 3 2 6 0 16 -10 8 -6 -16 9 -5 1 -7 44 1
-12 -29 15 -1 -4 -7 -9 36 18 5 -7 -2 -10 -1 -15 11 12 -15 2 -22 23 -4 26 -4 -1 -7 -34 -11 -23 -1 6 9 -17 -13 -2 -25 11 18 -15 10 11 -26 -9 17 -42 -11 -12 -12 -29 3 2 6 0 16 -10 8 -6 -16 9 -5 1 -7 44 1
-12 -29 15 -1 -4 -7 -9 36 18 5 -7 -2 -10 -1 -15 11 12 -15 2 -22 23 -4 26 -4 -1 -7 -34 -11 -23 -1 6 9 -17 -13 -2 -25 11 18 -15 10 11 -26 -9 17 -42 -11 -12 -12 -29 3 2 6 0 16 -10 8 -6 -16 9 -5 1 -7 44 1
-12 -29 15 -1 -4 -7 -9 36 18 5 -7 -2 -10 -1 -15 11 12 -15 2 -22 23 -4 26 -4 -1 -7 -34 -11 -23 -1 6 9 -17 -13 -2 -25 11 18 -15 10 11 -26 -9 17 -42 -11 -12 -12 -29 3 2 6 0 16 -10 8 -6 -16 9 -5 1 -7 44 1
-12 -29 15 -1 -4 -7 -9 36 18 5 -7 -2 -10 -1 -15 11 12 -15 2 -22 23 -4 26 -4 -1 -7 -34 -11 -23 -1 6 9 -17 -13 -2 -25 11 18 -15 10 11 -26 -9 17 -42 -11 -12 -12 -29 3 2 6 0 16 -10 8 -6 -16 9 -5 1 -7 44 1
-12 -29 15 -1 -4 -7 -9 36 18 5 -7 -2 -10 -1 -15 11 12 -15 2 -22 23 -4 26 -4 -1 -7 -34 -11 -23 -1 6 9 -17 -13 -2 -25 11 18 -15 10 11 -26 -9 17 -42 -11 -12 -12 -29 3 2 6 0 16 -10 8 -6 -16 9 -5 1 -7 44 1
-12 -29 15 -1 -4 -7 -9 36 18 5 -7 -2 -10 -1 -15 11 12 -15 2 -22 23 -4 26 -4 -1 -7 -34 -11 -23 -1 6 9 -17 -13 -2 -25 11 18 -15 10 11 -26 -9 17 -42 -11 -12 -12 -29 3 2 6 0 16 -10 8 -6 -16 9 -5 1 -7 44 1
-12 -29 15 -1 -4 -7 -9 36 18 5 -7 -2 -10 -1 -15 11 12 -15 2 -22 23 -4 26 -4 -1 -7 -34 -11 -23 -1 6 9 -17 -13 -2 -25 11 18 -15 10 11 -26 -9 17 -42 -11 -12 -12 -29 3 2 6 0 16 -10 8 -6 -16 9 -5 1 -7 44 1
-12 -29 15 -1 -4 -7 -9 36 18 5 -7 -2 -10 -1 -15 11 12 -15 2 -22 23 -4 26 -4 -1 -7 -34 -11 -23 -1 6 9 -17 -13 -2 -25 11 18 -15 10 11 -26 -9 17 -42 -11 -12 -12 -29 3 2 6 0 16 -10 8 -6 -16 9 -5 1 -7 44 1
-12 -29 15 -1 -4 -7 -9 36 18 5 -7 -2 -10 -1 -15 11 12 -15 2 -22 23 -4 26 -4 -1 -7 -34 -11 -23 -1 6 9 -17 -13 -2 -25 11 18 -15 10 11 -26 -9 17 -42 -11 -12 -12 -29 3 2 6 0 16 -10 8 -6 -16 9 -5 1 -7 44 1
-12 -29 15 -1 -4 -7 -9 36 18 5 -7 -2 -10 -1 -15 11 12 -15 2 -22 23 -4 26 -4 -1 -7 -34 -11 -23 -1 6 9 -17 -13 -2 -25 11 18 -15 10 11 -26 -9 17 -42 -11 -12 -12 -29 3 2 6 0 16 -10 8 -6 -16 9 -5 1 -7 44 1
-12 -29 15 -1 -4 -7 -9 36 18 5 -7 -2 -10 -1 -15 11 12 -15 2 -22 23 -4 26 -4 -1 -7 -34 -11 -23 -1 6 9 -17 -13 -2 -25 11 18 -15 10 11 -26 -9 17 -42 -11 -12 -12 -29 3 2 6 0 16 -10 8 -6 -16 9 -5 1 -7 44 1
-12 -29 15 -1 -4 -7 -9 36 18 5 -7 -2 -10 -1 -15 11 12 -15 2 -22 23 -4 26 -4 -1 -7 -34 -11 -23 -1 6 9 -17 -13 -2 -25 11 18 -15 10 11 -26 -9 17 -42 -11 -12 -12 -29 3 2 6 0 16 -10 8 -6 -16 9 -5 1 -7 44 1
-12 -29 15 -1 -4 -7 -9 36 18 5 -7 -2 -10 -1 -15 11 12 -15 2 -22 23 -4 26 -4 -1 -7 -34 -11 -23 -1 6 9 -17 -13 -2 -25 11 18 -15 10 11 -26 -9 17 -42 -11 -12 -12 -29 3 2 6 0 16 -10 8 -6 -16 9 -5 1 -7 44 1
-12 -29 15 -1 -4 -7 -9 36 18 5 -7 -2 -10 -1 -15 11 12 -15 2 -22 23 -4 26 -4 -1 -7 -34 -11 -23 -1 6 9 -17 -13 -2 -25 11 18 -15 10 11 -26 -9 17 -42 -11 -12 -12 -29 3 2 6 0 16 -10 8 -6 -16 9 -5 1 -7 44 1
-12 -29 15 -1 -4 -7 -9 36 18 5 -7 -2 -10 -1 -15 11 12 -15 2 -22 23 -4 26 -4 -1 -7 -34 -11 -23 -1 6 9 -17 -13 -2 -25 11 18 -15 10 11 -26 -9 17 -42 -11 -12 -12 -29 3 2 6 0 16 -10 8 -6 -16 9 -5 1 -7 44 1
-12 -29 15 -1 -4 -7 -9 36 18 5 -7 -2 -10 -1 -15 11 12 -15 2 -22 23 -4 26 -4 -1 -7 -34 -11 -23 -1 6 9 -17 -13 -2 -25 11 18 -15 10 11 -26 -9 17 -42 -11 -12 -12 -29 3 2 6 0 16 -10 8 -6 -16 9 -5 1 -7 44 1
-12 -29 15 -1 -4 -7 -9 36 18 5 -7 -2 -10 -1 -15 11 12 -15 2 -22 23 -4 26 -4 -1 -7 -34 -11 -23 -1 6 9 -17 -13 -2 -25 11 18 -15 10 11 -26 -9 17 -42 -11 -12 -12 -29 3 2 6 0 16 -10 8 -6 -16 9 -5 1 -7 44 1
-12 -29 15 -1 -4 -7 -9 36 18 5 -7 -2 -10 -1 -15 11 12 -15 2 -22 23 -4 26 -4 -1 -7 -34 -11 -23 -1 6 9 -17 -13 -2 -25 11 18 -15 10 11 -26 -9 17 -42 -11 -12 -12 -29 3 2 6 0 16 -10 8 -6 -16 9 -5 1 -7 44 1
-12 -29 15 -1 -4 -7 -9 36 18 5 -7 -2 -10 -1 -15 11 12 -15 2 -22 23 -4 26 -4 -1 -7 -34 -11 -23 -1 6 9 -17 -13 -2 -25 11 18 -15 10 11 -26 -9 17 -42 -11 -12 -12 -29 3 2 6 0 16 -10 8 -6 -16 9 -5 1 -7 44 1
-12 -29 15 -1 -4 -7 -9 36 18 5 -7 -2 -10 -1 -15 11 12 -15 2 -22 23 -4 26 -4 -1 -7 -34 -11 -23 -1 6 9 -17 -13 -2 -25 11 18 -15 10 11 -26 -9 17 -42 -11 -12 -12 -29 3 2 6 0 16 -10 8 -6 -16 9 -5 1 -7 44 1
-12 -29 15 -1 -4 -7 -9 36 18 5 -7 -2 -10 -1 -15 11 12 -15 2 -22 23 -4 26 -4 -1 -7 -34 -11 -23 -1 6 9 -17 -13 -2 -25 11 18 -15 10 11 -26 -9 17 -42 -11 -12 -12 -29 3 2 6 0 16 -10 8 -6 -16 9 -5 1 -7 44 1
-12 -29 15 -1 -4 -7 -9 36 18 5 -7 -2 -10 -1 -15 11 12 -15 2 -22 23 -4 26 -4 -1 -7 -34 -11 -23 -1 6 9 -17 -13 -2 -25 11 18 -15 10 11 -26 -9 17 -42 -11 -12 -12 -29 3 2 6 0 16 -10 8 -6 -16 9 -5 1 -7 44 1
-12 -29 15 -1 -4 -7 -9 36 18 5 -7 -2 -10 -1 -15 11 12 -15 2 -22 23 -4 26 -4 -1 -7 -34 -11 -23 -1 6 9 -17 -13 -2 -25 11 18 -15 10 11 -26 -9 17 -42 -11 -12 -12 -29 3 2 6 0 16 -10 8 -6 -16 9 -5 1 -7 44 1
-12 -29 15 -1 -4 -7 -9 36 18 5 -7 -2 -10 -1 -15 11 12 -15 2 -22 23 -4 26 -4 -1 -7 -34 -11 -23 -1 6 9 -17 -13 -2 -25 11 18 -15 10 11 -26 -9 17 -42 -11 -12 -12 -29 3 2 6 0 16 -10 8 -6 -16 9 -5 1 -7 44 1
-12 -29 15 -1 -4 -7 -9 36 18 5 -7 -2 -10 -1 -15 11 12 -15 2 -22 23 -4 26 -4 -1 -7 -34 -11 -23 -1 6 9 -17 -13 -2 -25 11 18 -15 10 11 -26 -9 17 -42 -11 -12 -12 -29 3 2 6 0 16 -10 8 -6 -16 9 -5 1 -7 44 1
-12 -29 15 -1 -4 -7 -9 36 18 5 -7 -2 -10 -1 -15 11 12 -15 2 -22 23 -4 26 -4 -1 -7 -34 -11 -23 -1 6 9 -17 -13 -2 -25 11 18 -15 10 11 -26 -9 17 -42 -11 -12 -12 -29 3 2 6 0 16 -10 8 -6 -16 9 -5 1 -7 44 1
-12 -29 15 -1 -4 -7 -9 36 18 5 -7 -2 -10 -1 -15 11 12 -15 2 -22 23 -4 26 -4 -1 -7 -34 -11 -23 -1 6 9 -17 -13 -2 -25 11 18 -15 10 11 -26 -9 17 -42 -11 -12 -12 -29 3 2 6 0 16 -10 8 -6 -16 9 -5 1 -7 44 1
-12 -29 15 -1 -4 -7 -9 36 18 5 -7 -2 -10 -1 -15 11 12 -15 2 -22 23 -4 26 -4 -1 -7 -34 -11 -23 -1 6 9 -17 -13 -2 -25 11 18 -15 10 11 -26 -9 17 -42 -11 -12 -12 -29 3 2 6 0 16 -10 8 -6 -16 9 -5 1 -7 44 1
-12 -29 15 -1 -4 -7 -9 36 18 5 -7 -2 -10 -1 -15 11 12 -15 2 -22 23 -4 26 -4 -1 -7 -34 -11 -23 -1 6 9 -17 -13 -2 -25 11 18 -15 10 11 -26 -9 17 -42 -11 -12 -12 -29 3 2 6 0 16 -10 8 -6 -16 9 -5 1 -7 44 1
-12 -29 15 -1 -4 -7 -9 36 18 5 -7 -2 -10 -1 -15 11 12 -15 2 -22 23 -4 26 -4 -1 -7 -34 -11 -23 -1 6 9 -17 -13 -2 -25 11 18 -15 10 11 -26 -9 17 -42 -11 -12 -12 -29 3 2 6 0 16 -10 8 -6 -16 9 -5 1 -7 44 1
-12 -29 15 -1 -4 -7 -9 36 18 5 -7 -2 -10 -1 -15 11 12 -15 2 -22 23 -4 26 -4 -1 -7 -34 -11 -23 -1 6 9 -17 -13 -2 -25 11 18 -15 10 11 -26 -9 17 -42 -11 -12 -12 -29 3 2 6 0 16 -10 8 -6 -16 9 -5 1 -7 44 1
-12 -29 15 -1 -4 -7 -9 36 18 5 -7 -2 -10 -1 -15 11 12 -15 2 -22 23 -4 26 -4 -1 -7 -34 -11 -23 -1 6 9 -17 -13 -2 -25 11 18 -15 10 11 -26 -9 17 -42 -11 -12 -12 -29 3 2 6 0 16 -10 8 -6 -16 9 -5 1 -7 44 1
-12 -29 15 -1 -4 -7 -9 36 18 5 -7 -2 -10 -1 -15 11 12 -15 2 -22 23 -4 26 -4 -1 -7 -34 -11 -23 -1 6 9 -17 -13 -2 -25 11 18 -15 10 11 -26 -9 17 -42 -11 -12 -12 -29 3 2 6 0 16 -10 8 -6 -16 9 -5 1 -7 44 1
-12 -29 15 -1 -4 -7 -9 36 18 5 -7 -2 -10 -1 -15 11 12 -15 2 -22 23 -4 26 -4 -1 -7 -34 -11 -23 -1 6 9 -17 -13 -2 -25 11 18 -15 10 11 -26 -9 17 -42 -11 -12 -12 -29 3 2 6 0 16 -10 8 -6 -16 9 -5 1 -7 44 1
-12 -29 15 -1 -4 -7 -9 36 18 5 -7 -2 -10 -1 -15 11 12 -15 2 -22 23 -4 26 -4 -1 -7 -34 -11 -23 -1 6 9 -17 -13 -2 -25 11 18 -15 10 11 -26 -9 17 -42 -11 -12 -12 -29 3 2 6 0 16 -10 8 -6 -16 9 -5 1 -7 44 1
-12 -29 15 -1 -4 -7 -9 36 18 5 -7 -2 -10 -1 -15 11 12 -15 2 -22 23 -4 26 -4 -1 -7 -34 -11 -23 -1 6 9 -17 -13 -2 -25 11 18 -15 10 11 -26 -9 17 -42 -11 -12 -12 -29 3 2 6 0 16 -10 8 -6 -16 9 -5 1 -7 44 1
-12 -29 15 -1 -4 -7 -9 36 18 5 -7 -2 -10 -1 -15 11 12 -15 2 -22 23 -4 26 -4 -1 -7 -34 -11 -23 -1 6 9 -17 -13 -2 -25 11 18 -15 10 11 -26 -9 17 -42 -11 -12 -12 -29 3 2 6 0 16 -10 8 -6 -16 9 -5 1 -7 44 1
-12 -29 15 -1 -4 -7 -9 36 18 5 -7 -2 -10 -1 -15 11 12 -15 2 -22 23 -4 26 -4 -1 -7 -34 -11 -23 -1 6 9 -17 -13 -2 -25 11 18 -15 10 11 -26 -9 17 -42 -11 -12 -12 -29 3 2 6 0 16 -10 8 -6 -16 9 -5 1 -7 44 1
-12 -29 15 -1 -4 -7 -9 36 18 5 -7 -2 -10 -1 -15 11 12 -15 2 -22 23 -4 26 -4 -1 -7 -34 -11 -23 -1 6 9 -17 -13 -2 -25 11 18 -15 10 11 -26 -9 17 -42 -11 -12 -12 -29 3 2 6 0 16 -10 8 -6 -16 9 -5 1 -7 44 1
-12 -29 15 -1 -4 -7 -9 36 18 5 -7 -2 -10 -1 -15 11 12 -15 2 -22 23 -4 26 -4 -1 -7 -34 -11 -23 -1 6 9 -17 -13 -2 -25 11 18 -15 10 11 -26 -9 17 -42 -11 -12 -12 -29 3 2 6 0 16 -10 8 -6 -16 9 -5 1 -7 44 1
-12 -29 15 -1 -4 -7 -9 36 18 5 -7 -2 -10 -1 -15 11 12 -15 2 -22 23 -4 26 -4 -1 -7 -34 -11 -23 -1 6 9 -17 -13 -2 -25 11 18 -15 10 11 -26 -9 17 -42 -11 -12 -12 -29 3 2 6 0 16 -10 8 -6 -16 9 -5 1 -7 44 1
-12 -29 15 -1 -4 -7 -9 36 18 5 -7 -2 -10 -1 -15 11 12 -15 2 -22 23 -4 26 -4 -1 -7 -34 -11 -23 -1 6 9 -17 -13 -2 -25 11 18 -15 10 11 -26 -9 17 -42 -11 -12 -12 -29 3 2 6 0 16 -10 8 -6 -16 9 -5 1 -7 44 1
-12 -29 15 -1 -4 -7 -9 36 18 5 -7 -2 -10 -1 -15 11 12 -15 2 -22 23 -4 26 -4 -1 -7 -34 -11 -23 -1 6 9 -17 -13 -2 -25 11 18 -15 10 11 -26 -9 17 -42 -11 -12 -12 -29 3 2 6 0 16 -10 8 -6 -16 9 -5 1 -7 44 1
-12 -29 15 -1 -4 -7 -9 36 18 5 -7 -2 -10 -1 -15 11 12 -15 2 -22 23 -4 26 -4 -1 -7 -34 -11 -23 -1 6 9 -17 -13 -2 -25 11 18 -15 10 11 -26 -9 17 -42 -11 -12 -12 -29 3 2 6 0 16 -10 8 -6 -16 9 -5 1 -7 44 1
-12 -29 15 -1 -4 -7 -9 36 18 5 -7 -2 -10 -1 -15 11 12 -15 2 -22 23 -4 26 -4 -1 -7 -34 -11 -23 -1 6 9 -17 -13 -2 -25 11 18 -15 10 11 -26 -9 17 -42 -11 -12 -12 -29 3 2 6 0 16 -10 8 -6 -16 9 -5 1 -7 44 1
-12 -29 15 -1 -4 -7 -9 36 18 5 -7 -2 -10 -1 -15 11 12 -15 2 -22 23 -4 26 -4 -1 -7 -34 -11 -23 -1 6 9 -17 -13 -2 -25 11 18 -15 10 11 -26 -9 17 -42 -11 -12 -12 -29 3 2 6 0 16 -10 8 -6 -16 9 -5 1 -7 44 1
-12 -29 15 -1 -4 -7 -9 36 18 5 -7 -2 -10 -1 -15 11 12 -15 2 -22 23 -4 26 -4 -1 -7 -34 -11 -23 -1 6 9 -17 -13 -2 -25 11 18 -15 10 11 -26 -9 17 -42 -11 -12 -12 -29 3 2 6 0 16 -10 8 -6 -16 9 -5 1 -7 44 1
-12 -29 15 -1 -4 -7 -9 36 18 5 -7 -2 -10 -1 -15 11 12 -15 2 -22 23 -4 26 -4 -1 -7 -34 -11 -23 -1 6 9 -17 -13 -2 -25 11 18 -15 10 11 -26 -9 17 -42 -11 -12 -12 -29 3 2 6 0 16 -10 8 -6 -16 9 -5 1 -7 44 1
-12 -29 15 -1 -4 -7 -9 36 18 5 -7 -2 -10 -1 -15 11 12 -15 2 -22 23 -4 26 -4 -1 -7 -34 -11 -23 -1 6 9 -17 -13 -2 -25 11 18 -15 10 11 -26 -9 17 -42 -11 -12 -12 -29 3 2 6 0 16 -10 8 -6 -16 9 -5 1 -7 44 1
-12 -29 15 -1 -4 -7 -9 36 18 5 -7 -2 -10 -1 -15 11 12 -15 2 -22 23 -4 26 -4 -1 -7 -34 -11 -23 -1 6 9 -17 -13 -2 -25 11 18 -15 10 11 -26 -9 17 -42 -11 -12 -12 -29 3 2 6 0 16 -10 8 -6 -16 9 -5 1 -7 44 1
-12 -29 15 -1 -4 -7 -9 36 18 5 -7 -2 -10 -1 -15 11 12 -15 2 -22 23 -4 26 -4 -1 -7 -34 -11 -23 -1 6 9 -17 -13 -2 -25 11 18 -15 10 11 -26 -9 17 -42 -11 -12 -12 -29 3 2 6 0 16 -10 8 -6 -16 9 -5 1 -7 44 1
-12 -29 15 -1 -4 -7 -9 36 18 5 -7 -2 -10 -1 -15 11 12 -15 2 -22 23 -4 26 -4 -1 -7 -34 -11 -23 -1 6 9 -17 -13 -2 -25 11 18 -15 10 11 -26 -9 17 -42 -11 -12 -12 -29 3 2 6 0 16 -10 8 -6 -16 9 -5 1 -7 44 1
-12 -29 15 -1 -4 -7 -9 36 18 5 -7 -2 -10 -1 -15 11 12 -15 2 -22 23 -4 26 -4 -1 -7 -34 -11 -23 -1 6 9 -17 -13 -2 -25 11 18 -15 10 11 -26 -9 17 -42 -11 -12 -12 -29 3 2 6 0 16 -10 8 -6 -16 9 -5 1 -7 44 1
-12 -29 15 -1 -4 -7 -9 36 18 5 -7 -2 -10 -1 -15 11 12 -15 2 -22 23 -4 26 -4 -1 -7 -34 -11 -23 -1 6 9 -17 -13 -2 -25 11 18 -15 10 11 -26 -9 17 -42 -11 -12 -12 -29 3 2 6 0 16 -10 8 -6 -16 9 -5 1 -7 44 1
-12 -29 15 -1 -4 -7 -9 36 18 5 -7 -2 -10 -1 -15 11 12 -15 2 -22 23 -4 26 -4 -1 -7 -34 -11 -23 -1 6 9 -17 -13 -2 -25 11 18 -15 10 11 -26 -9 17 -42 -11 -12 -12 -29 3 2 6 0 16 -10 8 -6 -16 9 -5 1 -7 44 1
-12 -29 15 -1 -4 -7 -9 36 18 5 -7 -2 -10 -1 -15 11 12 -15 2 -22 23 -4 26 -4 -1 -7 -34 -11 -23 -1 6 9 -17 -13 -2 -25 11 18 -15 10 11 -26 -9 17 -42 -11 -12 -12 -29 3 2 6 0 16 -10 8 -6 -16 9 -5 1 -7 44 1
-12 -29 15 -1 -4 -7 -9 36 18 5 -7 -2 -10 -1 -15 11 12 -15 2 -22 23 -4 26 -4 -1 -7 -34 -11 -23 -1 6 9 -17 -13 -2 -25 11 18 -15 10 11 -26 -9 17 -42 -11 -12 -12 -29 3 2 6 0 16 -10 8 -6 -16 9 -5 1 -7 44 1
-12 -29 15 -1 -4 -7 -9 36 18 5 -7 -2 -10 -1 -15 11 12 -15 2 -22 23 -4 26 -4 -1 -7 -34 -11 -23 -1 6 9 -17 -13 -2 -25 11 18 -15 10 11 -26 -9 17 -42 -11 -12 -12 -29 3 2 6 0 16 -10 8 -6 -16 9 -5 1 -7 44 1
-12 -29 15 -1 -4 -7 -9 36 18 5 -7 -2 -10 -1 -15 11 12 -15 2 -22 23 -4 26 -4 -1 -7 -34 -11 -23 -1 6 9 -17 -13 -2 -25 11 18 -15 10 11 -26 -9 17 -42 -11 -12 -12 -29 3 2 6 0 16 -10 8 -6 -16 9 -5 1 -7 44 1
-12 -29 15 -1 -4 -7 -9 36 18 5 -7 -2 -10 -1 -15 11 12 -15 2 -22 23 -4 26 -4 -1 -7 -34 -11 -23 -1 6 9 -17 -13 -2 -25 11 18 -15 10 11 -26 -9 17 -42 -11 -12 -12 -29 3 2 6 0 16 -10 8 -6 -16 9 -5 1 -7 44 1
-12 -29 15 -1 -4 -7 -9 36 18 5 -7 -2 -10 -1 -15 11 12 -15 2 -22 23 -4 26 -4 -1 -7 -34 -11 -23 -1 6 9 -17 -13 -2 -25 11 18 -15 10 11 -26 -9 17 -42 -11 -12 -12 -29 3 2 6 0 16 -10 8 -6 -16 9 -5 1 -7 44 1
-12 -29 15 -1 -4 -7 -9 36 18 5 -7 -2 -10 -1 -15 11 12 -15 2 -22 23 -4 26 -4 -1 -7 -34 -11 -23 -1 6 9 -17 -13 -2 -25 11 18 -15 10 11 -26 -9 17 -42 -11 -12 -12 -29 3 2 6 0 16 -10 8 -6 -16 9 -5 1 -7 44 1
-12 -29 15 -1 -4 -7 -9 36 18 5 -7 -2 -10 -1 -15 11 12 -15 2 -22 23 -4 26 -4 -1 -7 -34 -11 -23 -1 6 9 -17 -13 -2 -25 11 18 -15 10 11 -26 -9 17 -42 -11 -12 -12 -29 3 2 6 0 16 -10 8 -6 -16 9 -5 1 -7 44 1
-12 -29 15 -1 -4 -7 -9 36 18 5 -7 -2 -10 -1 -15 11 12 -15 2 -22 23 -4 26 -4 -1 -7 -34 -11 -23 -1 6 9 -17 -13 -2 -25 11 18 -15 10 11 -26 -9 17 -42 -11 -12 -12 -29 3 2 6 0 16 -10 8 -6 -16 9 -5 1 -7 44 1
-12 -29 15 -1 -4 -7 -9 36 18 5 -7 -2 -10 -1 -15 11 12 -15 2 -22 23 -4 26 -4 -1 -7 -34 -11 -23 -1 6 9 -17 -13 -2 -25 11 18 -15 10 11 -26 -9 17 -42 -11 -12 -12 -29 3 2 6 0 16 -10 8 -6 -16 9 -5 1 -7 44 1
-12 -29 15 -1 -4 -7 -9 36 18 5 -7 -2 -10 -1 -15 11 12 -15 2 -22 23 -4 26 -4 -1 -7 -34 -11 -23 -1 6 9 -17 -13 -2 -25 11 18 -15 10 11 -26 -9 17 -42 -11 -12 -12 -29 3 2 6 0 16 -10 8 -6 -16 9 -5 1 -7 44 1
-12 -29 15 -1 -4 -7 -9 36 18 5 -7 -2 -10 -1 -15 11 12 -15 2 -22 23 -4 26 -4 -1 -7 -34 -11 -23 -1 6 9 -17 -13 -2 -25 11 18 -15 10 11 -26 -9 17 -42 -11 -12 -12 -29 3 2 6 0 16 -10 8 -6 -16 9 -5 1 -7 44 1
-12 -29 15 -1 -4 -7 -9 36 18 5 -7 -2 -10 -1 -15 11 12 -15 2 -22 23 -4 26 -4 -1 -7 -34 -11 -23 -1 6 9 -17 -13 -2 -25 11 18 -15 10 11 -26 -9 17 -42 -11 -12 -12 -29 3 2 6 0 16 -10 8 -6 -16 9 -5 1 -7 44 1
-12 -29 15 -1 -4 -7 -9 36 18 5 -7 -2 -10 -1 -15 11 12 -15 2 -22 23 -4 26 -4 -1 -7 -34 -11 -23 -1 6 9 -17 -13 -2 -25 11 18 -15 10 11 -26 -9 17 -42 -11 -12 -12 -29 3 2 6 0 16 -10 8 -6 -16 9 -5 1 -7 44 1
-12 -29 15 -1 -4 -7 -9 36 18 5 -7 -2 -10 -1 -15 11 12 -15 2 -22 23 -4 26 -4 -1 -7 -34 -11 -23 -1 6 9 -17 -13 -2 -25 11 18 -15 10 11 -26 -9 17 -42 -11 -12 -12 -29 3 2 6 0 16 -10 8 -6 -16 9 -5 1 -7 44 1
-12 -29 15 -1 -4 -7 -9 36 18 5 -7 -2 -10 -1 -15 11 12 -15 2 -22 23 -4 26 -4 -1 -7 -34 -11 -23 -1 6 9 -17 -13 -2 -25 11 18 -15 10 11 -26 -9 17 -42 -11 -12 -12 -29 3 2 6 0 16 -10 8 -6 -16 9 -5 1 -7 44 1
-12 -29 15 -1 -4 -7 -9 36 18 5 -7 -2 -10 -1 -15 11 12 -15 2 -22 23 -4 26 -4 -1 -7 -34 -11 -23 -1 6 9 -17 -13 -2 -25 11 18 -15 10 11 -26 -9 17 -42 -11 -12 -12 -29 3 2 6 0 16 -10 8 -6 -16 9 -5 1 -7 44 1
-12 -29 15 -1 -4 -7 -9 36 18 5 -7 -2 -10 -1 -15 11 12 -15 2 -22 23 -4 26 -4 -1 -7 -34 -11 -23 -1 6 9 -17 -13 -2 -25 11 18 -15 10 11 -26 -9 17 -42 -11 -12 -12 -29 3 2 6 0 16 -10 8 -6 -16 9 -5 1 -7 44 1
-12 -29 15 -1 -4 -7 -9 36 18 5 -7 -2 -10 -1 -15 11 12 -15 2 -22 23 -4 26 -4 -1 -7 -34 -11 -23 -1 6 9 -17 -13 -2 -25 11 18 -15 10 11 -26 -9 17 -42 -11 -12 -12 -29 3 2 6 0 16 -10 8 -6 -16 9 -5 1 -7 44 1
-12 -29 15 -1 -4 -7 -9 36 18 5 -7 -2 -10 -1 -15 11 12 -15 2 -22 23 -4 26 -4 -1 -7 -34 -11 -23 -1 6 9 -17 -13 -2 -25 11 18 -15 10 11 -26 -9 17 -42 -11 -12 -12 -29 3 2 6 0 16 -10 8 -6 -16 9 -5 1 -7 44 1
-12 -29 15 -1 -4 -7 -9 36 18 5 -7 -2 -10 -1 -15 11 12 -15 2 -22 23 -4 26 -4 -1 -7 -34 -11 -23 -1 6 9 -17 -13 -2 -25 11 18 -15 10 11 -26 -9 17 -42 -11 -12 -12 -29 3 2 6 0 16 -10 8 -6 -16 9 -5 1 -7 44 1
-12 -29 15 -1 -4 -7 -9 36 18 5 -7 -2 -10 -1 -15 11 12 -15 2 -22 23 -4 26 -4 -1 -7 -34 -11 -23 -1 6 9 -17 -13 -2 -25 11 18 -15 10 11 -26 -9 17 -42 -11 -12 -12 -29 3 2 6 0 16 -10 8 -6 -16 9 -5 1 -7 44 1
-12 -29 15 -1 -4 -7 -9 36 18 5 -7 -2 -10 -1 -15 11 12 -15 2 -22 23 -4 26 -4 -1 -7 -34 -11 -23 -1 6 9 -17 -13 -2 -25 11 18 -15 10 11 -26 -9 17 -42 -11 -12 -12 -29 3 2 6 0 16 -10 8 -6 -16 9 -5 1 -7 44 1
-12 -29 15 -1 -4 -7 -9 36 18 5 -7 -2 -10 -1 -15 11 12 -15 2 -22 23 -4 26 -4 -1 -7 -34 -11 -23 -1 6 9 -17 -13 -2 -25 11 18 -15 10 11 -26 -9 17 -42 -11 -12 -12 -29 3 2 6 0 16 -10 8 -6 -16 9 -5 1 -7 44 1
-12 -29 15 -1 -4 -7 -9 36 18 5 -7 -2 -10 -1 -15 11 12 -15 2 -22 23 -4 26 -4 -1 -7 -34 -11 -23 -1 6 9 -17 -13 -2 -25 11 18 -15 10 11 -26 -9 17 -42 -11 -12 -12 -29 3 2 6 0 16 -10 8 -6 -16 9 -5 1 -7 44 1
-12 -29 15 -1 -4 -7 -9 36 18 5 -7 -2 -10 -1 -15 11 12 -15 2 -22 23 -4 26 -4 -1 -7 -34 -11 -23 -1 6 9 -17 -13 -2 -25 11 18 -15 10 11 -26 -9 17 -42 -11 -12 -12 -29 3 2 6 0 16 -10 8 -6 -16 9 -5 1 -7 44 1
-12 -29 15 -1 -4 -7 -9 36 18 5 -7 -2 -10 -1 -15 11 12 -15 2 -22 23 -4 26 -4 -1 -7 -34 -11 -23 -1 6 9 -17 -13 -2 -25 11 18 -15 10 11 -26 -9 17 -42 -11 -12 -12 -29 3 2 6 0 16 -10 8 -6 -16 9 -5 1 -7 44 1
-12 -29 15 -1 -4 -7 -9 36 18 5 -7 -2 -10 -1 -15 11 12 -15 2 -22 23 -4 26 -4 -1 -7 -34 -11 -23 -1 6 9 -17 -13 -2 -25 11 18 -15 10 11 -26 -9 17 -42 -11 -12 -12 -29 3 2 6 0 16 -10 8 -6 -16 9 -5 1 -7 44 1
-12 -29 15 -1 -4 -7 -9 36 18 5 -7 -2 -10 -1 -15 11 12 -15 2 -22 23 -4 26 -4 -1 -7 -34 -11 -23 -1 6 9 -17 -13 -2 -25 11 18 -15 10 11 -26 -9 17 -42 -11 -12 -12 -29 3 2 6 0 16 -10 8 -6 -16 9 -5 1 -7 44 1
-12 -29 15 -1 -4 -7 -9 36 18 5 -7 -2 -10 -1 -15 11 12 -15 2 -22 23 -4 26 -4 -1 -7 -34 -11 -23 -1 6 9 -17 -13 -2 -25 11 18 -15 10 11 -26 -9 17 -42 -11 -12 -12 -29 3 2 6 0 16 -10 8 -6 -16 9 -5 1 -7 44 1
