1 0 23 14 -3 0 6 3 12 -5 -12 4 0 -6 9 -14 -16 18 -23 -11 -12 4 -14 -20 -1 4 9 4 -12 -6 3 9 21 11 7 0 -33 -16 -4 11 8 -5 11 -16 19 2 -20 2 2 -18 -2 -1 19 0 8 -13 -4 -15 -3 8 6 0 4 5
-4 -10 10 4 6 -10 -2 8 -1 -19 -7 15 17 -8 -1 -7 -10 21 -18 -6 -7 4 -9 -15 1 20 7 -2 -4 0 6 4 15 6 8 13 -52 0 8 6 -10 -12 0 -18 16 8 -9 18 -10 -11 2 0 13 -3 14 -3 11 -15 7 -4 15 16 1 12
0 -7 13 8 12 -8 -3 2 -6 -6 -14 9 15 -4 9 -17 -23 19 -17 -15 -16 4 -7 -14 -8 27 10 8 8 15 -4 8 7 14 13 29 -43 14 7 14 0 -14 2 -7 9 17 -12 12 -17 -14 13 -4 17 -10 2 2 16 -19 -4 -4 6 12 1 7
1 -17 14 4 2 -8 -3 -4 2 -15 -14 7 6 -8 5 -13 -22 16 -14 -10 -18 2 -6 -9 8 21 20 3 1 4 -16 4 13 13 10 24 -40 3 3 14 -6 -17 5 -11 17 17 -5 11 -19 -3 9 -5 19 -8 7 2 6 -17 -3 -2 11 14 8 2
-12 -3 10 2 -2 -9 11 1 -5 -5 -6 7 9 4 -4 -7 -11 21 -8 -11 -3 -1 -10 -21 13 15 7 -8 7 -5 -19 -1 9 15 5 32 -52 22 17 0 4 -11 -9 -12 10 29 -3 10 -22 -2 12 -8 28 2 4 8 16 10 -3 10 13 21 6 13
-6 -14 5 -9 8 -14 1 4 2 -9 -9 5 7 3 11 -12 -19 23 -18 -17 -10 -5 -10 -22 8 13 0 -4 0 17 -10 10 15 1 10 28 -57 12 11 18 -6 -15 -4 -6 3 19 -8 11 -14 7 10 -12 23 -3 9 -8 21 -8 9 2 22 15 -1 5
-9 -24 4 2 -1 -3 3 5 -4 -10 -8 18 4 -7 18 -9 -13 21 -24 -11 -9 1 -7 -23 7 12 7 -7 -3 4 -12 5 10 8 22 13 -56 15 7 14 0 -15 1 -10 12 13 -4 20 -9 -5 5 -13 25 -8 19 0 15 2 2 4 19 25 7 11
0 -5 8 7 1 -6 3 -1 7 -11 -3 13 9 2 14 -20 -23 22 -15 -14 -4 0 -2 -16 -6 11 4 1 6 0 -12 0 17 14 14 12 -51 19 18 12 -10 -17 -3 -9 10 25 -8 11 -16 -5 10 -8 20 -4 15 1 19 -17 -7 -3 19 15 -2 6
-6 -11 13 1 -5 -9 -5 7 1 -17 -13 15 21 -9 12 -13 -10 22 -24 -5 -4 -9 -7 -8 -3 4 9 6 -2 4 -17 8 14 7 10 23 -44 10 9 9 -2 -16 4 -12 13 25 -7 17 -17 -10 9 -4 20 -11 10 6 12 -8 -6 1 8 13 -2 10
-20 -17 3 11 7 -10 1 13 -2 -14 -5 14 27 11 18 -3 -11 31 -1 4 -18 -9 -16 -21 15 5 15 10 16 21 -13 3 4 23 22 39 -53 32 22 -10 -12 -11 14 -8 6 10 -5 14 -16 -9 23 -28 32 -8 5 17 29 -2 -8 15 3 23 -4 13
-4 -14 8 6 0 -11 -4 2 4 -16 -10 6 16 -6 6 -13 -21 20 -19 -10 -5 -1 -12 -12 -2 16 5 1 10 6 -8 4 11 10 13 30 -45 12 7 11 -10 -14 4 -3 8 20 -14 8 -20 -9 7 -4 17 -11 7 2 8 -5 -7 -2 7 23 3 8
3 -6 11 5 5 -4 -5 0 0 -15 -15 6 15 1 16 -20 -16 27 -24 -12 -10 3 -11 -11 -7 6 5 -1 14 5 -17 10 15 8 10 21 -45 21 13 14 0 -15 -8 2 16 17 -5 5 -21 -11 16 1 20 -13 3 -7 8 -17 -9 1 19 22 -7 14
11 -17 6 15 2 -7 0 7 3 -3 -14 8 14 -5 8 -7 -17 14 -23 -15 -12 6 -9 -18 5 7 13 4 0 4 -13 5 12 3 8 22 -41 9 15 7 0 -17 1 -7 11 14 -1 12 -23 -5 4 -4 23 -4 12 7 6 -9 -11 -2 12 21 3 6
1 -10 3 -3 -2 -16 -3 0 4 -3 -6 5 10 -2 15 -19 -13 21 -17 -19 -1 3 -11 -23 -5 10 0 -11 5 1 -13 9 18 9 10 14 -56 19 17 15 1 -19 -5 10 15 21 -12 0 -16 -7 3 -6 16 -6 7 4 20 -9 -9 -1 20 18 -8 7
-14 -10 -2 17 7 -1 -6 13 14 -13 -23 10 18 3 2 -18 -18 16 -11 0 -10 1 -14 -18 6 7 13 8 10 19 -22 10 5 15 11 37 -43 15 5 -7 3 -17 8 -6 12 15 0 3 -10 -2 27 -18 28 -3 10 9 17 2 -2 -3 13 29 -4 15
2 -14 8 2 2 -8 -2 4 9 -16 -22 12 -2 -4 6 -9 -19 21 -15 -14 -11 1 -8 -12 9 13 -1 -4 11 6 -17 9 9 4 11 26 -35 8 8 7 1 -10 -3 -6 20 13 -7 7 -18 -3 4 -9 23 -6 8 6 6 -7 -2 -2 20 20 4 6
-6 -12 1 9 -1 -13 -8 10 4 -19 -12 13 21 2 -2 -11 -12 20 -11 -10 -11 -1 -18 -34 10 16 0 0 10 7 -19 5 15 0 10 27 -51 21 27 3 -1 -17 -6 -10 8 22 -4 20 -16 -8 13 -6 20 -11 1 11 21 1 -6 1 13 24 1 13
-3 -15 13 9 1 -6 -4 4 8 -9 -17 8 11 -7 3 -8 -14 18 -18 -15 -15 3 -9 -13 9 5 11 -3 2 0 -22 16 16 3 14 26 -41 9 6 8 1 -18 0 -12 14 18 -12 12 -12 -7 16 -9 21 1 4 -2 5 -1 -6 1 11 21 -2 3
4 -14 0 1 7 -8 -4 0 4 -13 -16 7 11 -6 10 -15 -15 16 -20 -14 -3 -3 -1 -27 1 13 -1 -3 -2 1 -16 8 9 5 11 13 -48 5 11 6 4 -17 1 -7 5 20 -7 12 -19 -7 0 -7 25 -11 1 -4 21 -16 1 0 16 24 -2 8
2 -5 8 6 5 -8 0 5 2 -3 -4 9 8 -1 19 -12 -12 13 -19 -15 -12 4 -12 -18 3 15 -1 1 -1 9 -5 5 24 13 17 10 -44 21 20 7 -9 -21 2 -6 0 20 -8 9 -9 -10 6 -9 17 -10 5 -10 17 -12 -8 -3 18 23 4 13
0 -9 15 14 4 -8 -5 -4 6 -10 -9 7 12 -5 9 -17 -14 21 -14 -12 -6 1 -17 -14 -9 11 -3 -9 -7 3 -15 12 17 13 17 8 -39 6 13 14 5 -11 -2 0 15 17 -6 13 -12 -13 11 -4 20 -3 11 -4 10 -13 -5 6 18 16 -6 12
1 -1 6 19 9 3 10 17 2 -14 -13 18 14 -7 14 -29 -21 21 -13 -8 -19 3 -17 -17 -10 29 5 5 16 8 -9 9 2 20 22 34 -45 29 12 -6 -3 -12 2 3 19 14 -7 8 -14 -14 17 -11 15 -5 20 0 22 -1 1 3 2 31 -4 16
-3 -2 19 12 7 -1 8 -3 1 -3 -1 9 3 -12 7 -2 -22 16 -24 -7 -11 5 -13 -15 -4 4 14 0 -5 -7 -6 6 12 8 12 7 -18 -5 8 10 0 -5 12 -9 10 4 -8 3 -7 -19 9 -6 11 -6 1 -6 5 -22 -1 3 13 -4 11 -1
0 -22 1 8 10 -3 12 9 12 -22 -16 18 9 -12 2 -21 -7 20 -16 -2 -28 0 -15 -20 7 9 23 3 -3 19 -13 7 10 8 4 25 -53 -2 -6 11 7 -18 -3 -23 23 13 -9 12 -12 -7 14 -1 27 -12 14 12 12 -9 0 -3 16 10 14 1
-1 -20 -4 4 11 4 11 19 -2 -15 -18 6 2 1 19 -23 -3 33 -11 -4 -32 10 -7 -16 7 10 16 13 12 23 3 -4 13 9 8 25 -71 13 -2 14 1 -23 -8 -19 7 11 -14 -6 -16 -12 6 1 22 -22 3 0 19 -10 1 4 14 21 -3 8
-5 -24 1 5 3 1 5 7 2 -7 -15 11 10 1 8 -12 -14 14 -11 -12 -14 4 -19 -9 5 19 13 0 1 7 -18 3 19 11 5 21 -45 12 2 -3 8 -20 -3 -12 14 14 -9 2 -17 -11 14 2 23 -14 3 5 3 -6 -3 -3 12 10 7 6
-13 -3 9 17 8 6 11 -5 7 -12 -9 8 17 7 7 -17 -9 20 -7 -9 -15 9 -14 -19 7 25 17 -11 2 -2 -20 -1 6 14 3 33 -43 23 13 6 -2 -20 -7 -20 9 17 -7 10 -15 -3 17 -4 29 0 11 1 23 5 -2 18 17 15 12 6
2 -15 1 4 9 -11 12 -7 0 4 -2 8 3 4 13 -25 -16 19 -16 -22 -9 8 -4 -22 8 18 0 -2 4 -1 -10 14 14 4 7 18 -56 17 16 17 0 -18 0 -10 9 19 -12 14 -16 -3 15 0 27 1 12 -9 20 -13 3 7 13 22 2 7
-2 -17 2 6 7 5 15 1 -1 -11 -10 20 12 -5 25 -16 -12 22 -17 -14 -11 4 -8 -30 -1 15 4 -6 1 1 -12 5 3 10 15 11 -48 11 8 5 3 -22 -1 -5 5 15 -16 9 -13 -6 15 -16 32 -7 8 -4 17 -1 -1 8 15 15 3 9
-3 -7 11 10 7 -4 14 4 -1 -7 -4 20 7 0 15 -14 -17 18 -21 -9 0 4 -8 -17 -9 10 -7 -1 3 -1 -22 -2 12 12 11 16 -59 17 2 14 -4 -23 3 -11 15 24 -18 12 -18 -6 16 -1 28 7 20 -3 19 -8 -3 7 12 17 0 8
-2 -12 13 10 6 -9 4 0 13 -8 -17 16 20 -6 10 -21 -13 27 -13 -9 -16 2 -16 -10 -2 11 10 4 -5 4 -19 5 11 18 13 18 -42 6 3 -1 -1 -11 4 -7 11 19 -14 9 -13 -7 13 2 26 0 9 -1 9 -7 0 2 13 20 8 5
-9 -8 3 6 3 -4 4 0 2 -10 -13 11 20 -4 18 -27 -13 15 -15 -5 -11 0 -15 -10 0 8 9 -3 6 5 -9 1 17 13 13 21 -47 4 6 6 -7 -14 -5 -10 11 27 -11 -1 -13 -9 8 4 26 0 16 3 5 -18 -4 -3 16 17 0 8
0 -14 18 11 10 -3 2 -6 3 -5 -14 5 19 -13 4 -22 -12 31 -16 -11 -15 11 -12 -9 -9 10 6 -2 9 4 -15 7 12 10 9 17 -50 9 9 7 -3 -13 -4 -4 13 18 -9 10 -19 -17 11 8 27 -1 7 -9 11 -17 -3 10 15 18 -6 9
1 -17 8 12 7 -7 -2 3 18 -12 -13 17 11 -5 15 -10 -16 17 -18 -11 -19 5 -8 -16 -7 15 7 -1 2 6 -16 -2 11 11 6 20 -46 15 11 5 -3 -11 -8 -1 16 26 -8 1 -14 -13 5 -5 33 -9 11 8 8 -15 -7 0 14 15 8 6
0 -13 2 10 9 0 3 -1 1 -20 -9 20 19 -5 0 -18 -5 27 -12 -14 -11 -1 -13 -17 3 24 10 0 8 0 -25 1 12 4 9 26 -42 13 17 2 3 -12 -1 -10 16 20 -3 8 -16 -11 22 -6 31 -8 4 5 22 -6 -3 9 13 18 10 9
0 -18 12 11 7 -5 2 -1 15 -7 -16 9 16 -7 9 -17 -18 18 -8 -9 -8 3 -5 -14 -2 12 12 -4 3 2 -23 1 17 10 10 18 -34 7 6 1 2 -6 1 -5 16 16 -12 6 -17 -7 15 3 22 0 2 -2 5 -12 -8 2 11 12 3 6
-1 -17 0 5 12 -8 1 1 5 -11 -13 8 18 -2 15 -19 -8 22 -16 -15 -12 3 -4 -18 1 15 -4 -5 10 5 -18 12 18 4 2 18 -49 11 6 6 6 -11 -12 -3 6 27 -8 0 -16 -14 8 -5 30 -5 5 3 20 -12 0 -1 16 24 -3 5
5 -8 6 1 4 -6 2 7 5 0 -7 5 4 -4 18 -18 -10 27 -23 -23 -11 4 -8 -24 -4 13 -3 2 3 3 -8 3 15 11 11 7 -51 20 13 8 0 -17 0 -3 8 17 -5 12 -17 -8 14 -2 22 0 9 -4 20 -14 0 3 21 19 2 13
2 -8 10 8 7 -3 6 -3 10 -17 -5 6 18 1 17 -22 -15 26 -11 -11 -7 5 -6 -13 -13 15 0 -3 4 4 -8 6 16 17 16 5 -42 10 16 6 2 -11 -7 -2 9 29 -9 6 -19 -10 6 1 23 0 6 -6 11 -14 -10 -1 16 12 -6 7
-5 -7 5 22 18 -1 12 9 8 -15 -17 11 11 -11 15 -29 -16 21 -16 -6 -8 0 -22 -10 -15 15 6 -4 19 13 -15 4 4 20 21 28 -31 11 9 -2 5 -9 4 -2 17 18 -10 13 -11 -16 19 -11 29 -9 15 5 22 -3 3 1 7 29 0 10
1 -3 13 13 7 2 3 -8 1 -3 0 5 4 -8 10 -3 -19 15 -18 -10 -10 5 -11 -12 -8 0 10 4 -3 -1 -3 11 20 2 8 9 -20 2 4 9 -2 -1 12 -8 12 11 -14 3 -7 -15 2 -6 11 1 2 -10 4 -18 1 1 9 -5 8 0
-14 6 10 12 2 -7 14 3 9 -17 -18 -3 15 -13 8 -6 -32 6 -8 21 -16 4 -6 -21 8 -1 29 1 -4 5 -18 -1 5 5 28 14 -26 -7 4 -5 3 -7 -6 -25 1 24 -16 18 -12 -5 24 -3 19 -18 3 6 -8 -9 -3 3 9 8 19 12
-14 6 10 12 2 -7 14 3 9 -17 -18 -3 15 -13 8 -6 -32 6 -8 21 -16 4 -6 -21 8 -1 29 1 -4 5 -18 -1 5 5 28 14 -26 -7 4 -5 3 -7 -6 -25 1 24 -16 18 -12 -5 24 -3 19 -18 3 6 -8 -9 -3 3 9 8 19 12
-14 6 10 12 2 -7 14 3 9 -17 -18 -3 15 -13 8 -6 -32 6 -8 21 -16 4 -6 -21 8 -1 29 1 -4 5 -18 -1 5 5 28 14 -26 -7 4 -5 3 -7 -6 -25 1 24 -16 18 -12 -5 24 -3 19 -18 3 6 -8 -9 -3 3 9 8 19 12
-14 6 10 12 2 -7 14 3 9 -17 -18 -3 15 -13 8 -6 -32 6 -8 21 -16 4 -6 -21 8 -1 29 1 -4 5 -18 -1 5 5 28 14 -26 -7 4 -5 3 -7 -6 -25 1 24 -16 18 -12 -5 24 -3 19 -18 3 6 -8 -9 -3 3 9 8 19 12
-14 6 10 12 2 -7 14 3 9 -17 -18 -3 15 -13 8 -6 -32 6 -8 21 -16 4 -6 -21 8 -1 29 1 -4 5 -18 -1 5 5 28 14 -26 -7 4 -5 3 -7 -6 -25 1 24 -16 18 -12 -5 24 -3 19 -18 3 6 -8 -9 -3 3 9 8 19 12
-14 6 10 12 2 -7 14 3 9 -17 -18 -3 15 -13 8 -6 -32 6 -8 21 -16 4 -6 -21 8 -1 29 1 -4 5 -18 -1 5 5 28 14 -26 -7 4 -5 3 -7 -6 -25 1 24 -16 18 -12 -5 24 -3 19 -18 3 6 -8 -9 -3 3 9 8 19 12
-14 6 10 12 2 -7 14 3 9 -17 -18 -3 15 -13 8 -6 -32 6 -8 21 -16 4 -6 -21 8 -1 29 1 -4 5 -18 -1 5 5 28 14 -26 -7 4 -5 3 -7 -6 -25 1 24 -16 18 -12 -5 24 -3 19 -18 3 6 -8 -9 -3 3 9 8 19 12
-14 6 10 12 2 -7 14 3 9 -17 -18 -3 15 -13 8 -6 -32 6 -8 21 -16 4 -6 -21 8 -1 29 1 -4 5 -18 -1 5 5 28 14 -26 -7 4 -5 3 -7 -6 -25 1 24 -16 18 -12 -5 24 -3 19 -18 3 6 -8 -9 -3 3 9 8 19 12
-14 6 10 12 2 -7 14 3 9 -17 -18 -3 15 -13 8 -6 -32 6 -8 21 -16 4 -6 -21 8 -1 29 1 -4 5 -18 -1 5 5 28 14 -26 -7 4 -5 3 -7 -6 -25 1 24 -16 18 -12 -5 24 -3 19 -18 3 6 -8 -9 -3 3 9 8 19 12
-14 6 10 12 2 -7 14 3 9 -17 -18 -3 15 -13 8 -6 -32 6 -8 21 -16 4 -6 -21 8 -1 29 1 -4 5 -18 -1 5 5 28 14 -26 -7 4 -5 3 -7 -6 -25 1 24 -16 18 -12 -5 24 -3 19 -18 3 6 -8 -9 -3 3 9 8 19 12
-14 6 10 12 2 -7 14 3 9 -17 -18 -3 15 -13 8 -6 -32 6 -8 21 -16 4 -6 -21 8 -1 29 1 -4 5 -18 -1 5 5 28 14 -26 -7 4 -5 3 -7 -6 -25 1 24 -16 18 -12 -5 24 -3 19 -18 3 6 -8 -9 -3 3 9 8 19 12
-14 6 10 12 2 -7 14 3 9 -17 -18 -3 15 -13 8 -6 -32 6 -8 21 -16 4 -6 -21 8 -1 29 1 -4 5 -18 -1 5 5 28 14 -26 -7 4 -5 3 -7 -6 -25 1 24 -16 18 -12 -5 24 -3 19 -18 3 6 -8 -9 -3 3 9 8 19 12
-14 6 10 12 2 -7 14 3 9 -17 -18 -3 15 -13 8 -6 -32 6 -8 21 -16 4 -6 -21 8 -1 29 1 -4 5 -18 -1 5 5 28 14 -26 -7 4 -5 3 -7 -6 -25 1 24 -16 18 -12 -5 24 -3 19 -18 3 6 -8 -9 -3 3 9 8 19 12
-14 6 10 12 2 -7 14 3 9 -17 -18 -3 15 -13 8 -6 -32 6 -8 21 -16 4 -6 -21 8 -1 29 1 -4 5 -18 -1 5 5 28 14 -26 -7 4 -5 3 -7 -6 -25 1 24 -16 18 -12 -5 24 -3 19 -18 3 6 -8 -9 -3 3 9 8 19 12
-14 6 10 12 2 -7 14 3 9 -17 -18 -3 15 -13 8 -6 -32 6 -8 21 -16 4 -6 -21 8 -1 29 1 -4 5 -18 -1 5 5 28 14 -26 -7 4 -5 3 -7 -6 -25 1 24 -16 18 -12 -5 24 -3 19 -18 3 6 -8 -9 -3 3 9 8 19 12
-14 6 10 12 2 -7 14 3 9 -17 -18 -3 15 -13 8 -6 -32 6 -8 21 -16 4 -6 -21 8 -1 29 1 -4 5 -18 -1 5 5 28 14 -26 -7 4 -5 3 -7 -6 -25 1 24 -16 18 -12 -5 24 -3 19 -18 3 6 -8 -9 -3 3 9 8 19 12
-14 6 10 12 2 -7 14 3 9 -17 -18 -3 15 -13 8 -6 -32 6 -8 21 -16 4 -6 -21 8 -1 29 1 -4 5 -18 -1 5 5 28 14 -26 -7 4 -5 3 -7 -6 -25 1 24 -16 18 -12 -5 24 -3 19 -18 3 6 -8 -9 -3 3 9 8 19 12
-14 6 10 12 2 -7 14 3 9 -17 -18 -3 15 -13 8 -6 -32 6 -8 21 -16 4 -6 -21 8 -1 29 1 -4 5 -18 -1 5 5 28 14 -26 -7 4 -5 3 -7 -6 -25 1 24 -16 18 -12 -5 24 -3 19 -18 3 6 -8 -9 -3 3 9 8 19 12
-14 6 10 12 2 -7 14 3 9 -17 -18 -3 15 -13 8 -6 -32 6 -8 21 -16 4 -6 -21 8 -1 29 1 -4 5 -18 -1 5 5 28 14 -26 -7 4 -5 3 -7 -6 -25 1 24 -16 18 -12 -5 24 -3 19 -18 3 6 -8 -9 -3 3 9 8 19 12
-14 6 10 12 2 -7 14 3 9 -17 -18 -3 15 -13 8 -6 -32 6 -8 21 -16 4 -6 -21 8 -1 29 1 -4 5 -18 -1 5 5 28 14 -26 -7 4 -5 3 -7 -6 -25 1 24 -16 18 -12 -5 24 -3 19 -18 3 6 -8 -9 -3 3 9 8 19 12
-14 6 10 12 2 -7 14 3 9 -17 -18 -3 15 -13 8 -6 -32 6 -8 21 -16 4 -6 -21 8 -1 29 1 -4 5 -18 -1 5 5 28 14 -26 -7 4 -5 3 -7 -6 -25 1 24 -16 18 -12 -5 24 -3 19 -18 3 6 -8 -9 -3 3 9 8 19 12
-14 6 10 12 2 -7 14 3 9 -17 -18 -3 15 -13 8 -6 -32 6 -8 21 -16 4 -6 -21 8 -1 29 1 -4 5 -18 -1 5 5 28 14 -26 -7 4 -5 3 -7 -6 -25 1 24 -16 18 -12 -5 24 -3 19 -18 3 6 -8 -9 -3 3 9 8 19 12
-14 6 10 12 2 -7 14 3 9 -17 -18 -3 15 -13 8 -6 -32 6 -8 21 -16 4 -6 -21 8 -1 29 1 -4 5 -18 -1 5 5 28 14 -26 -7 4 -5 3 -7 -6 -25 1 24 -16 18 -12 -5 24 -3 19 -18 3 6 -8 -9 -3 3 9 8 19 12
-14 6 10 12 2 -7 14 3 9 -17 -18 -3 15 -13 8 -6 -32 6 -8 21 -16 4 -6 -21 8 -1 29 1 -4 5 -18 -1 5 5 28 14 -26 -7 4 -5 3 -7 -6 -25 1 24 -16 18 -12 -5 24 -3 19 -18 3 6 -8 -9 -3 3 9 8 19 12
-14 6 10 12 2 -7 14 3 9 -17 -18 -3 15 -13 8 -6 -32 6 -8 21 -16 4 -6 -21 8 -1 29 1 -4 5 -18 -1 5 5 28 14 -26 -7 4 -5 3 -7 -6 -25 1 24 -16 18 -12 -5 24 -3 19 -18 3 6 -8 -9 -3 3 9 8 19 12
-14 6 10 12 2 -7 14 3 9 -17 -18 -3 15 -13 8 -6 -32 6 -8 21 -16 4 -6 -21 8 -1 29 1 -4 5 -18 -1 5 5 28 14 -26 -7 4 -5 3 -7 -6 -25 1 24 -16 18 -12 -5 24 -3 19 -18 3 6 -8 -9 -3 3 9 8 19 12
-14 6 10 12 2 -7 14 3 9 -17 -18 -3 15 -13 8 -6 -32 6 -8 21 -16 4 -6 -21 8 -1 29 1 -4 5 -18 -1 5 5 28 14 -26 -7 4 -5 3 -7 -6 -25 1 24 -16 18 -12 -5 24 -3 19 -18 3 6 -8 -9 -3 3 9 8 19 12
-14 6 10 12 2 -7 14 3 9 -17 -18 -3 15 -13 8 -6 -32 6 -8 21 -16 4 -6 -21 8 -1 29 1 -4 5 -18 -1 5 5 28 14 -26 -7 4 -5 3 -7 -6 -25 1 24 -16 18 -12 -5 24 -3 19 -18 3 6 -8 -9 -3 3 9 8 19 12
-14 6 10 12 2 -7 14 3 9 -17 -18 -3 15 -13 8 -6 -32 6 -8 21 -16 4 -6 -21 8 -1 29 1 -4 5 -18 -1 5 5 28 14 -26 -7 4 -5 3 -7 -6 -25 1 24 -16 18 -12 -5 24 -3 19 -18 3 6 -8 -9 -3 3 9 8 19 12
-14 6 10 12 2 -7 14 3 9 -17 -18 -3 15 -13 8 -6 -32 6 -8 21 -16 4 -6 -21 8 -1 29 1 -4 5 -18 -1 5 5 28 14 -26 -7 4 -5 3 -7 -6 -25 1 24 -16 18 -12 -5 24 -3 19 -18 3 6 -8 -9 -3 3 9 8 19 12
-14 6 10 12 2 -7 14 3 9 -17 -18 -3 15 -13 8 -6 -32 6 -8 21 -16 4 -6 -21 8 -1 29 1 -4 5 -18 -1 5 5 28 14 -26 -7 4 -5 3 -7 -6 -25 1 24 -16 18 -12 -5 24 -3 19 -18 3 6 -8 -9 -3 3 9 8 19 12
-14 6 10 12 2 -7 14 3 9 -17 -18 -3 15 -13 8 -6 -32 6 -8 21 -16 4 -6 -21 8 -1 29 1 -4 5 -18 -1 5 5 28 14 -26 -7 4 -5 3 -7 -6 -25 1 24 -16 18 -12 -5 24 -3 19 -18 3 6 -8 -9 -3 3 9 8 19 12
-14 6 10 12 2 -7 14 3 9 -17 -18 -3 15 -13 8 -6 -32 6 -8 21 -16 4 -6 -21 8 -1 29 1 -4 5 -18 -1 5 5 28 14 -26 -7 4 -5 3 -7 -6 -25 1 24 -16 18 -12 -5 24 -3 19 -18 3 6 -8 -9 -3 3 9 8 19 12
-14 6 10 12 2 -7 14 3 9 -17 -18 -3 15 -13 8 -6 -32 6 -8 21 -16 4 -6 -21 8 -1 29 1 -4 5 -18 -1 5 5 28 14 -26 -7 4 -5 3 -7 -6 -25 1 24 -16 18 -12 -5 24 -3 19 -18 3 6 -8 -9 -3 3 9 8 19 12
-14 6 10 12 2 -7 14 3 9 -17 -18 -3 15 -13 8 -6 -32 6 -8 21 -16 4 -6 -21 8 -1 29 1 -4 5 -18 -1 5 5 28 14 -26 -7 4 -5 3 -7 -6 -25 1 24 -16 18 -12 -5 24 -3 19 -18 3 6 -8 -9 -3 3 9 8 19 12
-14 6 10 12 2 -7 14 3 9 -17 -18 -3 15 -13 8 -6 -32 6 -8 21 -16 4 -6 -21 8 -1 29 1 -4 5 -18 -1 5 5 28 14 -26 -7 4 -5 3 -7 -6 -25 1 24 -16 18 -12 -5 24 -3 19 -18 3 6 -8 -9 -3 3 9 8 19 12
-14 6 10 12 2 -7 14 3 9 -17 -18 -3 15 -13 8 -6 -32 6 -8 21 -16 4 -6 -21 8 -1 29 1 -4 5 -18 -1 5 5 28 14 -26 -7 4 -5 3 -7 -6 -25 1 24 -16 18 -12 -5 24 -3 19 -18 3 6 -8 -9 -3 3 9 8 19 12
-14 6 10 12 2 -7 14 3 9 -17 -18 -3 15 -13 8 -6 -32 6 -8 21 -16 4 -6 -21 8 -1 29 1 -4 5 -18 -1 5 5 28 14 -26 -7 4 -5 3 -7 -6 -25 1 24 -16 18 -12 -5 24 -3 19 -18 3 6 -8 -9 -3 3 9 8 19 12
-14 6 10 12 2 -7 14 3 9 -17 -18 -3 15 -13 8 -6 -32 6 -8 21 -16 4 -6 -21 8 -1 29 1 -4 5 -18 -1 5 5 28 14 -26 -7 4 -5 3 -7 -6 -25 1 24 -16 18 -12 -5 24 -3 19 -18 3 6 -8 -9 -3 3 9 8 19 12
-14 6 10 12 2 -7 14 3 9 -17 -18 -3 15 -13 8 -6 -32 6 -8 21 -16 4 -6 -21 8 -1 29 1 -4 5 -18 -1 5 5 28 14 -26 -7 4 -5 3 -7 -6 -25 1 24 -16 18 -12 -5 24 -3 19 -18 3 6 -8 -9 -3 3 9 8 19 12
-14 6 10 12 2 -7 14 3 9 -17 -18 -3 15 -13 8 -6 -32 6 -8 21 -16 4 -6 -21 8 -1 29 1 -4 5 -18 -1 5 5 28 14 -26 -7 4 -5 3 -7 -6 -25 1 24 -16 18 -12 -5 24 -3 19 -18 3 6 -8 -9 -3 3 9 8 19 12
-14 6 10 12 2 -7 14 3 9 -17 -18 -3 15 -13 8 -6 -32 6 -8 21 -16 4 -6 -21 8 -1 29 1 -4 5 -18 -1 5 5 28 14 -26 -7 4 -5 3 -7 -6 -25 1 24 -16 18 -12 -5 24 -3 19 -18 3 6 -8 -9 -3 3 9 8 19 12
-14 6 10 12 2 -7 14 3 9 -17 -18 -3 15 -13 8 -6 -32 6 -8 21 -16 4 -6 -21 8 -1 29 1 -4 5 -18 -1 5 5 28 14 -26 -7 4 -5 3 -7 -6 -25 1 24 -16 18 -12 -5 24 -3 19 -18 3 6 -8 -9 -3 3 9 8 19 12
-14 6 10 12 2 -7 14 3 9 -17 -18 -3 15 -13 8 -6 -32 6 -8 21 -16 4 -6 -21 8 -1 29 1 -4 5 -18 -1 5 5 28 14 -26 -7 4 -5 3 -7 -6 -25 1 24 -16 18 -12 -5 24 -3 19 -18 3 6 -8 -9 -3 3 9 8 19 12
-14 6 10 12 2 -7 14 3 9 -17 -18 -3 15 -13 8 -6 -32 6 -8 21 -16 4 -6 -21 8 -1 29 1 -4 5 -18 -1 5 5 28 14 -26 -7 4 -5 3 -7 -6 -25 1 24 -16 18 -12 -5 24 -3 19 -18 3 6 -8 -9 -3 3 9 8 19 12
-14 6 10 12 2 -7 14 3 9 -17 -18 -3 15 -13 8 -6 -32 6 -8 21 -16 4 -6 -21 8 -1 29 1 -4 5 -18 -1 5 5 28 14 -26 -7 4 -5 3 -7 -6 -25 1 24 -16 18 -12 -5 24 -3 19 -18 3 6 -8 -9 -3 3 9 8 19 12
-14 6 10 12 2 -7 14 3 9 -17 -18 -3 15 -13 8 -6 -32 6 -8 21 -16 4 -6 -21 8 -1 29 1 -4 5 -18 -1 5 5 28 14 -26 -7 4 -5 3 -7 -6 -25 1 24 -16 18 -12 -5 24 -3 19 -18 3 6 -8 -9 -3 3 9 8 19 12
-14 6 10 12 2 -7 14 3 9 -17 -18 -3 15 -13 8 -6 -32 6 -8 21 -16 4 -6 -21 8 -1 29 1 -4 5 -18 -1 5 5 28 14 -26 -7 4 -5 3 -7 -6 -25 1 24 -16 18 -12 -5 24 -3 19 -18 3 6 -8 -9 -3 3 9 8 19 12
-14 6 10 12 2 -7 14 3 9 -17 -18 -3 15 -13 8 -6 -32 6 -8 21 -16 4 -6 -21 8 -1 29 1 -4 5 -18 -1 5 5 28 14 -26 -7 4 -5 3 -7 -6 -25 1 24 -16 18 -12 -5 24 -3 19 -18 3 6 -8 -9 -3 3 9 8 19 12
-14 6 10 12 2 -7 14 3 9 -17 -18 -3 15 -13 8 -6 -32 6 -8 21 -16 4 -6 -21 8 -1 29 1 -4 5 -18 -1 5 5 28 14 -26 -7 4 -5 3 -7 -6 -25 1 24 -16 18 -12 -5 24 -3 19 -18 3 6 -8 -9 -3 3 9 8 19 12
-14 6 10 12 2 -7 14 3 9 -17 -18 -3 15 -13 8 -6 -32 6 -8 21 -16 4 -6 -21 8 -1 29 1 -4 5 -18 -1 5 5 28 14 -26 -7 4 -5 3 -7 -6 -25 1 24 -16 18 -12 -5 24 -3 19 -18 3 6 -8 -9 -3 3 9 8 19 12
-14 6 10 12 2 -7 14 3 9 -17 -18 -3 15 -13 8 -6 -32 6 -8 21 -16 4 -6 -21 8 -1 29 1 -4 5 -18 -1 5 5 28 14 -26 -7 4 -5 3 -7 -6 -25 1 24 -16 18 -12 -5 24 -3 19 -18 3 6 -8 -9 -3 3 9 8 19 12
-14 6 10 12 2 -7 14 3 9 -17 -18 -3 15 -13 8 -6 -32 6 -8 21 -16 4 -6 -21 8 -1 29 1 -4 5 -18 -1 5 5 28 14 -26 -7 4 -5 3 -7 -6 -25 1 24 -16 18 -12 -5 24 -3 19 -18 3 6 -8 -9 -3 3 9 8 19 12
-14 6 10 12 2 -7 14 3 9 -17 -18 -3 15 -13 8 -6 -32 6 -8 21 -16 4 -6 -21 8 -1 29 1 -4 5 -18 -1 5 5 28 14 -26 -7 4 -5 3 -7 -6 -25 1 24 -16 18 -12 -5 24 -3 19 -18 3 6 -8 -9 -3 3 9 8 19 12
-14 6 10 12 2 -7 14 3 9 -17 -18 -3 15 -13 8 -6 -32 6 -8 21 -16 4 -6 -21 8 -1 29 1 -4 5 -18 -1 5 5 28 14 -26 -7 4 -5 3 -7 -6 -25 1 24 -16 18 -12 -5 24 -3 19 -18 3 6 -8 -9 -3 3 9 8 19 12
-14 6 10 12 2 -7 14 3 9 -17 -18 -3 15 -13 8 -6 -32 6 -8 21 -16 4 -6 -21 8 -1 29 1 -4 5 -18 -1 5 5 28 14 -26 -7 4 -5 3 -7 -6 -25 1 24 -16 18 -12 -5 24 -3 19 -18 3 6 -8 -9 -3 3 9 8 19 12
-14 6 10 12 2 -7 14 3 9 -17 -18 -3 15 -13 8 -6 -32 6 -8 21 -16 4 -6 -21 8 -1 29 1 -4 5 -18 -1 5 5 28 14 -26 -7 4 -5 3 -7 -6 -25 1 24 -16 18 -12 -5 24 -3 19 -18 3 6 -8 -9 -3 3 9 8 19 12
-14 6 10 12 2 -7 14 3 9 -17 -18 -3 15 -13 8 -6 -32 6 -8 21 -16 4 -6 -21 8 -1 29 1 -4 5 -18 -1 5 5 28 14 -26 -7 4 -5 3 -7 -6 -25 1 24 -16 18 -12 -5 24 -3 19 -18 3 6 -8 -9 -3 3 9 8 19 12
-14 6 10 12 2 -7 14 3 9 -17 -18 -3 15 -13 8 -6 -32 6 -8 21 -16 4 -6 -21 8 -1 29 1 -4 5 -18 -1 5 5 28 14 -26 -7 4 -5 3 -7 -6 -25 1 24 -16 18 -12 -5 24 -3 19 -18 3 6 -8 -9 -3 3 9 8 19 12
-14 6 10 12 2 -7 14 3 9 -17 -18 -3 15 -13 8 -6 -32 6 -8 21 -16 4 -6 -21 8 -1 29 1 -4 5 -18 -1 5 5 28 14 -26 -7 4 -5 3 -7 -6 -25 1 24 -16 18 -12 -5 24 -3 19 -18 3 6 -8 -9 -3 3 9 8 19 12
-14 6 10 12 2 -7 14 3 9 -17 -18 -3 15 -13 8 -6 -32 6 -8 21 -16 4 -6 -21 8 -1 29 1 -4 5 -18 -1 5 5 28 14 -26 -7 4 -5 3 -7 -6 -25 1 24 -16 18 -12 -5 24 -3 19 -18 3 6 -8 -9 -3 3 9 8 19 12
-14 6 10 12 2 -7 14 3 9 -17 -18 -3 15 -13 8 -6 -32 6 -8 21 -16 4 -6 -21 8 -1 29 1 -4 5 -18 -1 5 5 28 14 -26 -7 4 -5 3 -7 -6 -25 1 24 -16 18 -12 -5 24 -3 19 -18 3 6 -8 -9 -3 3 9 8 19 12
-14 6 10 12 2 -7 14 3 9 -17 -18 -3 15 -13 8 -6 -32 6 -8 21 -16 4 -6 -21 8 -1 29 1 -4 5 -18 -1 5 5 28 14 -26 -7 4 -5 3 -7 -6 -25 1 24 -16 18 -12 -5 24 -3 19 -18 3 6 -8 -9 -3 3 9 8 19 12
-14 6 10 12 2 -7 14 3 9 -17 -18 -3 15 -13 8 -6 -32 6 -8 21 -16 4 -6 -21 8 -1 29 1 -4 5 -18 -1 5 5 28 14 -26 -7 4 -5 3 -7 -6 -25 1 24 -16 18 -12 -5 24 -3 19 -18 3 6 -8 -9 -3 3 9 8 19 12
-14 6 10 12 2 -7 14 3 9 -17 -18 -3 15 -13 8 -6 -32 6 -8 21 -16 4 -6 -21 8 -1 29 1 -4 5 -18 -1 5 5 28 14 -26 -7 4 -5 3 -7 -6 -25 1 24 -16 18 -12 -5 24 -3 19 -18 3 6 -8 -9 -3 3 9 8 19 12
-14 6 10 12 2 -7 14 3 9 -17 -18 -3 15 -13 8 -6 -32 6 -8 21 -16 4 -6 -21 8 -1 29 1 -4 5 -18 -1 5 5 28 14 -26 -7 4 -5 3 -7 -6 -25 1 24 -16 18 -12 -5 24 -3 19 -18 3 6 -8 -9 -3 3 9 8 19 12
-14 6 10 12 2 -7 14 3 9 -17 -18 -3 15 -13 8 -6 -32 6 -8 21 -16 4 -6 -21 8 -1 29 1 -4 5 -18 -1 5 5 28 14 -26 -7 4 -5 3 -7 -6 -25 1 24 -16 18 -12 -5 24 -3 19 -18 3 6 -8 -9 -3 3 9 8 19 12
-14 6 10 12 2 -7 14 3 9 -17 -18 -3 15 -13 8 -6 -32 6 -8 21 -16 4 -6 -21 8 -1 29 1 -4 5 -18 -1 5 5 28 14 -26 -7 4 -5 3 -7 -6 -25 1 24 -16 18 -12 -5 24 -3 19 -18 3 6 -8 -9 -3 3 9 8 19 12
-14 6 10 12 2 -7 14 3 9 -17 -18 -3 15 -13 8 -6 -32 6 -8 21 -16 4 -6 -21 8 -1 29 1 -4 5 -18 -1 5 5 28 14 -26 -7 4 -5 3 -7 -6 -25 1 24 -16 18 -12 -5 24 -3 19 -18 3 6 -8 -9 -3 3 9 8 19 12
-14 6 10 12 2 -7 14 3 9 -17 -18 -3 15 -13 8 -6 -32 6 -8 21 -16 4 -6 -21 8 -1 29 1 -4 5 -18 -1 5 5 28 14 -26 -7 4 -5 3 -7 -6 -25 1 24 -16 18 -12 -5 24 -3 19 -18 3 6 -8 -9 -3 3 9 8 19 12
-14 6 10 12 2 -7 14 3 9 -17 -18 -3 15 -13 8 -6 -32 6 -8 21 -16 4 -6 -21 8 -1 29 1 -4 5 -18 -1 5 5 28 14 -26 -7 4 -5 3 -7 -6 -25 1 24 -16 18 -12 -5 24 -3 19 -18 3 6 -8 -9 -3 3 9 8 19 12
-14 6 10 12 2 -7 14 3 9 -17 -18 -3 15 -13 8 -6 -32 6 -8 21 -16 4 -6 -21 8 -1 29 1 -4 5 -18 -1 5 5 28 14 -26 -7 4 -5 3 -7 -6 -25 1 24 -16 18 -12 -5 24 -3 19 -18 3 6 -8 -9 -3 3 9 8 19 12
-14 6 10 12 2 -7 14 3 9 -17 -18 -3 15 -13 8 -6 -32 6 -8 21 -16 4 -6 -21 8 -1 29 1 -4 5 -18 -1 5 5 28 14 -26 -7 4 -5 3 -7 -6 -25 1 24 -16 18 -12 -5 24 -3 19 -18 3 6 -8 -9 -3 3 9 8 19 12
-14 6 10 12 2 -7 14 3 9 -17 -18 -3 15 -13 8 -6 -32 6 -8 21 -16 4 -6 -21 8 -1 29 1 -4 5 -18 -1 5 5 28 14 -26 -7 4 -5 3 -7 -6 -25 1 24 -16 18 -12 -5 24 -3 19 -18 3 6 -8 -9 -3 3 9 8 19 12
-14 6 10 12 2 -7 14 3 9 -17 -18 -3 15 -13 8 -6 -32 6 -8 21 -16 4 -6 -21 8 -1 29 1 -4 5 -18 -1 5 5 28 14 -26 -7 4 -5 3 -7 -6 -25 1 24 -16 18 -12 -5 24 -3 19 -18 3 6 -8 -9 -3 3 9 8 19 12
-14 6 10 12 2 -7 14 3 9 -17 -18 -3 15 -13 8 -6 -32 6 -8 21 -16 4 -6 -21 8 -1 29 1 -4 5 -18 -1 5 5 28 14 -26 -7 4 -5 3 -7 -6 -25 1 24 -16 18 -12 -5 24 -3 19 -18 3 6 -8 -9 -3 3 9 8 19 12
-14 6 10 12 2 -7 14 3 9 -17 -18 -3 15 -13 8 -6 -32 6 -8 21 -16 4 -6 -21 8 -1 29 1 -4 5 -18 -1 5 5 28 14 -26 -7 4 -5 3 -7 -6 -25 1 24 -16 18 -12 -5 24 -3 19 -18 3 6 -8 -9 -3 3 9 8 19 12
-14 6 10 12 2 -7 14 3 9 -17 -18 -3 15 -13 8 -6 -32 6 -8 21 -16 4 -6 -21 8 -1 29 1 -4 5 -18 -1 5 5 28 14 -26 -7 4 -5 3 -7 -6 -25 1 24 -16 18 -12 -5 24 -3 19 -18 3 6 -8 -9 -3 3 9 8 19 12
-14 6 10 12 2 -7 14 3 9 -17 -18 -3 15 -13 8 -6 -32 6 -8 21 -16 4 -6 -21 8 -1 29 1 -4 5 -18 -1 5 5 28 14 -26 -7 4 -5 3 -7 -6 -25 1 24 -16 18 -12 -5 24 -3 19 -18 3 6 -8 -9 -3 3 9 8 19 12
-14 6 10 12 2 -7 14 3 9 -17 -18 -3 15 -13 8 -6 -32 6 -8 21 -16 4 -6 -21 8 -1 29 1 -4 5 -18 -1 5 5 28 14 -26 -7 4 -5 3 -7 -6 -25 1 24 -16 18 -12 -5 24 -3 19 -18 3 6 -8 -9 -3 3 9 8 19 12
-14 6 10 12 2 -7 14 3 9 -17 -18 -3 15 -13 8 -6 -32 6 -8 21 -16 4 -6 -21 8 -1 29 1 -4 5 -18 -1 5 5 28 14 -26 -7 4 -5 3 -7 -6 -25 1 24 -16 18 -12 -5 24 -3 19 -18 3 6 -8 -9 -3 3 9 8 19 12
-14 6 10 12 2 -7 14 3 9 -17 -18 -3 15 -13 8 -6 -32 6 -8 21 -16 4 -6 -21 8 -1 29 1 -4 5 -18 -1 5 5 28 14 -26 -7 4 -5 3 -7 -6 -25 1 24 -16 18 -12 -5 24 -3 19 -18 3 6 -8 -9 -3 3 9 8 19 12
-14 6 10 12 2 -7 14 3 9 -17 -18 -3 15 -13 8 -6 -32 6 -8 21 -16 4 -6 -21 8 -1 29 1 -4 5 -18 -1 5 5 28 14 -26 -7 4 -5 3 -7 -6 -25 1 24 -16 18 -12 -5 24 -3 19 -18 3 6 -8 -9 -3 3 9 8 19 12
-14 6 10 12 2 -7 14 3 9 -17 -18 -3 15 -13 8 -6 -32 6 -8 21 -16 4 -6 -21 8 -1 29 1 -4 5 -18 -1 5 5 28 14 -26 -7 4 -5 3 -7 -6 -25 1 24 -16 18 -12 -5 24 -3 19 -18 3 6 -8 -9 -3 3 9 8 19 12
-14 6 10 12 2 -7 14 3 9 -17 -18 -3 15 -13 8 -6 -32 6 -8 21 -16 4 -6 -21 8 -1 29 1 -4 5 -18 -1 5 5 28 14 -26 -7 4 -5 3 -7 -6 -25 1 24 -16 18 -12 -5 24 -3 19 -18 3 6 -8 -9 -3 3 9 8 19 12
-14 6 10 12 2 -7 14 3 9 -17 -18 -3 15 -13 8 -6 -32 6 -8 21 -16 4 -6 -21 8 -1 29 1 -4 5 -18 -1 5 5 28 14 -26 -7 4 -5 3 -7 -6 -25 1 24 -16 18 -12 -5 24 -3 19 -18 3 6 -8 -9 -3 3 9 8 19 12
-14 6 10 12 2 -7 14 3 9 -17 -18 -3 15 -13 8 -6 -32 6 -8 21 -16 4 -6 -21 8 -1 29 1 -4 5 -18 -1 5 5 28 14 -26 -7 4 -5 3 -7 -6 -25 1 24 -16 18 -12 -5 24 -3 19 -18 3 6 -8 -9 -3 3 9 8 19 12
