-6 0 15 -10 6 -6 2 12 -12 -1 1 19 -3 11 -7 -9 -15 5 18 8 -9 -2 -19 -1 24 0 -15 -9 0 -27 -16 1 13 -13 -13 -14 0 -20 25 9 -24 10 16 11 4 -10 6 7 -10 6 -11 3 19 -9 -14 -37 6 1 -3 -9 8 -15 4 -30
-2 1 8 -4 3 -2 3 1 -34 6 7 15 -13 2 -6 7 -9 21 8 5 -3 6 -11 2 10 4 -3 1 -11 -29 -4 2 6 -14 -19 -24 6 -32 19 -1 -32 9 19 21 4 -6 -7 -1 14 -7 -2 -2 6 -14 -15 -27 35 15 -7 -18 32 -16 9 -19
7 2 -6 -2 2 -16 0 -1 -28 8 9 19 -2 -1 -7 -5 -21 24 25 4 -9 -2 -13 5 12 -6 -7 -10 -4 -20 3 -4 12 -8 -19 -21 10 -31 9 -5 -45 14 11 20 -3 -1 -10 -4 1 -7 -24 1 -1 -13 -14 -30 27 11 -13 -17 14 -13 -4 -21
1 1 1 -2 -1 -10 1 -2 -31 10 2 22 -7 10 -3 -8 -15 27 21 6 -15 -1 -11 11 12 -2 -3 -7 1 -24 9 -1 11 -13 -21 -21 2 -26 17 -1 -39 10 9 29 -4 0 -9 8 5 -11 -10 -6 6 -14 -16 -33 24 18 -17 -18 13 -16 3 -16
3 4 2 -4 5 -17 7 -8 -36 16 12 30 -11 17 -4 -12 -12 27 14 3 -12 2 -12 8 4 2 -4 3 7 -15 9 -4 17 -12 -26 -12 -3 -24 26 -8 -40 17 16 34 -11 15 -3 3 22 -2 -13 -5 9 -14 -19 -33 20 25 -7 -14 10 -18 8 -10
7 10 -1 8 -15 -15 10 -3 -33 16 12 30 -7 10 1 -6 -5 31 20 -4 -9 -3 -13 15 13 0 1 -7 -4 -18 12 -10 11 -2 -16 -22 8 -17 14 -9 -30 19 14 25 1 4 -10 2 18 -15 -14 -11 2 -7 -8 -35 28 34 -17 -28 26 -30 13 -23
4 5 2 -1 -8 -12 4 -3 -23 8 11 38 2 14 2 -13 -13 27 8 9 -15 -11 -15 5 12 11 4 9 3 -18 10 -6 11 -13 -28 -10 -8 -28 16 -6 -29 13 18 23 -15 11 -8 13 9 -3 -10 -5 -1 -5 -18 -37 24 26 -7 -5 16 -19 11 -22
2 -1 7 0 -6 -16 2 -7 -29 3 16 21 -3 0 -1 -5 -16 31 17 2 -11 -12 -13 10 1 5 -1 -8 3 -14 12 -1 15 -9 -26 -8 6 -25 18 -6 -37 19 16 25 -13 13 -4 11 12 -2 -19 -5 8 -10 -20 -35 23 27 -12 -17 17 -20 11 -20
5 -3 1 -2 -7 -14 3 -7 -27 13 15 27 1 8 2 -4 -9 29 4 8 -8 3 -14 1 5 11 0 -2 -1 -20 6 0 7 -16 -27 -11 1 -32 19 -9 -44 12 19 23 -6 3 -3 11 4 -2 -21 -3 5 -13 -14 -40 30 24 -11 -10 11 -13 13 -20
21 -9 12 14 10 -13 15 -10 -43 -9 -1 8 -5 8 9 -11 -22 32 -1 12 2 -5 -25 13 8 2 15 4 0 -2 9 -16 31 -12 -34 1 1 -33 0 -13 -43 19 1 50 -8 14 -8 11 10 23 -16 10 17 -36 -9 -36 23 25 -19 -13 14 -21 -18 -11
5 1 0 2 -5 -16 3 -8 -29 12 6 26 -6 -1 -11 0 -11 23 17 -3 -9 6 -6 -2 7 2 -9 -10 2 -29 4 -3 7 -6 -16 -16 6 -29 16 -5 -38 10 15 24 -10 -9 -13 13 7 -2 -19 0 3 -2 -10 -30 26 16 -9 -20 17 -18 12 -22
13 -7 -4 -6 -6 -6 5 -9 -30 9 16 25 -5 9 -11 -5 -11 27 19 4 -16 -7 -15 -1 0 12 -2 -4 11 -20 11 -3 13 -18 -18 -6 6 -30 19 1 -35 16 15 34 -15 0 2 5 15 -10 -24 -2 7 -10 -17 -32 22 25 -21 -16 23 -14 6 -18
8 -5 -3 0 0 -8 8 -15 -25 2 8 19 -4 7 -5 -9 -16 28 11 6 -20 3 -14 5 4 3 5 -10 4 -15 9 -2 10 -10 -11 -12 4 -30 17 -9 -41 6 10 20 -8 -8 -9 15 12 -4 -14 1 3 -14 -15 -32 21 18 -10 -13 21 -11 10 -17
10 -1 9 -4 -7 -18 7 -5 -24 9 8 29 -7 10 -6 -14 -16 31 11 4 -8 -4 -22 3 1 4 10 -3 14 -10 6 1 14 -19 -18 -17 0 -32 13 -7 -41 2 23 29 -12 6 4 -3 14 -3 -15 -3 4 -9 -13 -36 23 26 -4 -6 21 -18 6 -20
13 -2 4 10 -5 -6 9 -3 -30 2 21 14 -2 12 -3 -3 -16 36 -4 19 1 4 -15 2 1 3 12 -1 2 -9 3 -15 25 -9 -21 -7 10 -36 6 -5 -45 19 10 42 -11 13 -7 4 12 14 -16 4 10 -29 -10 -39 30 26 -21 -27 16 -12 -2 -18
11 5 0 3 -12 3 4 -6 -32 6 8 27 2 6 -7 0 -13 24 7 9 -8 15 -8 0 9 -5 3 0 5 -14 -4 -2 12 -10 -7 -15 7 -29 23 -1 -37 5 6 27 -4 -2 -3 5 24 -6 -14 -5 4 -11 -12 -35 31 21 -20 -15 25 -10 14 -16
18 0 -4 -1 -6 -9 13 -11 -22 12 5 28 -9 6 1 -19 -10 25 5 2 -11 -6 -20 3 4 6 1 0 0 -18 9 -2 9 -20 -18 -14 4 -29 23 -8 -44 6 13 26 -14 9 -4 4 19 -5 -17 -11 -2 -13 -13 -32 19 30 -19 -14 14 -11 5 -24
4 -4 -6 -9 -2 -1 6 -2 -29 9 5 26 -7 5 -7 -8 -13 29 13 1 -16 5 -12 -2 -2 3 -1 2 6 -16 2 -6 9 -16 -12 -11 9 -29 22 10 -42 18 15 17 -6 3 -8 6 10 -4 -20 -8 2 -10 -14 -33 23 30 -13 -26 16 -17 6 -15
0 5 1 2 -2 -5 11 1 -28 10 5 27 -5 12 -16 -12 -7 23 16 2 -18 1 -13 4 8 -4 9 4 4 -24 1 -3 8 -18 -9 -12 8 -28 22 -6 -43 11 17 26 -9 -2 2 7 20 -2 -14 -5 -4 -6 -13 -30 28 27 -6 -21 24 -18 20 -11
7 -3 2 -1 -6 -13 12 -4 -30 12 5 24 -1 2 -10 -5 -8 32 13 6 -10 -2 -20 1 -5 3 6 3 10 -10 3 1 16 -13 -17 -11 10 -28 27 1 -45 20 15 21 -12 16 -7 2 17 -1 -19 -1 6 -6 -17 -30 32 22 -12 -7 19 -22 7 -23
-1 -7 4 3 -5 -12 11 -3 -31 6 14 22 -2 10 -14 -12 -10 25 5 2 -7 3 -18 2 7 4 2 -1 6 -17 5 -5 8 -8 -17 -13 7 -32 16 -3 -42 13 19 21 -19 1 -1 2 20 -1 -17 5 2 -9 -22 -35 25 23 -15 -13 22 -14 13 -19
6 6 -6 2 -10 -17 1 -2 -23 7 0 8 4 3 -5 -2 -10 24 13 12 10 2 -30 7 -7 -1 7 -16 4 -13 0 -6 20 -9 -28 -4 22 -40 10 -3 -43 19 4 43 -9 14 -11 5 6 9 -25 20 9 -31 -18 -43 30 16 -7 -9 33 -15 2 -19
-4 -8 8 -3 13 1 0 -7 -9 7 0 12 -9 6 -9 -7 -9 12 19 1 -5 -7 -9 3 13 0 -4 -2 -1 -16 -6 3 12 -12 -7 -13 3 -17 16 5 -26 12 9 15 -8 4 -3 5 -6 -1 -7 1 18 -14 -2 -30 9 7 -6 -14 9 -16 2 -25
7 -1 9 5 -4 -3 1 3 -31 7 4 18 3 -7 -8 -2 -18 12 13 12 -6 7 -13 -6 17 -2 -11 -3 -12 -34 -9 -2 7 -8 -9 -13 7 -34 19 -10 -32 14 8 33 4 -6 -12 10 4 -16 -2 8 15 -12 -7 -40 29 12 -18 -19 11 -7 -5 -18
-4 0 12 19 -2 -19 5 23 -35 13 8 11 -3 -5 -20 8 -19 13 19 8 2 11 -12 -20 -1 -9 -8 -2 2 -37 0 3 9 -7 -13 -11 9 -28 0 -14 -28 15 9 29 -8 8 -19 11 9 -3 1 0 1 -18 0 -45 30 7 -19 -23 11 -16 2 -21
-5 -3 2 3 4 -12 -6 2 -29 11 13 23 2 2 -7 1 -21 18 14 5 -12 14 -17 0 11 9 -5 -14 -1 -27 0 8 -1 -23 -14 -13 -4 -34 16 -7 -32 1 9 20 -3 -2 -19 0 5 -6 -2 5 2 -17 -10 -34 25 23 -14 -12 12 -7 14 -22
1 -3 4 -7 11 -18 6 -10 -36 15 9 25 -14 6 -7 -12 -17 31 17 -1 -20 2 -7 2 -6 -2 -13 -4 0 -14 18 -7 11 -24 -27 -12 12 -20 26 -3 -29 12 16 28 -13 14 -5 9 14 -13 -7 0 13 -17 -12 -29 24 24 -9 -13 1 -13 5 -4
-5 1 1 -2 -2 -20 7 -3 -24 10 14 34 1 9 -3 -3 -4 28 24 -2 -13 0 -15 15 -1 -2 -1 -6 2 -15 2 -8 3 -10 -18 -19 15 -19 13 0 -31 19 14 30 -8 6 3 4 19 -8 -12 6 13 -6 -16 -35 28 24 -15 -19 19 -29 13 -18
-3 12 1 -1 -6 -6 3 2 -24 6 4 23 -5 8 -3 -12 -16 21 17 16 -12 -4 -18 0 -7 4 -2 -1 2 -27 6 0 15 -14 -23 -5 13 -28 25 -4 -28 16 17 24 -11 11 4 10 7 -14 -11 -7 2 -4 -28 -38 33 22 -6 -8 14 -18 13 -17
-4 4 4 -4 -9 -18 15 -3 -30 1 14 17 -2 11 -5 -1 -23 23 16 16 -15 -5 -23 4 -2 15 -6 -8 -5 -16 3 -7 7 -10 -19 -15 4 -31 16 -4 -33 14 18 22 -14 19 6 12 13 -2 -26 -1 9 -1 -24 -43 27 29 -11 -11 14 -18 9 -22
0 0 -1 1 -1 -10 -1 -5 -28 11 8 14 3 6 -7 -13 -11 17 6 5 -13 3 -16 3 1 7 -10 -4 0 -25 6 -5 6 -12 -21 -12 6 -34 23 -6 -36 8 16 22 -8 4 -10 11 6 -13 -15 1 8 -10 -11 -44 30 24 -10 -17 7 -14 13 -19
1 -3 -2 3 4 -17 9 -2 -27 9 7 13 1 5 -4 -13 -19 14 9 9 -7 5 -10 1 11 9 -11 4 2 -26 4 -12 8 -20 -20 -18 10 -32 21 -2 -35 8 10 30 -9 4 -10 11 7 -8 -11 0 8 -3 -16 -29 24 15 -7 -14 12 -21 11 -20
10 -11 -7 -3 -1 -14 5 -7 -23 13 11 26 -5 7 -10 -7 -14 22 15 0 -19 4 -20 1 0 3 -8 0 2 -17 -4 -7 2 -15 -13 -12 7 -27 24 0 -37 18 17 23 -12 7 0 7 17 -7 -18 3 7 -2 -20 -41 18 21 -5 -15 14 -13 3 -17
2 -12 5 1 -5 -9 6 -5 -26 6 4 22 -3 5 -5 -13 -27 18 7 7 -18 -2 -13 9 3 4 7 2 0 -14 0 -8 15 -16 -21 -18 4 -28 22 -6 -41 7 18 25 -5 4 -9 7 8 2 -11 4 16 -10 -16 -34 27 28 -9 -7 12 -19 13 -15
8 -1 3 1 -3 -16 14 -9 -22 12 2 28 -5 7 -7 -20 -22 20 13 -1 -9 1 -16 4 2 5 -6 2 5 -17 5 -4 13 -22 -16 -13 8 -26 23 -2 -44 6 12 34 -13 10 -3 4 20 -8 -21 2 6 -13 -14 -37 24 25 -12 -15 8 -15 11 -14
4 -9 -3 -6 -2 -6 5 -5 -26 8 10 24 -5 4 -9 -14 -16 22 10 5 -23 0 -12 -1 -3 -1 -4 1 3 -26 -4 -5 6 -18 -12 -15 7 -21 20 -2 -35 13 6 20 -11 -5 -4 2 7 -2 -10 3 9 -17 -11 -34 21 16 -13 -20 5 -16 14 -21
2 5 0 7 -7 -22 11 1 -24 9 4 22 -10 11 -12 -17 -12 21 14 7 -12 8 -11 5 5 -1 -4 2 4 -23 2 0 -3 -19 -17 -11 11 -25 25 -4 -44 5 19 20 -6 2 -7 2 12 -4 -17 2 2 0 -14 -34 27 23 -14 -16 16 -19 20 -18
2 -4 0 -1 -7 -15 5 -3 -33 11 15 29 -5 7 -9 -8 -8 28 11 14 -11 1 -20 4 -12 4 1 5 3 -15 0 -10 5 -19 -17 -14 20 -28 20 0 -40 17 15 24 -14 13 5 3 16 -6 -25 2 12 -5 -16 -35 31 29 -8 -11 21 -24 3 -14
2 -7 -9 2 -9 -18 11 -5 -30 8 10 17 0 5 -10 -11 -17 20 11 -2 -10 0 -16 7 6 4 -4 -6 6 -20 1 -11 3 -12 -19 -17 9 -30 21 -4 -35 3 11 21 -12 15 5 6 17 0 -18 1 5 -7 -18 -32 26 20 -12 -14 19 -18 8 -20
4 -3 4 10 -4 -16 3 -1 -25 8 1 18 7 6 -7 -9 -23 22 11 10 3 6 -21 -5 4 4 8 -4 -1 -18 -4 4 11 -11 -22 -7 16 -46 11 -2 -35 8 5 37 -4 9 -14 9 3 6 -18 22 13 -13 -24 -48 32 20 -5 -6 26 -17 8 -20
-2 -11 3 -4 11 0 0 -5 -8 10 -1 11 -2 4 -8 -5 -9 8 16 -3 -6 -4 -6 2 9 0 -4 -2 4 -19 -9 5 7 -10 -6 -10 1 -20 16 8 -26 9 6 15 -9 0 -2 3 -3 0 -11 3 18 -13 -6 -25 10 7 -3 -8 10 -18 -1 -28
8 -3 8 -4 2 -2 -6 -10 -21 6 0 13 -4 -1 -11 -13 -7 27 13 19 -12 12 -14 2 16 -1 -1 -7 -19 -28 -2 3 5 -10 -11 -7 4 -10 0 -18 -32 13 4 22 0 4 -13 7 3 -1 -4 16 10 -25 -19 -29 19 7 -12 -8 14 -16 2 -20
8 -3 8 -4 2 -2 -6 -10 -21 6 0 13 -4 -1 -11 -13 -7 27 13 19 -12 12 -14 2 16 -1 -1 -7 -19 -28 -2 3 5 -10 -11 -7 4 -10 0 -18 -32 13 4 22 0 4 -13 7 3 -1 -4 16 10 -25 -19 -29 19 7 -12 -8 14 -16 2 -20
8 -3 8 -4 2 -2 -6 -10 -21 6 0 13 -4 -1 -11 -13 -7 27 13 19 -12 12 -14 2 16 -1 -1 -7 -19 -28 -2 3 5 -10 -11 -7 4 -10 0 -18 -32 13 4 22 0 4 -13 7 3 -1 -4 16 10 -25 -19 -29 19 7 -12 -8 14 -16 2 -20
8 -3 8 -4 2 -2 -6 -10 -21 6 0 13 -4 -1 -11 -13 -7 27 13 19 -12 12 -14 2 16 -1 -1 -7 -19 -28 -2 3 5 -10 -11 -7 4 -10 0 -18 -32 13 4 22 0 4 -13 7 3 -1 -4 16 10 -25 -19 -29 19 7 -12 -8 14 -16 2 -20
8 -3 8 -4 2 -2 -6 -10 -21 6 0 13 -4 -1 -11 -13 -7 27 13 19 -12 12 -14 2 16 -1 -1 -7 -19 -28 -2 3 5 -10 -11 -7 4 -10 0 -18 -32 13 4 22 0 4 -13 7 3 -1 -4 16 10 -25 -19 -29 19 7 -12 -8 14 -16 2 -20
8 -3 8 -4 2 -2 -6 -10 -21 6 0 13 -4 -1 -11 -13 -7 27 13 19 -12 12 -14 2 16 -1 -1 -7 -19 -28 -2 3 5 -10 -11 -7 4 -10 0 -18 -32 13 4 22 0 4 -13 7 3 -1 -4 16 10 -25 -19 -29 19 7 -12 -8 14 -16 2 -20
8 -3 8 -4 2 -2 -6 -10 -21 6 0 13 -4 -1 -11 -13 -7 27 13 19 -12 12 -14 2 16 -1 -1 -7 -19 -28 -2 3 5 -10 -11 -7 4 -10 0 -18 -32 13 4 22 0 4 -13 7 3 -1 -4 16 10 -25 -19 -29 19 7 -12 -8 14 -16 2 -20
8 -3 8 -4 2 -2 -6 -10 -21 6 0 13 -4 -1 -11 -13 -7 27 13 19 -12 12 -14 2 16 -1 -1 -7 -19 -28 -2 3 5 -10 -11 -7 4 -10 0 -18 -32 13 4 22 0 4 -13 7 3 -1 -4 16 10 -25 -19 -29 19 7 -12 -8 14 -16 2 -20
8 -3 8 -4 2 -2 -6 -10 -21 6 0 13 -4 -1 -11 -13 -7 27 13 19 -12 12 -14 2 16 -1 -1 -7 -19 -28 -2 3 5 -10 -11 -7 4 -10 0 -18 -32 13 4 22 0 4 -13 7 3 -1 -4 16 10 -25 -19 -29 19 7 -12 -8 14 -16 2 -20
8 -3 8 -4 2 -2 -6 -10 -21 6 0 13 -4 -1 -11 -13 -7 27 13 19 -12 12 -14 2 16 -1 -1 -7 -19 -28 -2 3 5 -10 -11 -7 4 -10 0 -18 -32 13 4 22 0 4 -13 7 3 -1 -4 16 10 -25 -19 -29 19 7 -12 -8 14 -16 2 -20
8 -3 8 -4 2 -2 -6 -10 -21 6 0 13 -4 -1 -11 -13 -7 27 13 19 -12 12 -14 2 16 -1 -1 -7 -19 -28 -2 3 5 -10 -11 -7 4 -10 0 -18 -32 13 4 22 0 4 -13 7 3 -1 -4 16 10 -25 -19 -29 19 7 -12 -8 14 -16 2 -20
8 -3 8 -4 2 -2 -6 -10 -21 6 0 13 -4 -1 -11 -13 -7 27 13 19 -12 12 -14 2 16 -1 -1 -7 -19 -28 -2 3 5 -10 -11 -7 4 -10 0 -18 -32 13 4 22 0 4 -13 7 3 -1 -4 16 10 -25 -19 -29 19 7 -12 -8 14 -16 2 -20
8 -3 8 -4 2 -2 -6 -10 -21 6 0 13 -4 -1 -11 -13 -7 27 13 19 -12 12 -14 2 16 -1 -1 -7 -19 -28 -2 3 5 -10 -11 -7 4 -10 0 -18 -32 13 4 22 0 4 -13 7 3 -1 -4 16 10 -25 -19 -29 19 7 -12 -8 14 -16 2 -20
8 -3 8 -4 2 -2 -6 -10 -21 6 0 13 -4 -1 -11 -13 -7 27 13 19 -12 12 -14 2 16 -1 -1 -7 -19 -28 -2 3 5 -10 -11 -7 4 -10 0 -18 -32 13 4 22 0 4 -13 7 3 -1 -4 16 10 -25 -19 -29 19 7 -12 -8 14 -16 2 -20
8 -3 8 -4 2 -2 -6 -10 -21 6 0 13 -4 -1 -11 -13 -7 27 13 19 -12 12 -14 2 16 -1 -1 -7 -19 -28 -2 3 5 -10 -11 -7 4 -10 0 -18 -32 13 4 22 0 4 -13 7 3 -1 -4 16 10 -25 -19 -29 19 7 -12 -8 14 -16 2 -20
8 -3 8 -4 2 -2 -6 -10 -21 6 0 13 -4 -1 -11 -13 -7 27 13 19 -12 12 -14 2 16 -1 -1 -7 -19 -28 -2 3 5 -10 -11 -7 4 -10 0 -18 -32 13 4 22 0 4 -13 7 3 -1 -4 16 10 -25 -19 -29 19 7 -12 -8 14 -16 2 -20
8 -3 8 -4 2 -2 -6 -10 -21 6 0 13 -4 -1 -11 -13 -7 27 13 19 -12 12 -14 2 16 -1 -1 -7 -19 -28 -2 3 5 -10 -11 -7 4 -10 0 -18 -32 13 4 22 0 4 -13 7 3 -1 -4 16 10 -25 -19 -29 19 7 -12 -8 14 -16 2 -20
8 -3 8 -4 2 -2 -6 -10 -21 6 0 13 -4 -1 -11 -13 -7 27 13 19 -12 12 -14 2 16 -1 -1 -7 -19 -28 -2 3 5 -10 -11 -7 4 -10 0 -18 -32 13 4 22 0 4 -13 7 3 -1 -4 16 10 -25 -19 -29 19 7 -12 -8 14 -16 2 -20
8 -3 8 -4 2 -2 -6 -10 -21 6 0 13 -4 -1 -11 -13 -7 27 13 19 -12 12 -14 2 16 -1 -1 -7 -19 -28 -2 3 5 -10 -11 -7 4 -10 0 -18 -32 13 4 22 0 4 -13 7 3 -1 -4 16 10 -25 -19 -29 19 7 -12 -8 14 -16 2 -20
8 -3 8 -4 2 -2 -6 -10 -21 6 0 13 -4 -1 -11 -13 -7 27 13 19 -12 12 -14 2 16 -1 -1 -7 -19 -28 -2 3 5 -10 -11 -7 4 -10 0 -18 -32 13 4 22 0 4 -13 7 3 -1 -4 16 10 -25 -19 -29 19 7 -12 -8 14 -16 2 -20
8 -3 8 -4 2 -2 -6 -10 -21 6 0 13 -4 -1 -11 -13 -7 27 13 19 -12 12 -14 2 16 -1 -1 -7 -19 -28 -2 3 5 -10 -11 -7 4 -10 0 -18 -32 13 4 22 0 4 -13 7 3 -1 -4 16 10 -25 -19 -29 19 7 -12 -8 14 -16 2 -20
8 -3 8 -4 2 -2 -6 -10 -21 6 0 13 -4 -1 -11 -13 -7 27 13 19 -12 12 -14 2 16 -1 -1 -7 -19 -28 -2 3 5 -10 -11 -7 4 -10 0 -18 -32 13 4 22 0 4 -13 7 3 -1 -4 16 10 -25 -19 -29 19 7 -12 -8 14 -16 2 -20
8 -3 8 -4 2 -2 -6 -10 -21 6 0 13 -4 -1 -11 -13 -7 27 13 19 -12 12 -14 2 16 -1 -1 -7 -19 -28 -2 3 5 -10 -11 -7 4 -10 0 -18 -32 13 4 22 0 4 -13 7 3 -1 -4 16 10 -25 -19 -29 19 7 -12 -8 14 -16 2 -20
8 -3 8 -4 2 -2 -6 -10 -21 6 0 13 -4 -1 -11 -13 -7 27 13 19 -12 12 -14 2 16 -1 -1 -7 -19 -28 -2 3 5 -10 -11 -7 4 -10 0 -18 -32 13 4 22 0 4 -13 7 3 -1 -4 16 10 -25 -19 -29 19 7 -12 -8 14 -16 2 -20
8 -3 8 -4 2 -2 -6 -10 -21 6 0 13 -4 -1 -11 -13 -7 27 13 19 -12 12 -14 2 16 -1 -1 -7 -19 -28 -2 3 5 -10 -11 -7 4 -10 0 -18 -32 13 4 22 0 4 -13 7 3 -1 -4 16 10 -25 -19 -29 19 7 -12 -8 14 -16 2 -20
8 -3 8 -4 2 -2 -6 -10 -21 6 0 13 -4 -1 -11 -13 -7 27 13 19 -12 12 -14 2 16 -1 -1 -7 -19 -28 -2 3 5 -10 -11 -7 4 -10 0 -18 -32 13 4 22 0 4 -13 7 3 -1 -4 16 10 -25 -19 -29 19 7 -12 -8 14 -16 2 -20
8 -3 8 -4 2 -2 -6 -10 -21 6 0 13 -4 -1 -11 -13 -7 27 13 19 -12 12 -14 2 16 -1 -1 -7 -19 -28 -2 3 5 -10 -11 -7 4 -10 0 -18 -32 13 4 22 0 4 -13 7 3 -1 -4 16 10 -25 -19 -29 19 7 -12 -8 14 -16 2 -20
8 -3 8 -4 2 -2 -6 -10 -21 6 0 13 -4 -1 -11 -13 -7 27 13 19 -12 12 -14 2 16 -1 -1 -7 -19 -28 -2 3 5 -10 -11 -7 4 -10 0 -18 -32 13 4 22 0 4 -13 7 3 -1 -4 16 10 -25 -19 -29 19 7 -12 -8 14 -16 2 -20
8 -3 8 -4 2 -2 -6 -10 -21 6 0 13 -4 -1 -11 -13 -7 27 13 19 -12 12 -14 2 16 -1 -1 -7 -19 -28 -2 3 5 -10 -11 -7 4 -10 0 -18 -32 13 4 22 0 4 -13 7 3 -1 -4 16 10 -25 -19 -29 19 7 -12 -8 14 -16 2 -20
8 -3 8 -4 2 -2 -6 -10 -21 6 0 13 -4 -1 -11 -13 -7 27 13 19 -12 12 -14 2 16 -1 -1 -7 -19 -28 -2 3 5 -10 -11 -7 4 -10 0 -18 -32 13 4 22 0 4 -13 7 3 -1 -4 16 10 -25 -19 -29 19 7 -12 -8 14 -16 2 -20
8 -3 8 -4 2 -2 -6 -10 -21 6 0 13 -4 -1 -11 -13 -7 27 13 19 -12 12 -14 2 16 -1 -1 -7 -19 -28 -2 3 5 -10 -11 -7 4 -10 0 -18 -32 13 4 22 0 4 -13 7 3 -1 -4 16 10 -25 -19 -29 19 7 -12 -8 14 -16 2 -20
8 -3 8 -4 2 -2 -6 -10 -21 6 0 13 -4 -1 -11 -13 -7 27 13 19 -12 12 -14 2 16 -1 -1 -7 -19 -28 -2 3 5 -10 -11 -7 4 -10 0 -18 -32 13 4 22 0 4 -13 7 3 -1 -4 16 10 -25 -19 -29 19 7 -12 -8 14 -16 2 -20
8 -3 8 -4 2 -2 -6 -10 -21 6 0 13 -4 -1 -11 -13 -7 27 13 19 -12 12 -14 2 16 -1 -1 -7 -19 -28 -2 3 5 -10 -11 -7 4 -10 0 -18 -32 13 4 22 0 4 -13 7 3 -1 -4 16 10 -25 -19 -29 19 7 -12 -8 14 -16 2 -20
8 -3 8 -4 2 -2 -6 -10 -21 6 0 13 -4 -1 -11 -13 -7 27 13 19 -12 12 -14 2 16 -1 -1 -7 -19 -28 -2 3 5 -10 -11 -7 4 -10 0 -18 -32 13 4 22 0 4 -13 7 3 -1 -4 16 10 -25 -19 -29 19 7 -12 -8 14 -16 2 -20
8 -3 8 -4 2 -2 -6 -10 -21 6 0 13 -4 -1 -11 -13 -7 27 13 19 -12 12 -14 2 16 -1 -1 -7 -19 -28 -2 3 5 -10 -11 -7 4 -10 0 -18 -32 13 4 22 0 4 -13 7 3 -1 -4 16 10 -25 -19 -29 19 7 -12 -8 14 -16 2 -20
8 -3 8 -4 2 -2 -6 -10 -21 6 0 13 -4 -1 -11 -13 -7 27 13 19 -12 12 -14 2 16 -1 -1 -7 -19 -28 -2 3 5 -10 -11 -7 4 -10 0 -18 -32 13 4 22 0 4 -13 7 3 -1 -4 16 10 -25 -19 -29 19 7 -12 -8 14 -16 2 -20
8 -3 8 -4 2 -2 -6 -10 -21 6 0 13 -4 -1 -11 -13 -7 27 13 19 -12 12 -14 2 16 -1 -1 -7 -19 -28 -2 3 5 -10 -11 -7 4 -10 0 -18 -32 13 4 22 0 4 -13 7 3 -1 -4 16 10 -25 -19 -29 19 7 -12 -8 14 -16 2 -20
8 -3 8 -4 2 -2 -6 -10 -21 6 0 13 -4 -1 -11 -13 -7 27 13 19 -12 12 -14 2 16 -1 -1 -7 -19 -28 -2 3 5 -10 -11 -7 4 -10 0 -18 -32 13 4 22 0 4 -13 7 3 -1 -4 16 10 -25 -19 -29 19 7 -12 -8 14 -16 2 -20
8 -3 8 -4 2 -2 -6 -10 -21 6 0 13 -4 -1 -11 -13 -7 27 13 19 -12 12 -14 2 16 -1 -1 -7 -19 -28 -2 3 5 -10 -11 -7 4 -10 0 -18 -32 13 4 22 0 4 -13 7 3 -1 -4 16 10 -25 -19 -29 19 7 -12 -8 14 -16 2 -20
8 -3 8 -4 2 -2 -6 -10 -21 6 0 13 -4 -1 -11 -13 -7 27 13 19 -12 12 -14 2 16 -1 -1 -7 -19 -28 -2 3 5 -10 -11 -7 4 -10 0 -18 -32 13 4 22 0 4 -13 7 3 -1 -4 16 10 -25 -19 -29 19 7 -12 -8 14 -16 2 -20
8 -3 8 -4 2 -2 -6 -10 -21 6 0 13 -4 -1 -11 -13 -7 27 13 19 -12 12 -14 2 16 -1 -1 -7 -19 -28 -2 3 5 -10 -11 -7 4 -10 0 -18 -32 13 4 22 0 4 -13 7 3 -1 -4 16 10 -25 -19 -29 19 7 -12 -8 14 -16 2 -20
8 -3 8 -4 2 -2 -6 -10 -21 6 0 13 -4 -1 -11 -13 -7 27 13 19 -12 12 -14 2 16 -1 -1 -7 -19 -28 -2 3 5 -10 -11 -7 4 -10 0 -18 -32 13 4 22 0 4 -13 7 3 -1 -4 16 10 -25 -19 -29 19 7 -12 -8 14 -16 2 -20
8 -3 8 -4 2 -2 -6 -10 -21 6 0 13 -4 -1 -11 -13 -7 27 13 19 -12 12 -14 2 16 -1 -1 -7 -19 -28 -2 3 5 -10 -11 -7 4 -10 0 -18 -32 13 4 22 0 4 -13 7 3 -1 -4 16 10 -25 -19 -29 19 7 -12 -8 14 -16 2 -20
8 -3 8 -4 2 -2 -6 -10 -21 6 0 13 -4 -1 -11 -13 -7 27 13 19 -12 12 -14 2 16 -1 -1 -7 -19 -28 -2 3 5 -10 -11 -7 4 -10 0 -18 -32 13 4 22 0 4 -13 7 3 -1 -4 16 10 -25 -19 -29 19 7 -12 -8 14 -16 2 -20
8 -3 8 -4 2 -2 -6 -10 -21 6 0 13 -4 -1 -11 -13 -7 27 13 19 -12 12 -14 2 16 -1 -1 -7 -19 -28 -2 3 5 -10 -11 -7 4 -10 0 -18 -32 13 4 22 0 4 -13 7 3 -1 -4 16 10 -25 -19 -29 19 7 -12 -8 14 -16 2 -20
8 -3 8 -4 2 -2 -6 -10 -21 6 0 13 -4 -1 -11 -13 -7 27 13 19 -12 12 -14 2 16 -1 -1 -7 -19 -28 -2 3 5 -10 -11 -7 4 -10 0 -18 -32 13 4 22 0 4 -13 7 3 -1 -4 16 10 -25 -19 -29 19 7 -12 -8 14 -16 2 -20
8 -3 8 -4 2 -2 -6 -10 -21 6 0 13 -4 -1 -11 -13 -7 27 13 19 -12 12 -14 2 16 -1 -1 -7 -19 -28 -2 3 5 -10 -11 -7 4 -10 0 -18 -32 13 4 22 0 4 -13 7 3 -1 -4 16 10 -25 -19 -29 19 7 -12 -8 14 -16 2 -20
8 -3 8 -4 2 -2 -6 -10 -21 6 0 13 -4 -1 -11 -13 -7 27 13 19 -12 12 -14 2 16 -1 -1 -7 -19 -28 -2 3 5 -10 -11 -7 4 -10 0 -18 -32 13 4 22 0 4 -13 7 3 -1 -4 16 10 -25 -19 -29 19 7 -12 -8 14 -16 2 -20
8 -3 8 -4 2 -2 -6 -10 -21 6 0 13 -4 -1 -11 -13 -7 27 13 19 -12 12 -14 2 16 -1 -1 -7 -19 -28 -2 3 5 -10 -11 -7 4 -10 0 -18 -32 13 4 22 0 4 -13 7 3 -1 -4 16 10 -25 -19 -29 19 7 -12 -8 14 -16 2 -20
8 -3 8 -4 2 -2 -6 -10 -21 6 0 13 -4 -1 -11 -13 -7 27 13 19 -12 12 -14 2 16 -1 -1 -7 -19 -28 -2 3 5 -10 -11 -7 4 -10 0 -18 -32 13 4 22 0 4 -13 7 3 -1 -4 16 10 -25 -19 -29 19 7 -12 -8 14 -16 2 -20
8 -3 8 -4 2 -2 -6 -10 -21 6 0 13 -4 -1 -11 -13 -7 27 13 19 -12 12 -14 2 16 -1 -1 -7 -19 -28 -2 3 5 -10 -11 -7 4 -10 0 -18 -32 13 4 22 0 4 -13 7 3 -1 -4 16 10 -25 -19 -29 19 7 -12 -8 14 -16 2 -20
8 -3 8 -4 2 -2 -6 -10 -21 6 0 13 -4 -1 -11 -13 -7 27 13 19 -12 12 -14 2 16 -1 -1 -7 -19 -28 -2 3 5 -10 -11 -7 4 -10 0 -18 -32 13 4 22 0 4 -13 7 3 -1 -4 16 10 -25 -19 -29 19 7 -12 -8 14 -16 2 -20
8 -3 8 -4 2 -2 -6 -10 -21 6 0 13 -4 -1 -11 -13 -7 27 13 19 -12 12 -14 2 16 -1 -1 -7 -19 -28 -2 3 5 -10 -11 -7 4 -10 0 -18 -32 13 4 22 0 4 -13 7 3 -1 -4 16 10 -25 -19 -29 19 7 -12 -8 14 -16 2 -20
8 -3 8 -4 2 -2 -6 -10 -21 6 0 13 -4 -1 -11 -13 -7 27 13 19 -12 12 -14 2 16 -1 -1 -7 -19 -28 -2 3 5 -10 -11 -7 4 -10 0 -18 -32 13 4 22 0 4 -13 7 3 -1 -4 16 10 -25 -19 -29 19 7 -12 -8 14 -16 2 -20
8 -3 8 -4 2 -2 -6 -10 -21 6 0 13 -4 -1 -11 -13 -7 27 13 19 -12 12 -14 2 16 -1 -1 -7 -19 -28 -2 3 5 -10 -11 -7 4 -10 0 -18 -32 13 4 22 0 4 -13 7 3 -1 -4 16 10 -25 -19 -29 19 7 -12 -8 14 -16 2 -20
8 -3 8 -4 2 -2 -6 -10 -21 6 0 13 -4 -1 -11 -13 -7 27 13 19 -12 12 -14 2 16 -1 -1 -7 -19 -28 -2 3 5 -10 -11 -7 4 -10 0 -18 -32 13 4 22 0 4 -13 7 3 -1 -4 16 10 -25 -19 -29 19 7 -12 -8 14 -16 2 -20
8 -3 8 -4 2 -2 -6 -10 -21 6 0 13 -4 -1 -11 -13 -7 27 13 19 -12 12 -14 2 16 -1 -1 -7 -19 -28 -2 3 5 -10 -11 -7 4 -10 0 -18 -32 13 4 22 0 4 -13 7 3 -1 -4 16 10 -25 -19 -29 19 7 -12 -8 14 -16 2 -20
8 -3 8 -4 2 -2 -6 -10 -21 6 0 13 -4 -1 -11 -13 -7 27 13 19 -12 12 -14 2 16 -1 -1 -7 -19 -28 -2 3 5 -10 -11 -7 4 -10 0 -18 -32 13 4 22 0 4 -13 7 3 -1 -4 16 10 -25 -19 -29 19 7 -12 -8 14 -16 2 -20
8 -3 8 -4 2 -2 -6 -10 -21 6 0 13 -4 -1 -11 -13 -7 27 13 19 -12 12 -14 2 16 -1 -1 -7 -19 -28 -2 3 5 -10 -11 -7 4 -10 0 -18 -32 13 4 22 0 4 -13 7 3 -1 -4 16 10 -25 -19 -29 19 7 -12 -8 14 -16 2 -20
8 -3 8 -4 2 -2 -6 -10 -21 6 0 13 -4 -1 -11 -13 -7 27 13 19 -12 12 -14 2 16 -1 -1 -7 -19 -28 -2 3 5 -10 -11 -7 4 -10 0 -18 -32 13 4 22 0 4 -13 7 3 -1 -4 16 10 -25 -19 -29 19 7 -12 -8 14 -16 2 -20
8 -3 8 -4 2 -2 -6 -10 -21 6 0 13 -4 -1 -11 -13 -7 27 13 19 -12 12 -14 2 16 -1 -1 -7 -19 -28 -2 3 5 -10 -11 -7 4 -10 0 -18 -32 13 4 22 0 4 -13 7 3 -1 -4 16 10 -25 -19 -29 19 7 -12 -8 14 -16 2 -20
8 -3 8 -4 2 -2 -6 -10 -21 6 0 13 -4 -1 -11 -13 -7 27 13 19 -12 12 -14 2 16 -1 -1 -7 -19 -28 -2 3 5 -10 -11 -7 4 -10 0 -18 -32 13 4 22 0 4 -13 7 3 -1 -4 16 10 -25 -19 -29 19 7 -12 -8 14 -16 2 -20
8 -3 8 -4 2 -2 -6 -10 -21 6 0 13 -4 -1 -11 -13 -7 27 13 19 -12 12 -14 2 16 -1 -1 -7 -19 -28 -2 3 5 -10 -11 -7 4 -10 0 -18 -32 13 4 22 0 4 -13 7 3 -1 -4 16 10 -25 -19 -29 19 7 -12 -8 14 -16 2 -20
8 -3 8 -4 2 -2 -6 -10 -21 6 0 13 -4 -1 -11 -13 -7 27 13 19 -12 12 -14 2 16 -1 -1 -7 -19 -28 -2 3 5 -10 -11 -7 4 -10 0 -18 -32 13 4 22 0 4 -13 7 3 -1 -4 16 10 -25 -19 -29 19 7 -12 -8 14 -16 2 -20
8 -3 8 -4 2 -2 -6 -10 -21 6 0 13 -4 -1 -11 -13 -7 27 13 19 -12 12 -14 2 16 -1 -1 -7 -19 -28 -2 3 5 -10 -11 -7 4 -10 0 -18 -32 13 4 22 0 4 -13 7 3 -1 -4 16 10 -25 -19 -29 19 7 -12 -8 14 -16 2 -20
8 -3 8 -4 2 -2 -6 -10 -21 6 0 13 -4 -1 -11 -13 -7 27 13 19 -12 12 -14 2 16 -1 -1 -7 -19 -28 -2 3 5 -10 -11 -7 4 -10 0 -18 -32 13 4 22 0 4 -13 7 3 -1 -4 16 10 -25 -19 -29 19 7 -12 -8 14 -16 2 -20
8 -3 8 -4 2 -2 -6 -10 -21 6 0 13 -4 -1 -11 -13 -7 27 13 19 -12 12 -14 2 16 -1 -1 -7 -19 -28 -2 3 5 -10 -11 -7 4 -10 0 -18 -32 13 4 22 0 4 -13 7 3 -1 -4 16 10 -25 -19 -29 19 7 -12 -8 14 -16 2 -20
8 -3 8 -4 2 -2 -6 -10 -21 6 0 13 -4 -1 -11 -13 -7 27 13 19 -12 12 -14 2 16 -1 -1 -7 -19 -28 -2 3 5 -10 -11 -7 4 -10 0 -18 -32 13 4 22 0 4 -13 7 3 -1 -4 16 10 -25 -19 -29 19 7 -12 -8 14 -16 2 -20
8 -3 8 -4 2 -2 -6 -10 -21 6 0 13 -4 -1 -11 -13 -7 27 13 19 -12 12 -14 2 16 -1 -1 -7 -19 -28 -2 3 5 -10 -11 -7 4 -10 0 -18 -32 13 4 22 0 4 -13 7 3 -1 -4 16 10 -25 -19 -29 19 7 -12 -8 14 -16 2 -20
8 -3 8 -4 2 -2 -6 -10 -21 6 0 13 -4 -1 -11 -13 -7 27 13 19 -12 12 -14 2 16 -1 -1 -7 -19 -28 -2 3 5 -10 -11 -7 4 -10 0 -18 -32 13 4 22 0 4 -13 7 3 -1 -4 16 10 -25 -19 -29 19 7 -12 -8 14 -16 2 -20
8 -3 8 -4 2 -2 -6 -10 -21 6 0 13 -4 -1 -11 -13 -7 27 13 19 -12 12 -14 2 16 -1 -1 -7 -19 -28 -2 3 5 -10 -11 -7 4 -10 0 -18 -32 13 4 22 0 4 -13 7 3 -1 -4 16 10 -25 -19 -29 19 7 -12 -8 14 -16 2 -20
8 -3 8 -4 2 -2 -6 -10 -21 6 0 13 -4 -1 -11 -13 -7 27 13 19 -12 12 -14 2 16 -1 -1 -7 -19 -28 -2 3 5 -10 -11 -7 4 -10 0 -18 -32 13 4 22 0 4 -13 7 3 -1 -4 16 10 -25 -19 -29 19 7 -12 -8 14 -16 2 -20
8 -3 8 -4 2 -2 -6 -10 -21 6 0 13 -4 -1 -11 -13 -7 27 13 19 -12 12 -14 2 16 -1 -1 -7 -19 -28 -2 3 5 -10 -11 -7 4 -10 0 -18 -32 13 4 22 0 4 -13 7 3 -1 -4 16 10 -25 -19 -29 19 7 -12 -8 14 -16 2 -20
8 -3 8 -4 2 -2 -6 -10 -21 6 0 13 -4 -1 -11 -13 -7 27 13 19 -12 12 -14 2 16 -1 -1 -7 -19 -28 -2 3 5 -10 -11 -7 4 -10 0 -18 -32 13 4 22 0 4 -13 7 3 -1 -4 16 10 -25 -19 -29 19 7 -12 -8 14 -16 2 -20
8 -3 8 -4 2 -2 -6 -10 -21 6 0 13 -4 -1 -11 -13 -7 27 13 19 -12 12 -14 2 16 -1 -1 -7 -19 -28 -2 3 5 -10 -11 -7 4 -10 0 -18 -32 13 4 22 0 4 -13 7 3 -1 -4 16 10 -25 -19 -29 19 7 -12 -8 14 -16 2 -20
8 -3 8 -4 2 -2 -6 -10 -21 6 0 13 -4 -1 -11 -13 -7 27 13 19 -12 12 -14 2 16 -1 -1 -7 -19 -28 -2 3 5 -10 -11 -7 4 -10 0 -18 -32 13 4 22 0 4 -13 7 3 -1 -4 16 10 -25 -19 -29 19 7 -12 -8 14 -16 2 -20
8 -3 8 -4 2 -2 -6 -10 -21 6 0 13 -4 -1 -11 -13 -7 27 13 19 -12 12 -14 2 16 -1 -1 -7 -19 -28 -2 3 5 -10 -11 -7 4 -10 0 -18 -32 13 4 22 0 4 -13 7 3 -1 -4 16 10 -25 -19 -29 19 7 -12 -8 14 -16 2 -20
8 -3 8 -4 2 -2 -6 -10 -21 6 0 13 -4 -1 -11 -13 -7 27 13 19 -12 12 -14 2 16 -1 -1 -7 -19 -28 -2 3 5 -10 -11 -7 4 -10 0 -18 -32 13 4 22 0 4 -13 7 3 -1 -4 16 10 -25 -19 -29 19 7 -12 -8 14 -16 2 -20
8 -3 8 -4 2 -2 -6 -10 -21 6 0 13 -4 -1 -11 -13 -7 27 13 19 -12 12 -14 2 16 -1 -1 -7 -19 -28 -2 3 5 -10 -11 -7 4 -10 0 -18 -32 13 4 22 0 4 -13 7 3 -1 -4 16 10 -25 -19 -29 19 7 -12 -8 14 -16 2 -20
8 -3 8 -4 2 -2 -6 -10 -21 6 0 13 -4 -1 -11 -13 -7 27 13 19 -12 12 -14 2 16 -1 -1 -7 -19 -28 -2 3 5 -10 -11 -7 4 -10 0 -18 -32 13 4 22 0 4 -13 7 3 -1 -4 16 10 -25 -19 -29 19 7 -12 -8 14 -16 2 -20
8 -3 8 -4 2 -2 -6 -10 -21 6 0 13 -4 -1 -11 -13 -7 27 13 19 -12 12 -14 2 16 -1 -1 -7 -19 -28 -2 3 5 -10 -11 -7 4 -10 0 -18 -32 13 4 22 0 4 -13 7 3 -1 -4 16 10 -25 -19 -29 19 7 -12 -8 14 -16 2 -20
8 -3 8 -4 2 -2 -6 -10 -21 6 0 13 -4 -1 -11 -13 -7 27 13 19 -12 12 -14 2 16 -1 -1 -7 -19 -28 -2 3 5 -10 -11 -7 4 -10 0 -18 -32 13 4 22 0 4 -13 7 3 -1 -4 16 10 -25 -19 -29 19 7 -12 -8 14 -16 2 -20
8 -3 8 -4 2 -2 -6 -10 -21 6 0 13 -4 -1 -11 -13 -7 27 13 19 -12 12 -14 2 16 -1 -1 -7 -19 -28 -2 3 5 -10 -11 -7 4 -10 0 -18 -32 13 4 22 0 4 -13 7 3 -1 -4 16 10 -25 -19 -29 19 7 -12 -8 14 -16 2 -20
8 -3 8 -4 2 -2 -6 -10 -21 6 0 13 -4 -1 -11 -13 -7 27 13 19 -12 12 -14 2 16 -1 -1 -7 -19 -28 -2 3 5 -10 -11 -7 4 -10 0 -18 -32 13 4 22 0 4 -13 7 3 -1 -4 16 10 -25 -19 -29 19 7 -12 -8 14 -16 2 -20
8 -3 8 -4 2 -2 -6 -10 -21 6 0 13 -4 -1 -11 -13 -7 27 13 19 -12 12 -14 2 16 -1 -1 -7 -19 -28 -2 3 5 -10 -11 -7 4 -10 0 -18 -32 13 4 22 0 4 -13 7 3 -1 -4 16 10 -25 -19 -29 19 7 -12 -8 14 -16 2 -20
8 -3 8 -4 2 -2 -6 -10 -21 6 0 13 -4 -1 -11 -13 -7 27 13 19 -12 12 -14 2 16 -1 -1 -7 -19 -28 -2 3 5 -10 -11 -7 4 -10 0 -18 -32 13 4 22 0 4 -13 7 3 -1 -4 16 10 -25 -19 -29 19 7 -12 -8 14 -16 2 -20
8 -3 8 -4 2 -2 -6 -10 -21 6 0 13 -4 -1 -11 -13 -7 27 13 19 -12 12 -14 2 16 -1 -1 -7 -19 -28 -2 3 5 -10 -11 -7 4 -10 0 -18 -32 13 4 22 0 4 -13 7 3 -1 -4 16 10 -25 -19 -29 19 7 -12 -8 14 -16 2 -20
