13 -31 7 -11 -17 58 -9 -11 -5 12 -9 1 4 6 14 -3 7 15 -19 -4 10 -2 -25 40 -10 2 28 -1 -2 12 -14 -8 -7 0 -3 10 -5 -13 19 16 7 16 -5 -13 7 -29 1 20 21 -14 -13 20 -1 3 2 18 -20 2 31 2 10 -5 -2 -18
16 -24 -3 -20 -10 33 -1 -12 11 11 -1 -4 -6 -1 19 -13 -1 19 -12 8 11 -10 -8 46 -8 14 29 -2 1 14 -21 -17 -12 -14 11 9 8 -15 37 21 15 17 2 -8 0 -30 3 14 34 -18 -12 12 21 15 -9 20 -17 -21 24 4 24 -5 7 -19
20 -31 -3 -17 -9 32 -8 -9 10 7 7 11 -1 1 21 -17 -3 26 -8 6 4 -4 -9 47 -3 15 32 4 -1 13 -14 -13 -8 -9 7 0 6 -17 38 16 13 30 -6 -5 0 -27 8 14 26 -17 -13 8 19 9 -12 11 -17 -19 25 13 0 -3 13 -17
13 -32 -3 -19 -10 35 -14 -8 8 10 4 5 -6 0 19 -17 -1 28 -13 6 6 -6 -13 47 4 17 33 -3 -2 15 -11 -26 -13 2 8 -5 5 -20 30 17 13 28 0 -4 3 -25 -2 16 30 -18 -16 10 18 8 -18 16 -21 -11 26 14 9 1 9 -14
13 -23 1 -18 -2 31 -10 -12 10 16 2 3 -5 5 17 -14 4 22 -22 1 -3 -11 -15 51 1 25 34 -4 2 18 -17 -19 -12 -11 6 3 7 -12 35 12 2 33 -2 -8 6 -29 0 11 27 -16 -17 14 17 13 -10 7 -20 -12 29 13 4 4 6 -7
19 -20 -7 -23 -11 23 -8 -11 18 19 -4 -5 -12 4 15 -12 -4 23 -13 11 5 -3 -16 46 2 18 24 2 1 20 -24 -12 -10 -10 5 4 10 -14 30 15 7 24 -8 -7 11 -27 -2 14 26 -26 -25 5 18 11 -18 12 -18 -11 30 12 3 1 8 -8
18 -33 4 -13 -13 24 -6 -12 14 23 7 -3 -6 9 25 -16 0 31 -14 15 0 -8 -17 50 -4 24 32 -2 -6 15 -25 -14 -4 -11 4 14 2 -21 34 5 -2 26 5 -7 8 -28 -6 8 22 -25 -17 11 26 8 -19 16 -18 -16 28 17 -1 -2 8 -9
15 -26 3 -19 -13 31 -5 -12 8 17 -6 6 -7 7 21 -17 0 25 -11 4 4 0 -14 48 -3 22 31 2 4 23 -22 -14 -9 -8 4 7 9 -9 34 15 6 35 -6 -4 3 -27 0 16 26 -21 -14 13 14 10 -17 11 -20 -15 24 11 7 -7 7 -13
19 -35 7 -18 -7 27 -10 -5 8 16 8 0 -3 3 22 -16 -1 26 -16 5 5 -6 -22 48 4 20 36 -1 4 16 -15 -22 -7 -5 5 8 4 -18 31 10 8 29 -6 -3 10 -24 -4 15 30 -25 -13 10 25 9 -15 12 -20 -19 25 8 2 -3 10 -12
10 -27 -9 -33 6 2 5 -15 13 31 15 -4 -11 4 22 0 11 11 4 19 -8 -12 -10 37 0 28 25 16 -15 32 -29 -11 5 -7 6 -7 -1 -28 40 11 -2 15 0 -12 8 -18 -5 14 32 -28 -4 -6 27 15 -8 5 -24 -17 20 14 4 1 -8 -13
22 -28 2 -19 -4 29 -12 -14 12 11 2 -6 -5 4 21 -12 -1 34 -19 10 2 -5 -11 51 6 19 32 -5 1 19 -17 -14 -2 -7 10 2 4 -18 31 11 6 23 3 -4 9 -23 1 9 27 -23 -13 10 22 12 -25 14 -21 -13 31 8 2 -1 10 -7
17 -30 1 -21 -5 27 -12 -2 7 16 -4 0 -7 0 26 -10 -2 29 -20 5 -2 -4 -10 43 -1 19 30 -2 -3 16 -21 -17 -2 -11 15 6 3 -11 37 15 6 38 -1 -6 5 -18 -8 13 31 -20 -12 8 26 8 -23 11 -20 -14 32 9 1 -1 3 -12
20 -28 0 -19 -5 32 -9 -2 6 10 -1 1 -7 6 22 -20 1 29 -18 3 6 -4 -10 44 -3 20 35 -3 0 14 -15 -15 -7 -4 13 -3 8 -12 29 13 10 29 6 -5 6 -25 -3 13 32 -18 -13 5 23 10 -17 17 -16 -12 28 8 9 4 13 -8
17 -24 -2 -19 -10 25 3 -5 9 19 -1 1 -5 7 23 -14 -1 24 -13 3 6 3 -13 42 -3 23 33 -1 -3 22 -16 -16 -6 -10 10 11 1 -5 35 14 5 41 -7 -14 5 -26 -8 16 19 -18 -15 11 23 14 -12 10 -12 -14 29 10 8 -3 12 -10
12 -34 -5 -28 -1 22 -5 -13 13 22 10 -3 -10 -3 17 -5 2 13 -13 13 -2 -5 -9 43 -4 40 36 5 -9 28 -24 -20 0 -11 9 5 2 -22 42 15 -1 25 -3 -17 4 -9 -6 17 25 -12 -16 2 25 1 -10 18 -25 -21 22 13 5 -5 8 -15
16 -33 1 -19 -9 26 -10 -4 13 15 6 0 -6 -2 13 -15 -2 23 -14 6 2 -9 -13 44 -3 18 39 -3 -12 16 -16 -21 -11 -1 6 0 5 -14 28 29 13 26 3 -4 6 -17 -3 14 32 -16 -17 6 25 13 -19 14 -20 -20 32 2 8 -3 15 -11
19 -30 4 -18 1 26 -3 -14 10 12 5 3 -8 2 20 -9 4 23 -19 9 3 -7 -10 44 -7 25 26 -4 -7 22 -18 -22 -2 -11 11 11 7 -9 38 12 8 35 -1 -7 2 -32 -12 7 27 -18 -9 17 27 13 -19 12 -22 -16 30 7 7 2 3 -3
21 -32 0 -17 -9 26 -16 -10 15 15 4 3 -6 3 22 -12 4 25 -18 12 6 -7 -9 46 7 19 33 0 -3 17 -17 -21 -12 -5 15 -2 7 -18 31 13 7 19 1 -9 2 -16 0 18 29 -24 -14 7 23 7 -18 25 -23 -8 23 12 11 -1 7 -10
20 -25 0 -18 -7 27 -8 -7 9 12 -1 7 -8 -2 21 -12 0 19 -21 7 3 -5 -15 49 8 23 29 -4 -5 13 -18 -19 -9 -11 8 -2 9 -11 27 12 6 30 3 -11 2 -23 -4 18 26 -22 -19 13 26 13 -20 15 -23 -16 28 4 12 0 12 -8
19 -27 1 -16 -6 28 -6 -9 6 13 2 6 -10 2 26 -13 2 25 -15 4 7 -9 -11 48 -3 25 32 1 -1 15 -15 -17 -9 -11 11 6 14 -8 33 17 3 36 -6 -5 1 -27 -6 14 31 -26 -14 14 17 11 -18 15 -22 -12 36 8 5 -7 5 -12
20 -26 0 -18 -7 30 -9 -4 9 13 -3 3 0 -4 27 -4 6 22 -17 5 1 -5 -14 48 -5 21 30 -3 -6 15 -16 -19 -4 -12 10 5 6 -14 37 13 7 28 -1 -12 0 -18 -4 13 27 -22 -7 15 23 8 -21 11 -25 -10 31 1 9 -4 10 -14
17 -32 -3 -28 -11 14 -5 -21 1 15 7 7 -10 2 19 -3 12 13 -10 15 -11 -12 4 51 -4 32 30 7 -16 31 -20 -18 6 -4 16 -4 0 -24 24 10 -5 13 -3 -10 13 -12 0 9 27 -5 -12 3 24 0 -12 14 -26 -24 19 7 -6 -8 11 -12
14 -22 8 -9 -9 58 -20 -9 0 12 -3 6 -5 2 17 -8 6 24 -11 -4 7 -7 -20 29 -2 4 26 -1 -3 9 -9 -9 -11 -1 2 8 3 -16 17 15 3 21 2 -11 7 -21 -1 15 29 -4 -15 22 7 3 -4 20 -19 -5 21 -1 5 1 -3 -15
15 -22 -1 -16 0 31 -4 -13 3 16 6 -6 -4 11 3 -14 -4 20 -18 12 10 -5 -12 47 -6 6 26 6 -2 22 -15 -13 0 -6 15 12 3 -24 27 11 17 18 10 -14 15 -27 1 7 24 -21 -7 11 19 16 -5 15 -27 -22 26 3 3 4 11 -19
5 -24 -7 -31 2 20 2 -19 5 20 18 -5 -6 -3 4 -14 2 28 -25 23 1 -8 -14 43 -7 10 31 8 -6 29 -18 -7 7 -3 21 4 6 -29 33 9 11 12 11 -8 10 -22 1 7 27 -24 -9 9 16 7 -17 5 -27 -25 27 7 4 -4 2 -14
13 -27 1 -15 -9 31 -17 -6 6 15 7 4 -4 5 11 -14 2 22 -18 9 3 -5 -10 48 3 15 30 2 3 17 -7 -15 -5 -4 15 2 9 -27 29 14 17 28 7 -11 10 -24 7 10 31 -17 -14 9 17 11 -17 17 -20 -17 28 6 5 7 11 -21
18 -16 1 -16 -1 30 -11 -16 4 16 4 12 -14 10 14 -19 7 27 -19 1 1 -15 -15 40 3 19 32 1 -1 18 -11 -13 -13 -6 11 6 10 -15 30 10 7 39 2 -14 15 -31 3 8 26 -14 -15 18 13 11 -6 16 -25 -10 25 8 1 10 2 -11
20 -25 -2 -14 -15 27 -10 -11 14 18 -6 2 -13 15 22 -20 5 24 -20 7 5 -8 -9 50 8 11 30 3 3 19 -23 -11 -12 -4 11 6 5 -17 26 16 9 27 4 -9 6 -30 1 7 26 -22 -16 11 17 10 -12 11 -23 -9 27 8 0 -2 10 -15
18 -23 2 -14 -11 26 -3 -13 15 25 7 3 -12 4 13 -12 2 30 -18 7 5 -7 -16 51 7 19 30 4 1 17 -22 -16 -4 -10 13 11 10 -22 35 7 7 29 0 -14 6 -33 -2 12 27 -21 -16 19 15 9 -15 16 -21 -13 32 4 -6 0 9 -14
17 -30 0 -17 1 19 -2 -3 18 16 -1 2 -9 4 20 -19 2 26 -19 8 5 4 -15 52 -1 19 22 8 -2 17 -24 -10 -3 -7 15 11 3 -14 35 11 9 32 -2 -11 5 -31 -5 7 30 -23 -9 12 16 21 -14 11 -21 -15 25 6 -5 0 14 -17
10 -32 0 -14 -7 30 -15 -11 9 14 5 11 -6 5 12 -21 -1 22 -19 2 1 -10 -14 48 -1 15 30 -2 0 15 -11 -16 -6 -9 14 7 5 -24 28 15 7 29 5 -9 11 -26 2 12 29 -16 -9 11 15 5 -10 15 -25 -14 29 3 4 2 13 -17
17 -26 -7 -14 -4 28 -13 -10 7 9 6 -1 -1 9 17 -18 -4 28 -17 6 1 -8 -12 52 -1 9 26 2 -1 16 -13 -10 -5 -10 11 8 3 -23 32 14 13 26 9 -3 8 -27 0 5 25 -20 -7 17 20 5 -11 12 -27 -15 28 9 7 -4 7 -16
15 -21 3 -19 -7 20 -8 -7 12 17 2 -1 -8 0 20 -16 9 25 -26 9 0 -8 -15 48 2 7 27 -3 1 15 -13 -12 -8 -12 18 7 -1 -17 34 9 9 29 -1 -6 9 -25 -1 4 27 -19 -6 14 22 10 -22 9 -19 -16 28 10 1 2 8 -12
18 -31 -1 -11 -9 31 -6 -4 5 16 2 6 -2 4 24 -24 1 23 -17 1 12 -11 -11 39 -1 19 34 6 -2 20 -12 -15 -4 -12 16 3 3 -17 26 16 16 28 4 -12 2 -21 -1 17 27 -19 -15 9 20 20 -6 17 -18 -9 23 7 10 -2 12 -12
20 -25 0 -16 -1 24 -4 -14 9 15 8 4 -11 -1 21 -9 0 23 -18 5 2 -9 -11 43 0 16 29 -1 -1 17 -16 -18 -5 -9 14 8 6 -14 28 9 17 32 3 -12 2 -28 -5 9 23 -21 -8 21 18 18 -15 15 -29 -11 27 4 7 2 4 -9
16 -30 1 -16 -11 29 -13 -12 14 12 1 14 -8 7 19 -15 5 22 -14 6 4 -5 -10 40 -2 6 28 3 1 12 -10 -14 -13 -5 15 -1 6 -18 25 20 9 24 6 -11 6 -18 4 12 28 -17 -14 11 21 7 -14 20 -24 -3 24 6 6 -1 7 -13
25 -21 0 -21 -9 24 -11 -11 9 8 -1 10 -9 -1 16 -14 3 23 -20 11 1 -2 -7 48 10 15 33 3 -4 20 -17 -21 -7 -9 12 6 8 -15 26 12 17 25 3 -6 2 -23 -5 12 25 -22 -15 18 19 11 -17 12 -26 -15 27 1 10 -2 13 -3
19 -23 1 -17 -6 26 -7 -10 4 16 1 4 -12 4 20 -13 8 21 -16 2 -7 -6 -16 48 0 22 32 2 -2 15 -18 -20 -12 -7 18 6 6 -11 36 13 5 31 -3 -8 2 -30 -6 12 31 -22 -9 18 16 10 -15 12 -21 -12 29 4 4 -1 10 -11
16 -27 5 -17 -5 32 -4 -3 10 10 -5 4 -11 3 19 -12 10 26 -18 5 0 -7 -13 47 0 24 26 0 5 19 -6 -15 -4 -15 11 7 0 -20 32 14 6 32 4 -11 2 -25 1 11 31 -16 -11 13 16 12 -17 10 -20 -7 26 0 5 -4 8 -11
13 -29 -1 -22 -7 18 -17 -15 6 12 4 1 -9 4 21 -8 7 17 -11 15 -11 -8 -1 51 0 28 27 6 -9 27 -14 -16 -3 -6 15 7 3 -18 25 15 0 15 3 -9 13 -15 0 4 28 -14 -10 13 23 5 -11 12 -31 -30 21 3 -6 -8 15 -7
14 -22 7 -10 -10 58 -20 -7 1 10 -3 5 -3 1 19 -9 9 21 -13 -3 9 -5 -18 30 2 4 26 -4 0 7 -7 -7 -8 -3 4 4 7 -20 15 13 3 20 -2 -6 11 -18 2 16 28 -7 -13 24 5 4 -6 18 -22 -4 22 -2 7 -1 -2 -14
5 -29 2 -14 -3 30 -6 -14 7 18 5 -2 -3 8 15 -5 -8 13 -13 2 1 -6 -1 41 -9 19 37 -1 1 24 -10 -1 -3 -15 -8 2 11 -11 24 18 2 20 9 -10 16 -24 0 8 19 -21 -21 20 14 8 1 18 -22 -9 18 7 9 3 15 -16
5 -29 2 -14 -3 30 -6 -14 7 18 5 -2 -3 8 15 -5 -8 13 -13 2 1 -6 -1 41 -9 19 37 -1 1 24 -10 -1 -3 -15 -8 2 11 -11 24 18 2 20 9 -10 16 -24 0 8 19 -21 -21 20 14 8 1 18 -22 -9 18 7 9 3 15 -16
5 -29 2 -14 -3 30 -6 -14 7 18 5 -2 -3 8 15 -5 -8 13 -13 2 1 -6 -1 41 -9 19 37 -1 1 24 -10 -1 -3 -15 -8 2 11 -11 24 18 2 20 9 -10 16 -24 0 8 19 -21 -21 20 14 8 1 18 -22 -9 18 7 9 3 15 -16
5 -29 2 -14 -3 30 -6 -14 7 18 5 -2 -3 8 15 -5 -8 13 -13 2 1 -6 -1 41 -9 19 37 -1 1 24 -10 -1 -3 -15 -8 2 11 -11 24 18 2 20 9 -10 16 -24 0 8 19 -21 -21 20 14 8 1 18 -22 -9 18 7 9 3 15 -16
5 -29 2 -14 -3 30 -6 -14 7 18 5 -2 -3 8 15 -5 -8 13 -13 2 1 -6 -1 41 -9 19 37 -1 1 24 -10 -1 -3 -15 -8 2 11 -11 24 18 2 20 9 -10 16 -24 0 8 19 -21 -21 20 14 8 1 18 -22 -9 18 7 9 3 15 -16
5 -29 2 -14 -3 30 -6 -14 7 18 5 -2 -3 8 15 -5 -8 13 -13 2 1 -6 -1 41 -9 19 37 -1 1 24 -10 -1 -3 -15 -8 2 11 -11 24 18 2 20 9 -10 16 -24 0 8 19 -21 -21 20 14 8 1 18 -22 -9 18 7 9 3 15 -16
5 -29 2 -14 -3 30 -6 -14 7 18 5 -2 -3 8 15 -5 -8 13 -13 2 1 -6 -1 41 -9 19 37 -1 1 24 -10 -1 -3 -15 -8 2 11 -11 24 18 2 20 9 -10 16 -24 0 8 19 -21 -21 20 14 8 1 18 -22 -9 18 7 9 3 15 -16
5 -29 2 -14 -3 30 -6 -14 7 18 5 -2 -3 8 15 -5 -8 13 -13 2 1 -6 -1 41 -9 19 37 -1 1 24 -10 -1 -3 -15 -8 2 11 -11 24 18 2 20 9 -10 16 -24 0 8 19 -21 -21 20 14 8 1 18 -22 -9 18 7 9 3 15 -16
5 -29 2 -14 -3 30 -6 -14 7 18 5 -2 -3 8 15 -5 -8 13 -13 2 1 -6 -1 41 -9 19 37 -1 1 24 -10 -1 -3 -15 -8 2 11 -11 24 18 2 20 9 -10 16 -24 0 8 19 -21 -21 20 14 8 1 18 -22 -9 18 7 9 3 15 -16
5 -29 2 -14 -3 30 -6 -14 7 18 5 -2 -3 8 15 -5 -8 13 -13 2 1 -6 -1 41 -9 19 37 -1 1 24 -10 -1 -3 -15 -8 2 11 -11 24 18 2 20 9 -10 16 -24 0 8 19 -21 -21 20 14 8 1 18 -22 -9 18 7 9 3 15 -16
5 -29 2 -14 -3 30 -6 -14 7 18 5 -2 -3 8 15 -5 -8 13 -13 2 1 -6 -1 41 -9 19 37 -1 1 24 -10 -1 -3 -15 -8 2 11 -11 24 18 2 20 9 -10 16 -24 0 8 19 -21 -21 20 14 8 1 18 -22 -9 18 7 9 3 15 -16
5 -29 2 -14 -3 30 -6 -14 7 18 5 -2 -3 8 15 -5 -8 13 -13 2 1 -6 -1 41 -9 19 37 -1 1 24 -10 -1 -3 -15 -8 2 11 -11 24 18 2 20 9 -10 16 -24 0 8 19 -21 -21 20 14 8 1 18 -22 -9 18 7 9 3 15 -16
5 -29 2 -14 -3 30 -6 -14 7 18 5 -2 -3 8 15 -5 -8 13 -13 2 1 -6 -1 41 -9 19 37 -1 1 24 -10 -1 -3 -15 -8 2 11 -11 24 18 2 20 9 -10 16 -24 0 8 19 -21 -21 20 14 8 1 18 -22 -9 18 7 9 3 15 -16
5 -29 2 -14 -3 30 -6 -14 7 18 5 -2 -3 8 15 -5 -8 13 -13 2 1 -6 -1 41 -9 19 37 -1 1 24 -10 -1 -3 -15 -8 2 11 -11 24 18 2 20 9 -10 16 -24 0 8 19 -21 -21 20 14 8 1 18 -22 -9 18 7 9 3 15 -16
5 -29 2 -14 -3 30 -6 -14 7 18 5 -2 -3 8 15 -5 -8 13 -13 2 1 -6 -1 41 -9 19 37 -1 1 24 -10 -1 -3 -15 -8 2 11 -11 24 18 2 20 9 -10 16 -24 0 8 19 -21 -21 20 14 8 1 18 -22 -9 18 7 9 3 15 -16
5 -29 2 -14 -3 30 -6 -14 7 18 5 -2 -3 8 15 -5 -8 13 -13 2 1 -6 -1 41 -9 19 37 -1 1 24 -10 -1 -3 -15 -8 2 11 -11 24 18 2 20 9 -10 16 -24 0 8 19 -21 -21 20 14 8 1 18 -22 -9 18 7 9 3 15 -16
5 -29 2 -14 -3 30 -6 -14 7 18 5 -2 -3 8 15 -5 -8 13 -13 2 1 -6 -1 41 -9 19 37 -1 1 24 -10 -1 -3 -15 -8 2 11 -11 24 18 2 20 9 -10 16 -24 0 8 19 -21 -21 20 14 8 1 18 -22 -9 18 7 9 3 15 -16
5 -29 2 -14 -3 30 -6 -14 7 18 5 -2 -3 8 15 -5 -8 13 -13 2 1 -6 -1 41 -9 19 37 -1 1 24 -10 -1 -3 -15 -8 2 11 -11 24 18 2 20 9 -10 16 -24 0 8 19 -21 -21 20 14 8 1 18 -22 -9 18 7 9 3 15 -16
5 -29 2 -14 -3 30 -6 -14 7 18 5 -2 -3 8 15 -5 -8 13 -13 2 1 -6 -1 41 -9 19 37 -1 1 24 -10 -1 -3 -15 -8 2 11 -11 24 18 2 20 9 -10 16 -24 0 8 19 -21 -21 20 14 8 1 18 -22 -9 18 7 9 3 15 -16
5 -29 2 -14 -3 30 -6 -14 7 18 5 -2 -3 8 15 -5 -8 13 -13 2 1 -6 -1 41 -9 19 37 -1 1 24 -10 -1 -3 -15 -8 2 11 -11 24 18 2 20 9 -10 16 -24 0 8 19 -21 -21 20 14 8 1 18 -22 -9 18 7 9 3 15 -16
5 -29 2 -14 -3 30 -6 -14 7 18 5 -2 -3 8 15 -5 -8 13 -13 2 1 -6 -1 41 -9 19 37 -1 1 24 -10 -1 -3 -15 -8 2 11 -11 24 18 2 20 9 -10 16 -24 0 8 19 -21 -21 20 14 8 1 18 -22 -9 18 7 9 3 15 -16
5 -29 2 -14 -3 30 -6 -14 7 18 5 -2 -3 8 15 -5 -8 13 -13 2 1 -6 -1 41 -9 19 37 -1 1 24 -10 -1 -3 -15 -8 2 11 -11 24 18 2 20 9 -10 16 -24 0 8 19 -21 -21 20 14 8 1 18 -22 -9 18 7 9 3 15 -16
5 -29 2 -14 -3 30 -6 -14 7 18 5 -2 -3 8 15 -5 -8 13 -13 2 1 -6 -1 41 -9 19 37 -1 1 24 -10 -1 -3 -15 -8 2 11 -11 24 18 2 20 9 -10 16 -24 0 8 19 -21 -21 20 14 8 1 18 -22 -9 18 7 9 3 15 -16
5 -29 2 -14 -3 30 -6 -14 7 18 5 -2 -3 8 15 -5 -8 13 -13 2 1 -6 -1 41 -9 19 37 -1 1 24 -10 -1 -3 -15 -8 2 11 -11 24 18 2 20 9 -10 16 -24 0 8 19 -21 -21 20 14 8 1 18 -22 -9 18 7 9 3 15 -16
5 -29 2 -14 -3 30 -6 -14 7 18 5 -2 -3 8 15 -5 -8 13 -13 2 1 -6 -1 41 -9 19 37 -1 1 24 -10 -1 -3 -15 -8 2 11 -11 24 18 2 20 9 -10 16 -24 0 8 19 -21 -21 20 14 8 1 18 -22 -9 18 7 9 3 15 -16
5 -29 2 -14 -3 30 -6 -14 7 18 5 -2 -3 8 15 -5 -8 13 -13 2 1 -6 -1 41 -9 19 37 -1 1 24 -10 -1 -3 -15 -8 2 11 -11 24 18 2 20 9 -10 16 -24 0 8 19 -21 -21 20 14 8 1 18 -22 -9 18 7 9 3 15 -16
5 -29 2 -14 -3 30 -6 -14 7 18 5 -2 -3 8 15 -5 -8 13 -13 2 1 -6 -1 41 -9 19 37 -1 1 24 -10 -1 -3 -15 -8 2 11 -11 24 18 2 20 9 -10 16 -24 0 8 19 -21 -21 20 14 8 1 18 -22 -9 18 7 9 3 15 -16
5 -29 2 -14 -3 30 -6 -14 7 18 5 -2 -3 8 15 -5 -8 13 -13 2 1 -6 -1 41 -9 19 37 -1 1 24 -10 -1 -3 -15 -8 2 11 -11 24 18 2 20 9 -10 16 -24 0 8 19 -21 -21 20 14 8 1 18 -22 -9 18 7 9 3 15 -16
5 -29 2 -14 -3 30 -6 -14 7 18 5 -2 -3 8 15 -5 -8 13 -13 2 1 -6 -1 41 -9 19 37 -1 1 24 -10 -1 -3 -15 -8 2 11 -11 24 18 2 20 9 -10 16 -24 0 8 19 -21 -21 20 14 8 1 18 -22 -9 18 7 9 3 15 -16
5 -29 2 -14 -3 30 -6 -14 7 18 5 -2 -3 8 15 -5 -8 13 -13 2 1 -6 -1 41 -9 19 37 -1 1 24 -10 -1 -3 -15 -8 2 11 -11 24 18 2 20 9 -10 16 -24 0 8 19 -21 -21 20 14 8 1 18 -22 -9 18 7 9 3 15 -16
5 -29 2 -14 -3 30 -6 -14 7 18 5 -2 -3 8 15 -5 -8 13 -13 2 1 -6 -1 41 -9 19 37 -1 1 24 -10 -1 -3 -15 -8 2 11 -11 24 18 2 20 9 -10 16 -24 0 8 19 -21 -21 20 14 8 1 18 -22 -9 18 7 9 3 15 -16
5 -29 2 -14 -3 30 -6 -14 7 18 5 -2 -3 8 15 -5 -8 13 -13 2 1 -6 -1 41 -9 19 37 -1 1 24 -10 -1 -3 -15 -8 2 11 -11 24 18 2 20 9 -10 16 -24 0 8 19 -21 -21 20 14 8 1 18 -22 -9 18 7 9 3 15 -16
5 -29 2 -14 -3 30 -6 -14 7 18 5 -2 -3 8 15 -5 -8 13 -13 2 1 -6 -1 41 -9 19 37 -1 1 24 -10 -1 -3 -15 -8 2 11 -11 24 18 2 20 9 -10 16 -24 0 8 19 -21 -21 20 14 8 1 18 -22 -9 18 7 9 3 15 -16
5 -29 2 -14 -3 30 -6 -14 7 18 5 -2 -3 8 15 -5 -8 13 -13 2 1 -6 -1 41 -9 19 37 -1 1 24 -10 -1 -3 -15 -8 2 11 -11 24 18 2 20 9 -10 16 -24 0 8 19 -21 -21 20 14 8 1 18 -22 -9 18 7 9 3 15 -16
5 -29 2 -14 -3 30 -6 -14 7 18 5 -2 -3 8 15 -5 -8 13 -13 2 1 -6 -1 41 -9 19 37 -1 1 24 -10 -1 -3 -15 -8 2 11 -11 24 18 2 20 9 -10 16 -24 0 8 19 -21 -21 20 14 8 1 18 -22 -9 18 7 9 3 15 -16
5 -29 2 -14 -3 30 -6 -14 7 18 5 -2 -3 8 15 -5 -8 13 -13 2 1 -6 -1 41 -9 19 37 -1 1 24 -10 -1 -3 -15 -8 2 11 -11 24 18 2 20 9 -10 16 -24 0 8 19 -21 -21 20 14 8 1 18 -22 -9 18 7 9 3 15 -16
5 -29 2 -14 -3 30 -6 -14 7 18 5 -2 -3 8 15 -5 -8 13 -13 2 1 -6 -1 41 -9 19 37 -1 1 24 -10 -1 -3 -15 -8 2 11 -11 24 18 2 20 9 -10 16 -24 0 8 19 -21 -21 20 14 8 1 18 -22 -9 18 7 9 3 15 -16
5 -29 2 -14 -3 30 -6 -14 7 18 5 -2 -3 8 15 -5 -8 13 -13 2 1 -6 -1 41 -9 19 37 -1 1 24 -10 -1 -3 -15 -8 2 11 -11 24 18 2 20 9 -10 16 -24 0 8 19 -21 -21 20 14 8 1 18 -22 -9 18 7 9 3 15 -16
5 -29 2 -14 -3 30 -6 -14 7 18 5 -2 -3 8 15 -5 -8 13 -13 2 1 -6 -1 41 -9 19 37 -1 1 24 -10 -1 -3 -15 -8 2 11 -11 24 18 2 20 9 -10 16 -24 0 8 19 -21 -21 20 14 8 1 18 -22 -9 18 7 9 3 15 -16
5 -29 2 -14 -3 30 -6 -14 7 18 5 -2 -3 8 15 -5 -8 13 -13 2 1 -6 -1 41 -9 19 37 -1 1 24 -10 -1 -3 -15 -8 2 11 -11 24 18 2 20 9 -10 16 -24 0 8 19 -21 -21 20 14 8 1 18 -22 -9 18 7 9 3 15 -16
5 -29 2 -14 -3 30 -6 -14 7 18 5 -2 -3 8 15 -5 -8 13 -13 2 1 -6 -1 41 -9 19 37 -1 1 24 -10 -1 -3 -15 -8 2 11 -11 24 18 2 20 9 -10 16 -24 0 8 19 -21 -21 20 14 8 1 18 -22 -9 18 7 9 3 15 -16
5 -29 2 -14 -3 30 -6 -14 7 18 5 -2 -3 8 15 -5 -8 13 -13 2 1 -6 -1 41 -9 19 37 -1 1 24 -10 -1 -3 -15 -8 2 11 -11 24 18 2 20 9 -10 16 -24 0 8 19 -21 -21 20 14 8 1 18 -22 -9 18 7 9 3 15 -16
5 -29 2 -14 -3 30 -6 -14 7 18 5 -2 -3 8 15 -5 -8 13 -13 2 1 -6 -1 41 -9 19 37 -1 1 24 -10 -1 -3 -15 -8 2 11 -11 24 18 2 20 9 -10 16 -24 0 8 19 -21 -21 20 14 8 1 18 -22 -9 18 7 9 3 15 -16
5 -29 2 -14 -3 30 -6 -14 7 18 5 -2 -3 8 15 -5 -8 13 -13 2 1 -6 -1 41 -9 19 37 -1 1 24 -10 -1 -3 -15 -8 2 11 -11 24 18 2 20 9 -10 16 -24 0 8 19 -21 -21 20 14 8 1 18 -22 -9 18 7 9 3 15 -16
5 -29 2 -14 -3 30 -6 -14 7 18 5 -2 -3 8 15 -5 -8 13 -13 2 1 -6 -1 41 -9 19 37 -1 1 24 -10 -1 -3 -15 -8 2 11 -11 24 18 2 20 9 -10 16 -24 0 8 19 -21 -21 20 14 8 1 18 -22 -9 18 7 9 3 15 -16
5 -29 2 -14 -3 30 -6 -14 7 18 5 -2 -3 8 15 -5 -8 13 -13 2 1 -6 -1 41 -9 19 37 -1 1 24 -10 -1 -3 -15 -8 2 11 -11 24 18 2 20 9 -10 16 -24 0 8 19 -21 -21 20 14 8 1 18 -22 -9 18 7 9 3 15 -16
5 -29 2 -14 -3 30 -6 -14 7 18 5 -2 -3 8 15 -5 -8 13 -13 2 1 -6 -1 41 -9 19 37 -1 1 24 -10 -1 -3 -15 -8 2 11 -11 24 18 2 20 9 -10 16 -24 0 8 19 -21 -21 20 14 8 1 18 -22 -9 18 7 9 3 15 -16
5 -29 2 -14 -3 30 -6 -14 7 18 5 -2 -3 8 15 -5 -8 13 -13 2 1 -6 -1 41 -9 19 37 -1 1 24 -10 -1 -3 -15 -8 2 11 -11 24 18 2 20 9 -10 16 -24 0 8 19 -21 -21 20 14 8 1 18 -22 -9 18 7 9 3 15 -16
5 -29 2 -14 -3 30 -6 -14 7 18 5 -2 -3 8 15 -5 -8 13 -13 2 1 -6 -1 41 -9 19 37 -1 1 24 -10 -1 -3 -15 -8 2 11 -11 24 18 2 20 9 -10 16 -24 0 8 19 -21 -21 20 14 8 1 18 -22 -9 18 7 9 3 15 -16
5 -29 2 -14 -3 30 -6 -14 7 18 5 -2 -3 8 15 -5 -8 13 -13 2 1 -6 -1 41 -9 19 37 -1 1 24 -10 -1 -3 -15 -8 2 11 -11 24 18 2 20 9 -10 16 -24 0 8 19 -21 -21 20 14 8 1 18 -22 -9 18 7 9 3 15 -16
5 -29 2 -14 -3 30 -6 -14 7 18 5 -2 -3 8 15 -5 -8 13 -13 2 1 -6 -1 41 -9 19 37 -1 1 24 -10 -1 -3 -15 -8 2 11 -11 24 18 2 20 9 -10 16 -24 0 8 19 -21 -21 20 14 8 1 18 -22 -9 18 7 9 3 15 -16
5 -29 2 -14 -3 30 -6 -14 7 18 5 -2 -3 8 15 -5 -8 13 -13 2 1 -6 -1 41 -9 19 37 -1 1 24 -10 -1 -3 -15 -8 2 11 -11 24 18 2 20 9 -10 16 -24 0 8 19 -21 -21 20 14 8 1 18 -22 -9 18 7 9 3 15 -16
5 -29 2 -14 -3 30 -6 -14 7 18 5 -2 -3 8 15 -5 -8 13 -13 2 1 -6 -1 41 -9 19 37 -1 1 24 -10 -1 -3 -15 -8 2 11 -11 24 18 2 20 9 -10 16 -24 0 8 19 -21 -21 20 14 8 1 18 -22 -9 18 7 9 3 15 -16
5 -29 2 -14 -3 30 -6 -14 7 18 5 -2 -3 8 15 -5 -8 13 -13 2 1 -6 -1 41 -9 19 37 -1 1 24 -10 -1 -3 -15 -8 2 11 -11 24 18 2 20 9 -10 16 -24 0 8 19 -21 -21 20 14 8 1 18 -22 -9 18 7 9 3 15 -16
5 -29 2 -14 -3 30 -6 -14 7 18 5 -2 -3 8 15 -5 -8 13 -13 2 1 -6 -1 41 -9 19 37 -1 1 24 -10 -1 -3 -15 -8 2 11 -11 24 18 2 20 9 -10 16 -24 0 8 19 -21 -21 20 14 8 1 18 -22 -9 18 7 9 3 15 -16
5 -29 2 -14 -3 30 -6 -14 7 18 5 -2 -3 8 15 -5 -8 13 -13 2 1 -6 -1 41 -9 19 37 -1 1 24 -10 -1 -3 -15 -8 2 11 -11 24 18 2 20 9 -10 16 -24 0 8 19 -21 -21 20 14 8 1 18 -22 -9 18 7 9 3 15 -16
5 -29 2 -14 -3 30 -6 -14 7 18 5 -2 -3 8 15 -5 -8 13 -13 2 1 -6 -1 41 -9 19 37 -1 1 24 -10 -1 -3 -15 -8 2 11 -11 24 18 2 20 9 -10 16 -24 0 8 19 -21 -21 20 14 8 1 18 -22 -9 18 7 9 3 15 -16
5 -29 2 -14 -3 30 -6 -14 7 18 5 -2 -3 8 15 -5 -8 13 -13 2 1 -6 -1 41 -9 19 37 -1 1 24 -10 -1 -3 -15 -8 2 11 -11 24 18 2 20 9 -10 16 -24 0 8 19 -21 -21 20 14 8 1 18 -22 -9 18 7 9 3 15 -16
5 -29 2 -14 -3 30 -6 -14 7 18 5 -2 -3 8 15 -5 -8 13 -13 2 1 -6 -1 41 -9 19 37 -1 1 24 -10 -1 -3 -15 -8 2 11 -11 24 18 2 20 9 -10 16 -24 0 8 19 -21 -21 20 14 8 1 18 -22 -9 18 7 9 3 15 -16
5 -29 2 -14 -3 30 -6 -14 7 18 5 -2 -3 8 15 -5 -8 13 -13 2 1 -6 -1 41 -9 19 37 -1 1 24 -10 -1 -3 -15 -8 2 11 -11 24 18 2 20 9 -10 16 -24 0 8 19 -21 -21 20 14 8 1 18 -22 -9 18 7 9 3 15 -16
5 -29 2 -14 -3 30 -6 -14 7 18 5 -2 -3 8 15 -5 -8 13 -13 2 1 -6 -1 41 -9 19 37 -1 1 24 -10 -1 -3 -15 -8 2 11 -11 24 18 2 20 9 -10 16 -24 0 8 19 -21 -21 20 14 8 1 18 -22 -9 18 7 9 3 15 -16
5 -29 2 -14 -3 30 -6 -14 7 18 5 -2 -3 8 15 -5 -8 13 -13 2 1 -6 -1 41 -9 19 37 -1 1 24 -10 -1 -3 -15 -8 2 11 -11 24 18 2 20 9 -10 16 -24 0 8 19 -21 -21 20 14 8 1 18 -22 -9 18 7 9 3 15 -16
5 -29 2 -14 -3 30 -6 -14 7 18 5 -2 -3 8 15 -5 -8 13 -13 2 1 -6 -1 41 -9 19 37 -1 1 24 -10 -1 -3 -15 -8 2 11 -11 24 18 2 20 9 -10 16 -24 0 8 19 -21 -21 20 14 8 1 18 -22 -9 18 7 9 3 15 -16
5 -29 2 -14 -3 30 -6 -14 7 18 5 -2 -3 8 15 -5 -8 13 -13 2 1 -6 -1 41 -9 19 37 -1 1 24 -10 -1 -3 -15 -8 2 11 -11 24 18 2 20 9 -10 16 -24 0 8 19 -21 -21 20 14 8 1 18 -22 -9 18 7 9 3 15 -16
5 -29 2 -14 -3 30 -6 -14 7 18 5 -2 -3 8 15 -5 -8 13 -13 2 1 -6 -1 41 -9 19 37 -1 1 24 -10 -1 -3 -15 -8 2 11 -11 24 18 2 20 9 -10 16 -24 0 8 19 -21 -21 20 14 8 1 18 -22 -9 18 7 9 3 15 -16
5 -29 2 -14 -3 30 -6 -14 7 18 5 -2 -3 8 15 -5 -8 13 -13 2 1 -6 -1 41 -9 19 37 -1 1 24 -10 -1 -3 -15 -8 2 11 -11 24 18 2 20 9 -10 16 -24 0 8 19 -21 -21 20 14 8 1 18 -22 -9 18 7 9 3 15 -16
5 -29 2 -14 -3 30 -6 -14 7 18 5 -2 -3 8 15 -5 -8 13 -13 2 1 -6 -1 41 -9 19 37 -1 1 24 -10 -1 -3 -15 -8 2 11 -11 24 18 2 20 9 -10 16 -24 0 8 19 -21 -21 20 14 8 1 18 -22 -9 18 7 9 3 15 -16
5 -29 2 -14 -3 30 -6 -14 7 18 5 -2 -3 8 15 -5 -8 13 -13 2 1 -6 -1 41 -9 19 37 -1 1 24 -10 -1 -3 -15 -8 2 11 -11 24 18 2 20 9 -10 16 -24 0 8 19 -21 -21 20 14 8 1 18 -22 -9 18 7 9 3 15 -16
5 -29 2 -14 -3 30 -6 -14 7 18 5 -2 -3 8 15 -5 -8 13 -13 2 1 -6 -1 41 -9 19 37 -1 1 24 -10 -1 -3 -15 -8 2 11 -11 24 18 2 20 9 -10 16 -24 0 8 19 -21 -21 20 14 8 1 18 -22 -9 18 7 9 3 15 -16
5 -29 2 -14 -3 30 -6 -14 7 18 5 -2 -3 8 15 -5 -8 13 -13 2 1 -6 -1 41 -9 19 37 -1 1 24 -10 -1 -3 -15 -8 2 11 -11 24 18 2 20 9 -10 16 -24 0 8 19 -21 -21 20 14 8 1 18 -22 -9 18 7 9 3 15 -16
5 -29 2 -14 -3 30 -6 -14 7 18 5 -2 -3 8 15 -5 -8 13 -13 2 1 -6 -1 41 -9 19 37 -1 1 24 -10 -1 -3 -15 -8 2 11 -11 24 18 2 20 9 -10 16 -24 0 8 19 -21 -21 20 14 8 1 18 -22 -9 18 7 9 3 15 -16
5 -29 2 -14 -3 30 -6 -14 7 18 5 -2 -3 8 15 -5 -8 13 -13 2 1 -6 -1 41 -9 19 37 -1 1 24 -10 -1 -3 -15 -8 2 11 -11 24 18 2 20 9 -10 16 -24 0 8 19 -21 -21 20 14 8 1 18 -22 -9 18 7 9 3 15 -16
5 -29 2 -14 -3 30 -6 -14 7 18 5 -2 -3 8 15 -5 -8 13 -13 2 1 -6 -1 41 -9 19 37 -1 1 24 -10 -1 -3 -15 -8 2 11 -11 24 18 2 20 9 -10 16 -24 0 8 19 -21 -21 20 14 8 1 18 -22 -9 18 7 9 3 15 -16
5 -29 2 -14 -3 30 -6 -14 7 18 5 -2 -3 8 15 -5 -8 13 -13 2 1 -6 -1 41 -9 19 37 -1 1 24 -10 -1 -3 -15 -8 2 11 -11 24 18 2 20 9 -10 16 -24 0 8 19 -21 -21 20 14 8 1 18 -22 -9 18 7 9 3 15 -16
5 -29 2 -14 -3 30 -6 -14 7 18 5 -2 -3 8 15 -5 -8 13 -13 2 1 -6 -1 41 -9 19 37 -1 1 24 -10 -1 -3 -15 -8 2 11 -11 24 18 2 20 9 -10 16 -24 0 8 19 -21 -21 20 14 8 1 18 -22 -9 18 7 9 3 15 -16
5 -29 2 -14 -3 30 -6 -14 7 18 5 -2 -3 8 15 -5 -8 13 -13 2 1 -6 -1 41 -9 19 37 -1 1 24 -10 -1 -3 -15 -8 2 11 -11 24 18 2 20 9 -10 16 -24 0 8 19 -21 -21 20 14 8 1 18 -22 -9 18 7 9 3 15 -16
5 -29 2 -14 -3 30 -6 -14 7 18 5 -2 -3 8 15 -5 -8 13 -13 2 1 -6 -1 41 -9 19 37 -1 1 24 -10 -1 -3 -15 -8 2 11 -11 24 18 2 20 9 -10 16 -24 0 8 19 -21 -21 20 14 8 1 18 -22 -9 18 7 9 3 15 -16
5 -29 2 -14 -3 30 -6 -14 7 18 5 -2 -3 8 15 -5 -8 13 -13 2 1 -6 -1 41 -9 19 37 -1 1 24 -10 -1 -3 -15 -8 2 11 -11 24 18 2 20 9 -10 16 -24 0 8 19 -21 -21 20 14 8 1 18 -22 -9 18 7 9 3 15 -16
5 -29 2 -14 -3 30 -6 -14 7 18 5 -2 -3 8 15 -5 -8 13 -13 2 1 -6 -1 41 -9 19 37 -1 1 24 -10 -1 -3 -15 -8 2 11 -11 24 18 2 20 9 -10 16 -24 0 8 19 -21 -21 20 14 8 1 18 -22 -9 18 7 9 3 15 -16
5 -29 2 -14 -3 30 -6 -14 7 18 5 -2 -3 8 15 -5 -8 13 -13 2 1 -6 -1 41 -9 19 37 -1 1 24 -10 -1 -3 -15 -8 2 11 -11 24 18 2 20 9 -10 16 -24 0 8 19 -21 -21 20 14 8 1 18 -22 -9 18 7 9 3 15 -16
5 -29 2 -14 -3 30 -6 -14 7 18 5 -2 -3 8 15 -5 -8 13 -13 2 1 -6 -1 41 -9 19 37 -1 1 24 -10 -1 -3 -15 -8 2 11 -11 24 18 2 20 9 -10 16 -24 0 8 19 -21 -21 20 14 8 1 18 -22 -9 18 7 9 3 15 -16
5 -29 2 -14 -3 30 -6 -14 7 18 5 -2 -3 8 15 -5 -8 13 -13 2 1 -6 -1 41 -9 19 37 -1 1 24 -10 -1 -3 -15 -8 2 11 -11 24 18 2 20 9 -10 16 -24 0 8 19 -21 -21 20 14 8 1 18 -22 -9 18 7 9 3 15 -16
5 -29 2 -14 -3 30 -6 -14 7 18 5 -2 -3 8 15 -5 -8 13 -13 2 1 -6 -1 41 -9 19 37 -1 1 24 -10 -1 -3 -15 -8 2 11 -11 24 18 2 20 9 -10 16 -24 0 8 19 -21 -21 20 14 8 1 18 -22 -9 18 7 9 3 15 -16
5 -29 2 -14 -3 30 -6 -14 7 18 5 -2 -3 8 15 -5 -8 13 -13 2 1 -6 -1 41 -9 19 37 -1 1 24 -10 -1 -3 -15 -8 2 11 -11 24 18 2 20 9 -10 16 -24 0 8 19 -21 -21 20 14 8 1 18 -22 -9 18 7 9 3 15 -16
5 -29 2 -14 -3 30 -6 -14 7 18 5 -2 -3 8 15 -5 -8 13 -13 2 1 -6 -1 41 -9 19 37 -1 1 24 -10 -1 -3 -15 -8 2 11 -11 24 18 2 20 9 -10 16 -24 0 8 19 -21 -21 20 14 8 1 18 -22 -9 18 7 9 3 15 -16
5 -29 2 -14 -3 30 -6 -14 7 18 5 -2 -3 8 15 -5 -8 13 -13 2 1 -6 -1 41 -9 19 37 -1 1 24 -10 -1 -3 -15 -8 2 11 -11 24 18 2 20 9 -10 16 -24 0 8 19 -21 -21 20 14 8 1 18 -22 -9 18 7 9 3 15 -16
5 -29 2 -14 -3 30 -6 -14 7 18 5 -2 -3 8 15 -5 -8 13 -13 2 1 -6 -1 41 -9 19 37 -1 1 24 -10 -1 -3 -15 -8 2 11 -11 24 18 2 20 9 -10 16 -24 0 8 19 -21 -21 20 14 8 1 18 -22 -9 18 7 9 3 15 -16
