-10 -14 -11 -13 -16 3 -4 8 -13 -22 -11 2 8 3 -1 15 -17 13 17 2 15 13 -3 -14 -9 5 8 1 -3 12 14 -2 3 -10 14 -9 -3 15 33 1 1 6 6 20 13 6 -8 2 17 1 -22 8 6 7 2 -15 -3 4 3 -10 -9 7 2 -21
3 -3 -18 -13 -1 -1 1 10 -4 -25 6 10 11 7 -1 33 -12 16 16 9 27 -8 2 -14 -10 10 0 2 2 7 12 6 9 13 21 -21 0 5 24 3 5 2 16 19 -11 -12 -19 1 25 2 -15 8 -10 -5 12 -25 5 -7 -6 0 -8 -11 14 -7
4 2 -15 -17 -7 -4 1 3 -5 -14 8 2 10 9 6 30 -16 18 10 1 10 0 4 3 -17 0 3 6 -7 8 14 -6 10 0 18 -22 3 1 20 0 10 10 11 19 3 -10 -19 -10 21 1 -5 3 -14 -3 -3 -24 3 -8 -7 -7 -12 -4 16 -17
2 -5 -14 -15 -14 1 -7 3 -8 -5 5 5 11 5 6 30 -15 14 14 7 11 -2 10 -5 -17 -1 -6 7 4 5 15 -18 10 2 22 -18 -1 -7 17 1 14 13 9 13 3 -18 -20 -11 17 -1 -13 5 -10 -6 -5 -25 -2 -6 -3 -2 -4 6 12 -11
3 -3 -19 -21 -10 1 -3 14 2 -17 19 10 9 6 1 39 -10 22 9 15 13 -3 -5 -7 -15 -2 1 7 -2 3 14 -5 6 8 35 -14 5 -2 14 -1 15 2 19 17 1 -18 -20 -7 25 0 -2 2 -16 -3 -13 -21 8 -14 -3 -3 9 -8 25 -13
4 6 -6 -16 -5 -10 -4 7 6 -26 20 5 10 13 -9 28 -10 15 9 3 20 -15 3 4 -26 -3 8 4 -10 9 8 -6 5 13 31 -20 -1 -5 19 -6 13 3 15 10 4 -17 -13 -14 26 2 -12 11 -12 -19 -13 -28 3 -7 -1 14 -13 -1 31 -15
-1 4 -8 -28 -2 -2 -3 4 -8 -21 13 17 12 10 -2 31 -6 20 7 11 16 -12 11 -1 -18 -2 3 8 -16 2 17 -4 0 6 34 -14 -1 -2 16 -1 14 8 15 2 3 -10 -12 -9 23 7 -13 12 -15 -19 -14 -31 -1 -8 0 4 -13 -6 22 -14
3 1 -12 -16 -7 -1 -6 0 -3 -16 19 11 7 14 4 30 -11 14 13 1 12 -12 4 0 -20 -1 1 0 -6 3 9 -11 7 12 22 -12 2 -1 13 -1 11 3 14 18 3 -12 -14 -11 25 -3 -8 14 -9 -10 -8 -33 5 -9 7 10 -9 2 22 -14
-2 7 -16 -22 -5 -1 -4 7 0 -12 17 7 14 11 6 33 -10 25 13 12 21 -5 9 1 -16 3 0 5 -2 3 18 -4 -3 12 24 -20 10 -6 20 1 17 10 16 11 3 -9 -17 -11 22 1 -13 12 -13 -9 -6 -30 2 -10 0 -7 -9 -8 22 -8
4 27 -4 -9 0 6 2 8 -7 -16 24 2 1 17 -9 44 -19 13 19 0 30 1 12 4 -7 5 8 -7 -2 -2 0 -13 -10 15 39 -30 3 -6 34 -15 2 17 36 16 -5 -20 -15 0 38 8 7 3 -18 -7 -3 -38 18 -5 0 -19 -14 -12 27 -28
3 -5 -15 -21 -4 1 -4 6 -2 -11 10 0 6 9 2 31 -13 26 13 1 20 -7 8 -1 -18 1 -11 8 -5 -1 18 -7 6 4 17 -23 5 1 16 6 17 8 8 11 2 -17 -16 -6 19 3 -10 7 -10 -8 -3 -24 1 -15 3 -8 -9 -7 21 -11
-3 -1 -9 -29 -1 -6 -5 5 0 -8 17 8 6 7 10 41 -14 14 10 5 17 -4 5 3 -14 -2 -2 4 -11 2 14 -3 4 4 20 -16 5 -13 13 2 19 8 14 17 1 -14 -21 -15 22 -3 -2 5 -3 -12 -10 -31 -3 -11 -2 3 -10 -3 19 -12
-5 -5 -18 -17 -6 1 -4 7 -12 -9 17 4 11 6 9 36 -15 23 14 11 17 -11 1 0 -9 1 -8 -3 -7 -3 17 -14 9 6 20 -14 5 -6 14 -1 17 9 15 7 6 -15 -19 -9 19 -5 -9 9 -6 -5 1 -29 0 -3 0 -4 -11 2 9 -14
-2 3 -17 -18 3 2 -2 2 1 -18 12 13 10 23 10 38 -13 15 7 10 6 -11 -6 2 -24 -4 4 3 -15 5 23 2 5 12 19 -18 -2 -5 15 -1 14 -2 11 18 1 -13 -13 -14 25 -1 -1 6 -7 -9 -9 -33 -1 -12 -2 0 -10 1 25 -17
-2 12 -12 -13 1 -6 0 1 0 -15 17 -4 14 -2 4 40 -13 8 8 -2 23 -9 7 -12 -18 -3 4 -13 -11 6 9 -12 -8 14 30 -19 8 -7 25 -8 7 4 36 10 0 -17 -24 -2 28 4 0 6 -12 -7 -15 -33 3 -4 -16 -9 -2 -8 27 -23
-1 -4 -12 -21 3 -7 -5 2 -4 -11 11 2 11 9 3 34 -19 11 12 5 23 -10 0 -2 -9 1 -8 -2 -11 0 16 -20 6 7 20 -14 -2 -5 16 10 10 8 15 8 -4 -15 -13 -8 22 -1 -6 -1 -12 -15 -6 -25 -4 -8 -1 1 -2 5 16 -12
-8 3 -21 -25 4 -9 10 12 6 -13 19 12 9 11 5 46 -6 22 4 6 10 -16 2 -3 -12 -5 7 3 -3 1 18 -6 -4 9 29 -16 1 -3 11 8 12 6 24 17 -6 -17 -27 -3 27 4 -4 11 -16 -11 -8 -31 0 -16 -6 -6 -5 -3 25 -20
0 -9 -14 -18 -5 -7 -4 1 2 -15 15 2 11 1 10 31 -21 20 20 5 19 -8 6 -9 -8 3 -6 1 -14 -1 17 -19 -2 7 26 -12 -1 4 18 -4 13 6 16 7 -6 -13 -19 -8 21 -6 -10 9 -4 -12 -5 -25 3 -5 -1 -3 -3 6 17 -12
-6 -5 -10 -20 -1 -8 -1 1 -4 -22 14 4 11 10 4 36 -20 21 8 1 15 -21 0 -4 -18 -3 3 0 -7 -1 20 -6 2 9 26 -12 -7 -1 10 8 14 10 10 11 -6 -14 -18 -2 20 -2 -7 7 -6 -15 0 -25 2 -16 -1 2 -8 1 17 -11
-6 -4 -14 -24 0 -7 -5 5 -3 -19 16 8 6 16 8 42 -15 13 9 1 15 -4 0 2 -14 7 -4 -4 -6 5 13 -3 7 12 22 -10 -2 0 9 6 11 -2 8 21 -1 -10 -14 -5 29 0 -1 12 -9 -10 -8 -35 3 -9 -1 4 -14 -8 17 -20
-6 -5 -12 -22 -3 -7 -5 5 0 -19 14 9 16 14 3 37 -14 20 13 0 20 -4 10 -4 -9 1 -4 1 -5 4 14 -8 1 7 19 -17 3 5 12 -3 12 1 11 12 4 -6 -15 -2 26 -1 -10 8 -2 -2 -9 -26 -2 -8 -2 -2 -11 -7 23 -16
4 12 -6 -12 -5 -1 1 14 -11 -11 18 -9 12 5 -12 40 -16 11 9 -7 10 2 2 -3 -4 -2 8 -11 -4 -4 10 -9 -5 10 29 -24 5 -5 23 -10 7 -8 25 9 2 -18 -20 -15 32 4 15 7 -9 -14 -18 -29 14 -7 -13 -6 -21 -11 25 -31
-5 -8 -5 -14 -16 3 -4 3 -19 -17 1 3 12 -1 -2 20 -15 21 17 7 5 2 10 -12 -8 -2 -2 9 -5 -3 13 -2 3 -2 16 0 -6 6 17 3 19 4 2 10 14 -1 -13 -7 10 -3 -20 11 1 1 6 -14 -7 -8 5 -20 -7 6 3 -8
2 -3 -12 -16 -13 -3 4 6 -8 -10 5 5 18 3 -5 26 -16 32 13 5 16 -7 2 -8 -17 11 3 8 -11 9 13 -11 6 1 23 -19 -9 -3 25 2 21 6 13 7 3 -5 -22 -1 24 12 -11 1 -13 -8 -10 -21 -2 -5 -2 -9 -13 0 18 -9
7 7 -10 -18 -8 -19 0 2 0 -13 -3 8 4 5 -1 29 -9 8 4 -15 21 -4 1 0 -18 10 4 7 -11 12 9 3 15 5 31 -17 -1 -4 10 14 29 -12 12 16 -2 -8 -17 2 30 11 -5 3 -18 -12 -17 -28 2 -21 -12 -1 -10 -6 30 -24
-2 3 -17 -17 -10 -4 2 7 -9 -5 5 4 11 2 1 38 -9 20 17 6 10 -3 0 -5 -8 4 -1 4 -8 2 14 -16 14 7 23 -15 -1 -9 15 3 19 9 11 10 5 -9 -15 -10 24 0 -8 5 -10 -6 -8 -28 1 -11 -6 -3 -9 -6 14 -13
4 -10 -16 -13 -21 -3 -4 7 -1 -11 21 12 12 2 0 35 -15 21 14 10 7 -3 -8 -10 -7 2 -3 9 -10 8 21 1 7 2 30 -19 -5 -2 12 2 15 4 13 23 4 -16 -21 -10 17 0 -8 -2 -17 -5 -11 -23 4 -15 -4 -14 3 -7 20 -13
7 -13 -12 -22 -12 -7 -7 9 -2 -23 21 7 7 7 -5 27 -12 19 10 4 17 -16 0 -1 -19 -2 5 5 -2 5 13 -5 3 14 26 -22 -9 1 11 -1 13 7 14 17 8 -9 -12 -7 18 -2 -6 8 -12 -13 -8 -28 4 -10 -5 1 -14 -8 24 -13
5 -1 -15 -25 -5 -8 -2 7 -9 -23 20 7 15 9 -1 43 -11 16 5 6 17 -11 3 2 -15 3 2 1 -16 0 16 -1 3 9 28 -21 -6 3 13 -6 19 11 9 11 6 -6 -14 -8 24 4 -13 5 -17 -11 0 -27 2 -13 -1 -4 -10 -8 14 -18
-2 3 -14 -19 -3 -7 -2 7 -12 -20 19 2 11 14 -2 33 -9 19 2 10 22 -10 0 0 -14 5 4 -5 -22 0 10 -1 1 15 26 -21 2 2 16 -1 12 9 16 20 11 -12 -9 -15 26 -2 -8 10 -17 -9 -7 -33 13 -9 -5 4 -11 -6 16 -11
3 -3 -16 -13 -14 3 -8 8 -6 -14 11 8 14 10 -1 32 -12 22 13 8 20 -7 0 -3 -9 7 -3 7 -6 5 24 -10 5 11 24 -21 3 -4 25 1 16 5 17 16 13 -12 -18 -5 20 5 -13 2 -9 -2 -6 -25 2 -15 -3 -7 -9 -2 14 -14
1 -2 -11 -21 -12 2 -7 6 -6 -23 11 12 6 16 3 34 -11 25 17 8 27 -3 -2 1 -12 5 4 12 -11 0 18 -7 7 12 21 -17 -3 -6 17 3 15 7 12 18 11 -9 -14 -10 19 -2 -11 7 -8 -4 -6 -29 -2 -13 -2 -3 -15 -6 17 -16
-3 -9 -12 -22 -10 -4 -3 7 -9 -16 13 11 11 8 2 36 -13 14 11 6 24 -3 4 0 -9 4 -4 9 -12 6 17 -8 6 2 22 -15 5 -3 14 1 13 1 10 17 7 -10 -19 -13 17 -3 -5 5 -7 -14 -2 -29 -3 -17 -3 2 -13 -2 12 -18
1 -11 -22 -18 -9 3 -5 -1 -8 -13 10 7 10 14 6 30 -21 18 16 8 13 -11 -1 -4 -8 3 -6 4 -5 -1 15 -13 9 12 20 -16 -4 -4 16 4 11 10 15 19 4 -6 -13 -10 16 0 -6 0 -11 -2 -9 -27 -7 -11 -2 -4 -9 5 11 -19
3 -4 -15 -18 -10 -3 7 12 -5 -19 16 6 9 11 6 44 -14 26 17 13 13 -11 1 -8 -6 1 0 8 -8 1 16 -10 1 12 32 -18 -2 2 10 1 12 13 17 18 3 -21 -25 -9 22 4 -1 11 -16 -14 -10 -29 -4 -12 -4 -7 -7 -5 16 -12
4 -12 -18 -16 -12 2 -6 4 -4 -8 12 8 12 2 4 26 -20 18 19 5 18 -3 -1 -8 -4 -2 -7 2 -5 -5 18 -17 7 7 23 -10 4 6 17 2 20 7 11 12 9 -11 -21 -6 13 -3 0 -2 -1 -4 0 -25 -1 -9 0 -6 -2 5 10 -8
-1 -6 -13 -18 -6 -9 0 6 -1 -21 16 4 6 13 -3 36 -13 24 8 2 18 -13 -1 -3 -10 -4 4 8 -7 2 16 -10 2 8 17 -22 -9 -3 12 2 8 2 14 14 3 -11 -15 -10 23 -2 -1 5 -11 -17 -7 -32 -1 -17 -6 0 -8 -4 23 -16
0 -5 -15 -24 -9 -6 1 6 -3 -20 18 11 11 10 2 40 -12 22 10 5 19 -12 1 -2 -10 2 1 3 -8 6 16 -4 8 9 21 -17 -1 3 14 4 12 -1 10 18 4 -4 -13 -8 23 -6 -1 6 -13 -14 -2 -28 1 -12 3 4 -19 -11 18 -13
2 -10 -11 -15 -10 -7 -4 4 -3 -21 16 12 13 16 9 34 -13 22 15 9 21 -8 -7 -1 -14 4 2 6 -13 0 16 -8 5 10 17 -21 -3 2 15 1 16 5 12 21 11 -5 -20 -14 20 2 -8 7 -8 -11 -7 -30 2 -14 -2 5 -13 -9 18 -15
3 4 -12 -15 -4 0 -2 8 -5 -17 20 -11 15 9 -1 42 -17 11 11 -3 15 -4 0 -6 -5 2 6 -2 -5 2 13 -7 1 4 20 -25 -2 0 28 3 5 2 18 14 3 -12 -16 -18 27 1 8 1 -1 -11 -17 -25 10 -13 -11 -12 -15 -10 23 -18
-7 -13 -4 -11 -13 4 -4 3 -19 -12 8 1 11 -6 -1 16 -15 19 14 5 4 1 13 -9 -7 -4 -6 10 -5 2 13 -2 3 -2 9 0 -4 10 15 5 20 -2 2 11 14 6 -10 -3 11 -3 -15 10 -1 3 4 -18 -7 -6 7 -18 -8 4 6 -6
0 7 -27 -9 -4 9 -6 3 0 -8 2 1 7 -6 4 27 -15 29 11 9 7 -2 0 -17 -7 12 12 2 -5 4 7 -2 7 -12 20 -26 5 1 28 -5 9 6 18 -1 -1 -8 -18 -7 14 7 -18 -1 -7 -1 -7 -17 -9 2 -3 8 0 -13 21 -6
0 7 -27 -9 -4 9 -6 3 0 -8 2 1 7 -6 4 27 -15 29 11 9 7 -2 0 -17 -7 12 12 2 -5 4 7 -2 7 -12 20 -26 5 1 28 -5 9 6 18 -1 -1 -8 -18 -7 14 7 -18 -1 -7 -1 -7 -17 -9 2 -3 8 0 -13 21 -6
0 7 -27 -9 -4 9 -6 3 0 -8 2 1 7 -6 4 27 -15 29 11 9 7 -2 0 -17 -7 12 12 2 -5 4 7 -2 7 -12 20 -26 5 1 28 -5 9 6 18 -1 -1 -8 -18 -7 14 7 -18 -1 -7 -1 -7 -17 -9 2 -3 8 0 -13 21 -6
0 7 -27 -9 -4 9 -6 3 0 -8 2 1 7 -6 4 27 -15 29 11 9 7 -2 0 -17 -7 12 12 2 -5 4 7 -2 7 -12 20 -26 5 1 28 -5 9 6 18 -1 -1 -8 -18 -7 14 7 -18 -1 -7 -1 -7 -17 -9 2 -3 8 0 -13 21 -6
0 7 -27 -9 -4 9 -6 3 0 -8 2 1 7 -6 4 27 -15 29 11 9 7 -2 0 -17 -7 12 12 2 -5 4 7 -2 7 -12 20 -26 5 1 28 -5 9 6 18 -1 -1 -8 -18 -7 14 7 -18 -1 -7 -1 -7 -17 -9 2 -3 8 0 -13 21 -6
0 7 -27 -9 -4 9 -6 3 0 -8 2 1 7 -6 4 27 -15 29 11 9 7 -2 0 -17 -7 12 12 2 -5 4 7 -2 7 -12 20 -26 5 1 28 -5 9 6 18 -1 -1 -8 -18 -7 14 7 -18 -1 -7 -1 -7 -17 -9 2 -3 8 0 -13 21 -6
0 7 -27 -9 -4 9 -6 3 0 -8 2 1 7 -6 4 27 -15 29 11 9 7 -2 0 -17 -7 12 12 2 -5 4 7 -2 7 -12 20 -26 5 1 28 -5 9 6 18 -1 -1 -8 -18 -7 14 7 -18 -1 -7 -1 -7 -17 -9 2 -3 8 0 -13 21 -6
0 7 -27 -9 -4 9 -6 3 0 -8 2 1 7 -6 4 27 -15 29 11 9 7 -2 0 -17 -7 12 12 2 -5 4 7 -2 7 -12 20 -26 5 1 28 -5 9 6 18 -1 -1 -8 -18 -7 14 7 -18 -1 -7 -1 -7 -17 -9 2 -3 8 0 -13 21 -6
0 7 -27 -9 -4 9 -6 3 0 -8 2 1 7 -6 4 27 -15 29 11 9 7 -2 0 -17 -7 12 12 2 -5 4 7 -2 7 -12 20 -26 5 1 28 -5 9 6 18 -1 -1 -8 -18 -7 14 7 -18 -1 -7 -1 -7 -17 -9 2 -3 8 0 -13 21 -6
0 7 -27 -9 -4 9 -6 3 0 -8 2 1 7 -6 4 27 -15 29 11 9 7 -2 0 -17 -7 12 12 2 -5 4 7 -2 7 -12 20 -26 5 1 28 -5 9 6 18 -1 -1 -8 -18 -7 14 7 -18 -1 -7 -1 -7 -17 -9 2 -3 8 0 -13 21 -6
0 7 -27 -9 -4 9 -6 3 0 -8 2 1 7 -6 4 27 -15 29 11 9 7 -2 0 -17 -7 12 12 2 -5 4 7 -2 7 -12 20 -26 5 1 28 -5 9 6 18 -1 -1 -8 -18 -7 14 7 -18 -1 -7 -1 -7 -17 -9 2 -3 8 0 -13 21 -6
0 7 -27 -9 -4 9 -6 3 0 -8 2 1 7 -6 4 27 -15 29 11 9 7 -2 0 -17 -7 12 12 2 -5 4 7 -2 7 -12 20 -26 5 1 28 -5 9 6 18 -1 -1 -8 -18 -7 14 7 -18 -1 -7 -1 -7 -17 -9 2 -3 8 0 -13 21 -6
0 7 -27 -9 -4 9 -6 3 0 -8 2 1 7 -6 4 27 -15 29 11 9 7 -2 0 -17 -7 12 12 2 -5 4 7 -2 7 -12 20 -26 5 1 28 -5 9 6 18 -1 -1 -8 -18 -7 14 7 -18 -1 -7 -1 -7 -17 -9 2 -3 8 0 -13 21 -6
0 7 -27 -9 -4 9 -6 3 0 -8 2 1 7 -6 4 27 -15 29 11 9 7 -2 0 -17 -7 12 12 2 -5 4 7 -2 7 -12 20 -26 5 1 28 -5 9 6 18 -1 -1 -8 -18 -7 14 7 -18 -1 -7 -1 -7 -17 -9 2 -3 8 0 -13 21 -6
0 7 -27 -9 -4 9 -6 3 0 -8 2 1 7 -6 4 27 -15 29 11 9 7 -2 0 -17 -7 12 12 2 -5 4 7 -2 7 -12 20 -26 5 1 28 -5 9 6 18 -1 -1 -8 -18 -7 14 7 -18 -1 -7 -1 -7 -17 -9 2 -3 8 0 -13 21 -6
0 7 -27 -9 -4 9 -6 3 0 -8 2 1 7 -6 4 27 -15 29 11 9 7 -2 0 -17 -7 12 12 2 -5 4 7 -2 7 -12 20 -26 5 1 28 -5 9 6 18 -1 -1 -8 -18 -7 14 7 -18 -1 -7 -1 -7 -17 -9 2 -3 8 0 -13 21 -6
0 7 -27 -9 -4 9 -6 3 0 -8 2 1 7 -6 4 27 -15 29 11 9 7 -2 0 -17 -7 12 12 2 -5 4 7 -2 7 -12 20 -26 5 1 28 -5 9 6 18 -1 -1 -8 -18 -7 14 7 -18 -1 -7 -1 -7 -17 -9 2 -3 8 0 -13 21 -6
0 7 -27 -9 -4 9 -6 3 0 -8 2 1 7 -6 4 27 -15 29 11 9 7 -2 0 -17 -7 12 12 2 -5 4 7 -2 7 -12 20 -26 5 1 28 -5 9 6 18 -1 -1 -8 -18 -7 14 7 -18 -1 -7 -1 -7 -17 -9 2 -3 8 0 -13 21 -6
0 7 -27 -9 -4 9 -6 3 0 -8 2 1 7 -6 4 27 -15 29 11 9 7 -2 0 -17 -7 12 12 2 -5 4 7 -2 7 -12 20 -26 5 1 28 -5 9 6 18 -1 -1 -8 -18 -7 14 7 -18 -1 -7 -1 -7 -17 -9 2 -3 8 0 -13 21 -6
0 7 -27 -9 -4 9 -6 3 0 -8 2 1 7 -6 4 27 -15 29 11 9 7 -2 0 -17 -7 12 12 2 -5 4 7 -2 7 -12 20 -26 5 1 28 -5 9 6 18 -1 -1 -8 -18 -7 14 7 -18 -1 -7 -1 -7 -17 -9 2 -3 8 0 -13 21 -6
0 7 -27 -9 -4 9 -6 3 0 -8 2 1 7 -6 4 27 -15 29 11 9 7 -2 0 -17 -7 12 12 2 -5 4 7 -2 7 -12 20 -26 5 1 28 -5 9 6 18 -1 -1 -8 -18 -7 14 7 -18 -1 -7 -1 -7 -17 -9 2 -3 8 0 -13 21 -6
0 7 -27 -9 -4 9 -6 3 0 -8 2 1 7 -6 4 27 -15 29 11 9 7 -2 0 -17 -7 12 12 2 -5 4 7 -2 7 -12 20 -26 5 1 28 -5 9 6 18 -1 -1 -8 -18 -7 14 7 -18 -1 -7 -1 -7 -17 -9 2 -3 8 0 -13 21 -6
0 7 -27 -9 -4 9 -6 3 0 -8 2 1 7 -6 4 27 -15 29 11 9 7 -2 0 -17 -7 12 12 2 -5 4 7 -2 7 -12 20 -26 5 1 28 -5 9 6 18 -1 -1 -8 -18 -7 14 7 -18 -1 -7 -1 -7 -17 -9 2 -3 8 0 -13 21 -6
0 7 -27 -9 -4 9 -6 3 0 -8 2 1 7 -6 4 27 -15 29 11 9 7 -2 0 -17 -7 12 12 2 -5 4 7 -2 7 -12 20 -26 5 1 28 -5 9 6 18 -1 -1 -8 -18 -7 14 7 -18 -1 -7 -1 -7 -17 -9 2 -3 8 0 -13 21 -6
0 7 -27 -9 -4 9 -6 3 0 -8 2 1 7 -6 4 27 -15 29 11 9 7 -2 0 -17 -7 12 12 2 -5 4 7 -2 7 -12 20 -26 5 1 28 -5 9 6 18 -1 -1 -8 -18 -7 14 7 -18 -1 -7 -1 -7 -17 -9 2 -3 8 0 -13 21 -6
0 7 -27 -9 -4 9 -6 3 0 -8 2 1 7 -6 4 27 -15 29 11 9 7 -2 0 -17 -7 12 12 2 -5 4 7 -2 7 -12 20 -26 5 1 28 -5 9 6 18 -1 -1 -8 -18 -7 14 7 -18 -1 -7 -1 -7 -17 -9 2 -3 8 0 -13 21 -6
0 7 -27 -9 -4 9 -6 3 0 -8 2 1 7 -6 4 27 -15 29 11 9 7 -2 0 -17 -7 12 12 2 -5 4 7 -2 7 -12 20 -26 5 1 28 -5 9 6 18 -1 -1 -8 -18 -7 14 7 -18 -1 -7 -1 -7 -17 -9 2 -3 8 0 -13 21 -6
0 7 -27 -9 -4 9 -6 3 0 -8 2 1 7 -6 4 27 -15 29 11 9 7 -2 0 -17 -7 12 12 2 -5 4 7 -2 7 -12 20 -26 5 1 28 -5 9 6 18 -1 -1 -8 -18 -7 14 7 -18 -1 -7 -1 -7 -17 -9 2 -3 8 0 -13 21 -6
0 7 -27 -9 -4 9 -6 3 0 -8 2 1 7 -6 4 27 -15 29 11 9 7 -2 0 -17 -7 12 12 2 -5 4 7 -2 7 -12 20 -26 5 1 28 -5 9 6 18 -1 -1 -8 -18 -7 14 7 -18 -1 -7 -1 -7 -17 -9 2 -3 8 0 -13 21 -6
0 7 -27 -9 -4 9 -6 3 0 -8 2 1 7 -6 4 27 -15 29 11 9 7 -2 0 -17 -7 12 12 2 -5 4 7 -2 7 -12 20 -26 5 1 28 -5 9 6 18 -1 -1 -8 -18 -7 14 7 -18 -1 -7 -1 -7 -17 -9 2 -3 8 0 -13 21 -6
0 7 -27 -9 -4 9 -6 3 0 -8 2 1 7 -6 4 27 -15 29 11 9 7 -2 0 -17 -7 12 12 2 -5 4 7 -2 7 -12 20 -26 5 1 28 -5 9 6 18 -1 -1 -8 -18 -7 14 7 -18 -1 -7 -1 -7 -17 -9 2 -3 8 0 -13 21 -6
0 7 -27 -9 -4 9 -6 3 0 -8 2 1 7 -6 4 27 -15 29 11 9 7 -2 0 -17 -7 12 12 2 -5 4 7 -2 7 -12 20 -26 5 1 28 -5 9 6 18 -1 -1 -8 -18 -7 14 7 -18 -1 -7 -1 -7 -17 -9 2 -3 8 0 -13 21 -6
0 7 -27 -9 -4 9 -6 3 0 -8 2 1 7 -6 4 27 -15 29 11 9 7 -2 0 -17 -7 12 12 2 -5 4 7 -2 7 -12 20 -26 5 1 28 -5 9 6 18 -1 -1 -8 -18 -7 14 7 -18 -1 -7 -1 -7 -17 -9 2 -3 8 0 -13 21 -6
0 7 -27 -9 -4 9 -6 3 0 -8 2 1 7 -6 4 27 -15 29 11 9 7 -2 0 -17 -7 12 12 2 -5 4 7 -2 7 -12 20 -26 5 1 28 -5 9 6 18 -1 -1 -8 -18 -7 14 7 -18 -1 -7 -1 -7 -17 -9 2 -3 8 0 -13 21 -6
0 7 -27 -9 -4 9 -6 3 0 -8 2 1 7 -6 4 27 -15 29 11 9 7 -2 0 -17 -7 12 12 2 -5 4 7 -2 7 -12 20 -26 5 1 28 -5 9 6 18 -1 -1 -8 -18 -7 14 7 -18 -1 -7 -1 -7 -17 -9 2 -3 8 0 -13 21 -6
0 7 -27 -9 -4 9 -6 3 0 -8 2 1 7 -6 4 27 -15 29 11 9 7 -2 0 -17 -7 12 12 2 -5 4 7 -2 7 -12 20 -26 5 1 28 -5 9 6 18 -1 -1 -8 -18 -7 14 7 -18 -1 -7 -1 -7 -17 -9 2 -3 8 0 -13 21 -6
0 7 -27 -9 -4 9 -6 3 0 -8 2 1 7 -6 4 27 -15 29 11 9 7 -2 0 -17 -7 12 12 2 -5 4 7 -2 7 -12 20 -26 5 1 28 -5 9 6 18 -1 -1 -8 -18 -7 14 7 -18 -1 -7 -1 -7 -17 -9 2 -3 8 0 -13 21 -6
0 7 -27 -9 -4 9 -6 3 0 -8 2 1 7 -6 4 27 -15 29 11 9 7 -2 0 -17 -7 12 12 2 -5 4 7 -2 7 -12 20 -26 5 1 28 -5 9 6 18 -1 -1 -8 -18 -7 14 7 -18 -1 -7 -1 -7 -17 -9 2 -3 8 0 -13 21 -6
0 7 -27 -9 -4 9 -6 3 0 -8 2 1 7 -6 4 27 -15 29 11 9 7 -2 0 -17 -7 12 12 2 -5 4 7 -2 7 -12 20 -26 5 1 28 -5 9 6 18 -1 -1 -8 -18 -7 14 7 -18 -1 -7 -1 -7 -17 -9 2 -3 8 0 -13 21 -6
0 7 -27 -9 -4 9 -6 3 0 -8 2 1 7 -6 4 27 -15 29 11 9 7 -2 0 -17 -7 12 12 2 -5 4 7 -2 7 -12 20 -26 5 1 28 -5 9 6 18 -1 -1 -8 -18 -7 14 7 -18 -1 -7 -1 -7 -17 -9 2 -3 8 0 -13 21 -6
0 7 -27 -9 -4 9 -6 3 0 -8 2 1 7 -6 4 27 -15 29 11 9 7 -2 0 -17 -7 12 12 2 -5 4 7 -2 7 -12 20 -26 5 1 28 -5 9 6 18 -1 -1 -8 -18 -7 14 7 -18 -1 -7 -1 -7 -17 -9 2 -3 8 0 -13 21 -6
0 7 -27 -9 -4 9 -6 3 0 -8 2 1 7 -6 4 27 -15 29 11 9 7 -2 0 -17 -7 12 12 2 -5 4 7 -2 7 -12 20 -26 5 1 28 -5 9 6 18 -1 -1 -8 -18 -7 14 7 -18 -1 -7 -1 -7 -17 -9 2 -3 8 0 -13 21 -6
0 7 -27 -9 -4 9 -6 3 0 -8 2 1 7 -6 4 27 -15 29 11 9 7 -2 0 -17 -7 12 12 2 -5 4 7 -2 7 -12 20 -26 5 1 28 -5 9 6 18 -1 -1 -8 -18 -7 14 7 -18 -1 -7 -1 -7 -17 -9 2 -3 8 0 -13 21 -6
0 7 -27 -9 -4 9 -6 3 0 -8 2 1 7 -6 4 27 -15 29 11 9 7 -2 0 -17 -7 12 12 2 -5 4 7 -2 7 -12 20 -26 5 1 28 -5 9 6 18 -1 -1 -8 -18 -7 14 7 -18 -1 -7 -1 -7 -17 -9 2 -3 8 0 -13 21 -6
0 7 -27 -9 -4 9 -6 3 0 -8 2 1 7 -6 4 27 -15 29 11 9 7 -2 0 -17 -7 12 12 2 -5 4 7 -2 7 -12 20 -26 5 1 28 -5 9 6 18 -1 -1 -8 -18 -7 14 7 -18 -1 -7 -1 -7 -17 -9 2 -3 8 0 -13 21 -6
0 7 -27 -9 -4 9 -6 3 0 -8 2 1 7 -6 4 27 -15 29 11 9 7 -2 0 -17 -7 12 12 2 -5 4 7 -2 7 -12 20 -26 5 1 28 -5 9 6 18 -1 -1 -8 -18 -7 14 7 -18 -1 -7 -1 -7 -17 -9 2 -3 8 0 -13 21 -6
0 7 -27 -9 -4 9 -6 3 0 -8 2 1 7 -6 4 27 -15 29 11 9 7 -2 0 -17 -7 12 12 2 -5 4 7 -2 7 -12 20 -26 5 1 28 -5 9 6 18 -1 -1 -8 -18 -7 14 7 -18 -1 -7 -1 -7 -17 -9 2 -3 8 0 -13 21 -6
0 7 -27 -9 -4 9 -6 3 0 -8 2 1 7 -6 4 27 -15 29 11 9 7 -2 0 -17 -7 12 12 2 -5 4 7 -2 7 -12 20 -26 5 1 28 -5 9 6 18 -1 -1 -8 -18 -7 14 7 -18 -1 -7 -1 -7 -17 -9 2 -3 8 0 -13 21 -6
0 7 -27 -9 -4 9 -6 3 0 -8 2 1 7 -6 4 27 -15 29 11 9 7 -2 0 -17 -7 12 12 2 -5 4 7 -2 7 -12 20 -26 5 1 28 -5 9 6 18 -1 -1 -8 -18 -7 14 7 -18 -1 -7 -1 -7 -17 -9 2 -3 8 0 -13 21 -6
0 7 -27 -9 -4 9 -6 3 0 -8 2 1 7 -6 4 27 -15 29 11 9 7 -2 0 -17 -7 12 12 2 -5 4 7 -2 7 -12 20 -26 5 1 28 -5 9 6 18 -1 -1 -8 -18 -7 14 7 -18 -1 -7 -1 -7 -17 -9 2 -3 8 0 -13 21 -6
0 7 -27 -9 -4 9 -6 3 0 -8 2 1 7 -6 4 27 -15 29 11 9 7 -2 0 -17 -7 12 12 2 -5 4 7 -2 7 -12 20 -26 5 1 28 -5 9 6 18 -1 -1 -8 -18 -7 14 7 -18 -1 -7 -1 -7 -17 -9 2 -3 8 0 -13 21 -6
0 7 -27 -9 -4 9 -6 3 0 -8 2 1 7 -6 4 27 -15 29 11 9 7 -2 0 -17 -7 12 12 2 -5 4 7 -2 7 -12 20 -26 5 1 28 -5 9 6 18 -1 -1 -8 -18 -7 14 7 -18 -1 -7 -1 -7 -17 -9 2 -3 8 0 -13 21 -6
0 7 -27 -9 -4 9 -6 3 0 -8 2 1 7 -6 4 27 -15 29 11 9 7 -2 0 -17 -7 12 12 2 -5 4 7 -2 7 -12 20 -26 5 1 28 -5 9 6 18 -1 -1 -8 -18 -7 14 7 -18 -1 -7 -1 -7 -17 -9 2 -3 8 0 -13 21 -6
0 7 -27 -9 -4 9 -6 3 0 -8 2 1 7 -6 4 27 -15 29 11 9 7 -2 0 -17 -7 12 12 2 -5 4 7 -2 7 -12 20 -26 5 1 28 -5 9 6 18 -1 -1 -8 -18 -7 14 7 -18 -1 -7 -1 -7 -17 -9 2 -3 8 0 -13 21 -6
0 7 -27 -9 -4 9 -6 3 0 -8 2 1 7 -6 4 27 -15 29 11 9 7 -2 0 -17 -7 12 12 2 -5 4 7 -2 7 -12 20 -26 5 1 28 -5 9 6 18 -1 -1 -8 -18 -7 14 7 -18 -1 -7 -1 -7 -17 -9 2 -3 8 0 -13 21 -6
0 7 -27 -9 -4 9 -6 3 0 -8 2 1 7 -6 4 27 -15 29 11 9 7 -2 0 -17 -7 12 12 2 -5 4 7 -2 7 -12 20 -26 5 1 28 -5 9 6 18 -1 -1 -8 -18 -7 14 7 -18 -1 -7 -1 -7 -17 -9 2 -3 8 0 -13 21 -6
0 7 -27 -9 -4 9 -6 3 0 -8 2 1 7 -6 4 27 -15 29 11 9 7 -2 0 -17 -7 12 12 2 -5 4 7 -2 7 -12 20 -26 5 1 28 -5 9 6 18 -1 -1 -8 -18 -7 14 7 -18 -1 -7 -1 -7 -17 -9 2 -3 8 0 -13 21 -6
0 7 -27 -9 -4 9 -6 3 0 -8 2 1 7 -6 4 27 -15 29 11 9 7 -2 0 -17 -7 12 12 2 -5 4 7 -2 7 -12 20 -26 5 1 28 -5 9 6 18 -1 -1 -8 -18 -7 14 7 -18 -1 -7 -1 -7 -17 -9 2 -3 8 0 -13 21 -6
0 7 -27 -9 -4 9 -6 3 0 -8 2 1 7 -6 4 27 -15 29 11 9 7 -2 0 -17 -7 12 12 2 -5 4 7 -2 7 -12 20 -26 5 1 28 -5 9 6 18 -1 -1 -8 -18 -7 14 7 -18 -1 -7 -1 -7 -17 -9 2 -3 8 0 -13 21 -6
0 7 -27 -9 -4 9 -6 3 0 -8 2 1 7 -6 4 27 -15 29 11 9 7 -2 0 -17 -7 12 12 2 -5 4 7 -2 7 -12 20 -26 5 1 28 -5 9 6 18 -1 -1 -8 -18 -7 14 7 -18 -1 -7 -1 -7 -17 -9 2 -3 8 0 -13 21 -6
0 7 -27 -9 -4 9 -6 3 0 -8 2 1 7 -6 4 27 -15 29 11 9 7 -2 0 -17 -7 12 12 2 -5 4 7 -2 7 -12 20 -26 5 1 28 -5 9 6 18 -1 -1 -8 -18 -7 14 7 -18 -1 -7 -1 -7 -17 -9 2 -3 8 0 -13 21 -6
0 7 -27 -9 -4 9 -6 3 0 -8 2 1 7 -6 4 27 -15 29 11 9 7 -2 0 -17 -7 12 12 2 -5 4 7 -2 7 -12 20 -26 5 1 28 -5 9 6 18 -1 -1 -8 -18 -7 14 7 -18 -1 -7 -1 -7 -17 -9 2 -3 8 0 -13 21 -6
0 7 -27 -9 -4 9 -6 3 0 -8 2 1 7 -6 4 27 -15 29 11 9 7 -2 0 -17 -7 12 12 2 -5 4 7 -2 7 -12 20 -26 5 1 28 -5 9 6 18 -1 -1 -8 -18 -7 14 7 -18 -1 -7 -1 -7 -17 -9 2 -3 8 0 -13 21 -6
0 7 -27 -9 -4 9 -6 3 0 -8 2 1 7 -6 4 27 -15 29 11 9 7 -2 0 -17 -7 12 12 2 -5 4 7 -2 7 -12 20 -26 5 1 28 -5 9 6 18 -1 -1 -8 -18 -7 14 7 -18 -1 -7 -1 -7 -17 -9 2 -3 8 0 -13 21 -6
0 7 -27 -9 -4 9 -6 3 0 -8 2 1 7 -6 4 27 -15 29 11 9 7 -2 0 -17 -7 12 12 2 -5 4 7 -2 7 -12 20 -26 5 1 28 -5 9 6 18 -1 -1 -8 -18 -7 14 7 -18 -1 -7 -1 -7 -17 -9 2 -3 8 0 -13 21 -6
0 7 -27 -9 -4 9 -6 3 0 -8 2 1 7 -6 4 27 -15 29 11 9 7 -2 0 -17 -7 12 12 2 -5 4 7 -2 7 -12 20 -26 5 1 28 -5 9 6 18 -1 -1 -8 -18 -7 14 7 -18 -1 -7 -1 -7 -17 -9 2 -3 8 0 -13 21 -6
0 7 -27 -9 -4 9 -6 3 0 -8 2 1 7 -6 4 27 -15 29 11 9 7 -2 0 -17 -7 12 12 2 -5 4 7 -2 7 -12 20 -26 5 1 28 -5 9 6 18 -1 -1 -8 -18 -7 14 7 -18 -1 -7 -1 -7 -17 -9 2 -3 8 0 -13 21 -6
0 7 -27 -9 -4 9 -6 3 0 -8 2 1 7 -6 4 27 -15 29 11 9 7 -2 0 -17 -7 12 12 2 -5 4 7 -2 7 -12 20 -26 5 1 28 -5 9 6 18 -1 -1 -8 -18 -7 14 7 -18 -1 -7 -1 -7 -17 -9 2 -3 8 0 -13 21 -6
0 7 -27 -9 -4 9 -6 3 0 -8 2 1 7 -6 4 27 -15 29 11 9 7 -2 0 -17 -7 12 12 2 -5 4 7 -2 7 -12 20 -26 5 1 28 -5 9 6 18 -1 -1 -8 -18 -7 14 7 -18 -1 -7 -1 -7 -17 -9 2 -3 8 0 -13 21 -6
0 7 -27 -9 -4 9 -6 3 0 -8 2 1 7 -6 4 27 -15 29 11 9 7 -2 0 -17 -7 12 12 2 -5 4 7 -2 7 -12 20 -26 5 1 28 -5 9 6 18 -1 -1 -8 -18 -7 14 7 -18 -1 -7 -1 -7 -17 -9 2 -3 8 0 -13 21 -6
0 7 -27 -9 -4 9 -6 3 0 -8 2 1 7 -6 4 27 -15 29 11 9 7 -2 0 -17 -7 12 12 2 -5 4 7 -2 7 -12 20 -26 5 1 28 -5 9 6 18 -1 -1 -8 -18 -7 14 7 -18 -1 -7 -1 -7 -17 -9 2 -3 8 0 -13 21 -6
0 7 -27 -9 -4 9 -6 3 0 -8 2 1 7 -6 4 27 -15 29 11 9 7 -2 0 -17 -7 12 12 2 -5 4 7 -2 7 -12 20 -26 5 1 28 -5 9 6 18 -1 -1 -8 -18 -7 14 7 -18 -1 -7 -1 -7 -17 -9 2 -3 8 0 -13 21 -6
0 7 -27 -9 -4 9 -6 3 0 -8 2 1 7 -6 4 27 -15 29 11 9 7 -2 0 -17 -7 12 12 2 -5 4 7 -2 7 -12 20 -26 5 1 28 -5 9 6 18 -1 -1 -8 -18 -7 14 7 -18 -1 -7 -1 -7 -17 -9 2 -3 8 0 -13 21 -6
0 7 -27 -9 -4 9 -6 3 0 -8 2 1 7 -6 4 27 -15 29 11 9 7 -2 0 -17 -7 12 12 2 -5 4 7 -2 7 -12 20 -26 5 1 28 -5 9 6 18 -1 -1 -8 -18 -7 14 7 -18 -1 -7 -1 -7 -17 -9 2 -3 8 0 -13 21 -6
0 7 -27 -9 -4 9 -6 3 0 -8 2 1 7 -6 4 27 -15 29 11 9 7 -2 0 -17 -7 12 12 2 -5 4 7 -2 7 -12 20 -26 5 1 28 -5 9 6 18 -1 -1 -8 -18 -7 14 7 -18 -1 -7 -1 -7 -17 -9 2 -3 8 0 -13 21 -6
0 7 -27 -9 -4 9 -6 3 0 -8 2 1 7 -6 4 27 -15 29 11 9 7 -2 0 -17 -7 12 12 2 -5 4 7 -2 7 -12 20 -26 5 1 28 -5 9 6 18 -1 -1 -8 -18 -7 14 7 -18 -1 -7 -1 -7 -17 -9 2 -3 8 0 -13 21 -6
0 7 -27 -9 -4 9 -6 3 0 -8 2 1 7 -6 4 27 -15 29 11 9 7 -2 0 -17 -7 12 12 2 -5 4 7 -2 7 -12 20 -26 5 1 28 -5 9 6 18 -1 -1 -8 -18 -7 14 7 -18 -1 -7 -1 -7 -17 -9 2 -3 8 0 -13 21 -6
0 7 -27 -9 -4 9 -6 3 0 -8 2 1 7 -6 4 27 -15 29 11 9 7 -2 0 -17 -7 12 12 2 -5 4 7 -2 7 -12 20 -26 5 1 28 -5 9 6 18 -1 -1 -8 -18 -7 14 7 -18 -1 -7 -1 -7 -17 -9 2 -3 8 0 -13 21 -6
0 7 -27 -9 -4 9 -6 3 0 -8 2 1 7 -6 4 27 -15 29 11 9 7 -2 0 -17 -7 12 12 2 -5 4 7 -2 7 -12 20 -26 5 1 28 -5 9 6 18 -1 -1 -8 -18 -7 14 7 -18 -1 -7 -1 -7 -17 -9 2 -3 8 0 -13 21 -6
0 7 -27 -9 -4 9 -6 3 0 -8 2 1 7 -6 4 27 -15 29 11 9 7 -2 0 -17 -7 12 12 2 -5 4 7 -2 7 -12 20 -26 5 1 28 -5 9 6 18 -1 -1 -8 -18 -7 14 7 -18 -1 -7 -1 -7 -17 -9 2 -3 8 0 -13 21 -6
0 7 -27 -9 -4 9 -6 3 0 -8 2 1 7 -6 4 27 -15 29 11 9 7 -2 0 -17 -7 12 12 2 -5 4 7 -2 7 -12 20 -26 5 1 28 -5 9 6 18 -1 -1 -8 -18 -7 14 7 -18 -1 -7 -1 -7 -17 -9 2 -3 8 0 -13 21 -6
0 7 -27 -9 -4 9 -6 3 0 -8 2 1 7 -6 4 27 -15 29 11 9 7 -2 0 -17 -7 12 12 2 -5 4 7 -2 7 -12 20 -26 5 1 28 -5 9 6 18 -1 -1 -8 -18 -7 14 7 -18 -1 -7 -1 -7 -17 -9 2 -3 8 0 -13 21 -6
0 7 -27 -9 -4 9 -6 3 0 -8 2 1 7 -6 4 27 -15 29 11 9 7 -2 0 -17 -7 12 12 2 -5 4 7 -2 7 -12 20 -26 5 1 28 -5 9 6 18 -1 -1 -8 -18 -7 14 7 -18 -1 -7 -1 -7 -17 -9 2 -3 8 0 -13 21 -6
0 7 -27 -9 -4 9 -6 3 0 -8 2 1 7 -6 4 27 -15 29 11 9 7 -2 0 -17 -7 12 12 2 -5 4 7 -2 7 -12 20 -26 5 1 28 -5 9 6 18 -1 -1 -8 -18 -7 14 7 -18 -1 -7 -1 -7 -17 -9 2 -3 8 0 -13 21 -6
0 7 -27 -9 -4 9 -6 3 0 -8 2 1 7 -6 4 27 -15 29 11 9 7 -2 0 -17 -7 12 12 2 -5 4 7 -2 7 -12 20 -26 5 1 28 -5 9 6 18 -1 -1 -8 -18 -7 14 7 -18 -1 -7 -1 -7 -17 -9 2 -3 8 0 -13 21 -6
0 7 -27 -9 -4 9 -6 3 0 -8 2 1 7 -6 4 27 -15 29 11 9 7 -2 0 -17 -7 12 12 2 -5 4 7 -2 7 -12 20 -26 5 1 28 -5 9 6 18 -1 -1 -8 -18 -7 14 7 -18 -1 -7 -1 -7 -17 -9 2 -3 8 0 -13 21 -6
0 7 -27 -9 -4 9 -6 3 0 -8 2 1 7 -6 4 27 -15 29 11 9 7 -2 0 -17 -7 12 12 2 -5 4 7 -2 7 -12 20 -26 5 1 28 -5 9 6 18 -1 -1 -8 -18 -7 14 7 -18 -1 -7 -1 -7 -17 -9 2 -3 8 0 -13 21 -6
