9 7 -11 8 -12 8 -16 3 -21 1 -24 19 18 3 -4 27 15 1 27 -67 3 -31 -8 -9 16 7 -13 -21 13 -16 7 13 3 8 -26 4 -11 13 9 14 -30 -10 17 -13 -30 18 -37 -25 -12 -20 -26 1 16 -8 5 16 -4 12 -11 -23 2 -11 13 13
13 7 -17 8 -5 -6 -15 13 -18 -7 -29 23 30 2 -10 14 22 16 21 -64 -4 -20 -2 0 23 5 -13 -16 18 -4 -4 13 5 2 -24 21 -12 20 18 20 -26 -23 30 0 -52 11 -52 -29 -1 -17 -33 10 15 -24 13 9 0 16 -1 -22 18 -14 15 12
10 2 -19 9 -3 -5 -35 6 -12 -5 -28 13 23 1 -4 19 20 13 28 -68 -9 -27 -12 -3 8 -2 -14 -2 5 0 7 19 2 -4 -26 10 -19 13 12 20 -29 -19 32 8 -44 12 -35 -35 -5 -20 -22 14 16 -10 9 12 3 14 -8 -21 24 -10 17 9
9 -2 -8 10 -5 -7 -29 3 -10 1 -20 17 14 3 2 16 26 19 29 -67 -6 -26 -5 1 18 -4 -17 -4 2 -13 14 22 8 4 -26 6 -11 8 16 25 -27 -18 26 14 -46 14 -37 -37 -7 -24 -29 15 18 -5 11 15 2 15 -6 -17 20 -14 23 3
13 -4 -11 8 7 -19 -16 3 -9 0 -25 30 17 4 0 13 24 23 33 -73 6 -27 -9 -2 11 1 -14 -13 -3 -14 7 20 6 6 -18 17 -4 8 18 21 -30 -27 34 13 -45 23 -34 -40 -10 -15 -41 15 15 -9 15 14 -2 13 -2 -22 19 -12 15 2
10 3 -9 8 5 -1 -22 14 -14 -2 -26 19 18 2 9 13 21 22 35 -65 -8 -26 -8 2 14 -1 -16 0 -1 -5 6 21 11 9 -20 14 -6 11 18 18 -29 -32 35 10 -49 16 -30 -41 -13 -11 -35 20 5 -18 21 8 -5 15 -6 -20 14 -13 13 11
9 8 -12 0 2 -3 -23 0 -6 -3 -24 18 23 1 0 16 20 16 38 -62 -7 -21 3 -5 15 -9 -18 -4 -7 -6 8 19 4 13 -21 15 -8 19 22 27 -38 -26 32 13 -54 14 -31 -45 -15 -11 -39 16 13 -6 14 10 6 11 0 -29 10 -16 25 2
12 4 -12 6 2 -8 -21 11 -7 -7 -33 19 22 -4 -4 16 25 18 30 -64 -1 -21 -6 6 15 -7 -20 -9 -5 -19 12 28 3 5 -24 12 -5 15 22 20 -34 -24 34 7 -38 18 -39 -40 -9 -20 -36 14 16 -11 19 13 -2 16 -8 -24 9 -10 18 3
9 3 -11 8 4 -2 -30 -1 -12 -7 -32 19 22 4 -6 15 24 19 24 -63 -6 -25 -10 1 14 -4 -24 -5 -1 -13 10 21 2 -1 -27 13 -14 18 24 26 -21 -27 28 9 -47 14 -35 -42 -9 -18 -31 14 18 -13 17 16 6 10 -10 -28 18 -9 25 6
11 27 -17 26 8 -17 -9 2 -15 -12 -21 20 29 -6 -4 20 18 -1 4 -32 -2 -24 -25 6 36 3 -18 -20 -14 18 5 15 1 -4 -24 22 -42 31 23 8 -40 -24 28 11 -58 23 -32 -31 -12 -7 -34 14 5 -12 17 -1 16 8 -15 -20 8 3 18 6
12 2 -12 9 -2 1 -34 3 -9 -5 -27 23 23 -2 -1 17 25 23 30 -68 -5 -27 -8 3 14 -4 -19 -4 11 -13 9 18 3 -5 -20 10 -16 16 13 17 -34 -19 27 12 -47 15 -36 -41 -3 -22 -20 15 10 -17 18 15 5 13 -7 -17 16 -7 16 4
11 3 -18 7 -4 -10 -32 2 -2 -12 -28 26 32 4 3 20 28 22 30 -63 -7 -27 -2 -1 8 -8 -21 -6 -2 -7 15 30 0 -2 -23 11 -9 8 18 22 -23 -27 28 16 -44 11 -35 -41 -7 -25 -33 16 14 -14 11 18 8 10 -3 -25 10 -14 27 4
8 -6 -8 7 -7 -8 -27 0 -8 0 -25 27 23 7 -2 17 20 17 24 -65 -3 -31 -10 -2 17 -3 -18 -3 2 -12 10 24 8 0 -25 14 -11 16 14 18 -22 -17 25 18 -50 7 -34 -35 2 -17 -22 12 16 -18 12 14 6 5 -2 -14 19 -7 27 0
11 2 -13 6 0 -16 -23 10 -5 -2 -26 23 24 -2 6 9 26 8 31 -64 -3 -31 -11 5 6 9 -21 -6 -5 -12 16 24 3 6 -21 21 -7 20 17 28 -35 -22 37 10 -49 15 -37 -37 -7 -21 -38 14 18 -14 16 6 -1 21 -5 -22 15 -17 24 0
16 12 -10 19 -2 -16 -9 -4 1 -14 -17 28 25 12 -3 20 30 3 7 -33 -1 -23 -21 -4 23 0 -18 -17 -7 29 14 17 6 7 -28 19 -24 14 20 16 -19 -19 24 11 -57 20 -45 -33 -15 -15 -36 6 8 -21 17 2 14 10 -23 -22 11 -16 23 -6
9 -3 -18 15 -7 -6 -21 4 -1 0 -24 26 21 7 1 20 19 16 25 -59 -9 -28 -9 1 17 -6 -21 -11 1 1 16 24 -1 1 -17 22 -15 8 14 27 -23 -14 21 20 -49 17 -34 -28 -11 -33 -28 10 15 -24 16 5 5 5 2 -21 18 -7 20 2
12 5 -12 4 -3 -15 -14 5 -3 -6 -25 26 28 -2 4 15 23 17 32 -62 0 -24 -2 -2 14 0 -23 -6 2 -7 8 27 4 -2 -19 24 -12 14 14 25 -23 -32 31 8 -51 9 -42 -44 -6 -21 -41 15 17 -19 20 12 -9 13 -3 -17 21 -13 19 1
11 -4 -2 10 -7 -4 -24 -2 -1 -6 -19 20 29 15 4 16 24 20 26 -52 -4 -28 -12 -11 13 -4 -18 -8 7 1 8 24 8 -1 -25 16 -14 16 11 27 -26 -18 31 10 -46 7 -38 -34 -8 -28 -24 11 15 -15 7 19 3 5 -5 -26 16 -15 25 2
11 -5 -7 5 -6 -9 -19 4 -4 -3 -23 22 32 4 0 20 20 19 27 -61 -4 -35 -4 1 11 2 -17 1 5 -5 15 23 7 3 -24 12 -11 14 6 22 -31 -24 33 12 -47 8 -34 -34 -8 -21 -33 11 16 -18 8 11 -2 10 -4 -14 17 -17 21 3
18 -6 -11 8 -2 -10 -17 7 -3 -11 -24 29 26 9 -1 17 30 12 31 -66 1 -29 -6 7 13 0 -19 -4 0 -20 15 24 7 0 -21 18 -6 18 16 23 -27 -25 31 9 -43 8 -43 -35 -12 -17 -36 14 16 -12 11 12 -5 10 -8 -18 14 -8 20 6
13 2 -10 3 -2 -4 -14 3 -3 -9 -23 26 33 4 1 17 24 21 32 -64 1 -33 -5 -2 13 -9 -14 -4 5 -10 16 24 11 4 -19 17 -7 13 13 19 -24 -28 28 12 -49 13 -39 -38 -6 -27 -34 13 23 -20 11 10 -2 7 -2 -25 19 -17 30 10
7 9 -17 19 4 -17 -18 -1 -3 -11 -23 16 34 5 -2 26 31 1 16 -36 -5 -28 -19 2 20 1 -19 -30 -10 24 11 19 3 16 -15 10 -23 27 25 16 -26 -28 10 3 -49 12 -46 -26 -18 -17 -31 6 5 -11 25 8 15 3 -18 -28 18 5 24 3
7 -1 -17 7 -8 -3 -13 -1 -4 -10 -18 22 14 7 -6 26 14 18 34 -76 -8 -19 0 -14 16 8 -14 -5 10 -7 5 22 11 1 -18 -2 -4 5 6 6 -19 -17 18 -10 -28 2 -35 -21 -5 -26 -25 6 19 -8 4 22 4 13 -8 -14 16 -9 19 5
-2 13 -5 9 -6 -4 -33 22 -21 3 -29 20 27 -8 0 28 16 1 27 -66 -8 -19 -9 -1 24 5 -24 -6 7 0 -4 11 -12 10 -20 14 -22 12 17 24 -21 -11 10 -1 -45 11 -37 -33 3 -13 -29 12 2 -16 13 14 0 -1 -17 -15 17 0 20 6
1 7 -24 7 -14 -7 -27 19 -13 1 -30 19 18 -13 6 26 23 4 17 -51 -13 -23 -11 -14 15 5 -13 -19 -4 11 -7 3 1 2 -32 1 -32 11 22 27 -32 -27 16 1 -43 11 -19 -33 -7 -1 -31 9 15 -18 16 -2 9 3 -13 -16 7 0 18 8
6 1 -12 7 -2 -11 -28 4 -4 -4 -26 20 22 8 -1 24 22 15 26 -62 -12 -29 -11 -12 17 1 -14 -7 6 -3 2 23 3 7 -23 11 -19 19 15 23 -23 -15 26 8 -49 12 -29 -34 -5 -18 -24 15 14 -14 8 13 -3 10 -9 -19 20 -7 17 6
13 0 -10 7 1 -21 -28 4 -2 -3 -29 29 24 -1 0 22 24 13 32 -70 -1 -25 -16 -3 8 -1 -14 -10 -1 -12 4 21 4 11 -12 7 -4 13 18 20 -23 -21 30 9 -37 14 -34 -33 -7 -21 -29 12 11 -10 9 23 2 8 0 -19 22 -6 19 5
10 -7 -6 9 8 -12 -28 10 -5 2 -32 30 24 0 4 19 26 13 39 -71 -3 -28 3 2 12 -3 -17 -10 1 -17 8 25 6 8 -13 8 -4 19 22 20 -33 -25 31 1 -45 18 -34 -37 -9 -16 -31 17 16 -14 14 15 -5 18 -5 -25 22 -12 16 7
15 0 -9 5 -5 -17 -31 7 0 1 -25 26 27 8 1 16 15 11 34 -68 -6 -25 10 -4 5 -6 -16 -4 1 -8 8 22 7 7 -14 9 -10 17 19 27 -36 -21 36 6 -44 11 -38 -45 -13 -13 -30 15 20 -10 3 11 6 13 -6 -20 24 -11 14 3
17 6 -8 5 -3 -16 -27 19 -7 1 -30 31 29 -3 -4 20 18 9 26 -62 -4 -26 -7 8 5 -12 -23 -15 -3 -14 13 22 -1 6 -21 20 -22 21 18 27 -27 -25 31 -4 -46 21 -44 -46 -4 -20 -36 15 12 -12 13 10 0 17 -11 -22 15 -7 18 13
7 1 -4 7 2 -9 -33 8 -8 1 -27 23 24 2 0 20 20 11 27 -65 -7 -26 -9 -7 16 -4 -20 -8 8 -10 12 22 3 5 -23 12 -14 20 16 26 -20 -20 22 8 -44 19 -38 -41 -4 -17 -33 14 11 -14 9 13 6 7 -6 -21 17 -7 21 5
5 3 -12 14 -1 -1 -29 5 -13 -3 -24 21 24 5 2 21 20 9 31 -72 -4 -28 -4 -5 16 0 -14 -13 11 -14 9 20 3 4 -16 14 -21 24 14 20 -32 -15 21 10 -45 17 -35 -40 -9 -14 -27 17 6 -11 7 13 6 12 -5 -25 15 -3 25 3
8 1 -5 11 -9 -12 -30 5 1 3 -26 17 28 3 -2 19 24 19 31 -65 -12 -22 2 -6 10 -14 -11 -2 4 -13 8 25 3 2 -13 13 -10 16 15 23 -24 -15 24 8 -44 18 -35 -41 1 -23 -29 20 8 -10 10 20 -3 3 -4 -32 12 -13 15 10
7 4 -10 8 3 -14 -28 6 -2 1 -29 28 25 1 -5 26 27 8 25 -66 -7 -29 -8 -1 13 4 -18 -6 5 -15 15 24 0 8 -20 19 -10 17 15 23 -26 -14 23 11 -48 9 -32 -31 -4 -23 -29 16 18 -11 10 14 -10 7 -5 -24 22 -12 17 2
9 3 -3 7 -2 -18 -22 4 -3 -3 -22 25 26 2 -4 15 16 15 32 -63 -2 -28 -3 1 16 -1 -20 -3 4 -14 11 27 2 7 -11 16 -11 15 16 22 -20 -23 27 11 -48 14 -42 -36 -6 -18 -28 15 7 -16 11 14 -10 4 -5 -23 17 -16 21 0
4 -4 -3 5 -2 -5 -23 0 -4 0 -21 23 21 1 2 19 20 15 27 -59 -3 -24 -5 -17 10 4 -14 -10 9 -1 12 22 8 3 -18 11 -13 9 13 21 -23 -15 25 6 -37 14 -27 -31 -6 -28 -24 16 10 -13 4 20 -2 6 -8 -24 22 -13 19 3
12 2 -5 10 -4 -14 -20 2 -6 -5 -25 25 33 -3 0 31 24 14 28 -63 -6 -32 -11 -3 8 0 -22 -5 6 -6 11 29 -1 1 -11 15 -16 16 9 16 -29 -28 27 8 -44 12 -31 -32 -6 -18 -32 11 9 -15 5 8 -8 8 -8 -22 21 -10 17 0
16 -7 -9 12 -3 -18 -29 9 -2 -10 -25 33 31 10 -6 25 17 20 25 -64 -5 -32 -3 2 16 -2 -15 -10 -1 -9 16 20 4 6 -18 12 -10 16 17 28 -26 -28 26 8 -44 11 -37 -31 -7 -21 -32 19 19 -15 10 11 -1 12 -7 -29 15 -9 21 0
8 1 -10 8 -4 -11 -23 6 -2 -1 -23 31 30 2 2 22 23 19 28 -63 -1 -27 -13 5 8 -7 -14 -7 1 -8 15 24 4 7 -8 8 -14 21 17 24 -25 -22 28 6 -48 14 -31 -33 -9 -25 -29 16 16 -12 2 15 2 7 -9 -20 21 -8 25 7
0 -2 -19 17 -3 -21 -21 2 -5 -3 -19 22 39 5 1 17 19 5 15 -44 -11 -23 -8 -6 22 2 -17 -22 -1 17 13 13 -2 13 -13 9 -27 28 21 14 -30 -18 12 5 -44 14 -40 -33 -10 -16 -31 5 8 -15 15 8 -1 1 -16 -28 22 -1 15 4
8 -1 -17 2 -7 -3 -16 -1 -3 -8 -18 21 16 6 -4 26 14 16 36 -77 -1 -19 -2 -16 10 4 -15 -6 8 -8 1 21 12 0 -19 -3 0 0 6 6 -14 -12 13 -8 -27 4 -29 -25 -5 -26 -18 5 22 -8 4 23 0 15 -6 -16 13 -12 18 5
6 19 -7 6 3 -5 -8 6 -13 -2 -24 29 20 -9 -8 20 12 -4 24 -53 3 -25 -17 -3 27 14 -16 -16 6 -5 -4 5 -1 6 -34 4 -14 17 19 11 -24 -11 6 7 -38 19 -34 -32 -13 -17 -36 3 12 -21 16 13 -1 1 -22 -12 21 -3 10 2
6 19 -7 6 3 -5 -8 6 -13 -2 -24 29 20 -9 -8 20 12 -4 24 -53 3 -25 -17 -3 27 14 -16 -16 6 -5 -4 5 -1 6 -34 4 -14 17 19 11 -24 -11 6 7 -38 19 -34 -32 -13 -17 -36 3 12 -21 16 13 -1 1 -22 -12 21 -3 10 2
6 19 -7 6 3 -5 -8 6 -13 -2 -24 29 20 -9 -8 20 12 -4 24 -53 3 -25 -17 -3 27 14 -16 -16 6 -5 -4 5 -1 6 -34 4 -14 17 19 11 -24 -11 6 7 -38 19 -34 -32 -13 -17 -36 3 12 -21 16 13 -1 1 -22 -12 21 -3 10 2
6 19 -7 6 3 -5 -8 6 -13 -2 -24 29 20 -9 -8 20 12 -4 24 -53 3 -25 -17 -3 27 14 -16 -16 6 -5 -4 5 -1 6 -34 4 -14 17 19 11 -24 -11 6 7 -38 19 -34 -32 -13 -17 -36 3 12 -21 16 13 -1 1 -22 -12 21 -3 10 2
6 19 -7 6 3 -5 -8 6 -13 -2 -24 29 20 -9 -8 20 12 -4 24 -53 3 -25 -17 -3 27 14 -16 -16 6 -5 -4 5 -1 6 -34 4 -14 17 19 11 -24 -11 6 7 -38 19 -34 -32 -13 -17 -36 3 12 -21 16 13 -1 1 -22 -12 21 -3 10 2
6 19 -7 6 3 -5 -8 6 -13 -2 -24 29 20 -9 -8 20 12 -4 24 -53 3 -25 -17 -3 27 14 -16 -16 6 -5 -4 5 -1 6 -34 4 -14 17 19 11 -24 -11 6 7 -38 19 -34 -32 -13 -17 -36 3 12 -21 16 13 -1 1 -22 -12 21 -3 10 2
6 19 -7 6 3 -5 -8 6 -13 -2 -24 29 20 -9 -8 20 12 -4 24 -53 3 -25 -17 -3 27 14 -16 -16 6 -5 -4 5 -1 6 -34 4 -14 17 19 11 -24 -11 6 7 -38 19 -34 -32 -13 -17 -36 3 12 -21 16 13 -1 1 -22 -12 21 -3 10 2
6 19 -7 6 3 -5 -8 6 -13 -2 -24 29 20 -9 -8 20 12 -4 24 -53 3 -25 -17 -3 27 14 -16 -16 6 -5 -4 5 -1 6 -34 4 -14 17 19 11 -24 -11 6 7 -38 19 -34 -32 -13 -17 -36 3 12 -21 16 13 -1 1 -22 -12 21 -3 10 2
6 19 -7 6 3 -5 -8 6 -13 -2 -24 29 20 -9 -8 20 12 -4 24 -53 3 -25 -17 -3 27 14 -16 -16 6 -5 -4 5 -1 6 -34 4 -14 17 19 11 -24 -11 6 7 -38 19 -34 -32 -13 -17 -36 3 12 -21 16 13 -1 1 -22 -12 21 -3 10 2
6 19 -7 6 3 -5 -8 6 -13 -2 -24 29 20 -9 -8 20 12 -4 24 -53 3 -25 -17 -3 27 14 -16 -16 6 -5 -4 5 -1 6 -34 4 -14 17 19 11 -24 -11 6 7 -38 19 -34 -32 -13 -17 -36 3 12 -21 16 13 -1 1 -22 -12 21 -3 10 2
6 19 -7 6 3 -5 -8 6 -13 -2 -24 29 20 -9 -8 20 12 -4 24 -53 3 -25 -17 -3 27 14 -16 -16 6 -5 -4 5 -1 6 -34 4 -14 17 19 11 -24 -11 6 7 -38 19 -34 -32 -13 -17 -36 3 12 -21 16 13 -1 1 -22 -12 21 -3 10 2
6 19 -7 6 3 -5 -8 6 -13 -2 -24 29 20 -9 -8 20 12 -4 24 -53 3 -25 -17 -3 27 14 -16 -16 6 -5 -4 5 -1 6 -34 4 -14 17 19 11 -24 -11 6 7 -38 19 -34 -32 -13 -17 -36 3 12 -21 16 13 -1 1 -22 -12 21 -3 10 2
6 19 -7 6 3 -5 -8 6 -13 -2 -24 29 20 -9 -8 20 12 -4 24 -53 3 -25 -17 -3 27 14 -16 -16 6 -5 -4 5 -1 6 -34 4 -14 17 19 11 -24 -11 6 7 -38 19 -34 -32 -13 -17 -36 3 12 -21 16 13 -1 1 -22 -12 21 -3 10 2
6 19 -7 6 3 -5 -8 6 -13 -2 -24 29 20 -9 -8 20 12 -4 24 -53 3 -25 -17 -3 27 14 -16 -16 6 -5 -4 5 -1 6 -34 4 -14 17 19 11 -24 -11 6 7 -38 19 -34 -32 -13 -17 -36 3 12 -21 16 13 -1 1 -22 -12 21 -3 10 2
6 19 -7 6 3 -5 -8 6 -13 -2 -24 29 20 -9 -8 20 12 -4 24 -53 3 -25 -17 -3 27 14 -16 -16 6 -5 -4 5 -1 6 -34 4 -14 17 19 11 -24 -11 6 7 -38 19 -34 -32 -13 -17 -36 3 12 -21 16 13 -1 1 -22 -12 21 -3 10 2
6 19 -7 6 3 -5 -8 6 -13 -2 -24 29 20 -9 -8 20 12 -4 24 -53 3 -25 -17 -3 27 14 -16 -16 6 -5 -4 5 -1 6 -34 4 -14 17 19 11 -24 -11 6 7 -38 19 -34 -32 -13 -17 -36 3 12 -21 16 13 -1 1 -22 -12 21 -3 10 2
6 19 -7 6 3 -5 -8 6 -13 -2 -24 29 20 -9 -8 20 12 -4 24 -53 3 -25 -17 -3 27 14 -16 -16 6 -5 -4 5 -1 6 -34 4 -14 17 19 11 -24 -11 6 7 -38 19 -34 -32 -13 -17 -36 3 12 -21 16 13 -1 1 -22 -12 21 -3 10 2
6 19 -7 6 3 -5 -8 6 -13 -2 -24 29 20 -9 -8 20 12 -4 24 -53 3 -25 -17 -3 27 14 -16 -16 6 -5 -4 5 -1 6 -34 4 -14 17 19 11 -24 -11 6 7 -38 19 -34 -32 -13 -17 -36 3 12 -21 16 13 -1 1 -22 -12 21 -3 10 2
6 19 -7 6 3 -5 -8 6 -13 -2 -24 29 20 -9 -8 20 12 -4 24 -53 3 -25 -17 -3 27 14 -16 -16 6 -5 -4 5 -1 6 -34 4 -14 17 19 11 -24 -11 6 7 -38 19 -34 -32 -13 -17 -36 3 12 -21 16 13 -1 1 -22 -12 21 -3 10 2
6 19 -7 6 3 -5 -8 6 -13 -2 -24 29 20 -9 -8 20 12 -4 24 -53 3 -25 -17 -3 27 14 -16 -16 6 -5 -4 5 -1 6 -34 4 -14 17 19 11 -24 -11 6 7 -38 19 -34 -32 -13 -17 -36 3 12 -21 16 13 -1 1 -22 -12 21 -3 10 2
6 19 -7 6 3 -5 -8 6 -13 -2 -24 29 20 -9 -8 20 12 -4 24 -53 3 -25 -17 -3 27 14 -16 -16 6 -5 -4 5 -1 6 -34 4 -14 17 19 11 -24 -11 6 7 -38 19 -34 -32 -13 -17 -36 3 12 -21 16 13 -1 1 -22 -12 21 -3 10 2
6 19 -7 6 3 -5 -8 6 -13 -2 -24 29 20 -9 -8 20 12 -4 24 -53 3 -25 -17 -3 27 14 -16 -16 6 -5 -4 5 -1 6 -34 4 -14 17 19 11 -24 -11 6 7 -38 19 -34 -32 -13 -17 -36 3 12 -21 16 13 -1 1 -22 -12 21 -3 10 2
6 19 -7 6 3 -5 -8 6 -13 -2 -24 29 20 -9 -8 20 12 -4 24 -53 3 -25 -17 -3 27 14 -16 -16 6 -5 -4 5 -1 6 -34 4 -14 17 19 11 -24 -11 6 7 -38 19 -34 -32 -13 -17 -36 3 12 -21 16 13 -1 1 -22 -12 21 -3 10 2
6 19 -7 6 3 -5 -8 6 -13 -2 -24 29 20 -9 -8 20 12 -4 24 -53 3 -25 -17 -3 27 14 -16 -16 6 -5 -4 5 -1 6 -34 4 -14 17 19 11 -24 -11 6 7 -38 19 -34 -32 -13 -17 -36 3 12 -21 16 13 -1 1 -22 -12 21 -3 10 2
6 19 -7 6 3 -5 -8 6 -13 -2 -24 29 20 -9 -8 20 12 -4 24 -53 3 -25 -17 -3 27 14 -16 -16 6 -5 -4 5 -1 6 -34 4 -14 17 19 11 -24 -11 6 7 -38 19 -34 -32 -13 -17 -36 3 12 -21 16 13 -1 1 -22 -12 21 -3 10 2
6 19 -7 6 3 -5 -8 6 -13 -2 -24 29 20 -9 -8 20 12 -4 24 -53 3 -25 -17 -3 27 14 -16 -16 6 -5 -4 5 -1 6 -34 4 -14 17 19 11 -24 -11 6 7 -38 19 -34 -32 -13 -17 -36 3 12 -21 16 13 -1 1 -22 -12 21 -3 10 2
6 19 -7 6 3 -5 -8 6 -13 -2 -24 29 20 -9 -8 20 12 -4 24 -53 3 -25 -17 -3 27 14 -16 -16 6 -5 -4 5 -1 6 -34 4 -14 17 19 11 -24 -11 6 7 -38 19 -34 -32 -13 -17 -36 3 12 -21 16 13 -1 1 -22 -12 21 -3 10 2
6 19 -7 6 3 -5 -8 6 -13 -2 -24 29 20 -9 -8 20 12 -4 24 -53 3 -25 -17 -3 27 14 -16 -16 6 -5 -4 5 -1 6 -34 4 -14 17 19 11 -24 -11 6 7 -38 19 -34 -32 -13 -17 -36 3 12 -21 16 13 -1 1 -22 -12 21 -3 10 2
6 19 -7 6 3 -5 -8 6 -13 -2 -24 29 20 -9 -8 20 12 -4 24 -53 3 -25 -17 -3 27 14 -16 -16 6 -5 -4 5 -1 6 -34 4 -14 17 19 11 -24 -11 6 7 -38 19 -34 -32 -13 -17 -36 3 12 -21 16 13 -1 1 -22 -12 21 -3 10 2
6 19 -7 6 3 -5 -8 6 -13 -2 -24 29 20 -9 -8 20 12 -4 24 -53 3 -25 -17 -3 27 14 -16 -16 6 -5 -4 5 -1 6 -34 4 -14 17 19 11 -24 -11 6 7 -38 19 -34 -32 -13 -17 -36 3 12 -21 16 13 -1 1 -22 -12 21 -3 10 2
6 19 -7 6 3 -5 -8 6 -13 -2 -24 29 20 -9 -8 20 12 -4 24 -53 3 -25 -17 -3 27 14 -16 -16 6 -5 -4 5 -1 6 -34 4 -14 17 19 11 -24 -11 6 7 -38 19 -34 -32 -13 -17 -36 3 12 -21 16 13 -1 1 -22 -12 21 -3 10 2
6 19 -7 6 3 -5 -8 6 -13 -2 -24 29 20 -9 -8 20 12 -4 24 -53 3 -25 -17 -3 27 14 -16 -16 6 -5 -4 5 -1 6 -34 4 -14 17 19 11 -24 -11 6 7 -38 19 -34 -32 -13 -17 -36 3 12 -21 16 13 -1 1 -22 -12 21 -3 10 2
6 19 -7 6 3 -5 -8 6 -13 -2 -24 29 20 -9 -8 20 12 -4 24 -53 3 -25 -17 -3 27 14 -16 -16 6 -5 -4 5 -1 6 -34 4 -14 17 19 11 -24 -11 6 7 -38 19 -34 -32 -13 -17 -36 3 12 -21 16 13 -1 1 -22 -12 21 -3 10 2
6 19 -7 6 3 -5 -8 6 -13 -2 -24 29 20 -9 -8 20 12 -4 24 -53 3 -25 -17 -3 27 14 -16 -16 6 -5 -4 5 -1 6 -34 4 -14 17 19 11 -24 -11 6 7 -38 19 -34 -32 -13 -17 -36 3 12 -21 16 13 -1 1 -22 -12 21 -3 10 2
6 19 -7 6 3 -5 -8 6 -13 -2 -24 29 20 -9 -8 20 12 -4 24 -53 3 -25 -17 -3 27 14 -16 -16 6 -5 -4 5 -1 6 -34 4 -14 17 19 11 -24 -11 6 7 -38 19 -34 -32 -13 -17 -36 3 12 -21 16 13 -1 1 -22 -12 21 -3 10 2
6 19 -7 6 3 -5 -8 6 -13 -2 -24 29 20 -9 -8 20 12 -4 24 -53 3 -25 -17 -3 27 14 -16 -16 6 -5 -4 5 -1 6 -34 4 -14 17 19 11 -24 -11 6 7 -38 19 -34 -32 -13 -17 -36 3 12 -21 16 13 -1 1 -22 -12 21 -3 10 2
6 19 -7 6 3 -5 -8 6 -13 -2 -24 29 20 -9 -8 20 12 -4 24 -53 3 -25 -17 -3 27 14 -16 -16 6 -5 -4 5 -1 6 -34 4 -14 17 19 11 -24 -11 6 7 -38 19 -34 -32 -13 -17 -36 3 12 -21 16 13 -1 1 -22 -12 21 -3 10 2
6 19 -7 6 3 -5 -8 6 -13 -2 -24 29 20 -9 -8 20 12 -4 24 -53 3 -25 -17 -3 27 14 -16 -16 6 -5 -4 5 -1 6 -34 4 -14 17 19 11 -24 -11 6 7 -38 19 -34 -32 -13 -17 -36 3 12 -21 16 13 -1 1 -22 -12 21 -3 10 2
6 19 -7 6 3 -5 -8 6 -13 -2 -24 29 20 -9 -8 20 12 -4 24 -53 3 -25 -17 -3 27 14 -16 -16 6 -5 -4 5 -1 6 -34 4 -14 17 19 11 -24 -11 6 7 -38 19 -34 -32 -13 -17 -36 3 12 -21 16 13 -1 1 -22 -12 21 -3 10 2
6 19 -7 6 3 -5 -8 6 -13 -2 -24 29 20 -9 -8 20 12 -4 24 -53 3 -25 -17 -3 27 14 -16 -16 6 -5 -4 5 -1 6 -34 4 -14 17 19 11 -24 -11 6 7 -38 19 -34 -32 -13 -17 -36 3 12 -21 16 13 -1 1 -22 -12 21 -3 10 2
6 19 -7 6 3 -5 -8 6 -13 -2 -24 29 20 -9 -8 20 12 -4 24 -53 3 -25 -17 -3 27 14 -16 -16 6 -5 -4 5 -1 6 -34 4 -14 17 19 11 -24 -11 6 7 -38 19 -34 -32 -13 -17 -36 3 12 -21 16 13 -1 1 -22 -12 21 -3 10 2
6 19 -7 6 3 -5 -8 6 -13 -2 -24 29 20 -9 -8 20 12 -4 24 -53 3 -25 -17 -3 27 14 -16 -16 6 -5 -4 5 -1 6 -34 4 -14 17 19 11 -24 -11 6 7 -38 19 -34 -32 -13 -17 -36 3 12 -21 16 13 -1 1 -22 -12 21 -3 10 2
6 19 -7 6 3 -5 -8 6 -13 -2 -24 29 20 -9 -8 20 12 -4 24 -53 3 -25 -17 -3 27 14 -16 -16 6 -5 -4 5 -1 6 -34 4 -14 17 19 11 -24 -11 6 7 -38 19 -34 -32 -13 -17 -36 3 12 -21 16 13 -1 1 -22 -12 21 -3 10 2
6 19 -7 6 3 -5 -8 6 -13 -2 -24 29 20 -9 -8 20 12 -4 24 -53 3 -25 -17 -3 27 14 -16 -16 6 -5 -4 5 -1 6 -34 4 -14 17 19 11 -24 -11 6 7 -38 19 -34 -32 -13 -17 -36 3 12 -21 16 13 -1 1 -22 -12 21 -3 10 2
6 19 -7 6 3 -5 -8 6 -13 -2 -24 29 20 -9 -8 20 12 -4 24 -53 3 -25 -17 -3 27 14 -16 -16 6 -5 -4 5 -1 6 -34 4 -14 17 19 11 -24 -11 6 7 -38 19 -34 -32 -13 -17 -36 3 12 -21 16 13 -1 1 -22 -12 21 -3 10 2
6 19 -7 6 3 -5 -8 6 -13 -2 -24 29 20 -9 -8 20 12 -4 24 -53 3 -25 -17 -3 27 14 -16 -16 6 -5 -4 5 -1 6 -34 4 -14 17 19 11 -24 -11 6 7 -38 19 -34 -32 -13 -17 -36 3 12 -21 16 13 -1 1 -22 -12 21 -3 10 2
6 19 -7 6 3 -5 -8 6 -13 -2 -24 29 20 -9 -8 20 12 -4 24 -53 3 -25 -17 -3 27 14 -16 -16 6 -5 -4 5 -1 6 -34 4 -14 17 19 11 -24 -11 6 7 -38 19 -34 -32 -13 -17 -36 3 12 -21 16 13 -1 1 -22 -12 21 -3 10 2
6 19 -7 6 3 -5 -8 6 -13 -2 -24 29 20 -9 -8 20 12 -4 24 -53 3 -25 -17 -3 27 14 -16 -16 6 -5 -4 5 -1 6 -34 4 -14 17 19 11 -24 -11 6 7 -38 19 -34 -32 -13 -17 -36 3 12 -21 16 13 -1 1 -22 -12 21 -3 10 2
6 19 -7 6 3 -5 -8 6 -13 -2 -24 29 20 -9 -8 20 12 -4 24 -53 3 -25 -17 -3 27 14 -16 -16 6 -5 -4 5 -1 6 -34 4 -14 17 19 11 -24 -11 6 7 -38 19 -34 -32 -13 -17 -36 3 12 -21 16 13 -1 1 -22 -12 21 -3 10 2
6 19 -7 6 3 -5 -8 6 -13 -2 -24 29 20 -9 -8 20 12 -4 24 -53 3 -25 -17 -3 27 14 -16 -16 6 -5 -4 5 -1 6 -34 4 -14 17 19 11 -24 -11 6 7 -38 19 -34 -32 -13 -17 -36 3 12 -21 16 13 -1 1 -22 -12 21 -3 10 2
6 19 -7 6 3 -5 -8 6 -13 -2 -24 29 20 -9 -8 20 12 -4 24 -53 3 -25 -17 -3 27 14 -16 -16 6 -5 -4 5 -1 6 -34 4 -14 17 19 11 -24 -11 6 7 -38 19 -34 -32 -13 -17 -36 3 12 -21 16 13 -1 1 -22 -12 21 -3 10 2
6 19 -7 6 3 -5 -8 6 -13 -2 -24 29 20 -9 -8 20 12 -4 24 -53 3 -25 -17 -3 27 14 -16 -16 6 -5 -4 5 -1 6 -34 4 -14 17 19 11 -24 -11 6 7 -38 19 -34 -32 -13 -17 -36 3 12 -21 16 13 -1 1 -22 -12 21 -3 10 2
6 19 -7 6 3 -5 -8 6 -13 -2 -24 29 20 -9 -8 20 12 -4 24 -53 3 -25 -17 -3 27 14 -16 -16 6 -5 -4 5 -1 6 -34 4 -14 17 19 11 -24 -11 6 7 -38 19 -34 -32 -13 -17 -36 3 12 -21 16 13 -1 1 -22 -12 21 -3 10 2
6 19 -7 6 3 -5 -8 6 -13 -2 -24 29 20 -9 -8 20 12 -4 24 -53 3 -25 -17 -3 27 14 -16 -16 6 -5 -4 5 -1 6 -34 4 -14 17 19 11 -24 -11 6 7 -38 19 -34 -32 -13 -17 -36 3 12 -21 16 13 -1 1 -22 -12 21 -3 10 2
6 19 -7 6 3 -5 -8 6 -13 -2 -24 29 20 -9 -8 20 12 -4 24 -53 3 -25 -17 -3 27 14 -16 -16 6 -5 -4 5 -1 6 -34 4 -14 17 19 11 -24 -11 6 7 -38 19 -34 -32 -13 -17 -36 3 12 -21 16 13 -1 1 -22 -12 21 -3 10 2
6 19 -7 6 3 -5 -8 6 -13 -2 -24 29 20 -9 -8 20 12 -4 24 -53 3 -25 -17 -3 27 14 -16 -16 6 -5 -4 5 -1 6 -34 4 -14 17 19 11 -24 -11 6 7 -38 19 -34 -32 -13 -17 -36 3 12 -21 16 13 -1 1 -22 -12 21 -3 10 2
6 19 -7 6 3 -5 -8 6 -13 -2 -24 29 20 -9 -8 20 12 -4 24 -53 3 -25 -17 -3 27 14 -16 -16 6 -5 -4 5 -1 6 -34 4 -14 17 19 11 -24 -11 6 7 -38 19 -34 -32 -13 -17 -36 3 12 -21 16 13 -1 1 -22 -12 21 -3 10 2
6 19 -7 6 3 -5 -8 6 -13 -2 -24 29 20 -9 -8 20 12 -4 24 -53 3 -25 -17 -3 27 14 -16 -16 6 -5 -4 5 -1 6 -34 4 -14 17 19 11 -24 -11 6 7 -38 19 -34 -32 -13 -17 -36 3 12 -21 16 13 -1 1 -22 -12 21 -3 10 2
6 19 -7 6 3 -5 -8 6 -13 -2 -24 29 20 -9 -8 20 12 -4 24 -53 3 -25 -17 -3 27 14 -16 -16 6 -5 -4 5 -1 6 -34 4 -14 17 19 11 -24 -11 6 7 -38 19 -34 -32 -13 -17 -36 3 12 -21 16 13 -1 1 -22 -12 21 -3 10 2
6 19 -7 6 3 -5 -8 6 -13 -2 -24 29 20 -9 -8 20 12 -4 24 -53 3 -25 -17 -3 27 14 -16 -16 6 -5 -4 5 -1 6 -34 4 -14 17 19 11 -24 -11 6 7 -38 19 -34 -32 -13 -17 -36 3 12 -21 16 13 -1 1 -22 -12 21 -3 10 2
6 19 -7 6 3 -5 -8 6 -13 -2 -24 29 20 -9 -8 20 12 -4 24 -53 3 -25 -17 -3 27 14 -16 -16 6 -5 -4 5 -1 6 -34 4 -14 17 19 11 -24 -11 6 7 -38 19 -34 -32 -13 -17 -36 3 12 -21 16 13 -1 1 -22 -12 21 -3 10 2
6 19 -7 6 3 -5 -8 6 -13 -2 -24 29 20 -9 -8 20 12 -4 24 -53 3 -25 -17 -3 27 14 -16 -16 6 -5 -4 5 -1 6 -34 4 -14 17 19 11 -24 -11 6 7 -38 19 -34 -32 -13 -17 -36 3 12 -21 16 13 -1 1 -22 -12 21 -3 10 2
6 19 -7 6 3 -5 -8 6 -13 -2 -24 29 20 -9 -8 20 12 -4 24 -53 3 -25 -17 -3 27 14 -16 -16 6 -5 -4 5 -1 6 -34 4 -14 17 19 11 -24 -11 6 7 -38 19 -34 -32 -13 -17 -36 3 12 -21 16 13 -1 1 -22 -12 21 -3 10 2
6 19 -7 6 3 -5 -8 6 -13 -2 -24 29 20 -9 -8 20 12 -4 24 -53 3 -25 -17 -3 27 14 -16 -16 6 -5 -4 5 -1 6 -34 4 -14 17 19 11 -24 -11 6 7 -38 19 -34 -32 -13 -17 -36 3 12 -21 16 13 -1 1 -22 -12 21 -3 10 2
6 19 -7 6 3 -5 -8 6 -13 -2 -24 29 20 -9 -8 20 12 -4 24 -53 3 -25 -17 -3 27 14 -16 -16 6 -5 -4 5 -1 6 -34 4 -14 17 19 11 -24 -11 6 7 -38 19 -34 -32 -13 -17 -36 3 12 -21 16 13 -1 1 -22 -12 21 -3 10 2
6 19 -7 6 3 -5 -8 6 -13 -2 -24 29 20 -9 -8 20 12 -4 24 -53 3 -25 -17 -3 27 14 -16 -16 6 -5 -4 5 -1 6 -34 4 -14 17 19 11 -24 -11 6 7 -38 19 -34 -32 -13 -17 -36 3 12 -21 16 13 -1 1 -22 -12 21 -3 10 2
6 19 -7 6 3 -5 -8 6 -13 -2 -24 29 20 -9 -8 20 12 -4 24 -53 3 -25 -17 -3 27 14 -16 -16 6 -5 -4 5 -1 6 -34 4 -14 17 19 11 -24 -11 6 7 -38 19 -34 -32 -13 -17 -36 3 12 -21 16 13 -1 1 -22 -12 21 -3 10 2
6 19 -7 6 3 -5 -8 6 -13 -2 -24 29 20 -9 -8 20 12 -4 24 -53 3 -25 -17 -3 27 14 -16 -16 6 -5 -4 5 -1 6 -34 4 -14 17 19 11 -24 -11 6 7 -38 19 -34 -32 -13 -17 -36 3 12 -21 16 13 -1 1 -22 -12 21 -3 10 2
6 19 -7 6 3 -5 -8 6 -13 -2 -24 29 20 -9 -8 20 12 -4 24 -53 3 -25 -17 -3 27 14 -16 -16 6 -5 -4 5 -1 6 -34 4 -14 17 19 11 -24 -11 6 7 -38 19 -34 -32 -13 -17 -36 3 12 -21 16 13 -1 1 -22 -12 21 -3 10 2
6 19 -7 6 3 -5 -8 6 -13 -2 -24 29 20 -9 -8 20 12 -4 24 -53 3 -25 -17 -3 27 14 -16 -16 6 -5 -4 5 -1 6 -34 4 -14 17 19 11 -24 -11 6 7 -38 19 -34 -32 -13 -17 -36 3 12 -21 16 13 -1 1 -22 -12 21 -3 10 2
6 19 -7 6 3 -5 -8 6 -13 -2 -24 29 20 -9 -8 20 12 -4 24 -53 3 -25 -17 -3 27 14 -16 -16 6 -5 -4 5 -1 6 -34 4 -14 17 19 11 -24 -11 6 7 -38 19 -34 -32 -13 -17 -36 3 12 -21 16 13 -1 1 -22 -12 21 -3 10 2
6 19 -7 6 3 -5 -8 6 -13 -2 -24 29 20 -9 -8 20 12 -4 24 -53 3 -25 -17 -3 27 14 -16 -16 6 -5 -4 5 -1 6 -34 4 -14 17 19 11 -24 -11 6 7 -38 19 -34 -32 -13 -17 -36 3 12 -21 16 13 -1 1 -22 -12 21 -3 10 2
6 19 -7 6 3 -5 -8 6 -13 -2 -24 29 20 -9 -8 20 12 -4 24 -53 3 -25 -17 -3 27 14 -16 -16 6 -5 -4 5 -1 6 -34 4 -14 17 19 11 -24 -11 6 7 -38 19 -34 -32 -13 -17 -36 3 12 -21 16 13 -1 1 -22 -12 21 -3 10 2
6 19 -7 6 3 -5 -8 6 -13 -2 -24 29 20 -9 -8 20 12 -4 24 -53 3 -25 -17 -3 27 14 -16 -16 6 -5 -4 5 -1 6 -34 4 -14 17 19 11 -24 -11 6 7 -38 19 -34 -32 -13 -17 -36 3 12 -21 16 13 -1 1 -22 -12 21 -3 10 2
6 19 -7 6 3 -5 -8 6 -13 -2 -24 29 20 -9 -8 20 12 -4 24 -53 3 -25 -17 -3 27 14 -16 -16 6 -5 -4 5 -1 6 -34 4 -14 17 19 11 -24 -11 6 7 -38 19 -34 -32 -13 -17 -36 3 12 -21 16 13 -1 1 -22 -12 21 -3 10 2
6 19 -7 6 3 -5 -8 6 -13 -2 -24 29 20 -9 -8 20 12 -4 24 -53 3 -25 -17 -3 27 14 -16 -16 6 -5 -4 5 -1 6 -34 4 -14 17 19 11 -24 -11 6 7 -38 19 -34 -32 -13 -17 -36 3 12 -21 16 13 -1 1 -22 -12 21 -3 10 2
6 19 -7 6 3 -5 -8 6 -13 -2 -24 29 20 -9 -8 20 12 -4 24 -53 3 -25 -17 -3 27 14 -16 -16 6 -5 -4 5 -1 6 -34 4 -14 17 19 11 -24 -11 6 7 -38 19 -34 -32 -13 -17 -36 3 12 -21 16 13 -1 1 -22 -12 21 -3 10 2
6 19 -7 6 3 -5 -8 6 -13 -2 -24 29 20 -9 -8 20 12 -4 24 -53 3 -25 -17 -3 27 14 -16 -16 6 -5 -4 5 -1 6 -34 4 -14 17 19 11 -24 -11 6 7 -38 19 -34 -32 -13 -17 -36 3 12 -21 16 13 -1 1 -22 -12 21 -3 10 2
6 19 -7 6 3 -5 -8 6 -13 -2 -24 29 20 -9 -8 20 12 -4 24 -53 3 -25 -17 -3 27 14 -16 -16 6 -5 -4 5 -1 6 -34 4 -14 17 19 11 -24 -11 6 7 -38 19 -34 -32 -13 -17 -36 3 12 -21 16 13 -1 1 -22 -12 21 -3 10 2
6 19 -7 6 3 -5 -8 6 -13 -2 -24 29 20 -9 -8 20 12 -4 24 -53 3 -25 -17 -3 27 14 -16 -16 6 -5 -4 5 -1 6 -34 4 -14 17 19 11 -24 -11 6 7 -38 19 -34 -32 -13 -17 -36 3 12 -21 16 13 -1 1 -22 -12 21 -3 10 2
6 19 -7 6 3 -5 -8 6 -13 -2 -24 29 20 -9 -8 20 12 -4 24 -53 3 -25 -17 -3 27 14 -16 -16 6 -5 -4 5 -1 6 -34 4 -14 17 19 11 -24 -11 6 7 -38 19 -34 -32 -13 -17 -36 3 12 -21 16 13 -1 1 -22 -12 21 -3 10 2
6 19 -7 6 3 -5 -8 6 -13 -2 -24 29 20 -9 -8 20 12 -4 24 -53 3 -25 -17 -3 27 14 -16 -16 6 -5 -4 5 -1 6 -34 4 -14 17 19 11 -24 -11 6 7 -38 19 -34 -32 -13 -17 -36 3 12 -21 16 13 -1 1 -22 -12 21 -3 10 2
6 19 -7 6 3 -5 -8 6 -13 -2 -24 29 20 -9 -8 20 12 -4 24 -53 3 -25 -17 -3 27 14 -16 -16 6 -5 -4 5 -1 6 -34 4 -14 17 19 11 -24 -11 6 7 -38 19 -34 -32 -13 -17 -36 3 12 -21 16 13 -1 1 -22 -12 21 -3 10 2
6 19 -7 6 3 -5 -8 6 -13 -2 -24 29 20 -9 -8 20 12 -4 24 -53 3 -25 -17 -3 27 14 -16 -16 6 -5 -4 5 -1 6 -34 4 -14 17 19 11 -24 -11 6 7 -38 19 -34 -32 -13 -17 -36 3 12 -21 16 13 -1 1 -22 -12 21 -3 10 2
6 19 -7 6 3 -5 -8 6 -13 -2 -24 29 20 -9 -8 20 12 -4 24 -53 3 -25 -17 -3 27 14 -16 -16 6 -5 -4 5 -1 6 -34 4 -14 17 19 11 -24 -11 6 7 -38 19 -34 -32 -13 -17 -36 3 12 -21 16 13 -1 1 -22 -12 21 -3 10 2
6 19 -7 6 3 -5 -8 6 -13 -2 -24 29 20 -9 -8 20 12 -4 24 -53 3 -25 -17 -3 27 14 -16 -16 6 -5 -4 5 -1 6 -34 4 -14 17 19 11 -24 -11 6 7 -38 19 -34 -32 -13 -17 -36 3 12 -21 16 13 -1 1 -22 -12 21 -3 10 2
6 19 -7 6 3 -5 -8 6 -13 -2 -24 29 20 -9 -8 20 12 -4 24 -53 3 -25 -17 -3 27 14 -16 -16 6 -5 -4 5 -1 6 -34 4 -14 17 19 11 -24 -11 6 7 -38 19 -34 -32 -13 -17 -36 3 12 -21 16 13 -1 1 -22 -12 21 -3 10 2
