-1 -6 -15 2 21 -2 -2 -5 -11 2 -7 1 8 16 2 10 20 1 -5 0 2 12 5 -8 -4 29 -14 -2 6 -24 9 0 -6 -8 -61 45 -13 -4 11 10 13 -6 -6 2 -16 6 17 -4 9 29 -10 12 5 -4 1 -14 -18 15 53 7 -3 -8 11 -2
-12 -21 14 -14 38 -15 -2 -2 -23 -4 13 6 11 -8 31 -3 32 4 -13 -2 17 36 -8 20 -17 2 -8 -33 10 -48 0 -13 -7 3 3 17 -26 4 8 3 11 7 -10 35 -24 3 3 -26 25 31 -33 2 -15 -17 1 -47 -4 15 75 4 -13 13 -4 21
-8 -24 8 -6 37 -14 0 9 -4 -16 -9 0 28 -12 40 -7 32 -11 -10 9 0 37 9 23 -12 1 -10 -21 12 -45 14 -8 -2 -8 3 6 -15 12 21 3 23 2 -32 25 -8 9 7 -13 28 15 -11 0 -12 0 -1 -49 -11 3 65 -2 -10 20 -12 17
11 -10 -28 -15 59 -15 12 4 -10 8 -3 -6 26 -9 40 -15 29 -14 -4 -10 7 36 -3 -5 -16 4 -24 -11 15 -47 32 -1 7 12 3 23 -31 -6 10 -9 45 -12 -28 12 -9 6 18 -20 53 36 -9 18 -20 -1 -18 -73 -7 15 38 -9 -23 20 -25 15
9 6 -7 12 64 -16 15 10 -20 49 -6 -3 -13 4 15 -13 25 -13 3 -19 11 41 -4 -9 -10 -3 -3 -7 3 -29 26 1 0 -11 -16 18 -25 -16 4 8 38 -17 -7 6 -35 10 12 -27 38 5 -10 20 -6 -18 1 -42 -20 1 34 -12 -25 9 1 14
13 6 -11 11 62 -23 20 4 -6 47 10 7 -11 -6 13 -16 31 -11 -10 -13 -2 30 -11 -20 1 -4 -3 -13 4 -12 29 7 0 -10 -21 21 -36 -2 -2 18 38 -19 -23 3 -32 4 10 -21 39 12 -6 15 -7 -21 -3 -56 -19 3 29 -21 -18 10 -7 5
9 -2 -19 19 59 -27 16 -1 -28 33 -11 -6 0 2 11 -7 30 -17 -4 -22 5 10 8 -16 -3 -3 -19 -20 5 -16 31 3 7 -4 -29 33 -36 3 -9 10 38 -11 -21 31 -33 2 12 -17 31 6 -5 16 -16 -26 -1 -52 -16 6 21 -22 -11 16 -21 15
14 -5 5 -6 63 -6 28 2 -19 24 16 -6 20 5 10 -16 34 -20 -14 -23 5 23 1 -15 -5 -7 -15 -4 11 -14 15 1 6 9 -21 28 -26 0 0 -12 47 -11 -25 11 -18 0 5 -20 44 16 -3 16 -22 -14 0 -59 -4 27 28 -6 -14 20 -18 3
6 -14 -19 -12 50 -11 7 -2 -18 19 -9 -13 46 5 13 -10 14 -23 -7 -3 -3 45 10 2 -17 -8 -39 -9 11 -36 34 -11 15 -7 -4 33 -28 -8 15 -14 34 0 -30 16 -3 26 -7 -16 28 20 -11 5 -4 8 -10 -58 -9 13 15 -17 -15 33 0 25
-24 23 -37 6 34 -25 18 0 -10 5 -14 -18 0 -4 32 -22 22 -2 4 -5 28 22 15 33 -11 -3 -26 -4 5 -31 16 -21 -12 6 27 -10 -1 16 17 -9 27 17 -26 -1 -10 17 5 -17 46 4 2 14 -24 -2 6 -30 2 1 39 -9 -21 38 -20 9
12 -4 -35 -15 40 -16 13 13 -9 18 -12 -12 42 9 8 -13 22 -13 -4 -3 7 46 8 -7 -12 -10 -24 -6 15 -43 25 -4 22 -17 6 26 -34 -12 13 -13 35 -4 -30 8 7 33 -2 -16 33 20 -6 13 -3 5 -9 -63 -11 10 6 -14 -19 43 -3 27
10 -2 -26 -10 48 -29 26 -1 -19 21 -12 2 34 21 0 -10 12 -13 -17 -10 -6 38 16 -4 -24 -7 -25 -10 11 -30 21 -2 14 -15 -6 21 -39 16 10 -25 32 10 -22 10 5 9 -7 -25 35 31 -7 7 3 -5 -5 -55 -4 10 -6 -23 -17 24 -7 22
-10 -3 -25 -24 62 -42 13 10 -12 21 -3 -19 20 6 9 -12 30 -4 -23 -6 6 39 7 -9 -29 5 -17 4 19 -47 14 -19 -20 -14 26 7 -32 8 -19 -20 25 -6 -19 17 14 7 -30 -17 47 38 1 -1 -2 -17 -22 -57 -5 12 42 -12 -25 33 -11 6
-8 -6 7 -15 55 -30 19 3 -17 27 9 -25 6 0 -1 1 35 -13 -14 -23 10 41 -15 -1 -24 8 -15 4 21 -18 13 -18 -6 -8 -9 23 -41 -4 -3 -6 23 -4 -14 21 -14 10 -25 -15 38 39 -7 -3 -3 -18 -8 -38 -12 20 52 2 -36 20 -9 8
-12 12 -39 -13 53 -41 26 -7 4 24 -12 -6 -1 6 23 -22 28 7 -6 -2 13 32 14 6 -33 -1 -21 3 17 -37 16 -13 -12 -12 45 -19 -14 14 -3 -17 12 0 -22 13 7 1 -31 -11 54 12 23 -10 0 -13 -16 -25 8 -13 35 -14 -40 30 -6 -1
2 8 -33 -17 46 -41 20 2 -14 21 -12 -11 16 16 6 -1 30 -8 -5 -19 3 36 8 -12 -19 0 -17 1 18 -28 21 -16 -2 -20 22 -5 -25 4 -9 -4 25 -6 -31 2 13 -8 -31 -12 58 33 2 -7 2 -9 -31 -51 7 1 21 -17 -47 36 0 8
7 2 -22 -17 51 -21 23 13 -11 42 -13 -15 6 5 8 -3 30 -11 0 -2 2 40 -5 -33 -41 -9 -23 5 20 -40 31 -7 5 -27 8 11 -29 -6 -3 -1 21 -15 -19 14 17 -3 -5 -10 52 25 -27 5 5 -14 -13 -42 8 -3 0 -17 -30 22 -6 14
2 3 -49 -15 47 -25 40 10 -16 28 -15 -19 14 5 14 13 30 -16 -6 -7 -20 33 9 -6 -29 -1 -16 7 26 -34 41 -6 6 -24 31 -6 -19 -4 -7 -3 27 -10 -24 16 14 -7 0 -10 62 35 -26 6 -5 -21 -22 -46 -2 -3 9 -26 -28 18 6 13
-12 -8 -13 -17 40 -27 34 5 -20 39 -8 -13 3 3 -3 -4 29 -15 -15 -16 2 41 -1 -34 -22 -7 -26 9 19 -34 27 5 8 -25 13 4 -36 1 -1 2 32 -17 -21 8 25 -4 4 -16 56 34 -25 6 4 -5 -15 -47 -5 1 9 -12 -28 12 2 2
11 -5 -10 -14 43 -28 29 9 -26 45 9 -5 2 13 3 2 25 3 -8 -12 8 28 -5 -37 -34 5 -14 9 18 -32 10 -8 -1 -22 -14 11 -38 6 -23 1 28 -13 -17 12 0 10 -9 -12 45 7 -5 -11 7 -30 -18 -50 -5 6 0 -12 -28 27 2 9
10 -3 -14 -14 48 -16 38 4 -28 28 10 -9 14 -2 -3 6 28 -6 -10 -8 -1 24 10 -19 -29 -4 -20 10 21 -23 28 -15 4 -32 -8 9 -35 7 -12 -5 29 -15 -13 16 1 5 -20 -18 48 37 -6 -4 3 -25 -15 -60 6 11 18 -27 -26 19 -5 1
-11 5 -43 15 34 -3 26 -7 -12 7 -8 -18 -22 15 16 -30 26 9 20 -18 14 26 20 13 -11 6 -18 0 14 -41 3 -7 6 -21 48 -21 -16 13 8 16 12 -1 -17 7 17 -5 -3 -3 45 10 0 1 -13 -2 13 -38 -3 -16 46 -21 -37 18 0 4
2 -9 -22 6 35 -9 4 2 -14 10 -5 1 -1 26 7 5 14 -6 -12 -19 10 9 13 -21 0 14 -2 -15 3 -17 10 -6 4 -13 -99 48 -26 -9 2 22 14 -17 -20 7 -17 10 6 -17 21 24 -16 7 6 -6 -1 -19 -13 20 50 -9 -7 4 -2 6
-9 1 -5 -5 29 12 10 2 -21 -17 -6 8 14 32 10 -17 16 -25 4 -15 9 36 -8 10 -16 1 -19 -11 -19 -38 15 -13 -1 -15 8 6 -25 -12 22 28 3 -4 -12 5 -24 11 7 -6 46 30 -16 23 -23 17 12 -29 2 -4 65 6 20 9 6 -2
-14 11 9 -11 29 9 5 -1 -12 -28 -17 -5 3 18 12 -19 12 -13 7 -11 20 34 5 6 -10 10 -5 -13 -14 -29 2 -6 -7 -23 10 -2 -22 -1 21 15 -4 -2 -2 6 -10 10 6 -8 46 25 -6 22 -13 10 12 -29 -5 1 62 7 28 20 5 1
2 16 -8 2 47 6 17 6 -16 -20 -25 14 20 29 24 -17 5 -29 5 -25 15 38 -6 4 1 -4 -5 -7 -19 -25 16 -4 3 -10 -4 21 -29 -8 37 16 26 -13 -3 -16 -29 22 8 -13 48 34 -11 23 -22 19 -2 -51 20 5 49 6 11 18 -5 -13
17 19 -7 23 66 6 15 20 -9 25 -19 11 -10 25 1 -16 13 -30 6 -25 10 42 -8 -20 -10 -7 8 -2 -13 -18 30 -2 3 -21 -17 18 -29 -20 21 18 29 -30 4 -18 -41 18 17 -15 39 10 -11 25 -5 -2 11 -42 3 -5 30 -3 -1 6 0 -7
16 12 6 21 62 1 18 18 -13 24 3 8 -5 20 -1 -14 21 -22 -3 -26 -6 31 -13 -22 5 -9 7 -11 -6 -12 30 2 5 -28 -37 25 -38 -6 19 26 31 -27 -16 -4 -40 14 11 -22 36 29 -16 18 -8 -14 11 -50 -1 -5 24 -14 2 -1 -2 -6
9 15 -9 21 64 -9 15 4 -25 7 -9 9 10 33 2 -13 12 -22 7 -28 2 22 2 -6 2 -14 -14 -13 -23 -15 20 3 9 -35 -25 22 -24 -1 9 18 30 -16 -8 5 -37 4 16 -15 42 17 -16 14 -10 -6 13 -46 6 -9 28 -9 6 9 -8 -4
7 18 8 10 53 10 31 10 -16 -6 0 1 20 29 -4 -17 17 -35 -1 -35 3 22 -5 -16 1 -17 -7 -6 -13 -5 13 -6 8 -23 -26 21 -29 -5 20 9 30 -11 -14 -9 -28 9 13 -5 50 28 -5 15 -26 -3 11 -41 12 15 30 0 11 21 -5 -17
5 0 -8 -1 50 2 15 3 -17 -6 -11 14 44 37 5 -14 -1 -28 7 -16 -2 47 5 2 -4 -14 -11 -11 -11 -32 20 -6 9 -30 -11 30 -34 -9 35 2 20 -3 -11 -6 -11 36 -1 -6 30 34 -19 16 -8 25 3 -50 8 2 22 2 10 25 6 5
9 9 -14 4 32 3 19 12 -17 -4 -18 -1 38 36 -6 -12 8 -24 9 -13 -1 45 5 -6 -2 -20 -4 -13 -13 -26 23 -9 14 -35 -21 30 -31 -19 40 6 14 -15 -15 -6 -22 41 -6 -3 30 36 -10 17 -13 19 9 -47 3 4 6 10 7 32 8 6
7 15 -22 7 38 -5 28 3 -18 -2 -19 23 25 51 -9 -14 -1 -25 -15 -30 4 35 4 -6 -14 -14 -18 -9 -4 -19 16 -5 22 -33 -13 16 -19 3 27 -7 20 1 -17 -15 -16 20 -3 -12 33 37 -6 7 8 9 2 -52 12 7 -4 -13 1 15 5 2
-6 25 -3 -5 30 0 20 10 -17 -10 -17 2 24 50 -11 -9 -4 -37 9 -30 25 42 -9 -4 -20 -3 1 -3 -16 -6 17 -22 -13 -24 -4 10 -23 -7 35 7 10 -21 -17 -8 -9 19 -17 3 55 46 -1 -3 -14 6 -12 -36 22 11 51 12 6 25 11 -15
2 17 -15 3 47 2 34 16 -14 5 -22 19 15 34 -13 -9 8 -23 4 -21 10 37 -10 -36 -36 -21 -10 3 -8 -33 21 -5 4 -49 3 7 -23 -7 27 12 19 -34 -10 -10 -1 18 6 -4 47 38 -29 8 0 -3 -3 -37 22 -7 6 -2 -1 15 1 -5
1 23 -19 -2 40 0 35 10 -16 -7 -23 13 22 38 -2 -10 9 -28 2 -30 -4 25 -9 -4 -18 -16 -6 6 -9 -27 23 -8 3 -47 15 0 -21 3 20 16 16 -20 -15 -7 -13 17 -8 -4 60 39 -30 4 -13 -4 -7 -37 17 5 17 -5 6 16 9 -7
-17 6 -9 -1 37 -3 42 14 -14 16 -13 14 11 30 -17 -14 6 -17 -6 -35 17 32 -12 -31 -23 -20 -8 1 -2 -27 18 0 9 -45 0 1 -29 2 25 20 18 -27 -16 -13 -11 11 7 -7 55 46 -29 -5 -7 -10 -9 -35 17 1 10 -9 0 7 8 -7
6 20 0 0 48 -9 35 11 -32 19 -10 15 7 41 1 -7 6 -17 3 -29 11 35 -9 -39 -25 -12 1 18 -4 -28 11 -5 -4 -46 -10 9 -32 7 -3 10 18 -19 -10 0 -8 19 -5 -3 53 20 -6 -7 5 -18 0 -36 5 8 -2 -10 -9 22 8 -15
1 11 -4 5 44 1 42 12 -21 -9 -8 11 20 23 -10 -12 11 -18 2 -22 6 13 5 -17 -24 -13 -9 4 -12 -25 19 -16 11 -52 -2 8 -23 6 12 11 19 -21 -9 -2 -19 22 -13 -8 50 42 -13 -1 2 -9 -2 -41 15 10 25 -14 8 22 0 -10
-20 24 -33 14 29 6 33 -6 -15 -11 -17 3 -2 40 5 -30 30 -9 18 -29 28 28 13 9 -9 -9 -15 1 -12 -35 -5 -18 -3 -38 25 -9 -5 1 37 19 17 -6 -15 -2 -4 13 -4 7 37 21 -1 -4 -28 -2 11 -29 30 -3 45 -13 2 18 15 0
2 -8 -20 6 34 -9 6 4 -13 10 -5 0 -2 26 8 6 14 -6 -9 -19 12 7 12 -19 0 14 -2 -16 2 -17 12 -6 6 -12 -99 48 -26 -10 3 21 13 -18 -21 6 -17 10 5 -16 19 25 -16 6 6 -7 1 -19 -12 21 51 -9 -7 4 -3 7
-6 -34 -17 -22 20 -24 -20 14 -24 14 20 -3 5 5 2 15 19 -23 -6 2 -3 30 7 2 -6 7 -11 -10 15 -35 18 5 -14 -6 -24 13 -21 -16 -6 13 8 -9 -13 17 -7 -3 9 -22 11 25 -15 7 -20 -12 11 -30 -3 3 45 -2 7 -23 -9 0
-6 -34 -17 -22 20 -24 -20 14 -24 14 20 -3 5 5 2 15 19 -23 -6 2 -3 30 7 2 -6 7 -11 -10 15 -35 18 5 -14 -6 -24 13 -21 -16 -6 13 8 -9 -13 17 -7 -3 9 -22 11 25 -15 7 -20 -12 11 -30 -3 3 45 -2 7 -23 -9 0
-6 -34 -17 -22 20 -24 -20 14 -24 14 20 -3 5 5 2 15 19 -23 -6 2 -3 30 7 2 -6 7 -11 -10 15 -35 18 5 -14 -6 -24 13 -21 -16 -6 13 8 -9 -13 17 -7 -3 9 -22 11 25 -15 7 -20 -12 11 -30 -3 3 45 -2 7 -23 -9 0
-6 -34 -17 -22 20 -24 -20 14 -24 14 20 -3 5 5 2 15 19 -23 -6 2 -3 30 7 2 -6 7 -11 -10 15 -35 18 5 -14 -6 -24 13 -21 -16 -6 13 8 -9 -13 17 -7 -3 9 -22 11 25 -15 7 -20 -12 11 -30 -3 3 45 -2 7 -23 -9 0
-6 -34 -17 -22 20 -24 -20 14 -24 14 20 -3 5 5 2 15 19 -23 -6 2 -3 30 7 2 -6 7 -11 -10 15 -35 18 5 -14 -6 -24 13 -21 -16 -6 13 8 -9 -13 17 -7 -3 9 -22 11 25 -15 7 -20 -12 11 -30 -3 3 45 -2 7 -23 -9 0
-6 -34 -17 -22 20 -24 -20 14 -24 14 20 -3 5 5 2 15 19 -23 -6 2 -3 30 7 2 -6 7 -11 -10 15 -35 18 5 -14 -6 -24 13 -21 -16 -6 13 8 -9 -13 17 -7 -3 9 -22 11 25 -15 7 -20 -12 11 -30 -3 3 45 -2 7 -23 -9 0
-6 -34 -17 -22 20 -24 -20 14 -24 14 20 -3 5 5 2 15 19 -23 -6 2 -3 30 7 2 -6 7 -11 -10 15 -35 18 5 -14 -6 -24 13 -21 -16 -6 13 8 -9 -13 17 -7 -3 9 -22 11 25 -15 7 -20 -12 11 -30 -3 3 45 -2 7 -23 -9 0
-6 -34 -17 -22 20 -24 -20 14 -24 14 20 -3 5 5 2 15 19 -23 -6 2 -3 30 7 2 -6 7 -11 -10 15 -35 18 5 -14 -6 -24 13 -21 -16 -6 13 8 -9 -13 17 -7 -3 9 -22 11 25 -15 7 -20 -12 11 -30 -3 3 45 -2 7 -23 -9 0
-6 -34 -17 -22 20 -24 -20 14 -24 14 20 -3 5 5 2 15 19 -23 -6 2 -3 30 7 2 -6 7 -11 -10 15 -35 18 5 -14 -6 -24 13 -21 -16 -6 13 8 -9 -13 17 -7 -3 9 -22 11 25 -15 7 -20 -12 11 -30 -3 3 45 -2 7 -23 -9 0
-6 -34 -17 -22 20 -24 -20 14 -24 14 20 -3 5 5 2 15 19 -23 -6 2 -3 30 7 2 -6 7 -11 -10 15 -35 18 5 -14 -6 -24 13 -21 -16 -6 13 8 -9 -13 17 -7 -3 9 -22 11 25 -15 7 -20 -12 11 -30 -3 3 45 -2 7 -23 -9 0
-6 -34 -17 -22 20 -24 -20 14 -24 14 20 -3 5 5 2 15 19 -23 -6 2 -3 30 7 2 -6 7 -11 -10 15 -35 18 5 -14 -6 -24 13 -21 -16 -6 13 8 -9 -13 17 -7 -3 9 -22 11 25 -15 7 -20 -12 11 -30 -3 3 45 -2 7 -23 -9 0
-6 -34 -17 -22 20 -24 -20 14 -24 14 20 -3 5 5 2 15 19 -23 -6 2 -3 30 7 2 -6 7 -11 -10 15 -35 18 5 -14 -6 -24 13 -21 -16 -6 13 8 -9 -13 17 -7 -3 9 -22 11 25 -15 7 -20 -12 11 -30 -3 3 45 -2 7 -23 -9 0
-6 -34 -17 -22 20 -24 -20 14 -24 14 20 -3 5 5 2 15 19 -23 -6 2 -3 30 7 2 -6 7 -11 -10 15 -35 18 5 -14 -6 -24 13 -21 -16 -6 13 8 -9 -13 17 -7 -3 9 -22 11 25 -15 7 -20 -12 11 -30 -3 3 45 -2 7 -23 -9 0
-6 -34 -17 -22 20 -24 -20 14 -24 14 20 -3 5 5 2 15 19 -23 -6 2 -3 30 7 2 -6 7 -11 -10 15 -35 18 5 -14 -6 -24 13 -21 -16 -6 13 8 -9 -13 17 -7 -3 9 -22 11 25 -15 7 -20 -12 11 -30 -3 3 45 -2 7 -23 -9 0
-6 -34 -17 -22 20 -24 -20 14 -24 14 20 -3 5 5 2 15 19 -23 -6 2 -3 30 7 2 -6 7 -11 -10 15 -35 18 5 -14 -6 -24 13 -21 -16 -6 13 8 -9 -13 17 -7 -3 9 -22 11 25 -15 7 -20 -12 11 -30 -3 3 45 -2 7 -23 -9 0
-6 -34 -17 -22 20 -24 -20 14 -24 14 20 -3 5 5 2 15 19 -23 -6 2 -3 30 7 2 -6 7 -11 -10 15 -35 18 5 -14 -6 -24 13 -21 -16 -6 13 8 -9 -13 17 -7 -3 9 -22 11 25 -15 7 -20 -12 11 -30 -3 3 45 -2 7 -23 -9 0
-6 -34 -17 -22 20 -24 -20 14 -24 14 20 -3 5 5 2 15 19 -23 -6 2 -3 30 7 2 -6 7 -11 -10 15 -35 18 5 -14 -6 -24 13 -21 -16 -6 13 8 -9 -13 17 -7 -3 9 -22 11 25 -15 7 -20 -12 11 -30 -3 3 45 -2 7 -23 -9 0
-6 -34 -17 -22 20 -24 -20 14 -24 14 20 -3 5 5 2 15 19 -23 -6 2 -3 30 7 2 -6 7 -11 -10 15 -35 18 5 -14 -6 -24 13 -21 -16 -6 13 8 -9 -13 17 -7 -3 9 -22 11 25 -15 7 -20 -12 11 -30 -3 3 45 -2 7 -23 -9 0
-6 -34 -17 -22 20 -24 -20 14 -24 14 20 -3 5 5 2 15 19 -23 -6 2 -3 30 7 2 -6 7 -11 -10 15 -35 18 5 -14 -6 -24 13 -21 -16 -6 13 8 -9 -13 17 -7 -3 9 -22 11 25 -15 7 -20 -12 11 -30 -3 3 45 -2 7 -23 -9 0
-6 -34 -17 -22 20 -24 -20 14 -24 14 20 -3 5 5 2 15 19 -23 -6 2 -3 30 7 2 -6 7 -11 -10 15 -35 18 5 -14 -6 -24 13 -21 -16 -6 13 8 -9 -13 17 -7 -3 9 -22 11 25 -15 7 -20 -12 11 -30 -3 3 45 -2 7 -23 -9 0
-6 -34 -17 -22 20 -24 -20 14 -24 14 20 -3 5 5 2 15 19 -23 -6 2 -3 30 7 2 -6 7 -11 -10 15 -35 18 5 -14 -6 -24 13 -21 -16 -6 13 8 -9 -13 17 -7 -3 9 -22 11 25 -15 7 -20 -12 11 -30 -3 3 45 -2 7 -23 -9 0
-6 -34 -17 -22 20 -24 -20 14 -24 14 20 -3 5 5 2 15 19 -23 -6 2 -3 30 7 2 -6 7 -11 -10 15 -35 18 5 -14 -6 -24 13 -21 -16 -6 13 8 -9 -13 17 -7 -3 9 -22 11 25 -15 7 -20 -12 11 -30 -3 3 45 -2 7 -23 -9 0
-6 -34 -17 -22 20 -24 -20 14 -24 14 20 -3 5 5 2 15 19 -23 -6 2 -3 30 7 2 -6 7 -11 -10 15 -35 18 5 -14 -6 -24 13 -21 -16 -6 13 8 -9 -13 17 -7 -3 9 -22 11 25 -15 7 -20 -12 11 -30 -3 3 45 -2 7 -23 -9 0
-6 -34 -17 -22 20 -24 -20 14 -24 14 20 -3 5 5 2 15 19 -23 -6 2 -3 30 7 2 -6 7 -11 -10 15 -35 18 5 -14 -6 -24 13 -21 -16 -6 13 8 -9 -13 17 -7 -3 9 -22 11 25 -15 7 -20 -12 11 -30 -3 3 45 -2 7 -23 -9 0
-6 -34 -17 -22 20 -24 -20 14 -24 14 20 -3 5 5 2 15 19 -23 -6 2 -3 30 7 2 -6 7 -11 -10 15 -35 18 5 -14 -6 -24 13 -21 -16 -6 13 8 -9 -13 17 -7 -3 9 -22 11 25 -15 7 -20 -12 11 -30 -3 3 45 -2 7 -23 -9 0
-6 -34 -17 -22 20 -24 -20 14 -24 14 20 -3 5 5 2 15 19 -23 -6 2 -3 30 7 2 -6 7 -11 -10 15 -35 18 5 -14 -6 -24 13 -21 -16 -6 13 8 -9 -13 17 -7 -3 9 -22 11 25 -15 7 -20 -12 11 -30 -3 3 45 -2 7 -23 -9 0
-6 -34 -17 -22 20 -24 -20 14 -24 14 20 -3 5 5 2 15 19 -23 -6 2 -3 30 7 2 -6 7 -11 -10 15 -35 18 5 -14 -6 -24 13 -21 -16 -6 13 8 -9 -13 17 -7 -3 9 -22 11 25 -15 7 -20 -12 11 -30 -3 3 45 -2 7 -23 -9 0
-6 -34 -17 -22 20 -24 -20 14 -24 14 20 -3 5 5 2 15 19 -23 -6 2 -3 30 7 2 -6 7 -11 -10 15 -35 18 5 -14 -6 -24 13 -21 -16 -6 13 8 -9 -13 17 -7 -3 9 -22 11 25 -15 7 -20 -12 11 -30 -3 3 45 -2 7 -23 -9 0
-6 -34 -17 -22 20 -24 -20 14 -24 14 20 -3 5 5 2 15 19 -23 -6 2 -3 30 7 2 -6 7 -11 -10 15 -35 18 5 -14 -6 -24 13 -21 -16 -6 13 8 -9 -13 17 -7 -3 9 -22 11 25 -15 7 -20 -12 11 -30 -3 3 45 -2 7 -23 -9 0
-6 -34 -17 -22 20 -24 -20 14 -24 14 20 -3 5 5 2 15 19 -23 -6 2 -3 30 7 2 -6 7 -11 -10 15 -35 18 5 -14 -6 -24 13 -21 -16 -6 13 8 -9 -13 17 -7 -3 9 -22 11 25 -15 7 -20 -12 11 -30 -3 3 45 -2 7 -23 -9 0
-6 -34 -17 -22 20 -24 -20 14 -24 14 20 -3 5 5 2 15 19 -23 -6 2 -3 30 7 2 -6 7 -11 -10 15 -35 18 5 -14 -6 -24 13 -21 -16 -6 13 8 -9 -13 17 -7 -3 9 -22 11 25 -15 7 -20 -12 11 -30 -3 3 45 -2 7 -23 -9 0
-6 -34 -17 -22 20 -24 -20 14 -24 14 20 -3 5 5 2 15 19 -23 -6 2 -3 30 7 2 -6 7 -11 -10 15 -35 18 5 -14 -6 -24 13 -21 -16 -6 13 8 -9 -13 17 -7 -3 9 -22 11 25 -15 7 -20 -12 11 -30 -3 3 45 -2 7 -23 -9 0
-6 -34 -17 -22 20 -24 -20 14 -24 14 20 -3 5 5 2 15 19 -23 -6 2 -3 30 7 2 -6 7 -11 -10 15 -35 18 5 -14 -6 -24 13 -21 -16 -6 13 8 -9 -13 17 -7 -3 9 -22 11 25 -15 7 -20 -12 11 -30 -3 3 45 -2 7 -23 -9 0
-6 -34 -17 -22 20 -24 -20 14 -24 14 20 -3 5 5 2 15 19 -23 -6 2 -3 30 7 2 -6 7 -11 -10 15 -35 18 5 -14 -6 -24 13 -21 -16 -6 13 8 -9 -13 17 -7 -3 9 -22 11 25 -15 7 -20 -12 11 -30 -3 3 45 -2 7 -23 -9 0
-6 -34 -17 -22 20 -24 -20 14 -24 14 20 -3 5 5 2 15 19 -23 -6 2 -3 30 7 2 -6 7 -11 -10 15 -35 18 5 -14 -6 -24 13 -21 -16 -6 13 8 -9 -13 17 -7 -3 9 -22 11 25 -15 7 -20 -12 11 -30 -3 3 45 -2 7 -23 -9 0
-6 -34 -17 -22 20 -24 -20 14 -24 14 20 -3 5 5 2 15 19 -23 -6 2 -3 30 7 2 -6 7 -11 -10 15 -35 18 5 -14 -6 -24 13 -21 -16 -6 13 8 -9 -13 17 -7 -3 9 -22 11 25 -15 7 -20 -12 11 -30 -3 3 45 -2 7 -23 -9 0
-6 -34 -17 -22 20 -24 -20 14 -24 14 20 -3 5 5 2 15 19 -23 -6 2 -3 30 7 2 -6 7 -11 -10 15 -35 18 5 -14 -6 -24 13 -21 -16 -6 13 8 -9 -13 17 -7 -3 9 -22 11 25 -15 7 -20 -12 11 -30 -3 3 45 -2 7 -23 -9 0
-6 -34 -17 -22 20 -24 -20 14 -24 14 20 -3 5 5 2 15 19 -23 -6 2 -3 30 7 2 -6 7 -11 -10 15 -35 18 5 -14 -6 -24 13 -21 -16 -6 13 8 -9 -13 17 -7 -3 9 -22 11 25 -15 7 -20 -12 11 -30 -3 3 45 -2 7 -23 -9 0
-6 -34 -17 -22 20 -24 -20 14 -24 14 20 -3 5 5 2 15 19 -23 -6 2 -3 30 7 2 -6 7 -11 -10 15 -35 18 5 -14 -6 -24 13 -21 -16 -6 13 8 -9 -13 17 -7 -3 9 -22 11 25 -15 7 -20 -12 11 -30 -3 3 45 -2 7 -23 -9 0
-6 -34 -17 -22 20 -24 -20 14 -24 14 20 -3 5 5 2 15 19 -23 -6 2 -3 30 7 2 -6 7 -11 -10 15 -35 18 5 -14 -6 -24 13 -21 -16 -6 13 8 -9 -13 17 -7 -3 9 -22 11 25 -15 7 -20 -12 11 -30 -3 3 45 -2 7 -23 -9 0
-6 -34 -17 -22 20 -24 -20 14 -24 14 20 -3 5 5 2 15 19 -23 -6 2 -3 30 7 2 -6 7 -11 -10 15 -35 18 5 -14 -6 -24 13 -21 -16 -6 13 8 -9 -13 17 -7 -3 9 -22 11 25 -15 7 -20 -12 11 -30 -3 3 45 -2 7 -23 -9 0
-6 -34 -17 -22 20 -24 -20 14 -24 14 20 -3 5 5 2 15 19 -23 -6 2 -3 30 7 2 -6 7 -11 -10 15 -35 18 5 -14 -6 -24 13 -21 -16 -6 13 8 -9 -13 17 -7 -3 9 -22 11 25 -15 7 -20 -12 11 -30 -3 3 45 -2 7 -23 -9 0
-6 -34 -17 -22 20 -24 -20 14 -24 14 20 -3 5 5 2 15 19 -23 -6 2 -3 30 7 2 -6 7 -11 -10 15 -35 18 5 -14 -6 -24 13 -21 -16 -6 13 8 -9 -13 17 -7 -3 9 -22 11 25 -15 7 -20 -12 11 -30 -3 3 45 -2 7 -23 -9 0
-6 -34 -17 -22 20 -24 -20 14 -24 14 20 -3 5 5 2 15 19 -23 -6 2 -3 30 7 2 -6 7 -11 -10 15 -35 18 5 -14 -6 -24 13 -21 -16 -6 13 8 -9 -13 17 -7 -3 9 -22 11 25 -15 7 -20 -12 11 -30 -3 3 45 -2 7 -23 -9 0
-6 -34 -17 -22 20 -24 -20 14 -24 14 20 -3 5 5 2 15 19 -23 -6 2 -3 30 7 2 -6 7 -11 -10 15 -35 18 5 -14 -6 -24 13 -21 -16 -6 13 8 -9 -13 17 -7 -3 9 -22 11 25 -15 7 -20 -12 11 -30 -3 3 45 -2 7 -23 -9 0
-6 -34 -17 -22 20 -24 -20 14 -24 14 20 -3 5 5 2 15 19 -23 -6 2 -3 30 7 2 -6 7 -11 -10 15 -35 18 5 -14 -6 -24 13 -21 -16 -6 13 8 -9 -13 17 -7 -3 9 -22 11 25 -15 7 -20 -12 11 -30 -3 3 45 -2 7 -23 -9 0
-6 -34 -17 -22 20 -24 -20 14 -24 14 20 -3 5 5 2 15 19 -23 -6 2 -3 30 7 2 -6 7 -11 -10 15 -35 18 5 -14 -6 -24 13 -21 -16 -6 13 8 -9 -13 17 -7 -3 9 -22 11 25 -15 7 -20 -12 11 -30 -3 3 45 -2 7 -23 -9 0
-6 -34 -17 -22 20 -24 -20 14 -24 14 20 -3 5 5 2 15 19 -23 -6 2 -3 30 7 2 -6 7 -11 -10 15 -35 18 5 -14 -6 -24 13 -21 -16 -6 13 8 -9 -13 17 -7 -3 9 -22 11 25 -15 7 -20 -12 11 -30 -3 3 45 -2 7 -23 -9 0
-6 -34 -17 -22 20 -24 -20 14 -24 14 20 -3 5 5 2 15 19 -23 -6 2 -3 30 7 2 -6 7 -11 -10 15 -35 18 5 -14 -6 -24 13 -21 -16 -6 13 8 -9 -13 17 -7 -3 9 -22 11 25 -15 7 -20 -12 11 -30 -3 3 45 -2 7 -23 -9 0
-6 -34 -17 -22 20 -24 -20 14 -24 14 20 -3 5 5 2 15 19 -23 -6 2 -3 30 7 2 -6 7 -11 -10 15 -35 18 5 -14 -6 -24 13 -21 -16 -6 13 8 -9 -13 17 -7 -3 9 -22 11 25 -15 7 -20 -12 11 -30 -3 3 45 -2 7 -23 -9 0
-6 -34 -17 -22 20 -24 -20 14 -24 14 20 -3 5 5 2 15 19 -23 -6 2 -3 30 7 2 -6 7 -11 -10 15 -35 18 5 -14 -6 -24 13 -21 -16 -6 13 8 -9 -13 17 -7 -3 9 -22 11 25 -15 7 -20 -12 11 -30 -3 3 45 -2 7 -23 -9 0
-6 -34 -17 -22 20 -24 -20 14 -24 14 20 -3 5 5 2 15 19 -23 -6 2 -3 30 7 2 -6 7 -11 -10 15 -35 18 5 -14 -6 -24 13 -21 -16 -6 13 8 -9 -13 17 -7 -3 9 -22 11 25 -15 7 -20 -12 11 -30 -3 3 45 -2 7 -23 -9 0
-6 -34 -17 -22 20 -24 -20 14 -24 14 20 -3 5 5 2 15 19 -23 -6 2 -3 30 7 2 -6 7 -11 -10 15 -35 18 5 -14 -6 -24 13 -21 -16 -6 13 8 -9 -13 17 -7 -3 9 -22 11 25 -15 7 -20 -12 11 -30 -3 3 45 -2 7 -23 -9 0
-6 -34 -17 -22 20 -24 -20 14 -24 14 20 -3 5 5 2 15 19 -23 -6 2 -3 30 7 2 -6 7 -11 -10 15 -35 18 5 -14 -6 -24 13 -21 -16 -6 13 8 -9 -13 17 -7 -3 9 -22 11 25 -15 7 -20 -12 11 -30 -3 3 45 -2 7 -23 -9 0
-6 -34 -17 -22 20 -24 -20 14 -24 14 20 -3 5 5 2 15 19 -23 -6 2 -3 30 7 2 -6 7 -11 -10 15 -35 18 5 -14 -6 -24 13 -21 -16 -6 13 8 -9 -13 17 -7 -3 9 -22 11 25 -15 7 -20 -12 11 -30 -3 3 45 -2 7 -23 -9 0
-6 -34 -17 -22 20 -24 -20 14 -24 14 20 -3 5 5 2 15 19 -23 -6 2 -3 30 7 2 -6 7 -11 -10 15 -35 18 5 -14 -6 -24 13 -21 -16 -6 13 8 -9 -13 17 -7 -3 9 -22 11 25 -15 7 -20 -12 11 -30 -3 3 45 -2 7 -23 -9 0
-6 -34 -17 -22 20 -24 -20 14 -24 14 20 -3 5 5 2 15 19 -23 -6 2 -3 30 7 2 -6 7 -11 -10 15 -35 18 5 -14 -6 -24 13 -21 -16 -6 13 8 -9 -13 17 -7 -3 9 -22 11 25 -15 7 -20 -12 11 -30 -3 3 45 -2 7 -23 -9 0
-6 -34 -17 -22 20 -24 -20 14 -24 14 20 -3 5 5 2 15 19 -23 -6 2 -3 30 7 2 -6 7 -11 -10 15 -35 18 5 -14 -6 -24 13 -21 -16 -6 13 8 -9 -13 17 -7 -3 9 -22 11 25 -15 7 -20 -12 11 -30 -3 3 45 -2 7 -23 -9 0
-6 -34 -17 -22 20 -24 -20 14 -24 14 20 -3 5 5 2 15 19 -23 -6 2 -3 30 7 2 -6 7 -11 -10 15 -35 18 5 -14 -6 -24 13 -21 -16 -6 13 8 -9 -13 17 -7 -3 9 -22 11 25 -15 7 -20 -12 11 -30 -3 3 45 -2 7 -23 -9 0
-6 -34 -17 -22 20 -24 -20 14 -24 14 20 -3 5 5 2 15 19 -23 -6 2 -3 30 7 2 -6 7 -11 -10 15 -35 18 5 -14 -6 -24 13 -21 -16 -6 13 8 -9 -13 17 -7 -3 9 -22 11 25 -15 7 -20 -12 11 -30 -3 3 45 -2 7 -23 -9 0
-6 -34 -17 -22 20 -24 -20 14 -24 14 20 -3 5 5 2 15 19 -23 -6 2 -3 30 7 2 -6 7 -11 -10 15 -35 18 5 -14 -6 -24 13 -21 -16 -6 13 8 -9 -13 17 -7 -3 9 -22 11 25 -15 7 -20 -12 11 -30 -3 3 45 -2 7 -23 -9 0
-6 -34 -17 -22 20 -24 -20 14 -24 14 20 -3 5 5 2 15 19 -23 -6 2 -3 30 7 2 -6 7 -11 -10 15 -35 18 5 -14 -6 -24 13 -21 -16 -6 13 8 -9 -13 17 -7 -3 9 -22 11 25 -15 7 -20 -12 11 -30 -3 3 45 -2 7 -23 -9 0
-6 -34 -17 -22 20 -24 -20 14 -24 14 20 -3 5 5 2 15 19 -23 -6 2 -3 30 7 2 -6 7 -11 -10 15 -35 18 5 -14 -6 -24 13 -21 -16 -6 13 8 -9 -13 17 -7 -3 9 -22 11 25 -15 7 -20 -12 11 -30 -3 3 45 -2 7 -23 -9 0
-6 -34 -17 -22 20 -24 -20 14 -24 14 20 -3 5 5 2 15 19 -23 -6 2 -3 30 7 2 -6 7 -11 -10 15 -35 18 5 -14 -6 -24 13 -21 -16 -6 13 8 -9 -13 17 -7 -3 9 -22 11 25 -15 7 -20 -12 11 -30 -3 3 45 -2 7 -23 -9 0
-6 -34 -17 -22 20 -24 -20 14 -24 14 20 -3 5 5 2 15 19 -23 -6 2 -3 30 7 2 -6 7 -11 -10 15 -35 18 5 -14 -6 -24 13 -21 -16 -6 13 8 -9 -13 17 -7 -3 9 -22 11 25 -15 7 -20 -12 11 -30 -3 3 45 -2 7 -23 -9 0
-6 -34 -17 -22 20 -24 -20 14 -24 14 20 -3 5 5 2 15 19 -23 -6 2 -3 30 7 2 -6 7 -11 -10 15 -35 18 5 -14 -6 -24 13 -21 -16 -6 13 8 -9 -13 17 -7 -3 9 -22 11 25 -15 7 -20 -12 11 -30 -3 3 45 -2 7 -23 -9 0
-6 -34 -17 -22 20 -24 -20 14 -24 14 20 -3 5 5 2 15 19 -23 -6 2 -3 30 7 2 -6 7 -11 -10 15 -35 18 5 -14 -6 -24 13 -21 -16 -6 13 8 -9 -13 17 -7 -3 9 -22 11 25 -15 7 -20 -12 11 -30 -3 3 45 -2 7 -23 -9 0
-6 -34 -17 -22 20 -24 -20 14 -24 14 20 -3 5 5 2 15 19 -23 -6 2 -3 30 7 2 -6 7 -11 -10 15 -35 18 5 -14 -6 -24 13 -21 -16 -6 13 8 -9 -13 17 -7 -3 9 -22 11 25 -15 7 -20 -12 11 -30 -3 3 45 -2 7 -23 -9 0
-6 -34 -17 -22 20 -24 -20 14 -24 14 20 -3 5 5 2 15 19 -23 -6 2 -3 30 7 2 -6 7 -11 -10 15 -35 18 5 -14 -6 -24 13 -21 -16 -6 13 8 -9 -13 17 -7 -3 9 -22 11 25 -15 7 -20 -12 11 -30 -3 3 45 -2 7 -23 -9 0
-6 -34 -17 -22 20 -24 -20 14 -24 14 20 -3 5 5 2 15 19 -23 -6 2 -3 30 7 2 -6 7 -11 -10 15 -35 18 5 -14 -6 -24 13 -21 -16 -6 13 8 -9 -13 17 -7 -3 9 -22 11 25 -15 7 -20 -12 11 -30 -3 3 45 -2 7 -23 -9 0
-6 -34 -17 -22 20 -24 -20 14 -24 14 20 -3 5 5 2 15 19 -23 -6 2 -3 30 7 2 -6 7 -11 -10 15 -35 18 5 -14 -6 -24 13 -21 -16 -6 13 8 -9 -13 17 -7 -3 9 -22 11 25 -15 7 -20 -12 11 -30 -3 3 45 -2 7 -23 -9 0
-6 -34 -17 -22 20 -24 -20 14 -24 14 20 -3 5 5 2 15 19 -23 -6 2 -3 30 7 2 -6 7 -11 -10 15 -35 18 5 -14 -6 -24 13 -21 -16 -6 13 8 -9 -13 17 -7 -3 9 -22 11 25 -15 7 -20 -12 11 -30 -3 3 45 -2 7 -23 -9 0
-6 -34 -17 -22 20 -24 -20 14 -24 14 20 -3 5 5 2 15 19 -23 -6 2 -3 30 7 2 -6 7 -11 -10 15 -35 18 5 -14 -6 -24 13 -21 -16 -6 13 8 -9 -13 17 -7 -3 9 -22 11 25 -15 7 -20 -12 11 -30 -3 3 45 -2 7 -23 -9 0
-6 -34 -17 -22 20 -24 -20 14 -24 14 20 -3 5 5 2 15 19 -23 -6 2 -3 30 7 2 -6 7 -11 -10 15 -35 18 5 -14 -6 -24 13 -21 -16 -6 13 8 -9 -13 17 -7 -3 9 -22 11 25 -15 7 -20 -12 11 -30 -3 3 45 -2 7 -23 -9 0
-6 -34 -17 -22 20 -24 -20 14 -24 14 20 -3 5 5 2 15 19 -23 -6 2 -3 30 7 2 -6 7 -11 -10 15 -35 18 5 -14 -6 -24 13 -21 -16 -6 13 8 -9 -13 17 -7 -3 9 -22 11 25 -15 7 -20 -12 11 -30 -3 3 45 -2 7 -23 -9 0
-6 -34 -17 -22 20 -24 -20 14 -24 14 20 -3 5 5 2 15 19 -23 -6 2 -3 30 7 2 -6 7 -11 -10 15 -35 18 5 -14 -6 -24 13 -21 -16 -6 13 8 -9 -13 17 -7 -3 9 -22 11 25 -15 7 -20 -12 11 -30 -3 3 45 -2 7 -23 -9 0
-6 -34 -17 -22 20 -24 -20 14 -24 14 20 -3 5 5 2 15 19 -23 -6 2 -3 30 7 2 -6 7 -11 -10 15 -35 18 5 -14 -6 -24 13 -21 -16 -6 13 8 -9 -13 17 -7 -3 9 -22 11 25 -15 7 -20 -12 11 -30 -3 3 45 -2 7 -23 -9 0
-6 -34 -17 -22 20 -24 -20 14 -24 14 20 -3 5 5 2 15 19 -23 -6 2 -3 30 7 2 -6 7 -11 -10 15 -35 18 5 -14 -6 -24 13 -21 -16 -6 13 8 -9 -13 17 -7 -3 9 -22 11 25 -15 7 -20 -12 11 -30 -3 3 45 -2 7 -23 -9 0
-6 -34 -17 -22 20 -24 -20 14 -24 14 20 -3 5 5 2 15 19 -23 -6 2 -3 30 7 2 -6 7 -11 -10 15 -35 18 5 -14 -6 -24 13 -21 -16 -6 13 8 -9 -13 17 -7 -3 9 -22 11 25 -15 7 -20 -12 11 -30 -3 3 45 -2 7 -23 -9 0
-6 -34 -17 -22 20 -24 -20 14 -24 14 20 -3 5 5 2 15 19 -23 -6 2 -3 30 7 2 -6 7 -11 -10 15 -35 18 5 -14 -6 -24 13 -21 -16 -6 13 8 -9 -13 17 -7 -3 9 -22 11 25 -15 7 -20 -12 11 -30 -3 3 45 -2 7 -23 -9 0
-6 -34 -17 -22 20 -24 -20 14 -24 14 20 -3 5 5 2 15 19 -23 -6 2 -3 30 7 2 -6 7 -11 -10 15 -35 18 5 -14 -6 -24 13 -21 -16 -6 13 8 -9 -13 17 -7 -3 9 -22 11 25 -15 7 -20 -12 11 -30 -3 3 45 -2 7 -23 -9 0
-6 -34 -17 -22 20 -24 -20 14 -24 14 20 -3 5 5 2 15 19 -23 -6 2 -3 30 7 2 -6 7 -11 -10 15 -35 18 5 -14 -6 -24 13 -21 -16 -6 13 8 -9 -13 17 -7 -3 9 -22 11 25 -15 7 -20 -12 11 -30 -3 3 45 -2 7 -23 -9 0
-6 -34 -17 -22 20 -24 -20 14 -24 14 20 -3 5 5 2 15 19 -23 -6 2 -3 30 7 2 -6 7 -11 -10 15 -35 18 5 -14 -6 -24 13 -21 -16 -6 13 8 -9 -13 17 -7 -3 9 -22 11 25 -15 7 -20 -12 11 -30 -3 3 45 -2 7 -23 -9 0
-6 -34 -17 -22 20 -24 -20 14 -24 14 20 -3 5 5 2 15 19 -23 -6 2 -3 30 7 2 -6 7 -11 -10 15 -35 18 5 -14 -6 -24 13 -21 -16 -6 13 8 -9 -13 17 -7 -3 9 -22 11 25 -15 7 -20 -12 11 -30 -3 3 45 -2 7 -23 -9 0
-6 -34 -17 -22 20 -24 -20 14 -24 14 20 -3 5 5 2 15 19 -23 -6 2 -3 30 7 2 -6 7 -11 -10 15 -35 18 5 -14 -6 -24 13 -21 -16 -6 13 8 -9 -13 17 -7 -3 9 -22 11 25 -15 7 -20 -12 11 -30 -3 3 45 -2 7 -23 -9 0
-6 -34 -17 -22 20 -24 -20 14 -24 14 20 -3 5 5 2 15 19 -23 -6 2 -3 30 7 2 -6 7 -11 -10 15 -35 18 5 -14 -6 -24 13 -21 -16 -6 13 8 -9 -13 17 -7 -3 9 -22 11 25 -15 7 -20 -12 11 -30 -3 3 45 -2 7 -23 -9 0
-6 -34 -17 -22 20 -24 -20 14 -24 14 20 -3 5 5 2 15 19 -23 -6 2 -3 30 7 2 -6 7 -11 -10 15 -35 18 5 -14 -6 -24 13 -21 -16 -6 13 8 -9 -13 17 -7 -3 9 -22 11 25 -15 7 -20 -12 11 -30 -3 3 45 -2 7 -23 -9 0
