10 5 3 8 -12 -4 10 0 -2 -1 -13 8 9 -5 3 2 -7 2 -23 -1 -4 -15 5 23 -10 -7 -5 8 1 -43 6 -10 1 -3 7 5 5 -4 -12 -11 3 -2 2 -2 15 -5 -3 2 2 -9 13 -9 -6 -4 -11 1 5 0 -2 4 -7 17 5 -3
9 15 17 1 2 17 -6 4 7 -12 15 4 -14 -3 -3 -72 0 -2 -3 -22 13 -8 -1 13 10 -7 -6 -3 -8 -70 -11 -5 20 -6 -9 12 -14 5 -28 -12 2 11 12 -16 -2 12 -13 5 -3 -7 -14 -33 -1 1 -9 10 -2 -4 10 0 9 -15 -9 25
-3 5 20 5 7 0 -2 1 4 -8 4 8 -15 4 -8 -69 -3 9 -1 -24 4 -2 -7 -4 19 -29 -9 9 -6 -75 -10 8 19 -20 -9 3 -12 6 -19 1 -3 3 -1 -6 1 7 -10 -1 5 -21 -8 -13 5 -8 5 8 6 8 -4 5 -1 -11 -23 19
1 2 -1 -5 -12 -6 -9 2 -3 1 3 14 -34 16 -3 -60 -1 3 5 -26 9 6 0 -7 31 -37 -12 20 -9 -75 1 -2 11 -7 7 -1 -9 -10 -18 12 -9 9 -14 -2 9 -1 -1 -2 1 1 -12 -6 -9 -15 3 0 10 -2 -13 16 1 15 -12 9
-4 1 7 2 -5 5 -22 4 -2 -1 9 17 4 8 0 -58 3 -5 5 -27 -6 0 -16 0 24 -18 -8 24 -4 -67 -1 -5 19 3 9 4 2 -21 -22 6 4 10 -11 9 -3 4 -2 8 2 0 1 -18 -17 -14 12 -19 14 6 0 -6 -5 14 -5 7
-5 0 6 10 -1 8 -17 -7 -1 -2 10 11 3 6 -10 -70 -4 -7 5 -24 -3 1 -9 -6 23 -22 -8 28 2 -72 4 -10 10 -1 15 0 3 -14 -33 12 0 25 -6 0 3 0 -7 -1 4 9 4 -24 -17 -7 8 -18 17 10 1 -2 -2 6 -13 7
-1 2 6 20 2 3 -22 3 3 -15 -2 8 -4 7 -9 -53 1 -2 13 -35 4 -8 -8 2 23 -18 8 20 1 -71 9 4 10 -6 -4 0 2 -10 -24 16 1 24 -14 6 5 -6 -9 10 -10 14 -9 -18 -13 0 12 -10 3 16 -4 15 -13 7 -7 4
6 -1 -8 4 -13 -10 -13 5 4 -6 -4 18 -15 3 4 -54 -6 1 11 -36 -3 5 -7 17 25 -18 0 13 -19 -68 1 -1 3 -15 7 -4 -7 -6 -13 18 2 17 -15 1 15 1 -8 1 5 2 -2 -15 -3 -9 -6 -7 4 9 -14 25 4 14 -13 8
-1 1 0 1 -7 -13 -12 13 7 -6 -6 15 -20 8 -4 -54 -6 4 -6 -23 17 -3 7 2 25 -12 -15 19 0 -78 -4 10 10 -13 5 18 1 -13 -6 13 -15 -6 -8 5 11 4 9 -2 9 -5 -8 -5 7 -6 0 -27 4 -5 -18 9 -8 -5 -8 19
0 -12 10 -7 -3 4 -4 0 6 -10 -7 23 -20 -1 -8 -60 2 -2 -3 -30 16 -13 0 -11 30 3 -11 19 2 -89 -7 11 16 -10 -24 4 -8 -6 -6 5 9 3 -29 -4 -11 8 -1 -1 -9 -2 -4 -17 8 18 -2 -21 12 2 -7 3 17 11 -13 23
-6 0 3 1 -4 -11 -19 4 -2 2 -14 14 -16 6 -1 -53 0 8 -6 -30 13 -6 4 3 29 -12 -16 12 7 -85 0 10 5 -9 5 18 7 -13 -2 15 -14 -6 -5 1 11 3 5 -1 3 -4 -5 -6 13 -1 8 -30 1 1 -22 0 -4 -13 -11 22
-8 -5 0 5 -6 -11 -7 5 -1 -7 -20 21 -8 8 -12 -47 -14 10 -11 -29 20 -13 4 1 24 -6 -22 9 4 -92 7 -7 -2 3 0 16 21 -7 6 17 -9 -5 0 -3 13 0 8 11 -1 -4 -5 -8 9 -11 -9 -36 4 2 -10 10 1 -1 -23 21
-6 5 1 -18 6 -4 -9 -6 8 0 -13 18 -15 10 -9 -56 -4 2 -3 -20 7 -13 -11 -1 16 8 -17 8 -3 -93 -5 5 9 -3 -13 -2 19 8 2 9 -14 -3 -5 8 -4 23 -7 8 8 0 -25 -10 7 -16 10 -45 3 3 -27 -4 0 5 -17 27
9 11 -2 -3 2 2 -15 -8 6 -2 -4 5 -5 2 -2 -55 -17 -4 -2 -13 4 -10 -17 8 12 18 -23 -3 -14 -80 -17 1 0 -12 -6 -3 20 -1 4 16 0 12 5 1 -11 24 -17 11 6 0 -23 -18 9 -10 -6 -47 -3 15 -11 2 3 13 -13 24
-2 5 13 -15 0 2 -17 -1 8 0 -18 15 -18 1 -5 -52 4 5 -3 -7 15 -14 -8 -14 20 23 -22 5 6 -102 -5 7 -2 -7 -21 0 23 0 -2 15 0 5 -17 7 -13 20 -10 12 -2 -11 -17 -12 4 -8 0 -54 4 5 -18 6 5 19 -10 28
-4 19 3 -12 -9 -9 -19 -6 10 8 -12 8 -17 10 -3 -58 -6 6 -5 -17 18 -23 0 -12 18 9 -20 6 2 -92 0 -4 -9 -3 -20 3 16 12 5 8 -10 1 -6 0 -4 6 -7 7 8 -14 -23 -14 11 -30 -2 -50 -13 5 -22 7 5 2 -27 13
-11 11 7 -7 -3 -3 -21 -14 6 -6 -20 -9 -17 -1 -8 -43 -18 -3 2 -16 26 -23 -1 -7 21 2 -7 10 -1 -90 -1 2 3 -1 -6 5 17 -10 6 16 -4 1 -26 11 1 9 -6 11 6 -14 -6 -11 3 -13 -2 -47 9 -5 -18 7 2 6 -12 27
-15 5 10 -13 -4 -11 -12 -5 3 1 -15 -10 -22 6 -8 -36 -9 1 -2 -23 27 -19 7 4 16 -9 -10 12 -2 -82 0 3 1 -1 -8 0 13 2 5 14 -14 -5 -18 5 8 6 -1 3 6 -12 -5 -11 0 -24 1 -37 4 -5 -26 13 -8 11 -8 17
-21 5 7 -14 -1 -2 -11 -14 4 0 -18 -14 -11 1 -13 -39 -18 3 -10 -31 21 -22 -3 -9 13 -9 -14 1 4 -88 0 2 -7 1 -12 -4 16 5 1 14 -5 5 -15 2 10 2 -12 9 10 -13 -4 -11 10 -1 -6 -40 8 9 -19 17 4 0 -17 28
-13 1 10 1 -1 -3 -12 -25 -1 -13 -8 -8 -9 6 -8 -54 -19 -2 -5 -26 17 -22 -7 2 -3 -5 -13 3 2 -89 6 16 -4 -2 -3 -6 21 4 14 9 -3 -11 -9 11 -1 14 -11 16 5 -17 0 -20 11 -19 -17 -42 1 -3 -13 13 -2 4 -8 26
-7 0 7 -13 1 -12 -9 -12 9 1 -18 -1 -13 -5 -8 -51 -20 0 -3 -28 8 -20 -7 10 7 3 -14 -7 -2 -88 4 7 -6 -2 -9 -8 14 3 7 11 -1 -10 1 -2 -3 17 -8 11 10 -14 -4 -15 10 -26 -15 -32 -12 0 -21 11 0 -1 -23 21
-7 3 22 -7 -14 0 -4 -4 6 -12 -11 -1 -1 0 -24 -55 6 12 3 -25 2 -8 -1 -5 0 3 -19 1 13 -94 -9 -5 10 -8 -9 1 3 2 1 0 8 -28 -11 3 -23 6 -9 -5 -2 -10 0 -13 -8 -17 -24 -17 -2 2 1 18 9 -4 -7 11
6 5 5 11 0 -10 15 0 0 -4 -11 3 1 -3 3 0 6 -1 -23 0 1 -8 4 22 -8 -3 -5 2 3 -44 -3 -6 0 0 5 5 9 -5 1 -8 10 0 1 -12 9 -7 -6 10 -6 -11 10 -16 -8 8 -5 0 3 3 -2 5 -9 14 2 -5
-4 5 26 -3 -3 0 -7 -2 5 -22 -10 -33 19 10 -5 -37 13 1 2 -27 7 3 2 -3 30 -4 -10 16 -5 -85 1 -1 14 4 -4 17 -4 -5 4 -11 -8 -20 -2 -20 -7 9 1 -12 17 -21 -7 -4 -4 -30 0 5 7 8 -21 14 5 -12 5 12
-13 0 28 11 -7 -4 -2 3 2 -15 5 -31 24 5 6 -44 8 5 -8 -24 8 -4 7 4 38 1 0 18 -16 -85 -1 9 13 -6 -17 1 -1 -2 11 -14 6 -18 3 -20 -11 12 2 -5 8 -26 -8 -1 4 -20 6 1 -2 4 -21 19 12 -19 -6 2
-6 8 7 0 -15 -11 -9 6 6 -15 -1 -28 11 17 8 -23 6 3 -1 -31 3 2 4 -9 39 -7 -2 21 -18 -79 -5 -3 6 -7 -4 1 -12 -9 -1 -10 -5 -27 -12 -6 -6 -1 1 -8 13 -10 -4 -2 -3 -46 8 7 13 -4 -15 32 11 11 -1 5
-2 5 12 9 -10 1 -15 3 -3 -14 7 -30 33 8 2 -27 -6 -2 7 -25 6 -3 -9 1 35 -5 -6 27 0 -77 10 -4 10 -1 7 4 1 -23 -3 -15 0 1 -24 1 -15 8 -3 -1 9 -10 11 -7 -4 -34 16 -6 17 10 -3 22 0 9 -6 -1
-3 4 3 12 -7 2 -17 -6 -8 -19 -1 -27 37 9 -6 -27 -12 -5 10 -33 -1 -4 -1 -4 30 -1 -3 23 2 -75 8 3 5 -2 13 4 5 -21 -9 -16 -3 11 -15 -2 -14 1 -8 -2 12 -3 14 -16 -4 -34 9 -8 12 16 -3 26 -3 5 -11 6
-9 -1 6 5 -5 -4 -17 -1 -2 -30 4 -19 28 12 -4 -25 -9 1 7 -44 9 -12 -2 2 24 4 10 25 -1 -80 12 7 4 1 -3 1 3 -3 1 -15 -7 -16 -24 -2 -20 -1 -6 18 6 -4 16 -26 3 -22 12 6 1 15 -5 30 -1 1 -4 7
-2 -4 -2 7 -11 -14 -20 2 0 -17 3 -8 28 7 11 -26 -11 -3 6 -39 0 1 -6 12 36 11 5 22 -20 -75 0 0 1 -14 6 0 -3 -5 8 -6 -2 -13 -19 -1 -6 -2 -3 1 16 -6 12 -20 6 -39 -3 14 -1 5 -15 21 11 5 -8 1
-1 3 12 9 -9 -12 -11 12 7 -9 -3 -13 26 8 6 -23 -3 5 -11 -32 9 -11 4 4 43 12 -4 21 -6 -88 -5 6 5 -11 3 15 -5 -12 2 -7 -8 -27 -10 -4 6 -5 14 -5 18 -11 6 -6 15 -33 12 0 2 -3 -19 15 10 -9 -1 8
-7 -3 15 11 -9 -10 -18 8 -5 -7 -7 -18 22 10 10 -12 -4 5 -9 -26 20 -7 7 5 40 13 -6 17 -1 -78 0 7 9 -7 10 19 9 -14 7 -16 -10 -21 -9 -8 0 -4 8 -4 15 -14 13 -7 20 -30 13 -8 -2 0 -23 -4 7 -17 3 8
-16 -14 6 9 2 -4 -8 5 0 -22 -15 2 29 12 1 -18 -7 9 -19 -37 4 -8 3 -6 41 16 -9 17 2 -95 9 -1 -9 8 5 20 16 -16 4 -6 2 -16 -10 -2 4 -2 11 5 10 -9 9 -12 13 -42 0 -7 0 12 -12 1 20 -10 -9 6
-10 6 6 7 -1 -5 -14 1 5 -16 -6 -13 22 16 6 -14 -11 4 -11 -26 4 -16 -3 -8 42 29 -10 21 -11 -82 -11 -2 3 -6 -1 14 12 11 4 -25 -3 -1 -2 -12 -13 10 13 -5 26 -22 -14 -12 12 -42 10 -16 6 12 -22 -8 21 1 -10 -2
-11 3 6 9 10 2 -16 -1 1 -22 -21 -20 17 1 0 -15 -9 -5 0 -24 20 -14 2 -4 47 27 4 26 -11 -88 -2 5 3 -1 1 12 3 -14 -1 -12 1 -5 -25 0 1 3 1 9 7 -19 2 -10 2 -39 10 -21 15 5 -14 1 11 6 -7 13
-17 3 4 2 3 -10 -15 6 3 -12 -9 -25 8 8 5 -5 -4 -2 -8 -30 9 -6 5 3 42 16 7 20 -12 -75 2 3 7 -1 -3 12 4 -11 2 -13 -2 -11 -15 -1 6 1 12 0 20 -13 -4 -11 12 -47 8 -11 4 -1 -20 8 4 4 0 7
-18 -2 5 7 6 5 -14 -4 -8 -19 -22 -25 19 8 -3 -8 -13 -3 -8 -29 6 -17 -1 -7 45 35 -1 15 0 -85 1 8 1 -1 -4 12 10 -9 -4 -4 1 8 -24 -1 8 5 1 7 6 -10 5 -11 3 -30 2 -21 14 15 -18 9 14 1 -16 11
-19 -1 12 17 9 0 -7 -7 -1 -26 -8 -18 16 6 4 -12 -26 -8 -1 -34 6 -16 -4 6 37 36 4 26 -8 -85 1 17 12 -3 -1 2 13 -9 8 -5 4 -5 -19 7 2 7 -2 13 10 -7 4 -25 10 -39 -9 -27 3 10 -16 13 4 6 -4 14
-15 -3 13 4 4 -14 -12 -5 1 -19 -17 -13 3 -5 3 -8 -22 -6 -2 -33 5 -16 1 7 38 38 1 12 -17 -81 -3 0 4 -1 -4 3 4 -10 3 -8 5 -8 -5 -1 -3 6 1 5 14 -17 -1 -22 10 -40 -1 -9 -7 8 -13 12 15 0 -19 8
-10 -7 22 1 -5 1 -2 0 7 -13 -20 -12 2 4 -17 -1 -6 7 2 -26 2 -18 3 -10 25 49 -12 7 -1 -91 -10 -3 23 -6 -9 0 13 -7 7 -8 9 -20 -16 3 -14 7 7 0 4 -8 0 -22 -13 -24 -11 2 -1 -6 -11 16 15 -5 -10 4
6 5 5 12 0 -10 15 0 0 -4 -10 4 1 -3 3 0 5 -1 -23 0 2 -7 4 22 -8 -4 -5 1 3 -43 -2 -6 -1 1 4 4 8 -5 1 -7 9 0 1 -11 8 -8 -6 9 -6 -12 9 -15 -7 9 -5 -1 4 3 -3 5 -10 14 1 -5
0 -3 10 3 -6 18 0 -1 5 -21 6 8 -27 2 -11 -35 8 9 16 -26 -4 -9 8 -6 1 -9 -16 24 -7 -59 -14 -18 12 -5 -2 0 -3 -8 -2 -1 -5 16 -3 -14 4 1 -11 -8 7 -8 6 -14 -17 5 -3 -11 -5 -6 -17 -5 -5 -4 -12 15
0 -3 10 3 -6 18 0 -1 5 -21 6 8 -27 2 -11 -35 8 9 16 -26 -4 -9 8 -6 1 -9 -16 24 -7 -59 -14 -18 12 -5 -2 0 -3 -8 -2 -1 -5 16 -3 -14 4 1 -11 -8 7 -8 6 -14 -17 5 -3 -11 -5 -6 -17 -5 -5 -4 -12 15
0 -3 10 3 -6 18 0 -1 5 -21 6 8 -27 2 -11 -35 8 9 16 -26 -4 -9 8 -6 1 -9 -16 24 -7 -59 -14 -18 12 -5 -2 0 -3 -8 -2 -1 -5 16 -3 -14 4 1 -11 -8 7 -8 6 -14 -17 5 -3 -11 -5 -6 -17 -5 -5 -4 -12 15
0 -3 10 3 -6 18 0 -1 5 -21 6 8 -27 2 -11 -35 8 9 16 -26 -4 -9 8 -6 1 -9 -16 24 -7 -59 -14 -18 12 -5 -2 0 -3 -8 -2 -1 -5 16 -3 -14 4 1 -11 -8 7 -8 6 -14 -17 5 -3 -11 -5 -6 -17 -5 -5 -4 -12 15
0 -3 10 3 -6 18 0 -1 5 -21 6 8 -27 2 -11 -35 8 9 16 -26 -4 -9 8 -6 1 -9 -16 24 -7 -59 -14 -18 12 -5 -2 0 -3 -8 -2 -1 -5 16 -3 -14 4 1 -11 -8 7 -8 6 -14 -17 5 -3 -11 -5 -6 -17 -5 -5 -4 -12 15
0 -3 10 3 -6 18 0 -1 5 -21 6 8 -27 2 -11 -35 8 9 16 -26 -4 -9 8 -6 1 -9 -16 24 -7 -59 -14 -18 12 -5 -2 0 -3 -8 -2 -1 -5 16 -3 -14 4 1 -11 -8 7 -8 6 -14 -17 5 -3 -11 -5 -6 -17 -5 -5 -4 -12 15
0 -3 10 3 -6 18 0 -1 5 -21 6 8 -27 2 -11 -35 8 9 16 -26 -4 -9 8 -6 1 -9 -16 24 -7 -59 -14 -18 12 -5 -2 0 -3 -8 -2 -1 -5 16 -3 -14 4 1 -11 -8 7 -8 6 -14 -17 5 -3 -11 -5 -6 -17 -5 -5 -4 -12 15
0 -3 10 3 -6 18 0 -1 5 -21 6 8 -27 2 -11 -35 8 9 16 -26 -4 -9 8 -6 1 -9 -16 24 -7 -59 -14 -18 12 -5 -2 0 -3 -8 -2 -1 -5 16 -3 -14 4 1 -11 -8 7 -8 6 -14 -17 5 -3 -11 -5 -6 -17 -5 -5 -4 -12 15
0 -3 10 3 -6 18 0 -1 5 -21 6 8 -27 2 -11 -35 8 9 16 -26 -4 -9 8 -6 1 -9 -16 24 -7 -59 -14 -18 12 -5 -2 0 -3 -8 -2 -1 -5 16 -3 -14 4 1 -11 -8 7 -8 6 -14 -17 5 -3 -11 -5 -6 -17 -5 -5 -4 -12 15
0 -3 10 3 -6 18 0 -1 5 -21 6 8 -27 2 -11 -35 8 9 16 -26 -4 -9 8 -6 1 -9 -16 24 -7 -59 -14 -18 12 -5 -2 0 -3 -8 -2 -1 -5 16 -3 -14 4 1 -11 -8 7 -8 6 -14 -17 5 -3 -11 -5 -6 -17 -5 -5 -4 -12 15
0 -3 10 3 -6 18 0 -1 5 -21 6 8 -27 2 -11 -35 8 9 16 -26 -4 -9 8 -6 1 -9 -16 24 -7 -59 -14 -18 12 -5 -2 0 -3 -8 -2 -1 -5 16 -3 -14 4 1 -11 -8 7 -8 6 -14 -17 5 -3 -11 -5 -6 -17 -5 -5 -4 -12 15
0 -3 10 3 -6 18 0 -1 5 -21 6 8 -27 2 -11 -35 8 9 16 -26 -4 -9 8 -6 1 -9 -16 24 -7 -59 -14 -18 12 -5 -2 0 -3 -8 -2 -1 -5 16 -3 -14 4 1 -11 -8 7 -8 6 -14 -17 5 -3 -11 -5 -6 -17 -5 -5 -4 -12 15
0 -3 10 3 -6 18 0 -1 5 -21 6 8 -27 2 -11 -35 8 9 16 -26 -4 -9 8 -6 1 -9 -16 24 -7 -59 -14 -18 12 -5 -2 0 -3 -8 -2 -1 -5 16 -3 -14 4 1 -11 -8 7 -8 6 -14 -17 5 -3 -11 -5 -6 -17 -5 -5 -4 -12 15
0 -3 10 3 -6 18 0 -1 5 -21 6 8 -27 2 -11 -35 8 9 16 -26 -4 -9 8 -6 1 -9 -16 24 -7 -59 -14 -18 12 -5 -2 0 -3 -8 -2 -1 -5 16 -3 -14 4 1 -11 -8 7 -8 6 -14 -17 5 -3 -11 -5 -6 -17 -5 -5 -4 -12 15
0 -3 10 3 -6 18 0 -1 5 -21 6 8 -27 2 -11 -35 8 9 16 -26 -4 -9 8 -6 1 -9 -16 24 -7 -59 -14 -18 12 -5 -2 0 -3 -8 -2 -1 -5 16 -3 -14 4 1 -11 -8 7 -8 6 -14 -17 5 -3 -11 -5 -6 -17 -5 -5 -4 -12 15
0 -3 10 3 -6 18 0 -1 5 -21 6 8 -27 2 -11 -35 8 9 16 -26 -4 -9 8 -6 1 -9 -16 24 -7 -59 -14 -18 12 -5 -2 0 -3 -8 -2 -1 -5 16 -3 -14 4 1 -11 -8 7 -8 6 -14 -17 5 -3 -11 -5 -6 -17 -5 -5 -4 -12 15
0 -3 10 3 -6 18 0 -1 5 -21 6 8 -27 2 -11 -35 8 9 16 -26 -4 -9 8 -6 1 -9 -16 24 -7 -59 -14 -18 12 -5 -2 0 -3 -8 -2 -1 -5 16 -3 -14 4 1 -11 -8 7 -8 6 -14 -17 5 -3 -11 -5 -6 -17 -5 -5 -4 -12 15
0 -3 10 3 -6 18 0 -1 5 -21 6 8 -27 2 -11 -35 8 9 16 -26 -4 -9 8 -6 1 -9 -16 24 -7 -59 -14 -18 12 -5 -2 0 -3 -8 -2 -1 -5 16 -3 -14 4 1 -11 -8 7 -8 6 -14 -17 5 -3 -11 -5 -6 -17 -5 -5 -4 -12 15
0 -3 10 3 -6 18 0 -1 5 -21 6 8 -27 2 -11 -35 8 9 16 -26 -4 -9 8 -6 1 -9 -16 24 -7 -59 -14 -18 12 -5 -2 0 -3 -8 -2 -1 -5 16 -3 -14 4 1 -11 -8 7 -8 6 -14 -17 5 -3 -11 -5 -6 -17 -5 -5 -4 -12 15
0 -3 10 3 -6 18 0 -1 5 -21 6 8 -27 2 -11 -35 8 9 16 -26 -4 -9 8 -6 1 -9 -16 24 -7 -59 -14 -18 12 -5 -2 0 -3 -8 -2 -1 -5 16 -3 -14 4 1 -11 -8 7 -8 6 -14 -17 5 -3 -11 -5 -6 -17 -5 -5 -4 -12 15
0 -3 10 3 -6 18 0 -1 5 -21 6 8 -27 2 -11 -35 8 9 16 -26 -4 -9 8 -6 1 -9 -16 24 -7 -59 -14 -18 12 -5 -2 0 -3 -8 -2 -1 -5 16 -3 -14 4 1 -11 -8 7 -8 6 -14 -17 5 -3 -11 -5 -6 -17 -5 -5 -4 -12 15
0 -3 10 3 -6 18 0 -1 5 -21 6 8 -27 2 -11 -35 8 9 16 -26 -4 -9 8 -6 1 -9 -16 24 -7 -59 -14 -18 12 -5 -2 0 -3 -8 -2 -1 -5 16 -3 -14 4 1 -11 -8 7 -8 6 -14 -17 5 -3 -11 -5 -6 -17 -5 -5 -4 -12 15
0 -3 10 3 -6 18 0 -1 5 -21 6 8 -27 2 -11 -35 8 9 16 -26 -4 -9 8 -6 1 -9 -16 24 -7 -59 -14 -18 12 -5 -2 0 -3 -8 -2 -1 -5 16 -3 -14 4 1 -11 -8 7 -8 6 -14 -17 5 -3 -11 -5 -6 -17 -5 -5 -4 -12 15
0 -3 10 3 -6 18 0 -1 5 -21 6 8 -27 2 -11 -35 8 9 16 -26 -4 -9 8 -6 1 -9 -16 24 -7 -59 -14 -18 12 -5 -2 0 -3 -8 -2 -1 -5 16 -3 -14 4 1 -11 -8 7 -8 6 -14 -17 5 -3 -11 -5 -6 -17 -5 -5 -4 -12 15
0 -3 10 3 -6 18 0 -1 5 -21 6 8 -27 2 -11 -35 8 9 16 -26 -4 -9 8 -6 1 -9 -16 24 -7 -59 -14 -18 12 -5 -2 0 -3 -8 -2 -1 -5 16 -3 -14 4 1 -11 -8 7 -8 6 -14 -17 5 -3 -11 -5 -6 -17 -5 -5 -4 -12 15
0 -3 10 3 -6 18 0 -1 5 -21 6 8 -27 2 -11 -35 8 9 16 -26 -4 -9 8 -6 1 -9 -16 24 -7 -59 -14 -18 12 -5 -2 0 -3 -8 -2 -1 -5 16 -3 -14 4 1 -11 -8 7 -8 6 -14 -17 5 -3 -11 -5 -6 -17 -5 -5 -4 -12 15
0 -3 10 3 -6 18 0 -1 5 -21 6 8 -27 2 -11 -35 8 9 16 -26 -4 -9 8 -6 1 -9 -16 24 -7 -59 -14 -18 12 -5 -2 0 -3 -8 -2 -1 -5 16 -3 -14 4 1 -11 -8 7 -8 6 -14 -17 5 -3 -11 -5 -6 -17 -5 -5 -4 -12 15
0 -3 10 3 -6 18 0 -1 5 -21 6 8 -27 2 -11 -35 8 9 16 -26 -4 -9 8 -6 1 -9 -16 24 -7 -59 -14 -18 12 -5 -2 0 -3 -8 -2 -1 -5 16 -3 -14 4 1 -11 -8 7 -8 6 -14 -17 5 -3 -11 -5 -6 -17 -5 -5 -4 -12 15
0 -3 10 3 -6 18 0 -1 5 -21 6 8 -27 2 -11 -35 8 9 16 -26 -4 -9 8 -6 1 -9 -16 24 -7 -59 -14 -18 12 -5 -2 0 -3 -8 -2 -1 -5 16 -3 -14 4 1 -11 -8 7 -8 6 -14 -17 5 -3 -11 -5 -6 -17 -5 -5 -4 -12 15
0 -3 10 3 -6 18 0 -1 5 -21 6 8 -27 2 -11 -35 8 9 16 -26 -4 -9 8 -6 1 -9 -16 24 -7 -59 -14 -18 12 -5 -2 0 -3 -8 -2 -1 -5 16 -3 -14 4 1 -11 -8 7 -8 6 -14 -17 5 -3 -11 -5 -6 -17 -5 -5 -4 -12 15
0 -3 10 3 -6 18 0 -1 5 -21 6 8 -27 2 -11 -35 8 9 16 -26 -4 -9 8 -6 1 -9 -16 24 -7 -59 -14 -18 12 -5 -2 0 -3 -8 -2 -1 -5 16 -3 -14 4 1 -11 -8 7 -8 6 -14 -17 5 -3 -11 -5 -6 -17 -5 -5 -4 -12 15
0 -3 10 3 -6 18 0 -1 5 -21 6 8 -27 2 -11 -35 8 9 16 -26 -4 -9 8 -6 1 -9 -16 24 -7 -59 -14 -18 12 -5 -2 0 -3 -8 -2 -1 -5 16 -3 -14 4 1 -11 -8 7 -8 6 -14 -17 5 -3 -11 -5 -6 -17 -5 -5 -4 -12 15
0 -3 10 3 -6 18 0 -1 5 -21 6 8 -27 2 -11 -35 8 9 16 -26 -4 -9 8 -6 1 -9 -16 24 -7 -59 -14 -18 12 -5 -2 0 -3 -8 -2 -1 -5 16 -3 -14 4 1 -11 -8 7 -8 6 -14 -17 5 -3 -11 -5 -6 -17 -5 -5 -4 -12 15
0 -3 10 3 -6 18 0 -1 5 -21 6 8 -27 2 -11 -35 8 9 16 -26 -4 -9 8 -6 1 -9 -16 24 -7 -59 -14 -18 12 -5 -2 0 -3 -8 -2 -1 -5 16 -3 -14 4 1 -11 -8 7 -8 6 -14 -17 5 -3 -11 -5 -6 -17 -5 -5 -4 -12 15
0 -3 10 3 -6 18 0 -1 5 -21 6 8 -27 2 -11 -35 8 9 16 -26 -4 -9 8 -6 1 -9 -16 24 -7 -59 -14 -18 12 -5 -2 0 -3 -8 -2 -1 -5 16 -3 -14 4 1 -11 -8 7 -8 6 -14 -17 5 -3 -11 -5 -6 -17 -5 -5 -4 -12 15
0 -3 10 3 -6 18 0 -1 5 -21 6 8 -27 2 -11 -35 8 9 16 -26 -4 -9 8 -6 1 -9 -16 24 -7 -59 -14 -18 12 -5 -2 0 -3 -8 -2 -1 -5 16 -3 -14 4 1 -11 -8 7 -8 6 -14 -17 5 -3 -11 -5 -6 -17 -5 -5 -4 -12 15
0 -3 10 3 -6 18 0 -1 5 -21 6 8 -27 2 -11 -35 8 9 16 -26 -4 -9 8 -6 1 -9 -16 24 -7 -59 -14 -18 12 -5 -2 0 -3 -8 -2 -1 -5 16 -3 -14 4 1 -11 -8 7 -8 6 -14 -17 5 -3 -11 -5 -6 -17 -5 -5 -4 -12 15
0 -3 10 3 -6 18 0 -1 5 -21 6 8 -27 2 -11 -35 8 9 16 -26 -4 -9 8 -6 1 -9 -16 24 -7 -59 -14 -18 12 -5 -2 0 -3 -8 -2 -1 -5 16 -3 -14 4 1 -11 -8 7 -8 6 -14 -17 5 -3 -11 -5 -6 -17 -5 -5 -4 -12 15
0 -3 10 3 -6 18 0 -1 5 -21 6 8 -27 2 -11 -35 8 9 16 -26 -4 -9 8 -6 1 -9 -16 24 -7 -59 -14 -18 12 -5 -2 0 -3 -8 -2 -1 -5 16 -3 -14 4 1 -11 -8 7 -8 6 -14 -17 5 -3 -11 -5 -6 -17 -5 -5 -4 -12 15
0 -3 10 3 -6 18 0 -1 5 -21 6 8 -27 2 -11 -35 8 9 16 -26 -4 -9 8 -6 1 -9 -16 24 -7 -59 -14 -18 12 -5 -2 0 -3 -8 -2 -1 -5 16 -3 -14 4 1 -11 -8 7 -8 6 -14 -17 5 -3 -11 -5 -6 -17 -5 -5 -4 -12 15
0 -3 10 3 -6 18 0 -1 5 -21 6 8 -27 2 -11 -35 8 9 16 -26 -4 -9 8 -6 1 -9 -16 24 -7 -59 -14 -18 12 -5 -2 0 -3 -8 -2 -1 -5 16 -3 -14 4 1 -11 -8 7 -8 6 -14 -17 5 -3 -11 -5 -6 -17 -5 -5 -4 -12 15
0 -3 10 3 -6 18 0 -1 5 -21 6 8 -27 2 -11 -35 8 9 16 -26 -4 -9 8 -6 1 -9 -16 24 -7 -59 -14 -18 12 -5 -2 0 -3 -8 -2 -1 -5 16 -3 -14 4 1 -11 -8 7 -8 6 -14 -17 5 -3 -11 -5 -6 -17 -5 -5 -4 -12 15
0 -3 10 3 -6 18 0 -1 5 -21 6 8 -27 2 -11 -35 8 9 16 -26 -4 -9 8 -6 1 -9 -16 24 -7 -59 -14 -18 12 -5 -2 0 -3 -8 -2 -1 -5 16 -3 -14 4 1 -11 -8 7 -8 6 -14 -17 5 -3 -11 -5 -6 -17 -5 -5 -4 -12 15
0 -3 10 3 -6 18 0 -1 5 -21 6 8 -27 2 -11 -35 8 9 16 -26 -4 -9 8 -6 1 -9 -16 24 -7 -59 -14 -18 12 -5 -2 0 -3 -8 -2 -1 -5 16 -3 -14 4 1 -11 -8 7 -8 6 -14 -17 5 -3 -11 -5 -6 -17 -5 -5 -4 -12 15
0 -3 10 3 -6 18 0 -1 5 -21 6 8 -27 2 -11 -35 8 9 16 -26 -4 -9 8 -6 1 -9 -16 24 -7 -59 -14 -18 12 -5 -2 0 -3 -8 -2 -1 -5 16 -3 -14 4 1 -11 -8 7 -8 6 -14 -17 5 -3 -11 -5 -6 -17 -5 -5 -4 -12 15
0 -3 10 3 -6 18 0 -1 5 -21 6 8 -27 2 -11 -35 8 9 16 -26 -4 -9 8 -6 1 -9 -16 24 -7 -59 -14 -18 12 -5 -2 0 -3 -8 -2 -1 -5 16 -3 -14 4 1 -11 -8 7 -8 6 -14 -17 5 -3 -11 -5 -6 -17 -5 -5 -4 -12 15
0 -3 10 3 -6 18 0 -1 5 -21 6 8 -27 2 -11 -35 8 9 16 -26 -4 -9 8 -6 1 -9 -16 24 -7 -59 -14 -18 12 -5 -2 0 -3 -8 -2 -1 -5 16 -3 -14 4 1 -11 -8 7 -8 6 -14 -17 5 -3 -11 -5 -6 -17 -5 -5 -4 -12 15
0 -3 10 3 -6 18 0 -1 5 -21 6 8 -27 2 -11 -35 8 9 16 -26 -4 -9 8 -6 1 -9 -16 24 -7 -59 -14 -18 12 -5 -2 0 -3 -8 -2 -1 -5 16 -3 -14 4 1 -11 -8 7 -8 6 -14 -17 5 -3 -11 -5 -6 -17 -5 -5 -4 -12 15
0 -3 10 3 -6 18 0 -1 5 -21 6 8 -27 2 -11 -35 8 9 16 -26 -4 -9 8 -6 1 -9 -16 24 -7 -59 -14 -18 12 -5 -2 0 -3 -8 -2 -1 -5 16 -3 -14 4 1 -11 -8 7 -8 6 -14 -17 5 -3 -11 -5 -6 -17 -5 -5 -4 -12 15
0 -3 10 3 -6 18 0 -1 5 -21 6 8 -27 2 -11 -35 8 9 16 -26 -4 -9 8 -6 1 -9 -16 24 -7 -59 -14 -18 12 -5 -2 0 -3 -8 -2 -1 -5 16 -3 -14 4 1 -11 -8 7 -8 6 -14 -17 5 -3 -11 -5 -6 -17 -5 -5 -4 -12 15
0 -3 10 3 -6 18 0 -1 5 -21 6 8 -27 2 -11 -35 8 9 16 -26 -4 -9 8 -6 1 -9 -16 24 -7 -59 -14 -18 12 -5 -2 0 -3 -8 -2 -1 -5 16 -3 -14 4 1 -11 -8 7 -8 6 -14 -17 5 -3 -11 -5 -6 -17 -5 -5 -4 -12 15
0 -3 10 3 -6 18 0 -1 5 -21 6 8 -27 2 -11 -35 8 9 16 -26 -4 -9 8 -6 1 -9 -16 24 -7 -59 -14 -18 12 -5 -2 0 -3 -8 -2 -1 -5 16 -3 -14 4 1 -11 -8 7 -8 6 -14 -17 5 -3 -11 -5 -6 -17 -5 -5 -4 -12 15
0 -3 10 3 -6 18 0 -1 5 -21 6 8 -27 2 -11 -35 8 9 16 -26 -4 -9 8 -6 1 -9 -16 24 -7 -59 -14 -18 12 -5 -2 0 -3 -8 -2 -1 -5 16 -3 -14 4 1 -11 -8 7 -8 6 -14 -17 5 -3 -11 -5 -6 -17 -5 -5 -4 -12 15
0 -3 10 3 -6 18 0 -1 5 -21 6 8 -27 2 -11 -35 8 9 16 -26 -4 -9 8 -6 1 -9 -16 24 -7 -59 -14 -18 12 -5 -2 0 -3 -8 -2 -1 -5 16 -3 -14 4 1 -11 -8 7 -8 6 -14 -17 5 -3 -11 -5 -6 -17 -5 -5 -4 -12 15
0 -3 10 3 -6 18 0 -1 5 -21 6 8 -27 2 -11 -35 8 9 16 -26 -4 -9 8 -6 1 -9 -16 24 -7 -59 -14 -18 12 -5 -2 0 -3 -8 -2 -1 -5 16 -3 -14 4 1 -11 -8 7 -8 6 -14 -17 5 -3 -11 -5 -6 -17 -5 -5 -4 -12 15
0 -3 10 3 -6 18 0 -1 5 -21 6 8 -27 2 -11 -35 8 9 16 -26 -4 -9 8 -6 1 -9 -16 24 -7 -59 -14 -18 12 -5 -2 0 -3 -8 -2 -1 -5 16 -3 -14 4 1 -11 -8 7 -8 6 -14 -17 5 -3 -11 -5 -6 -17 -5 -5 -4 -12 15
0 -3 10 3 -6 18 0 -1 5 -21 6 8 -27 2 -11 -35 8 9 16 -26 -4 -9 8 -6 1 -9 -16 24 -7 -59 -14 -18 12 -5 -2 0 -3 -8 -2 -1 -5 16 -3 -14 4 1 -11 -8 7 -8 6 -14 -17 5 -3 -11 -5 -6 -17 -5 -5 -4 -12 15
0 -3 10 3 -6 18 0 -1 5 -21 6 8 -27 2 -11 -35 8 9 16 -26 -4 -9 8 -6 1 -9 -16 24 -7 -59 -14 -18 12 -5 -2 0 -3 -8 -2 -1 -5 16 -3 -14 4 1 -11 -8 7 -8 6 -14 -17 5 -3 -11 -5 -6 -17 -5 -5 -4 -12 15
0 -3 10 3 -6 18 0 -1 5 -21 6 8 -27 2 -11 -35 8 9 16 -26 -4 -9 8 -6 1 -9 -16 24 -7 -59 -14 -18 12 -5 -2 0 -3 -8 -2 -1 -5 16 -3 -14 4 1 -11 -8 7 -8 6 -14 -17 5 -3 -11 -5 -6 -17 -5 -5 -4 -12 15
0 -3 10 3 -6 18 0 -1 5 -21 6 8 -27 2 -11 -35 8 9 16 -26 -4 -9 8 -6 1 -9 -16 24 -7 -59 -14 -18 12 -5 -2 0 -3 -8 -2 -1 -5 16 -3 -14 4 1 -11 -8 7 -8 6 -14 -17 5 -3 -11 -5 -6 -17 -5 -5 -4 -12 15
0 -3 10 3 -6 18 0 -1 5 -21 6 8 -27 2 -11 -35 8 9 16 -26 -4 -9 8 -6 1 -9 -16 24 -7 -59 -14 -18 12 -5 -2 0 -3 -8 -2 -1 -5 16 -3 -14 4 1 -11 -8 7 -8 6 -14 -17 5 -3 -11 -5 -6 -17 -5 -5 -4 -12 15
0 -3 10 3 -6 18 0 -1 5 -21 6 8 -27 2 -11 -35 8 9 16 -26 -4 -9 8 -6 1 -9 -16 24 -7 -59 -14 -18 12 -5 -2 0 -3 -8 -2 -1 -5 16 -3 -14 4 1 -11 -8 7 -8 6 -14 -17 5 -3 -11 -5 -6 -17 -5 -5 -4 -12 15
0 -3 10 3 -6 18 0 -1 5 -21 6 8 -27 2 -11 -35 8 9 16 -26 -4 -9 8 -6 1 -9 -16 24 -7 -59 -14 -18 12 -5 -2 0 -3 -8 -2 -1 -5 16 -3 -14 4 1 -11 -8 7 -8 6 -14 -17 5 -3 -11 -5 -6 -17 -5 -5 -4 -12 15
0 -3 10 3 -6 18 0 -1 5 -21 6 8 -27 2 -11 -35 8 9 16 -26 -4 -9 8 -6 1 -9 -16 24 -7 -59 -14 -18 12 -5 -2 0 -3 -8 -2 -1 -5 16 -3 -14 4 1 -11 -8 7 -8 6 -14 -17 5 -3 -11 -5 -6 -17 -5 -5 -4 -12 15
0 -3 10 3 -6 18 0 -1 5 -21 6 8 -27 2 -11 -35 8 9 16 -26 -4 -9 8 -6 1 -9 -16 24 -7 -59 -14 -18 12 -5 -2 0 -3 -8 -2 -1 -5 16 -3 -14 4 1 -11 -8 7 -8 6 -14 -17 5 -3 -11 -5 -6 -17 -5 -5 -4 -12 15
0 -3 10 3 -6 18 0 -1 5 -21 6 8 -27 2 -11 -35 8 9 16 -26 -4 -9 8 -6 1 -9 -16 24 -7 -59 -14 -18 12 -5 -2 0 -3 -8 -2 -1 -5 16 -3 -14 4 1 -11 -8 7 -8 6 -14 -17 5 -3 -11 -5 -6 -17 -5 -5 -4 -12 15
0 -3 10 3 -6 18 0 -1 5 -21 6 8 -27 2 -11 -35 8 9 16 -26 -4 -9 8 -6 1 -9 -16 24 -7 -59 -14 -18 12 -5 -2 0 -3 -8 -2 -1 -5 16 -3 -14 4 1 -11 -8 7 -8 6 -14 -17 5 -3 -11 -5 -6 -17 -5 -5 -4 -12 15
0 -3 10 3 -6 18 0 -1 5 -21 6 8 -27 2 -11 -35 8 9 16 -26 -4 -9 8 -6 1 -9 -16 24 -7 -59 -14 -18 12 -5 -2 0 -3 -8 -2 -1 -5 16 -3 -14 4 1 -11 -8 7 -8 6 -14 -17 5 -3 -11 -5 -6 -17 -5 -5 -4 -12 15
0 -3 10 3 -6 18 0 -1 5 -21 6 8 -27 2 -11 -35 8 9 16 -26 -4 -9 8 -6 1 -9 -16 24 -7 -59 -14 -18 12 -5 -2 0 -3 -8 -2 -1 -5 16 -3 -14 4 1 -11 -8 7 -8 6 -14 -17 5 -3 -11 -5 -6 -17 -5 -5 -4 -12 15
0 -3 10 3 -6 18 0 -1 5 -21 6 8 -27 2 -11 -35 8 9 16 -26 -4 -9 8 -6 1 -9 -16 24 -7 -59 -14 -18 12 -5 -2 0 -3 -8 -2 -1 -5 16 -3 -14 4 1 -11 -8 7 -8 6 -14 -17 5 -3 -11 -5 -6 -17 -5 -5 -4 -12 15
0 -3 10 3 -6 18 0 -1 5 -21 6 8 -27 2 -11 -35 8 9 16 -26 -4 -9 8 -6 1 -9 -16 24 -7 -59 -14 -18 12 -5 -2 0 -3 -8 -2 -1 -5 16 -3 -14 4 1 -11 -8 7 -8 6 -14 -17 5 -3 -11 -5 -6 -17 -5 -5 -4 -12 15
0 -3 10 3 -6 18 0 -1 5 -21 6 8 -27 2 -11 -35 8 9 16 -26 -4 -9 8 -6 1 -9 -16 24 -7 -59 -14 -18 12 -5 -2 0 -3 -8 -2 -1 -5 16 -3 -14 4 1 -11 -8 7 -8 6 -14 -17 5 -3 -11 -5 -6 -17 -5 -5 -4 -12 15
0 -3 10 3 -6 18 0 -1 5 -21 6 8 -27 2 -11 -35 8 9 16 -26 -4 -9 8 -6 1 -9 -16 24 -7 -59 -14 -18 12 -5 -2 0 -3 -8 -2 -1 -5 16 -3 -14 4 1 -11 -8 7 -8 6 -14 -17 5 -3 -11 -5 -6 -17 -5 -5 -4 -12 15
0 -3 10 3 -6 18 0 -1 5 -21 6 8 -27 2 -11 -35 8 9 16 -26 -4 -9 8 -6 1 -9 -16 24 -7 -59 -14 -18 12 -5 -2 0 -3 -8 -2 -1 -5 16 -3 -14 4 1 -11 -8 7 -8 6 -14 -17 5 -3 -11 -5 -6 -17 -5 -5 -4 -12 15
0 -3 10 3 -6 18 0 -1 5 -21 6 8 -27 2 -11 -35 8 9 16 -26 -4 -9 8 -6 1 -9 -16 24 -7 -59 -14 -18 12 -5 -2 0 -3 -8 -2 -1 -5 16 -3 -14 4 1 -11 -8 7 -8 6 -14 -17 5 -3 -11 -5 -6 -17 -5 -5 -4 -12 15
0 -3 10 3 -6 18 0 -1 5 -21 6 8 -27 2 -11 -35 8 9 16 -26 -4 -9 8 -6 1 -9 -16 24 -7 -59 -14 -18 12 -5 -2 0 -3 -8 -2 -1 -5 16 -3 -14 4 1 -11 -8 7 -8 6 -14 -17 5 -3 -11 -5 -6 -17 -5 -5 -4 -12 15
0 -3 10 3 -6 18 0 -1 5 -21 6 8 -27 2 -11 -35 8 9 16 -26 -4 -9 8 -6 1 -9 -16 24 -7 -59 -14 -18 12 -5 -2 0 -3 -8 -2 -1 -5 16 -3 -14 4 1 -11 -8 7 -8 6 -14 -17 5 -3 -11 -5 -6 -17 -5 -5 -4 -12 15
0 -3 10 3 -6 18 0 -1 5 -21 6 8 -27 2 -11 -35 8 9 16 -26 -4 -9 8 -6 1 -9 -16 24 -7 -59 -14 -18 12 -5 -2 0 -3 -8 -2 -1 -5 16 -3 -14 4 1 -11 -8 7 -8 6 -14 -17 5 -3 -11 -5 -6 -17 -5 -5 -4 -12 15
0 -3 10 3 -6 18 0 -1 5 -21 6 8 -27 2 -11 -35 8 9 16 -26 -4 -9 8 -6 1 -9 -16 24 -7 -59 -14 -18 12 -5 -2 0 -3 -8 -2 -1 -5 16 -3 -14 4 1 -11 -8 7 -8 6 -14 -17 5 -3 -11 -5 -6 -17 -5 -5 -4 -12 15
0 -3 10 3 -6 18 0 -1 5 -21 6 8 -27 2 -11 -35 8 9 16 -26 -4 -9 8 -6 1 -9 -16 24 -7 -59 -14 -18 12 -5 -2 0 -3 -8 -2 -1 -5 16 -3 -14 4 1 -11 -8 7 -8 6 -14 -17 5 -3 -11 -5 -6 -17 -5 -5 -4 -12 15
0 -3 10 3 -6 18 0 -1 5 -21 6 8 -27 2 -11 -35 8 9 16 -26 -4 -9 8 -6 1 -9 -16 24 -7 -59 -14 -18 12 -5 -2 0 -3 -8 -2 -1 -5 16 -3 -14 4 1 -11 -8 7 -8 6 -14 -17 5 -3 -11 -5 -6 -17 -5 -5 -4 -12 15
0 -3 10 3 -6 18 0 -1 5 -21 6 8 -27 2 -11 -35 8 9 16 -26 -4 -9 8 -6 1 -9 -16 24 -7 -59 -14 -18 12 -5 -2 0 -3 -8 -2 -1 -5 16 -3 -14 4 1 -11 -8 7 -8 6 -14 -17 5 -3 -11 -5 -6 -17 -5 -5 -4 -12 15
0 -3 10 3 -6 18 0 -1 5 -21 6 8 -27 2 -11 -35 8 9 16 -26 -4 -9 8 -6 1 -9 -16 24 -7 -59 -14 -18 12 -5 -2 0 -3 -8 -2 -1 -5 16 -3 -14 4 1 -11 -8 7 -8 6 -14 -17 5 -3 -11 -5 -6 -17 -5 -5 -4 -12 15
0 -3 10 3 -6 18 0 -1 5 -21 6 8 -27 2 -11 -35 8 9 16 -26 -4 -9 8 -6 1 -9 -16 24 -7 -59 -14 -18 12 -5 -2 0 -3 -8 -2 -1 -5 16 -3 -14 4 1 -11 -8 7 -8 6 -14 -17 5 -3 -11 -5 -6 -17 -5 -5 -4 -12 15
0 -3 10 3 -6 18 0 -1 5 -21 6 8 -27 2 -11 -35 8 9 16 -26 -4 -9 8 -6 1 -9 -16 24 -7 -59 -14 -18 12 -5 -2 0 -3 -8 -2 -1 -5 16 -3 -14 4 1 -11 -8 7 -8 6 -14 -17 5 -3 -11 -5 -6 -17 -5 -5 -4 -12 15
0 -3 10 3 -6 18 0 -1 5 -21 6 8 -27 2 -11 -35 8 9 16 -26 -4 -9 8 -6 1 -9 -16 24 -7 -59 -14 -18 12 -5 -2 0 -3 -8 -2 -1 -5 16 -3 -14 4 1 -11 -8 7 -8 6 -14 -17 5 -3 -11 -5 -6 -17 -5 -5 -4 -12 15
0 -3 10 3 -6 18 0 -1 5 -21 6 8 -27 2 -11 -35 8 9 16 -26 -4 -9 8 -6 1 -9 -16 24 -7 -59 -14 -18 12 -5 -2 0 -3 -8 -2 -1 -5 16 -3 -14 4 1 -11 -8 7 -8 6 -14 -17 5 -3 -11 -5 -6 -17 -5 -5 -4 -12 15
