-2 10 1 4 4 0 -6 6 -3 -10 1 4 -1 -10 0 44 -9 6 4 8 -7 -16 0 -3 -11 5 0 -4 3 -7 7 3 -3 2 8 7 -1 0 13 3 6 -2 1 7 -4 -11 -3 10 -7 0 9 -4 1 1 -5 18 -2 -4 -11 5 1 2 2 8
22 -1 23 14 32 -19 20 8 -1 9 0 -6 43 -1 0 52 5 22 22 3 5 -27 3 6 -14 9 -9 -18 7 -56 -10 43 6 -33 14 14 9 -10 20 -4 -1 25 14 4 -15 0 -11 34 -10 18 -8 -6 20 22 0 38 -8 7 8 -12 -11 -20 -7 30
15 18 -14 -17 2 -22 21 -9 10 0 13 5 28 8 -13 48 -9 10 12 -9 -5 -18 -13 -14 -28 15 1 -8 -2 -48 -6 19 1 -35 3 1 -4 8 28 -16 5 13 17 -1 -13 -3 8 30 -4 12 -11 -9 10 29 -5 11 5 -5 10 -12 12 -4 -16 -1
20 21 -15 -27 -5 -24 19 -13 19 -8 2 -5 20 -24 -3 54 -15 3 15 -14 -27 -3 -17 -20 -13 6 4 -5 7 -29 -35 1 5 -17 -6 20 -2 3 2 -13 18 -2 -6 4 7 6 14 25 8 10 -3 -26 24 17 -1 12 -4 13 20 -13 31 9 -9 -17
-3 6 -9 -14 1 -6 3 -8 16 -10 -10 -5 10 -15 20 43 0 0 4 -3 -24 -16 6 -8 -10 7 -15 16 5 -10 -13 19 -6 -4 -4 3 -5 5 0 -18 13 11 5 12 4 12 -10 18 -9 6 8 -20 20 -2 15 36 -5 13 -14 -30 20 2 -6 -2
2 -6 -15 -23 -6 0 8 -5 6 -8 0 2 13 -16 1 46 -5 4 6 0 -33 -11 -4 -11 -3 16 -13 13 2 -16 -19 13 -9 -9 -19 -3 0 18 -12 -1 21 9 5 13 12 3 -6 19 -5 17 -6 -11 22 -6 22 39 1 9 6 -24 3 0 -4 -6
-7 -3 -22 -19 7 10 8 -15 14 -7 7 11 10 -8 2 46 0 -1 -4 -7 -20 -15 -3 -4 1 9 0 7 -8 -11 -18 11 10 6 -2 11 6 -2 -6 -1 14 10 -2 10 9 5 1 19 -8 16 -3 -33 29 9 8 19 3 13 -12 -1 23 7 -1 -9
15 4 -11 -15 -6 -24 16 -32 -4 -6 -7 4 18 -18 -6 41 -6 3 0 -6 -20 -6 -16 -24 -2 19 9 15 -9 -26 -28 20 10 -20 -14 16 -12 6 -17 -1 11 17 5 24 -1 12 5 17 -14 7 -8 -23 21 1 10 38 8 25 8 -20 15 1 11 -5
6 17 -13 -15 4 -17 16 -24 17 -27 7 -14 9 -9 -1 58 -16 4 7 -2 -25 -25 -12 -7 -10 9 9 -6 12 -27 -23 -2 6 -13 -3 12 0 0 13 -16 -5 2 -10 5 3 -3 10 18 8 -4 10 -28 7 23 0 12 1 6 23 1 25 16 -11 -14
-2 37 -22 -12 4 -26 8 -7 18 10 -8 -4 6 3 30 76 -14 15 17 1 -13 -34 23 2 -36 12 6 -12 -7 -14 -15 8 6 -27 24 8 2 12 28 -17 18 10 8 17 1 10 14 8 -5 1 -1 -17 29 28 -25 33 -9 1 -19 -28 8 -11 -15 11
9 24 -19 -23 9 -16 10 -12 23 -17 7 -16 4 -9 7 63 -26 -1 12 -4 -29 -39 -13 -7 -8 6 10 9 13 -15 -29 -11 4 -12 -4 5 0 -1 11 -7 3 4 -12 2 6 -5 10 3 1 -4 14 -31 10 16 -4 16 -5 10 15 1 16 17 0 -12
5 30 -15 -27 14 -11 11 -5 14 -11 11 -10 0 -13 5 76 -11 5 12 -8 -28 -48 -10 2 -23 19 -1 0 6 -23 -12 -4 -2 -9 3 4 16 22 11 -15 19 7 -5 -9 15 -6 3 12 -1 2 4 -22 0 17 5 17 -2 0 -5 -2 20 9 8 -10
11 17 7 -13 5 -11 37 26 10 -7 15 10 8 -17 14 50 -23 -1 17 -15 -14 -34 -2 -3 -37 25 -4 -6 21 -37 -13 14 5 -18 -17 0 0 14 9 -21 17 12 -13 -24 -8 -10 -19 43 -6 1 11 -8 27 25 5 59 -12 5 3 3 23 1 -7 -5
0 7 20 0 -6 -26 26 21 4 -12 15 7 17 -10 7 40 -16 6 25 -20 -16 -19 14 -19 -19 29 -14 5 14 -25 -8 32 -13 -11 -16 17 -11 8 0 -2 -5 30 8 8 -16 -4 -15 32 -20 21 16 -14 22 10 14 73 -5 1 -3 -13 13 -6 -10 16
-2 13 -10 -8 2 -11 19 23 9 2 -2 6 2 -12 18 62 -23 3 19 -22 -16 -41 21 -1 -34 24 -7 -6 4 -30 -4 3 7 -16 -13 -2 5 18 21 -23 29 21 -21 -22 0 2 -3 31 3 2 19 0 22 25 -11 52 -20 -3 -7 0 10 -6 -6 0
2 26 -8 -32 21 -1 29 16 3 0 -6 -10 -6 -21 7 47 -33 -9 15 -19 -22 -30 -9 -8 -38 30 -8 -22 17 -25 -3 6 2 -16 -9 15 15 18 12 -17 19 10 -6 -25 5 4 -2 29 -5 5 15 -9 14 19 0 47 1 -9 -1 14 23 11 -5 -6
-1 34 -25 -29 4 -37 14 24 11 -3 5 -24 10 -12 -11 60 -16 5 8 -1 -14 -46 -1 6 -12 6 -5 -12 4 -10 -7 -11 -4 -6 -23 15 7 19 4 -9 14 9 19 -4 8 -5 6 21 9 -18 10 -16 28 9 1 35 -20 9 5 16 23 5 19 -8
0 40 -22 -21 3 -18 18 2 16 -3 -11 -5 15 -24 -10 55 -26 -8 10 0 -27 -54 -10 2 -11 12 -9 -13 -12 -9 -1 -18 -5 -12 -27 9 2 19 0 -6 0 14 -9 -11 5 -2 10 19 12 -10 13 -21 16 20 15 27 -12 1 5 21 30 9 2 -21
12 31 -9 -27 -2 -44 11 25 10 6 -11 -13 18 -9 -12 57 -14 7 17 2 -19 -39 -11 8 -17 3 0 -4 -4 -14 -9 -19 -10 -2 -21 0 -1 11 2 3 -3 11 -9 -6 16 -12 9 11 10 -12 10 -20 9 16 -8 44 -10 -1 6 13 3 -2 13 -5
-13 16 -13 -22 -5 -9 3 18 -2 -20 -13 -9 9 -17 3 57 -22 -4 8 -23 -24 -27 -13 1 -21 27 -15 3 -1 -28 -11 -7 1 -10 -25 3 1 14 -14 0 19 28 8 -6 -17 -6 -17 15 -18 4 1 -2 23 13 -4 49 -6 16 11 10 -2 18 12 -8
-7 23 -10 -13 -3 -7 10 2 9 -14 -9 -8 11 -20 -1 55 -27 -11 10 -20 -12 -36 -4 -4 -11 17 -16 1 -7 -17 -13 1 -7 -6 -18 15 8 7 9 -2 18 28 8 -26 -9 6 -2 1 -11 -5 10 -5 18 14 -8 39 3 4 -1 8 8 1 2 -24
-7 23 -11 1 5 -18 6 15 10 -16 1 -7 11 -6 7 65 -5 11 18 -7 -19 -14 13 -11 -28 11 10 6 -15 -25 -17 -7 -3 -10 4 5 -3 14 22 -13 11 12 -8 -7 -1 -1 5 20 -2 7 19 -1 17 22 -2 4 -15 -8 -21 6 -8 -8 -9 1
-4 -3 -2 4 -9 1 -11 -4 -9 -11 5 -10 -2 4 -4 46 3 3 2 -1 -6 -13 5 -4 -7 -3 -2 -3 -6 0 0 0 0 2 20 7 -2 22 9 -1 -3 -6 0 7 -6 -4 -4 -4 -5 -5 -8 2 -2 1 -1 18 -6 1 -6 5 0 -12 -3 7
48 21 -1 11 7 -30 -1 25 -10 5 -10 -3 -4 1 3 55 8 19 -14 21 -14 -12 14 -26 -25 18 20 -2 1 -21 -2 19 1 -18 23 5 -1 7 -4 -19 9 -1 2 -5 2 2 -5 12 -15 0 8 -8 0 5 -12 0 7 -6 -13 9 6 -2 -30 -14
34 22 0 15 5 -27 14 15 -5 3 -8 -12 -7 7 2 55 7 34 -9 16 -13 -18 18 -17 -50 17 15 4 10 -35 11 24 -3 -10 20 1 4 13 2 -32 7 -3 -3 -5 4 -2 -8 -4 -6 1 18 -16 -5 3 -8 11 10 -6 -25 16 0 9 -11 -12
44 36 -25 1 -7 -28 5 10 -13 -1 -13 -1 -12 -12 6 54 -3 9 -1 18 -26 11 8 -19 -26 13 22 -1 3 -22 -16 17 11 -14 11 -1 -12 6 -31 -12 40 -9 -2 -3 13 3 0 5 -22 -1 28 -16 -9 -16 -12 -11 20 -13 4 -7 28 -2 -19 -17
14 15 -20 -5 -11 -26 -13 7 -5 7 -12 -14 -7 -18 7 54 15 18 -5 9 -34 -12 14 -12 -14 16 -3 20 -2 -6 -15 15 -2 -2 7 -1 -11 11 -21 -19 23 7 12 11 5 8 -18 1 -21 -6 25 -14 -6 -24 -4 36 8 4 -13 -31 17 -9 -12 -6
26 12 -19 -10 -8 3 -6 4 -4 3 -6 -7 0 -10 -11 41 1 17 -13 21 -27 -16 16 -20 -9 23 -7 18 -9 -13 -6 20 -17 -11 -6 2 -5 13 -24 0 25 9 12 9 11 1 -16 7 -22 10 9 -3 0 -19 5 24 20 4 0 -33 5 -4 -4 -9
27 22 -14 -6 -7 -9 -8 2 -16 12 -12 11 7 -18 -6 44 4 10 -18 13 -18 -23 13 -17 -19 15 14 21 -6 -13 -7 13 3 -5 16 2 1 7 -30 -6 30 13 6 -6 17 10 -5 4 -25 8 19 -29 -5 -14 -4 9 16 7 -9 5 27 14 -5 -11
34 29 -13 3 -14 -29 5 -8 -17 3 -15 -8 2 -15 -7 44 -8 10 -19 10 -20 0 -5 -24 -10 25 16 16 -11 -18 -9 28 0 -14 -1 4 -11 14 -36 0 20 6 5 6 4 11 0 -4 -33 -6 16 -15 -17 -21 8 16 22 9 -4 -13 15 2 13 -11
30 25 -17 -9 -6 -26 -2 -8 -3 -7 -12 -15 -1 -15 -1 59 -2 16 -6 16 -26 -19 9 -15 -13 15 30 5 9 -25 -12 -1 3 -11 8 -7 -7 0 -14 -10 13 -8 6 -6 17 -6 4 -5 -19 -12 31 -17 -13 -1 -10 -4 19 -5 8 5 23 20 -18 -16
31 35 -10 -1 9 -16 -6 3 0 2 -11 -17 -17 -2 -4 49 -13 12 -11 17 -32 -30 2 -17 -7 16 21 14 4 -2 -15 -1 -8 -11 14 -12 -1 -3 -19 0 4 -7 4 -10 16 -11 10 -14 -24 -9 35 -13 -10 -7 -4 1 13 2 4 4 13 17 -4 -16
12 39 -20 -8 12 -16 1 0 -1 0 -10 -4 -8 -15 -4 67 4 13 0 1 -28 -33 4 -3 -26 38 15 0 5 -8 -2 3 -3 -18 7 -14 23 12 -19 -13 22 -2 -15 -31 11 -8 -4 -13 -24 -8 23 -14 -34 7 -11 1 15 -13 -5 -2 9 12 2 -15
26 38 -9 9 17 -10 3 30 -28 -4 -9 -10 -21 -7 2 46 -18 13 -5 16 -17 3 18 -25 -39 23 17 -13 26 -22 21 34 1 -26 6 -3 9 17 -23 -2 17 12 3 -24 -8 0 -10 11 -40 -21 35 -10 -17 3 -3 29 7 -16 -14 -1 20 9 -31 -11
29 45 -40 -3 7 -40 0 26 -15 12 -11 -19 -11 -12 -21 61 0 11 -11 18 -9 -31 15 1 -27 22 17 0 4 -14 0 8 -6 -8 2 -7 12 25 -22 -4 17 4 18 -21 4 -10 2 -6 -18 -23 30 -10 -14 -13 -16 28 -10 -3 -5 18 19 -3 12 -11
31 43 -18 10 4 -22 -1 9 -9 11 -17 1 0 -17 -15 41 -11 11 -16 17 -20 -18 6 -19 -19 21 17 -2 7 -15 8 12 2 -15 -15 -17 0 16 -45 -6 23 13 -4 -26 3 2 9 5 -25 -16 28 -14 -16 -1 -1 -1 7 -12 -4 13 35 4 2 -22
24 40 -24 2 1 -37 -1 27 -7 12 -13 -4 -13 -1 -25 60 -3 18 -3 16 -19 -23 12 -1 -18 23 14 1 -8 -15 -1 5 -14 -9 -13 -20 13 20 -26 5 10 7 15 -15 1 -8 7 -7 -21 -16 24 -15 -7 -1 -24 34 0 -2 -9 12 8 -4 17 -12
5 32 -17 -3 2 -19 -7 31 -16 -13 -28 -8 -5 -15 -4 58 -2 5 -5 -1 -23 -13 5 -8 -38 35 -2 13 5 -34 4 4 7 -7 -6 -3 -2 18 -38 1 27 13 19 -20 -6 -11 -13 0 -37 -16 20 -2 -5 -3 -11 42 4 15 0 18 2 22 4 -12
22 35 -15 8 1 -18 1 10 -10 5 -17 -7 -7 -16 -8 55 -19 11 -11 2 -16 -19 14 -7 -25 28 11 9 -6 -21 2 12 -2 -10 3 -6 12 17 -12 -4 30 12 10 -29 8 7 3 -15 -40 -7 30 -17 -12 -1 -14 23 12 -12 -9 9 2 0 9 -28
17 36 -42 14 10 -25 -5 10 7 -3 -7 -11 -8 8 8 68 5 23 -6 -2 -24 2 22 -12 -31 26 12 -2 -2 -28 -2 9 10 -21 21 -9 5 19 -2 -19 17 14 12 -16 -4 -8 16 -3 -31 -5 27 4 -12 4 -10 12 -12 -22 -26 11 -5 -3 -13 2
-2 -1 -2 5 -8 1 -11 -4 -9 -9 5 -9 -1 4 -4 44 3 3 2 0 -7 -12 5 -3 -6 -4 -2 -3 -5 0 0 -1 -1 1 23 9 -1 23 9 -1 -4 -8 2 7 -6 -3 -4 -3 -6 -5 -6 2 -2 1 0 18 -5 0 -7 5 0 -12 -4 6
7 -3 12 15 -5 -15 25 -7 6 -8 -15 -2 30 -6 -14 34 -8 10 25 -6 -5 -20 -6 -14 -20 8 -6 -2 -13 -16 -15 11 -12 -4 6 2 -3 11 13 -1 -4 0 13 19 -8 -2 -7 -3 1 3 -10 -12 30 -29 -6 21 -4 0 -4 6 -16 -7 -13 -1
7 -3 12 15 -5 -15 25 -7 6 -8 -15 -2 30 -6 -14 34 -8 10 25 -6 -5 -20 -6 -14 -20 8 -6 -2 -13 -16 -15 11 -12 -4 6 2 -3 11 13 -1 -4 0 13 19 -8 -2 -7 -3 1 3 -10 -12 30 -29 -6 21 -4 0 -4 6 -16 -7 -13 -1
7 -3 12 15 -5 -15 25 -7 6 -8 -15 -2 30 -6 -14 34 -8 10 25 -6 -5 -20 -6 -14 -20 8 -6 -2 -13 -16 -15 11 -12 -4 6 2 -3 11 13 -1 -4 0 13 19 -8 -2 -7 -3 1 3 -10 -12 30 -29 -6 21 -4 0 -4 6 -16 -7 -13 -1
7 -3 12 15 -5 -15 25 -7 6 -8 -15 -2 30 -6 -14 34 -8 10 25 -6 -5 -20 -6 -14 -20 8 -6 -2 -13 -16 -15 11 -12 -4 6 2 -3 11 13 -1 -4 0 13 19 -8 -2 -7 -3 1 3 -10 -12 30 -29 -6 21 -4 0 -4 6 -16 -7 -13 -1
7 -3 12 15 -5 -15 25 -7 6 -8 -15 -2 30 -6 -14 34 -8 10 25 -6 -5 -20 -6 -14 -20 8 -6 -2 -13 -16 -15 11 -12 -4 6 2 -3 11 13 -1 -4 0 13 19 -8 -2 -7 -3 1 3 -10 -12 30 -29 -6 21 -4 0 -4 6 -16 -7 -13 -1
7 -3 12 15 -5 -15 25 -7 6 -8 -15 -2 30 -6 -14 34 -8 10 25 -6 -5 -20 -6 -14 -20 8 -6 -2 -13 -16 -15 11 -12 -4 6 2 -3 11 13 -1 -4 0 13 19 -8 -2 -7 -3 1 3 -10 -12 30 -29 -6 21 -4 0 -4 6 -16 -7 -13 -1
7 -3 12 15 -5 -15 25 -7 6 -8 -15 -2 30 -6 -14 34 -8 10 25 -6 -5 -20 -6 -14 -20 8 -6 -2 -13 -16 -15 11 -12 -4 6 2 -3 11 13 -1 -4 0 13 19 -8 -2 -7 -3 1 3 -10 -12 30 -29 -6 21 -4 0 -4 6 -16 -7 -13 -1
7 -3 12 15 -5 -15 25 -7 6 -8 -15 -2 30 -6 -14 34 -8 10 25 -6 -5 -20 -6 -14 -20 8 -6 -2 -13 -16 -15 11 -12 -4 6 2 -3 11 13 -1 -4 0 13 19 -8 -2 -7 -3 1 3 -10 -12 30 -29 -6 21 -4 0 -4 6 -16 -7 -13 -1
7 -3 12 15 -5 -15 25 -7 6 -8 -15 -2 30 -6 -14 34 -8 10 25 -6 -5 -20 -6 -14 -20 8 -6 -2 -13 -16 -15 11 -12 -4 6 2 -3 11 13 -1 -4 0 13 19 -8 -2 -7 -3 1 3 -10 -12 30 -29 -6 21 -4 0 -4 6 -16 -7 -13 -1
7 -3 12 15 -5 -15 25 -7 6 -8 -15 -2 30 -6 -14 34 -8 10 25 -6 -5 -20 -6 -14 -20 8 -6 -2 -13 -16 -15 11 -12 -4 6 2 -3 11 13 -1 -4 0 13 19 -8 -2 -7 -3 1 3 -10 -12 30 -29 -6 21 -4 0 -4 6 -16 -7 -13 -1
7 -3 12 15 -5 -15 25 -7 6 -8 -15 -2 30 -6 -14 34 -8 10 25 -6 -5 -20 -6 -14 -20 8 -6 -2 -13 -16 -15 11 -12 -4 6 2 -3 11 13 -1 -4 0 13 19 -8 -2 -7 -3 1 3 -10 -12 30 -29 -6 21 -4 0 -4 6 -16 -7 -13 -1
7 -3 12 15 -5 -15 25 -7 6 -8 -15 -2 30 -6 -14 34 -8 10 25 -6 -5 -20 -6 -14 -20 8 -6 -2 -13 -16 -15 11 -12 -4 6 2 -3 11 13 -1 -4 0 13 19 -8 -2 -7 -3 1 3 -10 -12 30 -29 -6 21 -4 0 -4 6 -16 -7 -13 -1
7 -3 12 15 -5 -15 25 -7 6 -8 -15 -2 30 -6 -14 34 -8 10 25 -6 -5 -20 -6 -14 -20 8 -6 -2 -13 -16 -15 11 -12 -4 6 2 -3 11 13 -1 -4 0 13 19 -8 -2 -7 -3 1 3 -10 -12 30 -29 -6 21 -4 0 -4 6 -16 -7 -13 -1
7 -3 12 15 -5 -15 25 -7 6 -8 -15 -2 30 -6 -14 34 -8 10 25 -6 -5 -20 -6 -14 -20 8 -6 -2 -13 -16 -15 11 -12 -4 6 2 -3 11 13 -1 -4 0 13 19 -8 -2 -7 -3 1 3 -10 -12 30 -29 -6 21 -4 0 -4 6 -16 -7 -13 -1
7 -3 12 15 -5 -15 25 -7 6 -8 -15 -2 30 -6 -14 34 -8 10 25 -6 -5 -20 -6 -14 -20 8 -6 -2 -13 -16 -15 11 -12 -4 6 2 -3 11 13 -1 -4 0 13 19 -8 -2 -7 -3 1 3 -10 -12 30 -29 -6 21 -4 0 -4 6 -16 -7 -13 -1
7 -3 12 15 -5 -15 25 -7 6 -8 -15 -2 30 -6 -14 34 -8 10 25 -6 -5 -20 -6 -14 -20 8 -6 -2 -13 -16 -15 11 -12 -4 6 2 -3 11 13 -1 -4 0 13 19 -8 -2 -7 -3 1 3 -10 -12 30 -29 -6 21 -4 0 -4 6 -16 -7 -13 -1
7 -3 12 15 -5 -15 25 -7 6 -8 -15 -2 30 -6 -14 34 -8 10 25 -6 -5 -20 -6 -14 -20 8 -6 -2 -13 -16 -15 11 -12 -4 6 2 -3 11 13 -1 -4 0 13 19 -8 -2 -7 -3 1 3 -10 -12 30 -29 -6 21 -4 0 -4 6 -16 -7 -13 -1
7 -3 12 15 -5 -15 25 -7 6 -8 -15 -2 30 -6 -14 34 -8 10 25 -6 -5 -20 -6 -14 -20 8 -6 -2 -13 -16 -15 11 -12 -4 6 2 -3 11 13 -1 -4 0 13 19 -8 -2 -7 -3 1 3 -10 -12 30 -29 -6 21 -4 0 -4 6 -16 -7 -13 -1
7 -3 12 15 -5 -15 25 -7 6 -8 -15 -2 30 -6 -14 34 -8 10 25 -6 -5 -20 -6 -14 -20 8 -6 -2 -13 -16 -15 11 -12 -4 6 2 -3 11 13 -1 -4 0 13 19 -8 -2 -7 -3 1 3 -10 -12 30 -29 -6 21 -4 0 -4 6 -16 -7 -13 -1
7 -3 12 15 -5 -15 25 -7 6 -8 -15 -2 30 -6 -14 34 -8 10 25 -6 -5 -20 -6 -14 -20 8 -6 -2 -13 -16 -15 11 -12 -4 6 2 -3 11 13 -1 -4 0 13 19 -8 -2 -7 -3 1 3 -10 -12 30 -29 -6 21 -4 0 -4 6 -16 -7 -13 -1
7 -3 12 15 -5 -15 25 -7 6 -8 -15 -2 30 -6 -14 34 -8 10 25 -6 -5 -20 -6 -14 -20 8 -6 -2 -13 -16 -15 11 -12 -4 6 2 -3 11 13 -1 -4 0 13 19 -8 -2 -7 -3 1 3 -10 -12 30 -29 -6 21 -4 0 -4 6 -16 -7 -13 -1
7 -3 12 15 -5 -15 25 -7 6 -8 -15 -2 30 -6 -14 34 -8 10 25 -6 -5 -20 -6 -14 -20 8 -6 -2 -13 -16 -15 11 -12 -4 6 2 -3 11 13 -1 -4 0 13 19 -8 -2 -7 -3 1 3 -10 -12 30 -29 -6 21 -4 0 -4 6 -16 -7 -13 -1
7 -3 12 15 -5 -15 25 -7 6 -8 -15 -2 30 -6 -14 34 -8 10 25 -6 -5 -20 -6 -14 -20 8 -6 -2 -13 -16 -15 11 -12 -4 6 2 -3 11 13 -1 -4 0 13 19 -8 -2 -7 -3 1 3 -10 -12 30 -29 -6 21 -4 0 -4 6 -16 -7 -13 -1
7 -3 12 15 -5 -15 25 -7 6 -8 -15 -2 30 -6 -14 34 -8 10 25 -6 -5 -20 -6 -14 -20 8 -6 -2 -13 -16 -15 11 -12 -4 6 2 -3 11 13 -1 -4 0 13 19 -8 -2 -7 -3 1 3 -10 -12 30 -29 -6 21 -4 0 -4 6 -16 -7 -13 -1
7 -3 12 15 -5 -15 25 -7 6 -8 -15 -2 30 -6 -14 34 -8 10 25 -6 -5 -20 -6 -14 -20 8 -6 -2 -13 -16 -15 11 -12 -4 6 2 -3 11 13 -1 -4 0 13 19 -8 -2 -7 -3 1 3 -10 -12 30 -29 -6 21 -4 0 -4 6 -16 -7 -13 -1
7 -3 12 15 -5 -15 25 -7 6 -8 -15 -2 30 -6 -14 34 -8 10 25 -6 -5 -20 -6 -14 -20 8 -6 -2 -13 -16 -15 11 -12 -4 6 2 -3 11 13 -1 -4 0 13 19 -8 -2 -7 -3 1 3 -10 -12 30 -29 -6 21 -4 0 -4 6 -16 -7 -13 -1
7 -3 12 15 -5 -15 25 -7 6 -8 -15 -2 30 -6 -14 34 -8 10 25 -6 -5 -20 -6 -14 -20 8 -6 -2 -13 -16 -15 11 -12 -4 6 2 -3 11 13 -1 -4 0 13 19 -8 -2 -7 -3 1 3 -10 -12 30 -29 -6 21 -4 0 -4 6 -16 -7 -13 -1
7 -3 12 15 -5 -15 25 -7 6 -8 -15 -2 30 -6 -14 34 -8 10 25 -6 -5 -20 -6 -14 -20 8 -6 -2 -13 -16 -15 11 -12 -4 6 2 -3 11 13 -1 -4 0 13 19 -8 -2 -7 -3 1 3 -10 -12 30 -29 -6 21 -4 0 -4 6 -16 -7 -13 -1
7 -3 12 15 -5 -15 25 -7 6 -8 -15 -2 30 -6 -14 34 -8 10 25 -6 -5 -20 -6 -14 -20 8 -6 -2 -13 -16 -15 11 -12 -4 6 2 -3 11 13 -1 -4 0 13 19 -8 -2 -7 -3 1 3 -10 -12 30 -29 -6 21 -4 0 -4 6 -16 -7 -13 -1
7 -3 12 15 -5 -15 25 -7 6 -8 -15 -2 30 -6 -14 34 -8 10 25 -6 -5 -20 -6 -14 -20 8 -6 -2 -13 -16 -15 11 -12 -4 6 2 -3 11 13 -1 -4 0 13 19 -8 -2 -7 -3 1 3 -10 -12 30 -29 -6 21 -4 0 -4 6 -16 -7 -13 -1
7 -3 12 15 -5 -15 25 -7 6 -8 -15 -2 30 -6 -14 34 -8 10 25 -6 -5 -20 -6 -14 -20 8 -6 -2 -13 -16 -15 11 -12 -4 6 2 -3 11 13 -1 -4 0 13 19 -8 -2 -7 -3 1 3 -10 -12 30 -29 -6 21 -4 0 -4 6 -16 -7 -13 -1
7 -3 12 15 -5 -15 25 -7 6 -8 -15 -2 30 -6 -14 34 -8 10 25 -6 -5 -20 -6 -14 -20 8 -6 -2 -13 -16 -15 11 -12 -4 6 2 -3 11 13 -1 -4 0 13 19 -8 -2 -7 -3 1 3 -10 -12 30 -29 -6 21 -4 0 -4 6 -16 -7 -13 -1
7 -3 12 15 -5 -15 25 -7 6 -8 -15 -2 30 -6 -14 34 -8 10 25 -6 -5 -20 -6 -14 -20 8 -6 -2 -13 -16 -15 11 -12 -4 6 2 -3 11 13 -1 -4 0 13 19 -8 -2 -7 -3 1 3 -10 -12 30 -29 -6 21 -4 0 -4 6 -16 -7 -13 -1
7 -3 12 15 -5 -15 25 -7 6 -8 -15 -2 30 -6 -14 34 -8 10 25 -6 -5 -20 -6 -14 -20 8 -6 -2 -13 -16 -15 11 -12 -4 6 2 -3 11 13 -1 -4 0 13 19 -8 -2 -7 -3 1 3 -10 -12 30 -29 -6 21 -4 0 -4 6 -16 -7 -13 -1
7 -3 12 15 -5 -15 25 -7 6 -8 -15 -2 30 -6 -14 34 -8 10 25 -6 -5 -20 -6 -14 -20 8 -6 -2 -13 -16 -15 11 -12 -4 6 2 -3 11 13 -1 -4 0 13 19 -8 -2 -7 -3 1 3 -10 -12 30 -29 -6 21 -4 0 -4 6 -16 -7 -13 -1
7 -3 12 15 -5 -15 25 -7 6 -8 -15 -2 30 -6 -14 34 -8 10 25 -6 -5 -20 -6 -14 -20 8 -6 -2 -13 -16 -15 11 -12 -4 6 2 -3 11 13 -1 -4 0 13 19 -8 -2 -7 -3 1 3 -10 -12 30 -29 -6 21 -4 0 -4 6 -16 -7 -13 -1
7 -3 12 15 -5 -15 25 -7 6 -8 -15 -2 30 -6 -14 34 -8 10 25 -6 -5 -20 -6 -14 -20 8 -6 -2 -13 -16 -15 11 -12 -4 6 2 -3 11 13 -1 -4 0 13 19 -8 -2 -7 -3 1 3 -10 -12 30 -29 -6 21 -4 0 -4 6 -16 -7 -13 -1
7 -3 12 15 -5 -15 25 -7 6 -8 -15 -2 30 -6 -14 34 -8 10 25 -6 -5 -20 -6 -14 -20 8 -6 -2 -13 -16 -15 11 -12 -4 6 2 -3 11 13 -1 -4 0 13 19 -8 -2 -7 -3 1 3 -10 -12 30 -29 -6 21 -4 0 -4 6 -16 -7 -13 -1
7 -3 12 15 -5 -15 25 -7 6 -8 -15 -2 30 -6 -14 34 -8 10 25 -6 -5 -20 -6 -14 -20 8 -6 -2 -13 -16 -15 11 -12 -4 6 2 -3 11 13 -1 -4 0 13 19 -8 -2 -7 -3 1 3 -10 -12 30 -29 -6 21 -4 0 -4 6 -16 -7 -13 -1
7 -3 12 15 -5 -15 25 -7 6 -8 -15 -2 30 -6 -14 34 -8 10 25 -6 -5 -20 -6 -14 -20 8 -6 -2 -13 -16 -15 11 -12 -4 6 2 -3 11 13 -1 -4 0 13 19 -8 -2 -7 -3 1 3 -10 -12 30 -29 -6 21 -4 0 -4 6 -16 -7 -13 -1
7 -3 12 15 -5 -15 25 -7 6 -8 -15 -2 30 -6 -14 34 -8 10 25 -6 -5 -20 -6 -14 -20 8 -6 -2 -13 -16 -15 11 -12 -4 6 2 -3 11 13 -1 -4 0 13 19 -8 -2 -7 -3 1 3 -10 -12 30 -29 -6 21 -4 0 -4 6 -16 -7 -13 -1
7 -3 12 15 -5 -15 25 -7 6 -8 -15 -2 30 -6 -14 34 -8 10 25 -6 -5 -20 -6 -14 -20 8 -6 -2 -13 -16 -15 11 -12 -4 6 2 -3 11 13 -1 -4 0 13 19 -8 -2 -7 -3 1 3 -10 -12 30 -29 -6 21 -4 0 -4 6 -16 -7 -13 -1
7 -3 12 15 -5 -15 25 -7 6 -8 -15 -2 30 -6 -14 34 -8 10 25 -6 -5 -20 -6 -14 -20 8 -6 -2 -13 -16 -15 11 -12 -4 6 2 -3 11 13 -1 -4 0 13 19 -8 -2 -7 -3 1 3 -10 -12 30 -29 -6 21 -4 0 -4 6 -16 -7 -13 -1
7 -3 12 15 -5 -15 25 -7 6 -8 -15 -2 30 -6 -14 34 -8 10 25 -6 -5 -20 -6 -14 -20 8 -6 -2 -13 -16 -15 11 -12 -4 6 2 -3 11 13 -1 -4 0 13 19 -8 -2 -7 -3 1 3 -10 -12 30 -29 -6 21 -4 0 -4 6 -16 -7 -13 -1
7 -3 12 15 -5 -15 25 -7 6 -8 -15 -2 30 -6 -14 34 -8 10 25 -6 -5 -20 -6 -14 -20 8 -6 -2 -13 -16 -15 11 -12 -4 6 2 -3 11 13 -1 -4 0 13 19 -8 -2 -7 -3 1 3 -10 -12 30 -29 -6 21 -4 0 -4 6 -16 -7 -13 -1
7 -3 12 15 -5 -15 25 -7 6 -8 -15 -2 30 -6 -14 34 -8 10 25 -6 -5 -20 -6 -14 -20 8 -6 -2 -13 -16 -15 11 -12 -4 6 2 -3 11 13 -1 -4 0 13 19 -8 -2 -7 -3 1 3 -10 -12 30 -29 -6 21 -4 0 -4 6 -16 -7 -13 -1
7 -3 12 15 -5 -15 25 -7 6 -8 -15 -2 30 -6 -14 34 -8 10 25 -6 -5 -20 -6 -14 -20 8 -6 -2 -13 -16 -15 11 -12 -4 6 2 -3 11 13 -1 -4 0 13 19 -8 -2 -7 -3 1 3 -10 -12 30 -29 -6 21 -4 0 -4 6 -16 -7 -13 -1
7 -3 12 15 -5 -15 25 -7 6 -8 -15 -2 30 -6 -14 34 -8 10 25 -6 -5 -20 -6 -14 -20 8 -6 -2 -13 -16 -15 11 -12 -4 6 2 -3 11 13 -1 -4 0 13 19 -8 -2 -7 -3 1 3 -10 -12 30 -29 -6 21 -4 0 -4 6 -16 -7 -13 -1
7 -3 12 15 -5 -15 25 -7 6 -8 -15 -2 30 -6 -14 34 -8 10 25 -6 -5 -20 -6 -14 -20 8 -6 -2 -13 -16 -15 11 -12 -4 6 2 -3 11 13 -1 -4 0 13 19 -8 -2 -7 -3 1 3 -10 -12 30 -29 -6 21 -4 0 -4 6 -16 -7 -13 -1
7 -3 12 15 -5 -15 25 -7 6 -8 -15 -2 30 -6 -14 34 -8 10 25 -6 -5 -20 -6 -14 -20 8 -6 -2 -13 -16 -15 11 -12 -4 6 2 -3 11 13 -1 -4 0 13 19 -8 -2 -7 -3 1 3 -10 -12 30 -29 -6 21 -4 0 -4 6 -16 -7 -13 -1
7 -3 12 15 -5 -15 25 -7 6 -8 -15 -2 30 -6 -14 34 -8 10 25 -6 -5 -20 -6 -14 -20 8 -6 -2 -13 -16 -15 11 -12 -4 6 2 -3 11 13 -1 -4 0 13 19 -8 -2 -7 -3 1 3 -10 -12 30 -29 -6 21 -4 0 -4 6 -16 -7 -13 -1
7 -3 12 15 -5 -15 25 -7 6 -8 -15 -2 30 -6 -14 34 -8 10 25 -6 -5 -20 -6 -14 -20 8 -6 -2 -13 -16 -15 11 -12 -4 6 2 -3 11 13 -1 -4 0 13 19 -8 -2 -7 -3 1 3 -10 -12 30 -29 -6 21 -4 0 -4 6 -16 -7 -13 -1
7 -3 12 15 -5 -15 25 -7 6 -8 -15 -2 30 -6 -14 34 -8 10 25 -6 -5 -20 -6 -14 -20 8 -6 -2 -13 -16 -15 11 -12 -4 6 2 -3 11 13 -1 -4 0 13 19 -8 -2 -7 -3 1 3 -10 -12 30 -29 -6 21 -4 0 -4 6 -16 -7 -13 -1
7 -3 12 15 -5 -15 25 -7 6 -8 -15 -2 30 -6 -14 34 -8 10 25 -6 -5 -20 -6 -14 -20 8 -6 -2 -13 -16 -15 11 -12 -4 6 2 -3 11 13 -1 -4 0 13 19 -8 -2 -7 -3 1 3 -10 -12 30 -29 -6 21 -4 0 -4 6 -16 -7 -13 -1
7 -3 12 15 -5 -15 25 -7 6 -8 -15 -2 30 -6 -14 34 -8 10 25 -6 -5 -20 -6 -14 -20 8 -6 -2 -13 -16 -15 11 -12 -4 6 2 -3 11 13 -1 -4 0 13 19 -8 -2 -7 -3 1 3 -10 -12 30 -29 -6 21 -4 0 -4 6 -16 -7 -13 -1
7 -3 12 15 -5 -15 25 -7 6 -8 -15 -2 30 -6 -14 34 -8 10 25 -6 -5 -20 -6 -14 -20 8 -6 -2 -13 -16 -15 11 -12 -4 6 2 -3 11 13 -1 -4 0 13 19 -8 -2 -7 -3 1 3 -10 -12 30 -29 -6 21 -4 0 -4 6 -16 -7 -13 -1
7 -3 12 15 -5 -15 25 -7 6 -8 -15 -2 30 -6 -14 34 -8 10 25 -6 -5 -20 -6 -14 -20 8 -6 -2 -13 -16 -15 11 -12 -4 6 2 -3 11 13 -1 -4 0 13 19 -8 -2 -7 -3 1 3 -10 -12 30 -29 -6 21 -4 0 -4 6 -16 -7 -13 -1
7 -3 12 15 -5 -15 25 -7 6 -8 -15 -2 30 -6 -14 34 -8 10 25 -6 -5 -20 -6 -14 -20 8 -6 -2 -13 -16 -15 11 -12 -4 6 2 -3 11 13 -1 -4 0 13 19 -8 -2 -7 -3 1 3 -10 -12 30 -29 -6 21 -4 0 -4 6 -16 -7 -13 -1
7 -3 12 15 -5 -15 25 -7 6 -8 -15 -2 30 -6 -14 34 -8 10 25 -6 -5 -20 -6 -14 -20 8 -6 -2 -13 -16 -15 11 -12 -4 6 2 -3 11 13 -1 -4 0 13 19 -8 -2 -7 -3 1 3 -10 -12 30 -29 -6 21 -4 0 -4 6 -16 -7 -13 -1
7 -3 12 15 -5 -15 25 -7 6 -8 -15 -2 30 -6 -14 34 -8 10 25 -6 -5 -20 -6 -14 -20 8 -6 -2 -13 -16 -15 11 -12 -4 6 2 -3 11 13 -1 -4 0 13 19 -8 -2 -7 -3 1 3 -10 -12 30 -29 -6 21 -4 0 -4 6 -16 -7 -13 -1
7 -3 12 15 -5 -15 25 -7 6 -8 -15 -2 30 -6 -14 34 -8 10 25 -6 -5 -20 -6 -14 -20 8 -6 -2 -13 -16 -15 11 -12 -4 6 2 -3 11 13 -1 -4 0 13 19 -8 -2 -7 -3 1 3 -10 -12 30 -29 -6 21 -4 0 -4 6 -16 -7 -13 -1
7 -3 12 15 -5 -15 25 -7 6 -8 -15 -2 30 -6 -14 34 -8 10 25 -6 -5 -20 -6 -14 -20 8 -6 -2 -13 -16 -15 11 -12 -4 6 2 -3 11 13 -1 -4 0 13 19 -8 -2 -7 -3 1 3 -10 -12 30 -29 -6 21 -4 0 -4 6 -16 -7 -13 -1
7 -3 12 15 -5 -15 25 -7 6 -8 -15 -2 30 -6 -14 34 -8 10 25 -6 -5 -20 -6 -14 -20 8 -6 -2 -13 -16 -15 11 -12 -4 6 2 -3 11 13 -1 -4 0 13 19 -8 -2 -7 -3 1 3 -10 -12 30 -29 -6 21 -4 0 -4 6 -16 -7 -13 -1
7 -3 12 15 -5 -15 25 -7 6 -8 -15 -2 30 -6 -14 34 -8 10 25 -6 -5 -20 -6 -14 -20 8 -6 -2 -13 -16 -15 11 -12 -4 6 2 -3 11 13 -1 -4 0 13 19 -8 -2 -7 -3 1 3 -10 -12 30 -29 -6 21 -4 0 -4 6 -16 -7 -13 -1
7 -3 12 15 -5 -15 25 -7 6 -8 -15 -2 30 -6 -14 34 -8 10 25 -6 -5 -20 -6 -14 -20 8 -6 -2 -13 -16 -15 11 -12 -4 6 2 -3 11 13 -1 -4 0 13 19 -8 -2 -7 -3 1 3 -10 -12 30 -29 -6 21 -4 0 -4 6 -16 -7 -13 -1
7 -3 12 15 -5 -15 25 -7 6 -8 -15 -2 30 -6 -14 34 -8 10 25 -6 -5 -20 -6 -14 -20 8 -6 -2 -13 -16 -15 11 -12 -4 6 2 -3 11 13 -1 -4 0 13 19 -8 -2 -7 -3 1 3 -10 -12 30 -29 -6 21 -4 0 -4 6 -16 -7 -13 -1
7 -3 12 15 -5 -15 25 -7 6 -8 -15 -2 30 -6 -14 34 -8 10 25 -6 -5 -20 -6 -14 -20 8 -6 -2 -13 -16 -15 11 -12 -4 6 2 -3 11 13 -1 -4 0 13 19 -8 -2 -7 -3 1 3 -10 -12 30 -29 -6 21 -4 0 -4 6 -16 -7 -13 -1
7 -3 12 15 -5 -15 25 -7 6 -8 -15 -2 30 -6 -14 34 -8 10 25 -6 -5 -20 -6 -14 -20 8 -6 -2 -13 -16 -15 11 -12 -4 6 2 -3 11 13 -1 -4 0 13 19 -8 -2 -7 -3 1 3 -10 -12 30 -29 -6 21 -4 0 -4 6 -16 -7 -13 -1
7 -3 12 15 -5 -15 25 -7 6 -8 -15 -2 30 -6 -14 34 -8 10 25 -6 -5 -20 -6 -14 -20 8 -6 -2 -13 -16 -15 11 -12 -4 6 2 -3 11 13 -1 -4 0 13 19 -8 -2 -7 -3 1 3 -10 -12 30 -29 -6 21 -4 0 -4 6 -16 -7 -13 -1
7 -3 12 15 -5 -15 25 -7 6 -8 -15 -2 30 -6 -14 34 -8 10 25 -6 -5 -20 -6 -14 -20 8 -6 -2 -13 -16 -15 11 -12 -4 6 2 -3 11 13 -1 -4 0 13 19 -8 -2 -7 -3 1 3 -10 -12 30 -29 -6 21 -4 0 -4 6 -16 -7 -13 -1
7 -3 12 15 -5 -15 25 -7 6 -8 -15 -2 30 -6 -14 34 -8 10 25 -6 -5 -20 -6 -14 -20 8 -6 -2 -13 -16 -15 11 -12 -4 6 2 -3 11 13 -1 -4 0 13 19 -8 -2 -7 -3 1 3 -10 -12 30 -29 -6 21 -4 0 -4 6 -16 -7 -13 -1
7 -3 12 15 -5 -15 25 -7 6 -8 -15 -2 30 -6 -14 34 -8 10 25 -6 -5 -20 -6 -14 -20 8 -6 -2 -13 -16 -15 11 -12 -4 6 2 -3 11 13 -1 -4 0 13 19 -8 -2 -7 -3 1 3 -10 -12 30 -29 -6 21 -4 0 -4 6 -16 -7 -13 -1
7 -3 12 15 -5 -15 25 -7 6 -8 -15 -2 30 -6 -14 34 -8 10 25 -6 -5 -20 -6 -14 -20 8 -6 -2 -13 -16 -15 11 -12 -4 6 2 -3 11 13 -1 -4 0 13 19 -8 -2 -7 -3 1 3 -10 -12 30 -29 -6 21 -4 0 -4 6 -16 -7 -13 -1
7 -3 12 15 -5 -15 25 -7 6 -8 -15 -2 30 -6 -14 34 -8 10 25 -6 -5 -20 -6 -14 -20 8 -6 -2 -13 -16 -15 11 -12 -4 6 2 -3 11 13 -1 -4 0 13 19 -8 -2 -7 -3 1 3 -10 -12 30 -29 -6 21 -4 0 -4 6 -16 -7 -13 -1
7 -3 12 15 -5 -15 25 -7 6 -8 -15 -2 30 -6 -14 34 -8 10 25 -6 -5 -20 -6 -14 -20 8 -6 -2 -13 -16 -15 11 -12 -4 6 2 -3 11 13 -1 -4 0 13 19 -8 -2 -7 -3 1 3 -10 -12 30 -29 -6 21 -4 0 -4 6 -16 -7 -13 -1
7 -3 12 15 -5 -15 25 -7 6 -8 -15 -2 30 -6 -14 34 -8 10 25 -6 -5 -20 -6 -14 -20 8 -6 -2 -13 -16 -15 11 -12 -4 6 2 -3 11 13 -1 -4 0 13 19 -8 -2 -7 -3 1 3 -10 -12 30 -29 -6 21 -4 0 -4 6 -16 -7 -13 -1
7 -3 12 15 -5 -15 25 -7 6 -8 -15 -2 30 -6 -14 34 -8 10 25 -6 -5 -20 -6 -14 -20 8 -6 -2 -13 -16 -15 11 -12 -4 6 2 -3 11 13 -1 -4 0 13 19 -8 -2 -7 -3 1 3 -10 -12 30 -29 -6 21 -4 0 -4 6 -16 -7 -13 -1
7 -3 12 15 -5 -15 25 -7 6 -8 -15 -2 30 -6 -14 34 -8 10 25 -6 -5 -20 -6 -14 -20 8 -6 -2 -13 -16 -15 11 -12 -4 6 2 -3 11 13 -1 -4 0 13 19 -8 -2 -7 -3 1 3 -10 -12 30 -29 -6 21 -4 0 -4 6 -16 -7 -13 -1
7 -3 12 15 -5 -15 25 -7 6 -8 -15 -2 30 -6 -14 34 -8 10 25 -6 -5 -20 -6 -14 -20 8 -6 -2 -13 -16 -15 11 -12 -4 6 2 -3 11 13 -1 -4 0 13 19 -8 -2 -7 -3 1 3 -10 -12 30 -29 -6 21 -4 0 -4 6 -16 -7 -13 -1
7 -3 12 15 -5 -15 25 -7 6 -8 -15 -2 30 -6 -14 34 -8 10 25 -6 -5 -20 -6 -14 -20 8 -6 -2 -13 -16 -15 11 -12 -4 6 2 -3 11 13 -1 -4 0 13 19 -8 -2 -7 -3 1 3 -10 -12 30 -29 -6 21 -4 0 -4 6 -16 -7 -13 -1
7 -3 12 15 -5 -15 25 -7 6 -8 -15 -2 30 -6 -14 34 -8 10 25 -6 -5 -20 -6 -14 -20 8 -6 -2 -13 -16 -15 11 -12 -4 6 2 -3 11 13 -1 -4 0 13 19 -8 -2 -7 -3 1 3 -10 -12 30 -29 -6 21 -4 0 -4 6 -16 -7 -13 -1
7 -3 12 15 -5 -15 25 -7 6 -8 -15 -2 30 -6 -14 34 -8 10 25 -6 -5 -20 -6 -14 -20 8 -6 -2 -13 -16 -15 11 -12 -4 6 2 -3 11 13 -1 -4 0 13 19 -8 -2 -7 -3 1 3 -10 -12 30 -29 -6 21 -4 0 -4 6 -16 -7 -13 -1
7 -3 12 15 -5 -15 25 -7 6 -8 -15 -2 30 -6 -14 34 -8 10 25 -6 -5 -20 -6 -14 -20 8 -6 -2 -13 -16 -15 11 -12 -4 6 2 -3 11 13 -1 -4 0 13 19 -8 -2 -7 -3 1 3 -10 -12 30 -29 -6 21 -4 0 -4 6 -16 -7 -13 -1
7 -3 12 15 -5 -15 25 -7 6 -8 -15 -2 30 -6 -14 34 -8 10 25 -6 -5 -20 -6 -14 -20 8 -6 -2 -13 -16 -15 11 -12 -4 6 2 -3 11 13 -1 -4 0 13 19 -8 -2 -7 -3 1 3 -10 -12 30 -29 -6 21 -4 0 -4 6 -16 -7 -13 -1
7 -3 12 15 -5 -15 25 -7 6 -8 -15 -2 30 -6 -14 34 -8 10 25 -6 -5 -20 -6 -14 -20 8 -6 -2 -13 -16 -15 11 -12 -4 6 2 -3 11 13 -1 -4 0 13 19 -8 -2 -7 -3 1 3 -10 -12 30 -29 -6 21 -4 0 -4 6 -16 -7 -13 -1
7 -3 12 15 -5 -15 25 -7 6 -8 -15 -2 30 -6 -14 34 -8 10 25 -6 -5 -20 -6 -14 -20 8 -6 -2 -13 -16 -15 11 -12 -4 6 2 -3 11 13 -1 -4 0 13 19 -8 -2 -7 -3 1 3 -10 -12 30 -29 -6 21 -4 0 -4 6 -16 -7 -13 -1
7 -3 12 15 -5 -15 25 -7 6 -8 -15 -2 30 -6 -14 34 -8 10 25 -6 -5 -20 -6 -14 -20 8 -6 -2 -13 -16 -15 11 -12 -4 6 2 -3 11 13 -1 -4 0 13 19 -8 -2 -7 -3 1 3 -10 -12 30 -29 -6 21 -4 0 -4 6 -16 -7 -13 -1
