-2 7 -13 34 -3 -20 -8 9 -1 0 2 -1 -4 7 -3 -7 -6 7 23 -10 13 18 10 3 -2 -11 10 7 5 -7 -4 7 -1 4 8 12 -10 -6 -4 2 -8 0 12 28 4 -55 1 -11 8 -4 0 20 -5 0 5 10 19 3 15 8 -9 -6 4 2
3 7 -6 29 -7 22 -7 5 11 -21 -6 6 -9 5 6 14 -42 1 14 -31 50 27 5 11 5 -8 -17 0 5 -4 -7 21 -5 -16 -18 7 -1 -7 3 6 1 17 13 -9 -11 -40 -4 4 11 -3 2 0 -19 -12 27 15 23 -10 -7 -15 -14 2 31 -10
-9 10 -19 20 -5 10 -5 -14 6 -16 -15 5 -19 1 2 1 -33 7 6 -30 51 25 18 20 3 -16 1 6 2 -13 0 7 -8 -23 -15 14 -7 -8 3 6 13 19 17 -14 -5 -35 -14 -2 2 7 0 3 -10 -7 17 2 3 -18 -17 -13 -10 3 18 -19
-8 1 -24 10 -1 8 -12 -16 10 -20 -1 8 -25 -7 -3 7 -30 4 13 -19 47 15 16 8 -6 -5 -1 -6 -5 -7 4 9 0 -18 1 10 3 -11 6 7 -11 21 18 -7 -17 -19 -5 -7 10 14 2 11 -1 -2 5 14 3 -20 -2 -3 -18 -4 40 -9
0 12 -13 35 4 5 -1 6 1 -18 4 3 -7 13 5 -1 -27 -11 21 -29 37 37 -18 8 6 -24 -3 -6 -7 -5 -11 20 6 -21 8 25 -1 -3 -2 5 -10 5 10 6 -6 -19 -2 2 7 2 -19 13 -7 2 5 16 21 -25 -9 -3 -14 6 18 8
-5 17 -16 29 16 9 -12 7 2 -30 -2 -1 -9 15 8 10 -17 -14 17 -17 27 31 -9 8 6 -23 -5 3 -1 2 -15 10 -3 -18 3 22 8 -2 -1 7 -4 9 14 3 -20 -23 2 0 3 8 -21 5 -3 -5 7 14 24 -22 -3 6 -1 6 17 9
0 15 -18 28 11 7 -8 4 6 -19 -14 -2 -4 5 11 9 -20 -7 15 -20 32 29 -17 21 -9 -21 0 -1 -9 -5 -8 12 6 -22 -3 16 10 -3 5 1 7 13 9 6 -17 -21 3 0 4 13 -14 4 -4 0 18 13 16 -7 -9 -9 -8 -8 24 17
-7 9 -10 11 0 2 -11 -4 6 -19 4 3 -15 13 3 14 -25 0 9 -14 37 26 5 12 9 -25 8 -9 3 -12 -25 14 -3 -21 -1 15 14 -4 -7 -7 -13 23 23 -12 -25 -21 -6 0 7 9 -15 12 8 -2 17 21 7 -15 0 2 -3 4 31 -11
-10 9 -20 16 5 7 -6 -18 12 -8 -1 15 -13 -4 -8 -5 -20 -8 13 -14 32 0 4 7 3 -4 11 -1 8 6 4 12 4 -36 -10 16 -3 1 4 1 6 19 10 -2 -17 -12 -4 -14 -4 10 13 -8 -7 -13 12 29 -7 -14 -16 4 -11 -1 19 0
-3 -2 -4 37 20 7 -5 -8 6 -9 -5 8 -4 0 -7 11 -8 0 2 -28 43 11 24 30 9 -19 8 19 6 -6 16 25 -10 -22 -2 23 2 5 8 -14 -13 6 12 -18 -5 -8 8 -7 5 27 7 4 -9 -19 -1 22 13 10 -15 -3 -6 -15 35 -15
-19 3 -13 6 9 -5 -6 -11 0 -8 -5 15 -18 -21 -12 -2 -11 -21 11 -10 25 -15 -3 10 13 -3 2 -5 9 15 7 11 8 -29 -6 9 -3 -10 5 -8 6 4 10 1 -20 0 11 -10 8 8 24 -4 -5 -16 10 29 -8 -15 -8 1 -2 -8 27 -6
-7 11 -18 20 -2 -2 -22 -2 0 -14 -1 7 -11 -3 -10 -13 -18 -13 20 -17 43 -11 8 14 -5 -10 8 -12 9 1 5 11 -2 -33 3 7 -8 0 19 -18 -4 19 5 2 -32 -3 13 -16 1 3 7 9 -5 -13 11 19 1 -11 -2 4 -2 14 19 4
-2 -6 -20 -6 -10 18 -25 -5 -1 -20 2 13 -3 -22 -16 8 -36 3 0 -9 33 -3 11 9 -7 -10 2 -3 2 0 2 22 -10 -18 11 9 -3 -11 2 6 -13 29 8 -9 -23 -1 -4 2 14 9 5 9 11 -13 14 12 5 -13 3 -6 -22 -1 47 0
-2 4 -8 15 -2 15 -18 -5 13 -16 8 17 -7 14 4 7 -42 -8 9 -3 38 29 8 11 0 -14 -11 -7 12 -6 -17 21 5 -11 -1 19 12 -4 -3 0 -15 13 23 -10 -14 -25 -2 -1 4 8 -11 9 0 -7 13 18 15 -15 -3 6 -13 7 29 -10
-9 1 -9 20 21 0 -21 -5 25 -27 9 10 2 -14 -22 8 -19 12 8 -30 34 3 17 25 -12 -23 -12 2 14 -3 15 24 -15 -25 15 16 -5 -3 11 4 -30 3 -6 -17 -12 3 2 -10 6 20 1 -6 12 -11 7 27 3 3 1 -5 -7 -11 37 -9
-16 14 -7 5 4 5 -12 6 18 -4 9 12 -1 -17 -9 9 -10 -3 9 -13 36 2 12 12 -16 -15 -2 8 2 -5 -3 3 0 -22 18 9 2 -7 15 -4 -20 15 10 -10 -17 1 -5 -13 9 16 0 -3 5 -1 19 16 7 -9 -4 4 -5 -5 27 0
-3 23 -20 -5 -8 12 -27 -9 15 -26 6 13 -10 3 2 3 -15 -9 14 -21 28 9 -9 16 -14 -11 -2 -19 -5 -11 -8 24 -5 -21 -6 18 3 -3 -4 -1 -15 11 3 3 -20 -1 -7 -9 10 3 -4 0 1 -10 11 17 8 -25 5 5 -15 13 22 8
-13 24 -23 -9 -6 3 -16 1 5 -25 12 7 -7 -12 4 3 -12 -5 19 -15 34 3 3 25 -18 -20 -8 -1 -6 4 7 18 4 -23 13 9 6 -6 1 -2 -16 16 15 -5 -9 4 2 -19 3 2 0 -10 1 -1 10 13 1 -20 -3 13 -14 -2 20 4
-4 4 -13 -2 -8 10 -15 -5 15 -28 12 19 -7 5 -5 6 -19 -3 8 -9 19 7 3 18 -4 -16 -6 -11 6 3 -1 10 -2 -3 -4 19 7 -3 5 -12 -16 16 8 5 -24 4 4 -6 3 -2 -6 2 1 -4 4 12 9 -26 3 8 -6 6 12 6
-8 6 -14 12 -7 16 -17 0 4 -26 16 23 2 19 -13 -7 -19 -14 17 -21 34 24 1 9 -8 -22 -5 -9 11 -4 -4 15 -7 -19 0 20 -2 -8 -6 -2 -8 16 20 -1 -30 -15 6 -8 -6 -4 -8 14 3 -9 4 24 1 -15 3 5 -6 17 25 5
0 12 -9 14 -7 10 -30 -6 3 -21 -3 17 0 5 -9 1 -28 -4 14 -10 22 20 7 15 -16 -26 0 -13 6 -11 -2 5 2 -13 -3 13 0 -9 8 -12 -18 23 22 -8 -32 -13 -2 -12 -2 7 -8 12 2 -3 12 15 12 -27 -4 7 -16 4 9 3
-2 -7 -11 22 -4 14 -24 12 -1 -23 9 -4 2 -6 -22 -10 -15 0 3 -29 27 8 16 29 1 -26 -3 6 14 12 13 27 3 -9 14 16 -17 6 -9 8 -15 15 -8 -11 13 0 -5 -22 15 -11 4 -11 22 -17 -13 -2 9 -8 7 0 -7 -13 27 -26
2 12 -17 51 2 -1 -10 2 -1 1 7 0 -6 7 3 1 -15 -3 15 -5 26 37 15 2 6 -6 2 4 2 2 -4 12 -2 -9 -1 11 2 1 -7 0 0 10 9 42 -8 -83 6 1 3 -9 -12 7 0 -13 3 9 6 0 -2 0 1 7 7 8
-1 2 -27 47 -14 2 -19 -4 2 -10 -4 -1 -16 -10 12 -1 -16 -7 17 -13 28 16 13 25 6 -22 -10 10 -3 -11 -1 5 -3 6 -3 18 -2 -6 -26 8 13 2 15 3 -18 -27 -14 -1 4 -5 -11 5 -14 -4 15 0 16 -3 -13 -6 -3 -4 4 -11
-12 -10 -20 51 -10 14 -20 -22 4 -2 -7 0 -15 -7 -1 0 -16 -10 17 -11 25 18 20 11 14 -31 -18 23 -4 0 8 -3 -7 -1 2 22 -5 -4 -13 2 12 -5 9 -6 -17 -20 -2 7 -1 -21 -10 -8 4 -6 3 1 19 14 -4 -7 -2 2 4 -17
-13 -11 -21 39 3 14 -24 -9 3 -5 -3 9 -25 -11 14 -8 -32 -4 12 -5 33 23 13 6 15 -1 1 12 -15 9 11 -2 -11 -1 0 8 2 -16 -12 12 0 13 22 13 -24 -12 -8 12 -1 -18 -23 10 0 1 7 -1 14 2 -3 -13 2 -4 -6 -16
-8 8 -16 50 9 7 -7 5 8 -15 1 4 -13 8 9 -8 -22 -17 25 -21 28 35 -9 10 11 -18 -2 6 -6 -1 -11 9 -1 -2 3 19 -4 -1 -8 9 -8 -2 13 18 -11 -6 -5 5 6 -3 -26 11 -10 4 8 4 22 -10 -2 -6 -2 12 -3 2
-7 12 -18 50 7 9 -14 10 -3 -20 -9 4 -11 0 11 2 -16 -23 21 -14 17 39 -3 11 9 -31 -1 5 9 -4 -20 5 1 -10 6 27 5 -5 -13 6 0 7 17 5 -21 -22 -1 4 -1 -5 -24 5 -11 -3 6 19 24 -14 -9 -3 2 7 -1 7
-12 10 -26 49 -1 3 -10 9 -7 -8 -11 3 -9 -1 20 -2 -25 -11 16 -17 26 23 -13 11 1 -25 3 15 -6 -2 -14 8 -7 -10 6 13 -1 -1 -4 7 3 16 8 10 -29 -13 6 4 -2 -3 -21 3 -8 2 16 4 16 1 -12 -9 1 -3 6 5
-10 -2 -22 33 -7 4 -18 -6 4 -4 -4 3 -19 6 20 2 -21 -13 9 -9 27 21 5 17 5 -21 8 5 -7 -8 -17 7 -6 -6 2 16 11 -3 -9 -1 -10 15 25 -1 -36 -10 -5 4 -2 -6 -27 4 9 0 13 8 6 -1 -5 -1 8 -1 4 -6
-21 -3 -27 38 5 11 -21 -14 2 -1 -4 13 -16 -4 12 -15 -22 -17 23 -6 23 -6 -8 0 9 0 7 9 5 23 12 -2 -11 -17 -2 13 3 -6 -7 5 4 6 6 4 -24 -10 -7 3 -6 -16 0 6 -5 -6 17 16 6 12 -11 -6 3 4 -11 -15
-26 -3 -14 39 6 4 -12 -12 -4 9 -12 19 -23 -20 8 -13 -10 -30 14 -4 13 -3 -8 -3 13 -5 -1 5 14 14 8 -7 -5 -7 -14 19 -1 -7 -6 2 12 -1 10 6 -25 -5 -3 -4 -3 -13 5 -1 -15 -6 8 19 4 8 -14 -3 3 -1 -15 -9
-13 4 -21 32 -14 5 -25 7 -9 1 -4 4 -24 -7 1 -25 -18 -18 20 -7 31 -7 6 8 -3 -11 7 11 2 7 6 6 -6 -10 2 13 -10 3 9 -18 4 9 3 15 -38 5 8 -14 -9 -23 -6 8 -10 -12 6 13 0 7 -3 -7 14 4 -7 5
-23 -21 -23 32 -4 9 -27 -2 2 17 5 8 -21 -8 19 0 -16 -12 11 6 25 19 12 4 15 -10 11 14 -15 -2 -1 6 -17 0 -2 17 -1 -19 -10 -4 -16 9 30 9 -34 -4 -14 5 7 -15 -19 0 6 12 10 6 7 10 -6 -20 3 -4 -3 -4
-13 8 -20 20 -5 13 -26 -6 6 -12 7 9 -15 -6 9 -8 -19 -19 14 -20 18 8 -7 20 1 -3 3 5 -11 3 -2 19 -15 8 -10 16 -3 0 -10 -6 -15 10 1 13 -31 4 -15 -2 3 -14 -15 1 -8 -1 8 7 7 -19 1 -9 1 7 0 -2
-13 8 -27 19 -1 8 -26 1 6 1 4 3 -9 -26 18 -9 -18 -15 24 -6 21 3 -1 15 1 -19 2 13 -12 6 7 11 -14 2 9 12 -1 -7 -19 -3 -10 16 11 -1 -30 8 0 -1 -3 -17 -19 1 1 -5 13 -1 4 -10 -2 -3 10 -5 -9 -1
-10 -6 -20 26 -5 13 -14 -2 2 -9 7 11 -5 -5 9 -8 -22 -10 22 -14 20 17 -5 15 -5 -16 3 0 -1 -6 -4 11 -6 12 -2 26 0 4 -11 -18 -11 11 7 5 -35 5 1 -5 3 -15 -20 4 -3 -11 2 16 16 -20 -6 -6 5 12 2 4
-15 7 -15 25 -9 19 -24 0 -2 -12 15 21 0 12 -3 -17 -22 -24 23 -12 29 17 -7 18 5 -21 3 -7 -3 8 2 12 -12 -9 -4 14 1 -8 -8 -1 -10 8 19 4 -49 -6 -1 -1 -1 -14 -20 9 7 -2 12 15 2 -12 3 -7 10 13 4 4
-7 3 -12 31 -17 13 -27 -11 -3 2 -2 13 -11 -7 2 -12 -21 -13 21 -9 26 16 3 13 -10 -23 15 2 7 -3 4 8 -12 5 2 15 0 -3 -5 -7 -10 18 15 1 -45 -2 -8 1 -12 -8 -20 4 4 -5 11 14 9 -11 -6 -5 -4 2 -4 -5
-6 -14 -8 41 -5 18 -22 14 -4 -7 4 1 0 -9 -13 -15 -16 -12 7 -31 27 12 19 30 1 -19 0 20 2 9 14 29 -12 4 7 12 -14 9 -28 2 -6 18 -1 -8 6 -6 -5 -15 8 -19 -9 -10 15 -23 -5 14 5 1 6 -15 7 -14 11 -28
2 12 -16 53 2 -2 -9 3 -2 2 6 -2 -6 8 3 1 -15 -2 14 -5 26 38 15 2 6 -6 2 4 2 2 -4 11 -2 -10 -3 11 3 1 -6 1 0 10 9 41 -7 -84 6 1 3 -10 -11 7 -1 -12 3 11 6 -1 -3 0 1 5 7 8
-5 11 -11 22 -13 11 4 -7 3 1 9 -9 -3 12 12 -9 -35 1 15 -28 36 17 23 10 4 -17 -16 -7 -8 -15 4 13 12 -17 3 9 6 0 -22 12 5 5 1 -6 13 -43 -2 -8 -2 9 -18 5 -16 -8 -11 7 -3 -13 -6 -4 -16 13 13 -37
-5 11 -11 22 -13 11 4 -7 3 1 9 -9 -3 12 12 -9 -35 1 15 -28 36 17 23 10 4 -17 -16 -7 -8 -15 4 13 12 -17 3 9 6 0 -22 12 5 5 1 -6 13 -43 -2 -8 -2 9 -18 5 -16 -8 -11 7 -3 -13 -6 -4 -16 13 13 -37
-5 11 -11 22 -13 11 4 -7 3 1 9 -9 -3 12 12 -9 -35 1 15 -28 36 17 23 10 4 -17 -16 -7 -8 -15 4 13 12 -17 3 9 6 0 -22 12 5 5 1 -6 13 -43 -2 -8 -2 9 -18 5 -16 -8 -11 7 -3 -13 -6 -4 -16 13 13 -37
-5 11 -11 22 -13 11 4 -7 3 1 9 -9 -3 12 12 -9 -35 1 15 -28 36 17 23 10 4 -17 -16 -7 -8 -15 4 13 12 -17 3 9 6 0 -22 12 5 5 1 -6 13 -43 -2 -8 -2 9 -18 5 -16 -8 -11 7 -3 -13 -6 -4 -16 13 13 -37
-5 11 -11 22 -13 11 4 -7 3 1 9 -9 -3 12 12 -9 -35 1 15 -28 36 17 23 10 4 -17 -16 -7 -8 -15 4 13 12 -17 3 9 6 0 -22 12 5 5 1 -6 13 -43 -2 -8 -2 9 -18 5 -16 -8 -11 7 -3 -13 -6 -4 -16 13 13 -37
-5 11 -11 22 -13 11 4 -7 3 1 9 -9 -3 12 12 -9 -35 1 15 -28 36 17 23 10 4 -17 -16 -7 -8 -15 4 13 12 -17 3 9 6 0 -22 12 5 5 1 -6 13 -43 -2 -8 -2 9 -18 5 -16 -8 -11 7 -3 -13 -6 -4 -16 13 13 -37
-5 11 -11 22 -13 11 4 -7 3 1 9 -9 -3 12 12 -9 -35 1 15 -28 36 17 23 10 4 -17 -16 -7 -8 -15 4 13 12 -17 3 9 6 0 -22 12 5 5 1 -6 13 -43 -2 -8 -2 9 -18 5 -16 -8 -11 7 -3 -13 -6 -4 -16 13 13 -37
-5 11 -11 22 -13 11 4 -7 3 1 9 -9 -3 12 12 -9 -35 1 15 -28 36 17 23 10 4 -17 -16 -7 -8 -15 4 13 12 -17 3 9 6 0 -22 12 5 5 1 -6 13 -43 -2 -8 -2 9 -18 5 -16 -8 -11 7 -3 -13 -6 -4 -16 13 13 -37
-5 11 -11 22 -13 11 4 -7 3 1 9 -9 -3 12 12 -9 -35 1 15 -28 36 17 23 10 4 -17 -16 -7 -8 -15 4 13 12 -17 3 9 6 0 -22 12 5 5 1 -6 13 -43 -2 -8 -2 9 -18 5 -16 -8 -11 7 -3 -13 -6 -4 -16 13 13 -37
-5 11 -11 22 -13 11 4 -7 3 1 9 -9 -3 12 12 -9 -35 1 15 -28 36 17 23 10 4 -17 -16 -7 -8 -15 4 13 12 -17 3 9 6 0 -22 12 5 5 1 -6 13 -43 -2 -8 -2 9 -18 5 -16 -8 -11 7 -3 -13 -6 -4 -16 13 13 -37
-5 11 -11 22 -13 11 4 -7 3 1 9 -9 -3 12 12 -9 -35 1 15 -28 36 17 23 10 4 -17 -16 -7 -8 -15 4 13 12 -17 3 9 6 0 -22 12 5 5 1 -6 13 -43 -2 -8 -2 9 -18 5 -16 -8 -11 7 -3 -13 -6 -4 -16 13 13 -37
-5 11 -11 22 -13 11 4 -7 3 1 9 -9 -3 12 12 -9 -35 1 15 -28 36 17 23 10 4 -17 -16 -7 -8 -15 4 13 12 -17 3 9 6 0 -22 12 5 5 1 -6 13 -43 -2 -8 -2 9 -18 5 -16 -8 -11 7 -3 -13 -6 -4 -16 13 13 -37
-5 11 -11 22 -13 11 4 -7 3 1 9 -9 -3 12 12 -9 -35 1 15 -28 36 17 23 10 4 -17 -16 -7 -8 -15 4 13 12 -17 3 9 6 0 -22 12 5 5 1 -6 13 -43 -2 -8 -2 9 -18 5 -16 -8 -11 7 -3 -13 -6 -4 -16 13 13 -37
-5 11 -11 22 -13 11 4 -7 3 1 9 -9 -3 12 12 -9 -35 1 15 -28 36 17 23 10 4 -17 -16 -7 -8 -15 4 13 12 -17 3 9 6 0 -22 12 5 5 1 -6 13 -43 -2 -8 -2 9 -18 5 -16 -8 -11 7 -3 -13 -6 -4 -16 13 13 -37
-5 11 -11 22 -13 11 4 -7 3 1 9 -9 -3 12 12 -9 -35 1 15 -28 36 17 23 10 4 -17 -16 -7 -8 -15 4 13 12 -17 3 9 6 0 -22 12 5 5 1 -6 13 -43 -2 -8 -2 9 -18 5 -16 -8 -11 7 -3 -13 -6 -4 -16 13 13 -37
-5 11 -11 22 -13 11 4 -7 3 1 9 -9 -3 12 12 -9 -35 1 15 -28 36 17 23 10 4 -17 -16 -7 -8 -15 4 13 12 -17 3 9 6 0 -22 12 5 5 1 -6 13 -43 -2 -8 -2 9 -18 5 -16 -8 -11 7 -3 -13 -6 -4 -16 13 13 -37
-5 11 -11 22 -13 11 4 -7 3 1 9 -9 -3 12 12 -9 -35 1 15 -28 36 17 23 10 4 -17 -16 -7 -8 -15 4 13 12 -17 3 9 6 0 -22 12 5 5 1 -6 13 -43 -2 -8 -2 9 -18 5 -16 -8 -11 7 -3 -13 -6 -4 -16 13 13 -37
-5 11 -11 22 -13 11 4 -7 3 1 9 -9 -3 12 12 -9 -35 1 15 -28 36 17 23 10 4 -17 -16 -7 -8 -15 4 13 12 -17 3 9 6 0 -22 12 5 5 1 -6 13 -43 -2 -8 -2 9 -18 5 -16 -8 -11 7 -3 -13 -6 -4 -16 13 13 -37
-5 11 -11 22 -13 11 4 -7 3 1 9 -9 -3 12 12 -9 -35 1 15 -28 36 17 23 10 4 -17 -16 -7 -8 -15 4 13 12 -17 3 9 6 0 -22 12 5 5 1 -6 13 -43 -2 -8 -2 9 -18 5 -16 -8 -11 7 -3 -13 -6 -4 -16 13 13 -37
-5 11 -11 22 -13 11 4 -7 3 1 9 -9 -3 12 12 -9 -35 1 15 -28 36 17 23 10 4 -17 -16 -7 -8 -15 4 13 12 -17 3 9 6 0 -22 12 5 5 1 -6 13 -43 -2 -8 -2 9 -18 5 -16 -8 -11 7 -3 -13 -6 -4 -16 13 13 -37
-5 11 -11 22 -13 11 4 -7 3 1 9 -9 -3 12 12 -9 -35 1 15 -28 36 17 23 10 4 -17 -16 -7 -8 -15 4 13 12 -17 3 9 6 0 -22 12 5 5 1 -6 13 -43 -2 -8 -2 9 -18 5 -16 -8 -11 7 -3 -13 -6 -4 -16 13 13 -37
-5 11 -11 22 -13 11 4 -7 3 1 9 -9 -3 12 12 -9 -35 1 15 -28 36 17 23 10 4 -17 -16 -7 -8 -15 4 13 12 -17 3 9 6 0 -22 12 5 5 1 -6 13 -43 -2 -8 -2 9 -18 5 -16 -8 -11 7 -3 -13 -6 -4 -16 13 13 -37
-5 11 -11 22 -13 11 4 -7 3 1 9 -9 -3 12 12 -9 -35 1 15 -28 36 17 23 10 4 -17 -16 -7 -8 -15 4 13 12 -17 3 9 6 0 -22 12 5 5 1 -6 13 -43 -2 -8 -2 9 -18 5 -16 -8 -11 7 -3 -13 -6 -4 -16 13 13 -37
-5 11 -11 22 -13 11 4 -7 3 1 9 -9 -3 12 12 -9 -35 1 15 -28 36 17 23 10 4 -17 -16 -7 -8 -15 4 13 12 -17 3 9 6 0 -22 12 5 5 1 -6 13 -43 -2 -8 -2 9 -18 5 -16 -8 -11 7 -3 -13 -6 -4 -16 13 13 -37
-5 11 -11 22 -13 11 4 -7 3 1 9 -9 -3 12 12 -9 -35 1 15 -28 36 17 23 10 4 -17 -16 -7 -8 -15 4 13 12 -17 3 9 6 0 -22 12 5 5 1 -6 13 -43 -2 -8 -2 9 -18 5 -16 -8 -11 7 -3 -13 -6 -4 -16 13 13 -37
-5 11 -11 22 -13 11 4 -7 3 1 9 -9 -3 12 12 -9 -35 1 15 -28 36 17 23 10 4 -17 -16 -7 -8 -15 4 13 12 -17 3 9 6 0 -22 12 5 5 1 -6 13 -43 -2 -8 -2 9 -18 5 -16 -8 -11 7 -3 -13 -6 -4 -16 13 13 -37
-5 11 -11 22 -13 11 4 -7 3 1 9 -9 -3 12 12 -9 -35 1 15 -28 36 17 23 10 4 -17 -16 -7 -8 -15 4 13 12 -17 3 9 6 0 -22 12 5 5 1 -6 13 -43 -2 -8 -2 9 -18 5 -16 -8 -11 7 -3 -13 -6 -4 -16 13 13 -37
-5 11 -11 22 -13 11 4 -7 3 1 9 -9 -3 12 12 -9 -35 1 15 -28 36 17 23 10 4 -17 -16 -7 -8 -15 4 13 12 -17 3 9 6 0 -22 12 5 5 1 -6 13 -43 -2 -8 -2 9 -18 5 -16 -8 -11 7 -3 -13 -6 -4 -16 13 13 -37
-5 11 -11 22 -13 11 4 -7 3 1 9 -9 -3 12 12 -9 -35 1 15 -28 36 17 23 10 4 -17 -16 -7 -8 -15 4 13 12 -17 3 9 6 0 -22 12 5 5 1 -6 13 -43 -2 -8 -2 9 -18 5 -16 -8 -11 7 -3 -13 -6 -4 -16 13 13 -37
-5 11 -11 22 -13 11 4 -7 3 1 9 -9 -3 12 12 -9 -35 1 15 -28 36 17 23 10 4 -17 -16 -7 -8 -15 4 13 12 -17 3 9 6 0 -22 12 5 5 1 -6 13 -43 -2 -8 -2 9 -18 5 -16 -8 -11 7 -3 -13 -6 -4 -16 13 13 -37
-5 11 -11 22 -13 11 4 -7 3 1 9 -9 -3 12 12 -9 -35 1 15 -28 36 17 23 10 4 -17 -16 -7 -8 -15 4 13 12 -17 3 9 6 0 -22 12 5 5 1 -6 13 -43 -2 -8 -2 9 -18 5 -16 -8 -11 7 -3 -13 -6 -4 -16 13 13 -37
-5 11 -11 22 -13 11 4 -7 3 1 9 -9 -3 12 12 -9 -35 1 15 -28 36 17 23 10 4 -17 -16 -7 -8 -15 4 13 12 -17 3 9 6 0 -22 12 5 5 1 -6 13 -43 -2 -8 -2 9 -18 5 -16 -8 -11 7 -3 -13 -6 -4 -16 13 13 -37
-5 11 -11 22 -13 11 4 -7 3 1 9 -9 -3 12 12 -9 -35 1 15 -28 36 17 23 10 4 -17 -16 -7 -8 -15 4 13 12 -17 3 9 6 0 -22 12 5 5 1 -6 13 -43 -2 -8 -2 9 -18 5 -16 -8 -11 7 -3 -13 -6 -4 -16 13 13 -37
-5 11 -11 22 -13 11 4 -7 3 1 9 -9 -3 12 12 -9 -35 1 15 -28 36 17 23 10 4 -17 -16 -7 -8 -15 4 13 12 -17 3 9 6 0 -22 12 5 5 1 -6 13 -43 -2 -8 -2 9 -18 5 -16 -8 -11 7 -3 -13 -6 -4 -16 13 13 -37
-5 11 -11 22 -13 11 4 -7 3 1 9 -9 -3 12 12 -9 -35 1 15 -28 36 17 23 10 4 -17 -16 -7 -8 -15 4 13 12 -17 3 9 6 0 -22 12 5 5 1 -6 13 -43 -2 -8 -2 9 -18 5 -16 -8 -11 7 -3 -13 -6 -4 -16 13 13 -37
-5 11 -11 22 -13 11 4 -7 3 1 9 -9 -3 12 12 -9 -35 1 15 -28 36 17 23 10 4 -17 -16 -7 -8 -15 4 13 12 -17 3 9 6 0 -22 12 5 5 1 -6 13 -43 -2 -8 -2 9 -18 5 -16 -8 -11 7 -3 -13 -6 -4 -16 13 13 -37
-5 11 -11 22 -13 11 4 -7 3 1 9 -9 -3 12 12 -9 -35 1 15 -28 36 17 23 10 4 -17 -16 -7 -8 -15 4 13 12 -17 3 9 6 0 -22 12 5 5 1 -6 13 -43 -2 -8 -2 9 -18 5 -16 -8 -11 7 -3 -13 -6 -4 -16 13 13 -37
-5 11 -11 22 -13 11 4 -7 3 1 9 -9 -3 12 12 -9 -35 1 15 -28 36 17 23 10 4 -17 -16 -7 -8 -15 4 13 12 -17 3 9 6 0 -22 12 5 5 1 -6 13 -43 -2 -8 -2 9 -18 5 -16 -8 -11 7 -3 -13 -6 -4 -16 13 13 -37
-5 11 -11 22 -13 11 4 -7 3 1 9 -9 -3 12 12 -9 -35 1 15 -28 36 17 23 10 4 -17 -16 -7 -8 -15 4 13 12 -17 3 9 6 0 -22 12 5 5 1 -6 13 -43 -2 -8 -2 9 -18 5 -16 -8 -11 7 -3 -13 -6 -4 -16 13 13 -37
-5 11 -11 22 -13 11 4 -7 3 1 9 -9 -3 12 12 -9 -35 1 15 -28 36 17 23 10 4 -17 -16 -7 -8 -15 4 13 12 -17 3 9 6 0 -22 12 5 5 1 -6 13 -43 -2 -8 -2 9 -18 5 -16 -8 -11 7 -3 -13 -6 -4 -16 13 13 -37
-5 11 -11 22 -13 11 4 -7 3 1 9 -9 -3 12 12 -9 -35 1 15 -28 36 17 23 10 4 -17 -16 -7 -8 -15 4 13 12 -17 3 9 6 0 -22 12 5 5 1 -6 13 -43 -2 -8 -2 9 -18 5 -16 -8 -11 7 -3 -13 -6 -4 -16 13 13 -37
-5 11 -11 22 -13 11 4 -7 3 1 9 -9 -3 12 12 -9 -35 1 15 -28 36 17 23 10 4 -17 -16 -7 -8 -15 4 13 12 -17 3 9 6 0 -22 12 5 5 1 -6 13 -43 -2 -8 -2 9 -18 5 -16 -8 -11 7 -3 -13 -6 -4 -16 13 13 -37
-5 11 -11 22 -13 11 4 -7 3 1 9 -9 -3 12 12 -9 -35 1 15 -28 36 17 23 10 4 -17 -16 -7 -8 -15 4 13 12 -17 3 9 6 0 -22 12 5 5 1 -6 13 -43 -2 -8 -2 9 -18 5 -16 -8 -11 7 -3 -13 -6 -4 -16 13 13 -37
-5 11 -11 22 -13 11 4 -7 3 1 9 -9 -3 12 12 -9 -35 1 15 -28 36 17 23 10 4 -17 -16 -7 -8 -15 4 13 12 -17 3 9 6 0 -22 12 5 5 1 -6 13 -43 -2 -8 -2 9 -18 5 -16 -8 -11 7 -3 -13 -6 -4 -16 13 13 -37
-5 11 -11 22 -13 11 4 -7 3 1 9 -9 -3 12 12 -9 -35 1 15 -28 36 17 23 10 4 -17 -16 -7 -8 -15 4 13 12 -17 3 9 6 0 -22 12 5 5 1 -6 13 -43 -2 -8 -2 9 -18 5 -16 -8 -11 7 -3 -13 -6 -4 -16 13 13 -37
-5 11 -11 22 -13 11 4 -7 3 1 9 -9 -3 12 12 -9 -35 1 15 -28 36 17 23 10 4 -17 -16 -7 -8 -15 4 13 12 -17 3 9 6 0 -22 12 5 5 1 -6 13 -43 -2 -8 -2 9 -18 5 -16 -8 -11 7 -3 -13 -6 -4 -16 13 13 -37
-5 11 -11 22 -13 11 4 -7 3 1 9 -9 -3 12 12 -9 -35 1 15 -28 36 17 23 10 4 -17 -16 -7 -8 -15 4 13 12 -17 3 9 6 0 -22 12 5 5 1 -6 13 -43 -2 -8 -2 9 -18 5 -16 -8 -11 7 -3 -13 -6 -4 -16 13 13 -37
-5 11 -11 22 -13 11 4 -7 3 1 9 -9 -3 12 12 -9 -35 1 15 -28 36 17 23 10 4 -17 -16 -7 -8 -15 4 13 12 -17 3 9 6 0 -22 12 5 5 1 -6 13 -43 -2 -8 -2 9 -18 5 -16 -8 -11 7 -3 -13 -6 -4 -16 13 13 -37
-5 11 -11 22 -13 11 4 -7 3 1 9 -9 -3 12 12 -9 -35 1 15 -28 36 17 23 10 4 -17 -16 -7 -8 -15 4 13 12 -17 3 9 6 0 -22 12 5 5 1 -6 13 -43 -2 -8 -2 9 -18 5 -16 -8 -11 7 -3 -13 -6 -4 -16 13 13 -37
-5 11 -11 22 -13 11 4 -7 3 1 9 -9 -3 12 12 -9 -35 1 15 -28 36 17 23 10 4 -17 -16 -7 -8 -15 4 13 12 -17 3 9 6 0 -22 12 5 5 1 -6 13 -43 -2 -8 -2 9 -18 5 -16 -8 -11 7 -3 -13 -6 -4 -16 13 13 -37
-5 11 -11 22 -13 11 4 -7 3 1 9 -9 -3 12 12 -9 -35 1 15 -28 36 17 23 10 4 -17 -16 -7 -8 -15 4 13 12 -17 3 9 6 0 -22 12 5 5 1 -6 13 -43 -2 -8 -2 9 -18 5 -16 -8 -11 7 -3 -13 -6 -4 -16 13 13 -37
-5 11 -11 22 -13 11 4 -7 3 1 9 -9 -3 12 12 -9 -35 1 15 -28 36 17 23 10 4 -17 -16 -7 -8 -15 4 13 12 -17 3 9 6 0 -22 12 5 5 1 -6 13 -43 -2 -8 -2 9 -18 5 -16 -8 -11 7 -3 -13 -6 -4 -16 13 13 -37
-5 11 -11 22 -13 11 4 -7 3 1 9 -9 -3 12 12 -9 -35 1 15 -28 36 17 23 10 4 -17 -16 -7 -8 -15 4 13 12 -17 3 9 6 0 -22 12 5 5 1 -6 13 -43 -2 -8 -2 9 -18 5 -16 -8 -11 7 -3 -13 -6 -4 -16 13 13 -37
-5 11 -11 22 -13 11 4 -7 3 1 9 -9 -3 12 12 -9 -35 1 15 -28 36 17 23 10 4 -17 -16 -7 -8 -15 4 13 12 -17 3 9 6 0 -22 12 5 5 1 -6 13 -43 -2 -8 -2 9 -18 5 -16 -8 -11 7 -3 -13 -6 -4 -16 13 13 -37
-5 11 -11 22 -13 11 4 -7 3 1 9 -9 -3 12 12 -9 -35 1 15 -28 36 17 23 10 4 -17 -16 -7 -8 -15 4 13 12 -17 3 9 6 0 -22 12 5 5 1 -6 13 -43 -2 -8 -2 9 -18 5 -16 -8 -11 7 -3 -13 -6 -4 -16 13 13 -37
-5 11 -11 22 -13 11 4 -7 3 1 9 -9 -3 12 12 -9 -35 1 15 -28 36 17 23 10 4 -17 -16 -7 -8 -15 4 13 12 -17 3 9 6 0 -22 12 5 5 1 -6 13 -43 -2 -8 -2 9 -18 5 -16 -8 -11 7 -3 -13 -6 -4 -16 13 13 -37
-5 11 -11 22 -13 11 4 -7 3 1 9 -9 -3 12 12 -9 -35 1 15 -28 36 17 23 10 4 -17 -16 -7 -8 -15 4 13 12 -17 3 9 6 0 -22 12 5 5 1 -6 13 -43 -2 -8 -2 9 -18 5 -16 -8 -11 7 -3 -13 -6 -4 -16 13 13 -37
-5 11 -11 22 -13 11 4 -7 3 1 9 -9 -3 12 12 -9 -35 1 15 -28 36 17 23 10 4 -17 -16 -7 -8 -15 4 13 12 -17 3 9 6 0 -22 12 5 5 1 -6 13 -43 -2 -8 -2 9 -18 5 -16 -8 -11 7 -3 -13 -6 -4 -16 13 13 -37
-5 11 -11 22 -13 11 4 -7 3 1 9 -9 -3 12 12 -9 -35 1 15 -28 36 17 23 10 4 -17 -16 -7 -8 -15 4 13 12 -17 3 9 6 0 -22 12 5 5 1 -6 13 -43 -2 -8 -2 9 -18 5 -16 -8 -11 7 -3 -13 -6 -4 -16 13 13 -37
-5 11 -11 22 -13 11 4 -7 3 1 9 -9 -3 12 12 -9 -35 1 15 -28 36 17 23 10 4 -17 -16 -7 -8 -15 4 13 12 -17 3 9 6 0 -22 12 5 5 1 -6 13 -43 -2 -8 -2 9 -18 5 -16 -8 -11 7 -3 -13 -6 -4 -16 13 13 -37
-5 11 -11 22 -13 11 4 -7 3 1 9 -9 -3 12 12 -9 -35 1 15 -28 36 17 23 10 4 -17 -16 -7 -8 -15 4 13 12 -17 3 9 6 0 -22 12 5 5 1 -6 13 -43 -2 -8 -2 9 -18 5 -16 -8 -11 7 -3 -13 -6 -4 -16 13 13 -37
-5 11 -11 22 -13 11 4 -7 3 1 9 -9 -3 12 12 -9 -35 1 15 -28 36 17 23 10 4 -17 -16 -7 -8 -15 4 13 12 -17 3 9 6 0 -22 12 5 5 1 -6 13 -43 -2 -8 -2 9 -18 5 -16 -8 -11 7 -3 -13 -6 -4 -16 13 13 -37
-5 11 -11 22 -13 11 4 -7 3 1 9 -9 -3 12 12 -9 -35 1 15 -28 36 17 23 10 4 -17 -16 -7 -8 -15 4 13 12 -17 3 9 6 0 -22 12 5 5 1 -6 13 -43 -2 -8 -2 9 -18 5 -16 -8 -11 7 -3 -13 -6 -4 -16 13 13 -37
-5 11 -11 22 -13 11 4 -7 3 1 9 -9 -3 12 12 -9 -35 1 15 -28 36 17 23 10 4 -17 -16 -7 -8 -15 4 13 12 -17 3 9 6 0 -22 12 5 5 1 -6 13 -43 -2 -8 -2 9 -18 5 -16 -8 -11 7 -3 -13 -6 -4 -16 13 13 -37
-5 11 -11 22 -13 11 4 -7 3 1 9 -9 -3 12 12 -9 -35 1 15 -28 36 17 23 10 4 -17 -16 -7 -8 -15 4 13 12 -17 3 9 6 0 -22 12 5 5 1 -6 13 -43 -2 -8 -2 9 -18 5 -16 -8 -11 7 -3 -13 -6 -4 -16 13 13 -37
-5 11 -11 22 -13 11 4 -7 3 1 9 -9 -3 12 12 -9 -35 1 15 -28 36 17 23 10 4 -17 -16 -7 -8 -15 4 13 12 -17 3 9 6 0 -22 12 5 5 1 -6 13 -43 -2 -8 -2 9 -18 5 -16 -8 -11 7 -3 -13 -6 -4 -16 13 13 -37
-5 11 -11 22 -13 11 4 -7 3 1 9 -9 -3 12 12 -9 -35 1 15 -28 36 17 23 10 4 -17 -16 -7 -8 -15 4 13 12 -17 3 9 6 0 -22 12 5 5 1 -6 13 -43 -2 -8 -2 9 -18 5 -16 -8 -11 7 -3 -13 -6 -4 -16 13 13 -37
-5 11 -11 22 -13 11 4 -7 3 1 9 -9 -3 12 12 -9 -35 1 15 -28 36 17 23 10 4 -17 -16 -7 -8 -15 4 13 12 -17 3 9 6 0 -22 12 5 5 1 -6 13 -43 -2 -8 -2 9 -18 5 -16 -8 -11 7 -3 -13 -6 -4 -16 13 13 -37
-5 11 -11 22 -13 11 4 -7 3 1 9 -9 -3 12 12 -9 -35 1 15 -28 36 17 23 10 4 -17 -16 -7 -8 -15 4 13 12 -17 3 9 6 0 -22 12 5 5 1 -6 13 -43 -2 -8 -2 9 -18 5 -16 -8 -11 7 -3 -13 -6 -4 -16 13 13 -37
-5 11 -11 22 -13 11 4 -7 3 1 9 -9 -3 12 12 -9 -35 1 15 -28 36 17 23 10 4 -17 -16 -7 -8 -15 4 13 12 -17 3 9 6 0 -22 12 5 5 1 -6 13 -43 -2 -8 -2 9 -18 5 -16 -8 -11 7 -3 -13 -6 -4 -16 13 13 -37
-5 11 -11 22 -13 11 4 -7 3 1 9 -9 -3 12 12 -9 -35 1 15 -28 36 17 23 10 4 -17 -16 -7 -8 -15 4 13 12 -17 3 9 6 0 -22 12 5 5 1 -6 13 -43 -2 -8 -2 9 -18 5 -16 -8 -11 7 -3 -13 -6 -4 -16 13 13 -37
-5 11 -11 22 -13 11 4 -7 3 1 9 -9 -3 12 12 -9 -35 1 15 -28 36 17 23 10 4 -17 -16 -7 -8 -15 4 13 12 -17 3 9 6 0 -22 12 5 5 1 -6 13 -43 -2 -8 -2 9 -18 5 -16 -8 -11 7 -3 -13 -6 -4 -16 13 13 -37
-5 11 -11 22 -13 11 4 -7 3 1 9 -9 -3 12 12 -9 -35 1 15 -28 36 17 23 10 4 -17 -16 -7 -8 -15 4 13 12 -17 3 9 6 0 -22 12 5 5 1 -6 13 -43 -2 -8 -2 9 -18 5 -16 -8 -11 7 -3 -13 -6 -4 -16 13 13 -37
-5 11 -11 22 -13 11 4 -7 3 1 9 -9 -3 12 12 -9 -35 1 15 -28 36 17 23 10 4 -17 -16 -7 -8 -15 4 13 12 -17 3 9 6 0 -22 12 5 5 1 -6 13 -43 -2 -8 -2 9 -18 5 -16 -8 -11 7 -3 -13 -6 -4 -16 13 13 -37
-5 11 -11 22 -13 11 4 -7 3 1 9 -9 -3 12 12 -9 -35 1 15 -28 36 17 23 10 4 -17 -16 -7 -8 -15 4 13 12 -17 3 9 6 0 -22 12 5 5 1 -6 13 -43 -2 -8 -2 9 -18 5 -16 -8 -11 7 -3 -13 -6 -4 -16 13 13 -37
-5 11 -11 22 -13 11 4 -7 3 1 9 -9 -3 12 12 -9 -35 1 15 -28 36 17 23 10 4 -17 -16 -7 -8 -15 4 13 12 -17 3 9 6 0 -22 12 5 5 1 -6 13 -43 -2 -8 -2 9 -18 5 -16 -8 -11 7 -3 -13 -6 -4 -16 13 13 -37
-5 11 -11 22 -13 11 4 -7 3 1 9 -9 -3 12 12 -9 -35 1 15 -28 36 17 23 10 4 -17 -16 -7 -8 -15 4 13 12 -17 3 9 6 0 -22 12 5 5 1 -6 13 -43 -2 -8 -2 9 -18 5 -16 -8 -11 7 -3 -13 -6 -4 -16 13 13 -37
-5 11 -11 22 -13 11 4 -7 3 1 9 -9 -3 12 12 -9 -35 1 15 -28 36 17 23 10 4 -17 -16 -7 -8 -15 4 13 12 -17 3 9 6 0 -22 12 5 5 1 -6 13 -43 -2 -8 -2 9 -18 5 -16 -8 -11 7 -3 -13 -6 -4 -16 13 13 -37
-5 11 -11 22 -13 11 4 -7 3 1 9 -9 -3 12 12 -9 -35 1 15 -28 36 17 23 10 4 -17 -16 -7 -8 -15 4 13 12 -17 3 9 6 0 -22 12 5 5 1 -6 13 -43 -2 -8 -2 9 -18 5 -16 -8 -11 7 -3 -13 -6 -4 -16 13 13 -37
-5 11 -11 22 -13 11 4 -7 3 1 9 -9 -3 12 12 -9 -35 1 15 -28 36 17 23 10 4 -17 -16 -7 -8 -15 4 13 12 -17 3 9 6 0 -22 12 5 5 1 -6 13 -43 -2 -8 -2 9 -18 5 -16 -8 -11 7 -3 -13 -6 -4 -16 13 13 -37
-5 11 -11 22 -13 11 4 -7 3 1 9 -9 -3 12 12 -9 -35 1 15 -28 36 17 23 10 4 -17 -16 -7 -8 -15 4 13 12 -17 3 9 6 0 -22 12 5 5 1 -6 13 -43 -2 -8 -2 9 -18 5 -16 -8 -11 7 -3 -13 -6 -4 -16 13 13 -37
-5 11 -11 22 -13 11 4 -7 3 1 9 -9 -3 12 12 -9 -35 1 15 -28 36 17 23 10 4 -17 -16 -7 -8 -15 4 13 12 -17 3 9 6 0 -22 12 5 5 1 -6 13 -43 -2 -8 -2 9 -18 5 -16 -8 -11 7 -3 -13 -6 -4 -16 13 13 -37
-5 11 -11 22 -13 11 4 -7 3 1 9 -9 -3 12 12 -9 -35 1 15 -28 36 17 23 10 4 -17 -16 -7 -8 -15 4 13 12 -17 3 9 6 0 -22 12 5 5 1 -6 13 -43 -2 -8 -2 9 -18 5 -16 -8 -11 7 -3 -13 -6 -4 -16 13 13 -37
-5 11 -11 22 -13 11 4 -7 3 1 9 -9 -3 12 12 -9 -35 1 15 -28 36 17 23 10 4 -17 -16 -7 -8 -15 4 13 12 -17 3 9 6 0 -22 12 5 5 1 -6 13 -43 -2 -8 -2 9 -18 5 -16 -8 -11 7 -3 -13 -6 -4 -16 13 13 -37
-5 11 -11 22 -13 11 4 -7 3 1 9 -9 -3 12 12 -9 -35 1 15 -28 36 17 23 10 4 -17 -16 -7 -8 -15 4 13 12 -17 3 9 6 0 -22 12 5 5 1 -6 13 -43 -2 -8 -2 9 -18 5 -16 -8 -11 7 -3 -13 -6 -4 -16 13 13 -37
-5 11 -11 22 -13 11 4 -7 3 1 9 -9 -3 12 12 -9 -35 1 15 -28 36 17 23 10 4 -17 -16 -7 -8 -15 4 13 12 -17 3 9 6 0 -22 12 5 5 1 -6 13 -43 -2 -8 -2 9 -18 5 -16 -8 -11 7 -3 -13 -6 -4 -16 13 13 -37
-5 11 -11 22 -13 11 4 -7 3 1 9 -9 -3 12 12 -9 -35 1 15 -28 36 17 23 10 4 -17 -16 -7 -8 -15 4 13 12 -17 3 9 6 0 -22 12 5 5 1 -6 13 -43 -2 -8 -2 9 -18 5 -16 -8 -11 7 -3 -13 -6 -4 -16 13 13 -37
