-2 -5 3 3 -5 1 -3 0 -10 -1 0 -1 12 4 -7 -5 -5 11 1 2 4 -5 0 -7 7 8 3 7 6 -13 -52 9 -1 -3 -4 4 2 14 7 -8 -5 10 -2 0 -1 2 -1 -4 4 0 6 -3 -3 5 9 3 0 0 -3 10 -3 5 1 0
-7 13 -8 -6 -14 12 11 6 24 -8 12 0 13 -3 -21 -3 7 16 -3 -31 5 7 1 -2 -9 -7 19 5 -4 -6 -71 0 7 7 -2 15 -40 -8 -16 -6 24 -24 -6 -1 0 3 9 -2 -2 -3 6 -20 18 22 8 3 7 29 -3 3 10 -22 -1 -25
7 30 -25 -8 0 -4 -4 -7 16 -6 12 -5 5 -8 -16 -4 14 8 1 -37 11 5 6 -17 -5 5 -6 6 14 -8 -73 6 8 19 -5 -6 -50 -1 -4 -8 26 -9 3 -16 -3 -7 3 2 -4 -6 -6 -17 24 14 0 4 7 26 -3 12 10 9 9 -14
7 30 -5 -8 -17 9 8 0 -8 -1 25 0 -10 8 5 -1 4 6 7 -37 8 1 11 -3 13 20 7 -9 -1 -10 -56 8 5 0 4 1 -28 -8 1 -17 10 0 -5 -13 3 3 0 3 -12 -7 -14 -12 18 5 -21 14 23 14 -16 26 13 9 -4 16
21 22 -2 -6 4 -2 17 8 -11 -15 12 -4 -9 14 -4 -4 1 7 13 -34 19 -4 17 2 -3 9 39 -13 -7 -35 -41 19 -3 9 1 -12 19 -18 -9 -9 -4 14 -12 -2 0 6 11 2 -17 7 5 -13 -10 7 -5 21 15 7 -1 7 6 -8 -1 -6
7 20 -4 -4 0 -9 13 6 -4 -8 30 -7 -11 -3 -1 -11 -4 5 8 -37 28 -8 23 -20 0 25 29 -2 -16 -8 -38 6 1 -2 -16 -15 28 -12 -5 -6 -1 17 5 -18 -1 -2 8 9 -17 -5 8 -6 11 4 -15 11 15 -1 -13 12 15 -23 7 -5
2 15 -4 -6 -10 13 8 16 2 7 13 10 4 15 -3 2 10 -9 18 -31 4 -12 17 -5 2 6 11 -13 -19 -3 -36 -9 -3 5 3 -19 24 -7 -8 -5 -1 7 -1 -1 -20 -4 6 -23 -24 -3 11 -5 5 -10 -17 3 15 1 -1 13 18 -14 6 8
-2 18 -11 6 -2 1 8 17 3 -5 28 -14 -24 21 5 -1 -9 11 2 -35 27 0 11 -10 16 13 13 -11 -15 0 -38 10 12 5 2 -25 -4 -15 -3 7 15 -2 -3 -12 3 -15 6 5 -1 0 0 -12 21 -4 -20 -4 17 12 -24 9 14 -13 -18 26
5 27 -19 6 -13 14 4 0 4 12 22 -2 3 7 5 -7 11 11 -13 -30 22 3 2 -7 8 8 -13 -1 3 -13 -63 6 10 12 8 -4 -24 0 13 -6 17 -8 4 -10 4 2 6 8 -12 -4 -16 -10 24 10 -11 14 9 10 -11 3 2 28 -10 16
21 36 -2 0 -3 11 -9 -11 10 -12 17 -1 36 7 -30 -19 10 3 10 -21 11 7 19 -5 0 18 2 -10 -7 2 -89 9 -6 25 1 -1 -4 19 27 -25 21 4 8 1 3 1 -12 4 -23 -11 -7 -8 13 10 1 7 15 4 -24 15 0 37 1 -19
-2 21 -30 4 -5 18 0 -3 3 9 31 -13 7 8 6 0 15 16 -7 -40 11 -2 2 -8 6 0 -13 -13 -9 -4 -63 4 10 14 3 -2 -14 6 13 -3 15 1 8 -20 1 4 4 12 -14 -4 -7 -13 25 8 -17 19 -2 5 -12 14 4 41 -15 19
11 12 -9 15 -6 18 11 -7 5 -8 28 -8 22 7 -3 -6 -5 23 10 -37 2 8 7 -9 5 10 -10 -16 -18 -7 -73 9 2 15 7 -22 -2 19 17 -12 4 2 17 -9 -12 -11 10 -4 -9 0 -3 -9 11 12 -11 2 2 1 -1 1 9 40 3 31
-10 19 -10 9 -19 9 4 -8 13 -18 26 2 10 9 2 3 -5 3 7 -56 2 18 12 4 5 -6 21 -8 -11 0 -71 -1 -15 22 7 -9 -28 9 15 -10 9 -2 26 -14 -10 -6 17 1 -4 -4 -2 -5 6 14 -20 20 -10 22 -16 16 6 -8 5 18
-27 0 -7 1 -8 -5 5 -4 12 -17 14 -16 -10 13 -7 7 -2 7 -7 -40 16 6 21 15 1 5 48 10 -12 -4 -58 -6 -10 25 5 -12 -16 8 16 4 15 -4 26 -13 -8 -3 15 -2 7 3 5 -5 11 30 -11 8 0 22 -23 -4 4 -29 5 9
6 30 -1 13 -22 7 -7 -8 16 -19 13 12 29 7 -14 6 -2 -1 14 -47 2 19 15 4 4 6 26 -3 -13 5 -75 1 -15 25 1 -13 -3 19 28 -14 6 10 27 13 -13 5 5 -1 -9 -4 -18 -3 7 26 -16 6 -4 15 -18 17 -8 14 14 8
-5 10 -11 12 -16 7 -2 -4 14 -13 33 -2 5 1 -3 8 -5 4 12 -37 4 16 16 10 9 0 16 -11 -6 5 -60 4 -17 14 5 -15 -14 21 22 -12 7 -8 28 -6 -8 0 14 9 -9 -6 -1 2 16 22 -19 7 -5 14 -9 24 10 15 8 17
5 18 11 -2 -1 0 12 -18 -2 -8 13 -9 12 28 4 1 1 17 9 -39 12 15 5 8 4 -10 39 -15 -8 -9 -61 15 -12 4 -1 -6 2 14 -6 -19 3 2 21 1 -4 -1 17 10 -12 -15 -12 2 -1 7 -16 13 -15 6 0 5 11 43 3 26
7 11 -7 1 -10 4 7 -5 -3 -15 19 5 5 10 9 -14 -4 11 18 -37 10 10 10 -2 11 -6 22 -13 0 0 -59 -4 -19 14 6 -10 -1 12 7 -11 1 -8 18 -8 -3 4 5 -2 -22 -13 -10 -10 3 12 -9 7 -7 13 -3 15 16 41 0 32
-12 15 -13 5 6 6 4 -1 3 -23 27 -14 18 9 11 5 2 14 5 -34 9 16 13 -3 10 -9 32 -13 -13 9 -61 2 -10 6 -6 -2 8 17 0 -5 5 7 34 -10 0 7 7 2 -21 -21 -11 -7 19 0 -19 4 -12 12 -3 3 8 32 3 19
-12 1 0 1 -6 10 18 4 4 -26 17 3 7 14 -3 2 9 6 15 -36 20 19 4 -1 16 -4 37 -8 -10 -7 -56 9 -16 17 -8 -13 16 4 1 0 -8 0 27 4 -10 -4 8 -8 -6 5 2 -4 6 13 -19 14 -5 4 -16 -1 29 14 18 38
-12 6 -18 1 3 3 -2 2 13 -19 20 -11 4 18 -2 9 3 2 13 -39 14 14 19 -7 11 -2 23 -16 -3 -6 -59 -8 -8 4 -1 -9 0 12 6 -4 11 -3 32 0 -2 -10 8 3 -9 10 -2 -8 22 24 -14 9 -20 11 4 7 18 18 18 27
-8 16 -17 13 -12 -5 0 -13 24 -23 1 26 47 16 -17 -4 1 6 13 -29 -5 8 20 -28 2 16 18 8 11 -4 -77 4 -5 8 3 9 -4 8 31 -5 16 -4 22 -11 6 -6 -17 -5 -6 -5 -5 6 8 16 -19 -13 5 -1 -21 8 13 21 -5 -12
-6 -2 -1 0 5 0 -1 -5 -6 3 -9 5 15 0 -12 -2 0 5 5 4 3 -5 0 -7 5 9 1 3 5 -8 -60 4 -4 -7 -2 -1 18 7 4 -2 3 6 3 -4 -4 -7 5 -1 3 6 7 9 -6 -1 11 -9 -3 -1 0 5 -4 0 1 -4
-7 26 -4 10 -4 12 -6 17 4 5 -3 0 9 0 -16 2 1 22 1 -10 0 -1 14 -17 -6 6 9 16 1 6 -75 1 9 1 -3 -2 -39 -13 23 -12 5 1 -10 -6 -5 -21 0 18 -26 -10 3 -11 7 8 3 7 -4 30 -15 13 10 23 5 -22
-11 23 -17 10 0 3 -12 11 16 -6 0 -1 15 6 -24 1 3 15 -7 -21 2 15 -2 -15 -11 10 -3 9 -3 6 -81 15 4 -5 -7 -3 -35 7 15 -15 3 -10 -1 -10 -6 -17 2 6 -12 -8 15 -17 19 20 0 -5 -3 29 -22 11 7 23 14 -28
-6 33 3 4 -15 2 0 25 -2 21 24 7 -11 1 -12 8 4 12 9 -16 -3 1 14 -4 -4 28 0 -2 -2 -3 -57 6 7 2 -6 -5 -38 -15 19 -6 3 -4 -11 -11 1 -13 7 19 -19 -5 5 -18 6 -2 -11 14 6 13 -18 23 5 22 -5 -9
11 20 5 3 7 -5 11 19 -6 -5 15 -7 -8 12 -17 -2 3 5 9 -26 12 -5 14 -1 4 18 30 -2 -5 -36 -47 24 5 0 -6 -19 22 -21 -4 -6 -7 10 -17 -10 -6 -1 18 12 -18 7 12 -9 -10 -3 -5 20 22 12 -5 14 10 8 -1 -11
-3 12 5 4 9 -9 17 9 7 -3 29 -3 -14 -3 -2 1 -4 16 2 -28 15 -1 21 -25 -5 24 20 7 -13 -7 -36 5 -2 1 -23 -24 16 -17 -2 -3 4 17 -2 -14 -4 -12 5 16 -18 0 8 -12 8 0 -8 8 9 3 -12 14 15 -8 5 -5
-17 23 5 4 4 16 7 32 6 13 18 5 -2 12 -7 9 2 6 21 -26 1 -6 18 -9 -3 8 13 -6 -9 -7 -42 -4 -4 2 -8 -22 4 -5 -2 2 -6 6 1 -1 -17 -10 14 -15 -31 5 18 -13 3 -15 -4 2 11 14 -2 18 17 0 1 -3
-8 19 -4 7 4 -5 6 29 -2 9 23 -15 -19 14 -9 8 -3 11 4 -17 13 7 15 -14 12 15 8 6 -18 1 -47 -1 7 0 -5 -30 -19 -9 3 9 12 -3 -2 -19 4 -12 8 16 0 -3 -3 -16 16 -8 -12 4 1 20 -26 5 17 6 -19 13
-10 27 -8 15 -9 8 6 11 8 24 32 -6 5 -1 0 -3 6 17 -4 -19 4 7 7 -4 2 16 -20 1 -3 -3 -62 4 8 13 4 -17 -32 -4 14 -5 6 -4 -9 -17 -4 -7 11 18 -14 2 0 -18 13 7 -5 10 -1 14 -14 7 8 35 -6 8
-5 17 -17 14 3 8 -3 20 4 20 32 -17 2 4 -7 5 12 21 2 -16 4 3 11 -10 0 9 -16 6 -13 -3 -53 2 4 11 -6 -4 -18 0 15 0 8 0 -1 -15 -3 -6 5 24 -17 -3 -3 -7 17 7 -5 4 -11 13 -17 11 -1 42 -15 8
11 17 -1 15 -1 10 9 21 3 9 41 -3 10 0 -9 -2 5 21 17 -19 -8 9 16 -16 4 2 -11 3 -28 -6 -64 3 1 7 1 -22 0 13 25 -7 -4 6 16 -4 -8 -9 16 13 -10 5 0 -19 13 8 -6 1 -5 7 -8 0 14 50 1 14
-15 4 -18 7 -3 -11 -3 14 17 -3 37 -14 -4 16 -7 -4 -8 11 8 -8 -15 18 11 0 -4 7 22 7 -3 1 -63 -16 -13 0 5 -7 -31 -3 21 -6 5 -1 12 -17 -2 -3 10 16 -12 6 14 1 15 17 -5 7 -6 29 -18 17 3 13 6 -7
-6 24 10 3 3 2 14 6 1 10 27 -18 15 20 -1 -3 -3 20 11 -20 10 18 9 7 2 -2 31 -7 -14 -17 -64 6 -3 -5 -8 -6 -9 2 1 -11 1 1 18 0 -8 -9 21 12 -7 -10 -2 0 -2 2 -16 4 -18 11 0 16 8 50 4 14
-6 22 0 2 5 2 9 13 3 3 36 1 -9 13 -6 -5 -10 5 13 -24 3 16 14 -7 -5 -4 11 -4 -9 0 -47 -9 -12 4 -6 -16 -21 -8 8 -3 -1 2 6 -18 -2 -8 14 12 -23 -4 -3 -12 8 7 -13 -2 -13 21 -5 12 11 36 2 14
-17 18 -8 13 7 -4 7 3 7 -8 39 -16 14 16 -7 13 -5 16 10 -17 -4 15 13 -15 1 -3 33 0 -17 5 -62 6 -11 4 -5 -7 4 16 -1 -6 4 12 23 -10 1 -8 13 11 -22 -18 -2 -8 14 6 -19 -3 -16 16 -6 1 8 40 6 15
-18 13 8 10 -4 2 24 15 5 -18 30 0 4 17 -8 1 6 7 17 -26 19 15 6 -2 3 -3 31 4 -5 -1 -56 11 -18 6 -12 -26 7 3 5 -3 -24 -2 22 3 -4 -16 14 -8 -16 5 14 0 3 10 -14 7 -6 8 -23 4 27 13 12 27
-12 17 -8 8 6 -11 -1 15 13 -5 37 -8 4 14 -9 17 -4 4 15 -29 -2 16 14 -12 1 1 11 -12 -11 -1 -58 -11 -10 11 -8 -14 -17 9 8 -6 9 4 22 -7 -3 -15 13 16 -11 10 -8 -12 14 10 -8 6 -23 15 2 1 21 25 9 10
-11 12 -5 15 -7 7 -5 -3 19 -14 11 20 43 7 -30 -3 4 9 16 -23 -13 14 14 -20 -2 16 6 6 1 -5 -84 -4 -6 15 5 -5 -17 9 34 -7 21 3 19 -12 3 -16 -12 3 -8 10 -4 -7 13 9 -15 2 -7 3 -24 12 3 31 -1 -11
-4 -1 -2 -1 5 0 -2 -2 -5 4 -9 5 13 0 -12 -1 -1 5 5 5 3 -5 -1 -6 4 8 1 4 6 -8 -59 2 -6 -8 -2 -1 17 6 4 -2 4 6 4 -3 -4 -6 4 -1 2 7 7 9 -7 -1 11 -8 -3 -1 0 5 -4 -1 1 -5
0 8 1 6 -3 5 1 -18 3 -8 -17 3 18 -9 -20 -4 -6 0 5 -7 12 -8 -17 -4 13 -2 16 7 14 12 -62 7 -1 9 -3 5 -14 -7 4 -9 9 -17 -9 -6 1 -13 13 7 -17 13 14 -13 9 10 11 -14 0 10 -4 4 3 -2 9 -5
0 8 1 6 -3 5 1 -18 3 -8 -17 3 18 -9 -20 -4 -6 0 5 -7 12 -8 -17 -4 13 -2 16 7 14 12 -62 7 -1 9 -3 5 -14 -7 4 -9 9 -17 -9 -6 1 -13 13 7 -17 13 14 -13 9 10 11 -14 0 10 -4 4 3 -2 9 -5
0 8 1 6 -3 5 1 -18 3 -8 -17 3 18 -9 -20 -4 -6 0 5 -7 12 -8 -17 -4 13 -2 16 7 14 12 -62 7 -1 9 -3 5 -14 -7 4 -9 9 -17 -9 -6 1 -13 13 7 -17 13 14 -13 9 10 11 -14 0 10 -4 4 3 -2 9 -5
0 8 1 6 -3 5 1 -18 3 -8 -17 3 18 -9 -20 -4 -6 0 5 -7 12 -8 -17 -4 13 -2 16 7 14 12 -62 7 -1 9 -3 5 -14 -7 4 -9 9 -17 -9 -6 1 -13 13 7 -17 13 14 -13 9 10 11 -14 0 10 -4 4 3 -2 9 -5
0 8 1 6 -3 5 1 -18 3 -8 -17 3 18 -9 -20 -4 -6 0 5 -7 12 -8 -17 -4 13 -2 16 7 14 12 -62 7 -1 9 -3 5 -14 -7 4 -9 9 -17 -9 -6 1 -13 13 7 -17 13 14 -13 9 10 11 -14 0 10 -4 4 3 -2 9 -5
0 8 1 6 -3 5 1 -18 3 -8 -17 3 18 -9 -20 -4 -6 0 5 -7 12 -8 -17 -4 13 -2 16 7 14 12 -62 7 -1 9 -3 5 -14 -7 4 -9 9 -17 -9 -6 1 -13 13 7 -17 13 14 -13 9 10 11 -14 0 10 -4 4 3 -2 9 -5
0 8 1 6 -3 5 1 -18 3 -8 -17 3 18 -9 -20 -4 -6 0 5 -7 12 -8 -17 -4 13 -2 16 7 14 12 -62 7 -1 9 -3 5 -14 -7 4 -9 9 -17 -9 -6 1 -13 13 7 -17 13 14 -13 9 10 11 -14 0 10 -4 4 3 -2 9 -5
0 8 1 6 -3 5 1 -18 3 -8 -17 3 18 -9 -20 -4 -6 0 5 -7 12 -8 -17 -4 13 -2 16 7 14 12 -62 7 -1 9 -3 5 -14 -7 4 -9 9 -17 -9 -6 1 -13 13 7 -17 13 14 -13 9 10 11 -14 0 10 -4 4 3 -2 9 -5
0 8 1 6 -3 5 1 -18 3 -8 -17 3 18 -9 -20 -4 -6 0 5 -7 12 -8 -17 -4 13 -2 16 7 14 12 -62 7 -1 9 -3 5 -14 -7 4 -9 9 -17 -9 -6 1 -13 13 7 -17 13 14 -13 9 10 11 -14 0 10 -4 4 3 -2 9 -5
0 8 1 6 -3 5 1 -18 3 -8 -17 3 18 -9 -20 -4 -6 0 5 -7 12 -8 -17 -4 13 -2 16 7 14 12 -62 7 -1 9 -3 5 -14 -7 4 -9 9 -17 -9 -6 1 -13 13 7 -17 13 14 -13 9 10 11 -14 0 10 -4 4 3 -2 9 -5
0 8 1 6 -3 5 1 -18 3 -8 -17 3 18 -9 -20 -4 -6 0 5 -7 12 -8 -17 -4 13 -2 16 7 14 12 -62 7 -1 9 -3 5 -14 -7 4 -9 9 -17 -9 -6 1 -13 13 7 -17 13 14 -13 9 10 11 -14 0 10 -4 4 3 -2 9 -5
0 8 1 6 -3 5 1 -18 3 -8 -17 3 18 -9 -20 -4 -6 0 5 -7 12 -8 -17 -4 13 -2 16 7 14 12 -62 7 -1 9 -3 5 -14 -7 4 -9 9 -17 -9 -6 1 -13 13 7 -17 13 14 -13 9 10 11 -14 0 10 -4 4 3 -2 9 -5
0 8 1 6 -3 5 1 -18 3 -8 -17 3 18 -9 -20 -4 -6 0 5 -7 12 -8 -17 -4 13 -2 16 7 14 12 -62 7 -1 9 -3 5 -14 -7 4 -9 9 -17 -9 -6 1 -13 13 7 -17 13 14 -13 9 10 11 -14 0 10 -4 4 3 -2 9 -5
0 8 1 6 -3 5 1 -18 3 -8 -17 3 18 -9 -20 -4 -6 0 5 -7 12 -8 -17 -4 13 -2 16 7 14 12 -62 7 -1 9 -3 5 -14 -7 4 -9 9 -17 -9 -6 1 -13 13 7 -17 13 14 -13 9 10 11 -14 0 10 -4 4 3 -2 9 -5
0 8 1 6 -3 5 1 -18 3 -8 -17 3 18 -9 -20 -4 -6 0 5 -7 12 -8 -17 -4 13 -2 16 7 14 12 -62 7 -1 9 -3 5 -14 -7 4 -9 9 -17 -9 -6 1 -13 13 7 -17 13 14 -13 9 10 11 -14 0 10 -4 4 3 -2 9 -5
0 8 1 6 -3 5 1 -18 3 -8 -17 3 18 -9 -20 -4 -6 0 5 -7 12 -8 -17 -4 13 -2 16 7 14 12 -62 7 -1 9 -3 5 -14 -7 4 -9 9 -17 -9 -6 1 -13 13 7 -17 13 14 -13 9 10 11 -14 0 10 -4 4 3 -2 9 -5
0 8 1 6 -3 5 1 -18 3 -8 -17 3 18 -9 -20 -4 -6 0 5 -7 12 -8 -17 -4 13 -2 16 7 14 12 -62 7 -1 9 -3 5 -14 -7 4 -9 9 -17 -9 -6 1 -13 13 7 -17 13 14 -13 9 10 11 -14 0 10 -4 4 3 -2 9 -5
0 8 1 6 -3 5 1 -18 3 -8 -17 3 18 -9 -20 -4 -6 0 5 -7 12 -8 -17 -4 13 -2 16 7 14 12 -62 7 -1 9 -3 5 -14 -7 4 -9 9 -17 -9 -6 1 -13 13 7 -17 13 14 -13 9 10 11 -14 0 10 -4 4 3 -2 9 -5
0 8 1 6 -3 5 1 -18 3 -8 -17 3 18 -9 -20 -4 -6 0 5 -7 12 -8 -17 -4 13 -2 16 7 14 12 -62 7 -1 9 -3 5 -14 -7 4 -9 9 -17 -9 -6 1 -13 13 7 -17 13 14 -13 9 10 11 -14 0 10 -4 4 3 -2 9 -5
0 8 1 6 -3 5 1 -18 3 -8 -17 3 18 -9 -20 -4 -6 0 5 -7 12 -8 -17 -4 13 -2 16 7 14 12 -62 7 -1 9 -3 5 -14 -7 4 -9 9 -17 -9 -6 1 -13 13 7 -17 13 14 -13 9 10 11 -14 0 10 -4 4 3 -2 9 -5
0 8 1 6 -3 5 1 -18 3 -8 -17 3 18 -9 -20 -4 -6 0 5 -7 12 -8 -17 -4 13 -2 16 7 14 12 -62 7 -1 9 -3 5 -14 -7 4 -9 9 -17 -9 -6 1 -13 13 7 -17 13 14 -13 9 10 11 -14 0 10 -4 4 3 -2 9 -5
0 8 1 6 -3 5 1 -18 3 -8 -17 3 18 -9 -20 -4 -6 0 5 -7 12 -8 -17 -4 13 -2 16 7 14 12 -62 7 -1 9 -3 5 -14 -7 4 -9 9 -17 -9 -6 1 -13 13 7 -17 13 14 -13 9 10 11 -14 0 10 -4 4 3 -2 9 -5
0 8 1 6 -3 5 1 -18 3 -8 -17 3 18 -9 -20 -4 -6 0 5 -7 12 -8 -17 -4 13 -2 16 7 14 12 -62 7 -1 9 -3 5 -14 -7 4 -9 9 -17 -9 -6 1 -13 13 7 -17 13 14 -13 9 10 11 -14 0 10 -4 4 3 -2 9 -5
0 8 1 6 -3 5 1 -18 3 -8 -17 3 18 -9 -20 -4 -6 0 5 -7 12 -8 -17 -4 13 -2 16 7 14 12 -62 7 -1 9 -3 5 -14 -7 4 -9 9 -17 -9 -6 1 -13 13 7 -17 13 14 -13 9 10 11 -14 0 10 -4 4 3 -2 9 -5
0 8 1 6 -3 5 1 -18 3 -8 -17 3 18 -9 -20 -4 -6 0 5 -7 12 -8 -17 -4 13 -2 16 7 14 12 -62 7 -1 9 -3 5 -14 -7 4 -9 9 -17 -9 -6 1 -13 13 7 -17 13 14 -13 9 10 11 -14 0 10 -4 4 3 -2 9 -5
0 8 1 6 -3 5 1 -18 3 -8 -17 3 18 -9 -20 -4 -6 0 5 -7 12 -8 -17 -4 13 -2 16 7 14 12 -62 7 -1 9 -3 5 -14 -7 4 -9 9 -17 -9 -6 1 -13 13 7 -17 13 14 -13 9 10 11 -14 0 10 -4 4 3 -2 9 -5
0 8 1 6 -3 5 1 -18 3 -8 -17 3 18 -9 -20 -4 -6 0 5 -7 12 -8 -17 -4 13 -2 16 7 14 12 -62 7 -1 9 -3 5 -14 -7 4 -9 9 -17 -9 -6 1 -13 13 7 -17 13 14 -13 9 10 11 -14 0 10 -4 4 3 -2 9 -5
0 8 1 6 -3 5 1 -18 3 -8 -17 3 18 -9 -20 -4 -6 0 5 -7 12 -8 -17 -4 13 -2 16 7 14 12 -62 7 -1 9 -3 5 -14 -7 4 -9 9 -17 -9 -6 1 -13 13 7 -17 13 14 -13 9 10 11 -14 0 10 -4 4 3 -2 9 -5
0 8 1 6 -3 5 1 -18 3 -8 -17 3 18 -9 -20 -4 -6 0 5 -7 12 -8 -17 -4 13 -2 16 7 14 12 -62 7 -1 9 -3 5 -14 -7 4 -9 9 -17 -9 -6 1 -13 13 7 -17 13 14 -13 9 10 11 -14 0 10 -4 4 3 -2 9 -5
0 8 1 6 -3 5 1 -18 3 -8 -17 3 18 -9 -20 -4 -6 0 5 -7 12 -8 -17 -4 13 -2 16 7 14 12 -62 7 -1 9 -3 5 -14 -7 4 -9 9 -17 -9 -6 1 -13 13 7 -17 13 14 -13 9 10 11 -14 0 10 -4 4 3 -2 9 -5
0 8 1 6 -3 5 1 -18 3 -8 -17 3 18 -9 -20 -4 -6 0 5 -7 12 -8 -17 -4 13 -2 16 7 14 12 -62 7 -1 9 -3 5 -14 -7 4 -9 9 -17 -9 -6 1 -13 13 7 -17 13 14 -13 9 10 11 -14 0 10 -4 4 3 -2 9 -5
0 8 1 6 -3 5 1 -18 3 -8 -17 3 18 -9 -20 -4 -6 0 5 -7 12 -8 -17 -4 13 -2 16 7 14 12 -62 7 -1 9 -3 5 -14 -7 4 -9 9 -17 -9 -6 1 -13 13 7 -17 13 14 -13 9 10 11 -14 0 10 -4 4 3 -2 9 -5
0 8 1 6 -3 5 1 -18 3 -8 -17 3 18 -9 -20 -4 -6 0 5 -7 12 -8 -17 -4 13 -2 16 7 14 12 -62 7 -1 9 -3 5 -14 -7 4 -9 9 -17 -9 -6 1 -13 13 7 -17 13 14 -13 9 10 11 -14 0 10 -4 4 3 -2 9 -5
0 8 1 6 -3 5 1 -18 3 -8 -17 3 18 -9 -20 -4 -6 0 5 -7 12 -8 -17 -4 13 -2 16 7 14 12 -62 7 -1 9 -3 5 -14 -7 4 -9 9 -17 -9 -6 1 -13 13 7 -17 13 14 -13 9 10 11 -14 0 10 -4 4 3 -2 9 -5
0 8 1 6 -3 5 1 -18 3 -8 -17 3 18 -9 -20 -4 -6 0 5 -7 12 -8 -17 -4 13 -2 16 7 14 12 -62 7 -1 9 -3 5 -14 -7 4 -9 9 -17 -9 -6 1 -13 13 7 -17 13 14 -13 9 10 11 -14 0 10 -4 4 3 -2 9 -5
0 8 1 6 -3 5 1 -18 3 -8 -17 3 18 -9 -20 -4 -6 0 5 -7 12 -8 -17 -4 13 -2 16 7 14 12 -62 7 -1 9 -3 5 -14 -7 4 -9 9 -17 -9 -6 1 -13 13 7 -17 13 14 -13 9 10 11 -14 0 10 -4 4 3 -2 9 -5
0 8 1 6 -3 5 1 -18 3 -8 -17 3 18 -9 -20 -4 -6 0 5 -7 12 -8 -17 -4 13 -2 16 7 14 12 -62 7 -1 9 -3 5 -14 -7 4 -9 9 -17 -9 -6 1 -13 13 7 -17 13 14 -13 9 10 11 -14 0 10 -4 4 3 -2 9 -5
0 8 1 6 -3 5 1 -18 3 -8 -17 3 18 -9 -20 -4 -6 0 5 -7 12 -8 -17 -4 13 -2 16 7 14 12 -62 7 -1 9 -3 5 -14 -7 4 -9 9 -17 -9 -6 1 -13 13 7 -17 13 14 -13 9 10 11 -14 0 10 -4 4 3 -2 9 -5
0 8 1 6 -3 5 1 -18 3 -8 -17 3 18 -9 -20 -4 -6 0 5 -7 12 -8 -17 -4 13 -2 16 7 14 12 -62 7 -1 9 -3 5 -14 -7 4 -9 9 -17 -9 -6 1 -13 13 7 -17 13 14 -13 9 10 11 -14 0 10 -4 4 3 -2 9 -5
0 8 1 6 -3 5 1 -18 3 -8 -17 3 18 -9 -20 -4 -6 0 5 -7 12 -8 -17 -4 13 -2 16 7 14 12 -62 7 -1 9 -3 5 -14 -7 4 -9 9 -17 -9 -6 1 -13 13 7 -17 13 14 -13 9 10 11 -14 0 10 -4 4 3 -2 9 -5
0 8 1 6 -3 5 1 -18 3 -8 -17 3 18 -9 -20 -4 -6 0 5 -7 12 -8 -17 -4 13 -2 16 7 14 12 -62 7 -1 9 -3 5 -14 -7 4 -9 9 -17 -9 -6 1 -13 13 7 -17 13 14 -13 9 10 11 -14 0 10 -4 4 3 -2 9 -5
0 8 1 6 -3 5 1 -18 3 -8 -17 3 18 -9 -20 -4 -6 0 5 -7 12 -8 -17 -4 13 -2 16 7 14 12 -62 7 -1 9 -3 5 -14 -7 4 -9 9 -17 -9 -6 1 -13 13 7 -17 13 14 -13 9 10 11 -14 0 10 -4 4 3 -2 9 -5
0 8 1 6 -3 5 1 -18 3 -8 -17 3 18 -9 -20 -4 -6 0 5 -7 12 -8 -17 -4 13 -2 16 7 14 12 -62 7 -1 9 -3 5 -14 -7 4 -9 9 -17 -9 -6 1 -13 13 7 -17 13 14 -13 9 10 11 -14 0 10 -4 4 3 -2 9 -5
0 8 1 6 -3 5 1 -18 3 -8 -17 3 18 -9 -20 -4 -6 0 5 -7 12 -8 -17 -4 13 -2 16 7 14 12 -62 7 -1 9 -3 5 -14 -7 4 -9 9 -17 -9 -6 1 -13 13 7 -17 13 14 -13 9 10 11 -14 0 10 -4 4 3 -2 9 -5
0 8 1 6 -3 5 1 -18 3 -8 -17 3 18 -9 -20 -4 -6 0 5 -7 12 -8 -17 -4 13 -2 16 7 14 12 -62 7 -1 9 -3 5 -14 -7 4 -9 9 -17 -9 -6 1 -13 13 7 -17 13 14 -13 9 10 11 -14 0 10 -4 4 3 -2 9 -5
0 8 1 6 -3 5 1 -18 3 -8 -17 3 18 -9 -20 -4 -6 0 5 -7 12 -8 -17 -4 13 -2 16 7 14 12 -62 7 -1 9 -3 5 -14 -7 4 -9 9 -17 -9 -6 1 -13 13 7 -17 13 14 -13 9 10 11 -14 0 10 -4 4 3 -2 9 -5
0 8 1 6 -3 5 1 -18 3 -8 -17 3 18 -9 -20 -4 -6 0 5 -7 12 -8 -17 -4 13 -2 16 7 14 12 -62 7 -1 9 -3 5 -14 -7 4 -9 9 -17 -9 -6 1 -13 13 7 -17 13 14 -13 9 10 11 -14 0 10 -4 4 3 -2 9 -5
0 8 1 6 -3 5 1 -18 3 -8 -17 3 18 -9 -20 -4 -6 0 5 -7 12 -8 -17 -4 13 -2 16 7 14 12 -62 7 -1 9 -3 5 -14 -7 4 -9 9 -17 -9 -6 1 -13 13 7 -17 13 14 -13 9 10 11 -14 0 10 -4 4 3 -2 9 -5
0 8 1 6 -3 5 1 -18 3 -8 -17 3 18 -9 -20 -4 -6 0 5 -7 12 -8 -17 -4 13 -2 16 7 14 12 -62 7 -1 9 -3 5 -14 -7 4 -9 9 -17 -9 -6 1 -13 13 7 -17 13 14 -13 9 10 11 -14 0 10 -4 4 3 -2 9 -5
0 8 1 6 -3 5 1 -18 3 -8 -17 3 18 -9 -20 -4 -6 0 5 -7 12 -8 -17 -4 13 -2 16 7 14 12 -62 7 -1 9 -3 5 -14 -7 4 -9 9 -17 -9 -6 1 -13 13 7 -17 13 14 -13 9 10 11 -14 0 10 -4 4 3 -2 9 -5
0 8 1 6 -3 5 1 -18 3 -8 -17 3 18 -9 -20 -4 -6 0 5 -7 12 -8 -17 -4 13 -2 16 7 14 12 -62 7 -1 9 -3 5 -14 -7 4 -9 9 -17 -9 -6 1 -13 13 7 -17 13 14 -13 9 10 11 -14 0 10 -4 4 3 -2 9 -5
0 8 1 6 -3 5 1 -18 3 -8 -17 3 18 -9 -20 -4 -6 0 5 -7 12 -8 -17 -4 13 -2 16 7 14 12 -62 7 -1 9 -3 5 -14 -7 4 -9 9 -17 -9 -6 1 -13 13 7 -17 13 14 -13 9 10 11 -14 0 10 -4 4 3 -2 9 -5
0 8 1 6 -3 5 1 -18 3 -8 -17 3 18 -9 -20 -4 -6 0 5 -7 12 -8 -17 -4 13 -2 16 7 14 12 -62 7 -1 9 -3 5 -14 -7 4 -9 9 -17 -9 -6 1 -13 13 7 -17 13 14 -13 9 10 11 -14 0 10 -4 4 3 -2 9 -5
0 8 1 6 -3 5 1 -18 3 -8 -17 3 18 -9 -20 -4 -6 0 5 -7 12 -8 -17 -4 13 -2 16 7 14 12 -62 7 -1 9 -3 5 -14 -7 4 -9 9 -17 -9 -6 1 -13 13 7 -17 13 14 -13 9 10 11 -14 0 10 -4 4 3 -2 9 -5
0 8 1 6 -3 5 1 -18 3 -8 -17 3 18 -9 -20 -4 -6 0 5 -7 12 -8 -17 -4 13 -2 16 7 14 12 -62 7 -1 9 -3 5 -14 -7 4 -9 9 -17 -9 -6 1 -13 13 7 -17 13 14 -13 9 10 11 -14 0 10 -4 4 3 -2 9 -5
0 8 1 6 -3 5 1 -18 3 -8 -17 3 18 -9 -20 -4 -6 0 5 -7 12 -8 -17 -4 13 -2 16 7 14 12 -62 7 -1 9 -3 5 -14 -7 4 -9 9 -17 -9 -6 1 -13 13 7 -17 13 14 -13 9 10 11 -14 0 10 -4 4 3 -2 9 -5
0 8 1 6 -3 5 1 -18 3 -8 -17 3 18 -9 -20 -4 -6 0 5 -7 12 -8 -17 -4 13 -2 16 7 14 12 -62 7 -1 9 -3 5 -14 -7 4 -9 9 -17 -9 -6 1 -13 13 7 -17 13 14 -13 9 10 11 -14 0 10 -4 4 3 -2 9 -5
0 8 1 6 -3 5 1 -18 3 -8 -17 3 18 -9 -20 -4 -6 0 5 -7 12 -8 -17 -4 13 -2 16 7 14 12 -62 7 -1 9 -3 5 -14 -7 4 -9 9 -17 -9 -6 1 -13 13 7 -17 13 14 -13 9 10 11 -14 0 10 -4 4 3 -2 9 -5
0 8 1 6 -3 5 1 -18 3 -8 -17 3 18 -9 -20 -4 -6 0 5 -7 12 -8 -17 -4 13 -2 16 7 14 12 -62 7 -1 9 -3 5 -14 -7 4 -9 9 -17 -9 -6 1 -13 13 7 -17 13 14 -13 9 10 11 -14 0 10 -4 4 3 -2 9 -5
0 8 1 6 -3 5 1 -18 3 -8 -17 3 18 -9 -20 -4 -6 0 5 -7 12 -8 -17 -4 13 -2 16 7 14 12 -62 7 -1 9 -3 5 -14 -7 4 -9 9 -17 -9 -6 1 -13 13 7 -17 13 14 -13 9 10 11 -14 0 10 -4 4 3 -2 9 -5
0 8 1 6 -3 5 1 -18 3 -8 -17 3 18 -9 -20 -4 -6 0 5 -7 12 -8 -17 -4 13 -2 16 7 14 12 -62 7 -1 9 -3 5 -14 -7 4 -9 9 -17 -9 -6 1 -13 13 7 -17 13 14 -13 9 10 11 -14 0 10 -4 4 3 -2 9 -5
0 8 1 6 -3 5 1 -18 3 -8 -17 3 18 -9 -20 -4 -6 0 5 -7 12 -8 -17 -4 13 -2 16 7 14 12 -62 7 -1 9 -3 5 -14 -7 4 -9 9 -17 -9 -6 1 -13 13 7 -17 13 14 -13 9 10 11 -14 0 10 -4 4 3 -2 9 -5
0 8 1 6 -3 5 1 -18 3 -8 -17 3 18 -9 -20 -4 -6 0 5 -7 12 -8 -17 -4 13 -2 16 7 14 12 -62 7 -1 9 -3 5 -14 -7 4 -9 9 -17 -9 -6 1 -13 13 7 -17 13 14 -13 9 10 11 -14 0 10 -4 4 3 -2 9 -5
0 8 1 6 -3 5 1 -18 3 -8 -17 3 18 -9 -20 -4 -6 0 5 -7 12 -8 -17 -4 13 -2 16 7 14 12 -62 7 -1 9 -3 5 -14 -7 4 -9 9 -17 -9 -6 1 -13 13 7 -17 13 14 -13 9 10 11 -14 0 10 -4 4 3 -2 9 -5
0 8 1 6 -3 5 1 -18 3 -8 -17 3 18 -9 -20 -4 -6 0 5 -7 12 -8 -17 -4 13 -2 16 7 14 12 -62 7 -1 9 -3 5 -14 -7 4 -9 9 -17 -9 -6 1 -13 13 7 -17 13 14 -13 9 10 11 -14 0 10 -4 4 3 -2 9 -5
0 8 1 6 -3 5 1 -18 3 -8 -17 3 18 -9 -20 -4 -6 0 5 -7 12 -8 -17 -4 13 -2 16 7 14 12 -62 7 -1 9 -3 5 -14 -7 4 -9 9 -17 -9 -6 1 -13 13 7 -17 13 14 -13 9 10 11 -14 0 10 -4 4 3 -2 9 -5
0 8 1 6 -3 5 1 -18 3 -8 -17 3 18 -9 -20 -4 -6 0 5 -7 12 -8 -17 -4 13 -2 16 7 14 12 -62 7 -1 9 -3 5 -14 -7 4 -9 9 -17 -9 -6 1 -13 13 7 -17 13 14 -13 9 10 11 -14 0 10 -4 4 3 -2 9 -5
0 8 1 6 -3 5 1 -18 3 -8 -17 3 18 -9 -20 -4 -6 0 5 -7 12 -8 -17 -4 13 -2 16 7 14 12 -62 7 -1 9 -3 5 -14 -7 4 -9 9 -17 -9 -6 1 -13 13 7 -17 13 14 -13 9 10 11 -14 0 10 -4 4 3 -2 9 -5
0 8 1 6 -3 5 1 -18 3 -8 -17 3 18 -9 -20 -4 -6 0 5 -7 12 -8 -17 -4 13 -2 16 7 14 12 -62 7 -1 9 -3 5 -14 -7 4 -9 9 -17 -9 -6 1 -13 13 7 -17 13 14 -13 9 10 11 -14 0 10 -4 4 3 -2 9 -5
0 8 1 6 -3 5 1 -18 3 -8 -17 3 18 -9 -20 -4 -6 0 5 -7 12 -8 -17 -4 13 -2 16 7 14 12 -62 7 -1 9 -3 5 -14 -7 4 -9 9 -17 -9 -6 1 -13 13 7 -17 13 14 -13 9 10 11 -14 0 10 -4 4 3 -2 9 -5
0 8 1 6 -3 5 1 -18 3 -8 -17 3 18 -9 -20 -4 -6 0 5 -7 12 -8 -17 -4 13 -2 16 7 14 12 -62 7 -1 9 -3 5 -14 -7 4 -9 9 -17 -9 -6 1 -13 13 7 -17 13 14 -13 9 10 11 -14 0 10 -4 4 3 -2 9 -5
0 8 1 6 -3 5 1 -18 3 -8 -17 3 18 -9 -20 -4 -6 0 5 -7 12 -8 -17 -4 13 -2 16 7 14 12 -62 7 -1 9 -3 5 -14 -7 4 -9 9 -17 -9 -6 1 -13 13 7 -17 13 14 -13 9 10 11 -14 0 10 -4 4 3 -2 9 -5
0 8 1 6 -3 5 1 -18 3 -8 -17 3 18 -9 -20 -4 -6 0 5 -7 12 -8 -17 -4 13 -2 16 7 14 12 -62 7 -1 9 -3 5 -14 -7 4 -9 9 -17 -9 -6 1 -13 13 7 -17 13 14 -13 9 10 11 -14 0 10 -4 4 3 -2 9 -5
0 8 1 6 -3 5 1 -18 3 -8 -17 3 18 -9 -20 -4 -6 0 5 -7 12 -8 -17 -4 13 -2 16 7 14 12 -62 7 -1 9 -3 5 -14 -7 4 -9 9 -17 -9 -6 1 -13 13 7 -17 13 14 -13 9 10 11 -14 0 10 -4 4 3 -2 9 -5
0 8 1 6 -3 5 1 -18 3 -8 -17 3 18 -9 -20 -4 -6 0 5 -7 12 -8 -17 -4 13 -2 16 7 14 12 -62 7 -1 9 -3 5 -14 -7 4 -9 9 -17 -9 -6 1 -13 13 7 -17 13 14 -13 9 10 11 -14 0 10 -4 4 3 -2 9 -5
0 8 1 6 -3 5 1 -18 3 -8 -17 3 18 -9 -20 -4 -6 0 5 -7 12 -8 -17 -4 13 -2 16 7 14 12 -62 7 -1 9 -3 5 -14 -7 4 -9 9 -17 -9 -6 1 -13 13 7 -17 13 14 -13 9 10 11 -14 0 10 -4 4 3 -2 9 -5
0 8 1 6 -3 5 1 -18 3 -8 -17 3 18 -9 -20 -4 -6 0 5 -7 12 -8 -17 -4 13 -2 16 7 14 12 -62 7 -1 9 -3 5 -14 -7 4 -9 9 -17 -9 -6 1 -13 13 7 -17 13 14 -13 9 10 11 -14 0 10 -4 4 3 -2 9 -5
0 8 1 6 -3 5 1 -18 3 -8 -17 3 18 -9 -20 -4 -6 0 5 -7 12 -8 -17 -4 13 -2 16 7 14 12 -62 7 -1 9 -3 5 -14 -7 4 -9 9 -17 -9 -6 1 -13 13 7 -17 13 14 -13 9 10 11 -14 0 10 -4 4 3 -2 9 -5
0 8 1 6 -3 5 1 -18 3 -8 -17 3 18 -9 -20 -4 -6 0 5 -7 12 -8 -17 -4 13 -2 16 7 14 12 -62 7 -1 9 -3 5 -14 -7 4 -9 9 -17 -9 -6 1 -13 13 7 -17 13 14 -13 9 10 11 -14 0 10 -4 4 3 -2 9 -5
0 8 1 6 -3 5 1 -18 3 -8 -17 3 18 -9 -20 -4 -6 0 5 -7 12 -8 -17 -4 13 -2 16 7 14 12 -62 7 -1 9 -3 5 -14 -7 4 -9 9 -17 -9 -6 1 -13 13 7 -17 13 14 -13 9 10 11 -14 0 10 -4 4 3 -2 9 -5
0 8 1 6 -3 5 1 -18 3 -8 -17 3 18 -9 -20 -4 -6 0 5 -7 12 -8 -17 -4 13 -2 16 7 14 12 -62 7 -1 9 -3 5 -14 -7 4 -9 9 -17 -9 -6 1 -13 13 7 -17 13 14 -13 9 10 11 -14 0 10 -4 4 3 -2 9 -5
0 8 1 6 -3 5 1 -18 3 -8 -17 3 18 -9 -20 -4 -6 0 5 -7 12 -8 -17 -4 13 -2 16 7 14 12 -62 7 -1 9 -3 5 -14 -7 4 -9 9 -17 -9 -6 1 -13 13 7 -17 13 14 -13 9 10 11 -14 0 10 -4 4 3 -2 9 -5
0 8 1 6 -3 5 1 -18 3 -8 -17 3 18 -9 -20 -4 -6 0 5 -7 12 -8 -17 -4 13 -2 16 7 14 12 -62 7 -1 9 -3 5 -14 -7 4 -9 9 -17 -9 -6 1 -13 13 7 -17 13 14 -13 9 10 11 -14 0 10 -4 4 3 -2 9 -5
0 8 1 6 -3 5 1 -18 3 -8 -17 3 18 -9 -20 -4 -6 0 5 -7 12 -8 -17 -4 13 -2 16 7 14 12 -62 7 -1 9 -3 5 -14 -7 4 -9 9 -17 -9 -6 1 -13 13 7 -17 13 14 -13 9 10 11 -14 0 10 -4 4 3 -2 9 -5
0 8 1 6 -3 5 1 -18 3 -8 -17 3 18 -9 -20 -4 -6 0 5 -7 12 -8 -17 -4 13 -2 16 7 14 12 -62 7 -1 9 -3 5 -14 -7 4 -9 9 -17 -9 -6 1 -13 13 7 -17 13 14 -13 9 10 11 -14 0 10 -4 4 3 -2 9 -5
0 8 1 6 -3 5 1 -18 3 -8 -17 3 18 -9 -20 -4 -6 0 5 -7 12 -8 -17 -4 13 -2 16 7 14 12 -62 7 -1 9 -3 5 -14 -7 4 -9 9 -17 -9 -6 1 -13 13 7 -17 13 14 -13 9 10 11 -14 0 10 -4 4 3 -2 9 -5
0 8 1 6 -3 5 1 -18 3 -8 -17 3 18 -9 -20 -4 -6 0 5 -7 12 -8 -17 -4 13 -2 16 7 14 12 -62 7 -1 9 -3 5 -14 -7 4 -9 9 -17 -9 -6 1 -13 13 7 -17 13 14 -13 9 10 11 -14 0 10 -4 4 3 -2 9 -5
