-2 -2 -2 1 0 0 1 2 -1 2 -2 -1 -2 0 2 -1 0 -1 1 -2 -2 0 -1 1 2 0 1 -1 1 1 0 1 0 1 1 -3 -2 2 0 4 1 0 0 1 2 1 -1 0 2 -2 2 1 1 1 1 -1 1 0 1 1 0 1 -2 0
5 8 -15 16 5 -30 -17 -13 14 -30 5 8 -12 9 -10 12 6 14 16 -19 -26 -3 8 4 -13 7 -21 11 -1 31 15 3 -10 2 0 31 3 0 0 -9 5 -1 -40 -10 -22 9 -10 3 24 7 -22 -15 3 -20 0 26 10 -14 -34 -34 21 -3 35 1
15 -14 30 16 -5 -3 -19 -14 -35 51 2 12 12 5 -11 12 12 28 22 -8 -29 14 9 22 4 7 7 7 -18 66 10 -3 -7 -10 -1 -28 3 -3 -14 -2 -10 -13 -36 -4 -16 17 2 -15 -2 10 -12 -3 -24 21 -4 8 17 -10 -26 -41 37 -2 12 2
12 -23 -1 -12 5 3 1 16 -14 18 -1 -13 -3 -18 9 2 14 2 -4 10 -16 2 -6 9 1 -5 -4 0 -9 13 27 22 -17 -13 1 -4 17 21 -22 11 -10 -2 11 -5 -6 -10 9 -13 3 -5 -20 16 -16 -5 15 -1 6 -11 -38 -5 7 8 22 -10
7 -23 -5 9 11 0 -14 -14 -8 0 4 10 -14 -10 -8 -15 -3 -8 -1 18 -17 -2 -22 0 3 12 -17 -3 -16 8 19 -26 -22 8 14 -19 11 14 13 27 -18 13 -21 16 -20 1 -9 19 14 26 -4 16 -38 -29 -2 25 -10 -2 -21 -30 -15 -7 7 -36
-4 -9 -8 -6 -3 15 -19 12 23 20 -17 19 -3 7 4 1 -13 8 7 27 -15 -8 -4 -20 22 16 -16 -2 17 -3 39 -9 -39 13 4 6 18 7 20 28 -18 31 -17 5 1 12 -13 9 -5 12 -7 24 -14 -54 -12 16 -5 21 -14 -42 -29 -15 26 -6
12 -27 -20 27 5 30 -26 2 9 21 -4 11 6 -4 16 -7 0 -4 -7 1 -23 6 -42 -5 -9 -6 11 -6 -17 1 32 -13 -10 -5 17 -14 14 5 -9 1 14 -2 7 -14 -10 -5 -3 10 1 18 14 4 -20 -12 4 3 4 12 -12 -27 -36 17 30 -5
6 -11 11 4 -8 4 -19 -11 -11 6 2 21 -24 -7 -5 20 1 -1 20 3 3 -1 -14 -5 10 -24 14 -11 -23 -17 29 -13 1 14 6 -12 0 -2 10 26 -29 -7 -19 -3 -4 0 -16 5 3 -11 -16 7 -37 -7 -4 -7 1 -17 -23 -12 -15 4 -9 -3
-23 1 33 13 -22 4 6 15 -17 14 -29 -33 -18 -28 -2 -7 -13 -19 9 -25 -12 -2 -21 23 -7 -28 8 -12 -3 32 14 -4 -35 10 14 30 6 -2 4 -16 -14 1 22 -44 3 18 -26 -18 -18 14 -6 -27 8 -28 -6 -12 -9 12 -4 10 -7 6 -11 -9
-14 -11 13 15 16 14 5 9 5 4 -10 6 37 -11 33 7 -1 -12 -6 -6 23 -37 9 23 23 2 4 -22 -17 20 17 10 -32 -4 12 23 53 6 11 5 0 -26 -11 9 -11 -18 -32 9 9 -1 -13 -12 0 3 -14 17 2 -9 22 -2 -4 1 21 27
-17 19 13 -3 -8 -8 11 18 -18 9 -26 -5 -3 -27 -22 28 1 1 -3 -16 1 -15 -17 31 -19 -33 -7 -27 -3 29 -12 -9 -39 36 10 45 9 10 -20 -12 -23 -6 26 -53 11 -6 -13 -35 -5 31 -13 -6 -4 -15 -38 20 -4 -5 4 14 -19 0 -58 2
17 -15 19 5 -8 20 -9 12 3 -21 -22 8 -8 5 10 17 -5 16 9 6 1 -23 -29 7 -22 -26 -16 -28 -9 -5 1 4 8 17 11 19 6 2 13 9 10 7 -13 -41 0 6 -36 -17 27 14 -13 23 -11 -30 -10 -13 12 -25 6 8 -22 13 -27 1
17 -8 -23 -5 -16 2 -6 11 -14 7 -20 -3 -16 -8 3 6 1 -8 -7 3 7 7 -1 -13 -3 -4 1 -51 0 -7 -2 14 -31 -4 5 1 0 8 -9 -2 -12 6 -1 8 -5 -10 -3 -21 21 -11 -15 23 2 -17 9 -2 -15 -10 -24 -11 -2 12 1 -23
-1 -1 -14 1 -18 -8 -18 -12 -21 12 -33 1 -21 -1 4 0 -16 -12 24 12 5 -12 -6 16 18 8 3 -21 1 -13 -8 0 -33 -2 7 -1 -4 -16 -8 -12 -7 31 9 13 -12 -10 9 4 19 -7 -9 47 -28 -25 18 13 7 -5 -15 -5 6 9 6 -29
-12 -21 8 25 31 2 -2 4 9 24 -15 2 14 -24 16 10 -11 -11 4 -31 8 3 3 25 18 17 15 -53 -17 -4 19 -12 -22 -9 16 -24 35 4 8 25 -6 -21 -5 17 20 -29 -15 15 12 -2 3 -6 7 -3 1 6 5 -14 9 -16 -3 -1 27 20
21 -27 2 26 9 2 -10 10 -10 1 -9 -26 7 -2 -5 13 2 3 9 16 -8 0 -14 22 -1 -3 -10 -34 -19 -8 6 -13 1 6 23 -23 11 4 -3 15 -18 4 24 -3 26 -19 8 8 20 26 -2 -13 -2 5 5 -14 11 -20 -7 -14 5 10 14 0
29 -16 23 15 -5 -4 -11 15 -8 5 6 -2 4 0 2 -10 4 -14 28 -14 17 -11 -16 9 -20 -3 -9 -25 -22 -13 35 -17 3 0 22 -19 5 -37 7 22 7 30 -8 9 5 -15 2 0 26 26 13 -24 -19 -28 -13 20 -11 -22 -14 6 -3 -13 -25 -32
5 -15 10 13 5 -1 -10 9 3 14 2 -14 -15 -14 0 -11 -2 5 12 8 0 -20 -34 21 1 9 -26 -55 -6 -1 15 -10 -7 16 29 -7 14 -16 -5 21 -13 -20 1 4 3 1 15 -8 18 8 -11 -16 -4 7 -5 -6 3 -28 -22 7 12 4 -18 -17
21 -15 2 13 -6 7 -4 27 11 2 -5 -1 10 -14 -11 -12 2 2 16 -19 21 -16 -29 26 -4 -20 -8 -34 -32 -5 18 -10 10 -5 27 -8 19 -22 12 17 3 5 11 -13 13 -3 -17 33 19 16 -2 -15 -3 10 -14 2 -15 -24 -16 -24 6 -3 -23 -1
8 -13 22 21 -5 5 -7 -7 10 -11 -1 -7 -7 8 -13 12 12 -5 31 -12 21 -9 -17 0 12 -13 6 -33 -25 13 38 3 -2 -23 24 1 20 6 6 19 -20 33 -1 0 28 -14 -8 14 27 37 11 -14 -31 4 -27 -9 0 -54 -9 -12 -15 -40 8 4
23 -8 11 3 -23 15 -1 11 -15 -17 -6 -16 25 -22 26 -10 -14 -9 4 6 19 -14 19 15 16 -13 6 -19 -39 -12 24 2 12 -2 25 -19 18 -23 -5 29 4 5 -19 -6 19 5 -24 12 27 5 -7 8 -9 3 -26 -11 -7 -1 -15 -20 -10 -42 -3 2
-7 12 1 1 -4 10 -15 -4 7 14 18 -6 7 7 8 15 -14 -3 -5 10 15 -8 5 11 -18 27 18 44 -4 0 14 5 -11 16 3 -20 -5 -5 -4 -8 -5 10 3 -14 20 0 7 -12 30 28 15 1 2 -18 -1 -7 -13 -5 -29 -13 -11 -11 24 -5
0 -1 9 -8 1 21 1 -13 -12 0 6 -11 -7 2 4 -20 -7 26 3 5 32 3 -29 -27 -19 7 3 82 -4 -7 17 16 -19 1 2 -23 -17 15 -10 -10 0 -12 -9 5 10 8 7 17 -5 1 4 -7 27 -11 4 -10 -3 5 -28 0 10 -11 -16 -8
-10 -2 5 -6 -4 21 26 -12 -6 8 1 -12 -11 -9 -1 -7 -8 6 6 6 31 18 -42 -28 -13 -12 5 57 -9 -16 9 2 -16 -4 5 -13 -11 22 -2 -18 -1 -9 -11 17 -2 18 6 6 -18 7 -13 -8 19 -3 -7 1 10 -1 -12 -2 1 -10 -16 1
3 -17 -1 4 21 32 25 4 9 16 -3 -8 -6 -4 -3 10 -16 26 3 6 3 -22 19 4 23 2 17 24 -1 2 13 4 -50 -11 -19 -19 18 4 -12 17 12 -8 -24 -26 1 -3 -2 15 0 -2 18 -5 4 -14 9 -1 -15 3 -24 -12 -15 11 -10 15
11 -23 -5 -6 0 6 7 10 -17 28 5 -10 -16 -34 3 1 13 0 -10 11 -4 5 3 2 1 -6 -7 6 -3 12 33 13 -16 -10 -2 -21 21 24 -20 7 0 5 12 -10 5 -6 12 -19 -7 0 -8 4 -31 -3 8 -12 -5 -10 -38 -3 10 -4 8 -3
-2 -25 -1 4 15 18 -9 -20 -1 5 0 4 -6 -9 -3 -22 -8 -8 -4 16 -16 7 -22 -6 3 16 -21 4 -3 -6 13 -28 -27 18 8 -25 14 13 7 21 -14 15 -16 10 -12 0 -4 20 13 20 -12 8 -35 -25 3 27 -3 3 -28 -27 -6 -3 0 -37
-7 -24 -10 -5 -1 16 -24 11 32 21 -11 30 0 10 5 -7 -19 1 4 25 -19 -2 -12 -15 18 8 -9 0 16 0 36 -8 -31 22 4 3 11 6 25 26 -23 39 -21 10 8 12 -6 3 -5 10 -12 17 -19 -62 -15 20 -14 21 -15 -48 -29 -18 20 2
7 -33 -20 28 12 39 -21 -10 4 23 -2 9 14 2 19 -12 -5 -12 -6 -2 -20 -2 -36 -2 1 -10 11 0 -5 -2 20 -15 -10 4 20 -20 25 4 -6 -2 24 8 1 -13 -4 -12 0 -1 12 17 2 3 -16 -16 7 -1 5 19 -14 -22 -37 15 37 -4
-1 -13 0 -4 3 10 -17 -23 -3 -1 3 24 -13 1 -10 19 7 -16 12 3 2 -6 -11 -14 14 -15 17 -21 -5 -21 24 -6 5 9 0 -7 1 0 4 10 -32 -3 -20 -10 4 -4 -10 9 8 -16 -9 10 -41 -3 -5 -3 -1 -6 -21 -10 -11 -6 -4 -18
-24 2 26 7 -6 13 3 4 -9 8 -25 -18 -14 -17 -4 1 -9 -27 4 -22 -20 6 -18 17 -9 -25 3 -15 2 29 10 -4 -35 28 0 15 11 5 -9 -14 -20 9 14 -28 4 12 -28 -23 -13 9 -12 -5 1 -14 -7 -9 -18 23 -14 18 -10 8 -14 -5
-23 22 26 -24 -3 -12 16 15 -13 6 -26 2 -9 -28 -11 8 -1 2 5 -20 -5 -21 -24 15 3 -36 7 -27 11 43 -22 8 -56 50 0 57 25 -7 -26 -29 -38 -5 34 -48 28 -27 -24 -43 -29 32 -13 -5 2 -5 -38 12 0 -9 -1 4 -12 -19 -65 0
16 -28 23 15 0 23 -10 -3 -1 -13 -11 7 -12 -4 20 14 -11 15 1 10 13 -21 -20 9 -29 -29 -7 -29 -1 -4 -3 4 12 20 12 22 8 -1 5 1 9 6 -6 -40 3 12 -33 -17 17 20 -20 24 -10 -35 -17 -13 12 -21 -1 2 -22 13 -26 3
13 -6 0 9 37 10 4 3 -12 -7 -19 -2 3 -5 11 19 20 -7 1 19 8 -13 8 -1 -10 -3 1 -31 10 -21 7 2 -10 -14 21 -15 6 -12 -12 23 4 12 10 -5 25 -17 4 10 8 0 -12 8 -8 4 10 0 -11 -33 -31 -27 1 1 -16 -17
29 -18 17 15 -4 3 -6 8 3 9 15 4 5 -5 3 -8 8 -14 19 -19 18 -2 -15 14 -19 -4 -4 -16 -5 -16 35 -15 1 -2 27 -23 8 -45 6 18 7 34 -7 3 10 -21 12 -1 29 18 9 -19 -21 -29 -16 18 -7 -17 -21 -1 5 -18 -27 -33
9 -18 0 17 14 7 -11 4 10 4 -1 -14 -13 -15 -2 -18 -2 6 -4 1 7 -15 -41 30 4 11 -18 -51 -3 2 11 -22 1 23 28 -19 26 -16 2 16 -12 -12 6 5 5 5 15 2 13 5 -14 -16 -3 5 -5 3 6 -34 -26 10 5 13 -13 -24
18 -15 0 11 2 13 5 19 21 0 1 3 0 -12 -13 -13 4 7 13 -13 19 -19 -31 21 -12 -23 -14 -35 -28 -4 15 -12 5 -7 25 2 13 -22 6 5 -1 14 0 -22 16 0 -13 28 14 18 10 -15 0 10 -20 9 -17 -24 -13 -25 11 7 -33 0
12 -30 8 24 -12 9 -7 -3 10 -16 -4 -8 -4 13 -11 11 5 -7 29 -13 24 -6 -23 2 16 -23 9 -31 -21 3 32 -2 5 -21 17 2 17 7 7 18 -16 35 -2 -5 39 -10 -15 8 26 31 11 -14 -29 4 -29 -5 7 -46 -16 -16 -19 -40 3 9
28 -13 0 3 -20 11 -1 5 -15 -19 -6 -8 28 -22 20 -18 -19 -6 -2 13 20 -10 17 14 11 -13 5 -19 -38 -16 17 1 13 0 29 -19 17 -19 -11 23 -1 14 -19 -9 26 7 -18 0 24 2 -12 -3 -8 13 -32 -8 -4 0 -21 -14 -8 -38 -13 2
-6 11 4 2 -5 17 -9 -12 5 24 7 0 9 -4 5 18 -18 -6 -5 9 24 1 4 11 -7 31 17 55 -2 -4 16 2 -8 10 9 -24 1 -1 -13 -14 -2 14 -5 -18 40 5 15 -14 22 38 15 -1 4 -22 -9 -5 0 -3 -21 -12 -8 -13 23 -1
10 -1 -8 -6 -10 26 -4 -17 -5 -9 13 -13 -3 2 2 -14 -5 22 -11 13 29 0 -9 -16 -26 15 5 96 0 3 8 0 -20 9 -2 -20 -19 7 -5 -21 -7 -1 2 -2 15 -1 1 11 0 -3 3 3 28 -14 10 -8 -8 7 -40 4 10 0 -16 -8
-14 -3 -6 10 -15 -2 -1 3 -4 6 0 8 -3 -5 -4 3 -7 -10 10 0 -11 -3 -9 13 -3 -4 -21 7 -10 0 14 1 -8 8 2 4 6 16 6 16 -4 2 -14 3 12 2 -7 0 6 12 4 -5 -3 -5 -6 6 -10 -4 -14 3 -4 6 7 3
-14 -3 -6 10 -15 -2 -1 3 -4 6 0 8 -3 -5 -4 3 -7 -10 10 0 -11 -3 -9 13 -3 -4 -21 7 -10 0 14 1 -8 8 2 4 6 16 6 16 -4 2 -14 3 12 2 -7 0 6 12 4 -5 -3 -5 -6 6 -10 -4 -14 3 -4 6 7 3
-14 -3 -6 10 -15 -2 -1 3 -4 6 0 8 -3 -5 -4 3 -7 -10 10 0 -11 -3 -9 13 -3 -4 -21 7 -10 0 14 1 -8 8 2 4 6 16 6 16 -4 2 -14 3 12 2 -7 0 6 12 4 -5 -3 -5 -6 6 -10 -4 -14 3 -4 6 7 3
-14 -3 -6 10 -15 -2 -1 3 -4 6 0 8 -3 -5 -4 3 -7 -10 10 0 -11 -3 -9 13 -3 -4 -21 7 -10 0 14 1 -8 8 2 4 6 16 6 16 -4 2 -14 3 12 2 -7 0 6 12 4 -5 -3 -5 -6 6 -10 -4 -14 3 -4 6 7 3
-14 -3 -6 10 -15 -2 -1 3 -4 6 0 8 -3 -5 -4 3 -7 -10 10 0 -11 -3 -9 13 -3 -4 -21 7 -10 0 14 1 -8 8 2 4 6 16 6 16 -4 2 -14 3 12 2 -7 0 6 12 4 -5 -3 -5 -6 6 -10 -4 -14 3 -4 6 7 3
-14 -3 -6 10 -15 -2 -1 3 -4 6 0 8 -3 -5 -4 3 -7 -10 10 0 -11 -3 -9 13 -3 -4 -21 7 -10 0 14 1 -8 8 2 4 6 16 6 16 -4 2 -14 3 12 2 -7 0 6 12 4 -5 -3 -5 -6 6 -10 -4 -14 3 -4 6 7 3
-14 -3 -6 10 -15 -2 -1 3 -4 6 0 8 -3 -5 -4 3 -7 -10 10 0 -11 -3 -9 13 -3 -4 -21 7 -10 0 14 1 -8 8 2 4 6 16 6 16 -4 2 -14 3 12 2 -7 0 6 12 4 -5 -3 -5 -6 6 -10 -4 -14 3 -4 6 7 3
-14 -3 -6 10 -15 -2 -1 3 -4 6 0 8 -3 -5 -4 3 -7 -10 10 0 -11 -3 -9 13 -3 -4 -21 7 -10 0 14 1 -8 8 2 4 6 16 6 16 -4 2 -14 3 12 2 -7 0 6 12 4 -5 -3 -5 -6 6 -10 -4 -14 3 -4 6 7 3
-14 -3 -6 10 -15 -2 -1 3 -4 6 0 8 -3 -5 -4 3 -7 -10 10 0 -11 -3 -9 13 -3 -4 -21 7 -10 0 14 1 -8 8 2 4 6 16 6 16 -4 2 -14 3 12 2 -7 0 6 12 4 -5 -3 -5 -6 6 -10 -4 -14 3 -4 6 7 3
-14 -3 -6 10 -15 -2 -1 3 -4 6 0 8 -3 -5 -4 3 -7 -10 10 0 -11 -3 -9 13 -3 -4 -21 7 -10 0 14 1 -8 8 2 4 6 16 6 16 -4 2 -14 3 12 2 -7 0 6 12 4 -5 -3 -5 -6 6 -10 -4 -14 3 -4 6 7 3
-14 -3 -6 10 -15 -2 -1 3 -4 6 0 8 -3 -5 -4 3 -7 -10 10 0 -11 -3 -9 13 -3 -4 -21 7 -10 0 14 1 -8 8 2 4 6 16 6 16 -4 2 -14 3 12 2 -7 0 6 12 4 -5 -3 -5 -6 6 -10 -4 -14 3 -4 6 7 3
-14 -3 -6 10 -15 -2 -1 3 -4 6 0 8 -3 -5 -4 3 -7 -10 10 0 -11 -3 -9 13 -3 -4 -21 7 -10 0 14 1 -8 8 2 4 6 16 6 16 -4 2 -14 3 12 2 -7 0 6 12 4 -5 -3 -5 -6 6 -10 -4 -14 3 -4 6 7 3
-14 -3 -6 10 -15 -2 -1 3 -4 6 0 8 -3 -5 -4 3 -7 -10 10 0 -11 -3 -9 13 -3 -4 -21 7 -10 0 14 1 -8 8 2 4 6 16 6 16 -4 2 -14 3 12 2 -7 0 6 12 4 -5 -3 -5 -6 6 -10 -4 -14 3 -4 6 7 3
-14 -3 -6 10 -15 -2 -1 3 -4 6 0 8 -3 -5 -4 3 -7 -10 10 0 -11 -3 -9 13 -3 -4 -21 7 -10 0 14 1 -8 8 2 4 6 16 6 16 -4 2 -14 3 12 2 -7 0 6 12 4 -5 -3 -5 -6 6 -10 -4 -14 3 -4 6 7 3
-14 -3 -6 10 -15 -2 -1 3 -4 6 0 8 -3 -5 -4 3 -7 -10 10 0 -11 -3 -9 13 -3 -4 -21 7 -10 0 14 1 -8 8 2 4 6 16 6 16 -4 2 -14 3 12 2 -7 0 6 12 4 -5 -3 -5 -6 6 -10 -4 -14 3 -4 6 7 3
-14 -3 -6 10 -15 -2 -1 3 -4 6 0 8 -3 -5 -4 3 -7 -10 10 0 -11 -3 -9 13 -3 -4 -21 7 -10 0 14 1 -8 8 2 4 6 16 6 16 -4 2 -14 3 12 2 -7 0 6 12 4 -5 -3 -5 -6 6 -10 -4 -14 3 -4 6 7 3
-14 -3 -6 10 -15 -2 -1 3 -4 6 0 8 -3 -5 -4 3 -7 -10 10 0 -11 -3 -9 13 -3 -4 -21 7 -10 0 14 1 -8 8 2 4 6 16 6 16 -4 2 -14 3 12 2 -7 0 6 12 4 -5 -3 -5 -6 6 -10 -4 -14 3 -4 6 7 3
-14 -3 -6 10 -15 -2 -1 3 -4 6 0 8 -3 -5 -4 3 -7 -10 10 0 -11 -3 -9 13 -3 -4 -21 7 -10 0 14 1 -8 8 2 4 6 16 6 16 -4 2 -14 3 12 2 -7 0 6 12 4 -5 -3 -5 -6 6 -10 -4 -14 3 -4 6 7 3
-14 -3 -6 10 -15 -2 -1 3 -4 6 0 8 -3 -5 -4 3 -7 -10 10 0 -11 -3 -9 13 -3 -4 -21 7 -10 0 14 1 -8 8 2 4 6 16 6 16 -4 2 -14 3 12 2 -7 0 6 12 4 -5 -3 -5 -6 6 -10 -4 -14 3 -4 6 7 3
-14 -3 -6 10 -15 -2 -1 3 -4 6 0 8 -3 -5 -4 3 -7 -10 10 0 -11 -3 -9 13 -3 -4 -21 7 -10 0 14 1 -8 8 2 4 6 16 6 16 -4 2 -14 3 12 2 -7 0 6 12 4 -5 -3 -5 -6 6 -10 -4 -14 3 -4 6 7 3
-14 -3 -6 10 -15 -2 -1 3 -4 6 0 8 -3 -5 -4 3 -7 -10 10 0 -11 -3 -9 13 -3 -4 -21 7 -10 0 14 1 -8 8 2 4 6 16 6 16 -4 2 -14 3 12 2 -7 0 6 12 4 -5 -3 -5 -6 6 -10 -4 -14 3 -4 6 7 3
-14 -3 -6 10 -15 -2 -1 3 -4 6 0 8 -3 -5 -4 3 -7 -10 10 0 -11 -3 -9 13 -3 -4 -21 7 -10 0 14 1 -8 8 2 4 6 16 6 16 -4 2 -14 3 12 2 -7 0 6 12 4 -5 -3 -5 -6 6 -10 -4 -14 3 -4 6 7 3
-14 -3 -6 10 -15 -2 -1 3 -4 6 0 8 -3 -5 -4 3 -7 -10 10 0 -11 -3 -9 13 -3 -4 -21 7 -10 0 14 1 -8 8 2 4 6 16 6 16 -4 2 -14 3 12 2 -7 0 6 12 4 -5 -3 -5 -6 6 -10 -4 -14 3 -4 6 7 3
-14 -3 -6 10 -15 -2 -1 3 -4 6 0 8 -3 -5 -4 3 -7 -10 10 0 -11 -3 -9 13 -3 -4 -21 7 -10 0 14 1 -8 8 2 4 6 16 6 16 -4 2 -14 3 12 2 -7 0 6 12 4 -5 -3 -5 -6 6 -10 -4 -14 3 -4 6 7 3
-14 -3 -6 10 -15 -2 -1 3 -4 6 0 8 -3 -5 -4 3 -7 -10 10 0 -11 -3 -9 13 -3 -4 -21 7 -10 0 14 1 -8 8 2 4 6 16 6 16 -4 2 -14 3 12 2 -7 0 6 12 4 -5 -3 -5 -6 6 -10 -4 -14 3 -4 6 7 3
-14 -3 -6 10 -15 -2 -1 3 -4 6 0 8 -3 -5 -4 3 -7 -10 10 0 -11 -3 -9 13 -3 -4 -21 7 -10 0 14 1 -8 8 2 4 6 16 6 16 -4 2 -14 3 12 2 -7 0 6 12 4 -5 -3 -5 -6 6 -10 -4 -14 3 -4 6 7 3
-14 -3 -6 10 -15 -2 -1 3 -4 6 0 8 -3 -5 -4 3 -7 -10 10 0 -11 -3 -9 13 -3 -4 -21 7 -10 0 14 1 -8 8 2 4 6 16 6 16 -4 2 -14 3 12 2 -7 0 6 12 4 -5 -3 -5 -6 6 -10 -4 -14 3 -4 6 7 3
-14 -3 -6 10 -15 -2 -1 3 -4 6 0 8 -3 -5 -4 3 -7 -10 10 0 -11 -3 -9 13 -3 -4 -21 7 -10 0 14 1 -8 8 2 4 6 16 6 16 -4 2 -14 3 12 2 -7 0 6 12 4 -5 -3 -5 -6 6 -10 -4 -14 3 -4 6 7 3
-14 -3 -6 10 -15 -2 -1 3 -4 6 0 8 -3 -5 -4 3 -7 -10 10 0 -11 -3 -9 13 -3 -4 -21 7 -10 0 14 1 -8 8 2 4 6 16 6 16 -4 2 -14 3 12 2 -7 0 6 12 4 -5 -3 -5 -6 6 -10 -4 -14 3 -4 6 7 3
-14 -3 -6 10 -15 -2 -1 3 -4 6 0 8 -3 -5 -4 3 -7 -10 10 0 -11 -3 -9 13 -3 -4 -21 7 -10 0 14 1 -8 8 2 4 6 16 6 16 -4 2 -14 3 12 2 -7 0 6 12 4 -5 -3 -5 -6 6 -10 -4 -14 3 -4 6 7 3
-14 -3 -6 10 -15 -2 -1 3 -4 6 0 8 -3 -5 -4 3 -7 -10 10 0 -11 -3 -9 13 -3 -4 -21 7 -10 0 14 1 -8 8 2 4 6 16 6 16 -4 2 -14 3 12 2 -7 0 6 12 4 -5 -3 -5 -6 6 -10 -4 -14 3 -4 6 7 3
-14 -3 -6 10 -15 -2 -1 3 -4 6 0 8 -3 -5 -4 3 -7 -10 10 0 -11 -3 -9 13 -3 -4 -21 7 -10 0 14 1 -8 8 2 4 6 16 6 16 -4 2 -14 3 12 2 -7 0 6 12 4 -5 -3 -5 -6 6 -10 -4 -14 3 -4 6 7 3
-14 -3 -6 10 -15 -2 -1 3 -4 6 0 8 -3 -5 -4 3 -7 -10 10 0 -11 -3 -9 13 -3 -4 -21 7 -10 0 14 1 -8 8 2 4 6 16 6 16 -4 2 -14 3 12 2 -7 0 6 12 4 -5 -3 -5 -6 6 -10 -4 -14 3 -4 6 7 3
-14 -3 -6 10 -15 -2 -1 3 -4 6 0 8 -3 -5 -4 3 -7 -10 10 0 -11 -3 -9 13 -3 -4 -21 7 -10 0 14 1 -8 8 2 4 6 16 6 16 -4 2 -14 3 12 2 -7 0 6 12 4 -5 -3 -5 -6 6 -10 -4 -14 3 -4 6 7 3
-14 -3 -6 10 -15 -2 -1 3 -4 6 0 8 -3 -5 -4 3 -7 -10 10 0 -11 -3 -9 13 -3 -4 -21 7 -10 0 14 1 -8 8 2 4 6 16 6 16 -4 2 -14 3 12 2 -7 0 6 12 4 -5 -3 -5 -6 6 -10 -4 -14 3 -4 6 7 3
-14 -3 -6 10 -15 -2 -1 3 -4 6 0 8 -3 -5 -4 3 -7 -10 10 0 -11 -3 -9 13 -3 -4 -21 7 -10 0 14 1 -8 8 2 4 6 16 6 16 -4 2 -14 3 12 2 -7 0 6 12 4 -5 -3 -5 -6 6 -10 -4 -14 3 -4 6 7 3
-14 -3 -6 10 -15 -2 -1 3 -4 6 0 8 -3 -5 -4 3 -7 -10 10 0 -11 -3 -9 13 -3 -4 -21 7 -10 0 14 1 -8 8 2 4 6 16 6 16 -4 2 -14 3 12 2 -7 0 6 12 4 -5 -3 -5 -6 6 -10 -4 -14 3 -4 6 7 3
-14 -3 -6 10 -15 -2 -1 3 -4 6 0 8 -3 -5 -4 3 -7 -10 10 0 -11 -3 -9 13 -3 -4 -21 7 -10 0 14 1 -8 8 2 4 6 16 6 16 -4 2 -14 3 12 2 -7 0 6 12 4 -5 -3 -5 -6 6 -10 -4 -14 3 -4 6 7 3
-14 -3 -6 10 -15 -2 -1 3 -4 6 0 8 -3 -5 -4 3 -7 -10 10 0 -11 -3 -9 13 -3 -4 -21 7 -10 0 14 1 -8 8 2 4 6 16 6 16 -4 2 -14 3 12 2 -7 0 6 12 4 -5 -3 -5 -6 6 -10 -4 -14 3 -4 6 7 3
-14 -3 -6 10 -15 -2 -1 3 -4 6 0 8 -3 -5 -4 3 -7 -10 10 0 -11 -3 -9 13 -3 -4 -21 7 -10 0 14 1 -8 8 2 4 6 16 6 16 -4 2 -14 3 12 2 -7 0 6 12 4 -5 -3 -5 -6 6 -10 -4 -14 3 -4 6 7 3
-14 -3 -6 10 -15 -2 -1 3 -4 6 0 8 -3 -5 -4 3 -7 -10 10 0 -11 -3 -9 13 -3 -4 -21 7 -10 0 14 1 -8 8 2 4 6 16 6 16 -4 2 -14 3 12 2 -7 0 6 12 4 -5 -3 -5 -6 6 -10 -4 -14 3 -4 6 7 3
-14 -3 -6 10 -15 -2 -1 3 -4 6 0 8 -3 -5 -4 3 -7 -10 10 0 -11 -3 -9 13 -3 -4 -21 7 -10 0 14 1 -8 8 2 4 6 16 6 16 -4 2 -14 3 12 2 -7 0 6 12 4 -5 -3 -5 -6 6 -10 -4 -14 3 -4 6 7 3
-14 -3 -6 10 -15 -2 -1 3 -4 6 0 8 -3 -5 -4 3 -7 -10 10 0 -11 -3 -9 13 -3 -4 -21 7 -10 0 14 1 -8 8 2 4 6 16 6 16 -4 2 -14 3 12 2 -7 0 6 12 4 -5 -3 -5 -6 6 -10 -4 -14 3 -4 6 7 3
-14 -3 -6 10 -15 -2 -1 3 -4 6 0 8 -3 -5 -4 3 -7 -10 10 0 -11 -3 -9 13 -3 -4 -21 7 -10 0 14 1 -8 8 2 4 6 16 6 16 -4 2 -14 3 12 2 -7 0 6 12 4 -5 -3 -5 -6 6 -10 -4 -14 3 -4 6 7 3
-14 -3 -6 10 -15 -2 -1 3 -4 6 0 8 -3 -5 -4 3 -7 -10 10 0 -11 -3 -9 13 -3 -4 -21 7 -10 0 14 1 -8 8 2 4 6 16 6 16 -4 2 -14 3 12 2 -7 0 6 12 4 -5 -3 -5 -6 6 -10 -4 -14 3 -4 6 7 3
-14 -3 -6 10 -15 -2 -1 3 -4 6 0 8 -3 -5 -4 3 -7 -10 10 0 -11 -3 -9 13 -3 -4 -21 7 -10 0 14 1 -8 8 2 4 6 16 6 16 -4 2 -14 3 12 2 -7 0 6 12 4 -5 -3 -5 -6 6 -10 -4 -14 3 -4 6 7 3
-14 -3 -6 10 -15 -2 -1 3 -4 6 0 8 -3 -5 -4 3 -7 -10 10 0 -11 -3 -9 13 -3 -4 -21 7 -10 0 14 1 -8 8 2 4 6 16 6 16 -4 2 -14 3 12 2 -7 0 6 12 4 -5 -3 -5 -6 6 -10 -4 -14 3 -4 6 7 3
-14 -3 -6 10 -15 -2 -1 3 -4 6 0 8 -3 -5 -4 3 -7 -10 10 0 -11 -3 -9 13 -3 -4 -21 7 -10 0 14 1 -8 8 2 4 6 16 6 16 -4 2 -14 3 12 2 -7 0 6 12 4 -5 -3 -5 -6 6 -10 -4 -14 3 -4 6 7 3
-14 -3 -6 10 -15 -2 -1 3 -4 6 0 8 -3 -5 -4 3 -7 -10 10 0 -11 -3 -9 13 -3 -4 -21 7 -10 0 14 1 -8 8 2 4 6 16 6 16 -4 2 -14 3 12 2 -7 0 6 12 4 -5 -3 -5 -6 6 -10 -4 -14 3 -4 6 7 3
-14 -3 -6 10 -15 -2 -1 3 -4 6 0 8 -3 -5 -4 3 -7 -10 10 0 -11 -3 -9 13 -3 -4 -21 7 -10 0 14 1 -8 8 2 4 6 16 6 16 -4 2 -14 3 12 2 -7 0 6 12 4 -5 -3 -5 -6 6 -10 -4 -14 3 -4 6 7 3
-14 -3 -6 10 -15 -2 -1 3 -4 6 0 8 -3 -5 -4 3 -7 -10 10 0 -11 -3 -9 13 -3 -4 -21 7 -10 0 14 1 -8 8 2 4 6 16 6 16 -4 2 -14 3 12 2 -7 0 6 12 4 -5 -3 -5 -6 6 -10 -4 -14 3 -4 6 7 3
-14 -3 -6 10 -15 -2 -1 3 -4 6 0 8 -3 -5 -4 3 -7 -10 10 0 -11 -3 -9 13 -3 -4 -21 7 -10 0 14 1 -8 8 2 4 6 16 6 16 -4 2 -14 3 12 2 -7 0 6 12 4 -5 -3 -5 -6 6 -10 -4 -14 3 -4 6 7 3
-14 -3 -6 10 -15 -2 -1 3 -4 6 0 8 -3 -5 -4 3 -7 -10 10 0 -11 -3 -9 13 -3 -4 -21 7 -10 0 14 1 -8 8 2 4 6 16 6 16 -4 2 -14 3 12 2 -7 0 6 12 4 -5 -3 -5 -6 6 -10 -4 -14 3 -4 6 7 3
-14 -3 -6 10 -15 -2 -1 3 -4 6 0 8 -3 -5 -4 3 -7 -10 10 0 -11 -3 -9 13 -3 -4 -21 7 -10 0 14 1 -8 8 2 4 6 16 6 16 -4 2 -14 3 12 2 -7 0 6 12 4 -5 -3 -5 -6 6 -10 -4 -14 3 -4 6 7 3
-14 -3 -6 10 -15 -2 -1 3 -4 6 0 8 -3 -5 -4 3 -7 -10 10 0 -11 -3 -9 13 -3 -4 -21 7 -10 0 14 1 -8 8 2 4 6 16 6 16 -4 2 -14 3 12 2 -7 0 6 12 4 -5 -3 -5 -6 6 -10 -4 -14 3 -4 6 7 3
-14 -3 -6 10 -15 -2 -1 3 -4 6 0 8 -3 -5 -4 3 -7 -10 10 0 -11 -3 -9 13 -3 -4 -21 7 -10 0 14 1 -8 8 2 4 6 16 6 16 -4 2 -14 3 12 2 -7 0 6 12 4 -5 -3 -5 -6 6 -10 -4 -14 3 -4 6 7 3
-14 -3 -6 10 -15 -2 -1 3 -4 6 0 8 -3 -5 -4 3 -7 -10 10 0 -11 -3 -9 13 -3 -4 -21 7 -10 0 14 1 -8 8 2 4 6 16 6 16 -4 2 -14 3 12 2 -7 0 6 12 4 -5 -3 -5 -6 6 -10 -4 -14 3 -4 6 7 3
-14 -3 -6 10 -15 -2 -1 3 -4 6 0 8 -3 -5 -4 3 -7 -10 10 0 -11 -3 -9 13 -3 -4 -21 7 -10 0 14 1 -8 8 2 4 6 16 6 16 -4 2 -14 3 12 2 -7 0 6 12 4 -5 -3 -5 -6 6 -10 -4 -14 3 -4 6 7 3
-14 -3 -6 10 -15 -2 -1 3 -4 6 0 8 -3 -5 -4 3 -7 -10 10 0 -11 -3 -9 13 -3 -4 -21 7 -10 0 14 1 -8 8 2 4 6 16 6 16 -4 2 -14 3 12 2 -7 0 6 12 4 -5 -3 -5 -6 6 -10 -4 -14 3 -4 6 7 3
-14 -3 -6 10 -15 -2 -1 3 -4 6 0 8 -3 -5 -4 3 -7 -10 10 0 -11 -3 -9 13 -3 -4 -21 7 -10 0 14 1 -8 8 2 4 6 16 6 16 -4 2 -14 3 12 2 -7 0 6 12 4 -5 -3 -5 -6 6 -10 -4 -14 3 -4 6 7 3
-14 -3 -6 10 -15 -2 -1 3 -4 6 0 8 -3 -5 -4 3 -7 -10 10 0 -11 -3 -9 13 -3 -4 -21 7 -10 0 14 1 -8 8 2 4 6 16 6 16 -4 2 -14 3 12 2 -7 0 6 12 4 -5 -3 -5 -6 6 -10 -4 -14 3 -4 6 7 3
-14 -3 -6 10 -15 -2 -1 3 -4 6 0 8 -3 -5 -4 3 -7 -10 10 0 -11 -3 -9 13 -3 -4 -21 7 -10 0 14 1 -8 8 2 4 6 16 6 16 -4 2 -14 3 12 2 -7 0 6 12 4 -5 -3 -5 -6 6 -10 -4 -14 3 -4 6 7 3
-14 -3 -6 10 -15 -2 -1 3 -4 6 0 8 -3 -5 -4 3 -7 -10 10 0 -11 -3 -9 13 -3 -4 -21 7 -10 0 14 1 -8 8 2 4 6 16 6 16 -4 2 -14 3 12 2 -7 0 6 12 4 -5 -3 -5 -6 6 -10 -4 -14 3 -4 6 7 3
-14 -3 -6 10 -15 -2 -1 3 -4 6 0 8 -3 -5 -4 3 -7 -10 10 0 -11 -3 -9 13 -3 -4 -21 7 -10 0 14 1 -8 8 2 4 6 16 6 16 -4 2 -14 3 12 2 -7 0 6 12 4 -5 -3 -5 -6 6 -10 -4 -14 3 -4 6 7 3
-14 -3 -6 10 -15 -2 -1 3 -4 6 0 8 -3 -5 -4 3 -7 -10 10 0 -11 -3 -9 13 -3 -4 -21 7 -10 0 14 1 -8 8 2 4 6 16 6 16 -4 2 -14 3 12 2 -7 0 6 12 4 -5 -3 -5 -6 6 -10 -4 -14 3 -4 6 7 3
-14 -3 -6 10 -15 -2 -1 3 -4 6 0 8 -3 -5 -4 3 -7 -10 10 0 -11 -3 -9 13 -3 -4 -21 7 -10 0 14 1 -8 8 2 4 6 16 6 16 -4 2 -14 3 12 2 -7 0 6 12 4 -5 -3 -5 -6 6 -10 -4 -14 3 -4 6 7 3
-14 -3 -6 10 -15 -2 -1 3 -4 6 0 8 -3 -5 -4 3 -7 -10 10 0 -11 -3 -9 13 -3 -4 -21 7 -10 0 14 1 -8 8 2 4 6 16 6 16 -4 2 -14 3 12 2 -7 0 6 12 4 -5 -3 -5 -6 6 -10 -4 -14 3 -4 6 7 3
-14 -3 -6 10 -15 -2 -1 3 -4 6 0 8 -3 -5 -4 3 -7 -10 10 0 -11 -3 -9 13 -3 -4 -21 7 -10 0 14 1 -8 8 2 4 6 16 6 16 -4 2 -14 3 12 2 -7 0 6 12 4 -5 -3 -5 -6 6 -10 -4 -14 3 -4 6 7 3
-14 -3 -6 10 -15 -2 -1 3 -4 6 0 8 -3 -5 -4 3 -7 -10 10 0 -11 -3 -9 13 -3 -4 -21 7 -10 0 14 1 -8 8 2 4 6 16 6 16 -4 2 -14 3 12 2 -7 0 6 12 4 -5 -3 -5 -6 6 -10 -4 -14 3 -4 6 7 3
-14 -3 -6 10 -15 -2 -1 3 -4 6 0 8 -3 -5 -4 3 -7 -10 10 0 -11 -3 -9 13 -3 -4 -21 7 -10 0 14 1 -8 8 2 4 6 16 6 16 -4 2 -14 3 12 2 -7 0 6 12 4 -5 -3 -5 -6 6 -10 -4 -14 3 -4 6 7 3
-14 -3 -6 10 -15 -2 -1 3 -4 6 0 8 -3 -5 -4 3 -7 -10 10 0 -11 -3 -9 13 -3 -4 -21 7 -10 0 14 1 -8 8 2 4 6 16 6 16 -4 2 -14 3 12 2 -7 0 6 12 4 -5 -3 -5 -6 6 -10 -4 -14 3 -4 6 7 3
-14 -3 -6 10 -15 -2 -1 3 -4 6 0 8 -3 -5 -4 3 -7 -10 10 0 -11 -3 -9 13 -3 -4 -21 7 -10 0 14 1 -8 8 2 4 6 16 6 16 -4 2 -14 3 12 2 -7 0 6 12 4 -5 -3 -5 -6 6 -10 -4 -14 3 -4 6 7 3
-14 -3 -6 10 -15 -2 -1 3 -4 6 0 8 -3 -5 -4 3 -7 -10 10 0 -11 -3 -9 13 -3 -4 -21 7 -10 0 14 1 -8 8 2 4 6 16 6 16 -4 2 -14 3 12 2 -7 0 6 12 4 -5 -3 -5 -6 6 -10 -4 -14 3 -4 6 7 3
-14 -3 -6 10 -15 -2 -1 3 -4 6 0 8 -3 -5 -4 3 -7 -10 10 0 -11 -3 -9 13 -3 -4 -21 7 -10 0 14 1 -8 8 2 4 6 16 6 16 -4 2 -14 3 12 2 -7 0 6 12 4 -5 -3 -5 -6 6 -10 -4 -14 3 -4 6 7 3
-14 -3 -6 10 -15 -2 -1 3 -4 6 0 8 -3 -5 -4 3 -7 -10 10 0 -11 -3 -9 13 -3 -4 -21 7 -10 0 14 1 -8 8 2 4 6 16 6 16 -4 2 -14 3 12 2 -7 0 6 12 4 -5 -3 -5 -6 6 -10 -4 -14 3 -4 6 7 3
-14 -3 -6 10 -15 -2 -1 3 -4 6 0 8 -3 -5 -4 3 -7 -10 10 0 -11 -3 -9 13 -3 -4 -21 7 -10 0 14 1 -8 8 2 4 6 16 6 16 -4 2 -14 3 12 2 -7 0 6 12 4 -5 -3 -5 -6 6 -10 -4 -14 3 -4 6 7 3
-14 -3 -6 10 -15 -2 -1 3 -4 6 0 8 -3 -5 -4 3 -7 -10 10 0 -11 -3 -9 13 -3 -4 -21 7 -10 0 14 1 -8 8 2 4 6 16 6 16 -4 2 -14 3 12 2 -7 0 6 12 4 -5 -3 -5 -6 6 -10 -4 -14 3 -4 6 7 3
-14 -3 -6 10 -15 -2 -1 3 -4 6 0 8 -3 -5 -4 3 -7 -10 10 0 -11 -3 -9 13 -3 -4 -21 7 -10 0 14 1 -8 8 2 4 6 16 6 16 -4 2 -14 3 12 2 -7 0 6 12 4 -5 -3 -5 -6 6 -10 -4 -14 3 -4 6 7 3
-14 -3 -6 10 -15 -2 -1 3 -4 6 0 8 -3 -5 -4 3 -7 -10 10 0 -11 -3 -9 13 -3 -4 -21 7 -10 0 14 1 -8 8 2 4 6 16 6 16 -4 2 -14 3 12 2 -7 0 6 12 4 -5 -3 -5 -6 6 -10 -4 -14 3 -4 6 7 3
-14 -3 -6 10 -15 -2 -1 3 -4 6 0 8 -3 -5 -4 3 -7 -10 10 0 -11 -3 -9 13 -3 -4 -21 7 -10 0 14 1 -8 8 2 4 6 16 6 16 -4 2 -14 3 12 2 -7 0 6 12 4 -5 -3 -5 -6 6 -10 -4 -14 3 -4 6 7 3
-14 -3 -6 10 -15 -2 -1 3 -4 6 0 8 -3 -5 -4 3 -7 -10 10 0 -11 -3 -9 13 -3 -4 -21 7 -10 0 14 1 -8 8 2 4 6 16 6 16 -4 2 -14 3 12 2 -7 0 6 12 4 -5 -3 -5 -6 6 -10 -4 -14 3 -4 6 7 3
-14 -3 -6 10 -15 -2 -1 3 -4 6 0 8 -3 -5 -4 3 -7 -10 10 0 -11 -3 -9 13 -3 -4 -21 7 -10 0 14 1 -8 8 2 4 6 16 6 16 -4 2 -14 3 12 2 -7 0 6 12 4 -5 -3 -5 -6 6 -10 -4 -14 3 -4 6 7 3
-14 -3 -6 10 -15 -2 -1 3 -4 6 0 8 -3 -5 -4 3 -7 -10 10 0 -11 -3 -9 13 -3 -4 -21 7 -10 0 14 1 -8 8 2 4 6 16 6 16 -4 2 -14 3 12 2 -7 0 6 12 4 -5 -3 -5 -6 6 -10 -4 -14 3 -4 6 7 3
-14 -3 -6 10 -15 -2 -1 3 -4 6 0 8 -3 -5 -4 3 -7 -10 10 0 -11 -3 -9 13 -3 -4 -21 7 -10 0 14 1 -8 8 2 4 6 16 6 16 -4 2 -14 3 12 2 -7 0 6 12 4 -5 -3 -5 -6 6 -10 -4 -14 3 -4 6 7 3
-14 -3 -6 10 -15 -2 -1 3 -4 6 0 8 -3 -5 -4 3 -7 -10 10 0 -11 -3 -9 13 -3 -4 -21 7 -10 0 14 1 -8 8 2 4 6 16 6 16 -4 2 -14 3 12 2 -7 0 6 12 4 -5 -3 -5 -6 6 -10 -4 -14 3 -4 6 7 3
-14 -3 -6 10 -15 -2 -1 3 -4 6 0 8 -3 -5 -4 3 -7 -10 10 0 -11 -3 -9 13 -3 -4 -21 7 -10 0 14 1 -8 8 2 4 6 16 6 16 -4 2 -14 3 12 2 -7 0 6 12 4 -5 -3 -5 -6 6 -10 -4 -14 3 -4 6 7 3
-14 -3 -6 10 -15 -2 -1 3 -4 6 0 8 -3 -5 -4 3 -7 -10 10 0 -11 -3 -9 13 -3 -4 -21 7 -10 0 14 1 -8 8 2 4 6 16 6 16 -4 2 -14 3 12 2 -7 0 6 12 4 -5 -3 -5 -6 6 -10 -4 -14 3 -4 6 7 3
