3 1 3 2 3 1 2 -2 0 5 -1 2 -2 0 1 0 -2 -2 1 2 0 -4 0 1 4 3 -1 1 1 -2 1 1 0 -1 -2 -1 0 -5 1 -4 1 -2 2 0 1 1 2 -3 -3 5 -1 2 4 1 1 1 -3 -3 -1 3 0 -1 -1 -1
-13 -25 5 -16 1 -16 -4 -11 -21 17 -16 6 8 -9 -18 -5 9 3 -6 -9 -28 21 -6 1 -1 2 -4 8 12 -23 1 11 10 2 -7 -14 0 21 21 -2 -17 -23 16 -19 22 -8 -1 -3 6 -24 -2 -8 23 2 11 -1 13 0 3 -16 12 -11 19 -12
-9 -5 -10 -12 8 4 5 -17 1 18 -3 12 10 -18 -5 -8 12 0 -7 3 -4 13 -16 -4 1 -6 -3 16 6 -19 -5 12 -2 -19 20 -18 6 21 1 -15 -4 -17 -4 -8 7 -7 -11 -7 -10 -16 -14 -19 28 2 -1 -7 22 8 -9 8 0 -2 16 -12
-6 -10 3 -23 -5 9 4 4 -2 18 -3 24 5 -27 -11 0 6 -10 -3 -16 16 7 -9 -1 6 11 -2 22 4 -12 -21 4 -10 -2 18 -1 -9 26 -12 -21 6 2 15 -17 -5 -10 -3 -2 -23 -15 -9 -10 11 12 2 -12 -3 4 -6 3 5 9 6 -11
-34 -8 -8 5 -8 19 10 9 -10 12 -8 6 18 -13 -9 -2 24 -12 2 -7 10 8 -11 -1 2 5 -27 17 11 -18 -30 7 3 12 -15 2 -8 2 6 -17 19 -10 9 -3 21 -13 1 7 6 3 -28 -17 16 35 -4 -8 10 14 11 -4 6 -10 1 3
1 -9 -7 -13 -13 -1 -14 -10 7 10 -5 -10 -13 0 1 -16 18 -19 2 -19 -1 -2 -18 -12 -5 -1 -9 5 -3 -20 -26 -4 0 -8 -5 8 -11 14 -4 -6 17 -18 9 -3 -1 -1 -15 -10 -8 -1 -27 -1 -11 24 -5 -10 9 0 -4 8 -1 8 20 -18
-3 -6 -10 -10 -2 -16 18 -6 -5 -1 5 -9 -5 15 -9 -13 20 -24 -1 -1 -4 0 -24 -11 -2 -1 -9 -2 12 -13 -19 21 -2 -9 2 5 -9 22 -3 -21 6 -8 18 3 8 6 6 -24 -9 -4 -13 -11 4 25 2 -16 2 6 -3 7 -1 -6 10 -19
8 -4 -9 -18 -12 7 -7 -9 -18 -6 0 -2 -26 5 -2 -2 12 -5 14 -11 -18 -6 -14 -18 13 8 -3 13 3 -10 21 10 13 2 9 -14 -3 31 15 -15 22 -19 22 10 -4 -5 -13 -12 -23 12 2 4 22 13 -3 -35 -17 -3 -11 -1 -4 7 15 3
-3 -23 -2 2 -17 -7 -6 -3 0 6 1 13 -13 -3 -1 -19 20 -17 -18 -6 -1 -11 -12 11 -7 7 -14 21 -4 -13 1 2 -6 2 9 -15 5 36 1 0 14 -12 13 4 0 1 -12 -5 -5 -6 -9 17 1 13 9 -24 5 -2 0 -4 -8 6 13 -7
2 -22 -25 -18 -16 21 7 9 -10 -19 34 -1 -5 -18 0 -4 23 -34 4 -1 7 9 -9 -14 13 22 -18 14 21 -19 -5 -4 2 -14 13 -15 17 17 35 -5 -4 -1 -12 -3 4 15 -9 -16 4 -13 -18 8 20 -15 1 -1 40 32 0 -22 -10 -37 -12 -5
14 -26 2 -6 5 -9 8 -12 5 -7 -20 12 3 -27 0 0 -4 -15 -3 12 -8 -3 -6 11 -14 -11 -9 24 -10 -8 4 1 -9 -25 10 -8 24 19 11 7 5 -33 1 -2 -1 -16 -4 5 -1 13 -23 11 14 -8 -7 -16 17 21 -1 -19 -2 -28 33 1
-17 -5 12 -17 8 -14 3 -14 -2 -7 -11 16 4 -9 6 -5 -1 -14 -6 5 -10 -16 0 -4 -3 -4 -16 22 31 -13 -4 15 -10 -11 -1 -13 5 19 -6 -4 -7 -25 2 -12 -4 -2 9 -13 1 11 5 3 13 13 4 -17 19 19 12 -16 -1 -6 17 -2
-11 -4 24 -17 -3 8 2 15 -5 6 9 13 -6 3 -7 10 12 -28 -7 -13 2 -4 3 25 15 14 -16 15 5 -2 11 1 5 0 14 4 -13 37 -5 -2 0 8 0 -13 -4 4 -1 2 -14 6 -10 3 23 14 -21 -12 -3 8 2 7 -8 15 0 0
-13 -9 -9 -17 -10 -7 2 -9 5 3 -3 -5 -3 -22 7 18 -2 -18 6 1 -10 -12 18 -6 -2 14 -21 -1 -14 -4 -7 2 3 -2 6 -20 -2 31 14 -13 -13 -19 11 -2 2 -7 3 13 -18 11 -9 19 18 14 2 -16 0 6 5 2 5 9 7 0
12 -16 -9 -23 -6 16 1 3 -5 -23 52 3 -22 -34 9 13 16 -40 9 -18 -2 2 -25 -1 2 7 -22 7 8 -5 26 1 8 -24 15 -29 7 16 41 1 -7 5 -17 7 -16 10 -4 -28 -26 4 7 11 28 3 -1 -7 31 18 -6 -22 -16 -26 -11 -14
29 -14 6 -29 -14 -13 -6 -26 -13 -24 13 22 5 -54 6 6 -13 -16 14 -10 6 6 -1 10 1 -10 -3 12 0 5 10 5 -1 -10 14 -20 24 16 -12 -8 20 4 -8 -3 -18 -10 20 -5 -24 21 0 -7 7 13 10 -12 18 9 9 -10 6 -7 14 -17
9 -14 -6 8 6 6 2 -22 -11 -21 1 18 -1 -8 -7 -11 -5 -16 -22 0 6 0 22 -8 -1 4 -19 10 9 -16 -17 -13 -15 3 -24 -19 -3 14 -26 14 -9 -13 17 3 11 -6 11 18 -13 11 0 9 23 3 1 -21 10 23 -8 -17 5 17 -1 2
3 -7 24 3 8 27 -8 -1 -16 -25 -3 18 3 -7 -7 4 7 -23 -20 -29 7 9 -7 14 -1 3 -16 27 11 -14 8 -10 -17 -17 -14 -4 13 -9 -7 10 -3 4 10 -19 10 -1 9 18 -15 8 -29 -19 15 26 -1 12 4 23 -10 -13 -3 4 37 -1
6 -3 18 -12 14 6 -13 -16 -5 -24 5 8 2 -17 -13 -8 2 -5 -15 -9 12 -7 15 -17 -15 -20 -7 14 10 -4 -9 6 2 -16 -22 -16 -3 9 -15 20 -6 -23 7 -4 9 -13 0 5 -17 20 -23 7 -8 7 -5 -11 -1 18 -11 -10 13 16 24 -11
3 1 1 5 14 4 -1 -12 -1 -11 -10 5 -12 18 -5 7 14 -12 5 -10 15 10 8 -7 -9 -6 -4 11 6 -3 -2 -6 15 -4 -3 -21 -11 20 1 14 -2 -16 7 0 8 -12 -5 11 -16 21 -16 -14 9 4 -11 -16 12 15 -3 -4 7 25 14 -13
-9 2 -4 -6 -4 13 -2 2 -18 -14 -7 11 -1 11 -3 14 15 -3 17 -3 -4 -17 -5 -9 7 -19 -7 2 3 7 12 -5 -1 15 0 -29 -19 31 0 -5 7 -16 10 5 1 3 1 23 -33 14 -15 3 9 -18 -2 -11 15 7 -3 -6 4 13 19 -4
16 2 -7 -6 -9 21 17 -4 -26 -13 -3 4 4 6 -7 13 5 -20 15 -14 -12 -5 -9 -8 -14 -3 -6 20 7 -2 12 -4 -1 6 -26 11 -23 21 -7 1 -4 -10 3 1 14 17 -3 9 -16 10 -22 -6 8 -5 1 13 17 -16 15 -16 -1 -11 8 -4
21 -20 -1 -18 -9 3 13 1 2 1 10 -17 9 -10 -1 -8 -23 -4 -5 -14 -8 -8 2 -10 -1 10 -12 -1 6 1 13 -15 2 2 2 3 -29 3 -7 17 -4 -28 15 5 8 7 9 13 1 -2 -6 -2 -5 -8 9 6 13 -40 9 -7 0 2 14 -3
-1 -24 4 -4 -5 12 10 -3 3 17 24 2 0 4 -8 -5 -8 -5 -4 -12 5 -9 5 -13 4 -2 -17 -2 -7 -2 4 -16 -15 26 10 4 -3 0 -16 -9 3 -15 10 -9 12 6 -21 1 -16 1 -6 -9 -4 -14 -9 7 0 -30 2 -2 10 -4 12 -15
-16 4 -3 -11 -1 4 24 13 -7 18 26 -27 -1 -19 -9 -22 3 -30 0 -5 -4 -22 -5 -6 5 2 -3 1 12 5 8 -12 -27 -3 20 -6 10 14 -4 1 -21 -32 14 5 -4 2 2 -24 -7 -12 -16 -18 -8 -13 7 0 25 -20 -5 -25 1 -14 -13 -38
-3 0 9 -9 -3 6 11 -8 -6 17 3 17 9 -28 -10 -1 5 -22 -21 -19 23 -3 -10 -7 5 -13 -10 13 9 7 -13 -8 -12 9 19 5 -8 -2 -18 -19 7 2 9 -7 -9 -8 -3 -8 -25 -9 0 -1 -11 8 0 -22 5 5 2 2 16 9 8 -11
-29 6 -11 9 -6 20 13 0 -18 15 -4 7 11 -14 -12 -3 17 -21 5 -16 22 0 -8 -2 3 2 -19 9 5 2 -16 -2 9 12 -17 11 -7 -9 -6 -23 16 -8 7 2 19 -5 -4 7 -1 -3 -18 -17 14 27 3 -9 12 12 8 -5 3 -10 5 4
6 3 -6 -18 -12 5 -12 -6 9 15 -4 -8 -1 4 -11 -22 24 -20 -7 -20 8 -15 -19 -12 -16 -17 -1 -7 -12 0 -22 -10 10 -4 -7 19 -14 0 -11 2 3 -11 16 4 7 -2 -12 -8 -10 4 -24 -1 -11 20 -10 -6 19 1 5 6 4 10 14 -14
-3 10 -9 -9 4 -13 12 -8 -10 4 6 -7 -4 20 -12 -3 24 -30 -3 -17 11 -1 -21 -9 -9 -12 -9 -10 1 7 -10 12 9 -4 -1 19 -3 7 -10 -10 3 -4 15 4 12 3 13 -20 -11 -8 -8 -7 -2 20 8 -8 5 5 0 7 -3 0 10 -16
10 4 -9 -14 -9 0 -6 -8 -24 4 0 -3 -16 10 -7 9 21 -15 6 -20 -1 -13 -13 -15 9 -3 2 1 -2 13 33 -2 19 12 9 -2 -1 24 14 -7 18 -17 13 9 1 -8 -5 -10 -25 10 11 2 20 4 -8 -28 -15 -1 -7 -6 2 3 11 6
-4 -13 0 -1 -15 3 -5 0 0 8 2 13 -2 1 -2 -22 28 -22 -22 -15 14 -9 -17 6 -11 -2 -18 13 -3 6 12 -2 -7 11 9 0 10 11 9 0 14 -13 8 17 13 -11 -7 3 -11 -7 -12 7 12 4 6 -14 14 5 2 6 -12 8 -1 13
4 -14 8 -10 7 -8 0 -1 9 8 -2 0 7 -6 5 4 11 -39 -1 2 5 -8 -11 13 -15 -3 -16 6 -7 7 7 -4 -9 -9 14 7 1 1 10 6 2 -23 11 4 -3 -21 2 -4 -5 2 -9 10 12 -10 1 -1 17 17 10 -16 -3 -39 38 16
-16 6 13 -25 1 -11 1 -8 -3 3 -7 15 16 -3 5 -12 2 -25 4 4 1 -12 2 -7 -10 -13 -15 16 18 4 6 6 -6 -7 0 6 12 -1 -12 -1 -6 -29 3 -2 -12 -8 14 -18 3 7 20 3 10 4 1 -11 17 13 20 -7 1 -10 14 2
4 10 5 -19 -3 4 4 -8 0 -2 -6 10 7 -10 9 6 15 -8 2 -9 12 7 12 -6 1 5 -9 9 -1 13 14 -6 0 23 16 5 -3 7 -23 -11 25 -16 3 5 -14 -18 13 -15 -27 -8 16 6 8 8 -1 -18 9 -1 13 3 6 14 15 -1
14 -10 -4 11 5 2 3 -23 -12 -6 1 15 5 -6 3 -11 9 -26 -12 7 6 2 29 -14 0 7 -19 3 7 -5 -8 -13 -17 5 -24 -2 -5 -3 -24 12 -4 -19 29 6 6 -17 17 -3 -14 11 1 12 18 9 0 -19 10 22 1 -15 6 14 -6 12
4 -12 16 2 -5 20 -6 1 -23 -17 -1 22 4 -10 12 9 18 -33 -11 -17 7 7 -1 11 -6 10 -10 18 3 -1 7 -6 -14 -10 -16 18 15 -24 -9 5 -6 4 33 -14 1 -9 13 0 -8 12 -31 -21 11 33 4 21 8 27 -3 -5 -10 0 30 5
5 0 14 -4 16 -3 -11 -9 -3 -16 12 8 3 -16 4 -6 7 -14 -11 3 6 -6 24 -14 -18 -4 5 10 8 2 6 9 -2 -1 -14 -1 -2 2 -15 20 -12 -28 18 -8 5 -13 1 -16 -12 21 -23 10 -11 14 -1 -11 6 25 3 -5 8 8 22 3
1 -6 0 3 17 -4 0 -6 10 2 0 0 -14 19 6 8 24 -23 13 7 10 4 19 -3 -11 -3 1 8 -1 6 7 3 15 2 -1 -11 -9 10 -1 12 -7 -21 21 7 4 -17 1 -5 -8 28 -11 -5 5 13 -4 -17 12 22 5 2 1 21 16 -14
-6 5 -6 -7 -2 9 -10 13 -20 -5 2 12 -4 14 10 18 18 -17 17 2 -1 -15 11 -8 2 -13 1 -2 -6 16 22 9 1 12 -1 -18 -18 22 6 -6 10 -16 17 13 -9 1 7 20 -22 16 -8 4 4 -10 3 -12 23 17 7 5 1 18 27 -4
17 3 -9 -3 -5 25 12 7 -27 -1 -1 5 -1 3 2 22 2 -21 10 -9 -7 -4 1 1 -14 1 2 15 5 4 18 1 -5 14 -28 19 -20 23 -3 7 0 -11 6 8 19 20 2 4 -23 9 -19 -1 0 3 3 17 23 0 19 -11 -6 -8 15 -7
27 -28 0 -24 -14 -1 10 3 6 11 2 -13 1 -16 7 -3 -25 -14 -6 -14 -10 -5 8 6 1 7 -6 -3 4 4 23 -24 4 2 -7 9 -25 6 -8 19 -11 -20 10 16 -4 -4 15 6 14 -5 -4 2 -13 -6 7 2 9 -34 20 -9 9 18 2 1
15 -6 -10 3 11 1 0 1 15 0 -1 81 -10 4 2 -3 8 13 -18 4 14 8 -9 4 7 20 6 -20 7 -44 7 0 -8 -7 -5 -1 -3 7 10 -17 8 -7 -3 3 5 13 4 -10 -7 29 -8 8 0 0 14 -3 1 -10 1 4 -9 7 7 9
15 -6 -10 3 11 1 0 1 15 0 -1 81 -10 4 2 -3 8 13 -18 4 14 8 -9 4 7 20 6 -20 7 -44 7 0 -8 -7 -5 -1 -3 7 10 -17 8 -7 -3 3 5 13 4 -10 -7 29 -8 8 0 0 14 -3 1 -10 1 4 -9 7 7 9
15 -6 -10 3 11 1 0 1 15 0 -1 81 -10 4 2 -3 8 13 -18 4 14 8 -9 4 7 20 6 -20 7 -44 7 0 -8 -7 -5 -1 -3 7 10 -17 8 -7 -3 3 5 13 4 -10 -7 29 -8 8 0 0 14 -3 1 -10 1 4 -9 7 7 9
15 -6 -10 3 11 1 0 1 15 0 -1 81 -10 4 2 -3 8 13 -18 4 14 8 -9 4 7 20 6 -20 7 -44 7 0 -8 -7 -5 -1 -3 7 10 -17 8 -7 -3 3 5 13 4 -10 -7 29 -8 8 0 0 14 -3 1 -10 1 4 -9 7 7 9
15 -6 -10 3 11 1 0 1 15 0 -1 81 -10 4 2 -3 8 13 -18 4 14 8 -9 4 7 20 6 -20 7 -44 7 0 -8 -7 -5 -1 -3 7 10 -17 8 -7 -3 3 5 13 4 -10 -7 29 -8 8 0 0 14 -3 1 -10 1 4 -9 7 7 9
15 -6 -10 3 11 1 0 1 15 0 -1 81 -10 4 2 -3 8 13 -18 4 14 8 -9 4 7 20 6 -20 7 -44 7 0 -8 -7 -5 -1 -3 7 10 -17 8 -7 -3 3 5 13 4 -10 -7 29 -8 8 0 0 14 -3 1 -10 1 4 -9 7 7 9
15 -6 -10 3 11 1 0 1 15 0 -1 81 -10 4 2 -3 8 13 -18 4 14 8 -9 4 7 20 6 -20 7 -44 7 0 -8 -7 -5 -1 -3 7 10 -17 8 -7 -3 3 5 13 4 -10 -7 29 -8 8 0 0 14 -3 1 -10 1 4 -9 7 7 9
15 -6 -10 3 11 1 0 1 15 0 -1 81 -10 4 2 -3 8 13 -18 4 14 8 -9 4 7 20 6 -20 7 -44 7 0 -8 -7 -5 -1 -3 7 10 -17 8 -7 -3 3 5 13 4 -10 -7 29 -8 8 0 0 14 -3 1 -10 1 4 -9 7 7 9
15 -6 -10 3 11 1 0 1 15 0 -1 81 -10 4 2 -3 8 13 -18 4 14 8 -9 4 7 20 6 -20 7 -44 7 0 -8 -7 -5 -1 -3 7 10 -17 8 -7 -3 3 5 13 4 -10 -7 29 -8 8 0 0 14 -3 1 -10 1 4 -9 7 7 9
15 -6 -10 3 11 1 0 1 15 0 -1 81 -10 4 2 -3 8 13 -18 4 14 8 -9 4 7 20 6 -20 7 -44 7 0 -8 -7 -5 -1 -3 7 10 -17 8 -7 -3 3 5 13 4 -10 -7 29 -8 8 0 0 14 -3 1 -10 1 4 -9 7 7 9
15 -6 -10 3 11 1 0 1 15 0 -1 81 -10 4 2 -3 8 13 -18 4 14 8 -9 4 7 20 6 -20 7 -44 7 0 -8 -7 -5 -1 -3 7 10 -17 8 -7 -3 3 5 13 4 -10 -7 29 -8 8 0 0 14 -3 1 -10 1 4 -9 7 7 9
15 -6 -10 3 11 1 0 1 15 0 -1 81 -10 4 2 -3 8 13 -18 4 14 8 -9 4 7 20 6 -20 7 -44 7 0 -8 -7 -5 -1 -3 7 10 -17 8 -7 -3 3 5 13 4 -10 -7 29 -8 8 0 0 14 -3 1 -10 1 4 -9 7 7 9
15 -6 -10 3 11 1 0 1 15 0 -1 81 -10 4 2 -3 8 13 -18 4 14 8 -9 4 7 20 6 -20 7 -44 7 0 -8 -7 -5 -1 -3 7 10 -17 8 -7 -3 3 5 13 4 -10 -7 29 -8 8 0 0 14 -3 1 -10 1 4 -9 7 7 9
15 -6 -10 3 11 1 0 1 15 0 -1 81 -10 4 2 -3 8 13 -18 4 14 8 -9 4 7 20 6 -20 7 -44 7 0 -8 -7 -5 -1 -3 7 10 -17 8 -7 -3 3 5 13 4 -10 -7 29 -8 8 0 0 14 -3 1 -10 1 4 -9 7 7 9
15 -6 -10 3 11 1 0 1 15 0 -1 81 -10 4 2 -3 8 13 -18 4 14 8 -9 4 7 20 6 -20 7 -44 7 0 -8 -7 -5 -1 -3 7 10 -17 8 -7 -3 3 5 13 4 -10 -7 29 -8 8 0 0 14 -3 1 -10 1 4 -9 7 7 9
15 -6 -10 3 11 1 0 1 15 0 -1 81 -10 4 2 -3 8 13 -18 4 14 8 -9 4 7 20 6 -20 7 -44 7 0 -8 -7 -5 -1 -3 7 10 -17 8 -7 -3 3 5 13 4 -10 -7 29 -8 8 0 0 14 -3 1 -10 1 4 -9 7 7 9
15 -6 -10 3 11 1 0 1 15 0 -1 81 -10 4 2 -3 8 13 -18 4 14 8 -9 4 7 20 6 -20 7 -44 7 0 -8 -7 -5 -1 -3 7 10 -17 8 -7 -3 3 5 13 4 -10 -7 29 -8 8 0 0 14 -3 1 -10 1 4 -9 7 7 9
15 -6 -10 3 11 1 0 1 15 0 -1 81 -10 4 2 -3 8 13 -18 4 14 8 -9 4 7 20 6 -20 7 -44 7 0 -8 -7 -5 -1 -3 7 10 -17 8 -7 -3 3 5 13 4 -10 -7 29 -8 8 0 0 14 -3 1 -10 1 4 -9 7 7 9
15 -6 -10 3 11 1 0 1 15 0 -1 81 -10 4 2 -3 8 13 -18 4 14 8 -9 4 7 20 6 -20 7 -44 7 0 -8 -7 -5 -1 -3 7 10 -17 8 -7 -3 3 5 13 4 -10 -7 29 -8 8 0 0 14 -3 1 -10 1 4 -9 7 7 9
15 -6 -10 3 11 1 0 1 15 0 -1 81 -10 4 2 -3 8 13 -18 4 14 8 -9 4 7 20 6 -20 7 -44 7 0 -8 -7 -5 -1 -3 7 10 -17 8 -7 -3 3 5 13 4 -10 -7 29 -8 8 0 0 14 -3 1 -10 1 4 -9 7 7 9
15 -6 -10 3 11 1 0 1 15 0 -1 81 -10 4 2 -3 8 13 -18 4 14 8 -9 4 7 20 6 -20 7 -44 7 0 -8 -7 -5 -1 -3 7 10 -17 8 -7 -3 3 5 13 4 -10 -7 29 -8 8 0 0 14 -3 1 -10 1 4 -9 7 7 9
15 -6 -10 3 11 1 0 1 15 0 -1 81 -10 4 2 -3 8 13 -18 4 14 8 -9 4 7 20 6 -20 7 -44 7 0 -8 -7 -5 -1 -3 7 10 -17 8 -7 -3 3 5 13 4 -10 -7 29 -8 8 0 0 14 -3 1 -10 1 4 -9 7 7 9
15 -6 -10 3 11 1 0 1 15 0 -1 81 -10 4 2 -3 8 13 -18 4 14 8 -9 4 7 20 6 -20 7 -44 7 0 -8 -7 -5 -1 -3 7 10 -17 8 -7 -3 3 5 13 4 -10 -7 29 -8 8 0 0 14 -3 1 -10 1 4 -9 7 7 9
15 -6 -10 3 11 1 0 1 15 0 -1 81 -10 4 2 -3 8 13 -18 4 14 8 -9 4 7 20 6 -20 7 -44 7 0 -8 -7 -5 -1 -3 7 10 -17 8 -7 -3 3 5 13 4 -10 -7 29 -8 8 0 0 14 -3 1 -10 1 4 -9 7 7 9
15 -6 -10 3 11 1 0 1 15 0 -1 81 -10 4 2 -3 8 13 -18 4 14 8 -9 4 7 20 6 -20 7 -44 7 0 -8 -7 -5 -1 -3 7 10 -17 8 -7 -3 3 5 13 4 -10 -7 29 -8 8 0 0 14 -3 1 -10 1 4 -9 7 7 9
15 -6 -10 3 11 1 0 1 15 0 -1 81 -10 4 2 -3 8 13 -18 4 14 8 -9 4 7 20 6 -20 7 -44 7 0 -8 -7 -5 -1 -3 7 10 -17 8 -7 -3 3 5 13 4 -10 -7 29 -8 8 0 0 14 -3 1 -10 1 4 -9 7 7 9
15 -6 -10 3 11 1 0 1 15 0 -1 81 -10 4 2 -3 8 13 -18 4 14 8 -9 4 7 20 6 -20 7 -44 7 0 -8 -7 -5 -1 -3 7 10 -17 8 -7 -3 3 5 13 4 -10 -7 29 -8 8 0 0 14 -3 1 -10 1 4 -9 7 7 9
15 -6 -10 3 11 1 0 1 15 0 -1 81 -10 4 2 -3 8 13 -18 4 14 8 -9 4 7 20 6 -20 7 -44 7 0 -8 -7 -5 -1 -3 7 10 -17 8 -7 -3 3 5 13 4 -10 -7 29 -8 8 0 0 14 -3 1 -10 1 4 -9 7 7 9
15 -6 -10 3 11 1 0 1 15 0 -1 81 -10 4 2 -3 8 13 -18 4 14 8 -9 4 7 20 6 -20 7 -44 7 0 -8 -7 -5 -1 -3 7 10 -17 8 -7 -3 3 5 13 4 -10 -7 29 -8 8 0 0 14 -3 1 -10 1 4 -9 7 7 9
15 -6 -10 3 11 1 0 1 15 0 -1 81 -10 4 2 -3 8 13 -18 4 14 8 -9 4 7 20 6 -20 7 -44 7 0 -8 -7 -5 -1 -3 7 10 -17 8 -7 -3 3 5 13 4 -10 -7 29 -8 8 0 0 14 -3 1 -10 1 4 -9 7 7 9
15 -6 -10 3 11 1 0 1 15 0 -1 81 -10 4 2 -3 8 13 -18 4 14 8 -9 4 7 20 6 -20 7 -44 7 0 -8 -7 -5 -1 -3 7 10 -17 8 -7 -3 3 5 13 4 -10 -7 29 -8 8 0 0 14 -3 1 -10 1 4 -9 7 7 9
15 -6 -10 3 11 1 0 1 15 0 -1 81 -10 4 2 -3 8 13 -18 4 14 8 -9 4 7 20 6 -20 7 -44 7 0 -8 -7 -5 -1 -3 7 10 -17 8 -7 -3 3 5 13 4 -10 -7 29 -8 8 0 0 14 -3 1 -10 1 4 -9 7 7 9
15 -6 -10 3 11 1 0 1 15 0 -1 81 -10 4 2 -3 8 13 -18 4 14 8 -9 4 7 20 6 -20 7 -44 7 0 -8 -7 -5 -1 -3 7 10 -17 8 -7 -3 3 5 13 4 -10 -7 29 -8 8 0 0 14 -3 1 -10 1 4 -9 7 7 9
15 -6 -10 3 11 1 0 1 15 0 -1 81 -10 4 2 -3 8 13 -18 4 14 8 -9 4 7 20 6 -20 7 -44 7 0 -8 -7 -5 -1 -3 7 10 -17 8 -7 -3 3 5 13 4 -10 -7 29 -8 8 0 0 14 -3 1 -10 1 4 -9 7 7 9
15 -6 -10 3 11 1 0 1 15 0 -1 81 -10 4 2 -3 8 13 -18 4 14 8 -9 4 7 20 6 -20 7 -44 7 0 -8 -7 -5 -1 -3 7 10 -17 8 -7 -3 3 5 13 4 -10 -7 29 -8 8 0 0 14 -3 1 -10 1 4 -9 7 7 9
15 -6 -10 3 11 1 0 1 15 0 -1 81 -10 4 2 -3 8 13 -18 4 14 8 -9 4 7 20 6 -20 7 -44 7 0 -8 -7 -5 -1 -3 7 10 -17 8 -7 -3 3 5 13 4 -10 -7 29 -8 8 0 0 14 -3 1 -10 1 4 -9 7 7 9
15 -6 -10 3 11 1 0 1 15 0 -1 81 -10 4 2 -3 8 13 -18 4 14 8 -9 4 7 20 6 -20 7 -44 7 0 -8 -7 -5 -1 -3 7 10 -17 8 -7 -3 3 5 13 4 -10 -7 29 -8 8 0 0 14 -3 1 -10 1 4 -9 7 7 9
15 -6 -10 3 11 1 0 1 15 0 -1 81 -10 4 2 -3 8 13 -18 4 14 8 -9 4 7 20 6 -20 7 -44 7 0 -8 -7 -5 -1 -3 7 10 -17 8 -7 -3 3 5 13 4 -10 -7 29 -8 8 0 0 14 -3 1 -10 1 4 -9 7 7 9
15 -6 -10 3 11 1 0 1 15 0 -1 81 -10 4 2 -3 8 13 -18 4 14 8 -9 4 7 20 6 -20 7 -44 7 0 -8 -7 -5 -1 -3 7 10 -17 8 -7 -3 3 5 13 4 -10 -7 29 -8 8 0 0 14 -3 1 -10 1 4 -9 7 7 9
15 -6 -10 3 11 1 0 1 15 0 -1 81 -10 4 2 -3 8 13 -18 4 14 8 -9 4 7 20 6 -20 7 -44 7 0 -8 -7 -5 -1 -3 7 10 -17 8 -7 -3 3 5 13 4 -10 -7 29 -8 8 0 0 14 -3 1 -10 1 4 -9 7 7 9
15 -6 -10 3 11 1 0 1 15 0 -1 81 -10 4 2 -3 8 13 -18 4 14 8 -9 4 7 20 6 -20 7 -44 7 0 -8 -7 -5 -1 -3 7 10 -17 8 -7 -3 3 5 13 4 -10 -7 29 -8 8 0 0 14 -3 1 -10 1 4 -9 7 7 9
15 -6 -10 3 11 1 0 1 15 0 -1 81 -10 4 2 -3 8 13 -18 4 14 8 -9 4 7 20 6 -20 7 -44 7 0 -8 -7 -5 -1 -3 7 10 -17 8 -7 -3 3 5 13 4 -10 -7 29 -8 8 0 0 14 -3 1 -10 1 4 -9 7 7 9
15 -6 -10 3 11 1 0 1 15 0 -1 81 -10 4 2 -3 8 13 -18 4 14 8 -9 4 7 20 6 -20 7 -44 7 0 -8 -7 -5 -1 -3 7 10 -17 8 -7 -3 3 5 13 4 -10 -7 29 -8 8 0 0 14 -3 1 -10 1 4 -9 7 7 9
15 -6 -10 3 11 1 0 1 15 0 -1 81 -10 4 2 -3 8 13 -18 4 14 8 -9 4 7 20 6 -20 7 -44 7 0 -8 -7 -5 -1 -3 7 10 -17 8 -7 -3 3 5 13 4 -10 -7 29 -8 8 0 0 14 -3 1 -10 1 4 -9 7 7 9
15 -6 -10 3 11 1 0 1 15 0 -1 81 -10 4 2 -3 8 13 -18 4 14 8 -9 4 7 20 6 -20 7 -44 7 0 -8 -7 -5 -1 -3 7 10 -17 8 -7 -3 3 5 13 4 -10 -7 29 -8 8 0 0 14 -3 1 -10 1 4 -9 7 7 9
15 -6 -10 3 11 1 0 1 15 0 -1 81 -10 4 2 -3 8 13 -18 4 14 8 -9 4 7 20 6 -20 7 -44 7 0 -8 -7 -5 -1 -3 7 10 -17 8 -7 -3 3 5 13 4 -10 -7 29 -8 8 0 0 14 -3 1 -10 1 4 -9 7 7 9
15 -6 -10 3 11 1 0 1 15 0 -1 81 -10 4 2 -3 8 13 -18 4 14 8 -9 4 7 20 6 -20 7 -44 7 0 -8 -7 -5 -1 -3 7 10 -17 8 -7 -3 3 5 13 4 -10 -7 29 -8 8 0 0 14 -3 1 -10 1 4 -9 7 7 9
15 -6 -10 3 11 1 0 1 15 0 -1 81 -10 4 2 -3 8 13 -18 4 14 8 -9 4 7 20 6 -20 7 -44 7 0 -8 -7 -5 -1 -3 7 10 -17 8 -7 -3 3 5 13 4 -10 -7 29 -8 8 0 0 14 -3 1 -10 1 4 -9 7 7 9
15 -6 -10 3 11 1 0 1 15 0 -1 81 -10 4 2 -3 8 13 -18 4 14 8 -9 4 7 20 6 -20 7 -44 7 0 -8 -7 -5 -1 -3 7 10 -17 8 -7 -3 3 5 13 4 -10 -7 29 -8 8 0 0 14 -3 1 -10 1 4 -9 7 7 9
15 -6 -10 3 11 1 0 1 15 0 -1 81 -10 4 2 -3 8 13 -18 4 14 8 -9 4 7 20 6 -20 7 -44 7 0 -8 -7 -5 -1 -3 7 10 -17 8 -7 -3 3 5 13 4 -10 -7 29 -8 8 0 0 14 -3 1 -10 1 4 -9 7 7 9
15 -6 -10 3 11 1 0 1 15 0 -1 81 -10 4 2 -3 8 13 -18 4 14 8 -9 4 7 20 6 -20 7 -44 7 0 -8 -7 -5 -1 -3 7 10 -17 8 -7 -3 3 5 13 4 -10 -7 29 -8 8 0 0 14 -3 1 -10 1 4 -9 7 7 9
15 -6 -10 3 11 1 0 1 15 0 -1 81 -10 4 2 -3 8 13 -18 4 14 8 -9 4 7 20 6 -20 7 -44 7 0 -8 -7 -5 -1 -3 7 10 -17 8 -7 -3 3 5 13 4 -10 -7 29 -8 8 0 0 14 -3 1 -10 1 4 -9 7 7 9
15 -6 -10 3 11 1 0 1 15 0 -1 81 -10 4 2 -3 8 13 -18 4 14 8 -9 4 7 20 6 -20 7 -44 7 0 -8 -7 -5 -1 -3 7 10 -17 8 -7 -3 3 5 13 4 -10 -7 29 -8 8 0 0 14 -3 1 -10 1 4 -9 7 7 9
15 -6 -10 3 11 1 0 1 15 0 -1 81 -10 4 2 -3 8 13 -18 4 14 8 -9 4 7 20 6 -20 7 -44 7 0 -8 -7 -5 -1 -3 7 10 -17 8 -7 -3 3 5 13 4 -10 -7 29 -8 8 0 0 14 -3 1 -10 1 4 -9 7 7 9
15 -6 -10 3 11 1 0 1 15 0 -1 81 -10 4 2 -3 8 13 -18 4 14 8 -9 4 7 20 6 -20 7 -44 7 0 -8 -7 -5 -1 -3 7 10 -17 8 -7 -3 3 5 13 4 -10 -7 29 -8 8 0 0 14 -3 1 -10 1 4 -9 7 7 9
15 -6 -10 3 11 1 0 1 15 0 -1 81 -10 4 2 -3 8 13 -18 4 14 8 -9 4 7 20 6 -20 7 -44 7 0 -8 -7 -5 -1 -3 7 10 -17 8 -7 -3 3 5 13 4 -10 -7 29 -8 8 0 0 14 -3 1 -10 1 4 -9 7 7 9
15 -6 -10 3 11 1 0 1 15 0 -1 81 -10 4 2 -3 8 13 -18 4 14 8 -9 4 7 20 6 -20 7 -44 7 0 -8 -7 -5 -1 -3 7 10 -17 8 -7 -3 3 5 13 4 -10 -7 29 -8 8 0 0 14 -3 1 -10 1 4 -9 7 7 9
15 -6 -10 3 11 1 0 1 15 0 -1 81 -10 4 2 -3 8 13 -18 4 14 8 -9 4 7 20 6 -20 7 -44 7 0 -8 -7 -5 -1 -3 7 10 -17 8 -7 -3 3 5 13 4 -10 -7 29 -8 8 0 0 14 -3 1 -10 1 4 -9 7 7 9
15 -6 -10 3 11 1 0 1 15 0 -1 81 -10 4 2 -3 8 13 -18 4 14 8 -9 4 7 20 6 -20 7 -44 7 0 -8 -7 -5 -1 -3 7 10 -17 8 -7 -3 3 5 13 4 -10 -7 29 -8 8 0 0 14 -3 1 -10 1 4 -9 7 7 9
15 -6 -10 3 11 1 0 1 15 0 -1 81 -10 4 2 -3 8 13 -18 4 14 8 -9 4 7 20 6 -20 7 -44 7 0 -8 -7 -5 -1 -3 7 10 -17 8 -7 -3 3 5 13 4 -10 -7 29 -8 8 0 0 14 -3 1 -10 1 4 -9 7 7 9
15 -6 -10 3 11 1 0 1 15 0 -1 81 -10 4 2 -3 8 13 -18 4 14 8 -9 4 7 20 6 -20 7 -44 7 0 -8 -7 -5 -1 -3 7 10 -17 8 -7 -3 3 5 13 4 -10 -7 29 -8 8 0 0 14 -3 1 -10 1 4 -9 7 7 9
15 -6 -10 3 11 1 0 1 15 0 -1 81 -10 4 2 -3 8 13 -18 4 14 8 -9 4 7 20 6 -20 7 -44 7 0 -8 -7 -5 -1 -3 7 10 -17 8 -7 -3 3 5 13 4 -10 -7 29 -8 8 0 0 14 -3 1 -10 1 4 -9 7 7 9
15 -6 -10 3 11 1 0 1 15 0 -1 81 -10 4 2 -3 8 13 -18 4 14 8 -9 4 7 20 6 -20 7 -44 7 0 -8 -7 -5 -1 -3 7 10 -17 8 -7 -3 3 5 13 4 -10 -7 29 -8 8 0 0 14 -3 1 -10 1 4 -9 7 7 9
15 -6 -10 3 11 1 0 1 15 0 -1 81 -10 4 2 -3 8 13 -18 4 14 8 -9 4 7 20 6 -20 7 -44 7 0 -8 -7 -5 -1 -3 7 10 -17 8 -7 -3 3 5 13 4 -10 -7 29 -8 8 0 0 14 -3 1 -10 1 4 -9 7 7 9
15 -6 -10 3 11 1 0 1 15 0 -1 81 -10 4 2 -3 8 13 -18 4 14 8 -9 4 7 20 6 -20 7 -44 7 0 -8 -7 -5 -1 -3 7 10 -17 8 -7 -3 3 5 13 4 -10 -7 29 -8 8 0 0 14 -3 1 -10 1 4 -9 7 7 9
15 -6 -10 3 11 1 0 1 15 0 -1 81 -10 4 2 -3 8 13 -18 4 14 8 -9 4 7 20 6 -20 7 -44 7 0 -8 -7 -5 -1 -3 7 10 -17 8 -7 -3 3 5 13 4 -10 -7 29 -8 8 0 0 14 -3 1 -10 1 4 -9 7 7 9
15 -6 -10 3 11 1 0 1 15 0 -1 81 -10 4 2 -3 8 13 -18 4 14 8 -9 4 7 20 6 -20 7 -44 7 0 -8 -7 -5 -1 -3 7 10 -17 8 -7 -3 3 5 13 4 -10 -7 29 -8 8 0 0 14 -3 1 -10 1 4 -9 7 7 9
15 -6 -10 3 11 1 0 1 15 0 -1 81 -10 4 2 -3 8 13 -18 4 14 8 -9 4 7 20 6 -20 7 -44 7 0 -8 -7 -5 -1 -3 7 10 -17 8 -7 -3 3 5 13 4 -10 -7 29 -8 8 0 0 14 -3 1 -10 1 4 -9 7 7 9
15 -6 -10 3 11 1 0 1 15 0 -1 81 -10 4 2 -3 8 13 -18 4 14 8 -9 4 7 20 6 -20 7 -44 7 0 -8 -7 -5 -1 -3 7 10 -17 8 -7 -3 3 5 13 4 -10 -7 29 -8 8 0 0 14 -3 1 -10 1 4 -9 7 7 9
15 -6 -10 3 11 1 0 1 15 0 -1 81 -10 4 2 -3 8 13 -18 4 14 8 -9 4 7 20 6 -20 7 -44 7 0 -8 -7 -5 -1 -3 7 10 -17 8 -7 -3 3 5 13 4 -10 -7 29 -8 8 0 0 14 -3 1 -10 1 4 -9 7 7 9
15 -6 -10 3 11 1 0 1 15 0 -1 81 -10 4 2 -3 8 13 -18 4 14 8 -9 4 7 20 6 -20 7 -44 7 0 -8 -7 -5 -1 -3 7 10 -17 8 -7 -3 3 5 13 4 -10 -7 29 -8 8 0 0 14 -3 1 -10 1 4 -9 7 7 9
15 -6 -10 3 11 1 0 1 15 0 -1 81 -10 4 2 -3 8 13 -18 4 14 8 -9 4 7 20 6 -20 7 -44 7 0 -8 -7 -5 -1 -3 7 10 -17 8 -7 -3 3 5 13 4 -10 -7 29 -8 8 0 0 14 -3 1 -10 1 4 -9 7 7 9
15 -6 -10 3 11 1 0 1 15 0 -1 81 -10 4 2 -3 8 13 -18 4 14 8 -9 4 7 20 6 -20 7 -44 7 0 -8 -7 -5 -1 -3 7 10 -17 8 -7 -3 3 5 13 4 -10 -7 29 -8 8 0 0 14 -3 1 -10 1 4 -9 7 7 9
15 -6 -10 3 11 1 0 1 15 0 -1 81 -10 4 2 -3 8 13 -18 4 14 8 -9 4 7 20 6 -20 7 -44 7 0 -8 -7 -5 -1 -3 7 10 -17 8 -7 -3 3 5 13 4 -10 -7 29 -8 8 0 0 14 -3 1 -10 1 4 -9 7 7 9
15 -6 -10 3 11 1 0 1 15 0 -1 81 -10 4 2 -3 8 13 -18 4 14 8 -9 4 7 20 6 -20 7 -44 7 0 -8 -7 -5 -1 -3 7 10 -17 8 -7 -3 3 5 13 4 -10 -7 29 -8 8 0 0 14 -3 1 -10 1 4 -9 7 7 9
15 -6 -10 3 11 1 0 1 15 0 -1 81 -10 4 2 -3 8 13 -18 4 14 8 -9 4 7 20 6 -20 7 -44 7 0 -8 -7 -5 -1 -3 7 10 -17 8 -7 -3 3 5 13 4 -10 -7 29 -8 8 0 0 14 -3 1 -10 1 4 -9 7 7 9
15 -6 -10 3 11 1 0 1 15 0 -1 81 -10 4 2 -3 8 13 -18 4 14 8 -9 4 7 20 6 -20 7 -44 7 0 -8 -7 -5 -1 -3 7 10 -17 8 -7 -3 3 5 13 4 -10 -7 29 -8 8 0 0 14 -3 1 -10 1 4 -9 7 7 9
15 -6 -10 3 11 1 0 1 15 0 -1 81 -10 4 2 -3 8 13 -18 4 14 8 -9 4 7 20 6 -20 7 -44 7 0 -8 -7 -5 -1 -3 7 10 -17 8 -7 -3 3 5 13 4 -10 -7 29 -8 8 0 0 14 -3 1 -10 1 4 -9 7 7 9
15 -6 -10 3 11 1 0 1 15 0 -1 81 -10 4 2 -3 8 13 -18 4 14 8 -9 4 7 20 6 -20 7 -44 7 0 -8 -7 -5 -1 -3 7 10 -17 8 -7 -3 3 5 13 4 -10 -7 29 -8 8 0 0 14 -3 1 -10 1 4 -9 7 7 9
15 -6 -10 3 11 1 0 1 15 0 -1 81 -10 4 2 -3 8 13 -18 4 14 8 -9 4 7 20 6 -20 7 -44 7 0 -8 -7 -5 -1 -3 7 10 -17 8 -7 -3 3 5 13 4 -10 -7 29 -8 8 0 0 14 -3 1 -10 1 4 -9 7 7 9
15 -6 -10 3 11 1 0 1 15 0 -1 81 -10 4 2 -3 8 13 -18 4 14 8 -9 4 7 20 6 -20 7 -44 7 0 -8 -7 -5 -1 -3 7 10 -17 8 -7 -3 3 5 13 4 -10 -7 29 -8 8 0 0 14 -3 1 -10 1 4 -9 7 7 9
15 -6 -10 3 11 1 0 1 15 0 -1 81 -10 4 2 -3 8 13 -18 4 14 8 -9 4 7 20 6 -20 7 -44 7 0 -8 -7 -5 -1 -3 7 10 -17 8 -7 -3 3 5 13 4 -10 -7 29 -8 8 0 0 14 -3 1 -10 1 4 -9 7 7 9
15 -6 -10 3 11 1 0 1 15 0 -1 81 -10 4 2 -3 8 13 -18 4 14 8 -9 4 7 20 6 -20 7 -44 7 0 -8 -7 -5 -1 -3 7 10 -17 8 -7 -3 3 5 13 4 -10 -7 29 -8 8 0 0 14 -3 1 -10 1 4 -9 7 7 9
15 -6 -10 3 11 1 0 1 15 0 -1 81 -10 4 2 -3 8 13 -18 4 14 8 -9 4 7 20 6 -20 7 -44 7 0 -8 -7 -5 -1 -3 7 10 -17 8 -7 -3 3 5 13 4 -10 -7 29 -8 8 0 0 14 -3 1 -10 1 4 -9 7 7 9
15 -6 -10 3 11 1 0 1 15 0 -1 81 -10 4 2 -3 8 13 -18 4 14 8 -9 4 7 20 6 -20 7 -44 7 0 -8 -7 -5 -1 -3 7 10 -17 8 -7 -3 3 5 13 4 -10 -7 29 -8 8 0 0 14 -3 1 -10 1 4 -9 7 7 9
15 -6 -10 3 11 1 0 1 15 0 -1 81 -10 4 2 -3 8 13 -18 4 14 8 -9 4 7 20 6 -20 7 -44 7 0 -8 -7 -5 -1 -3 7 10 -17 8 -7 -3 3 5 13 4 -10 -7 29 -8 8 0 0 14 -3 1 -10 1 4 -9 7 7 9
15 -6 -10 3 11 1 0 1 15 0 -1 81 -10 4 2 -3 8 13 -18 4 14 8 -9 4 7 20 6 -20 7 -44 7 0 -8 -7 -5 -1 -3 7 10 -17 8 -7 -3 3 5 13 4 -10 -7 29 -8 8 0 0 14 -3 1 -10 1 4 -9 7 7 9
