-1 22 20 -17 13 16 15 3 4 -6 -19 19 -23 9 1 14 -3 3 -11 -9 -1 1 11 0 5 5 6 -5 -10 -12 21 -5 6 4 -3 -11 2 5 -3 19 1 -8 4 -9 -2 7 1 2 -2 -10 -9 -46 15 -18 -10 13 -2 -1 -12 9 11 3 10 -1
0 3 -12 3 5 -11 11 2 9 0 12 0 5 6 -1 14 -7 -12 4 -15 -5 -2 10 -18 -1 0 -17 2 -14 -1 8 -13 13 12 -6 -9 9 11 7 -3 13 -3 -1 13 3 -8 -8 -8 -14 -4 9 3 2 -5 1 -9 -1 19 -12 -4 -8 -2 19 -8
0 5 -1 -19 9 2 7 6 5 -5 11 26 12 1 -3 3 -11 -1 -19 -8 -3 5 -7 2 -4 1 14 -3 -6 -20 4 5 16 -2 -18 1 -4 -3 -1 19 1 6 6 1 6 -7 -6 -7 9 19 11 -3 0 11 2 -13 11 20 7 -3 -7 -1 2 -9
-9 2 -19 -5 -12 -5 0 -1 7 5 12 1 6 -3 -6 -10 0 -8 -3 -9 -7 7 -9 -4 -5 -2 -22 8 -7 -13 -4 2 2 -8 -8 4 3 1 10 -7 13 -8 10 1 8 -10 5 -13 -3 7 2 16 -13 6 -5 -11 4 18 4 -3 -11 -9 -3 -4
-1 -3 5 -4 -5 -9 0 18 13 5 23 -1 -17 -22 5 -5 10 -8 -12 -6 18 14 15 -16 7 -9 -8 -10 -3 -16 0 -9 12 -21 5 -3 3 6 -7 1 13 -10 -9 -4 20 -2 4 9 8 12 3 -5 4 1 -2 7 8 4 4 -20 5 -7 34 6
1 6 -6 -3 -12 2 1 16 -1 27 7 3 10 -13 14 2 6 -11 1 5 3 1 -4 -3 8 1 -17 -3 -6 3 1 3 11 -5 -10 -6 2 12 9 10 8 9 -9 -19 -11 13 17 -15 -8 8 4 4 -2 6 -13 -11 19 2 -10 -18 5 -7 -4 -3
0 5 -16 -17 4 -5 -3 -11 19 -2 19 -8 4 -5 0 -18 -5 -18 -12 -17 -2 2 13 -5 3 2 -11 10 -6 -3 -3 1 -13 -15 -5 -13 5 15 8 2 -1 0 -18 -16 8 16 -2 4 -7 7 -11 5 0 6 -1 8 11 21 7 -18 2 1 17 -8
-20 -9 -14 -19 6 4 12 -10 4 16 10 1 6 -12 9 1 -12 -11 10 14 -10 4 14 15 6 4 -29 5 -12 -5 0 9 0 -12 -10 -2 7 18 -18 7 -1 -15 1 1 -3 1 6 -13 3 -7 -4 3 -20 11 -12 -9 14 3 4 -6 -16 -11 18 12
-2 4 -5 -1 -2 -15 10 6 1 9 2 -8 -6 -10 -13 8 -3 -6 -3 -7 -19 -10 -6 -6 -1 -12 -1 -3 8 -13 4 18 3 -10 -14 -6 -4 2 -10 5 8 -8 -3 -13 0 6 -5 13 1 5 -7 10 11 9 8 -9 -1 13 -12 -9 -8 4 27 -3
9 4 -14 4 6 -13 19 -7 0 -5 4 12 4 -7 -6 4 -12 1 0 1 -2 -3 -4 8 9 8 -6 -14 -3 -19 8 -7 -6 10 -3 4 3 5 4 2 1 -9 3 -8 -6 -12 -4 -6 -12 9 4 16 2 4 -4 -3 23 1 -10 3 -16 -8 22 -4
-7 -10 -14 -7 12 7 7 -3 4 5 2 -14 1 -3 -18 -1 -15 1 4 -3 1 0 3 4 6 1 -20 -7 13 -10 -1 0 6 -10 4 2 7 2 -18 -12 23 0 11 -10 8 -11 -2 -8 3 8 -2 28 1 5 -7 -11 3 0 4 10 -8 4 19 7
-12 9 8 15 3 -2 12 -2 2 6 12 -5 2 6 -3 11 -5 -2 -9 -6 -18 3 -18 -1 14 8 1 -6 0 -5 -4 6 -4 2 -18 3 -5 6 2 8 17 -10 -8 -6 -9 -3 -13 -6 -5 2 -5 10 0 -6 -3 4 16 -10 -11 5 7 13 15 -3
-4 -5 -23 4 -4 -1 -2 2 1 5 13 8 6 -6 -8 2 -1 -2 -1 -3 -2 6 -14 0 -3 5 -22 5 -4 -23 -8 -1 3 -7 -5 3 -1 6 7 -2 11 -14 11 -6 3 -2 -1 -10 -2 1 3 36 -9 4 -3 -2 1 7 5 -2 -9 2 -5 2
7 6 -3 -11 7 11 -2 -2 3 5 14 13 -5 -9 -7 5 -21 -2 5 20 -9 6 -4 17 15 5 -28 -6 3 -12 -6 24 6 -13 -19 0 16 9 -6 12 3 -32 -9 7 -7 15 -1 -17 14 -5 5 23 2 -3 -8 6 8 10 7 -4 1 4 -9 -7
13 -2 -11 4 1 -13 8 2 -4 4 12 17 -5 -13 -11 7 -7 0 -11 5 0 2 -2 6 11 11 -8 -10 1 -19 8 -15 -10 7 -5 6 5 3 12 11 3 -13 6 -9 0 -6 -4 -5 -12 3 8 22 5 1 -3 -1 16 -2 -6 4 -12 -6 5 -4
-1 -12 -4 -15 -4 -1 2 8 -4 3 2 10 -7 -4 -11 21 -12 -9 -18 1 9 3 1 11 12 3 -18 -2 5 0 -3 -8 1 -4 -15 -3 -7 -5 -6 2 9 -2 5 -12 -1 4 -12 2 -8 -7 0 13 3 -3 1 -5 -2 -5 3 -3 0 6 10 1
-6 -6 -15 -2 -13 -1 -9 -9 1 2 8 -2 -5 -14 -7 16 -10 0 -12 -2 -2 -1 -12 -10 0 3 -10 8 -1 -15 -1 3 2 -5 2 -5 -11 8 5 10 18 -9 2 -21 -5 -7 -2 6 3 10 -12 11 0 6 -9 -6 1 -4 -5 -6 -13 12 -3 -6
9 0 -9 -4 1 -7 -5 -14 -1 -3 13 17 -7 -4 -7 8 -12 2 -11 -4 -9 -2 -1 -1 -4 13 -22 -2 -7 -21 -1 -7 2 7 -15 3 -8 -1 4 5 7 -10 0 -17 0 4 1 3 -4 -2 -3 9 12 10 -15 -5 -5 1 -7 5 -2 2 8 0
-6 -14 -11 -3 -4 0 5 -13 0 -2 11 9 16 11 -7 26 -21 1 -12 1 -1 10 -11 2 -13 7 10 6 2 -8 -3 -6 17 -2 -1 1 5 7 0 16 23 -23 -6 -7 4 -11 -8 -10 -13 12 -7 11 -6 14 -18 3 -12 10 1 12 -1 9 -10 -5
-1 -2 -15 -2 3 -16 5 -11 -22 -1 11 -9 2 17 -2 14 -15 -5 -2 -2 -5 18 6 0 -15 2 -12 8 2 -10 -13 8 23 -14 -3 0 2 18 -10 2 12 -13 -3 -2 8 7 -9 -3 -6 -2 6 9 0 9 -27 8 7 12 4 18 5 1 -1 5
-10 -17 -18 2 5 -24 3 -4 -5 -1 8 2 12 8 11 16 -10 3 -8 3 -4 -8 -9 -4 0 0 8 2 -7 -12 0 6 4 -8 -15 2 12 6 5 9 10 -22 -5 -3 -5 -4 -11 -15 -11 -17 6 8 -4 -7 -19 0 11 6 -2 0 3 -6 2 6
3 -10 -2 -9 12 -18 7 6 -7 16 14 17 -2 -4 -7 4 -7 1 -19 8 0 -2 -6 -13 8 -4 3 -3 -6 14 8 4 10 -9 -21 0 7 -21 2 8 0 -7 7 5 -3 3 -10 -9 0 3 6 21 11 17 -13 -6 10 -2 7 -4 0 7 16 -11
-1 -2 -10 -1 -2 -5 -1 5 -4 6 7 38 -2 -1 -5 7 -2 0 -6 -3 4 7 -1 -7 0 1 9 6 -8 -5 1 -3 6 -1 -19 0 -2 -9 5 24 13 -3 1 2 -2 -9 -1 -6 -7 -6 12 6 0 -3 -15 1 4 18 6 7 -2 2 7 -4
0 -2 -9 -4 -6 -6 -3 5 -3 8 7 38 -4 -2 -7 8 0 -1 -8 -6 3 8 -1 -8 0 0 9 6 -7 -2 1 -1 4 -4 -19 0 -1 -9 7 24 11 -4 3 2 0 -10 0 -6 -7 -3 12 4 1 -2 -15 -1 1 19 7 4 -3 0 8 -5
5 16 -11 -3 -4 -10 2 0 0 12 11 4 -6 -9 -13 6 3 -2 -3 -7 4 -3 1 -11 2 2 -12 8 -1 2 6 -1 6 -2 -21 -10 -2 -6 18 9 10 -10 2 -1 7 1 11 1 -7 2 2 14 9 11 -15 -17 0 28 -5 1 -5 -11 -5 -5
2 12 -11 1 -6 0 2 -9 7 10 7 -1 -5 1 -13 16 4 -8 2 -9 -1 -2 -5 -16 -8 10 -12 5 -8 -20 1 3 7 1 -11 -6 1 3 12 1 17 -16 3 1 6 -14 9 0 -5 -1 0 6 11 7 -12 -4 -10 14 -8 5 -7 -9 4 -6
4 -2 0 2 -1 -14 -1 7 10 3 23 -1 -15 -21 6 2 6 -7 -8 -4 22 13 10 -25 4 -5 -1 -8 -3 -14 -5 -9 18 -22 -1 -8 -4 -4 -10 -2 14 -12 -13 1 18 -11 6 13 3 9 4 -8 9 7 -11 9 4 2 -1 -12 7 -8 42 10
2 9 -11 3 -7 -1 3 5 -6 24 7 2 16 -11 17 6 1 -10 7 7 9 -2 -7 -10 3 4 -9 -1 -10 1 -5 3 17 -5 -16 -10 -3 3 6 7 11 10 -13 -13 -14 4 17 -15 -13 3 6 3 -2 10 -21 -5 20 1 -14 -12 7 -6 3 1
-1 9 -20 -13 12 -7 -2 -18 13 -3 19 -9 12 -2 5 -15 -9 -16 -6 -16 8 0 12 -12 -2 3 -3 11 -9 -4 -9 -1 -6 -15 -12 -15 1 4 7 -2 2 3 -21 -9 8 6 0 3 -13 2 -8 4 -2 6 -7 14 15 19 3 -12 5 3 25 -4
-23 -4 -15 -15 14 3 11 -15 -2 19 11 0 12 -9 11 1 -11 -10 17 14 4 2 15 8 1 3 -19 6 -16 -6 -6 5 5 -15 -18 -3 8 5 -18 3 2 -12 0 6 -1 -8 9 -19 -5 -13 1 3 -26 7 -18 0 20 1 2 2 -12 -8 22 16
-11 12 -3 2 -5 -8 6 6 -12 15 -2 -2 -5 -11 -8 7 6 0 -4 -11 3 -2 -8 -2 -6 -19 1 11 3 -5 -9 14 2 -20 -25 -12 0 -16 4 8 12 2 5 -3 5 -5 -3 -1 -6 14 9 12 -11 3 5 -3 4 7 -5 -6 -2 5 23 -1
-5 0 -18 0 6 -7 -2 -5 12 10 -6 -12 -1 -14 -11 -1 5 0 5 -5 9 -14 -9 -15 -5 0 -5 7 14 -7 -13 11 4 -13 -10 0 -2 9 7 -8 16 8 10 2 -5 -22 -4 -24 -5 -4 2 21 -10 -10 -1 -7 18 13 4 -5 -7 0 11 -5
-15 19 13 10 3 1 11 -3 7 13 9 -6 -2 6 -4 7 4 -6 -8 -9 -15 3 -18 -10 11 6 5 -6 3 -2 -6 5 -8 -4 -23 -3 -1 2 5 4 15 -11 -6 -5 -2 -12 -10 -11 -7 3 0 6 -4 -8 0 3 16 -6 -9 5 7 11 16 -4
8 13 1 -13 0 -6 3 1 0 3 3 21 -4 1 -1 2 4 -4 -6 -9 1 7 -14 -10 -17 -5 -20 -6 6 -22 -4 -1 -4 -13 -9 -15 -5 -12 9 -4 6 -14 4 8 2 -2 -6 -14 6 10 17 22 -14 4 14 -3 3 5 12 0 -8 1 10 3
-13 6 -8 -6 -11 6 -5 -6 9 10 1 -4 -7 -13 -8 7 2 -5 -6 -8 4 -5 -8 -16 -2 -3 -8 2 5 -17 -3 5 -3 -9 2 -12 -5 10 5 4 12 -10 5 -25 1 -15 0 -2 4 15 -7 12 -9 -1 0 -4 5 -1 -3 -8 -14 14 3 -5
2 11 -3 -7 3 1 1 -10 11 4 4 15 -13 -4 -6 0 2 -3 -6 -10 -6 -5 1 -6 -5 9 -21 -10 1 -24 -1 -4 -5 1 -14 -4 -2 5 3 -3 2 -14 5 -22 6 -3 3 -3 -2 3 0 12 6 5 -2 -6 -4 1 -4 3 -4 5 11 2
-11 -7 -9 -6 -2 8 10 -13 12 1 3 9 9 10 -5 19 -11 -3 -8 -5 0 7 -10 0 -12 6 7 -2 9 -11 -4 -2 10 -5 4 -6 8 16 -2 9 17 -27 -3 -14 7 -17 -7 -15 -11 18 -5 13 -11 10 -6 2 -12 10 3 10 -2 13 -7 -3
-5 3 -16 -5 5 -9 11 -11 -11 -2 2 -10 -3 16 3 6 -5 -7 2 -7 -5 13 7 -2 -13 3 -17 -3 8 -15 -16 13 18 -15 3 -8 2 29 -16 -5 8 -17 0 -8 10 3 -10 -6 -2 4 6 11 -2 8 -15 7 4 14 6 15 3 8 2 7
-12 -16 -21 0 9 -17 12 -6 5 -6 -1 1 7 8 19 8 -4 0 -4 -2 -5 -15 -11 -4 3 2 3 -8 -2 -19 -2 12 1 -9 -8 -6 11 19 -2 1 7 -26 -4 -10 -6 -8 -13 -16 -9 -10 4 11 -6 -7 -6 -1 10 5 -3 -3 3 5 4 11
1 -11 -6 -11 18 -11 17 3 1 8 5 18 -5 -3 3 -4 -2 -1 -16 4 -1 -10 -7 -11 10 0 -2 -15 -3 4 5 8 8 -7 -13 -9 5 -8 -9 0 -2 -12 9 1 -5 0 -13 -9 1 7 4 24 10 15 -1 -5 8 -2 7 -4 0 20 19 -7
-4 -6 -18 -2 5 1 10 3 1 -2 1 39 -5 1 7 -1 1 -2 -4 -7 5 0 -1 -3 3 5 1 -6 -7 -16 -3 1 5 1 -10 -5 -4 6 -5 16 13 -7 3 -3 -3 -11 -5 -7 -6 -3 9 12 -3 -6 -3 4 2 15 6 5 -2 19 7 1
2 14 9 7 2 -7 2 12 -4 -18 -13 -16 7 5 8 -7 6 14 5 -17 -6 -1 -2 2 -1 -3 0 -6 -10 -13 5 -3 0 15 4 1 -5 -6 1 24 -4 -11 3 -9 -12 3 -11 -9 -4 -9 4 -21 4 -7 -21 7 -14 7 -1 -3 2 1 -18 -10
2 14 9 7 2 -7 2 12 -4 -18 -13 -16 7 5 8 -7 6 14 5 -17 -6 -1 -2 2 -1 -3 0 -6 -10 -13 5 -3 0 15 4 1 -5 -6 1 24 -4 -11 3 -9 -12 3 -11 -9 -4 -9 4 -21 4 -7 -21 7 -14 7 -1 -3 2 1 -18 -10
2 14 9 7 2 -7 2 12 -4 -18 -13 -16 7 5 8 -7 6 14 5 -17 -6 -1 -2 2 -1 -3 0 -6 -10 -13 5 -3 0 15 4 1 -5 -6 1 24 -4 -11 3 -9 -12 3 -11 -9 -4 -9 4 -21 4 -7 -21 7 -14 7 -1 -3 2 1 -18 -10
2 14 9 7 2 -7 2 12 -4 -18 -13 -16 7 5 8 -7 6 14 5 -17 -6 -1 -2 2 -1 -3 0 -6 -10 -13 5 -3 0 15 4 1 -5 -6 1 24 -4 -11 3 -9 -12 3 -11 -9 -4 -9 4 -21 4 -7 -21 7 -14 7 -1 -3 2 1 -18 -10
2 14 9 7 2 -7 2 12 -4 -18 -13 -16 7 5 8 -7 6 14 5 -17 -6 -1 -2 2 -1 -3 0 -6 -10 -13 5 -3 0 15 4 1 -5 -6 1 24 -4 -11 3 -9 -12 3 -11 -9 -4 -9 4 -21 4 -7 -21 7 -14 7 -1 -3 2 1 -18 -10
2 14 9 7 2 -7 2 12 -4 -18 -13 -16 7 5 8 -7 6 14 5 -17 -6 -1 -2 2 -1 -3 0 -6 -10 -13 5 -3 0 15 4 1 -5 -6 1 24 -4 -11 3 -9 -12 3 -11 -9 -4 -9 4 -21 4 -7 -21 7 -14 7 -1 -3 2 1 -18 -10
2 14 9 7 2 -7 2 12 -4 -18 -13 -16 7 5 8 -7 6 14 5 -17 -6 -1 -2 2 -1 -3 0 -6 -10 -13 5 -3 0 15 4 1 -5 -6 1 24 -4 -11 3 -9 -12 3 -11 -9 -4 -9 4 -21 4 -7 -21 7 -14 7 -1 -3 2 1 -18 -10
2 14 9 7 2 -7 2 12 -4 -18 -13 -16 7 5 8 -7 6 14 5 -17 -6 -1 -2 2 -1 -3 0 -6 -10 -13 5 -3 0 15 4 1 -5 -6 1 24 -4 -11 3 -9 -12 3 -11 -9 -4 -9 4 -21 4 -7 -21 7 -14 7 -1 -3 2 1 -18 -10
2 14 9 7 2 -7 2 12 -4 -18 -13 -16 7 5 8 -7 6 14 5 -17 -6 -1 -2 2 -1 -3 0 -6 -10 -13 5 -3 0 15 4 1 -5 -6 1 24 -4 -11 3 -9 -12 3 -11 -9 -4 -9 4 -21 4 -7 -21 7 -14 7 -1 -3 2 1 -18 -10
2 14 9 7 2 -7 2 12 -4 -18 -13 -16 7 5 8 -7 6 14 5 -17 -6 -1 -2 2 -1 -3 0 -6 -10 -13 5 -3 0 15 4 1 -5 -6 1 24 -4 -11 3 -9 -12 3 -11 -9 -4 -9 4 -21 4 -7 -21 7 -14 7 -1 -3 2 1 -18 -10
2 14 9 7 2 -7 2 12 -4 -18 -13 -16 7 5 8 -7 6 14 5 -17 -6 -1 -2 2 -1 -3 0 -6 -10 -13 5 -3 0 15 4 1 -5 -6 1 24 -4 -11 3 -9 -12 3 -11 -9 -4 -9 4 -21 4 -7 -21 7 -14 7 -1 -3 2 1 -18 -10
2 14 9 7 2 -7 2 12 -4 -18 -13 -16 7 5 8 -7 6 14 5 -17 -6 -1 -2 2 -1 -3 0 -6 -10 -13 5 -3 0 15 4 1 -5 -6 1 24 -4 -11 3 -9 -12 3 -11 -9 -4 -9 4 -21 4 -7 -21 7 -14 7 -1 -3 2 1 -18 -10
2 14 9 7 2 -7 2 12 -4 -18 -13 -16 7 5 8 -7 6 14 5 -17 -6 -1 -2 2 -1 -3 0 -6 -10 -13 5 -3 0 15 4 1 -5 -6 1 24 -4 -11 3 -9 -12 3 -11 -9 -4 -9 4 -21 4 -7 -21 7 -14 7 -1 -3 2 1 -18 -10
2 14 9 7 2 -7 2 12 -4 -18 -13 -16 7 5 8 -7 6 14 5 -17 -6 -1 -2 2 -1 -3 0 -6 -10 -13 5 -3 0 15 4 1 -5 -6 1 24 -4 -11 3 -9 -12 3 -11 -9 -4 -9 4 -21 4 -7 -21 7 -14 7 -1 -3 2 1 -18 -10
2 14 9 7 2 -7 2 12 -4 -18 -13 -16 7 5 8 -7 6 14 5 -17 -6 -1 -2 2 -1 -3 0 -6 -10 -13 5 -3 0 15 4 1 -5 -6 1 24 -4 -11 3 -9 -12 3 -11 -9 -4 -9 4 -21 4 -7 -21 7 -14 7 -1 -3 2 1 -18 -10
2 14 9 7 2 -7 2 12 -4 -18 -13 -16 7 5 8 -7 6 14 5 -17 -6 -1 -2 2 -1 -3 0 -6 -10 -13 5 -3 0 15 4 1 -5 -6 1 24 -4 -11 3 -9 -12 3 -11 -9 -4 -9 4 -21 4 -7 -21 7 -14 7 -1 -3 2 1 -18 -10
2 14 9 7 2 -7 2 12 -4 -18 -13 -16 7 5 8 -7 6 14 5 -17 -6 -1 -2 2 -1 -3 0 -6 -10 -13 5 -3 0 15 4 1 -5 -6 1 24 -4 -11 3 -9 -12 3 -11 -9 -4 -9 4 -21 4 -7 -21 7 -14 7 -1 -3 2 1 -18 -10
2 14 9 7 2 -7 2 12 -4 -18 -13 -16 7 5 8 -7 6 14 5 -17 -6 -1 -2 2 -1 -3 0 -6 -10 -13 5 -3 0 15 4 1 -5 -6 1 24 -4 -11 3 -9 -12 3 -11 -9 -4 -9 4 -21 4 -7 -21 7 -14 7 -1 -3 2 1 -18 -10
2 14 9 7 2 -7 2 12 -4 -18 -13 -16 7 5 8 -7 6 14 5 -17 -6 -1 -2 2 -1 -3 0 -6 -10 -13 5 -3 0 15 4 1 -5 -6 1 24 -4 -11 3 -9 -12 3 -11 -9 -4 -9 4 -21 4 -7 -21 7 -14 7 -1 -3 2 1 -18 -10
2 14 9 7 2 -7 2 12 -4 -18 -13 -16 7 5 8 -7 6 14 5 -17 -6 -1 -2 2 -1 -3 0 -6 -10 -13 5 -3 0 15 4 1 -5 -6 1 24 -4 -11 3 -9 -12 3 -11 -9 -4 -9 4 -21 4 -7 -21 7 -14 7 -1 -3 2 1 -18 -10
2 14 9 7 2 -7 2 12 -4 -18 -13 -16 7 5 8 -7 6 14 5 -17 -6 -1 -2 2 -1 -3 0 -6 -10 -13 5 -3 0 15 4 1 -5 -6 1 24 -4 -11 3 -9 -12 3 -11 -9 -4 -9 4 -21 4 -7 -21 7 -14 7 -1 -3 2 1 -18 -10
2 14 9 7 2 -7 2 12 -4 -18 -13 -16 7 5 8 -7 6 14 5 -17 -6 -1 -2 2 -1 -3 0 -6 -10 -13 5 -3 0 15 4 1 -5 -6 1 24 -4 -11 3 -9 -12 3 -11 -9 -4 -9 4 -21 4 -7 -21 7 -14 7 -1 -3 2 1 -18 -10
2 14 9 7 2 -7 2 12 -4 -18 -13 -16 7 5 8 -7 6 14 5 -17 -6 -1 -2 2 -1 -3 0 -6 -10 -13 5 -3 0 15 4 1 -5 -6 1 24 -4 -11 3 -9 -12 3 -11 -9 -4 -9 4 -21 4 -7 -21 7 -14 7 -1 -3 2 1 -18 -10
2 14 9 7 2 -7 2 12 -4 -18 -13 -16 7 5 8 -7 6 14 5 -17 -6 -1 -2 2 -1 -3 0 -6 -10 -13 5 -3 0 15 4 1 -5 -6 1 24 -4 -11 3 -9 -12 3 -11 -9 -4 -9 4 -21 4 -7 -21 7 -14 7 -1 -3 2 1 -18 -10
2 14 9 7 2 -7 2 12 -4 -18 -13 -16 7 5 8 -7 6 14 5 -17 -6 -1 -2 2 -1 -3 0 -6 -10 -13 5 -3 0 15 4 1 -5 -6 1 24 -4 -11 3 -9 -12 3 -11 -9 -4 -9 4 -21 4 -7 -21 7 -14 7 -1 -3 2 1 -18 -10
2 14 9 7 2 -7 2 12 -4 -18 -13 -16 7 5 8 -7 6 14 5 -17 -6 -1 -2 2 -1 -3 0 -6 -10 -13 5 -3 0 15 4 1 -5 -6 1 24 -4 -11 3 -9 -12 3 -11 -9 -4 -9 4 -21 4 -7 -21 7 -14 7 -1 -3 2 1 -18 -10
2 14 9 7 2 -7 2 12 -4 -18 -13 -16 7 5 8 -7 6 14 5 -17 -6 -1 -2 2 -1 -3 0 -6 -10 -13 5 -3 0 15 4 1 -5 -6 1 24 -4 -11 3 -9 -12 3 -11 -9 -4 -9 4 -21 4 -7 -21 7 -14 7 -1 -3 2 1 -18 -10
2 14 9 7 2 -7 2 12 -4 -18 -13 -16 7 5 8 -7 6 14 5 -17 -6 -1 -2 2 -1 -3 0 -6 -10 -13 5 -3 0 15 4 1 -5 -6 1 24 -4 -11 3 -9 -12 3 -11 -9 -4 -9 4 -21 4 -7 -21 7 -14 7 -1 -3 2 1 -18 -10
2 14 9 7 2 -7 2 12 -4 -18 -13 -16 7 5 8 -7 6 14 5 -17 -6 -1 -2 2 -1 -3 0 -6 -10 -13 5 -3 0 15 4 1 -5 -6 1 24 -4 -11 3 -9 -12 3 -11 -9 -4 -9 4 -21 4 -7 -21 7 -14 7 -1 -3 2 1 -18 -10
2 14 9 7 2 -7 2 12 -4 -18 -13 -16 7 5 8 -7 6 14 5 -17 -6 -1 -2 2 -1 -3 0 -6 -10 -13 5 -3 0 15 4 1 -5 -6 1 24 -4 -11 3 -9 -12 3 -11 -9 -4 -9 4 -21 4 -7 -21 7 -14 7 -1 -3 2 1 -18 -10
2 14 9 7 2 -7 2 12 -4 -18 -13 -16 7 5 8 -7 6 14 5 -17 -6 -1 -2 2 -1 -3 0 -6 -10 -13 5 -3 0 15 4 1 -5 -6 1 24 -4 -11 3 -9 -12 3 -11 -9 -4 -9 4 -21 4 -7 -21 7 -14 7 -1 -3 2 1 -18 -10
2 14 9 7 2 -7 2 12 -4 -18 -13 -16 7 5 8 -7 6 14 5 -17 -6 -1 -2 2 -1 -3 0 -6 -10 -13 5 -3 0 15 4 1 -5 -6 1 24 -4 -11 3 -9 -12 3 -11 -9 -4 -9 4 -21 4 -7 -21 7 -14 7 -1 -3 2 1 -18 -10
2 14 9 7 2 -7 2 12 -4 -18 -13 -16 7 5 8 -7 6 14 5 -17 -6 -1 -2 2 -1 -3 0 -6 -10 -13 5 -3 0 15 4 1 -5 -6 1 24 -4 -11 3 -9 -12 3 -11 -9 -4 -9 4 -21 4 -7 -21 7 -14 7 -1 -3 2 1 -18 -10
2 14 9 7 2 -7 2 12 -4 -18 -13 -16 7 5 8 -7 6 14 5 -17 -6 -1 -2 2 -1 -3 0 -6 -10 -13 5 -3 0 15 4 1 -5 -6 1 24 -4 -11 3 -9 -12 3 -11 -9 -4 -9 4 -21 4 -7 -21 7 -14 7 -1 -3 2 1 -18 -10
2 14 9 7 2 -7 2 12 -4 -18 -13 -16 7 5 8 -7 6 14 5 -17 -6 -1 -2 2 -1 -3 0 -6 -10 -13 5 -3 0 15 4 1 -5 -6 1 24 -4 -11 3 -9 -12 3 -11 -9 -4 -9 4 -21 4 -7 -21 7 -14 7 -1 -3 2 1 -18 -10
2 14 9 7 2 -7 2 12 -4 -18 -13 -16 7 5 8 -7 6 14 5 -17 -6 -1 -2 2 -1 -3 0 -6 -10 -13 5 -3 0 15 4 1 -5 -6 1 24 -4 -11 3 -9 -12 3 -11 -9 -4 -9 4 -21 4 -7 -21 7 -14 7 -1 -3 2 1 -18 -10
2 14 9 7 2 -7 2 12 -4 -18 -13 -16 7 5 8 -7 6 14 5 -17 -6 -1 -2 2 -1 -3 0 -6 -10 -13 5 -3 0 15 4 1 -5 -6 1 24 -4 -11 3 -9 -12 3 -11 -9 -4 -9 4 -21 4 -7 -21 7 -14 7 -1 -3 2 1 -18 -10
2 14 9 7 2 -7 2 12 -4 -18 -13 -16 7 5 8 -7 6 14 5 -17 -6 -1 -2 2 -1 -3 0 -6 -10 -13 5 -3 0 15 4 1 -5 -6 1 24 -4 -11 3 -9 -12 3 -11 -9 -4 -9 4 -21 4 -7 -21 7 -14 7 -1 -3 2 1 -18 -10
2 14 9 7 2 -7 2 12 -4 -18 -13 -16 7 5 8 -7 6 14 5 -17 -6 -1 -2 2 -1 -3 0 -6 -10 -13 5 -3 0 15 4 1 -5 -6 1 24 -4 -11 3 -9 -12 3 -11 -9 -4 -9 4 -21 4 -7 -21 7 -14 7 -1 -3 2 1 -18 -10
2 14 9 7 2 -7 2 12 -4 -18 -13 -16 7 5 8 -7 6 14 5 -17 -6 -1 -2 2 -1 -3 0 -6 -10 -13 5 -3 0 15 4 1 -5 -6 1 24 -4 -11 3 -9 -12 3 -11 -9 -4 -9 4 -21 4 -7 -21 7 -14 7 -1 -3 2 1 -18 -10
2 14 9 7 2 -7 2 12 -4 -18 -13 -16 7 5 8 -7 6 14 5 -17 -6 -1 -2 2 -1 -3 0 -6 -10 -13 5 -3 0 15 4 1 -5 -6 1 24 -4 -11 3 -9 -12 3 -11 -9 -4 -9 4 -21 4 -7 -21 7 -14 7 -1 -3 2 1 -18 -10
2 14 9 7 2 -7 2 12 -4 -18 -13 -16 7 5 8 -7 6 14 5 -17 -6 -1 -2 2 -1 -3 0 -6 -10 -13 5 -3 0 15 4 1 -5 -6 1 24 -4 -11 3 -9 -12 3 -11 -9 -4 -9 4 -21 4 -7 -21 7 -14 7 -1 -3 2 1 -18 -10
2 14 9 7 2 -7 2 12 -4 -18 -13 -16 7 5 8 -7 6 14 5 -17 -6 -1 -2 2 -1 -3 0 -6 -10 -13 5 -3 0 15 4 1 -5 -6 1 24 -4 -11 3 -9 -12 3 -11 -9 -4 -9 4 -21 4 -7 -21 7 -14 7 -1 -3 2 1 -18 -10
2 14 9 7 2 -7 2 12 -4 -18 -13 -16 7 5 8 -7 6 14 5 -17 -6 -1 -2 2 -1 -3 0 -6 -10 -13 5 -3 0 15 4 1 -5 -6 1 24 -4 -11 3 -9 -12 3 -11 -9 -4 -9 4 -21 4 -7 -21 7 -14 7 -1 -3 2 1 -18 -10
2 14 9 7 2 -7 2 12 -4 -18 -13 -16 7 5 8 -7 6 14 5 -17 -6 -1 -2 2 -1 -3 0 -6 -10 -13 5 -3 0 15 4 1 -5 -6 1 24 -4 -11 3 -9 -12 3 -11 -9 -4 -9 4 -21 4 -7 -21 7 -14 7 -1 -3 2 1 -18 -10
2 14 9 7 2 -7 2 12 -4 -18 -13 -16 7 5 8 -7 6 14 5 -17 -6 -1 -2 2 -1 -3 0 -6 -10 -13 5 -3 0 15 4 1 -5 -6 1 24 -4 -11 3 -9 -12 3 -11 -9 -4 -9 4 -21 4 -7 -21 7 -14 7 -1 -3 2 1 -18 -10
2 14 9 7 2 -7 2 12 -4 -18 -13 -16 7 5 8 -7 6 14 5 -17 -6 -1 -2 2 -1 -3 0 -6 -10 -13 5 -3 0 15 4 1 -5 -6 1 24 -4 -11 3 -9 -12 3 -11 -9 -4 -9 4 -21 4 -7 -21 7 -14 7 -1 -3 2 1 -18 -10
2 14 9 7 2 -7 2 12 -4 -18 -13 -16 7 5 8 -7 6 14 5 -17 -6 -1 -2 2 -1 -3 0 -6 -10 -13 5 -3 0 15 4 1 -5 -6 1 24 -4 -11 3 -9 -12 3 -11 -9 -4 -9 4 -21 4 -7 -21 7 -14 7 -1 -3 2 1 -18 -10
2 14 9 7 2 -7 2 12 -4 -18 -13 -16 7 5 8 -7 6 14 5 -17 -6 -1 -2 2 -1 -3 0 -6 -10 -13 5 -3 0 15 4 1 -5 -6 1 24 -4 -11 3 -9 -12 3 -11 -9 -4 -9 4 -21 4 -7 -21 7 -14 7 -1 -3 2 1 -18 -10
2 14 9 7 2 -7 2 12 -4 -18 -13 -16 7 5 8 -7 6 14 5 -17 -6 -1 -2 2 -1 -3 0 -6 -10 -13 5 -3 0 15 4 1 -5 -6 1 24 -4 -11 3 -9 -12 3 -11 -9 -4 -9 4 -21 4 -7 -21 7 -14 7 -1 -3 2 1 -18 -10
2 14 9 7 2 -7 2 12 -4 -18 -13 -16 7 5 8 -7 6 14 5 -17 -6 -1 -2 2 -1 -3 0 -6 -10 -13 5 -3 0 15 4 1 -5 -6 1 24 -4 -11 3 -9 -12 3 -11 -9 -4 -9 4 -21 4 -7 -21 7 -14 7 -1 -3 2 1 -18 -10
2 14 9 7 2 -7 2 12 -4 -18 -13 -16 7 5 8 -7 6 14 5 -17 -6 -1 -2 2 -1 -3 0 -6 -10 -13 5 -3 0 15 4 1 -5 -6 1 24 -4 -11 3 -9 -12 3 -11 -9 -4 -9 4 -21 4 -7 -21 7 -14 7 -1 -3 2 1 -18 -10
2 14 9 7 2 -7 2 12 -4 -18 -13 -16 7 5 8 -7 6 14 5 -17 -6 -1 -2 2 -1 -3 0 -6 -10 -13 5 -3 0 15 4 1 -5 -6 1 24 -4 -11 3 -9 -12 3 -11 -9 -4 -9 4 -21 4 -7 -21 7 -14 7 -1 -3 2 1 -18 -10
2 14 9 7 2 -7 2 12 -4 -18 -13 -16 7 5 8 -7 6 14 5 -17 -6 -1 -2 2 -1 -3 0 -6 -10 -13 5 -3 0 15 4 1 -5 -6 1 24 -4 -11 3 -9 -12 3 -11 -9 -4 -9 4 -21 4 -7 -21 7 -14 7 -1 -3 2 1 -18 -10
2 14 9 7 2 -7 2 12 -4 -18 -13 -16 7 5 8 -7 6 14 5 -17 -6 -1 -2 2 -1 -3 0 -6 -10 -13 5 -3 0 15 4 1 -5 -6 1 24 -4 -11 3 -9 -12 3 -11 -9 -4 -9 4 -21 4 -7 -21 7 -14 7 -1 -3 2 1 -18 -10
2 14 9 7 2 -7 2 12 -4 -18 -13 -16 7 5 8 -7 6 14 5 -17 -6 -1 -2 2 -1 -3 0 -6 -10 -13 5 -3 0 15 4 1 -5 -6 1 24 -4 -11 3 -9 -12 3 -11 -9 -4 -9 4 -21 4 -7 -21 7 -14 7 -1 -3 2 1 -18 -10
2 14 9 7 2 -7 2 12 -4 -18 -13 -16 7 5 8 -7 6 14 5 -17 -6 -1 -2 2 -1 -3 0 -6 -10 -13 5 -3 0 15 4 1 -5 -6 1 24 -4 -11 3 -9 -12 3 -11 -9 -4 -9 4 -21 4 -7 -21 7 -14 7 -1 -3 2 1 -18 -10
2 14 9 7 2 -7 2 12 -4 -18 -13 -16 7 5 8 -7 6 14 5 -17 -6 -1 -2 2 -1 -3 0 -6 -10 -13 5 -3 0 15 4 1 -5 -6 1 24 -4 -11 3 -9 -12 3 -11 -9 -4 -9 4 -21 4 -7 -21 7 -14 7 -1 -3 2 1 -18 -10
2 14 9 7 2 -7 2 12 -4 -18 -13 -16 7 5 8 -7 6 14 5 -17 -6 -1 -2 2 -1 -3 0 -6 -10 -13 5 -3 0 15 4 1 -5 -6 1 24 -4 -11 3 -9 -12 3 -11 -9 -4 -9 4 -21 4 -7 -21 7 -14 7 -1 -3 2 1 -18 -10
2 14 9 7 2 -7 2 12 -4 -18 -13 -16 7 5 8 -7 6 14 5 -17 -6 -1 -2 2 -1 -3 0 -6 -10 -13 5 -3 0 15 4 1 -5 -6 1 24 -4 -11 3 -9 -12 3 -11 -9 -4 -9 4 -21 4 -7 -21 7 -14 7 -1 -3 2 1 -18 -10
2 14 9 7 2 -7 2 12 -4 -18 -13 -16 7 5 8 -7 6 14 5 -17 -6 -1 -2 2 -1 -3 0 -6 -10 -13 5 -3 0 15 4 1 -5 -6 1 24 -4 -11 3 -9 -12 3 -11 -9 -4 -9 4 -21 4 -7 -21 7 -14 7 -1 -3 2 1 -18 -10
2 14 9 7 2 -7 2 12 -4 -18 -13 -16 7 5 8 -7 6 14 5 -17 -6 -1 -2 2 -1 -3 0 -6 -10 -13 5 -3 0 15 4 1 -5 -6 1 24 -4 -11 3 -9 -12 3 -11 -9 -4 -9 4 -21 4 -7 -21 7 -14 7 -1 -3 2 1 -18 -10
2 14 9 7 2 -7 2 12 -4 -18 -13 -16 7 5 8 -7 6 14 5 -17 -6 -1 -2 2 -1 -3 0 -6 -10 -13 5 -3 0 15 4 1 -5 -6 1 24 -4 -11 3 -9 -12 3 -11 -9 -4 -9 4 -21 4 -7 -21 7 -14 7 -1 -3 2 1 -18 -10
2 14 9 7 2 -7 2 12 -4 -18 -13 -16 7 5 8 -7 6 14 5 -17 -6 -1 -2 2 -1 -3 0 -6 -10 -13 5 -3 0 15 4 1 -5 -6 1 24 -4 -11 3 -9 -12 3 -11 -9 -4 -9 4 -21 4 -7 -21 7 -14 7 -1 -3 2 1 -18 -10
2 14 9 7 2 -7 2 12 -4 -18 -13 -16 7 5 8 -7 6 14 5 -17 -6 -1 -2 2 -1 -3 0 -6 -10 -13 5 -3 0 15 4 1 -5 -6 1 24 -4 -11 3 -9 -12 3 -11 -9 -4 -9 4 -21 4 -7 -21 7 -14 7 -1 -3 2 1 -18 -10
2 14 9 7 2 -7 2 12 -4 -18 -13 -16 7 5 8 -7 6 14 5 -17 -6 -1 -2 2 -1 -3 0 -6 -10 -13 5 -3 0 15 4 1 -5 -6 1 24 -4 -11 3 -9 -12 3 -11 -9 -4 -9 4 -21 4 -7 -21 7 -14 7 -1 -3 2 1 -18 -10
2 14 9 7 2 -7 2 12 -4 -18 -13 -16 7 5 8 -7 6 14 5 -17 -6 -1 -2 2 -1 -3 0 -6 -10 -13 5 -3 0 15 4 1 -5 -6 1 24 -4 -11 3 -9 -12 3 -11 -9 -4 -9 4 -21 4 -7 -21 7 -14 7 -1 -3 2 1 -18 -10
2 14 9 7 2 -7 2 12 -4 -18 -13 -16 7 5 8 -7 6 14 5 -17 -6 -1 -2 2 -1 -3 0 -6 -10 -13 5 -3 0 15 4 1 -5 -6 1 24 -4 -11 3 -9 -12 3 -11 -9 -4 -9 4 -21 4 -7 -21 7 -14 7 -1 -3 2 1 -18 -10
2 14 9 7 2 -7 2 12 -4 -18 -13 -16 7 5 8 -7 6 14 5 -17 -6 -1 -2 2 -1 -3 0 -6 -10 -13 5 -3 0 15 4 1 -5 -6 1 24 -4 -11 3 -9 -12 3 -11 -9 -4 -9 4 -21 4 -7 -21 7 -14 7 -1 -3 2 1 -18 -10
2 14 9 7 2 -7 2 12 -4 -18 -13 -16 7 5 8 -7 6 14 5 -17 -6 -1 -2 2 -1 -3 0 -6 -10 -13 5 -3 0 15 4 1 -5 -6 1 24 -4 -11 3 -9 -12 3 -11 -9 -4 -9 4 -21 4 -7 -21 7 -14 7 -1 -3 2 1 -18 -10
2 14 9 7 2 -7 2 12 -4 -18 -13 -16 7 5 8 -7 6 14 5 -17 -6 -1 -2 2 -1 -3 0 -6 -10 -13 5 -3 0 15 4 1 -5 -6 1 24 -4 -11 3 -9 -12 3 -11 -9 -4 -9 4 -21 4 -7 -21 7 -14 7 -1 -3 2 1 -18 -10
2 14 9 7 2 -7 2 12 -4 -18 -13 -16 7 5 8 -7 6 14 5 -17 -6 -1 -2 2 -1 -3 0 -6 -10 -13 5 -3 0 15 4 1 -5 -6 1 24 -4 -11 3 -9 -12 3 -11 -9 -4 -9 4 -21 4 -7 -21 7 -14 7 -1 -3 2 1 -18 -10
2 14 9 7 2 -7 2 12 -4 -18 -13 -16 7 5 8 -7 6 14 5 -17 -6 -1 -2 2 -1 -3 0 -6 -10 -13 5 -3 0 15 4 1 -5 -6 1 24 -4 -11 3 -9 -12 3 -11 -9 -4 -9 4 -21 4 -7 -21 7 -14 7 -1 -3 2 1 -18 -10
2 14 9 7 2 -7 2 12 -4 -18 -13 -16 7 5 8 -7 6 14 5 -17 -6 -1 -2 2 -1 -3 0 -6 -10 -13 5 -3 0 15 4 1 -5 -6 1 24 -4 -11 3 -9 -12 3 -11 -9 -4 -9 4 -21 4 -7 -21 7 -14 7 -1 -3 2 1 -18 -10
2 14 9 7 2 -7 2 12 -4 -18 -13 -16 7 5 8 -7 6 14 5 -17 -6 -1 -2 2 -1 -3 0 -6 -10 -13 5 -3 0 15 4 1 -5 -6 1 24 -4 -11 3 -9 -12 3 -11 -9 -4 -9 4 -21 4 -7 -21 7 -14 7 -1 -3 2 1 -18 -10
2 14 9 7 2 -7 2 12 -4 -18 -13 -16 7 5 8 -7 6 14 5 -17 -6 -1 -2 2 -1 -3 0 -6 -10 -13 5 -3 0 15 4 1 -5 -6 1 24 -4 -11 3 -9 -12 3 -11 -9 -4 -9 4 -21 4 -7 -21 7 -14 7 -1 -3 2 1 -18 -10
2 14 9 7 2 -7 2 12 -4 -18 -13 -16 7 5 8 -7 6 14 5 -17 -6 -1 -2 2 -1 -3 0 -6 -10 -13 5 -3 0 15 4 1 -5 -6 1 24 -4 -11 3 -9 -12 3 -11 -9 -4 -9 4 -21 4 -7 -21 7 -14 7 -1 -3 2 1 -18 -10
2 14 9 7 2 -7 2 12 -4 -18 -13 -16 7 5 8 -7 6 14 5 -17 -6 -1 -2 2 -1 -3 0 -6 -10 -13 5 -3 0 15 4 1 -5 -6 1 24 -4 -11 3 -9 -12 3 -11 -9 -4 -9 4 -21 4 -7 -21 7 -14 7 -1 -3 2 1 -18 -10
2 14 9 7 2 -7 2 12 -4 -18 -13 -16 7 5 8 -7 6 14 5 -17 -6 -1 -2 2 -1 -3 0 -6 -10 -13 5 -3 0 15 4 1 -5 -6 1 24 -4 -11 3 -9 -12 3 -11 -9 -4 -9 4 -21 4 -7 -21 7 -14 7 -1 -3 2 1 -18 -10
2 14 9 7 2 -7 2 12 -4 -18 -13 -16 7 5 8 -7 6 14 5 -17 -6 -1 -2 2 -1 -3 0 -6 -10 -13 5 -3 0 15 4 1 -5 -6 1 24 -4 -11 3 -9 -12 3 -11 -9 -4 -9 4 -21 4 -7 -21 7 -14 7 -1 -3 2 1 -18 -10
2 14 9 7 2 -7 2 12 -4 -18 -13 -16 7 5 8 -7 6 14 5 -17 -6 -1 -2 2 -1 -3 0 -6 -10 -13 5 -3 0 15 4 1 -5 -6 1 24 -4 -11 3 -9 -12 3 -11 -9 -4 -9 4 -21 4 -7 -21 7 -14 7 -1 -3 2 1 -18 -10
2 14 9 7 2 -7 2 12 -4 -18 -13 -16 7 5 8 -7 6 14 5 -17 -6 -1 -2 2 -1 -3 0 -6 -10 -13 5 -3 0 15 4 1 -5 -6 1 24 -4 -11 3 -9 -12 3 -11 -9 -4 -9 4 -21 4 -7 -21 7 -14 7 -1 -3 2 1 -18 -10
2 14 9 7 2 -7 2 12 -4 -18 -13 -16 7 5 8 -7 6 14 5 -17 -6 -1 -2 2 -1 -3 0 -6 -10 -13 5 -3 0 15 4 1 -5 -6 1 24 -4 -11 3 -9 -12 3 -11 -9 -4 -9 4 -21 4 -7 -21 7 -14 7 -1 -3 2 1 -18 -10
2 14 9 7 2 -7 2 12 -4 -18 -13 -16 7 5 8 -7 6 14 5 -17 -6 -1 -2 2 -1 -3 0 -6 -10 -13 5 -3 0 15 4 1 -5 -6 1 24 -4 -11 3 -9 -12 3 -11 -9 -4 -9 4 -21 4 -7 -21 7 -14 7 -1 -3 2 1 -18 -10
2 14 9 7 2 -7 2 12 -4 -18 -13 -16 7 5 8 -7 6 14 5 -17 -6 -1 -2 2 -1 -3 0 -6 -10 -13 5 -3 0 15 4 1 -5 -6 1 24 -4 -11 3 -9 -12 3 -11 -9 -4 -9 4 -21 4 -7 -21 7 -14 7 -1 -3 2 1 -18 -10
2 14 9 7 2 -7 2 12 -4 -18 -13 -16 7 5 8 -7 6 14 5 -17 -6 -1 -2 2 -1 -3 0 -6 -10 -13 5 -3 0 15 4 1 -5 -6 1 24 -4 -11 3 -9 -12 3 -11 -9 -4 -9 4 -21 4 -7 -21 7 -14 7 -1 -3 2 1 -18 -10
2 14 9 7 2 -7 2 12 -4 -18 -13 -16 7 5 8 -7 6 14 5 -17 -6 -1 -2 2 -1 -3 0 -6 -10 -13 5 -3 0 15 4 1 -5 -6 1 24 -4 -11 3 -9 -12 3 -11 -9 -4 -9 4 -21 4 -7 -21 7 -14 7 -1 -3 2 1 -18 -10
