3 -4 -3 23 19 -24 17 -10 -21 -5 8 0 28 -1 18 7 -22 -32 2 4 -10 -36 6 -7 2 23 -6 3 -7 -26 -33 -34 -7 10 -14 -20 23 0 -34 1 -3 27 -3 -44 -33 15 -21 15 8 -20 -3 2 -24 25 2 -8 -14 12 -7 -11 -19 47 19 -3
2 1 -2 -6 5 18 2 3 -6 -3 0 7 10 8 24 5 34 3 3 2 -5 -9 -7 3 -2 16 -4 -14 -2 5 44 -23 -2 4 2 7 -4 3 10 -9 -16 -3 2 -8 6 10 5 26 -2 -11 1 -25 8 -3 18 23 10 -2 -23 7 11 -13 9 8
-4 -1 3 3 9 -5 -5 3 -8 3 -3 14 17 0 15 8 23 5 7 0 8 4 -12 -4 2 7 2 -14 -1 15 51 -9 -3 7 0 9 -12 8 11 -6 -21 2 -3 -7 -2 7 1 32 8 -15 -4 -22 2 4 2 20 5 9 -13 3 11 -17 11 15
-8 -4 2 -5 6 7 -3 5 -7 -10 -7 14 15 1 17 2 28 16 8 2 -2 10 -6 -6 -1 -20 0 -10 -4 11 41 -13 0 -5 -7 -3 -5 0 23 -5 -29 2 3 -5 2 8 -6 40 -2 -15 1 -17 13 4 9 38 10 8 -15 0 14 -36 8 9
4 -6 0 -3 7 7 -10 18 -13 -7 -10 14 18 10 4 7 23 8 -4 2 -6 2 -12 -13 -2 -5 6 -1 2 10 12 -3 -20 0 -5 10 -7 -3 17 -15 -25 13 -5 -18 15 -1 -12 10 -12 -14 -7 -12 6 15 10 36 5 24 -3 7 16 -19 19 18
5 -7 -13 7 2 3 -23 0 7 -6 9 20 11 -3 -2 -6 0 -3 10 0 -13 -7 -10 -10 -22 3 -3 -1 7 1 -6 -12 4 21 4 2 -7 -2 22 -23 -31 -15 -9 -15 5 -8 -16 21 -10 -10 -4 -17 13 20 -5 22 1 8 -27 20 14 -15 6 -6
17 -12 2 -1 -1 -2 -5 2 -6 -11 -29 15 7 11 -10 1 21 -4 8 8 12 -10 -7 -36 -11 17 -6 12 17 -8 3 -3 -5 -5 3 -4 -24 -7 12 -8 -26 7 4 -13 5 4 -21 1 -3 -6 -9 -15 -7 9 2 24 21 18 -8 -9 16 -6 23 14
14 -17 -1 -8 -15 15 4 -6 -3 -25 11 36 -20 20 -16 3 25 9 1 10 -23 -4 -13 -26 7 9 -16 0 5 -6 15 1 -11 -2 9 5 -11 -3 26 -17 -20 -11 4 -16 15 2 -18 21 12 -24 -2 -15 10 20 -9 12 13 17 -24 11 13 -7 7 1
6 0 1 1 -1 5 -2 3 -12 -3 -13 5 -33 9 -2 -1 23 17 -3 6 0 -1 -22 -1 3 16 -2 -16 12 7 27 -7 -8 4 -3 -6 -2 11 32 -8 -39 -5 6 -9 1 8 -22 21 -1 -2 -4 -16 2 2 7 3 2 0 -18 -1 13 0 8 13
4 -2 10 4 -1 2 -8 1 -5 2 -6 13 -32 18 13 0 13 15 0 7 1 1 -14 -7 5 10 -8 -7 7 4 33 1 -10 6 3 -1 5 3 28 -8 -26 -1 0 -2 4 -1 -28 32 -13 -5 4 -3 22 9 11 -2 9 9 -11 -5 13 9 8 5
11 -6 8 -7 -8 -8 -10 0 -8 3 4 5 -18 11 24 -8 7 5 19 13 8 15 -15 -3 -7 4 14 -9 14 -1 42 2 -6 0 -2 -4 -15 11 24 -2 -17 3 3 -12 6 -7 -31 25 -8 -2 10 -27 5 13 0 -5 5 14 -10 6 12 13 12 2
3 -13 19 4 -4 -8 -14 -7 -16 -3 -7 3 -7 12 23 2 19 4 5 11 -6 21 -10 -12 0 -2 -12 4 -1 -2 28 -9 -18 5 17 -8 -17 2 20 -3 -15 4 -5 -22 -13 -7 -30 12 -4 4 0 -8 21 13 -8 3 5 -4 -13 -7 3 21 -2 -1
-6 0 3 2 -5 11 -6 4 -5 -9 -7 13 -13 21 26 -1 17 15 10 6 0 51 -14 -6 -1 -31 -1 -11 -5 -3 28 0 -1 -8 -2 -4 -2 5 30 -3 -23 3 3 -2 2 5 -35 36 -2 12 2 -11 15 -3 6 20 7 7 -6 -1 13 6 1 7
2 -1 12 0 -1 11 9 -1 -3 -13 10 15 5 29 7 7 12 5 5 5 -6 48 -20 -1 -12 -14 -11 2 -3 -11 11 2 -6 -3 7 6 -8 -7 22 -14 -15 -6 -17 -14 14 3 -27 19 0 15 -5 -22 14 7 -5 16 4 8 -20 -8 17 15 1 8
7 1 10 10 -8 11 -8 2 -4 4 -4 13 -3 27 8 -6 6 -1 2 4 0 53 -21 -4 4 1 -7 -7 5 -5 0 2 -11 5 4 -3 5 5 20 -7 -16 0 -1 -1 3 0 -23 29 -16 1 5 5 23 -3 7 21 8 7 -7 -6 10 18 3 3
2 1 3 7 -13 16 -11 3 1 4 8 1 -5 23 -3 -11 10 -9 9 3 3 51 -30 6 -5 10 2 -4 15 -16 4 1 -15 4 10 -6 -6 6 19 -12 -15 12 8 -10 -3 5 -12 19 3 8 5 -12 6 -13 3 15 -1 1 -12 3 12 15 6 -1
10 -12 -24 16 -16 33 -13 -2 -5 -8 -2 19 -18 18 0 -7 13 -11 8 -4 12 37 -23 13 -2 8 0 1 1 -19 2 4 -1 3 12 3 -22 11 12 -12 -20 6 5 -4 13 12 -3 28 4 8 0 -4 3 -16 -4 14 14 11 -14 6 18 17 -3 -4
11 1 3 13 -19 23 -7 9 0 -1 -2 8 -21 23 5 -12 11 -7 1 9 -5 31 -30 5 3 11 -1 -5 3 -20 22 0 -2 8 4 -8 -2 2 11 -13 -21 -3 -2 -10 9 11 4 18 -4 7 0 -8 8 -33 0 12 4 2 -10 5 8 23 -6 -2
0 -1 -10 14 -18 20 -9 -2 -11 3 3 1 -6 22 16 -5 18 -11 1 14 11 10 -21 2 -17 10 -18 -17 17 -11 20 -4 -7 14 16 -4 -6 4 3 -14 -18 12 -8 -2 10 -8 8 31 -1 9 2 -5 -6 -31 -18 5 6 7 -8 -2 5 32 -5 -17
11 15 -9 15 -18 16 -11 -3 -12 8 -3 7 -5 21 25 1 17 -2 5 -7 -13 11 -32 5 -7 -9 -4 -18 -4 -22 25 -3 -23 9 20 -13 -11 4 -7 -4 -10 -9 8 -10 11 1 13 31 22 1 -17 1 7 -27 -7 3 -5 -27 -14 -4 30 22 -15 10
21 -5 0 -8 -17 14 -10 22 -9 2 -18 11 10 47 29 -11 20 19 13 5 -6 14 -30 9 -3 -13 -19 -1 -21 -12 31 -10 -16 5 -10 2 1 22 4 -12 -3 -6 -4 -24 13 1 17 31 -1 4 6 2 -5 -32 -18 5 -1 -3 -13 6 -3 12 -16 1
10 0 6 13 -17 10 -7 -5 6 2 -2 6 27 22 33 -1 12 -2 3 2 -1 13 -22 14 3 -2 -4 -7 -2 -8 26 0 -6 0 0 -4 11 15 5 5 4 -1 0 -13 3 14 15 25 -12 -3 -3 0 6 -16 6 21 4 4 -12 0 4 28 -3 -7
3 5 1 15 -22 4 -9 1 -3 -6 5 7 40 18 31 -2 3 -2 9 -2 4 20 -27 12 -3 0 1 -3 -3 -1 20 -1 -9 5 3 -7 5 8 11 -4 -1 -1 2 -12 1 11 18 19 -7 -4 1 2 6 -26 10 34 -1 3 -9 4 9 22 -5 0
5 5 2 16 -28 3 -8 1 -3 -6 6 8 43 15 19 -3 3 -3 10 -1 3 16 -29 10 -2 6 1 -2 -2 1 8 0 -9 3 2 -7 5 8 15 -3 -3 0 2 -12 1 12 20 19 -7 -9 0 2 7 -27 10 42 0 3 -9 4 8 16 -4 0
6 1 3 13 -34 -2 -16 0 -4 -9 1 10 32 18 1 0 2 -7 6 -9 8 10 -28 8 2 9 1 -3 3 7 5 6 0 14 1 1 -8 2 15 -1 -11 -4 2 -3 7 14 18 19 -9 -11 -1 4 11 -35 -7 48 4 -1 -2 15 5 4 -9 8
0 4 0 9 -39 6 -6 -1 -7 -11 -4 7 14 13 -11 -8 6 -3 12 4 4 -3 -29 12 -6 -4 7 -1 1 -9 6 1 -10 -5 -1 -4 2 16 19 2 -11 4 7 -7 7 13 23 23 -6 -15 0 2 12 -37 7 48 1 1 -6 5 10 -5 -7 6
8 3 0 11 -34 7 -14 16 -9 -6 -7 13 6 19 -16 2 8 -1 2 -1 -2 -27 -26 4 -6 1 9 3 3 -9 5 12 -25 1 0 9 -1 3 12 -11 -10 10 -5 -15 18 4 20 5 -14 -10 -7 5 11 -27 8 40 1 20 6 9 14 7 8 15
8 2 -14 19 -28 -2 -27 -1 9 -5 11 18 2 5 -7 -6 -12 -5 15 -4 -9 -40 -19 7 -26 -2 -1 2 8 -9 3 -2 0 22 8 1 -1 4 15 -19 -12 -18 -10 -13 6 -4 14 18 -13 -4 -3 -3 16 -12 -7 21 -2 3 -18 21 13 11 -3 -9
20 -3 0 10 -28 -14 -8 -1 -4 -10 -27 12 9 17 -4 5 10 -1 16 0 17 -44 -13 -18 -14 2 -5 16 17 -11 19 6 -10 -6 5 -5 -17 -1 4 -4 1 4 4 -11 7 9 8 -4 -7 0 -8 -1 -5 -16 -1 24 18 13 1 -8 14 20 15 11
17 -5 -2 3 -41 -6 1 -9 -1 -26 15 33 -2 23 -2 13 12 16 12 0 -17 -35 -14 -5 2 -17 -14 5 5 -1 29 8 -15 -4 12 3 -3 3 18 -14 15 -15 3 -14 17 6 10 14 6 -16 -2 0 11 3 -11 23 11 11 -15 13 11 16 1 -2
13 7 3 7 -25 -26 -6 8 -2 -6 -4 -2 4 11 11 13 12 25 11 -4 11 -30 -11 16 -3 -9 -3 -9 7 22 23 5 -11 -1 -3 -10 2 16 26 -9 6 -4 5 -8 1 15 1 19 -6 2 0 1 6 -10 5 31 3 1 -3 0 7 17 6 8
7 2 3 9 -31 -27 -5 -2 -4 -14 9 9 2 6 1 15 8 29 12 -1 3 -12 -7 6 -4 -24 4 1 6 26 22 6 -7 -7 -2 -9 11 12 31 2 11 -6 -6 3 5 13 -6 17 -11 1 -5 -7 15 -3 -2 42 6 2 -9 7 8 12 5 2
6 -6 18 7 -24 -33 -14 -9 -14 -7 -4 -1 8 2 -3 7 12 11 13 4 -3 -7 -5 0 -2 -10 -10 7 -1 12 5 -7 -24 1 17 -12 -13 8 23 0 14 3 -6 -19 -12 -2 -15 0 -6 -1 -1 1 25 7 -13 39 3 -8 -6 -7 3 18 4 -1
-7 6 7 9 -27 -23 -5 -2 -1 -12 4 6 -5 4 -13 8 5 21 18 -2 0 1 -3 12 -5 -17 4 -6 -4 13 -6 -1 -1 -9 2 -5 0 13 30 -1 13 4 1 -3 3 10 -22 15 -3 1 0 -3 14 -7 1 54 0 4 1 -1 14 10 11 7
9 -7 -25 12 -24 -7 -13 -5 -4 -17 0 15 -18 1 -23 4 9 15 17 -11 15 2 -5 21 -4 -6 2 3 1 11 -17 2 -6 -4 9 -1 -16 16 25 -10 15 5 5 1 13 13 -18 14 3 8 -2 -3 3 3 -9 44 13 7 -10 5 18 11 12 -1
10 7 3 8 -25 -16 -6 4 0 -10 0 5 -33 6 -29 -3 8 17 10 3 -3 3 -11 10 1 3 1 -5 3 9 -6 -3 -7 -1 0 -12 4 5 24 -12 15 -4 -3 -5 6 12 -18 1 -6 10 -3 -10 9 -15 -7 43 2 -1 -5 3 9 17 9 1
-2 3 -8 9 -22 -11 -8 -5 -9 -5 5 -2 -30 8 -19 0 17 11 9 10 13 -11 -4 3 -19 12 -16 -17 18 9 -6 -7 -11 7 14 -8 -1 7 11 -11 12 12 -9 2 9 -8 -18 18 -2 14 1 -7 -5 -15 -24 29 4 3 -3 -2 8 30 9 -12
8 19 -8 9 -15 -11 -9 -6 -12 0 -2 3 -45 10 -12 4 17 19 12 -11 -12 -8 -13 5 -10 -2 -2 -17 -2 -6 1 -5 -28 4 17 -17 -5 6 -2 -2 21 -9 8 -3 9 -2 -15 17 22 9 -19 -3 8 -12 -15 19 -6 -29 -9 -5 32 24 1 15
18 -1 1 -17 -7 -6 -9 20 -10 -5 -17 7 -43 37 -3 -9 22 40 21 3 -4 -1 -11 8 -5 -2 -18 -1 -20 0 15 -14 -19 0 -12 -1 8 23 1 -9 31 -5 -5 -16 11 -2 -12 19 0 17 3 -3 -5 -18 -26 12 -5 -4 -9 5 -1 20 -1 6
6 4 7 3 0 -6 -7 -6 6 -4 -1 2 -30 15 11 0 13 19 10 -2 0 3 0 12 2 5 -2 -8 -1 2 19 -4 -7 -5 -4 -5 18 16 -3 7 40 -1 1 -6 1 9 -13 14 -10 16 -4 -7 6 -2 -3 22 0 2 -8 -2 5 42 11 0
-1 10 3 5 5 -10 -8 0 -4 -12 6 3 -20 12 18 -1 5 18 18 -6 4 20 -3 10 -3 3 1 -4 -1 10 22 -8 -8 -3 -2 -8 13 7 -4 -1 41 0 3 -4 -1 4 -10 9 -5 19 -1 -7 5 -9 -1 32 -3 -2 -4 2 9 42 8 8
-17 -8 -4 8 17 -9 -10 -5 5 2 1 7 18 20 -1 10 -5 -2 -2 -1 -11 -14 13 10 0 25 1 -6 9 -15 -10 -5 2 15 2 -2 1 6 -11 -1 5 -7 1 -4 1 -1 -13 5 -2 -1 -6 -11 -8 10 4 -4 0 -2 13 -5 4 15 -9 2
-17 -8 -4 8 17 -9 -10 -5 5 2 1 7 18 20 -1 10 -5 -2 -2 -1 -11 -14 13 10 0 25 1 -6 9 -15 -10 -5 2 15 2 -2 1 6 -11 -1 5 -7 1 -4 1 -1 -13 5 -2 -1 -6 -11 -8 10 4 -4 0 -2 13 -5 4 15 -9 2
-17 -8 -4 8 17 -9 -10 -5 5 2 1 7 18 20 -1 10 -5 -2 -2 -1 -11 -14 13 10 0 25 1 -6 9 -15 -10 -5 2 15 2 -2 1 6 -11 -1 5 -7 1 -4 1 -1 -13 5 -2 -1 -6 -11 -8 10 4 -4 0 -2 13 -5 4 15 -9 2
-17 -8 -4 8 17 -9 -10 -5 5 2 1 7 18 20 -1 10 -5 -2 -2 -1 -11 -14 13 10 0 25 1 -6 9 -15 -10 -5 2 15 2 -2 1 6 -11 -1 5 -7 1 -4 1 -1 -13 5 -2 -1 -6 -11 -8 10 4 -4 0 -2 13 -5 4 15 -9 2
-17 -8 -4 8 17 -9 -10 -5 5 2 1 7 18 20 -1 10 -5 -2 -2 -1 -11 -14 13 10 0 25 1 -6 9 -15 -10 -5 2 15 2 -2 1 6 -11 -1 5 -7 1 -4 1 -1 -13 5 -2 -1 -6 -11 -8 10 4 -4 0 -2 13 -5 4 15 -9 2
-17 -8 -4 8 17 -9 -10 -5 5 2 1 7 18 20 -1 10 -5 -2 -2 -1 -11 -14 13 10 0 25 1 -6 9 -15 -10 -5 2 15 2 -2 1 6 -11 -1 5 -7 1 -4 1 -1 -13 5 -2 -1 -6 -11 -8 10 4 -4 0 -2 13 -5 4 15 -9 2
-17 -8 -4 8 17 -9 -10 -5 5 2 1 7 18 20 -1 10 -5 -2 -2 -1 -11 -14 13 10 0 25 1 -6 9 -15 -10 -5 2 15 2 -2 1 6 -11 -1 5 -7 1 -4 1 -1 -13 5 -2 -1 -6 -11 -8 10 4 -4 0 -2 13 -5 4 15 -9 2
-17 -8 -4 8 17 -9 -10 -5 5 2 1 7 18 20 -1 10 -5 -2 -2 -1 -11 -14 13 10 0 25 1 -6 9 -15 -10 -5 2 15 2 -2 1 6 -11 -1 5 -7 1 -4 1 -1 -13 5 -2 -1 -6 -11 -8 10 4 -4 0 -2 13 -5 4 15 -9 2
-17 -8 -4 8 17 -9 -10 -5 5 2 1 7 18 20 -1 10 -5 -2 -2 -1 -11 -14 13 10 0 25 1 -6 9 -15 -10 -5 2 15 2 -2 1 6 -11 -1 5 -7 1 -4 1 -1 -13 5 -2 -1 -6 -11 -8 10 4 -4 0 -2 13 -5 4 15 -9 2
-17 -8 -4 8 17 -9 -10 -5 5 2 1 7 18 20 -1 10 -5 -2 -2 -1 -11 -14 13 10 0 25 1 -6 9 -15 -10 -5 2 15 2 -2 1 6 -11 -1 5 -7 1 -4 1 -1 -13 5 -2 -1 -6 -11 -8 10 4 -4 0 -2 13 -5 4 15 -9 2
-17 -8 -4 8 17 -9 -10 -5 5 2 1 7 18 20 -1 10 -5 -2 -2 -1 -11 -14 13 10 0 25 1 -6 9 -15 -10 -5 2 15 2 -2 1 6 -11 -1 5 -7 1 -4 1 -1 -13 5 -2 -1 -6 -11 -8 10 4 -4 0 -2 13 -5 4 15 -9 2
-17 -8 -4 8 17 -9 -10 -5 5 2 1 7 18 20 -1 10 -5 -2 -2 -1 -11 -14 13 10 0 25 1 -6 9 -15 -10 -5 2 15 2 -2 1 6 -11 -1 5 -7 1 -4 1 -1 -13 5 -2 -1 -6 -11 -8 10 4 -4 0 -2 13 -5 4 15 -9 2
-17 -8 -4 8 17 -9 -10 -5 5 2 1 7 18 20 -1 10 -5 -2 -2 -1 -11 -14 13 10 0 25 1 -6 9 -15 -10 -5 2 15 2 -2 1 6 -11 -1 5 -7 1 -4 1 -1 -13 5 -2 -1 -6 -11 -8 10 4 -4 0 -2 13 -5 4 15 -9 2
-17 -8 -4 8 17 -9 -10 -5 5 2 1 7 18 20 -1 10 -5 -2 -2 -1 -11 -14 13 10 0 25 1 -6 9 -15 -10 -5 2 15 2 -2 1 6 -11 -1 5 -7 1 -4 1 -1 -13 5 -2 -1 -6 -11 -8 10 4 -4 0 -2 13 -5 4 15 -9 2
-17 -8 -4 8 17 -9 -10 -5 5 2 1 7 18 20 -1 10 -5 -2 -2 -1 -11 -14 13 10 0 25 1 -6 9 -15 -10 -5 2 15 2 -2 1 6 -11 -1 5 -7 1 -4 1 -1 -13 5 -2 -1 -6 -11 -8 10 4 -4 0 -2 13 -5 4 15 -9 2
-17 -8 -4 8 17 -9 -10 -5 5 2 1 7 18 20 -1 10 -5 -2 -2 -1 -11 -14 13 10 0 25 1 -6 9 -15 -10 -5 2 15 2 -2 1 6 -11 -1 5 -7 1 -4 1 -1 -13 5 -2 -1 -6 -11 -8 10 4 -4 0 -2 13 -5 4 15 -9 2
-17 -8 -4 8 17 -9 -10 -5 5 2 1 7 18 20 -1 10 -5 -2 -2 -1 -11 -14 13 10 0 25 1 -6 9 -15 -10 -5 2 15 2 -2 1 6 -11 -1 5 -7 1 -4 1 -1 -13 5 -2 -1 -6 -11 -8 10 4 -4 0 -2 13 -5 4 15 -9 2
-17 -8 -4 8 17 -9 -10 -5 5 2 1 7 18 20 -1 10 -5 -2 -2 -1 -11 -14 13 10 0 25 1 -6 9 -15 -10 -5 2 15 2 -2 1 6 -11 -1 5 -7 1 -4 1 -1 -13 5 -2 -1 -6 -11 -8 10 4 -4 0 -2 13 -5 4 15 -9 2
-17 -8 -4 8 17 -9 -10 -5 5 2 1 7 18 20 -1 10 -5 -2 -2 -1 -11 -14 13 10 0 25 1 -6 9 -15 -10 -5 2 15 2 -2 1 6 -11 -1 5 -7 1 -4 1 -1 -13 5 -2 -1 -6 -11 -8 10 4 -4 0 -2 13 -5 4 15 -9 2
-17 -8 -4 8 17 -9 -10 -5 5 2 1 7 18 20 -1 10 -5 -2 -2 -1 -11 -14 13 10 0 25 1 -6 9 -15 -10 -5 2 15 2 -2 1 6 -11 -1 5 -7 1 -4 1 -1 -13 5 -2 -1 -6 -11 -8 10 4 -4 0 -2 13 -5 4 15 -9 2
-17 -8 -4 8 17 -9 -10 -5 5 2 1 7 18 20 -1 10 -5 -2 -2 -1 -11 -14 13 10 0 25 1 -6 9 -15 -10 -5 2 15 2 -2 1 6 -11 -1 5 -7 1 -4 1 -1 -13 5 -2 -1 -6 -11 -8 10 4 -4 0 -2 13 -5 4 15 -9 2
-17 -8 -4 8 17 -9 -10 -5 5 2 1 7 18 20 -1 10 -5 -2 -2 -1 -11 -14 13 10 0 25 1 -6 9 -15 -10 -5 2 15 2 -2 1 6 -11 -1 5 -7 1 -4 1 -1 -13 5 -2 -1 -6 -11 -8 10 4 -4 0 -2 13 -5 4 15 -9 2
-17 -8 -4 8 17 -9 -10 -5 5 2 1 7 18 20 -1 10 -5 -2 -2 -1 -11 -14 13 10 0 25 1 -6 9 -15 -10 -5 2 15 2 -2 1 6 -11 -1 5 -7 1 -4 1 -1 -13 5 -2 -1 -6 -11 -8 10 4 -4 0 -2 13 -5 4 15 -9 2
-17 -8 -4 8 17 -9 -10 -5 5 2 1 7 18 20 -1 10 -5 -2 -2 -1 -11 -14 13 10 0 25 1 -6 9 -15 -10 -5 2 15 2 -2 1 6 -11 -1 5 -7 1 -4 1 -1 -13 5 -2 -1 -6 -11 -8 10 4 -4 0 -2 13 -5 4 15 -9 2
-17 -8 -4 8 17 -9 -10 -5 5 2 1 7 18 20 -1 10 -5 -2 -2 -1 -11 -14 13 10 0 25 1 -6 9 -15 -10 -5 2 15 2 -2 1 6 -11 -1 5 -7 1 -4 1 -1 -13 5 -2 -1 -6 -11 -8 10 4 -4 0 -2 13 -5 4 15 -9 2
-17 -8 -4 8 17 -9 -10 -5 5 2 1 7 18 20 -1 10 -5 -2 -2 -1 -11 -14 13 10 0 25 1 -6 9 -15 -10 -5 2 15 2 -2 1 6 -11 -1 5 -7 1 -4 1 -1 -13 5 -2 -1 -6 -11 -8 10 4 -4 0 -2 13 -5 4 15 -9 2
-17 -8 -4 8 17 -9 -10 -5 5 2 1 7 18 20 -1 10 -5 -2 -2 -1 -11 -14 13 10 0 25 1 -6 9 -15 -10 -5 2 15 2 -2 1 6 -11 -1 5 -7 1 -4 1 -1 -13 5 -2 -1 -6 -11 -8 10 4 -4 0 -2 13 -5 4 15 -9 2
-17 -8 -4 8 17 -9 -10 -5 5 2 1 7 18 20 -1 10 -5 -2 -2 -1 -11 -14 13 10 0 25 1 -6 9 -15 -10 -5 2 15 2 -2 1 6 -11 -1 5 -7 1 -4 1 -1 -13 5 -2 -1 -6 -11 -8 10 4 -4 0 -2 13 -5 4 15 -9 2
-17 -8 -4 8 17 -9 -10 -5 5 2 1 7 18 20 -1 10 -5 -2 -2 -1 -11 -14 13 10 0 25 1 -6 9 -15 -10 -5 2 15 2 -2 1 6 -11 -1 5 -7 1 -4 1 -1 -13 5 -2 -1 -6 -11 -8 10 4 -4 0 -2 13 -5 4 15 -9 2
-17 -8 -4 8 17 -9 -10 -5 5 2 1 7 18 20 -1 10 -5 -2 -2 -1 -11 -14 13 10 0 25 1 -6 9 -15 -10 -5 2 15 2 -2 1 6 -11 -1 5 -7 1 -4 1 -1 -13 5 -2 -1 -6 -11 -8 10 4 -4 0 -2 13 -5 4 15 -9 2
-17 -8 -4 8 17 -9 -10 -5 5 2 1 7 18 20 -1 10 -5 -2 -2 -1 -11 -14 13 10 0 25 1 -6 9 -15 -10 -5 2 15 2 -2 1 6 -11 -1 5 -7 1 -4 1 -1 -13 5 -2 -1 -6 -11 -8 10 4 -4 0 -2 13 -5 4 15 -9 2
-17 -8 -4 8 17 -9 -10 -5 5 2 1 7 18 20 -1 10 -5 -2 -2 -1 -11 -14 13 10 0 25 1 -6 9 -15 -10 -5 2 15 2 -2 1 6 -11 -1 5 -7 1 -4 1 -1 -13 5 -2 -1 -6 -11 -8 10 4 -4 0 -2 13 -5 4 15 -9 2
-17 -8 -4 8 17 -9 -10 -5 5 2 1 7 18 20 -1 10 -5 -2 -2 -1 -11 -14 13 10 0 25 1 -6 9 -15 -10 -5 2 15 2 -2 1 6 -11 -1 5 -7 1 -4 1 -1 -13 5 -2 -1 -6 -11 -8 10 4 -4 0 -2 13 -5 4 15 -9 2
-17 -8 -4 8 17 -9 -10 -5 5 2 1 7 18 20 -1 10 -5 -2 -2 -1 -11 -14 13 10 0 25 1 -6 9 -15 -10 -5 2 15 2 -2 1 6 -11 -1 5 -7 1 -4 1 -1 -13 5 -2 -1 -6 -11 -8 10 4 -4 0 -2 13 -5 4 15 -9 2
-17 -8 -4 8 17 -9 -10 -5 5 2 1 7 18 20 -1 10 -5 -2 -2 -1 -11 -14 13 10 0 25 1 -6 9 -15 -10 -5 2 15 2 -2 1 6 -11 -1 5 -7 1 -4 1 -1 -13 5 -2 -1 -6 -11 -8 10 4 -4 0 -2 13 -5 4 15 -9 2
-17 -8 -4 8 17 -9 -10 -5 5 2 1 7 18 20 -1 10 -5 -2 -2 -1 -11 -14 13 10 0 25 1 -6 9 -15 -10 -5 2 15 2 -2 1 6 -11 -1 5 -7 1 -4 1 -1 -13 5 -2 -1 -6 -11 -8 10 4 -4 0 -2 13 -5 4 15 -9 2
-17 -8 -4 8 17 -9 -10 -5 5 2 1 7 18 20 -1 10 -5 -2 -2 -1 -11 -14 13 10 0 25 1 -6 9 -15 -10 -5 2 15 2 -2 1 6 -11 -1 5 -7 1 -4 1 -1 -13 5 -2 -1 -6 -11 -8 10 4 -4 0 -2 13 -5 4 15 -9 2
-17 -8 -4 8 17 -9 -10 -5 5 2 1 7 18 20 -1 10 -5 -2 -2 -1 -11 -14 13 10 0 25 1 -6 9 -15 -10 -5 2 15 2 -2 1 6 -11 -1 5 -7 1 -4 1 -1 -13 5 -2 -1 -6 -11 -8 10 4 -4 0 -2 13 -5 4 15 -9 2
-17 -8 -4 8 17 -9 -10 -5 5 2 1 7 18 20 -1 10 -5 -2 -2 -1 -11 -14 13 10 0 25 1 -6 9 -15 -10 -5 2 15 2 -2 1 6 -11 -1 5 -7 1 -4 1 -1 -13 5 -2 -1 -6 -11 -8 10 4 -4 0 -2 13 -5 4 15 -9 2
-17 -8 -4 8 17 -9 -10 -5 5 2 1 7 18 20 -1 10 -5 -2 -2 -1 -11 -14 13 10 0 25 1 -6 9 -15 -10 -5 2 15 2 -2 1 6 -11 -1 5 -7 1 -4 1 -1 -13 5 -2 -1 -6 -11 -8 10 4 -4 0 -2 13 -5 4 15 -9 2
-17 -8 -4 8 17 -9 -10 -5 5 2 1 7 18 20 -1 10 -5 -2 -2 -1 -11 -14 13 10 0 25 1 -6 9 -15 -10 -5 2 15 2 -2 1 6 -11 -1 5 -7 1 -4 1 -1 -13 5 -2 -1 -6 -11 -8 10 4 -4 0 -2 13 -5 4 15 -9 2
-17 -8 -4 8 17 -9 -10 -5 5 2 1 7 18 20 -1 10 -5 -2 -2 -1 -11 -14 13 10 0 25 1 -6 9 -15 -10 -5 2 15 2 -2 1 6 -11 -1 5 -7 1 -4 1 -1 -13 5 -2 -1 -6 -11 -8 10 4 -4 0 -2 13 -5 4 15 -9 2
-17 -8 -4 8 17 -9 -10 -5 5 2 1 7 18 20 -1 10 -5 -2 -2 -1 -11 -14 13 10 0 25 1 -6 9 -15 -10 -5 2 15 2 -2 1 6 -11 -1 5 -7 1 -4 1 -1 -13 5 -2 -1 -6 -11 -8 10 4 -4 0 -2 13 -5 4 15 -9 2
-17 -8 -4 8 17 -9 -10 -5 5 2 1 7 18 20 -1 10 -5 -2 -2 -1 -11 -14 13 10 0 25 1 -6 9 -15 -10 -5 2 15 2 -2 1 6 -11 -1 5 -7 1 -4 1 -1 -13 5 -2 -1 -6 -11 -8 10 4 -4 0 -2 13 -5 4 15 -9 2
-17 -8 -4 8 17 -9 -10 -5 5 2 1 7 18 20 -1 10 -5 -2 -2 -1 -11 -14 13 10 0 25 1 -6 9 -15 -10 -5 2 15 2 -2 1 6 -11 -1 5 -7 1 -4 1 -1 -13 5 -2 -1 -6 -11 -8 10 4 -4 0 -2 13 -5 4 15 -9 2
-17 -8 -4 8 17 -9 -10 -5 5 2 1 7 18 20 -1 10 -5 -2 -2 -1 -11 -14 13 10 0 25 1 -6 9 -15 -10 -5 2 15 2 -2 1 6 -11 -1 5 -7 1 -4 1 -1 -13 5 -2 -1 -6 -11 -8 10 4 -4 0 -2 13 -5 4 15 -9 2
-17 -8 -4 8 17 -9 -10 -5 5 2 1 7 18 20 -1 10 -5 -2 -2 -1 -11 -14 13 10 0 25 1 -6 9 -15 -10 -5 2 15 2 -2 1 6 -11 -1 5 -7 1 -4 1 -1 -13 5 -2 -1 -6 -11 -8 10 4 -4 0 -2 13 -5 4 15 -9 2
-17 -8 -4 8 17 -9 -10 -5 5 2 1 7 18 20 -1 10 -5 -2 -2 -1 -11 -14 13 10 0 25 1 -6 9 -15 -10 -5 2 15 2 -2 1 6 -11 -1 5 -7 1 -4 1 -1 -13 5 -2 -1 -6 -11 -8 10 4 -4 0 -2 13 -5 4 15 -9 2
-17 -8 -4 8 17 -9 -10 -5 5 2 1 7 18 20 -1 10 -5 -2 -2 -1 -11 -14 13 10 0 25 1 -6 9 -15 -10 -5 2 15 2 -2 1 6 -11 -1 5 -7 1 -4 1 -1 -13 5 -2 -1 -6 -11 -8 10 4 -4 0 -2 13 -5 4 15 -9 2
-17 -8 -4 8 17 -9 -10 -5 5 2 1 7 18 20 -1 10 -5 -2 -2 -1 -11 -14 13 10 0 25 1 -6 9 -15 -10 -5 2 15 2 -2 1 6 -11 -1 5 -7 1 -4 1 -1 -13 5 -2 -1 -6 -11 -8 10 4 -4 0 -2 13 -5 4 15 -9 2
-17 -8 -4 8 17 -9 -10 -5 5 2 1 7 18 20 -1 10 -5 -2 -2 -1 -11 -14 13 10 0 25 1 -6 9 -15 -10 -5 2 15 2 -2 1 6 -11 -1 5 -7 1 -4 1 -1 -13 5 -2 -1 -6 -11 -8 10 4 -4 0 -2 13 -5 4 15 -9 2
-17 -8 -4 8 17 -9 -10 -5 5 2 1 7 18 20 -1 10 -5 -2 -2 -1 -11 -14 13 10 0 25 1 -6 9 -15 -10 -5 2 15 2 -2 1 6 -11 -1 5 -7 1 -4 1 -1 -13 5 -2 -1 -6 -11 -8 10 4 -4 0 -2 13 -5 4 15 -9 2
-17 -8 -4 8 17 -9 -10 -5 5 2 1 7 18 20 -1 10 -5 -2 -2 -1 -11 -14 13 10 0 25 1 -6 9 -15 -10 -5 2 15 2 -2 1 6 -11 -1 5 -7 1 -4 1 -1 -13 5 -2 -1 -6 -11 -8 10 4 -4 0 -2 13 -5 4 15 -9 2
-17 -8 -4 8 17 -9 -10 -5 5 2 1 7 18 20 -1 10 -5 -2 -2 -1 -11 -14 13 10 0 25 1 -6 9 -15 -10 -5 2 15 2 -2 1 6 -11 -1 5 -7 1 -4 1 -1 -13 5 -2 -1 -6 -11 -8 10 4 -4 0 -2 13 -5 4 15 -9 2
-17 -8 -4 8 17 -9 -10 -5 5 2 1 7 18 20 -1 10 -5 -2 -2 -1 -11 -14 13 10 0 25 1 -6 9 -15 -10 -5 2 15 2 -2 1 6 -11 -1 5 -7 1 -4 1 -1 -13 5 -2 -1 -6 -11 -8 10 4 -4 0 -2 13 -5 4 15 -9 2
-17 -8 -4 8 17 -9 -10 -5 5 2 1 7 18 20 -1 10 -5 -2 -2 -1 -11 -14 13 10 0 25 1 -6 9 -15 -10 -5 2 15 2 -2 1 6 -11 -1 5 -7 1 -4 1 -1 -13 5 -2 -1 -6 -11 -8 10 4 -4 0 -2 13 -5 4 15 -9 2
-17 -8 -4 8 17 -9 -10 -5 5 2 1 7 18 20 -1 10 -5 -2 -2 -1 -11 -14 13 10 0 25 1 -6 9 -15 -10 -5 2 15 2 -2 1 6 -11 -1 5 -7 1 -4 1 -1 -13 5 -2 -1 -6 -11 -8 10 4 -4 0 -2 13 -5 4 15 -9 2
-17 -8 -4 8 17 -9 -10 -5 5 2 1 7 18 20 -1 10 -5 -2 -2 -1 -11 -14 13 10 0 25 1 -6 9 -15 -10 -5 2 15 2 -2 1 6 -11 -1 5 -7 1 -4 1 -1 -13 5 -2 -1 -6 -11 -8 10 4 -4 0 -2 13 -5 4 15 -9 2
-17 -8 -4 8 17 -9 -10 -5 5 2 1 7 18 20 -1 10 -5 -2 -2 -1 -11 -14 13 10 0 25 1 -6 9 -15 -10 -5 2 15 2 -2 1 6 -11 -1 5 -7 1 -4 1 -1 -13 5 -2 -1 -6 -11 -8 10 4 -4 0 -2 13 -5 4 15 -9 2
-17 -8 -4 8 17 -9 -10 -5 5 2 1 7 18 20 -1 10 -5 -2 -2 -1 -11 -14 13 10 0 25 1 -6 9 -15 -10 -5 2 15 2 -2 1 6 -11 -1 5 -7 1 -4 1 -1 -13 5 -2 -1 -6 -11 -8 10 4 -4 0 -2 13 -5 4 15 -9 2
-17 -8 -4 8 17 -9 -10 -5 5 2 1 7 18 20 -1 10 -5 -2 -2 -1 -11 -14 13 10 0 25 1 -6 9 -15 -10 -5 2 15 2 -2 1 6 -11 -1 5 -7 1 -4 1 -1 -13 5 -2 -1 -6 -11 -8 10 4 -4 0 -2 13 -5 4 15 -9 2
-17 -8 -4 8 17 -9 -10 -5 5 2 1 7 18 20 -1 10 -5 -2 -2 -1 -11 -14 13 10 0 25 1 -6 9 -15 -10 -5 2 15 2 -2 1 6 -11 -1 5 -7 1 -4 1 -1 -13 5 -2 -1 -6 -11 -8 10 4 -4 0 -2 13 -5 4 15 -9 2
-17 -8 -4 8 17 -9 -10 -5 5 2 1 7 18 20 -1 10 -5 -2 -2 -1 -11 -14 13 10 0 25 1 -6 9 -15 -10 -5 2 15 2 -2 1 6 -11 -1 5 -7 1 -4 1 -1 -13 5 -2 -1 -6 -11 -8 10 4 -4 0 -2 13 -5 4 15 -9 2
-17 -8 -4 8 17 -9 -10 -5 5 2 1 7 18 20 -1 10 -5 -2 -2 -1 -11 -14 13 10 0 25 1 -6 9 -15 -10 -5 2 15 2 -2 1 6 -11 -1 5 -7 1 -4 1 -1 -13 5 -2 -1 -6 -11 -8 10 4 -4 0 -2 13 -5 4 15 -9 2
-17 -8 -4 8 17 -9 -10 -5 5 2 1 7 18 20 -1 10 -5 -2 -2 -1 -11 -14 13 10 0 25 1 -6 9 -15 -10 -5 2 15 2 -2 1 6 -11 -1 5 -7 1 -4 1 -1 -13 5 -2 -1 -6 -11 -8 10 4 -4 0 -2 13 -5 4 15 -9 2
-17 -8 -4 8 17 -9 -10 -5 5 2 1 7 18 20 -1 10 -5 -2 -2 -1 -11 -14 13 10 0 25 1 -6 9 -15 -10 -5 2 15 2 -2 1 6 -11 -1 5 -7 1 -4 1 -1 -13 5 -2 -1 -6 -11 -8 10 4 -4 0 -2 13 -5 4 15 -9 2
-17 -8 -4 8 17 -9 -10 -5 5 2 1 7 18 20 -1 10 -5 -2 -2 -1 -11 -14 13 10 0 25 1 -6 9 -15 -10 -5 2 15 2 -2 1 6 -11 -1 5 -7 1 -4 1 -1 -13 5 -2 -1 -6 -11 -8 10 4 -4 0 -2 13 -5 4 15 -9 2
-17 -8 -4 8 17 -9 -10 -5 5 2 1 7 18 20 -1 10 -5 -2 -2 -1 -11 -14 13 10 0 25 1 -6 9 -15 -10 -5 2 15 2 -2 1 6 -11 -1 5 -7 1 -4 1 -1 -13 5 -2 -1 -6 -11 -8 10 4 -4 0 -2 13 -5 4 15 -9 2
-17 -8 -4 8 17 -9 -10 -5 5 2 1 7 18 20 -1 10 -5 -2 -2 -1 -11 -14 13 10 0 25 1 -6 9 -15 -10 -5 2 15 2 -2 1 6 -11 -1 5 -7 1 -4 1 -1 -13 5 -2 -1 -6 -11 -8 10 4 -4 0 -2 13 -5 4 15 -9 2
-17 -8 -4 8 17 -9 -10 -5 5 2 1 7 18 20 -1 10 -5 -2 -2 -1 -11 -14 13 10 0 25 1 -6 9 -15 -10 -5 2 15 2 -2 1 6 -11 -1 5 -7 1 -4 1 -1 -13 5 -2 -1 -6 -11 -8 10 4 -4 0 -2 13 -5 4 15 -9 2
-17 -8 -4 8 17 -9 -10 -5 5 2 1 7 18 20 -1 10 -5 -2 -2 -1 -11 -14 13 10 0 25 1 -6 9 -15 -10 -5 2 15 2 -2 1 6 -11 -1 5 -7 1 -4 1 -1 -13 5 -2 -1 -6 -11 -8 10 4 -4 0 -2 13 -5 4 15 -9 2
-17 -8 -4 8 17 -9 -10 -5 5 2 1 7 18 20 -1 10 -5 -2 -2 -1 -11 -14 13 10 0 25 1 -6 9 -15 -10 -5 2 15 2 -2 1 6 -11 -1 5 -7 1 -4 1 -1 -13 5 -2 -1 -6 -11 -8 10 4 -4 0 -2 13 -5 4 15 -9 2
-17 -8 -4 8 17 -9 -10 -5 5 2 1 7 18 20 -1 10 -5 -2 -2 -1 -11 -14 13 10 0 25 1 -6 9 -15 -10 -5 2 15 2 -2 1 6 -11 -1 5 -7 1 -4 1 -1 -13 5 -2 -1 -6 -11 -8 10 4 -4 0 -2 13 -5 4 15 -9 2
-17 -8 -4 8 17 -9 -10 -5 5 2 1 7 18 20 -1 10 -5 -2 -2 -1 -11 -14 13 10 0 25 1 -6 9 -15 -10 -5 2 15 2 -2 1 6 -11 -1 5 -7 1 -4 1 -1 -13 5 -2 -1 -6 -11 -8 10 4 -4 0 -2 13 -5 4 15 -9 2
-17 -8 -4 8 17 -9 -10 -5 5 2 1 7 18 20 -1 10 -5 -2 -2 -1 -11 -14 13 10 0 25 1 -6 9 -15 -10 -5 2 15 2 -2 1 6 -11 -1 5 -7 1 -4 1 -1 -13 5 -2 -1 -6 -11 -8 10 4 -4 0 -2 13 -5 4 15 -9 2
-17 -8 -4 8 17 -9 -10 -5 5 2 1 7 18 20 -1 10 -5 -2 -2 -1 -11 -14 13 10 0 25 1 -6 9 -15 -10 -5 2 15 2 -2 1 6 -11 -1 5 -7 1 -4 1 -1 -13 5 -2 -1 -6 -11 -8 10 4 -4 0 -2 13 -5 4 15 -9 2
-17 -8 -4 8 17 -9 -10 -5 5 2 1 7 18 20 -1 10 -5 -2 -2 -1 -11 -14 13 10 0 25 1 -6 9 -15 -10 -5 2 15 2 -2 1 6 -11 -1 5 -7 1 -4 1 -1 -13 5 -2 -1 -6 -11 -8 10 4 -4 0 -2 13 -5 4 15 -9 2
-17 -8 -4 8 17 -9 -10 -5 5 2 1 7 18 20 -1 10 -5 -2 -2 -1 -11 -14 13 10 0 25 1 -6 9 -15 -10 -5 2 15 2 -2 1 6 -11 -1 5 -7 1 -4 1 -1 -13 5 -2 -1 -6 -11 -8 10 4 -4 0 -2 13 -5 4 15 -9 2
-17 -8 -4 8 17 -9 -10 -5 5 2 1 7 18 20 -1 10 -5 -2 -2 -1 -11 -14 13 10 0 25 1 -6 9 -15 -10 -5 2 15 2 -2 1 6 -11 -1 5 -7 1 -4 1 -1 -13 5 -2 -1 -6 -11 -8 10 4 -4 0 -2 13 -5 4 15 -9 2
-17 -8 -4 8 17 -9 -10 -5 5 2 1 7 18 20 -1 10 -5 -2 -2 -1 -11 -14 13 10 0 25 1 -6 9 -15 -10 -5 2 15 2 -2 1 6 -11 -1 5 -7 1 -4 1 -1 -13 5 -2 -1 -6 -11 -8 10 4 -4 0 -2 13 -5 4 15 -9 2
-17 -8 -4 8 17 -9 -10 -5 5 2 1 7 18 20 -1 10 -5 -2 -2 -1 -11 -14 13 10 0 25 1 -6 9 -15 -10 -5 2 15 2 -2 1 6 -11 -1 5 -7 1 -4 1 -1 -13 5 -2 -1 -6 -11 -8 10 4 -4 0 -2 13 -5 4 15 -9 2
-17 -8 -4 8 17 -9 -10 -5 5 2 1 7 18 20 -1 10 -5 -2 -2 -1 -11 -14 13 10 0 25 1 -6 9 -15 -10 -5 2 15 2 -2 1 6 -11 -1 5 -7 1 -4 1 -1 -13 5 -2 -1 -6 -11 -8 10 4 -4 0 -2 13 -5 4 15 -9 2
-17 -8 -4 8 17 -9 -10 -5 5 2 1 7 18 20 -1 10 -5 -2 -2 -1 -11 -14 13 10 0 25 1 -6 9 -15 -10 -5 2 15 2 -2 1 6 -11 -1 5 -7 1 -4 1 -1 -13 5 -2 -1 -6 -11 -8 10 4 -4 0 -2 13 -5 4 15 -9 2
-17 -8 -4 8 17 -9 -10 -5 5 2 1 7 18 20 -1 10 -5 -2 -2 -1 -11 -14 13 10 0 25 1 -6 9 -15 -10 -5 2 15 2 -2 1 6 -11 -1 5 -7 1 -4 1 -1 -13 5 -2 -1 -6 -11 -8 10 4 -4 0 -2 13 -5 4 15 -9 2
-17 -8 -4 8 17 -9 -10 -5 5 2 1 7 18 20 -1 10 -5 -2 -2 -1 -11 -14 13 10 0 25 1 -6 9 -15 -10 -5 2 15 2 -2 1 6 -11 -1 5 -7 1 -4 1 -1 -13 5 -2 -1 -6 -11 -8 10 4 -4 0 -2 13 -5 4 15 -9 2
-17 -8 -4 8 17 -9 -10 -5 5 2 1 7 18 20 -1 10 -5 -2 -2 -1 -11 -14 13 10 0 25 1 -6 9 -15 -10 -5 2 15 2 -2 1 6 -11 -1 5 -7 1 -4 1 -1 -13 5 -2 -1 -6 -11 -8 10 4 -4 0 -2 13 -5 4 15 -9 2
-17 -8 -4 8 17 -9 -10 -5 5 2 1 7 18 20 -1 10 -5 -2 -2 -1 -11 -14 13 10 0 25 1 -6 9 -15 -10 -5 2 15 2 -2 1 6 -11 -1 5 -7 1 -4 1 -1 -13 5 -2 -1 -6 -11 -8 10 4 -4 0 -2 13 -5 4 15 -9 2
