-3 -21 -10 0 -1 9 -2 12 7 -3 4 -1 10 -1 -7 2 16 1 0 -22 5 4 -28 6 24 13 -16 -7 8 13 2 5 -5 6 -2 1 -16 -7 -5 -8 -13 -19 -1 -7 -2 1 5 -5 22 -5 0 -1 -15 6 -3 -6 -3 -13 1 29 6 -15 4 8
4 -1 -22 8 14 3 -8 2 -11 -11 -11 -5 -5 -9 -4 8 12 2 -8 -13 2 1 18 5 -8 5 14 -2 8 13 6 12 1 2 11 -10 -6 -1 -4 -12 -6 -18 1 0 4 -1 18 22 -13 0 4 -7 0 -8 -2 -3 -5 14 0 2 -4 2 -26 2
4 -1 -21 -7 -3 4 -17 -4 -12 2 -23 -2 9 -4 -14 11 5 3 0 -11 -1 1 9 23 -8 20 6 9 -10 8 5 8 -5 12 1 -2 -1 4 -6 6 25 7 15 0 4 9 -4 20 -23 8 13 -12 -3 -13 9 -21 12 17 -7 11 7 -1 -22 4
2 10 -5 14 18 12 -7 4 3 -6 -3 -6 4 -11 -11 -14 3 4 -4 -3 8 1 -8 16 3 4 4 -13 -3 20 -5 -5 1 7 -15 -5 1 4 -13 -7 -13 -12 -11 6 -11 -12 6 -6 -14 9 13 5 -1 -3 -3 11 -11 2 -1 -1 4 14 -20 4
5 -12 -9 2 10 9 -4 3 -12 -23 -2 3 7 5 -4 6 3 -3 -4 15 -3 -8 14 3 4 -2 5 -26 7 19 0 7 6 4 -8 -4 -28 4 0 -4 9 1 6 -2 -12 4 14 -2 -24 1 -11 -1 -7 -8 1 11 -2 12 -17 -6 -5 22 -11 2
-4 12 -9 -1 8 3 4 -10 1 -12 5 4 -2 8 -3 -6 -11 2 -7 8 12 -17 0 10 -1 4 4 3 -2 18 1 -8 -2 -10 -6 -7 -2 -4 -9 3 -14 9 -7 -2 -6 -6 0 4 -19 -6 -8 -2 9 -11 -1 -8 4 8 -18 5 -21 17 -15 -6
-2 -5 -1 13 1 2 -1 -3 -18 -2 -7 -5 9 -3 -5 6 -13 -5 -13 -2 -16 -1 3 8 0 1 9 -14 7 19 1 9 -5 21 -7 1 -9 3 1 -8 -3 8 5 12 0 -5 5 8 -13 18 -19 -2 12 -11 27 12 0 19 2 -10 2 -2 -20 -2
-2 16 2 1 15 -11 -22 8 10 -3 -26 14 -5 -13 -7 2 -11 -8 3 2 14 -19 9 25 -14 -19 2 -11 -1 20 17 -15 -1 5 -11 -9 -6 10 -3 -12 0 -11 -9 -6 -10 -3 -8 10 -20 1 8 5 11 -17 -3 -7 -9 20 -21 12 -5 22 -1 -16
-13 -1 -19 7 28 19 -13 -19 -5 -5 -9 -1 10 -20 -5 -1 -3 6 1 -1 9 -7 3 6 -11 1 5 -4 10 -7 5 -1 -9 -11 7 0 -6 -9 2 14 -4 1 2 8 -19 -8 1 16 -17 -2 21 -7 -17 -10 5 -1 -1 5 -3 -2 6 16 -9 11
8 -3 -10 -11 12 5 -6 -14 -10 9 -6 0 6 -4 -9 5 -3 -8 -16 -4 13 0 -3 -5 -15 -10 5 -13 12 8 -3 6 -16 7 -25 0 -2 10 -3 9 -12 -8 -11 5 -19 -12 8 7 -27 -2 0 -4 16 -14 6 10 4 -10 4 3 -11 15 -31 -12
4 8 -5 -4 16 -7 -11 0 -5 3 6 -8 1 2 -10 -9 7 4 2 -13 5 10 -6 9 0 -5 1 -6 2 19 -1 0 8 -7 5 -10 12 4 -4 8 -5 2 -9 9 -19 5 2 6 -26 7 10 -3 2 -10 6 7 -9 -6 -6 -3 0 20 -22 2
-9 -16 1 -2 14 12 0 -3 -14 -19 -8 9 6 -5 10 -5 16 9 3 -4 -11 -7 10 23 0 0 10 8 -12 14 6 -13 -4 -2 -3 2 -14 -3 5 8 -2 -4 16 -5 -13 -4 1 17 -16 7 2 -8 -6 -1 0 3 -11 6 -2 21 -3 16 -7 -16
-1 11 -4 13 17 11 -9 5 4 -5 -2 -6 3 -13 -10 -15 3 5 -6 0 8 -2 -6 15 1 3 5 -13 -1 19 -6 -2 4 6 -13 -5 2 6 -15 -5 -13 -13 -11 3 -12 -11 7 -6 -13 8 12 6 -2 -2 -3 11 -10 1 -4 -2 5 15 -20 4
-8 -3 -1 -10 7 3 -4 -7 2 -1 -9 7 6 -23 -14 -12 5 8 -9 7 14 2 20 12 8 11 -5 -6 1 22 1 0 8 7 -8 -3 -7 16 1 -8 -2 -9 2 4 3 -3 -1 4 -25 25 6 2 5 -7 8 3 0 9 -21 -19 -9 20 5 -4
7 -4 -8 -11 13 5 -7 -14 -10 11 -5 1 6 -4 -8 4 -2 -8 -16 -3 12 1 -4 -4 -15 -11 6 -14 12 7 -4 6 -16 6 -27 1 -2 10 -3 12 -13 -7 -11 4 -17 -11 6 8 -27 -2 -1 -4 15 -15 5 10 4 -9 3 3 -10 16 -32 -13
-8 4 -8 6 14 -2 -11 -2 3 0 2 -8 12 2 5 -5 8 2 1 10 2 -8 -3 5 -6 7 6 3 4 14 -6 -2 9 -1 -1 -7 4 3 -12 1 -10 6 -3 15 -15 1 -1 7 -16 8 8 -10 1 -6 -6 -1 -10 6 -8 11 -7 30 -18 -2
-9 -4 -17 -6 19 5 5 6 9 -8 -4 3 3 6 1 12 3 0 6 -12 -6 -2 13 24 -16 5 17 -1 10 6 -3 -6 2 -10 -16 -11 -5 -7 -6 -4 -19 6 5 3 0 -10 6 8 -23 0 -7 0 -8 -10 -1 7 -25 11 4 3 11 8 -9 5
5 11 2 -1 2 1 -7 -6 -4 -7 -6 -3 15 -12 -9 -8 7 5 -6 6 0 -9 -9 14 3 5 6 -8 15 18 -9 -9 -5 8 -1 -10 -8 3 -22 7 -5 -14 0 -1 -8 -9 1 1 -15 -7 21 5 -8 -5 2 14 -5 6 -15 -2 1 16 -21 0
-12 7 -5 -6 7 4 -8 -11 -5 -7 1 11 14 1 -23 -6 0 8 -14 -1 -1 4 6 9 -18 6 -13 -10 0 16 1 -3 -1 -3 -7 -5 -3 2 12 8 -18 15 -19 -6 -10 4 5 2 -6 -1 -5 -4 12 -16 2 -5 -10 11 -14 3 12 19 -13 -8
-16 14 4 1 13 6 -7 2 5 3 -5 10 -1 -6 -9 4 1 6 -1 0 14 -12 11 12 -10 13 10 -8 5 16 5 -13 10 9 -7 -10 -5 6 -8 -10 -3 2 -9 0 1 -10 -6 -9 -20 8 -9 9 1 -8 9 -10 -5 9 -14 6 3 7 -3 -13
-8 12 -9 -10 5 13 -4 -4 2 2 4 15 4 -13 -22 -8 8 10 -6 0 -5 0 15 19 0 6 1 -11 3 18 3 -7 8 5 -7 -13 -3 -2 2 -12 -10 8 3 5 -3 -6 6 1 -24 3 -1 -7 5 0 -5 -8 -4 6 -10 -1 -3 13 -2 -9
2 6 -12 6 -5 10 4 -12 -8 3 -9 -9 -2 -16 -12 -4 -7 12 -7 12 -9 -16 -13 25 4 0 9 -3 8 4 2 10 -4 4 -1 13 15 1 -7 12 8 5 -3 11 -7 -4 10 7 -27 -10 21 -1 -5 -7 0 -17 -13 6 -8 -1 -1 11 -37 -15
-13 1 -11 -1 13 17 -5 -2 -7 0 -6 -2 6 -2 -10 -9 -2 -4 -6 -6 0 3 3 15 0 8 0 -5 9 9 -3 1 -1 3 7 -5 0 -1 -11 4 -2 0 3 -1 -4 -1 -5 6 -14 1 8 -2 -6 -4 1 23 -3 -2 -5 30 4 10 -19 1
-14 1 -11 -2 11 19 -5 -2 -7 -1 -5 -1 6 0 -10 -9 -3 -4 -6 -5 -1 3 4 15 -1 7 1 -6 8 9 -4 1 -2 3 5 -5 1 -1 -11 4 -4 0 2 -1 -5 -2 -5 6 -15 3 7 -2 -5 -5 2 23 -3 -1 -4 31 4 10 -18 0
2 14 1 -6 -1 7 -1 -17 1 10 -16 0 2 -7 4 12 -8 7 -12 -2 -7 -5 3 4 -15 -7 2 -19 -3 -6 -10 14 5 13 -1 3 7 7 -20 1 -11 4 -9 -2 -8 -5 -2 11 -29 -2 24 2 7 -18 0 -10 -6 9 2 -10 -6 18 -29 -8
-5 0 -4 10 18 6 -10 2 5 -5 4 -10 13 -10 -8 -14 11 4 1 -1 3 -4 -9 8 7 5 2 -15 14 17 -14 1 8 9 -13 -12 2 0 -17 -3 -5 -20 -8 -8 2 -7 2 -6 -8 2 17 2 -1 3 1 0 -4 4 -4 7 7 11 -22 9
2 -9 -6 -1 10 8 -4 5 -12 -21 0 4 7 5 -2 2 4 0 -5 19 -6 -7 13 5 1 -5 6 -30 12 16 0 13 8 1 -10 -3 -25 5 -3 -1 8 -1 8 -7 -9 5 12 -3 -25 2 -12 -1 -8 -9 0 10 -1 13 -15 -8 -2 22 -11 1
-7 15 -8 -4 9 4 4 -7 1 -9 7 6 0 9 -2 -10 -11 3 -8 11 10 -16 -1 11 -3 2 5 -1 2 16 1 -4 1 -12 -6 -5 0 -4 -11 4 -16 6 -5 -6 -5 -4 -1 2 -21 -5 -8 -3 9 -12 -2 -10 6 9 -17 4 -20 17 -15 -8
-4 -3 2 10 0 3 -3 -2 -19 0 -3 -3 10 -4 -4 3 -13 -5 -14 2 -18 0 2 7 -3 -2 10 -20 10 16 1 14 -5 19 -8 2 -7 3 -1 -5 -4 7 7 8 3 -4 4 7 -15 21 -17 -3 12 -13 26 11 1 19 3 -10 4 -3 -20 -3
-5 17 4 -2 14 -12 -23 9 8 -1 -21 15 -3 -13 -5 -2 -11 -6 2 5 12 -20 7 24 -17 -21 3 -15 3 17 18 -11 -1 4 -12 -7 -2 9 -5 -8 -4 -13 -5 -10 -7 -1 -10 9 -21 3 9 5 11 -17 -5 -8 -8 21 -21 12 -3 20 0 -17
-19 7 -21 11 21 15 -1 -18 0 -3 -8 -1 15 -8 4 -3 -10 9 -6 3 9 -4 5 0 -19 3 17 -15 18 0 7 0 2 -12 6 -5 -5 -10 1 9 -2 4 -1 -1 -5 -5 -1 3 -12 4 22 -7 -14 -7 -4 1 -1 10 3 0 7 18 -14 8
-6 6 -6 -2 10 3 -7 -16 -2 -6 2 -1 -4 4 7 -3 6 11 0 -10 0 17 21 15 -23 6 21 -5 8 5 3 9 -5 -11 3 -15 12 3 -9 2 -10 -17 4 -6 -8 -2 -1 3 -16 9 9 -5 -4 -15 17 6 -6 12 8 -5 -2 18 -11 6
-10 -15 5 -3 13 12 -1 -1 -14 -16 -6 10 7 -4 12 -10 17 11 2 -1 -13 -7 9 23 -1 -3 12 3 -9 12 6 -9 -4 -4 -4 2 -10 -5 4 12 -5 -4 17 -8 -12 -3 -1 15 -19 9 3 -8 -6 -1 -1 2 -8 9 -3 21 -1 13 -5 -16
-7 2 0 -5 14 12 -15 6 -1 -1 -14 -14 19 -3 -10 -6 6 -6 -16 7 0 5 9 14 -11 4 10 -5 7 -10 5 6 -1 2 -15 -21 7 -8 -3 0 -2 7 -10 -5 2 -4 11 -11 -20 7 -1 -5 -12 -13 3 -1 -1 11 -2 -3 6 25 -7 6
-12 -2 -14 -5 17 4 4 7 7 -4 -2 3 5 7 2 9 4 0 5 -10 -7 -3 13 23 -17 2 20 -5 12 1 -2 -2 2 -11 -18 -10 -2 -8 -7 -2 -22 7 6 -1 4 -8 3 6 -24 2 -6 1 -8 -9 -2 7 -23 15 4 3 13 5 -8 5
4 11 5 -2 0 -1 -6 -5 -7 -5 -2 -3 17 -10 -9 -12 8 6 -6 8 -1 -10 -9 13 2 3 8 -13 17 14 -9 -6 -5 5 -2 -8 -5 2 -22 9 -8 -14 -1 -5 -5 -7 1 -1 -17 -4 23 5 -8 -3 1 13 -4 10 -14 0 3 12 -19 0
-14 6 -3 -7 5 4 -8 -10 -8 -5 5 11 17 1 -22 -7 0 8 -14 1 -2 4 7 7 -19 4 -11 -16 2 14 1 -1 -3 -5 -10 -4 -1 2 12 10 -22 15 -18 -8 -7 6 3 2 -8 1 -5 -3 10 -15 2 -5 -8 13 -12 5 12 15 -11 -8
-16 14 6 1 11 6 -7 2 4 5 -2 9 2 -6 -8 3 2 6 0 2 14 -12 12 11 -9 9 13 -13 8 13 5 -12 9 7 -7 -7 -2 6 -7 -8 -7 3 -8 -3 4 -8 -7 -10 -21 10 -9 11 -1 -7 7 -10 -3 12 -15 7 5 3 -1 -12
-7 13 -6 -10 2 12 -3 -5 1 3 7 15 6 -14 -21 -10 10 11 -6 2 -5 -1 16 17 0 5 4 -16 4 14 3 -6 7 2 -9 -13 0 -1 2 -10 -14 8 4 3 -1 -3 5 0 -26 6 -1 -7 4 2 -6 -9 -3 7 -10 1 -3 9 0 -10
1 6 -10 6 -7 8 4 -11 -9 4 -5 -8 0 -15 -10 -6 -7 12 -6 13 -9 -16 -12 23 4 -2 11 -7 9 0 2 12 -7 1 -3 14 19 1 -6 14 4 4 -4 9 -4 -2 9 5 -28 -8 22 -1 -8 -5 0 -19 -12 9 -7 0 -1 8 -35 -15
-13 1 -9 -1 9 17 -5 -2 -10 1 -2 -2 9 0 -8 -12 -2 -2 -6 -4 0 4 6 14 1 4 3 -10 9 5 -4 1 -3 1 4 -3 4 -1 -10 6 -6 0 3 -4 -3 0 -5 5 -15 5 8 -1 -7 -4 0 22 -2 1 -5 31 4 6 -16 0
-10 -14 21 -6 -19 14 10 -10 2 4 2 -6 11 3 1 1 15 1 11 -5 -4 -10 -28 0 49 1 -10 8 -10 17 21 7 1 7 4 11 -12 -10 -1 -5 -8 6 4 14 1 7 -17 7 -5 20 -21 3 -1 -3 1 -16 1 -9 -16 7 2 5 5 7
-10 -14 21 -6 -19 14 10 -10 2 4 2 -6 11 3 1 1 15 1 11 -5 -4 -10 -28 0 49 1 -10 8 -10 17 21 7 1 7 4 11 -12 -10 -1 -5 -8 6 4 14 1 7 -17 7 -5 20 -21 3 -1 -3 1 -16 1 -9 -16 7 2 5 5 7
-10 -14 21 -6 -19 14 10 -10 2 4 2 -6 11 3 1 1 15 1 11 -5 -4 -10 -28 0 49 1 -10 8 -10 17 21 7 1 7 4 11 -12 -10 -1 -5 -8 6 4 14 1 7 -17 7 -5 20 -21 3 -1 -3 1 -16 1 -9 -16 7 2 5 5 7
-10 -14 21 -6 -19 14 10 -10 2 4 2 -6 11 3 1 1 15 1 11 -5 -4 -10 -28 0 49 1 -10 8 -10 17 21 7 1 7 4 11 -12 -10 -1 -5 -8 6 4 14 1 7 -17 7 -5 20 -21 3 -1 -3 1 -16 1 -9 -16 7 2 5 5 7
-10 -14 21 -6 -19 14 10 -10 2 4 2 -6 11 3 1 1 15 1 11 -5 -4 -10 -28 0 49 1 -10 8 -10 17 21 7 1 7 4 11 -12 -10 -1 -5 -8 6 4 14 1 7 -17 7 -5 20 -21 3 -1 -3 1 -16 1 -9 -16 7 2 5 5 7
-10 -14 21 -6 -19 14 10 -10 2 4 2 -6 11 3 1 1 15 1 11 -5 -4 -10 -28 0 49 1 -10 8 -10 17 21 7 1 7 4 11 -12 -10 -1 -5 -8 6 4 14 1 7 -17 7 -5 20 -21 3 -1 -3 1 -16 1 -9 -16 7 2 5 5 7
-10 -14 21 -6 -19 14 10 -10 2 4 2 -6 11 3 1 1 15 1 11 -5 -4 -10 -28 0 49 1 -10 8 -10 17 21 7 1 7 4 11 -12 -10 -1 -5 -8 6 4 14 1 7 -17 7 -5 20 -21 3 -1 -3 1 -16 1 -9 -16 7 2 5 5 7
-10 -14 21 -6 -19 14 10 -10 2 4 2 -6 11 3 1 1 15 1 11 -5 -4 -10 -28 0 49 1 -10 8 -10 17 21 7 1 7 4 11 -12 -10 -1 -5 -8 6 4 14 1 7 -17 7 -5 20 -21 3 -1 -3 1 -16 1 -9 -16 7 2 5 5 7
-10 -14 21 -6 -19 14 10 -10 2 4 2 -6 11 3 1 1 15 1 11 -5 -4 -10 -28 0 49 1 -10 8 -10 17 21 7 1 7 4 11 -12 -10 -1 -5 -8 6 4 14 1 7 -17 7 -5 20 -21 3 -1 -3 1 -16 1 -9 -16 7 2 5 5 7
-10 -14 21 -6 -19 14 10 -10 2 4 2 -6 11 3 1 1 15 1 11 -5 -4 -10 -28 0 49 1 -10 8 -10 17 21 7 1 7 4 11 -12 -10 -1 -5 -8 6 4 14 1 7 -17 7 -5 20 -21 3 -1 -3 1 -16 1 -9 -16 7 2 5 5 7
-10 -14 21 -6 -19 14 10 -10 2 4 2 -6 11 3 1 1 15 1 11 -5 -4 -10 -28 0 49 1 -10 8 -10 17 21 7 1 7 4 11 -12 -10 -1 -5 -8 6 4 14 1 7 -17 7 -5 20 -21 3 -1 -3 1 -16 1 -9 -16 7 2 5 5 7
-10 -14 21 -6 -19 14 10 -10 2 4 2 -6 11 3 1 1 15 1 11 -5 -4 -10 -28 0 49 1 -10 8 -10 17 21 7 1 7 4 11 -12 -10 -1 -5 -8 6 4 14 1 7 -17 7 -5 20 -21 3 -1 -3 1 -16 1 -9 -16 7 2 5 5 7
-10 -14 21 -6 -19 14 10 -10 2 4 2 -6 11 3 1 1 15 1 11 -5 -4 -10 -28 0 49 1 -10 8 -10 17 21 7 1 7 4 11 -12 -10 -1 -5 -8 6 4 14 1 7 -17 7 -5 20 -21 3 -1 -3 1 -16 1 -9 -16 7 2 5 5 7
-10 -14 21 -6 -19 14 10 -10 2 4 2 -6 11 3 1 1 15 1 11 -5 -4 -10 -28 0 49 1 -10 8 -10 17 21 7 1 7 4 11 -12 -10 -1 -5 -8 6 4 14 1 7 -17 7 -5 20 -21 3 -1 -3 1 -16 1 -9 -16 7 2 5 5 7
-10 -14 21 -6 -19 14 10 -10 2 4 2 -6 11 3 1 1 15 1 11 -5 -4 -10 -28 0 49 1 -10 8 -10 17 21 7 1 7 4 11 -12 -10 -1 -5 -8 6 4 14 1 7 -17 7 -5 20 -21 3 -1 -3 1 -16 1 -9 -16 7 2 5 5 7
-10 -14 21 -6 -19 14 10 -10 2 4 2 -6 11 3 1 1 15 1 11 -5 -4 -10 -28 0 49 1 -10 8 -10 17 21 7 1 7 4 11 -12 -10 -1 -5 -8 6 4 14 1 7 -17 7 -5 20 -21 3 -1 -3 1 -16 1 -9 -16 7 2 5 5 7
-10 -14 21 -6 -19 14 10 -10 2 4 2 -6 11 3 1 1 15 1 11 -5 -4 -10 -28 0 49 1 -10 8 -10 17 21 7 1 7 4 11 -12 -10 -1 -5 -8 6 4 14 1 7 -17 7 -5 20 -21 3 -1 -3 1 -16 1 -9 -16 7 2 5 5 7
-10 -14 21 -6 -19 14 10 -10 2 4 2 -6 11 3 1 1 15 1 11 -5 -4 -10 -28 0 49 1 -10 8 -10 17 21 7 1 7 4 11 -12 -10 -1 -5 -8 6 4 14 1 7 -17 7 -5 20 -21 3 -1 -3 1 -16 1 -9 -16 7 2 5 5 7
-10 -14 21 -6 -19 14 10 -10 2 4 2 -6 11 3 1 1 15 1 11 -5 -4 -10 -28 0 49 1 -10 8 -10 17 21 7 1 7 4 11 -12 -10 -1 -5 -8 6 4 14 1 7 -17 7 -5 20 -21 3 -1 -3 1 -16 1 -9 -16 7 2 5 5 7
-10 -14 21 -6 -19 14 10 -10 2 4 2 -6 11 3 1 1 15 1 11 -5 -4 -10 -28 0 49 1 -10 8 -10 17 21 7 1 7 4 11 -12 -10 -1 -5 -8 6 4 14 1 7 -17 7 -5 20 -21 3 -1 -3 1 -16 1 -9 -16 7 2 5 5 7
-10 -14 21 -6 -19 14 10 -10 2 4 2 -6 11 3 1 1 15 1 11 -5 -4 -10 -28 0 49 1 -10 8 -10 17 21 7 1 7 4 11 -12 -10 -1 -5 -8 6 4 14 1 7 -17 7 -5 20 -21 3 -1 -3 1 -16 1 -9 -16 7 2 5 5 7
-10 -14 21 -6 -19 14 10 -10 2 4 2 -6 11 3 1 1 15 1 11 -5 -4 -10 -28 0 49 1 -10 8 -10 17 21 7 1 7 4 11 -12 -10 -1 -5 -8 6 4 14 1 7 -17 7 -5 20 -21 3 -1 -3 1 -16 1 -9 -16 7 2 5 5 7
-10 -14 21 -6 -19 14 10 -10 2 4 2 -6 11 3 1 1 15 1 11 -5 -4 -10 -28 0 49 1 -10 8 -10 17 21 7 1 7 4 11 -12 -10 -1 -5 -8 6 4 14 1 7 -17 7 -5 20 -21 3 -1 -3 1 -16 1 -9 -16 7 2 5 5 7
-10 -14 21 -6 -19 14 10 -10 2 4 2 -6 11 3 1 1 15 1 11 -5 -4 -10 -28 0 49 1 -10 8 -10 17 21 7 1 7 4 11 -12 -10 -1 -5 -8 6 4 14 1 7 -17 7 -5 20 -21 3 -1 -3 1 -16 1 -9 -16 7 2 5 5 7
-10 -14 21 -6 -19 14 10 -10 2 4 2 -6 11 3 1 1 15 1 11 -5 -4 -10 -28 0 49 1 -10 8 -10 17 21 7 1 7 4 11 -12 -10 -1 -5 -8 6 4 14 1 7 -17 7 -5 20 -21 3 -1 -3 1 -16 1 -9 -16 7 2 5 5 7
-10 -14 21 -6 -19 14 10 -10 2 4 2 -6 11 3 1 1 15 1 11 -5 -4 -10 -28 0 49 1 -10 8 -10 17 21 7 1 7 4 11 -12 -10 -1 -5 -8 6 4 14 1 7 -17 7 -5 20 -21 3 -1 -3 1 -16 1 -9 -16 7 2 5 5 7
-10 -14 21 -6 -19 14 10 -10 2 4 2 -6 11 3 1 1 15 1 11 -5 -4 -10 -28 0 49 1 -10 8 -10 17 21 7 1 7 4 11 -12 -10 -1 -5 -8 6 4 14 1 7 -17 7 -5 20 -21 3 -1 -3 1 -16 1 -9 -16 7 2 5 5 7
-10 -14 21 -6 -19 14 10 -10 2 4 2 -6 11 3 1 1 15 1 11 -5 -4 -10 -28 0 49 1 -10 8 -10 17 21 7 1 7 4 11 -12 -10 -1 -5 -8 6 4 14 1 7 -17 7 -5 20 -21 3 -1 -3 1 -16 1 -9 -16 7 2 5 5 7
-10 -14 21 -6 -19 14 10 -10 2 4 2 -6 11 3 1 1 15 1 11 -5 -4 -10 -28 0 49 1 -10 8 -10 17 21 7 1 7 4 11 -12 -10 -1 -5 -8 6 4 14 1 7 -17 7 -5 20 -21 3 -1 -3 1 -16 1 -9 -16 7 2 5 5 7
-10 -14 21 -6 -19 14 10 -10 2 4 2 -6 11 3 1 1 15 1 11 -5 -4 -10 -28 0 49 1 -10 8 -10 17 21 7 1 7 4 11 -12 -10 -1 -5 -8 6 4 14 1 7 -17 7 -5 20 -21 3 -1 -3 1 -16 1 -9 -16 7 2 5 5 7
-10 -14 21 -6 -19 14 10 -10 2 4 2 -6 11 3 1 1 15 1 11 -5 -4 -10 -28 0 49 1 -10 8 -10 17 21 7 1 7 4 11 -12 -10 -1 -5 -8 6 4 14 1 7 -17 7 -5 20 -21 3 -1 -3 1 -16 1 -9 -16 7 2 5 5 7
-10 -14 21 -6 -19 14 10 -10 2 4 2 -6 11 3 1 1 15 1 11 -5 -4 -10 -28 0 49 1 -10 8 -10 17 21 7 1 7 4 11 -12 -10 -1 -5 -8 6 4 14 1 7 -17 7 -5 20 -21 3 -1 -3 1 -16 1 -9 -16 7 2 5 5 7
-10 -14 21 -6 -19 14 10 -10 2 4 2 -6 11 3 1 1 15 1 11 -5 -4 -10 -28 0 49 1 -10 8 -10 17 21 7 1 7 4 11 -12 -10 -1 -5 -8 6 4 14 1 7 -17 7 -5 20 -21 3 -1 -3 1 -16 1 -9 -16 7 2 5 5 7
-10 -14 21 -6 -19 14 10 -10 2 4 2 -6 11 3 1 1 15 1 11 -5 -4 -10 -28 0 49 1 -10 8 -10 17 21 7 1 7 4 11 -12 -10 -1 -5 -8 6 4 14 1 7 -17 7 -5 20 -21 3 -1 -3 1 -16 1 -9 -16 7 2 5 5 7
-10 -14 21 -6 -19 14 10 -10 2 4 2 -6 11 3 1 1 15 1 11 -5 -4 -10 -28 0 49 1 -10 8 -10 17 21 7 1 7 4 11 -12 -10 -1 -5 -8 6 4 14 1 7 -17 7 -5 20 -21 3 -1 -3 1 -16 1 -9 -16 7 2 5 5 7
-10 -14 21 -6 -19 14 10 -10 2 4 2 -6 11 3 1 1 15 1 11 -5 -4 -10 -28 0 49 1 -10 8 -10 17 21 7 1 7 4 11 -12 -10 -1 -5 -8 6 4 14 1 7 -17 7 -5 20 -21 3 -1 -3 1 -16 1 -9 -16 7 2 5 5 7
-10 -14 21 -6 -19 14 10 -10 2 4 2 -6 11 3 1 1 15 1 11 -5 -4 -10 -28 0 49 1 -10 8 -10 17 21 7 1 7 4 11 -12 -10 -1 -5 -8 6 4 14 1 7 -17 7 -5 20 -21 3 -1 -3 1 -16 1 -9 -16 7 2 5 5 7
-10 -14 21 -6 -19 14 10 -10 2 4 2 -6 11 3 1 1 15 1 11 -5 -4 -10 -28 0 49 1 -10 8 -10 17 21 7 1 7 4 11 -12 -10 -1 -5 -8 6 4 14 1 7 -17 7 -5 20 -21 3 -1 -3 1 -16 1 -9 -16 7 2 5 5 7
-10 -14 21 -6 -19 14 10 -10 2 4 2 -6 11 3 1 1 15 1 11 -5 -4 -10 -28 0 49 1 -10 8 -10 17 21 7 1 7 4 11 -12 -10 -1 -5 -8 6 4 14 1 7 -17 7 -5 20 -21 3 -1 -3 1 -16 1 -9 -16 7 2 5 5 7
-10 -14 21 -6 -19 14 10 -10 2 4 2 -6 11 3 1 1 15 1 11 -5 -4 -10 -28 0 49 1 -10 8 -10 17 21 7 1 7 4 11 -12 -10 -1 -5 -8 6 4 14 1 7 -17 7 -5 20 -21 3 -1 -3 1 -16 1 -9 -16 7 2 5 5 7
-10 -14 21 -6 -19 14 10 -10 2 4 2 -6 11 3 1 1 15 1 11 -5 -4 -10 -28 0 49 1 -10 8 -10 17 21 7 1 7 4 11 -12 -10 -1 -5 -8 6 4 14 1 7 -17 7 -5 20 -21 3 -1 -3 1 -16 1 -9 -16 7 2 5 5 7
-10 -14 21 -6 -19 14 10 -10 2 4 2 -6 11 3 1 1 15 1 11 -5 -4 -10 -28 0 49 1 -10 8 -10 17 21 7 1 7 4 11 -12 -10 -1 -5 -8 6 4 14 1 7 -17 7 -5 20 -21 3 -1 -3 1 -16 1 -9 -16 7 2 5 5 7
-10 -14 21 -6 -19 14 10 -10 2 4 2 -6 11 3 1 1 15 1 11 -5 -4 -10 -28 0 49 1 -10 8 -10 17 21 7 1 7 4 11 -12 -10 -1 -5 -8 6 4 14 1 7 -17 7 -5 20 -21 3 -1 -3 1 -16 1 -9 -16 7 2 5 5 7
-10 -14 21 -6 -19 14 10 -10 2 4 2 -6 11 3 1 1 15 1 11 -5 -4 -10 -28 0 49 1 -10 8 -10 17 21 7 1 7 4 11 -12 -10 -1 -5 -8 6 4 14 1 7 -17 7 -5 20 -21 3 -1 -3 1 -16 1 -9 -16 7 2 5 5 7
-10 -14 21 -6 -19 14 10 -10 2 4 2 -6 11 3 1 1 15 1 11 -5 -4 -10 -28 0 49 1 -10 8 -10 17 21 7 1 7 4 11 -12 -10 -1 -5 -8 6 4 14 1 7 -17 7 -5 20 -21 3 -1 -3 1 -16 1 -9 -16 7 2 5 5 7
-10 -14 21 -6 -19 14 10 -10 2 4 2 -6 11 3 1 1 15 1 11 -5 -4 -10 -28 0 49 1 -10 8 -10 17 21 7 1 7 4 11 -12 -10 -1 -5 -8 6 4 14 1 7 -17 7 -5 20 -21 3 -1 -3 1 -16 1 -9 -16 7 2 5 5 7
-10 -14 21 -6 -19 14 10 -10 2 4 2 -6 11 3 1 1 15 1 11 -5 -4 -10 -28 0 49 1 -10 8 -10 17 21 7 1 7 4 11 -12 -10 -1 -5 -8 6 4 14 1 7 -17 7 -5 20 -21 3 -1 -3 1 -16 1 -9 -16 7 2 5 5 7
-10 -14 21 -6 -19 14 10 -10 2 4 2 -6 11 3 1 1 15 1 11 -5 -4 -10 -28 0 49 1 -10 8 -10 17 21 7 1 7 4 11 -12 -10 -1 -5 -8 6 4 14 1 7 -17 7 -5 20 -21 3 -1 -3 1 -16 1 -9 -16 7 2 5 5 7
-10 -14 21 -6 -19 14 10 -10 2 4 2 -6 11 3 1 1 15 1 11 -5 -4 -10 -28 0 49 1 -10 8 -10 17 21 7 1 7 4 11 -12 -10 -1 -5 -8 6 4 14 1 7 -17 7 -5 20 -21 3 -1 -3 1 -16 1 -9 -16 7 2 5 5 7
-10 -14 21 -6 -19 14 10 -10 2 4 2 -6 11 3 1 1 15 1 11 -5 -4 -10 -28 0 49 1 -10 8 -10 17 21 7 1 7 4 11 -12 -10 -1 -5 -8 6 4 14 1 7 -17 7 -5 20 -21 3 -1 -3 1 -16 1 -9 -16 7 2 5 5 7
-10 -14 21 -6 -19 14 10 -10 2 4 2 -6 11 3 1 1 15 1 11 -5 -4 -10 -28 0 49 1 -10 8 -10 17 21 7 1 7 4 11 -12 -10 -1 -5 -8 6 4 14 1 7 -17 7 -5 20 -21 3 -1 -3 1 -16 1 -9 -16 7 2 5 5 7
-10 -14 21 -6 -19 14 10 -10 2 4 2 -6 11 3 1 1 15 1 11 -5 -4 -10 -28 0 49 1 -10 8 -10 17 21 7 1 7 4 11 -12 -10 -1 -5 -8 6 4 14 1 7 -17 7 -5 20 -21 3 -1 -3 1 -16 1 -9 -16 7 2 5 5 7
-10 -14 21 -6 -19 14 10 -10 2 4 2 -6 11 3 1 1 15 1 11 -5 -4 -10 -28 0 49 1 -10 8 -10 17 21 7 1 7 4 11 -12 -10 -1 -5 -8 6 4 14 1 7 -17 7 -5 20 -21 3 -1 -3 1 -16 1 -9 -16 7 2 5 5 7
-10 -14 21 -6 -19 14 10 -10 2 4 2 -6 11 3 1 1 15 1 11 -5 -4 -10 -28 0 49 1 -10 8 -10 17 21 7 1 7 4 11 -12 -10 -1 -5 -8 6 4 14 1 7 -17 7 -5 20 -21 3 -1 -3 1 -16 1 -9 -16 7 2 5 5 7
-10 -14 21 -6 -19 14 10 -10 2 4 2 -6 11 3 1 1 15 1 11 -5 -4 -10 -28 0 49 1 -10 8 -10 17 21 7 1 7 4 11 -12 -10 -1 -5 -8 6 4 14 1 7 -17 7 -5 20 -21 3 -1 -3 1 -16 1 -9 -16 7 2 5 5 7
-10 -14 21 -6 -19 14 10 -10 2 4 2 -6 11 3 1 1 15 1 11 -5 -4 -10 -28 0 49 1 -10 8 -10 17 21 7 1 7 4 11 -12 -10 -1 -5 -8 6 4 14 1 7 -17 7 -5 20 -21 3 -1 -3 1 -16 1 -9 -16 7 2 5 5 7
-10 -14 21 -6 -19 14 10 -10 2 4 2 -6 11 3 1 1 15 1 11 -5 -4 -10 -28 0 49 1 -10 8 -10 17 21 7 1 7 4 11 -12 -10 -1 -5 -8 6 4 14 1 7 -17 7 -5 20 -21 3 -1 -3 1 -16 1 -9 -16 7 2 5 5 7
-10 -14 21 -6 -19 14 10 -10 2 4 2 -6 11 3 1 1 15 1 11 -5 -4 -10 -28 0 49 1 -10 8 -10 17 21 7 1 7 4 11 -12 -10 -1 -5 -8 6 4 14 1 7 -17 7 -5 20 -21 3 -1 -3 1 -16 1 -9 -16 7 2 5 5 7
-10 -14 21 -6 -19 14 10 -10 2 4 2 -6 11 3 1 1 15 1 11 -5 -4 -10 -28 0 49 1 -10 8 -10 17 21 7 1 7 4 11 -12 -10 -1 -5 -8 6 4 14 1 7 -17 7 -5 20 -21 3 -1 -3 1 -16 1 -9 -16 7 2 5 5 7
-10 -14 21 -6 -19 14 10 -10 2 4 2 -6 11 3 1 1 15 1 11 -5 -4 -10 -28 0 49 1 -10 8 -10 17 21 7 1 7 4 11 -12 -10 -1 -5 -8 6 4 14 1 7 -17 7 -5 20 -21 3 -1 -3 1 -16 1 -9 -16 7 2 5 5 7
-10 -14 21 -6 -19 14 10 -10 2 4 2 -6 11 3 1 1 15 1 11 -5 -4 -10 -28 0 49 1 -10 8 -10 17 21 7 1 7 4 11 -12 -10 -1 -5 -8 6 4 14 1 7 -17 7 -5 20 -21 3 -1 -3 1 -16 1 -9 -16 7 2 5 5 7
-10 -14 21 -6 -19 14 10 -10 2 4 2 -6 11 3 1 1 15 1 11 -5 -4 -10 -28 0 49 1 -10 8 -10 17 21 7 1 7 4 11 -12 -10 -1 -5 -8 6 4 14 1 7 -17 7 -5 20 -21 3 -1 -3 1 -16 1 -9 -16 7 2 5 5 7
-10 -14 21 -6 -19 14 10 -10 2 4 2 -6 11 3 1 1 15 1 11 -5 -4 -10 -28 0 49 1 -10 8 -10 17 21 7 1 7 4 11 -12 -10 -1 -5 -8 6 4 14 1 7 -17 7 -5 20 -21 3 -1 -3 1 -16 1 -9 -16 7 2 5 5 7
-10 -14 21 -6 -19 14 10 -10 2 4 2 -6 11 3 1 1 15 1 11 -5 -4 -10 -28 0 49 1 -10 8 -10 17 21 7 1 7 4 11 -12 -10 -1 -5 -8 6 4 14 1 7 -17 7 -5 20 -21 3 -1 -3 1 -16 1 -9 -16 7 2 5 5 7
-10 -14 21 -6 -19 14 10 -10 2 4 2 -6 11 3 1 1 15 1 11 -5 -4 -10 -28 0 49 1 -10 8 -10 17 21 7 1 7 4 11 -12 -10 -1 -5 -8 6 4 14 1 7 -17 7 -5 20 -21 3 -1 -3 1 -16 1 -9 -16 7 2 5 5 7
-10 -14 21 -6 -19 14 10 -10 2 4 2 -6 11 3 1 1 15 1 11 -5 -4 -10 -28 0 49 1 -10 8 -10 17 21 7 1 7 4 11 -12 -10 -1 -5 -8 6 4 14 1 7 -17 7 -5 20 -21 3 -1 -3 1 -16 1 -9 -16 7 2 5 5 7
-10 -14 21 -6 -19 14 10 -10 2 4 2 -6 11 3 1 1 15 1 11 -5 -4 -10 -28 0 49 1 -10 8 -10 17 21 7 1 7 4 11 -12 -10 -1 -5 -8 6 4 14 1 7 -17 7 -5 20 -21 3 -1 -3 1 -16 1 -9 -16 7 2 5 5 7
-10 -14 21 -6 -19 14 10 -10 2 4 2 -6 11 3 1 1 15 1 11 -5 -4 -10 -28 0 49 1 -10 8 -10 17 21 7 1 7 4 11 -12 -10 -1 -5 -8 6 4 14 1 7 -17 7 -5 20 -21 3 -1 -3 1 -16 1 -9 -16 7 2 5 5 7
-10 -14 21 -6 -19 14 10 -10 2 4 2 -6 11 3 1 1 15 1 11 -5 -4 -10 -28 0 49 1 -10 8 -10 17 21 7 1 7 4 11 -12 -10 -1 -5 -8 6 4 14 1 7 -17 7 -5 20 -21 3 -1 -3 1 -16 1 -9 -16 7 2 5 5 7
-10 -14 21 -6 -19 14 10 -10 2 4 2 -6 11 3 1 1 15 1 11 -5 -4 -10 -28 0 49 1 -10 8 -10 17 21 7 1 7 4 11 -12 -10 -1 -5 -8 6 4 14 1 7 -17 7 -5 20 -21 3 -1 -3 1 -16 1 -9 -16 7 2 5 5 7
-10 -14 21 -6 -19 14 10 -10 2 4 2 -6 11 3 1 1 15 1 11 -5 -4 -10 -28 0 49 1 -10 8 -10 17 21 7 1 7 4 11 -12 -10 -1 -5 -8 6 4 14 1 7 -17 7 -5 20 -21 3 -1 -3 1 -16 1 -9 -16 7 2 5 5 7
-10 -14 21 -6 -19 14 10 -10 2 4 2 -6 11 3 1 1 15 1 11 -5 -4 -10 -28 0 49 1 -10 8 -10 17 21 7 1 7 4 11 -12 -10 -1 -5 -8 6 4 14 1 7 -17 7 -5 20 -21 3 -1 -3 1 -16 1 -9 -16 7 2 5 5 7
-10 -14 21 -6 -19 14 10 -10 2 4 2 -6 11 3 1 1 15 1 11 -5 -4 -10 -28 0 49 1 -10 8 -10 17 21 7 1 7 4 11 -12 -10 -1 -5 -8 6 4 14 1 7 -17 7 -5 20 -21 3 -1 -3 1 -16 1 -9 -16 7 2 5 5 7
-10 -14 21 -6 -19 14 10 -10 2 4 2 -6 11 3 1 1 15 1 11 -5 -4 -10 -28 0 49 1 -10 8 -10 17 21 7 1 7 4 11 -12 -10 -1 -5 -8 6 4 14 1 7 -17 7 -5 20 -21 3 -1 -3 1 -16 1 -9 -16 7 2 5 5 7
-10 -14 21 -6 -19 14 10 -10 2 4 2 -6 11 3 1 1 15 1 11 -5 -4 -10 -28 0 49 1 -10 8 -10 17 21 7 1 7 4 11 -12 -10 -1 -5 -8 6 4 14 1 7 -17 7 -5 20 -21 3 -1 -3 1 -16 1 -9 -16 7 2 5 5 7
-10 -14 21 -6 -19 14 10 -10 2 4 2 -6 11 3 1 1 15 1 11 -5 -4 -10 -28 0 49 1 -10 8 -10 17 21 7 1 7 4 11 -12 -10 -1 -5 -8 6 4 14 1 7 -17 7 -5 20 -21 3 -1 -3 1 -16 1 -9 -16 7 2 5 5 7
-10 -14 21 -6 -19 14 10 -10 2 4 2 -6 11 3 1 1 15 1 11 -5 -4 -10 -28 0 49 1 -10 8 -10 17 21 7 1 7 4 11 -12 -10 -1 -5 -8 6 4 14 1 7 -17 7 -5 20 -21 3 -1 -3 1 -16 1 -9 -16 7 2 5 5 7
-10 -14 21 -6 -19 14 10 -10 2 4 2 -6 11 3 1 1 15 1 11 -5 -4 -10 -28 0 49 1 -10 8 -10 17 21 7 1 7 4 11 -12 -10 -1 -5 -8 6 4 14 1 7 -17 7 -5 20 -21 3 -1 -3 1 -16 1 -9 -16 7 2 5 5 7
-10 -14 21 -6 -19 14 10 -10 2 4 2 -6 11 3 1 1 15 1 11 -5 -4 -10 -28 0 49 1 -10 8 -10 17 21 7 1 7 4 11 -12 -10 -1 -5 -8 6 4 14 1 7 -17 7 -5 20 -21 3 -1 -3 1 -16 1 -9 -16 7 2 5 5 7
-10 -14 21 -6 -19 14 10 -10 2 4 2 -6 11 3 1 1 15 1 11 -5 -4 -10 -28 0 49 1 -10 8 -10 17 21 7 1 7 4 11 -12 -10 -1 -5 -8 6 4 14 1 7 -17 7 -5 20 -21 3 -1 -3 1 -16 1 -9 -16 7 2 5 5 7
-10 -14 21 -6 -19 14 10 -10 2 4 2 -6 11 3 1 1 15 1 11 -5 -4 -10 -28 0 49 1 -10 8 -10 17 21 7 1 7 4 11 -12 -10 -1 -5 -8 6 4 14 1 7 -17 7 -5 20 -21 3 -1 -3 1 -16 1 -9 -16 7 2 5 5 7
-10 -14 21 -6 -19 14 10 -10 2 4 2 -6 11 3 1 1 15 1 11 -5 -4 -10 -28 0 49 1 -10 8 -10 17 21 7 1 7 4 11 -12 -10 -1 -5 -8 6 4 14 1 7 -17 7 -5 20 -21 3 -1 -3 1 -16 1 -9 -16 7 2 5 5 7
-10 -14 21 -6 -19 14 10 -10 2 4 2 -6 11 3 1 1 15 1 11 -5 -4 -10 -28 0 49 1 -10 8 -10 17 21 7 1 7 4 11 -12 -10 -1 -5 -8 6 4 14 1 7 -17 7 -5 20 -21 3 -1 -3 1 -16 1 -9 -16 7 2 5 5 7
-10 -14 21 -6 -19 14 10 -10 2 4 2 -6 11 3 1 1 15 1 11 -5 -4 -10 -28 0 49 1 -10 8 -10 17 21 7 1 7 4 11 -12 -10 -1 -5 -8 6 4 14 1 7 -17 7 -5 20 -21 3 -1 -3 1 -16 1 -9 -16 7 2 5 5 7
-10 -14 21 -6 -19 14 10 -10 2 4 2 -6 11 3 1 1 15 1 11 -5 -4 -10 -28 0 49 1 -10 8 -10 17 21 7 1 7 4 11 -12 -10 -1 -5 -8 6 4 14 1 7 -17 7 -5 20 -21 3 -1 -3 1 -16 1 -9 -16 7 2 5 5 7
-10 -14 21 -6 -19 14 10 -10 2 4 2 -6 11 3 1 1 15 1 11 -5 -4 -10 -28 0 49 1 -10 8 -10 17 21 7 1 7 4 11 -12 -10 -1 -5 -8 6 4 14 1 7 -17 7 -5 20 -21 3 -1 -3 1 -16 1 -9 -16 7 2 5 5 7
-10 -14 21 -6 -19 14 10 -10 2 4 2 -6 11 3 1 1 15 1 11 -5 -4 -10 -28 0 49 1 -10 8 -10 17 21 7 1 7 4 11 -12 -10 -1 -5 -8 6 4 14 1 7 -17 7 -5 20 -21 3 -1 -3 1 -16 1 -9 -16 7 2 5 5 7
