-4 -5 -5 9 -15 2 -14 20 7 1 -5 -12 4 -8 -12 -14 -22 -7 25 -8 5 16 1 0 -5 19 1 -10 -16 9 2 -2 6 19 -3 -8 11 3 8 6 31 -5 -3 7 1 -3 -3 -1 6 10 16 -1 8 5 4 12 -4 -12 -5 18 8 -6 -5 1
13 19 -8 -12 -6 -6 -9 15 -16 -6 -11 -3 7 3 5 -10 7 1 -18 -15 -1 -17 -2 33 3 3 3 11 22 6 0 -12 10 7 4 6 18 -19 -2 -7 -4 -19 -1 18 3 4 -4 10 -1 -5 7 -1 -23 18 -4 21 0 4 -18 10 -1 22 -3 18
-12 8 -7 -4 2 5 -14 2 -13 10 3 0 18 -9 -8 -8 -8 5 -10 4 16 -21 8 20 -14 6 7 4 13 -6 -21 -14 10 4 -4 -5 14 -6 1 0 1 -14 -7 1 -11 -5 -9 -1 2 17 12 -1 -27 8 -2 -10 1 0 0 1 5 23 5 2
-9 6 0 8 -4 -2 6 4 -13 5 4 -7 6 4 3 -12 -16 -15 0 7 11 -24 13 24 -10 6 8 -3 13 -6 4 -2 20 11 -4 1 1 -2 10 9 -16 -8 -1 10 -2 -8 8 7 7 -1 14 2 -19 11 9 -9 -2 14 -10 -4 4 2 -1 -1
-16 0 8 -12 15 -2 2 6 -18 9 1 -16 6 1 5 -10 -5 -22 -1 -13 25 -14 11 20 2 -9 -3 -14 -1 -12 15 2 21 6 -1 8 7 3 9 -12 0 1 11 10 -1 -10 -28 1 8 4 5 3 -19 6 -2 14 18 15 -1 17 5 -6 -7 -10
-10 1 -2 -15 6 13 1 3 -9 4 -5 -12 -11 -6 -9 -11 11 6 -13 -9 -2 -25 11 12 10 2 -3 5 2 9 2 4 13 12 -4 11 -7 6 -3 -10 -2 -10 4 3 3 3 13 8 12 -11 0 -5 -18 21 7 -2 15 12 -3 2 -3 -29 -3 6
-11 11 3 -3 -11 15 5 0 -10 8 10 9 -6 -1 -1 -14 -2 -11 -7 -8 2 0 10 8 18 0 -3 -1 11 -6 -3 -1 2 14 2 1 -2 -10 7 -12 4 6 -4 -10 2 -20 -5 14 11 -3 2 11 -24 7 -11 -5 11 9 0 10 6 -16 -3 -3
-6 17 -13 -2 11 -2 -2 10 -3 -2 2 -5 9 1 -15 -10 1 6 -18 1 -3 -4 24 21 3 -17 7 3 12 17 -5 2 15 -7 1 10 -6 -5 20 -11 -3 -7 -6 1 10 -1 9 15 15 -3 5 5 -13 23 -8 1 0 12 11 7 7 -21 7 -2
-10 5 -5 -4 -17 7 -6 10 -4 3 4 10 2 -2 -1 -10 1 2 -20 6 10 2 4 30 10 -11 -2 -11 0 -2 -8 4 2 3 15 11 7 0 9 6 -13 -15 -5 -11 10 -8 -10 11 9 -3 -5 10 -15 9 -11 -4 -18 3 -8 10 3 4 -13 0
-15 5 1 9 -13 -1 -11 11 -12 4 -11 10 7 0 -9 -6 -1 13 -28 -6 2 5 10 10 10 -7 3 -1 1 2 -8 1 13 -5 -10 12 10 -1 14 -1 0 -12 -9 -1 -10 -18 2 -2 10 -5 1 7 -10 9 -9 3 -4 6 -11 -6 -3 3 7 1
-11 4 -14 2 -2 2 -7 0 -7 -4 -9 -14 -2 0 8 -9 -14 4 -25 2 6 -7 24 10 18 -8 5 3 6 11 7 -4 -14 14 -1 -11 1 -8 -1 -3 -29 -3 -10 4 -5 -10 -6 8 11 5 14 -11 -8 -10 -3 8 -1 3 -5 9 -3 -8 -1 4
-8 17 -25 0 -8 9 0 3 -13 12 3 -5 6 -3 0 -6 -9 2 -1 3 2 5 6 14 0 -1 1 -1 7 13 10 15 -11 1 5 -4 11 17 9 0 -1 11 -2 -5 4 -3 -6 1 2 3 11 10 -13 6 -8 0 -6 0 -16 5 16 -7 2 16
-14 -2 -4 17 -10 -4 2 1 -14 6 1 -7 6 8 1 -13 -13 -9 6 8 4 -6 14 22 -11 -12 14 -11 5 -2 7 -2 -2 12 -6 0 2 3 11 3 -20 -12 0 9 1 -6 9 6 -2 1 12 4 -15 8 5 -10 0 10 -15 -7 -1 0 9 3
-6 11 -7 -2 4 -3 7 9 -15 3 -9 -12 18 -1 -10 -13 4 -15 -6 -1 -3 2 19 4 -9 -30 10 -3 18 7 -10 -1 5 5 0 -2 -4 7 19 -14 4 -13 -3 6 3 1 5 13 -1 1 17 1 -4 -1 -9 2 -3 3 8 4 14 -20 13 5
-16 0 1 7 -10 4 -9 9 -16 5 -14 9 2 -3 -10 -2 7 -1 -14 -6 2 4 1 1 -1 -10 7 -5 2 0 -10 -3 5 -2 -14 18 5 7 10 -6 3 -12 -3 7 -8 -13 4 10 -4 0 14 12 -7 10 -13 3 2 12 -10 -12 0 -5 4 7
-10 2 -9 -8 -5 20 -9 11 -3 0 -13 -2 -10 -10 -13 -3 5 -4 -7 -3 5 -1 3 13 -3 -12 3 -10 0 1 1 -7 -9 8 3 2 13 10 -1 -10 -13 -7 1 8 -3 -4 -3 8 -6 3 1 10 -1 11 -16 6 -3 16 1 17 -9 -16 -7 13
-4 5 -11 12 -14 4 -1 -1 1 3 -3 -9 -4 -3 1 -8 4 0 -1 -1 4 7 4 9 3 -5 4 -8 -2 10 3 -8 3 1 -3 14 2 -7 -2 -6 1 -18 -1 -4 0 5 -6 18 -2 6 14 8 -7 5 2 -3 9 0 -21 9 6 -11 -2 -4
-1 13 -5 8 -14 4 -8 7 5 3 1 1 11 -3 -16 -22 2 3 -14 3 11 6 -1 19 -5 -9 12 -7 -4 0 1 -3 -5 -4 -6 11 13 -4 3 -3 0 -10 -6 5 1 -6 -7 10 -3 4 11 9 2 7 -4 -1 0 11 -9 1 4 -8 1 1
-2 4 -11 16 -5 17 9 4 -5 5 -6 -11 -4 -9 3 3 6 12 -16 8 8 -11 8 17 -3 -22 -3 -9 -7 4 -9 -8 -3 10 -1 -5 -5 -14 3 0 4 -2 -9 -7 2 3 -3 -7 -6 7 8 4 -1 7 -5 -4 10 7 -11 -3 -2 -10 9 5
-3 22 -16 -1 -3 10 9 0 -4 -1 -9 -5 17 -14 -7 -1 -7 9 -14 13 -5 -8 -4 7 -18 -28 16 1 -4 -9 -2 -12 -10 -10 5 6 -1 -22 11 -6 6 -4 -10 -2 9 2 -5 -8 2 0 13 2 1 17 -10 11 1 3 -17 3 5 -4 4 0
-3 19 -2 5 -12 -8 -1 4 -6 15 -7 -4 15 -26 11 -13 10 -3 -23 5 -7 -20 -7 17 -15 -18 -3 1 8 -12 6 0 -20 1 6 2 -2 -3 9 -1 7 6 2 1 -8 -7 -11 -6 -1 5 2 5 0 1 3 -5 -2 1 -15 3 0 -11 17 18
-10 17 7 -1 -8 5 -1 -1 -12 5 -14 4 -1 -3 1 -18 12 5 -16 4 16 -20 -13 5 -3 -4 0 7 -3 -2 -9 -4 -5 1 -1 18 1 16 -2 -6 1 -6 9 -2 -4 -8 1 -1 8 -9 16 15 3 -1 11 5 1 2 -12 -14 -1 13 5 -1
-6 5 -3 5 -5 4 -8 1 -2 7 -6 -3 0 -6 5 -9 9 1 -4 -2 14 -18 -16 3 -21 0 8 0 -13 -6 4 -10 10 8 -2 12 2 10 12 1 2 -8 10 7 -2 4 7 3 9 5 7 1 -1 7 -1 11 -4 10 -16 -8 13 -2 2 6
-4 5 -5 4 -4 7 -8 4 -3 7 -5 -3 -1 -7 4 -7 11 -1 -3 -2 14 -19 -15 2 -22 3 6 -2 -13 -7 3 -10 13 8 -5 14 1 9 10 3 0 -8 10 8 -2 5 5 9 9 5 7 1 -2 8 -3 10 -4 13 -14 -9 13 -7 1 5
-2 5 4 10 -5 7 5 6 -15 -9 -4 5 8 -4 -1 -15 14 1 -7 -4 12 -20 -3 2 -23 4 -4 -3 14 6 -7 -7 0 5 -3 22 -11 0 -2 2 -4 7 -1 13 -5 -12 -6 8 -2 5 12 8 -6 -10 3 -6 9 22 -10 1 1 -10 15 -9
-1 3 0 11 -2 3 -2 12 -4 -3 0 -6 2 -7 12 -11 7 1 -4 1 1 -27 -7 14 -19 6 1 -9 -8 0 -7 -9 11 15 -7 11 -5 -13 8 19 -12 -9 -1 13 -3 -1 0 15 -5 5 3 5 -6 5 -2 6 -5 12 -8 -5 7 -19 1 -3
-10 5 7 -4 22 2 9 8 -6 5 1 -12 0 -1 4 -13 5 -5 0 -10 23 -22 -1 14 -12 -11 -2 -19 -12 -10 15 -4 13 1 -2 9 7 -10 8 -10 0 0 10 6 2 -5 -37 6 7 4 -9 9 -5 0 -6 18 16 13 -8 18 -1 -15 -2 -19
-6 5 -1 -8 10 13 8 4 -3 0 -5 -10 -15 -6 -6 -16 18 25 -14 -6 -3 -36 -1 7 -2 -2 -3 4 -7 10 4 0 4 9 -4 9 -5 -4 -1 -8 0 -12 4 -2 3 5 8 7 15 -13 -14 -1 -6 16 9 1 14 5 -11 4 -6 -30 3 -1
-8 13 5 3 -5 12 13 -2 -6 4 8 10 -7 1 2 -19 3 6 -4 -5 1 -17 -4 -1 5 -3 -3 1 4 -5 0 -4 -8 11 6 -4 -1 -15 10 -11 7 6 -5 -16 1 -20 -4 8 17 -5 -10 14 -12 0 -6 0 10 0 -11 12 4 -9 3 -9
-3 16 -8 0 19 -8 6 6 -3 -5 0 -5 10 4 -12 -15 6 22 -9 3 -3 -28 8 6 -15 -19 6 4 9 16 -1 0 4 -6 5 6 -6 -5 26 -13 3 -4 -4 -2 9 -2 12 9 22 -7 -4 7 -1 16 -1 7 0 2 0 8 10 -10 12 -7
-4 4 -7 -10 -3 5 0 5 -6 -1 -3 8 -1 0 -3 -10 3 12 5 11 12 -30 -8 12 -19 -5 -9 -12 0 -5 -5 -5 -14 13 18 8 13 10 3 -3 -15 -5 -2 -5 5 -8 -5 3 7 -8 -16 7 0 9 -1 4 -11 -4 -8 18 5 16 -8 -1
-1 -11 -3 11 3 -3 13 -6 -21 -7 1 -7 -4 4 12 -9 -6 12 0 5 -2 -32 6 -8 -2 -2 -4 5 2 6 13 -3 -6 14 -10 -3 3 -7 10 -7 -17 7 -3 1 -5 -10 -6 13 23 -5 8 -4 -7 -13 -1 -5 16 9 -11 -1 5 5 8 0
-3 14 -24 -2 0 7 7 4 -15 12 5 -3 5 -5 0 -1 -4 5 16 4 -2 -18 -3 -2 -8 7 -5 -4 7 12 7 14 -11 3 2 1 7 16 9 0 -1 15 0 -7 2 -3 -8 12 10 1 4 9 -6 6 -10 3 -5 -1 -9 3 19 -10 0 11
3 -6 0 5 3 -3 11 18 -5 21 -1 -5 10 -4 -4 -7 -11 8 30 1 -4 -27 5 -1 -18 -9 2 -20 10 -5 3 -5 4 -1 -4 12 12 -11 7 8 -16 -13 -1 3 3 -20 1 16 0 1 -6 7 -11 12 2 0 8 -4 6 -14 2 3 11 7
-2 -2 -9 10 -11 -6 3 0 -7 4 2 -7 4 0 0 -1 1 7 21 -2 -4 -14 1 -8 4 2 -3 -11 3 9 0 -3 2 5 -4 16 -1 -4 2 -10 -4 -14 0 -7 -3 -2 -6 24 12 -1 4 2 -4 6 0 0 9 -3 -8 8 8 -5 -5 -8
-1 6 -3 7 -10 -4 -5 10 -1 3 8 3 18 0 -16 -12 0 9 10 0 1 -10 -2 3 1 -2 6 -14 -2 0 -2 2 -7 -1 -7 16 9 -1 5 -7 -7 -6 -6 1 -3 -11 -8 22 9 -1 0 2 6 10 -9 1 -1 9 9 2 3 -5 -3 -2
-1 -1 -10 19 -5 10 11 8 -8 6 1 -9 1 -6 1 12 2 20 3 7 -2 -21 10 7 7 -17 -8 -16 -5 4 -13 -3 -6 11 -3 -1 -8 -14 6 -3 -3 0 -10 -10 -1 0 -7 5 1 2 -2 -3 4 11 -12 -3 9 6 7 -3 -4 -11 6 4
-3 18 -14 4 -6 4 11 4 -5 -1 0 -3 24 -9 -9 9 -11 19 4 11 -15 -14 1 1 -3 -27 9 -6 -5 -7 -5 -6 -14 -12 3 9 -2 -26 12 -10 -2 -2 -12 -5 6 0 -10 4 7 -4 2 -4 7 21 -18 13 -2 0 4 3 0 -4 1 0
-3 16 0 11 -18 -15 1 8 -5 14 2 -2 22 -19 9 -4 3 9 -9 3 -18 -22 -2 15 6 -21 -8 -4 6 -11 4 8 -27 -2 5 3 -3 -8 10 -5 -1 5 0 -4 -11 -8 -16 4 1 3 -9 0 8 4 -4 -4 -6 -5 6 5 -8 -9 16 21
-10 14 10 9 -16 -2 0 1 -10 3 -6 6 7 4 2 -10 4 20 -3 3 6 -20 -7 5 20 -10 -5 3 -5 0 -10 3 -13 -4 -1 15 1 11 0 -9 -4 -7 8 -7 -8 -9 -2 5 9 -10 7 9 12 1 6 9 -3 -7 9 -12 -9 19 6 4
-6 1 2 15 -15 -6 -7 1 -1 6 1 -2 10 4 7 -2 0 14 10 -2 6 -20 -11 5 5 -10 4 -2 -15 -6 5 -2 -2 1 1 5 4 8 15 -4 -2 -8 8 2 -7 5 6 7 9 4 1 -4 9 8 -3 15 -8 0 6 -5 3 8 3 15
0 -8 -5 -10 1 6 -13 12 4 3 -4 -1 10 5 2 -6 -7 -7 -7 11 -12 1 5 0 19 21 -7 13 -7 -4 1 -6 -19 4 -3 8 4 -10 4 3 51 0 -7 -3 -13 -8 0 3 -7 -1 4 3 6 7 3 2 -9 -10 -8 -5 0 -10 -2 4
0 -8 -5 -10 1 6 -13 12 4 3 -4 -1 10 5 2 -6 -7 -7 -7 11 -12 1 5 0 19 21 -7 13 -7 -4 1 -6 -19 4 -3 8 4 -10 4 3 51 0 -7 -3 -13 -8 0 3 -7 -1 4 3 6 7 3 2 -9 -10 -8 -5 0 -10 -2 4
0 -8 -5 -10 1 6 -13 12 4 3 -4 -1 10 5 2 -6 -7 -7 -7 11 -12 1 5 0 19 21 -7 13 -7 -4 1 -6 -19 4 -3 8 4 -10 4 3 51 0 -7 -3 -13 -8 0 3 -7 -1 4 3 6 7 3 2 -9 -10 -8 -5 0 -10 -2 4
0 -8 -5 -10 1 6 -13 12 4 3 -4 -1 10 5 2 -6 -7 -7 -7 11 -12 1 5 0 19 21 -7 13 -7 -4 1 -6 -19 4 -3 8 4 -10 4 3 51 0 -7 -3 -13 -8 0 3 -7 -1 4 3 6 7 3 2 -9 -10 -8 -5 0 -10 -2 4
0 -8 -5 -10 1 6 -13 12 4 3 -4 -1 10 5 2 -6 -7 -7 -7 11 -12 1 5 0 19 21 -7 13 -7 -4 1 -6 -19 4 -3 8 4 -10 4 3 51 0 -7 -3 -13 -8 0 3 -7 -1 4 3 6 7 3 2 -9 -10 -8 -5 0 -10 -2 4
0 -8 -5 -10 1 6 -13 12 4 3 -4 -1 10 5 2 -6 -7 -7 -7 11 -12 1 5 0 19 21 -7 13 -7 -4 1 -6 -19 4 -3 8 4 -10 4 3 51 0 -7 -3 -13 -8 0 3 -7 -1 4 3 6 7 3 2 -9 -10 -8 -5 0 -10 -2 4
0 -8 -5 -10 1 6 -13 12 4 3 -4 -1 10 5 2 -6 -7 -7 -7 11 -12 1 5 0 19 21 -7 13 -7 -4 1 -6 -19 4 -3 8 4 -10 4 3 51 0 -7 -3 -13 -8 0 3 -7 -1 4 3 6 7 3 2 -9 -10 -8 -5 0 -10 -2 4
0 -8 -5 -10 1 6 -13 12 4 3 -4 -1 10 5 2 -6 -7 -7 -7 11 -12 1 5 0 19 21 -7 13 -7 -4 1 -6 -19 4 -3 8 4 -10 4 3 51 0 -7 -3 -13 -8 0 3 -7 -1 4 3 6 7 3 2 -9 -10 -8 -5 0 -10 -2 4
0 -8 -5 -10 1 6 -13 12 4 3 -4 -1 10 5 2 -6 -7 -7 -7 11 -12 1 5 0 19 21 -7 13 -7 -4 1 -6 -19 4 -3 8 4 -10 4 3 51 0 -7 -3 -13 -8 0 3 -7 -1 4 3 6 7 3 2 -9 -10 -8 -5 0 -10 -2 4
0 -8 -5 -10 1 6 -13 12 4 3 -4 -1 10 5 2 -6 -7 -7 -7 11 -12 1 5 0 19 21 -7 13 -7 -4 1 -6 -19 4 -3 8 4 -10 4 3 51 0 -7 -3 -13 -8 0 3 -7 -1 4 3 6 7 3 2 -9 -10 -8 -5 0 -10 -2 4
0 -8 -5 -10 1 6 -13 12 4 3 -4 -1 10 5 2 -6 -7 -7 -7 11 -12 1 5 0 19 21 -7 13 -7 -4 1 -6 -19 4 -3 8 4 -10 4 3 51 0 -7 -3 -13 -8 0 3 -7 -1 4 3 6 7 3 2 -9 -10 -8 -5 0 -10 -2 4
0 -8 -5 -10 1 6 -13 12 4 3 -4 -1 10 5 2 -6 -7 -7 -7 11 -12 1 5 0 19 21 -7 13 -7 -4 1 -6 -19 4 -3 8 4 -10 4 3 51 0 -7 -3 -13 -8 0 3 -7 -1 4 3 6 7 3 2 -9 -10 -8 -5 0 -10 -2 4
0 -8 -5 -10 1 6 -13 12 4 3 -4 -1 10 5 2 -6 -7 -7 -7 11 -12 1 5 0 19 21 -7 13 -7 -4 1 -6 -19 4 -3 8 4 -10 4 3 51 0 -7 -3 -13 -8 0 3 -7 -1 4 3 6 7 3 2 -9 -10 -8 -5 0 -10 -2 4
0 -8 -5 -10 1 6 -13 12 4 3 -4 -1 10 5 2 -6 -7 -7 -7 11 -12 1 5 0 19 21 -7 13 -7 -4 1 -6 -19 4 -3 8 4 -10 4 3 51 0 -7 -3 -13 -8 0 3 -7 -1 4 3 6 7 3 2 -9 -10 -8 -5 0 -10 -2 4
0 -8 -5 -10 1 6 -13 12 4 3 -4 -1 10 5 2 -6 -7 -7 -7 11 -12 1 5 0 19 21 -7 13 -7 -4 1 -6 -19 4 -3 8 4 -10 4 3 51 0 -7 -3 -13 -8 0 3 -7 -1 4 3 6 7 3 2 -9 -10 -8 -5 0 -10 -2 4
0 -8 -5 -10 1 6 -13 12 4 3 -4 -1 10 5 2 -6 -7 -7 -7 11 -12 1 5 0 19 21 -7 13 -7 -4 1 -6 -19 4 -3 8 4 -10 4 3 51 0 -7 -3 -13 -8 0 3 -7 -1 4 3 6 7 3 2 -9 -10 -8 -5 0 -10 -2 4
0 -8 -5 -10 1 6 -13 12 4 3 -4 -1 10 5 2 -6 -7 -7 -7 11 -12 1 5 0 19 21 -7 13 -7 -4 1 -6 -19 4 -3 8 4 -10 4 3 51 0 -7 -3 -13 -8 0 3 -7 -1 4 3 6 7 3 2 -9 -10 -8 -5 0 -10 -2 4
0 -8 -5 -10 1 6 -13 12 4 3 -4 -1 10 5 2 -6 -7 -7 -7 11 -12 1 5 0 19 21 -7 13 -7 -4 1 -6 -19 4 -3 8 4 -10 4 3 51 0 -7 -3 -13 -8 0 3 -7 -1 4 3 6 7 3 2 -9 -10 -8 -5 0 -10 -2 4
0 -8 -5 -10 1 6 -13 12 4 3 -4 -1 10 5 2 -6 -7 -7 -7 11 -12 1 5 0 19 21 -7 13 -7 -4 1 -6 -19 4 -3 8 4 -10 4 3 51 0 -7 -3 -13 -8 0 3 -7 -1 4 3 6 7 3 2 -9 -10 -8 -5 0 -10 -2 4
0 -8 -5 -10 1 6 -13 12 4 3 -4 -1 10 5 2 -6 -7 -7 -7 11 -12 1 5 0 19 21 -7 13 -7 -4 1 -6 -19 4 -3 8 4 -10 4 3 51 0 -7 -3 -13 -8 0 3 -7 -1 4 3 6 7 3 2 -9 -10 -8 -5 0 -10 -2 4
0 -8 -5 -10 1 6 -13 12 4 3 -4 -1 10 5 2 -6 -7 -7 -7 11 -12 1 5 0 19 21 -7 13 -7 -4 1 -6 -19 4 -3 8 4 -10 4 3 51 0 -7 -3 -13 -8 0 3 -7 -1 4 3 6 7 3 2 -9 -10 -8 -5 0 -10 -2 4
0 -8 -5 -10 1 6 -13 12 4 3 -4 -1 10 5 2 -6 -7 -7 -7 11 -12 1 5 0 19 21 -7 13 -7 -4 1 -6 -19 4 -3 8 4 -10 4 3 51 0 -7 -3 -13 -8 0 3 -7 -1 4 3 6 7 3 2 -9 -10 -8 -5 0 -10 -2 4
0 -8 -5 -10 1 6 -13 12 4 3 -4 -1 10 5 2 -6 -7 -7 -7 11 -12 1 5 0 19 21 -7 13 -7 -4 1 -6 -19 4 -3 8 4 -10 4 3 51 0 -7 -3 -13 -8 0 3 -7 -1 4 3 6 7 3 2 -9 -10 -8 -5 0 -10 -2 4
0 -8 -5 -10 1 6 -13 12 4 3 -4 -1 10 5 2 -6 -7 -7 -7 11 -12 1 5 0 19 21 -7 13 -7 -4 1 -6 -19 4 -3 8 4 -10 4 3 51 0 -7 -3 -13 -8 0 3 -7 -1 4 3 6 7 3 2 -9 -10 -8 -5 0 -10 -2 4
0 -8 -5 -10 1 6 -13 12 4 3 -4 -1 10 5 2 -6 -7 -7 -7 11 -12 1 5 0 19 21 -7 13 -7 -4 1 -6 -19 4 -3 8 4 -10 4 3 51 0 -7 -3 -13 -8 0 3 -7 -1 4 3 6 7 3 2 -9 -10 -8 -5 0 -10 -2 4
0 -8 -5 -10 1 6 -13 12 4 3 -4 -1 10 5 2 -6 -7 -7 -7 11 -12 1 5 0 19 21 -7 13 -7 -4 1 -6 -19 4 -3 8 4 -10 4 3 51 0 -7 -3 -13 -8 0 3 -7 -1 4 3 6 7 3 2 -9 -10 -8 -5 0 -10 -2 4
0 -8 -5 -10 1 6 -13 12 4 3 -4 -1 10 5 2 -6 -7 -7 -7 11 -12 1 5 0 19 21 -7 13 -7 -4 1 -6 -19 4 -3 8 4 -10 4 3 51 0 -7 -3 -13 -8 0 3 -7 -1 4 3 6 7 3 2 -9 -10 -8 -5 0 -10 -2 4
0 -8 -5 -10 1 6 -13 12 4 3 -4 -1 10 5 2 -6 -7 -7 -7 11 -12 1 5 0 19 21 -7 13 -7 -4 1 -6 -19 4 -3 8 4 -10 4 3 51 0 -7 -3 -13 -8 0 3 -7 -1 4 3 6 7 3 2 -9 -10 -8 -5 0 -10 -2 4
0 -8 -5 -10 1 6 -13 12 4 3 -4 -1 10 5 2 -6 -7 -7 -7 11 -12 1 5 0 19 21 -7 13 -7 -4 1 -6 -19 4 -3 8 4 -10 4 3 51 0 -7 -3 -13 -8 0 3 -7 -1 4 3 6 7 3 2 -9 -10 -8 -5 0 -10 -2 4
0 -8 -5 -10 1 6 -13 12 4 3 -4 -1 10 5 2 -6 -7 -7 -7 11 -12 1 5 0 19 21 -7 13 -7 -4 1 -6 -19 4 -3 8 4 -10 4 3 51 0 -7 -3 -13 -8 0 3 -7 -1 4 3 6 7 3 2 -9 -10 -8 -5 0 -10 -2 4
0 -8 -5 -10 1 6 -13 12 4 3 -4 -1 10 5 2 -6 -7 -7 -7 11 -12 1 5 0 19 21 -7 13 -7 -4 1 -6 -19 4 -3 8 4 -10 4 3 51 0 -7 -3 -13 -8 0 3 -7 -1 4 3 6 7 3 2 -9 -10 -8 -5 0 -10 -2 4
0 -8 -5 -10 1 6 -13 12 4 3 -4 -1 10 5 2 -6 -7 -7 -7 11 -12 1 5 0 19 21 -7 13 -7 -4 1 -6 -19 4 -3 8 4 -10 4 3 51 0 -7 -3 -13 -8 0 3 -7 -1 4 3 6 7 3 2 -9 -10 -8 -5 0 -10 -2 4
0 -8 -5 -10 1 6 -13 12 4 3 -4 -1 10 5 2 -6 -7 -7 -7 11 -12 1 5 0 19 21 -7 13 -7 -4 1 -6 -19 4 -3 8 4 -10 4 3 51 0 -7 -3 -13 -8 0 3 -7 -1 4 3 6 7 3 2 -9 -10 -8 -5 0 -10 -2 4
0 -8 -5 -10 1 6 -13 12 4 3 -4 -1 10 5 2 -6 -7 -7 -7 11 -12 1 5 0 19 21 -7 13 -7 -4 1 -6 -19 4 -3 8 4 -10 4 3 51 0 -7 -3 -13 -8 0 3 -7 -1 4 3 6 7 3 2 -9 -10 -8 -5 0 -10 -2 4
0 -8 -5 -10 1 6 -13 12 4 3 -4 -1 10 5 2 -6 -7 -7 -7 11 -12 1 5 0 19 21 -7 13 -7 -4 1 -6 -19 4 -3 8 4 -10 4 3 51 0 -7 -3 -13 -8 0 3 -7 -1 4 3 6 7 3 2 -9 -10 -8 -5 0 -10 -2 4
0 -8 -5 -10 1 6 -13 12 4 3 -4 -1 10 5 2 -6 -7 -7 -7 11 -12 1 5 0 19 21 -7 13 -7 -4 1 -6 -19 4 -3 8 4 -10 4 3 51 0 -7 -3 -13 -8 0 3 -7 -1 4 3 6 7 3 2 -9 -10 -8 -5 0 -10 -2 4
0 -8 -5 -10 1 6 -13 12 4 3 -4 -1 10 5 2 -6 -7 -7 -7 11 -12 1 5 0 19 21 -7 13 -7 -4 1 -6 -19 4 -3 8 4 -10 4 3 51 0 -7 -3 -13 -8 0 3 -7 -1 4 3 6 7 3 2 -9 -10 -8 -5 0 -10 -2 4
0 -8 -5 -10 1 6 -13 12 4 3 -4 -1 10 5 2 -6 -7 -7 -7 11 -12 1 5 0 19 21 -7 13 -7 -4 1 -6 -19 4 -3 8 4 -10 4 3 51 0 -7 -3 -13 -8 0 3 -7 -1 4 3 6 7 3 2 -9 -10 -8 -5 0 -10 -2 4
0 -8 -5 -10 1 6 -13 12 4 3 -4 -1 10 5 2 -6 -7 -7 -7 11 -12 1 5 0 19 21 -7 13 -7 -4 1 -6 -19 4 -3 8 4 -10 4 3 51 0 -7 -3 -13 -8 0 3 -7 -1 4 3 6 7 3 2 -9 -10 -8 -5 0 -10 -2 4
0 -8 -5 -10 1 6 -13 12 4 3 -4 -1 10 5 2 -6 -7 -7 -7 11 -12 1 5 0 19 21 -7 13 -7 -4 1 -6 -19 4 -3 8 4 -10 4 3 51 0 -7 -3 -13 -8 0 3 -7 -1 4 3 6 7 3 2 -9 -10 -8 -5 0 -10 -2 4
0 -8 -5 -10 1 6 -13 12 4 3 -4 -1 10 5 2 -6 -7 -7 -7 11 -12 1 5 0 19 21 -7 13 -7 -4 1 -6 -19 4 -3 8 4 -10 4 3 51 0 -7 -3 -13 -8 0 3 -7 -1 4 3 6 7 3 2 -9 -10 -8 -5 0 -10 -2 4
0 -8 -5 -10 1 6 -13 12 4 3 -4 -1 10 5 2 -6 -7 -7 -7 11 -12 1 5 0 19 21 -7 13 -7 -4 1 -6 -19 4 -3 8 4 -10 4 3 51 0 -7 -3 -13 -8 0 3 -7 -1 4 3 6 7 3 2 -9 -10 -8 -5 0 -10 -2 4
0 -8 -5 -10 1 6 -13 12 4 3 -4 -1 10 5 2 -6 -7 -7 -7 11 -12 1 5 0 19 21 -7 13 -7 -4 1 -6 -19 4 -3 8 4 -10 4 3 51 0 -7 -3 -13 -8 0 3 -7 -1 4 3 6 7 3 2 -9 -10 -8 -5 0 -10 -2 4
0 -8 -5 -10 1 6 -13 12 4 3 -4 -1 10 5 2 -6 -7 -7 -7 11 -12 1 5 0 19 21 -7 13 -7 -4 1 -6 -19 4 -3 8 4 -10 4 3 51 0 -7 -3 -13 -8 0 3 -7 -1 4 3 6 7 3 2 -9 -10 -8 -5 0 -10 -2 4
0 -8 -5 -10 1 6 -13 12 4 3 -4 -1 10 5 2 -6 -7 -7 -7 11 -12 1 5 0 19 21 -7 13 -7 -4 1 -6 -19 4 -3 8 4 -10 4 3 51 0 -7 -3 -13 -8 0 3 -7 -1 4 3 6 7 3 2 -9 -10 -8 -5 0 -10 -2 4
0 -8 -5 -10 1 6 -13 12 4 3 -4 -1 10 5 2 -6 -7 -7 -7 11 -12 1 5 0 19 21 -7 13 -7 -4 1 -6 -19 4 -3 8 4 -10 4 3 51 0 -7 -3 -13 -8 0 3 -7 -1 4 3 6 7 3 2 -9 -10 -8 -5 0 -10 -2 4
0 -8 -5 -10 1 6 -13 12 4 3 -4 -1 10 5 2 -6 -7 -7 -7 11 -12 1 5 0 19 21 -7 13 -7 -4 1 -6 -19 4 -3 8 4 -10 4 3 51 0 -7 -3 -13 -8 0 3 -7 -1 4 3 6 7 3 2 -9 -10 -8 -5 0 -10 -2 4
0 -8 -5 -10 1 6 -13 12 4 3 -4 -1 10 5 2 -6 -7 -7 -7 11 -12 1 5 0 19 21 -7 13 -7 -4 1 -6 -19 4 -3 8 4 -10 4 3 51 0 -7 -3 -13 -8 0 3 -7 -1 4 3 6 7 3 2 -9 -10 -8 -5 0 -10 -2 4
0 -8 -5 -10 1 6 -13 12 4 3 -4 -1 10 5 2 -6 -7 -7 -7 11 -12 1 5 0 19 21 -7 13 -7 -4 1 -6 -19 4 -3 8 4 -10 4 3 51 0 -7 -3 -13 -8 0 3 -7 -1 4 3 6 7 3 2 -9 -10 -8 -5 0 -10 -2 4
0 -8 -5 -10 1 6 -13 12 4 3 -4 -1 10 5 2 -6 -7 -7 -7 11 -12 1 5 0 19 21 -7 13 -7 -4 1 -6 -19 4 -3 8 4 -10 4 3 51 0 -7 -3 -13 -8 0 3 -7 -1 4 3 6 7 3 2 -9 -10 -8 -5 0 -10 -2 4
0 -8 -5 -10 1 6 -13 12 4 3 -4 -1 10 5 2 -6 -7 -7 -7 11 -12 1 5 0 19 21 -7 13 -7 -4 1 -6 -19 4 -3 8 4 -10 4 3 51 0 -7 -3 -13 -8 0 3 -7 -1 4 3 6 7 3 2 -9 -10 -8 -5 0 -10 -2 4
0 -8 -5 -10 1 6 -13 12 4 3 -4 -1 10 5 2 -6 -7 -7 -7 11 -12 1 5 0 19 21 -7 13 -7 -4 1 -6 -19 4 -3 8 4 -10 4 3 51 0 -7 -3 -13 -8 0 3 -7 -1 4 3 6 7 3 2 -9 -10 -8 -5 0 -10 -2 4
0 -8 -5 -10 1 6 -13 12 4 3 -4 -1 10 5 2 -6 -7 -7 -7 11 -12 1 5 0 19 21 -7 13 -7 -4 1 -6 -19 4 -3 8 4 -10 4 3 51 0 -7 -3 -13 -8 0 3 -7 -1 4 3 6 7 3 2 -9 -10 -8 -5 0 -10 -2 4
0 -8 -5 -10 1 6 -13 12 4 3 -4 -1 10 5 2 -6 -7 -7 -7 11 -12 1 5 0 19 21 -7 13 -7 -4 1 -6 -19 4 -3 8 4 -10 4 3 51 0 -7 -3 -13 -8 0 3 -7 -1 4 3 6 7 3 2 -9 -10 -8 -5 0 -10 -2 4
0 -8 -5 -10 1 6 -13 12 4 3 -4 -1 10 5 2 -6 -7 -7 -7 11 -12 1 5 0 19 21 -7 13 -7 -4 1 -6 -19 4 -3 8 4 -10 4 3 51 0 -7 -3 -13 -8 0 3 -7 -1 4 3 6 7 3 2 -9 -10 -8 -5 0 -10 -2 4
0 -8 -5 -10 1 6 -13 12 4 3 -4 -1 10 5 2 -6 -7 -7 -7 11 -12 1 5 0 19 21 -7 13 -7 -4 1 -6 -19 4 -3 8 4 -10 4 3 51 0 -7 -3 -13 -8 0 3 -7 -1 4 3 6 7 3 2 -9 -10 -8 -5 0 -10 -2 4
0 -8 -5 -10 1 6 -13 12 4 3 -4 -1 10 5 2 -6 -7 -7 -7 11 -12 1 5 0 19 21 -7 13 -7 -4 1 -6 -19 4 -3 8 4 -10 4 3 51 0 -7 -3 -13 -8 0 3 -7 -1 4 3 6 7 3 2 -9 -10 -8 -5 0 -10 -2 4
0 -8 -5 -10 1 6 -13 12 4 3 -4 -1 10 5 2 -6 -7 -7 -7 11 -12 1 5 0 19 21 -7 13 -7 -4 1 -6 -19 4 -3 8 4 -10 4 3 51 0 -7 -3 -13 -8 0 3 -7 -1 4 3 6 7 3 2 -9 -10 -8 -5 0 -10 -2 4
0 -8 -5 -10 1 6 -13 12 4 3 -4 -1 10 5 2 -6 -7 -7 -7 11 -12 1 5 0 19 21 -7 13 -7 -4 1 -6 -19 4 -3 8 4 -10 4 3 51 0 -7 -3 -13 -8 0 3 -7 -1 4 3 6 7 3 2 -9 -10 -8 -5 0 -10 -2 4
0 -8 -5 -10 1 6 -13 12 4 3 -4 -1 10 5 2 -6 -7 -7 -7 11 -12 1 5 0 19 21 -7 13 -7 -4 1 -6 -19 4 -3 8 4 -10 4 3 51 0 -7 -3 -13 -8 0 3 -7 -1 4 3 6 7 3 2 -9 -10 -8 -5 0 -10 -2 4
0 -8 -5 -10 1 6 -13 12 4 3 -4 -1 10 5 2 -6 -7 -7 -7 11 -12 1 5 0 19 21 -7 13 -7 -4 1 -6 -19 4 -3 8 4 -10 4 3 51 0 -7 -3 -13 -8 0 3 -7 -1 4 3 6 7 3 2 -9 -10 -8 -5 0 -10 -2 4
0 -8 -5 -10 1 6 -13 12 4 3 -4 -1 10 5 2 -6 -7 -7 -7 11 -12 1 5 0 19 21 -7 13 -7 -4 1 -6 -19 4 -3 8 4 -10 4 3 51 0 -7 -3 -13 -8 0 3 -7 -1 4 3 6 7 3 2 -9 -10 -8 -5 0 -10 -2 4
0 -8 -5 -10 1 6 -13 12 4 3 -4 -1 10 5 2 -6 -7 -7 -7 11 -12 1 5 0 19 21 -7 13 -7 -4 1 -6 -19 4 -3 8 4 -10 4 3 51 0 -7 -3 -13 -8 0 3 -7 -1 4 3 6 7 3 2 -9 -10 -8 -5 0 -10 -2 4
0 -8 -5 -10 1 6 -13 12 4 3 -4 -1 10 5 2 -6 -7 -7 -7 11 -12 1 5 0 19 21 -7 13 -7 -4 1 -6 -19 4 -3 8 4 -10 4 3 51 0 -7 -3 -13 -8 0 3 -7 -1 4 3 6 7 3 2 -9 -10 -8 -5 0 -10 -2 4
0 -8 -5 -10 1 6 -13 12 4 3 -4 -1 10 5 2 -6 -7 -7 -7 11 -12 1 5 0 19 21 -7 13 -7 -4 1 -6 -19 4 -3 8 4 -10 4 3 51 0 -7 -3 -13 -8 0 3 -7 -1 4 3 6 7 3 2 -9 -10 -8 -5 0 -10 -2 4
0 -8 -5 -10 1 6 -13 12 4 3 -4 -1 10 5 2 -6 -7 -7 -7 11 -12 1 5 0 19 21 -7 13 -7 -4 1 -6 -19 4 -3 8 4 -10 4 3 51 0 -7 -3 -13 -8 0 3 -7 -1 4 3 6 7 3 2 -9 -10 -8 -5 0 -10 -2 4
0 -8 -5 -10 1 6 -13 12 4 3 -4 -1 10 5 2 -6 -7 -7 -7 11 -12 1 5 0 19 21 -7 13 -7 -4 1 -6 -19 4 -3 8 4 -10 4 3 51 0 -7 -3 -13 -8 0 3 -7 -1 4 3 6 7 3 2 -9 -10 -8 -5 0 -10 -2 4
0 -8 -5 -10 1 6 -13 12 4 3 -4 -1 10 5 2 -6 -7 -7 -7 11 -12 1 5 0 19 21 -7 13 -7 -4 1 -6 -19 4 -3 8 4 -10 4 3 51 0 -7 -3 -13 -8 0 3 -7 -1 4 3 6 7 3 2 -9 -10 -8 -5 0 -10 -2 4
0 -8 -5 -10 1 6 -13 12 4 3 -4 -1 10 5 2 -6 -7 -7 -7 11 -12 1 5 0 19 21 -7 13 -7 -4 1 -6 -19 4 -3 8 4 -10 4 3 51 0 -7 -3 -13 -8 0 3 -7 -1 4 3 6 7 3 2 -9 -10 -8 -5 0 -10 -2 4
0 -8 -5 -10 1 6 -13 12 4 3 -4 -1 10 5 2 -6 -7 -7 -7 11 -12 1 5 0 19 21 -7 13 -7 -4 1 -6 -19 4 -3 8 4 -10 4 3 51 0 -7 -3 -13 -8 0 3 -7 -1 4 3 6 7 3 2 -9 -10 -8 -5 0 -10 -2 4
0 -8 -5 -10 1 6 -13 12 4 3 -4 -1 10 5 2 -6 -7 -7 -7 11 -12 1 5 0 19 21 -7 13 -7 -4 1 -6 -19 4 -3 8 4 -10 4 3 51 0 -7 -3 -13 -8 0 3 -7 -1 4 3 6 7 3 2 -9 -10 -8 -5 0 -10 -2 4
0 -8 -5 -10 1 6 -13 12 4 3 -4 -1 10 5 2 -6 -7 -7 -7 11 -12 1 5 0 19 21 -7 13 -7 -4 1 -6 -19 4 -3 8 4 -10 4 3 51 0 -7 -3 -13 -8 0 3 -7 -1 4 3 6 7 3 2 -9 -10 -8 -5 0 -10 -2 4
0 -8 -5 -10 1 6 -13 12 4 3 -4 -1 10 5 2 -6 -7 -7 -7 11 -12 1 5 0 19 21 -7 13 -7 -4 1 -6 -19 4 -3 8 4 -10 4 3 51 0 -7 -3 -13 -8 0 3 -7 -1 4 3 6 7 3 2 -9 -10 -8 -5 0 -10 -2 4
0 -8 -5 -10 1 6 -13 12 4 3 -4 -1 10 5 2 -6 -7 -7 -7 11 -12 1 5 0 19 21 -7 13 -7 -4 1 -6 -19 4 -3 8 4 -10 4 3 51 0 -7 -3 -13 -8 0 3 -7 -1 4 3 6 7 3 2 -9 -10 -8 -5 0 -10 -2 4
0 -8 -5 -10 1 6 -13 12 4 3 -4 -1 10 5 2 -6 -7 -7 -7 11 -12 1 5 0 19 21 -7 13 -7 -4 1 -6 -19 4 -3 8 4 -10 4 3 51 0 -7 -3 -13 -8 0 3 -7 -1 4 3 6 7 3 2 -9 -10 -8 -5 0 -10 -2 4
0 -8 -5 -10 1 6 -13 12 4 3 -4 -1 10 5 2 -6 -7 -7 -7 11 -12 1 5 0 19 21 -7 13 -7 -4 1 -6 -19 4 -3 8 4 -10 4 3 51 0 -7 -3 -13 -8 0 3 -7 -1 4 3 6 7 3 2 -9 -10 -8 -5 0 -10 -2 4
0 -8 -5 -10 1 6 -13 12 4 3 -4 -1 10 5 2 -6 -7 -7 -7 11 -12 1 5 0 19 21 -7 13 -7 -4 1 -6 -19 4 -3 8 4 -10 4 3 51 0 -7 -3 -13 -8 0 3 -7 -1 4 3 6 7 3 2 -9 -10 -8 -5 0 -10 -2 4
0 -8 -5 -10 1 6 -13 12 4 3 -4 -1 10 5 2 -6 -7 -7 -7 11 -12 1 5 0 19 21 -7 13 -7 -4 1 -6 -19 4 -3 8 4 -10 4 3 51 0 -7 -3 -13 -8 0 3 -7 -1 4 3 6 7 3 2 -9 -10 -8 -5 0 -10 -2 4
0 -8 -5 -10 1 6 -13 12 4 3 -4 -1 10 5 2 -6 -7 -7 -7 11 -12 1 5 0 19 21 -7 13 -7 -4 1 -6 -19 4 -3 8 4 -10 4 3 51 0 -7 -3 -13 -8 0 3 -7 -1 4 3 6 7 3 2 -9 -10 -8 -5 0 -10 -2 4
0 -8 -5 -10 1 6 -13 12 4 3 -4 -1 10 5 2 -6 -7 -7 -7 11 -12 1 5 0 19 21 -7 13 -7 -4 1 -6 -19 4 -3 8 4 -10 4 3 51 0 -7 -3 -13 -8 0 3 -7 -1 4 3 6 7 3 2 -9 -10 -8 -5 0 -10 -2 4
0 -8 -5 -10 1 6 -13 12 4 3 -4 -1 10 5 2 -6 -7 -7 -7 11 -12 1 5 0 19 21 -7 13 -7 -4 1 -6 -19 4 -3 8 4 -10 4 3 51 0 -7 -3 -13 -8 0 3 -7 -1 4 3 6 7 3 2 -9 -10 -8 -5 0 -10 -2 4
0 -8 -5 -10 1 6 -13 12 4 3 -4 -1 10 5 2 -6 -7 -7 -7 11 -12 1 5 0 19 21 -7 13 -7 -4 1 -6 -19 4 -3 8 4 -10 4 3 51 0 -7 -3 -13 -8 0 3 -7 -1 4 3 6 7 3 2 -9 -10 -8 -5 0 -10 -2 4
0 -8 -5 -10 1 6 -13 12 4 3 -4 -1 10 5 2 -6 -7 -7 -7 11 -12 1 5 0 19 21 -7 13 -7 -4 1 -6 -19 4 -3 8 4 -10 4 3 51 0 -7 -3 -13 -8 0 3 -7 -1 4 3 6 7 3 2 -9 -10 -8 -5 0 -10 -2 4
0 -8 -5 -10 1 6 -13 12 4 3 -4 -1 10 5 2 -6 -7 -7 -7 11 -12 1 5 0 19 21 -7 13 -7 -4 1 -6 -19 4 -3 8 4 -10 4 3 51 0 -7 -3 -13 -8 0 3 -7 -1 4 3 6 7 3 2 -9 -10 -8 -5 0 -10 -2 4
0 -8 -5 -10 1 6 -13 12 4 3 -4 -1 10 5 2 -6 -7 -7 -7 11 -12 1 5 0 19 21 -7 13 -7 -4 1 -6 -19 4 -3 8 4 -10 4 3 51 0 -7 -3 -13 -8 0 3 -7 -1 4 3 6 7 3 2 -9 -10 -8 -5 0 -10 -2 4
0 -8 -5 -10 1 6 -13 12 4 3 -4 -1 10 5 2 -6 -7 -7 -7 11 -12 1 5 0 19 21 -7 13 -7 -4 1 -6 -19 4 -3 8 4 -10 4 3 51 0 -7 -3 -13 -8 0 3 -7 -1 4 3 6 7 3 2 -9 -10 -8 -5 0 -10 -2 4
0 -8 -5 -10 1 6 -13 12 4 3 -4 -1 10 5 2 -6 -7 -7 -7 11 -12 1 5 0 19 21 -7 13 -7 -4 1 -6 -19 4 -3 8 4 -10 4 3 51 0 -7 -3 -13 -8 0 3 -7 -1 4 3 6 7 3 2 -9 -10 -8 -5 0 -10 -2 4
