5 3 13 6 0 -2 3 1 -3 3 -1 -9 3 0 6 -3 5 -2 -2 -7 -12 -8 -1 -7 6 1 2 4 5 -10 -8 6 8 8 -2 9 12 8 2 1 -5 -1 9 12 -10 -4 6 1 -5 4 -2 4 -6 -4 3 3 10 8 9 2 5 1 -10 8
-12 8 18 -2 3 -4 25 12 2 6 -2 6 -42 7 -26 -10 6 4 -20 -2 -11 16 -3 1 -23 5 20 -11 6 -16 -17 1 -14 -12 -18 18 -38 17 -18 24 2 -14 -8 15 -30 2 5 17 13 10 -2 -2 22 5 -7 15 85 26 -1 -20 41 -7 -10 -7
-9 -15 0 -27 -1 14 6 -5 -16 -5 2 8 -8 -8 -9 -19 12 7 -3 -4 -2 32 -2 -45 -13 5 -11 -8 0 -1 -22 -7 -16 -22 -8 5 -6 12 -4 25 -4 -7 -5 48 -43 -1 6 20 23 -38 -15 9 5 10 -8 10 61 0 -26 -18 16 2 6 6
-21 -4 9 -3 -18 14 17 2 -18 5 -7 12 -15 -7 -26 -17 26 4 -10 -1 -14 25 -9 -68 -28 4 9 -5 -10 1 -18 -8 -55 -8 1 21 -9 24 -10 10 0 -16 -9 21 -51 -13 2 20 17 -25 7 4 7 -9 0 13 6 16 -15 -12 45 5 -6 7
5 -11 0 20 15 8 14 13 -1 12 6 2 -8 8 -20 10 18 6 -16 3 -12 16 26 -58 -12 16 5 7 0 17 -16 15 -39 -26 4 17 25 4 -11 12 -1 -19 -11 28 -17 14 5 17 -1 -25 4 -4 -3 22 -13 16 -32 -12 1 10 39 12 -2 21
18 -15 1 11 -8 -5 8 -2 -7 8 24 2 -16 1 -7 -6 8 -5 0 3 -41 25 -7 -33 -4 15 15 10 -1 0 2 -13 -23 -18 -16 18 34 16 1 18 -3 -22 0 10 8 9 4 -7 25 -5 -23 -12 9 5 15 4 -54 10 1 2 6 6 14 -3
29 3 21 31 12 -27 -3 6 -13 2 14 -3 -33 -19 -13 11 27 -1 -7 -4 -37 -8 -8 -7 -8 11 -8 13 1 18 2 2 -24 -5 6 13 5 1 -17 13 -14 -19 -3 21 36 -4 23 -11 8 1 -20 9 -3 -7 -2 5 -40 12 8 14 17 4 6 5
31 -3 11 31 19 -20 -11 8 4 4 6 -17 -20 -9 -14 1 -5 -11 2 31 -58 7 -10 30 9 22 3 19 24 9 -20 0 -1 -23 11 12 -20 9 -23 0 -8 -9 3 21 27 4 15 22 26 -16 -8 1 15 5 18 -14 -21 10 14 -1 21 10 21 -16
35 12 10 3 8 -28 21 2 -10 7 -8 -1 -8 -19 -21 0 30 7 -9 2 -57 5 -13 36 -4 -16 -28 24 8 0 -12 -17 28 -11 -3 1 -35 9 -8 4 4 -33 -29 25 12 9 19 5 2 -15 -18 -5 10 -6 5 1 15 -15 13 5 17 8 9 -3
37 3 -10 -16 -5 -16 8 -2 -24 11 11 -11 -11 -11 -18 0 25 2 -5 10 -4 0 -12 16 -20 4 9 37 -5 0 -12 -24 55 -6 10 7 -54 17 -8 4 3 -16 -5 36 -9 18 7 16 -4 -11 -4 8 7 -2 0 13 37 1 4 9 28 -8 -15 0
13 27 10 -36 11 -10 -7 -7 -10 -8 -11 12 -7 3 -11 13 15 12 -1 24 2 -13 -14 1 -1 8 -10 14 21 -7 -12 4 31 -9 0 26 -50 18 -11 19 21 -14 -3 17 -55 -1 7 11 9 -9 -18 14 -8 24 -10 17 41 6 3 -15 6 31 -1 -3
16 -3 18 -39 6 -3 0 17 -16 -7 14 6 -12 -2 -19 8 12 8 -4 6 25 3 -4 -14 14 12 9 7 14 16 -10 -8 -3 -12 5 8 -25 8 2 11 21 -17 4 36 -60 7 8 19 10 -24 -8 3 0 -10 12 5 22 -9 1 2 0 18 5 -14
-19 17 0 -35 -21 5 18 9 -23 5 1 2 -12 -14 -34 -10 23 0 -6 -2 14 6 -16 -43 -15 1 -1 -1 2 3 -17 -11 -29 -1 8 25 -26 17 -6 6 24 -3 -10 20 -92 0 3 16 16 -33 13 5 7 -14 2 10 -35 12 -2 -6 34 -1 -8 2
0 16 -8 -14 6 -3 7 -1 -8 -11 4 -9 -22 2 -16 11 11 -5 7 3 14 13 3 -37 -2 -3 -1 3 5 -6 -16 6 -34 -18 -6 29 12 9 -8 -22 19 7 -8 32 -53 17 5 -9 17 -25 -11 10 15 14 13 0 -61 -7 18 2 18 -6 12 -8
6 4 -14 7 -13 -5 13 0 -16 6 16 -14 -13 -14 -20 -4 25 -2 -3 5 26 -6 -14 -41 -14 -1 10 12 -10 0 -8 -6 2 1 9 27 25 8 2 -2 17 -9 -5 44 0 18 7 16 -1 -17 -3 15 9 1 1 10 -98 3 10 12 23 -11 -15 -2
-8 7 1 16 6 -24 23 9 10 -11 7 5 -4 -4 -15 1 17 -20 12 4 -22 -5 -13 0 3 7 0 8 16 -4 -9 24 9 4 -15 36 20 11 4 10 27 2 1 17 14 18 7 18 16 -13 -14 10 -1 5 9 19 -100 -7 5 -6 13 17 9 -20
2 11 -15 44 -8 -40 14 14 3 -9 8 -9 -14 11 -31 25 6 -8 -14 9 -5 17 -18 41 -14 -7 -10 5 -9 -3 -21 2 23 -16 -8 12 11 10 -14 -10 32 -2 -4 18 27 3 7 5 2 -28 -11 5 15 11 2 1 -65 -8 29 -5 18 21 -3 -4
0 -6 -7 11 -15 -35 6 -5 -6 -1 5 -30 -14 -5 -29 -1 17 -8 -8 5 -20 -14 -17 27 11 6 9 -1 -1 -5 -14 13 58 5 4 18 -28 12 4 -4 12 1 5 23 48 31 7 17 8 -17 -5 3 5 6 -1 9 -20 4 20 12 21 4 -6 9
0 -5 -9 0 -2 -41 24 0 5 -6 11 -13 -26 -2 -2 -8 10 -1 1 -3 -15 -3 -22 50 16 -19 -3 4 -1 -13 -4 0 43 -12 -5 17 -27 19 13 5 14 9 -9 6 2 5 -5 -3 2 -27 -3 0 21 16 2 -3 25 -8 22 -17 27 5 1 -7
-1 -14 -5 -18 -7 -28 15 18 -4 -2 20 -15 11 -2 -14 -1 3 -2 -5 6 11 -13 -1 33 5 1 11 -13 -11 6 -16 -2 18 -9 -22 22 -35 -4 -6 5 35 6 -2 9 -19 15 25 10 13 -32 -8 -3 7 -14 -8 0 66 3 5 17 27 4 -2 5
-13 -15 0 -40 -12 -12 25 -9 13 -1 22 -7 -23 8 -4 -26 10 -6 -9 2 25 3 -18 10 10 12 4 -9 -14 -2 -23 0 10 -15 -19 18 -27 13 15 7 25 2 -4 16 -50 9 12 4 5 -8 -22 -3 6 -10 -2 -6 62 1 10 22 3 10 6 -8
-35 -25 3 -33 -9 4 11 2 1 -17 8 -11 -11 -11 -10 -20 13 -5 -8 10 30 5 -3 -42 19 2 15 -16 -1 -9 -15 13 -3 -14 -20 23 -20 8 3 11 14 -4 -5 16 -45 8 0 26 3 -17 -14 -7 8 12 9 6 34 0 15 8 10 -3 -7 1
-27 -25 0 -21 -12 12 14 -11 1 -7 10 -8 -15 -6 -16 -7 15 -13 -6 4 42 -10 -13 -64 2 8 4 -11 -26 -17 -15 13 -13 -5 -17 33 19 15 6 6 4 -2 -16 11 -31 3 20 24 -2 -24 -2 10 12 15 7 4 -3 19 -1 10 19 -4 -10 0
-19 -30 3 4 -12 5 13 -12 8 -8 10 -7 -14 -6 -16 -7 17 -14 -7 4 27 -10 -12 -65 -1 9 4 -8 -26 -17 -14 13 -20 -4 -17 34 35 13 5 4 0 -3 -15 8 -1 3 20 25 0 -25 -4 10 12 13 6 4 -41 18 -2 10 21 -2 -10 0
-12 -27 3 35 -12 -17 21 -11 8 -5 3 -10 0 12 -13 -16 18 1 -29 -6 9 -11 -16 -53 -4 9 -2 -9 -16 -2 -12 21 -26 -1 -14 23 24 15 -2 0 8 -3 13 8 38 4 23 13 12 -26 -14 5 2 -7 -3 2 -61 4 2 4 23 1 -14 19
-2 -17 8 51 -23 -22 17 -4 21 -7 3 -5 -20 -14 -26 -18 23 -7 -24 -3 -40 -10 -14 -4 -10 3 5 -10 -15 -12 -11 8 -20 -9 -13 23 5 0 3 6 4 -3 -14 -8 41 -14 3 15 9 -40 1 10 4 -25 10 16 -63 17 -14 -10 34 5 -25 4
20 -26 -3 50 10 -26 15 7 34 -1 9 -16 -7 7 -19 6 14 -1 -28 5 -32 -9 23 18 3 11 0 8 -14 13 -15 25 15 -30 -7 11 -1 -11 -4 4 -1 -11 -12 -6 45 13 6 18 -3 -40 -7 -4 0 11 -10 16 -20 -14 1 14 32 10 -18 21
24 -28 -4 8 -10 -23 7 -7 17 -5 26 -10 -15 2 -5 -11 5 -13 -9 5 -40 4 -9 23 10 10 13 12 -12 -3 1 -7 26 -26 -28 7 -9 7 8 11 -6 -15 0 -20 22 6 7 -6 22 -17 -30 -14 13 -5 17 5 17 9 -1 6 -2 5 -2 -1
25 -11 17 5 12 -26 -3 -1 6 -11 14 -11 -30 -18 -9 3 23 -9 -16 -4 -9 -26 -8 17 6 5 -9 11 -9 15 -1 7 9 -15 -10 3 -40 -6 -10 6 -19 -14 -3 -10 8 -8 27 -10 6 -10 -22 8 -1 -14 -1 6 61 13 6 17 7 3 -12 8
14 -20 8 -7 20 2 -11 1 20 -12 6 -17 -18 -7 -9 -9 -10 -18 -9 30 -4 -11 -9 6 22 14 3 14 12 7 -22 6 2 -38 -6 4 -49 4 -17 -9 -17 -5 5 -11 -34 -4 19 22 25 -26 -4 2 18 -1 20 -15 75 10 10 3 9 10 3 -14
10 -6 8 -21 -1 32 7 -4 24 -9 -5 8 -11 -8 -9 -4 12 -23 -28 -9 7 -14 -12 -40 1 -17 -17 26 -8 12 -12 -5 -1 -28 -6 -3 -34 -6 -11 13 -1 -20 4 -2 -60 10 33 2 16 -36 -17 1 10 -9 12 9 72 -2 -6 5 9 -2 0 -11
5 -4 -3 -6 -9 25 16 9 4 -11 -2 7 -17 -6 -22 -14 22 12 -8 9 40 -19 4 -60 6 3 -32 7 -6 -7 -24 -29 -20 -34 0 16 -22 15 -8 -1 -14 -30 10 -25 -61 -2 9 6 23 -24 4 -5 13 2 -1 2 19 -8 -20 13 13 11 -13 12
20 -19 27 1 8 7 -2 9 9 -20 12 9 -9 -2 -14 -1 8 5 -13 7 29 -10 0 -60 17 8 11 13 5 16 -11 -7 -31 -22 -9 -5 6 2 4 3 1 -19 5 11 -40 1 10 12 16 -28 -3 6 2 -13 11 4 -27 -11 -8 4 -7 18 -6 -11
7 -2 17 24 -21 2 7 -8 14 -5 -3 7 -13 -10 -6 -6 20 -8 -5 12 4 -15 -17 -59 -7 -15 -12 16 0 11 -18 -11 -32 -13 -23 -7 9 13 4 3 -5 -6 2 -11 -31 1 11 18 29 -26 16 6 7 -11 -1 -3 -85 -4 -12 -7 26 -10 -6 1
15 7 3 60 -1 -14 9 9 15 -17 1 5 -9 10 -25 20 2 -8 -21 14 9 7 -12 -26 -12 -8 -9 28 -6 2 -25 -15 -7 -29 -16 -15 23 12 -21 -16 6 -6 -3 -3 0 -1 9 -6 13 -26 8 4 14 8 -2 0 -90 -14 17 -4 9 22 -13 -2
20 -4 11 48 -5 -19 -1 -7 9 -8 1 -16 -9 -7 -25 -5 9 -5 -12 8 -20 -27 -11 -27 13 4 9 25 4 2 -17 -5 36 -3 -3 -10 -10 11 -3 -11 -16 -3 4 4 42 31 10 1 21 -14 15 4 2 3 -5 8 -83 -4 10 12 11 3 -14 11
24 2 8 41 4 -39 16 -1 21 -10 7 -2 -22 -6 1 -10 1 1 2 2 -28 -15 -17 25 17 -20 -2 30 6 -6 -5 -18 43 -18 -11 -9 -17 20 5 0 -8 6 -9 -5 12 8 -4 -18 13 -24 15 1 19 10 0 -4 -42 -16 15 -16 19 3 -3 -7
28 1 11 27 0 -36 8 19 9 -4 14 -5 17 -6 -14 -2 -9 1 1 10 -11 -27 5 37 9 1 12 14 -3 14 -20 -22 39 -13 -23 -8 -39 -4 -16 1 16 4 -3 -2 -2 20 26 -6 24 -27 11 -3 4 -21 -11 -3 7 -6 0 18 16 0 -5 4
15 8 14 -4 -4 -27 18 -6 23 -1 20 3 -17 4 -6 -26 -2 -3 2 5 2 -10 -13 34 17 9 6 15 -5 8 -26 -21 53 -17 -19 -14 -51 14 6 2 8 1 -5 10 -41 15 13 -14 14 0 -2 -3 3 -17 -5 -7 30 -8 7 24 -12 7 3 -9
-14 3 12 -13 -2 -10 4 6 6 -16 6 1 -6 -14 -10 -21 -2 -3 7 11 20 -7 3 -9 28 -2 18 4 8 0 -20 -8 52 -15 -20 -8 -59 10 -7 8 1 -3 -5 13 -58 15 2 8 10 -8 9 -9 5 4 6 4 36 -9 12 10 -5 -10 -8 -1
-17 10 8 -16 -5 6 8 -5 1 -6 8 8 -9 -10 -17 -9 -1 -14 16 4 50 -23 -6 -40 14 2 8 4 -13 -5 -20 -8 43 -4 -16 1 -28 17 -2 2 -5 0 -18 15 -74 11 21 5 4 -15 26 8 8 8 5 3 24 12 -1 13 2 -9 -9 0
9 -13 -18 -4 13 -30 15 10 26 4 0 1 1 -6 23 -1 -10 27 4 25 -36 4 -3 6 24 -3 -7 15 -7 5 5 19 12 -7 -4 4 22 -3 -18 2 2 -1 -11 13 -35 16 16 4 1 5 -8 8 4 -1 0 -15 20 -9 2 16 -25 0 13 0
9 -13 -18 -4 13 -30 15 10 26 4 0 1 1 -6 23 -1 -10 27 4 25 -36 4 -3 6 24 -3 -7 15 -7 5 5 19 12 -7 -4 4 22 -3 -18 2 2 -1 -11 13 -35 16 16 4 1 5 -8 8 4 -1 0 -15 20 -9 2 16 -25 0 13 0
9 -13 -18 -4 13 -30 15 10 26 4 0 1 1 -6 23 -1 -10 27 4 25 -36 4 -3 6 24 -3 -7 15 -7 5 5 19 12 -7 -4 4 22 -3 -18 2 2 -1 -11 13 -35 16 16 4 1 5 -8 8 4 -1 0 -15 20 -9 2 16 -25 0 13 0
9 -13 -18 -4 13 -30 15 10 26 4 0 1 1 -6 23 -1 -10 27 4 25 -36 4 -3 6 24 -3 -7 15 -7 5 5 19 12 -7 -4 4 22 -3 -18 2 2 -1 -11 13 -35 16 16 4 1 5 -8 8 4 -1 0 -15 20 -9 2 16 -25 0 13 0
9 -13 -18 -4 13 -30 15 10 26 4 0 1 1 -6 23 -1 -10 27 4 25 -36 4 -3 6 24 -3 -7 15 -7 5 5 19 12 -7 -4 4 22 -3 -18 2 2 -1 -11 13 -35 16 16 4 1 5 -8 8 4 -1 0 -15 20 -9 2 16 -25 0 13 0
9 -13 -18 -4 13 -30 15 10 26 4 0 1 1 -6 23 -1 -10 27 4 25 -36 4 -3 6 24 -3 -7 15 -7 5 5 19 12 -7 -4 4 22 -3 -18 2 2 -1 -11 13 -35 16 16 4 1 5 -8 8 4 -1 0 -15 20 -9 2 16 -25 0 13 0
9 -13 -18 -4 13 -30 15 10 26 4 0 1 1 -6 23 -1 -10 27 4 25 -36 4 -3 6 24 -3 -7 15 -7 5 5 19 12 -7 -4 4 22 -3 -18 2 2 -1 -11 13 -35 16 16 4 1 5 -8 8 4 -1 0 -15 20 -9 2 16 -25 0 13 0
9 -13 -18 -4 13 -30 15 10 26 4 0 1 1 -6 23 -1 -10 27 4 25 -36 4 -3 6 24 -3 -7 15 -7 5 5 19 12 -7 -4 4 22 -3 -18 2 2 -1 -11 13 -35 16 16 4 1 5 -8 8 4 -1 0 -15 20 -9 2 16 -25 0 13 0
9 -13 -18 -4 13 -30 15 10 26 4 0 1 1 -6 23 -1 -10 27 4 25 -36 4 -3 6 24 -3 -7 15 -7 5 5 19 12 -7 -4 4 22 -3 -18 2 2 -1 -11 13 -35 16 16 4 1 5 -8 8 4 -1 0 -15 20 -9 2 16 -25 0 13 0
9 -13 -18 -4 13 -30 15 10 26 4 0 1 1 -6 23 -1 -10 27 4 25 -36 4 -3 6 24 -3 -7 15 -7 5 5 19 12 -7 -4 4 22 -3 -18 2 2 -1 -11 13 -35 16 16 4 1 5 -8 8 4 -1 0 -15 20 -9 2 16 -25 0 13 0
9 -13 -18 -4 13 -30 15 10 26 4 0 1 1 -6 23 -1 -10 27 4 25 -36 4 -3 6 24 -3 -7 15 -7 5 5 19 12 -7 -4 4 22 -3 -18 2 2 -1 -11 13 -35 16 16 4 1 5 -8 8 4 -1 0 -15 20 -9 2 16 -25 0 13 0
9 -13 -18 -4 13 -30 15 10 26 4 0 1 1 -6 23 -1 -10 27 4 25 -36 4 -3 6 24 -3 -7 15 -7 5 5 19 12 -7 -4 4 22 -3 -18 2 2 -1 -11 13 -35 16 16 4 1 5 -8 8 4 -1 0 -15 20 -9 2 16 -25 0 13 0
9 -13 -18 -4 13 -30 15 10 26 4 0 1 1 -6 23 -1 -10 27 4 25 -36 4 -3 6 24 -3 -7 15 -7 5 5 19 12 -7 -4 4 22 -3 -18 2 2 -1 -11 13 -35 16 16 4 1 5 -8 8 4 -1 0 -15 20 -9 2 16 -25 0 13 0
9 -13 -18 -4 13 -30 15 10 26 4 0 1 1 -6 23 -1 -10 27 4 25 -36 4 -3 6 24 -3 -7 15 -7 5 5 19 12 -7 -4 4 22 -3 -18 2 2 -1 -11 13 -35 16 16 4 1 5 -8 8 4 -1 0 -15 20 -9 2 16 -25 0 13 0
9 -13 -18 -4 13 -30 15 10 26 4 0 1 1 -6 23 -1 -10 27 4 25 -36 4 -3 6 24 -3 -7 15 -7 5 5 19 12 -7 -4 4 22 -3 -18 2 2 -1 -11 13 -35 16 16 4 1 5 -8 8 4 -1 0 -15 20 -9 2 16 -25 0 13 0
9 -13 -18 -4 13 -30 15 10 26 4 0 1 1 -6 23 -1 -10 27 4 25 -36 4 -3 6 24 -3 -7 15 -7 5 5 19 12 -7 -4 4 22 -3 -18 2 2 -1 -11 13 -35 16 16 4 1 5 -8 8 4 -1 0 -15 20 -9 2 16 -25 0 13 0
9 -13 -18 -4 13 -30 15 10 26 4 0 1 1 -6 23 -1 -10 27 4 25 -36 4 -3 6 24 -3 -7 15 -7 5 5 19 12 -7 -4 4 22 -3 -18 2 2 -1 -11 13 -35 16 16 4 1 5 -8 8 4 -1 0 -15 20 -9 2 16 -25 0 13 0
9 -13 -18 -4 13 -30 15 10 26 4 0 1 1 -6 23 -1 -10 27 4 25 -36 4 -3 6 24 -3 -7 15 -7 5 5 19 12 -7 -4 4 22 -3 -18 2 2 -1 -11 13 -35 16 16 4 1 5 -8 8 4 -1 0 -15 20 -9 2 16 -25 0 13 0
9 -13 -18 -4 13 -30 15 10 26 4 0 1 1 -6 23 -1 -10 27 4 25 -36 4 -3 6 24 -3 -7 15 -7 5 5 19 12 -7 -4 4 22 -3 -18 2 2 -1 -11 13 -35 16 16 4 1 5 -8 8 4 -1 0 -15 20 -9 2 16 -25 0 13 0
9 -13 -18 -4 13 -30 15 10 26 4 0 1 1 -6 23 -1 -10 27 4 25 -36 4 -3 6 24 -3 -7 15 -7 5 5 19 12 -7 -4 4 22 -3 -18 2 2 -1 -11 13 -35 16 16 4 1 5 -8 8 4 -1 0 -15 20 -9 2 16 -25 0 13 0
9 -13 -18 -4 13 -30 15 10 26 4 0 1 1 -6 23 -1 -10 27 4 25 -36 4 -3 6 24 -3 -7 15 -7 5 5 19 12 -7 -4 4 22 -3 -18 2 2 -1 -11 13 -35 16 16 4 1 5 -8 8 4 -1 0 -15 20 -9 2 16 -25 0 13 0
9 -13 -18 -4 13 -30 15 10 26 4 0 1 1 -6 23 -1 -10 27 4 25 -36 4 -3 6 24 -3 -7 15 -7 5 5 19 12 -7 -4 4 22 -3 -18 2 2 -1 -11 13 -35 16 16 4 1 5 -8 8 4 -1 0 -15 20 -9 2 16 -25 0 13 0
9 -13 -18 -4 13 -30 15 10 26 4 0 1 1 -6 23 -1 -10 27 4 25 -36 4 -3 6 24 -3 -7 15 -7 5 5 19 12 -7 -4 4 22 -3 -18 2 2 -1 -11 13 -35 16 16 4 1 5 -8 8 4 -1 0 -15 20 -9 2 16 -25 0 13 0
9 -13 -18 -4 13 -30 15 10 26 4 0 1 1 -6 23 -1 -10 27 4 25 -36 4 -3 6 24 -3 -7 15 -7 5 5 19 12 -7 -4 4 22 -3 -18 2 2 -1 -11 13 -35 16 16 4 1 5 -8 8 4 -1 0 -15 20 -9 2 16 -25 0 13 0
9 -13 -18 -4 13 -30 15 10 26 4 0 1 1 -6 23 -1 -10 27 4 25 -36 4 -3 6 24 -3 -7 15 -7 5 5 19 12 -7 -4 4 22 -3 -18 2 2 -1 -11 13 -35 16 16 4 1 5 -8 8 4 -1 0 -15 20 -9 2 16 -25 0 13 0
9 -13 -18 -4 13 -30 15 10 26 4 0 1 1 -6 23 -1 -10 27 4 25 -36 4 -3 6 24 -3 -7 15 -7 5 5 19 12 -7 -4 4 22 -3 -18 2 2 -1 -11 13 -35 16 16 4 1 5 -8 8 4 -1 0 -15 20 -9 2 16 -25 0 13 0
9 -13 -18 -4 13 -30 15 10 26 4 0 1 1 -6 23 -1 -10 27 4 25 -36 4 -3 6 24 -3 -7 15 -7 5 5 19 12 -7 -4 4 22 -3 -18 2 2 -1 -11 13 -35 16 16 4 1 5 -8 8 4 -1 0 -15 20 -9 2 16 -25 0 13 0
9 -13 -18 -4 13 -30 15 10 26 4 0 1 1 -6 23 -1 -10 27 4 25 -36 4 -3 6 24 -3 -7 15 -7 5 5 19 12 -7 -4 4 22 -3 -18 2 2 -1 -11 13 -35 16 16 4 1 5 -8 8 4 -1 0 -15 20 -9 2 16 -25 0 13 0
9 -13 -18 -4 13 -30 15 10 26 4 0 1 1 -6 23 -1 -10 27 4 25 -36 4 -3 6 24 -3 -7 15 -7 5 5 19 12 -7 -4 4 22 -3 -18 2 2 -1 -11 13 -35 16 16 4 1 5 -8 8 4 -1 0 -15 20 -9 2 16 -25 0 13 0
9 -13 -18 -4 13 -30 15 10 26 4 0 1 1 -6 23 -1 -10 27 4 25 -36 4 -3 6 24 -3 -7 15 -7 5 5 19 12 -7 -4 4 22 -3 -18 2 2 -1 -11 13 -35 16 16 4 1 5 -8 8 4 -1 0 -15 20 -9 2 16 -25 0 13 0
9 -13 -18 -4 13 -30 15 10 26 4 0 1 1 -6 23 -1 -10 27 4 25 -36 4 -3 6 24 -3 -7 15 -7 5 5 19 12 -7 -4 4 22 -3 -18 2 2 -1 -11 13 -35 16 16 4 1 5 -8 8 4 -1 0 -15 20 -9 2 16 -25 0 13 0
9 -13 -18 -4 13 -30 15 10 26 4 0 1 1 -6 23 -1 -10 27 4 25 -36 4 -3 6 24 -3 -7 15 -7 5 5 19 12 -7 -4 4 22 -3 -18 2 2 -1 -11 13 -35 16 16 4 1 5 -8 8 4 -1 0 -15 20 -9 2 16 -25 0 13 0
9 -13 -18 -4 13 -30 15 10 26 4 0 1 1 -6 23 -1 -10 27 4 25 -36 4 -3 6 24 -3 -7 15 -7 5 5 19 12 -7 -4 4 22 -3 -18 2 2 -1 -11 13 -35 16 16 4 1 5 -8 8 4 -1 0 -15 20 -9 2 16 -25 0 13 0
9 -13 -18 -4 13 -30 15 10 26 4 0 1 1 -6 23 -1 -10 27 4 25 -36 4 -3 6 24 -3 -7 15 -7 5 5 19 12 -7 -4 4 22 -3 -18 2 2 -1 -11 13 -35 16 16 4 1 5 -8 8 4 -1 0 -15 20 -9 2 16 -25 0 13 0
9 -13 -18 -4 13 -30 15 10 26 4 0 1 1 -6 23 -1 -10 27 4 25 -36 4 -3 6 24 -3 -7 15 -7 5 5 19 12 -7 -4 4 22 -3 -18 2 2 -1 -11 13 -35 16 16 4 1 5 -8 8 4 -1 0 -15 20 -9 2 16 -25 0 13 0
9 -13 -18 -4 13 -30 15 10 26 4 0 1 1 -6 23 -1 -10 27 4 25 -36 4 -3 6 24 -3 -7 15 -7 5 5 19 12 -7 -4 4 22 -3 -18 2 2 -1 -11 13 -35 16 16 4 1 5 -8 8 4 -1 0 -15 20 -9 2 16 -25 0 13 0
9 -13 -18 -4 13 -30 15 10 26 4 0 1 1 -6 23 -1 -10 27 4 25 -36 4 -3 6 24 -3 -7 15 -7 5 5 19 12 -7 -4 4 22 -3 -18 2 2 -1 -11 13 -35 16 16 4 1 5 -8 8 4 -1 0 -15 20 -9 2 16 -25 0 13 0
9 -13 -18 -4 13 -30 15 10 26 4 0 1 1 -6 23 -1 -10 27 4 25 -36 4 -3 6 24 -3 -7 15 -7 5 5 19 12 -7 -4 4 22 -3 -18 2 2 -1 -11 13 -35 16 16 4 1 5 -8 8 4 -1 0 -15 20 -9 2 16 -25 0 13 0
9 -13 -18 -4 13 -30 15 10 26 4 0 1 1 -6 23 -1 -10 27 4 25 -36 4 -3 6 24 -3 -7 15 -7 5 5 19 12 -7 -4 4 22 -3 -18 2 2 -1 -11 13 -35 16 16 4 1 5 -8 8 4 -1 0 -15 20 -9 2 16 -25 0 13 0
9 -13 -18 -4 13 -30 15 10 26 4 0 1 1 -6 23 -1 -10 27 4 25 -36 4 -3 6 24 -3 -7 15 -7 5 5 19 12 -7 -4 4 22 -3 -18 2 2 -1 -11 13 -35 16 16 4 1 5 -8 8 4 -1 0 -15 20 -9 2 16 -25 0 13 0
9 -13 -18 -4 13 -30 15 10 26 4 0 1 1 -6 23 -1 -10 27 4 25 -36 4 -3 6 24 -3 -7 15 -7 5 5 19 12 -7 -4 4 22 -3 -18 2 2 -1 -11 13 -35 16 16 4 1 5 -8 8 4 -1 0 -15 20 -9 2 16 -25 0 13 0
9 -13 -18 -4 13 -30 15 10 26 4 0 1 1 -6 23 -1 -10 27 4 25 -36 4 -3 6 24 -3 -7 15 -7 5 5 19 12 -7 -4 4 22 -3 -18 2 2 -1 -11 13 -35 16 16 4 1 5 -8 8 4 -1 0 -15 20 -9 2 16 -25 0 13 0
9 -13 -18 -4 13 -30 15 10 26 4 0 1 1 -6 23 -1 -10 27 4 25 -36 4 -3 6 24 -3 -7 15 -7 5 5 19 12 -7 -4 4 22 -3 -18 2 2 -1 -11 13 -35 16 16 4 1 5 -8 8 4 -1 0 -15 20 -9 2 16 -25 0 13 0
9 -13 -18 -4 13 -30 15 10 26 4 0 1 1 -6 23 -1 -10 27 4 25 -36 4 -3 6 24 -3 -7 15 -7 5 5 19 12 -7 -4 4 22 -3 -18 2 2 -1 -11 13 -35 16 16 4 1 5 -8 8 4 -1 0 -15 20 -9 2 16 -25 0 13 0
9 -13 -18 -4 13 -30 15 10 26 4 0 1 1 -6 23 -1 -10 27 4 25 -36 4 -3 6 24 -3 -7 15 -7 5 5 19 12 -7 -4 4 22 -3 -18 2 2 -1 -11 13 -35 16 16 4 1 5 -8 8 4 -1 0 -15 20 -9 2 16 -25 0 13 0
9 -13 -18 -4 13 -30 15 10 26 4 0 1 1 -6 23 -1 -10 27 4 25 -36 4 -3 6 24 -3 -7 15 -7 5 5 19 12 -7 -4 4 22 -3 -18 2 2 -1 -11 13 -35 16 16 4 1 5 -8 8 4 -1 0 -15 20 -9 2 16 -25 0 13 0
9 -13 -18 -4 13 -30 15 10 26 4 0 1 1 -6 23 -1 -10 27 4 25 -36 4 -3 6 24 -3 -7 15 -7 5 5 19 12 -7 -4 4 22 -3 -18 2 2 -1 -11 13 -35 16 16 4 1 5 -8 8 4 -1 0 -15 20 -9 2 16 -25 0 13 0
9 -13 -18 -4 13 -30 15 10 26 4 0 1 1 -6 23 -1 -10 27 4 25 -36 4 -3 6 24 -3 -7 15 -7 5 5 19 12 -7 -4 4 22 -3 -18 2 2 -1 -11 13 -35 16 16 4 1 5 -8 8 4 -1 0 -15 20 -9 2 16 -25 0 13 0
9 -13 -18 -4 13 -30 15 10 26 4 0 1 1 -6 23 -1 -10 27 4 25 -36 4 -3 6 24 -3 -7 15 -7 5 5 19 12 -7 -4 4 22 -3 -18 2 2 -1 -11 13 -35 16 16 4 1 5 -8 8 4 -1 0 -15 20 -9 2 16 -25 0 13 0
9 -13 -18 -4 13 -30 15 10 26 4 0 1 1 -6 23 -1 -10 27 4 25 -36 4 -3 6 24 -3 -7 15 -7 5 5 19 12 -7 -4 4 22 -3 -18 2 2 -1 -11 13 -35 16 16 4 1 5 -8 8 4 -1 0 -15 20 -9 2 16 -25 0 13 0
9 -13 -18 -4 13 -30 15 10 26 4 0 1 1 -6 23 -1 -10 27 4 25 -36 4 -3 6 24 -3 -7 15 -7 5 5 19 12 -7 -4 4 22 -3 -18 2 2 -1 -11 13 -35 16 16 4 1 5 -8 8 4 -1 0 -15 20 -9 2 16 -25 0 13 0
9 -13 -18 -4 13 -30 15 10 26 4 0 1 1 -6 23 -1 -10 27 4 25 -36 4 -3 6 24 -3 -7 15 -7 5 5 19 12 -7 -4 4 22 -3 -18 2 2 -1 -11 13 -35 16 16 4 1 5 -8 8 4 -1 0 -15 20 -9 2 16 -25 0 13 0
9 -13 -18 -4 13 -30 15 10 26 4 0 1 1 -6 23 -1 -10 27 4 25 -36 4 -3 6 24 -3 -7 15 -7 5 5 19 12 -7 -4 4 22 -3 -18 2 2 -1 -11 13 -35 16 16 4 1 5 -8 8 4 -1 0 -15 20 -9 2 16 -25 0 13 0
9 -13 -18 -4 13 -30 15 10 26 4 0 1 1 -6 23 -1 -10 27 4 25 -36 4 -3 6 24 -3 -7 15 -7 5 5 19 12 -7 -4 4 22 -3 -18 2 2 -1 -11 13 -35 16 16 4 1 5 -8 8 4 -1 0 -15 20 -9 2 16 -25 0 13 0
9 -13 -18 -4 13 -30 15 10 26 4 0 1 1 -6 23 -1 -10 27 4 25 -36 4 -3 6 24 -3 -7 15 -7 5 5 19 12 -7 -4 4 22 -3 -18 2 2 -1 -11 13 -35 16 16 4 1 5 -8 8 4 -1 0 -15 20 -9 2 16 -25 0 13 0
9 -13 -18 -4 13 -30 15 10 26 4 0 1 1 -6 23 -1 -10 27 4 25 -36 4 -3 6 24 -3 -7 15 -7 5 5 19 12 -7 -4 4 22 -3 -18 2 2 -1 -11 13 -35 16 16 4 1 5 -8 8 4 -1 0 -15 20 -9 2 16 -25 0 13 0
9 -13 -18 -4 13 -30 15 10 26 4 0 1 1 -6 23 -1 -10 27 4 25 -36 4 -3 6 24 -3 -7 15 -7 5 5 19 12 -7 -4 4 22 -3 -18 2 2 -1 -11 13 -35 16 16 4 1 5 -8 8 4 -1 0 -15 20 -9 2 16 -25 0 13 0
9 -13 -18 -4 13 -30 15 10 26 4 0 1 1 -6 23 -1 -10 27 4 25 -36 4 -3 6 24 -3 -7 15 -7 5 5 19 12 -7 -4 4 22 -3 -18 2 2 -1 -11 13 -35 16 16 4 1 5 -8 8 4 -1 0 -15 20 -9 2 16 -25 0 13 0
9 -13 -18 -4 13 -30 15 10 26 4 0 1 1 -6 23 -1 -10 27 4 25 -36 4 -3 6 24 -3 -7 15 -7 5 5 19 12 -7 -4 4 22 -3 -18 2 2 -1 -11 13 -35 16 16 4 1 5 -8 8 4 -1 0 -15 20 -9 2 16 -25 0 13 0
9 -13 -18 -4 13 -30 15 10 26 4 0 1 1 -6 23 -1 -10 27 4 25 -36 4 -3 6 24 -3 -7 15 -7 5 5 19 12 -7 -4 4 22 -3 -18 2 2 -1 -11 13 -35 16 16 4 1 5 -8 8 4 -1 0 -15 20 -9 2 16 -25 0 13 0
9 -13 -18 -4 13 -30 15 10 26 4 0 1 1 -6 23 -1 -10 27 4 25 -36 4 -3 6 24 -3 -7 15 -7 5 5 19 12 -7 -4 4 22 -3 -18 2 2 -1 -11 13 -35 16 16 4 1 5 -8 8 4 -1 0 -15 20 -9 2 16 -25 0 13 0
9 -13 -18 -4 13 -30 15 10 26 4 0 1 1 -6 23 -1 -10 27 4 25 -36 4 -3 6 24 -3 -7 15 -7 5 5 19 12 -7 -4 4 22 -3 -18 2 2 -1 -11 13 -35 16 16 4 1 5 -8 8 4 -1 0 -15 20 -9 2 16 -25 0 13 0
9 -13 -18 -4 13 -30 15 10 26 4 0 1 1 -6 23 -1 -10 27 4 25 -36 4 -3 6 24 -3 -7 15 -7 5 5 19 12 -7 -4 4 22 -3 -18 2 2 -1 -11 13 -35 16 16 4 1 5 -8 8 4 -1 0 -15 20 -9 2 16 -25 0 13 0
9 -13 -18 -4 13 -30 15 10 26 4 0 1 1 -6 23 -1 -10 27 4 25 -36 4 -3 6 24 -3 -7 15 -7 5 5 19 12 -7 -4 4 22 -3 -18 2 2 -1 -11 13 -35 16 16 4 1 5 -8 8 4 -1 0 -15 20 -9 2 16 -25 0 13 0
9 -13 -18 -4 13 -30 15 10 26 4 0 1 1 -6 23 -1 -10 27 4 25 -36 4 -3 6 24 -3 -7 15 -7 5 5 19 12 -7 -4 4 22 -3 -18 2 2 -1 -11 13 -35 16 16 4 1 5 -8 8 4 -1 0 -15 20 -9 2 16 -25 0 13 0
9 -13 -18 -4 13 -30 15 10 26 4 0 1 1 -6 23 -1 -10 27 4 25 -36 4 -3 6 24 -3 -7 15 -7 5 5 19 12 -7 -4 4 22 -3 -18 2 2 -1 -11 13 -35 16 16 4 1 5 -8 8 4 -1 0 -15 20 -9 2 16 -25 0 13 0
9 -13 -18 -4 13 -30 15 10 26 4 0 1 1 -6 23 -1 -10 27 4 25 -36 4 -3 6 24 -3 -7 15 -7 5 5 19 12 -7 -4 4 22 -3 -18 2 2 -1 -11 13 -35 16 16 4 1 5 -8 8 4 -1 0 -15 20 -9 2 16 -25 0 13 0
9 -13 -18 -4 13 -30 15 10 26 4 0 1 1 -6 23 -1 -10 27 4 25 -36 4 -3 6 24 -3 -7 15 -7 5 5 19 12 -7 -4 4 22 -3 -18 2 2 -1 -11 13 -35 16 16 4 1 5 -8 8 4 -1 0 -15 20 -9 2 16 -25 0 13 0
9 -13 -18 -4 13 -30 15 10 26 4 0 1 1 -6 23 -1 -10 27 4 25 -36 4 -3 6 24 -3 -7 15 -7 5 5 19 12 -7 -4 4 22 -3 -18 2 2 -1 -11 13 -35 16 16 4 1 5 -8 8 4 -1 0 -15 20 -9 2 16 -25 0 13 0
9 -13 -18 -4 13 -30 15 10 26 4 0 1 1 -6 23 -1 -10 27 4 25 -36 4 -3 6 24 -3 -7 15 -7 5 5 19 12 -7 -4 4 22 -3 -18 2 2 -1 -11 13 -35 16 16 4 1 5 -8 8 4 -1 0 -15 20 -9 2 16 -25 0 13 0
9 -13 -18 -4 13 -30 15 10 26 4 0 1 1 -6 23 -1 -10 27 4 25 -36 4 -3 6 24 -3 -7 15 -7 5 5 19 12 -7 -4 4 22 -3 -18 2 2 -1 -11 13 -35 16 16 4 1 5 -8 8 4 -1 0 -15 20 -9 2 16 -25 0 13 0
9 -13 -18 -4 13 -30 15 10 26 4 0 1 1 -6 23 -1 -10 27 4 25 -36 4 -3 6 24 -3 -7 15 -7 5 5 19 12 -7 -4 4 22 -3 -18 2 2 -1 -11 13 -35 16 16 4 1 5 -8 8 4 -1 0 -15 20 -9 2 16 -25 0 13 0
9 -13 -18 -4 13 -30 15 10 26 4 0 1 1 -6 23 -1 -10 27 4 25 -36 4 -3 6 24 -3 -7 15 -7 5 5 19 12 -7 -4 4 22 -3 -18 2 2 -1 -11 13 -35 16 16 4 1 5 -8 8 4 -1 0 -15 20 -9 2 16 -25 0 13 0
9 -13 -18 -4 13 -30 15 10 26 4 0 1 1 -6 23 -1 -10 27 4 25 -36 4 -3 6 24 -3 -7 15 -7 5 5 19 12 -7 -4 4 22 -3 -18 2 2 -1 -11 13 -35 16 16 4 1 5 -8 8 4 -1 0 -15 20 -9 2 16 -25 0 13 0
9 -13 -18 -4 13 -30 15 10 26 4 0 1 1 -6 23 -1 -10 27 4 25 -36 4 -3 6 24 -3 -7 15 -7 5 5 19 12 -7 -4 4 22 -3 -18 2 2 -1 -11 13 -35 16 16 4 1 5 -8 8 4 -1 0 -15 20 -9 2 16 -25 0 13 0
9 -13 -18 -4 13 -30 15 10 26 4 0 1 1 -6 23 -1 -10 27 4 25 -36 4 -3 6 24 -3 -7 15 -7 5 5 19 12 -7 -4 4 22 -3 -18 2 2 -1 -11 13 -35 16 16 4 1 5 -8 8 4 -1 0 -15 20 -9 2 16 -25 0 13 0
9 -13 -18 -4 13 -30 15 10 26 4 0 1 1 -6 23 -1 -10 27 4 25 -36 4 -3 6 24 -3 -7 15 -7 5 5 19 12 -7 -4 4 22 -3 -18 2 2 -1 -11 13 -35 16 16 4 1 5 -8 8 4 -1 0 -15 20 -9 2 16 -25 0 13 0
9 -13 -18 -4 13 -30 15 10 26 4 0 1 1 -6 23 -1 -10 27 4 25 -36 4 -3 6 24 -3 -7 15 -7 5 5 19 12 -7 -4 4 22 -3 -18 2 2 -1 -11 13 -35 16 16 4 1 5 -8 8 4 -1 0 -15 20 -9 2 16 -25 0 13 0
9 -13 -18 -4 13 -30 15 10 26 4 0 1 1 -6 23 -1 -10 27 4 25 -36 4 -3 6 24 -3 -7 15 -7 5 5 19 12 -7 -4 4 22 -3 -18 2 2 -1 -11 13 -35 16 16 4 1 5 -8 8 4 -1 0 -15 20 -9 2 16 -25 0 13 0
9 -13 -18 -4 13 -30 15 10 26 4 0 1 1 -6 23 -1 -10 27 4 25 -36 4 -3 6 24 -3 -7 15 -7 5 5 19 12 -7 -4 4 22 -3 -18 2 2 -1 -11 13 -35 16 16 4 1 5 -8 8 4 -1 0 -15 20 -9 2 16 -25 0 13 0
9 -13 -18 -4 13 -30 15 10 26 4 0 1 1 -6 23 -1 -10 27 4 25 -36 4 -3 6 24 -3 -7 15 -7 5 5 19 12 -7 -4 4 22 -3 -18 2 2 -1 -11 13 -35 16 16 4 1 5 -8 8 4 -1 0 -15 20 -9 2 16 -25 0 13 0
9 -13 -18 -4 13 -30 15 10 26 4 0 1 1 -6 23 -1 -10 27 4 25 -36 4 -3 6 24 -3 -7 15 -7 5 5 19 12 -7 -4 4 22 -3 -18 2 2 -1 -11 13 -35 16 16 4 1 5 -8 8 4 -1 0 -15 20 -9 2 16 -25 0 13 0
9 -13 -18 -4 13 -30 15 10 26 4 0 1 1 -6 23 -1 -10 27 4 25 -36 4 -3 6 24 -3 -7 15 -7 5 5 19 12 -7 -4 4 22 -3 -18 2 2 -1 -11 13 -35 16 16 4 1 5 -8 8 4 -1 0 -15 20 -9 2 16 -25 0 13 0
9 -13 -18 -4 13 -30 15 10 26 4 0 1 1 -6 23 -1 -10 27 4 25 -36 4 -3 6 24 -3 -7 15 -7 5 5 19 12 -7 -4 4 22 -3 -18 2 2 -1 -11 13 -35 16 16 4 1 5 -8 8 4 -1 0 -15 20 -9 2 16 -25 0 13 0
9 -13 -18 -4 13 -30 15 10 26 4 0 1 1 -6 23 -1 -10 27 4 25 -36 4 -3 6 24 -3 -7 15 -7 5 5 19 12 -7 -4 4 22 -3 -18 2 2 -1 -11 13 -35 16 16 4 1 5 -8 8 4 -1 0 -15 20 -9 2 16 -25 0 13 0
9 -13 -18 -4 13 -30 15 10 26 4 0 1 1 -6 23 -1 -10 27 4 25 -36 4 -3 6 24 -3 -7 15 -7 5 5 19 12 -7 -4 4 22 -3 -18 2 2 -1 -11 13 -35 16 16 4 1 5 -8 8 4 -1 0 -15 20 -9 2 16 -25 0 13 0
9 -13 -18 -4 13 -30 15 10 26 4 0 1 1 -6 23 -1 -10 27 4 25 -36 4 -3 6 24 -3 -7 15 -7 5 5 19 12 -7 -4 4 22 -3 -18 2 2 -1 -11 13 -35 16 16 4 1 5 -8 8 4 -1 0 -15 20 -9 2 16 -25 0 13 0
