-1 -17 10 10 -27 6 1 3 -8 0 -4 2 12 -7 -1 -7 -1 -5 -8 -2 5 -4 -7 2 5 -2 1 9 1 6 9 -6 -16 -4 -8 2 3 -2 9 9 2 5 4 -6 -11 9 -2 -12 3 4 -2 -2 -13 3 -1 5 1 2 -2 -1 1 -2 8 -9
0 -14 15 17 -27 -4 9 3 -9 -10 0 -5 3 -7 -3 -8 -7 -13 -8 -1 5 5 -6 5 9 -8 3 4 7 16 -1 -19 -16 -9 -1 5 10 6 2 -1 2 4 3 -2 -12 8 -4 -11 9 5 5 -7 -18 6 2 10 0 10 11 5 0 -6 6 -15
-6 -16 17 9 -31 -4 9 -1 -6 -2 -5 -5 4 -11 1 -7 -2 -12 -11 -3 13 12 -11 -1 8 -8 10 5 14 19 -1 -17 -8 -15 5 4 8 -1 10 6 7 -1 9 -4 -19 4 -10 -15 2 -2 4 -14 -23 7 4 16 9 4 3 0 0 -2 5 -20
0 -17 11 7 -32 1 10 -2 -5 -3 -9 -6 7 -11 -2 -6 0 -15 -11 4 14 1 -5 6 3 -14 9 4 5 12 -2 -16 -15 -13 2 8 14 -1 5 2 4 2 3 2 -15 4 -13 -15 5 2 1 -5 -16 9 -2 14 2 7 8 4 -2 -6 8 -20
-2 -17 12 5 -28 -1 7 2 -6 -3 2 -3 8 -10 -6 -16 -5 -17 -4 0 15 0 -8 9 5 -12 10 9 9 22 -3 -14 -10 -6 1 7 16 0 10 15 8 0 8 0 -19 8 -13 -12 4 2 5 -11 -17 4 3 15 4 4 11 10 -10 -5 4 -18
-4 -14 13 6 -28 -6 10 2 -1 -4 0 -6 2 -17 -1 -6 -1 -14 -12 0 8 -1 -4 10 10 -7 5 10 10 13 -5 -10 -10 -8 4 6 12 2 8 15 6 -2 -1 -3 -13 10 -13 -9 6 -1 10 -9 -13 8 -5 14 10 7 11 6 -2 -5 6 -17
-3 -19 11 10 -27 -5 11 9 -4 0 -1 -5 9 -14 -1 -5 4 -15 -11 0 10 -3 -10 8 3 -14 9 9 4 19 -7 -8 -9 -15 4 6 12 3 4 16 8 -2 -1 -3 -17 11 -15 -15 4 -1 6 -7 -15 9 -6 17 9 11 10 1 -1 -7 1 -16
-4 -14 16 10 -27 -2 8 3 -6 2 -3 -8 7 -8 0 -8 -1 -16 -10 -1 12 0 -10 5 4 -11 4 5 11 16 -3 -17 -14 -7 -1 6 12 1 6 12 5 -2 -1 1 -18 10 -14 -13 7 -5 2 -6 -12 9 -7 10 9 11 14 2 0 -7 6 -11
-3 -19 14 10 -30 0 8 0 -5 -6 -3 -3 7 -9 -7 -15 2 -16 -14 1 8 1 -6 3 3 -9 9 11 12 15 -5 -17 -11 -15 6 6 10 4 5 9 8 5 2 -2 -17 5 -12 -15 -1 2 0 -12 -11 7 1 14 7 6 8 0 -3 -12 7 -19
-1 -17 18 6 -30 -6 4 3 -2 -2 -2 3 9 -4 0 -7 -6 -3 -19 -4 12 1 -8 -4 9 -11 20 6 11 11 2 -17 -10 -8 -9 1 13 6 18 16 -1 -8 3 5 -18 22 -2 -7 4 -4 2 -12 -1 -6 7 9 13 24 3 10 -9 -18 12 -5
-4 -15 15 10 -29 -2 12 -4 -6 -7 -5 -4 9 -8 -5 -11 6 -13 -7 -7 10 1 -10 7 6 -7 6 4 1 20 0 -9 -8 -9 2 6 16 7 10 3 2 3 6 3 -18 13 -11 -17 5 -8 3 -14 -15 1 2 14 2 9 6 -2 -4 -9 9 -23
-8 -15 16 11 -28 -4 9 -3 -2 -5 1 -3 7 -7 -1 -11 5 -15 -11 3 12 3 -11 7 -1 -9 9 11 7 18 -6 -16 -12 -15 0 6 16 -3 7 7 5 -1 8 2 -15 13 -14 -19 3 1 6 -12 -16 4 -1 15 5 3 6 3 -4 -7 2 -23
-6 -12 20 7 -30 -5 6 2 -3 0 -12 -2 10 -12 -1 -12 0 -12 -10 5 11 4 -7 12 3 -12 17 5 -1 11 -3 -13 -15 -8 -3 1 16 3 7 5 3 5 2 3 -17 9 -12 -16 2 -3 -1 -10 -20 12 3 13 2 5 9 7 -6 -9 -2 -18
-7 -19 12 6 -32 0 12 6 -4 -1 -2 1 10 -10 -1 -9 -2 -11 -12 0 9 0 -8 5 8 -6 10 9 8 18 -4 -15 -14 -5 1 10 12 -3 6 4 6 -3 1 -2 -16 8 -15 -15 3 -4 1 -6 -15 7 3 11 9 6 7 -1 -3 -11 0 -12
-4 -24 20 14 -32 -4 1 -2 -4 -3 -6 3 12 -9 -2 -8 1 -9 -10 1 18 2 -11 4 12 -13 13 12 6 23 -5 -17 -9 -13 -1 12 20 8 14 21 6 -4 7 -1 -23 10 -12 -10 0 3 1 -13 -11 -3 -3 15 8 14 1 8 -11 -16 9 -8
2 -19 15 16 -26 -2 7 2 -8 -2 -4 -3 10 -6 -9 -8 2 -14 -8 3 12 -2 -5 10 4 -14 8 2 2 14 -3 -8 -11 -13 -2 5 9 1 6 5 6 4 8 -4 -14 7 -12 -14 6 4 1 -6 -16 8 -5 10 -1 7 6 5 -7 -3 5 -21
-6 -20 15 15 -25 -2 3 -2 -10 -4 -3 0 9 -12 -7 -11 1 -15 -10 0 9 2 -8 6 6 -4 8 9 9 16 2 -12 -11 -3 -3 7 15 8 0 4 4 1 3 2 -15 7 -17 -14 1 6 7 -10 -20 5 3 11 7 7 9 11 -8 -6 3 -17
1 -15 15 9 -30 -2 8 -1 -7 -4 -10 3 7 -15 -6 -14 4 -11 -10 2 14 0 -10 4 6 -12 10 9 4 19 -1 -14 -10 -11 5 8 15 0 0 4 8 -4 5 -2 -14 10 -12 -20 3 0 6 -16 -17 2 -4 17 -1 9 11 -1 -7 -8 0 -19
-7 -16 11 12 -31 -1 7 3 -9 -6 -1 -3 9 -15 -1 -7 3 -9 -6 -1 9 -2 -8 7 10 -11 6 9 1 20 -6 -8 -10 -5 -1 7 17 0 7 2 7 -3 7 2 -16 10 -14 -18 4 -2 9 -13 -13 1 -3 17 9 7 5 6 -7 -6 2 -19
-1 -21 16 11 -30 0 7 10 -8 -5 -9 -1 9 -10 -4 -12 3 -11 -8 1 15 2 -10 7 1 -12 12 4 8 13 -1 -10 -12 -9 -5 8 15 -2 8 4 4 3 7 -2 -13 7 -14 -13 2 -2 3 -10 -22 2 -1 14 9 5 13 6 -6 -7 -1 -20
-7 -17 17 10 -26 -5 10 6 -11 -7 -9 -5 8 -12 -6 -12 4 -8 -4 -2 14 -1 -8 4 8 -14 7 8 7 12 -2 -14 -12 -8 3 8 10 0 1 2 4 -2 5 1 -16 11 -10 -16 5 -1 7 -11 -20 8 -4 11 9 7 12 -1 -6 -6 -1 -19
-1 -18 23 17 -30 -11 2 0 -3 -7 -4 10 9 -11 -3 -8 3 7 -10 0 22 1 -16 3 16 -8 14 9 5 31 -6 -12 -10 -7 -5 3 19 8 12 18 3 -2 9 2 -16 16 -10 -9 -6 3 2 -14 -15 5 5 10 5 16 3 -3 -11 -12 6 -11
-3 -12 6 9 -21 -1 3 -4 -4 -4 -8 1 6 -1 -4 -4 1 -9 -4 -5 9 -1 -8 2 3 -8 3 7 1 13 3 -9 -11 0 -1 4 12 -1 2 0 1 3 7 -4 -7 5 -8 -14 6 0 -4 -6 -17 -7 -1 10 0 5 -1 2 -5 -2 0 -6
-6 -19 13 10 -30 3 7 5 -3 -5 -7 -8 10 -12 0 -8 1 -9 -15 0 7 5 -13 2 6 -2 11 3 -1 12 -1 -15 -7 -8 -1 6 22 5 8 8 5 3 -1 0 -20 8 -13 -9 4 6 3 -6 -16 5 2 13 1 2 11 8 2 -9 8 -21
-1 -17 17 7 -29 1 2 4 -15 -8 -1 8 5 -8 3 -6 1 -4 -15 1 13 1 -13 2 13 -6 16 10 10 15 -6 -8 -4 -19 -5 3 16 -3 15 11 2 -2 5 -2 -23 17 -11 -7 -6 7 4 -8 -12 -8 7 9 -2 9 1 10 2 -15 7 -11
2 -17 18 11 -31 -1 12 -3 -7 -3 -11 -4 8 -14 0 -8 1 -8 -7 -1 13 -1 -12 5 6 -12 13 7 4 16 -3 -11 -12 -10 4 12 15 -1 8 6 8 4 2 -1 -20 5 -13 -17 1 2 1 -12 -19 7 4 14 3 5 8 3 -3 -8 1 -19
-8 -14 14 8 -31 -6 12 1 -12 -8 -10 -3 10 -13 -4 -16 0 -11 -6 -1 16 4 -12 7 4 -1 14 5 6 20 2 -10 -10 -15 7 9 16 -4 5 14 9 -1 5 1 -15 7 -13 -17 5 -3 5 -14 -15 12 -2 14 6 2 10 8 -5 -7 3 -16
-5 -16 15 3 -33 -5 11 0 -3 -2 -4 -7 4 -13 -3 -9 -1 -14 -8 -3 10 1 -6 9 4 -2 10 12 2 12 -3 -16 -14 -11 5 8 10 -4 6 11 7 -3 0 2 -15 8 -11 -14 5 -1 8 -9 -13 6 -7 13 5 12 4 5 -6 -5 2 -19
-7 -21 13 13 -28 -8 12 4 -4 -3 0 -8 9 -14 3 -13 5 -10 -6 5 14 1 -7 7 6 -10 11 5 10 14 -5 -7 -8 -15 0 4 13 -1 7 13 10 1 -1 1 -14 12 -10 -16 -2 -5 8 -7 -17 6 -12 17 9 9 7 -1 -4 -7 0 -16
-6 -18 17 12 -30 -7 8 9 -3 -2 -3 -6 8 -7 -4 -4 -5 -12 -9 0 10 -1 -7 7 6 -6 12 6 3 18 -4 -14 -13 -7 0 10 14 3 5 13 6 3 -4 -4 -22 11 -15 -12 7 -1 3 -7 -11 7 -1 12 11 5 8 1 1 -13 2 -18
-4 -18 14 7 -31 3 11 4 -5 -6 -12 -3 9 -15 -5 -13 6 -14 -12 3 12 7 -11 5 8 -9 13 7 5 18 -3 -11 -10 -13 0 5 21 6 7 9 12 2 10 -1 -23 1 -14 -18 4 4 -1 -8 -16 7 -1 10 7 5 8 -2 -5 -12 5 -23
-8 -16 17 10 -31 -3 11 2 -3 -8 -1 -2 6 -9 -5 -14 6 -16 -12 -2 14 4 -12 8 14 -7 12 4 3 17 0 -13 -6 -16 -6 8 15 6 5 6 9 -2 2 -1 -16 12 -11 -17 1 3 4 -8 -18 7 1 14 1 9 11 -3 -5 -10 3 -22
-6 -18 15 10 -30 -1 10 2 -4 -7 -6 -4 3 -12 1 -15 10 -11 -6 4 12 2 -12 5 7 -3 7 10 7 15 -5 -13 -6 -16 -3 7 19 -2 12 6 13 4 -1 2 -20 9 -9 -18 4 -1 1 -9 -13 8 -4 17 10 5 2 -1 -2 -7 5 -18
-2 -19 22 5 -31 2 10 5 -9 -6 -11 0 10 -14 5 -7 5 -11 -5 0 12 -2 -9 8 6 -11 16 4 3 20 0 -12 -14 -13 -4 3 11 4 3 6 6 3 2 3 -15 8 -10 -12 3 -6 1 -7 -18 10 0 10 8 13 13 4 0 -6 3 -13
0 -22 13 10 -29 2 6 8 -6 -7 -2 1 9 -18 -4 -12 6 -10 -11 2 9 1 -8 5 8 -8 12 8 8 17 2 -9 -10 -10 -8 12 16 3 4 7 7 4 2 6 -15 7 -10 -14 6 5 11 -13 -15 5 -2 12 10 4 7 7 -6 -7 4 -15
-4 -15 19 5 -28 0 12 1 -4 -9 -15 2 6 -15 -1 -9 3 -11 -5 -1 13 8 -12 5 9 -11 13 7 8 19 -1 -12 -9 -15 -2 12 14 -1 6 5 7 0 2 0 -16 8 -12 -16 6 -5 6 -14 -16 3 -4 17 6 5 9 1 -9 -4 -2 -17
-4 -16 19 9 -29 -3 7 2 -9 -7 -3 -4 6 -13 -5 -10 6 -8 -9 -3 13 -1 -7 5 6 -9 5 4 6 18 0 -11 -11 -12 1 10 10 -2 9 6 7 3 0 4 -15 12 -14 -14 5 0 5 -9 -9 6 0 16 9 9 4 5 -7 -6 4 -17
-3 -20 20 9 -31 -1 13 5 -4 -6 -11 0 7 -15 -1 -13 2 -9 -6 1 13 5 -7 11 2 -11 10 5 9 14 -2 -12 -10 -15 -3 5 14 1 9 5 9 3 3 6 -16 11 -16 -17 5 0 5 -8 -22 9 0 15 12 9 5 3 -8 -9 2 -18
-6 -13 17 9 -33 -6 11 6 -7 -8 -4 -3 5 -18 -3 -13 0 -12 -7 0 12 4 -6 10 11 -10 11 9 7 21 3 -16 -11 -13 0 5 12 2 4 12 8 2 4 3 -17 9 -12 -11 3 -3 9 -13 -17 13 -8 15 10 5 11 2 -4 -6 3 -17
-1 -15 20 13 -30 -2 2 0 -4 0 -3 4 12 -15 -6 -9 1 -1 -13 -2 18 5 -17 3 16 -7 10 12 8 22 -4 -12 -6 -9 -6 6 20 1 12 13 3 2 11 1 -13 12 -11 -9 -5 2 2 -13 -19 -1 1 9 7 14 2 -4 -8 -11 8 -12
-3 -12 6 9 -19 -4 4 -4 -4 0 -11 1 8 -3 -5 -5 4 -8 -2 -7 7 -1 -5 1 2 -4 5 5 -1 10 1 -8 -10 -4 3 4 9 1 2 1 -3 6 4 -2 -7 5 -6 -15 7 -2 -2 -6 -13 -3 2 10 0 3 -2 2 -5 -1 2 -5
-6 -14 13 13 -22 2 6 0 -12 -4 -15 -12 10 -9 6 -8 4 -26 -12 4 -1 -3 -11 -1 11 -7 7 13 6 19 1 -21 -14 -9 2 -5 11 -5 8 9 14 10 3 2 -23 6 -12 -8 1 10 -3 -10 -20 6 -3 14 8 3 7 6 -3 -13 11 -10
-6 -14 13 13 -22 2 6 0 -12 -4 -15 -12 10 -9 6 -8 4 -26 -12 4 -1 -3 -11 -1 11 -7 7 13 6 19 1 -21 -14 -9 2 -5 11 -5 8 9 14 10 3 2 -23 6 -12 -8 1 10 -3 -10 -20 6 -3 14 8 3 7 6 -3 -13 11 -10
-6 -14 13 13 -22 2 6 0 -12 -4 -15 -12 10 -9 6 -8 4 -26 -12 4 -1 -3 -11 -1 11 -7 7 13 6 19 1 -21 -14 -9 2 -5 11 -5 8 9 14 10 3 2 -23 6 -12 -8 1 10 -3 -10 -20 6 -3 14 8 3 7 6 -3 -13 11 -10
-6 -14 13 13 -22 2 6 0 -12 -4 -15 -12 10 -9 6 -8 4 -26 -12 4 -1 -3 -11 -1 11 -7 7 13 6 19 1 -21 -14 -9 2 -5 11 -5 8 9 14 10 3 2 -23 6 -12 -8 1 10 -3 -10 -20 6 -3 14 8 3 7 6 -3 -13 11 -10
-6 -14 13 13 -22 2 6 0 -12 -4 -15 -12 10 -9 6 -8 4 -26 -12 4 -1 -3 -11 -1 11 -7 7 13 6 19 1 -21 -14 -9 2 -5 11 -5 8 9 14 10 3 2 -23 6 -12 -8 1 10 -3 -10 -20 6 -3 14 8 3 7 6 -3 -13 11 -10
-6 -14 13 13 -22 2 6 0 -12 -4 -15 -12 10 -9 6 -8 4 -26 -12 4 -1 -3 -11 -1 11 -7 7 13 6 19 1 -21 -14 -9 2 -5 11 -5 8 9 14 10 3 2 -23 6 -12 -8 1 10 -3 -10 -20 6 -3 14 8 3 7 6 -3 -13 11 -10
-6 -14 13 13 -22 2 6 0 -12 -4 -15 -12 10 -9 6 -8 4 -26 -12 4 -1 -3 -11 -1 11 -7 7 13 6 19 1 -21 -14 -9 2 -5 11 -5 8 9 14 10 3 2 -23 6 -12 -8 1 10 -3 -10 -20 6 -3 14 8 3 7 6 -3 -13 11 -10
-6 -14 13 13 -22 2 6 0 -12 -4 -15 -12 10 -9 6 -8 4 -26 -12 4 -1 -3 -11 -1 11 -7 7 13 6 19 1 -21 -14 -9 2 -5 11 -5 8 9 14 10 3 2 -23 6 -12 -8 1 10 -3 -10 -20 6 -3 14 8 3 7 6 -3 -13 11 -10
-6 -14 13 13 -22 2 6 0 -12 -4 -15 -12 10 -9 6 -8 4 -26 -12 4 -1 -3 -11 -1 11 -7 7 13 6 19 1 -21 -14 -9 2 -5 11 -5 8 9 14 10 3 2 -23 6 -12 -8 1 10 -3 -10 -20 6 -3 14 8 3 7 6 -3 -13 11 -10
-6 -14 13 13 -22 2 6 0 -12 -4 -15 -12 10 -9 6 -8 4 -26 -12 4 -1 -3 -11 -1 11 -7 7 13 6 19 1 -21 -14 -9 2 -5 11 -5 8 9 14 10 3 2 -23 6 -12 -8 1 10 -3 -10 -20 6 -3 14 8 3 7 6 -3 -13 11 -10
-6 -14 13 13 -22 2 6 0 -12 -4 -15 -12 10 -9 6 -8 4 -26 -12 4 -1 -3 -11 -1 11 -7 7 13 6 19 1 -21 -14 -9 2 -5 11 -5 8 9 14 10 3 2 -23 6 -12 -8 1 10 -3 -10 -20 6 -3 14 8 3 7 6 -3 -13 11 -10
-6 -14 13 13 -22 2 6 0 -12 -4 -15 -12 10 -9 6 -8 4 -26 -12 4 -1 -3 -11 -1 11 -7 7 13 6 19 1 -21 -14 -9 2 -5 11 -5 8 9 14 10 3 2 -23 6 -12 -8 1 10 -3 -10 -20 6 -3 14 8 3 7 6 -3 -13 11 -10
-6 -14 13 13 -22 2 6 0 -12 -4 -15 -12 10 -9 6 -8 4 -26 -12 4 -1 -3 -11 -1 11 -7 7 13 6 19 1 -21 -14 -9 2 -5 11 -5 8 9 14 10 3 2 -23 6 -12 -8 1 10 -3 -10 -20 6 -3 14 8 3 7 6 -3 -13 11 -10
-6 -14 13 13 -22 2 6 0 -12 -4 -15 -12 10 -9 6 -8 4 -26 -12 4 -1 -3 -11 -1 11 -7 7 13 6 19 1 -21 -14 -9 2 -5 11 -5 8 9 14 10 3 2 -23 6 -12 -8 1 10 -3 -10 -20 6 -3 14 8 3 7 6 -3 -13 11 -10
-6 -14 13 13 -22 2 6 0 -12 -4 -15 -12 10 -9 6 -8 4 -26 -12 4 -1 -3 -11 -1 11 -7 7 13 6 19 1 -21 -14 -9 2 -5 11 -5 8 9 14 10 3 2 -23 6 -12 -8 1 10 -3 -10 -20 6 -3 14 8 3 7 6 -3 -13 11 -10
-6 -14 13 13 -22 2 6 0 -12 -4 -15 -12 10 -9 6 -8 4 -26 -12 4 -1 -3 -11 -1 11 -7 7 13 6 19 1 -21 -14 -9 2 -5 11 -5 8 9 14 10 3 2 -23 6 -12 -8 1 10 -3 -10 -20 6 -3 14 8 3 7 6 -3 -13 11 -10
-6 -14 13 13 -22 2 6 0 -12 -4 -15 -12 10 -9 6 -8 4 -26 -12 4 -1 -3 -11 -1 11 -7 7 13 6 19 1 -21 -14 -9 2 -5 11 -5 8 9 14 10 3 2 -23 6 -12 -8 1 10 -3 -10 -20 6 -3 14 8 3 7 6 -3 -13 11 -10
-6 -14 13 13 -22 2 6 0 -12 -4 -15 -12 10 -9 6 -8 4 -26 -12 4 -1 -3 -11 -1 11 -7 7 13 6 19 1 -21 -14 -9 2 -5 11 -5 8 9 14 10 3 2 -23 6 -12 -8 1 10 -3 -10 -20 6 -3 14 8 3 7 6 -3 -13 11 -10
-6 -14 13 13 -22 2 6 0 -12 -4 -15 -12 10 -9 6 -8 4 -26 -12 4 -1 -3 -11 -1 11 -7 7 13 6 19 1 -21 -14 -9 2 -5 11 -5 8 9 14 10 3 2 -23 6 -12 -8 1 10 -3 -10 -20 6 -3 14 8 3 7 6 -3 -13 11 -10
-6 -14 13 13 -22 2 6 0 -12 -4 -15 -12 10 -9 6 -8 4 -26 -12 4 -1 -3 -11 -1 11 -7 7 13 6 19 1 -21 -14 -9 2 -5 11 -5 8 9 14 10 3 2 -23 6 -12 -8 1 10 -3 -10 -20 6 -3 14 8 3 7 6 -3 -13 11 -10
-6 -14 13 13 -22 2 6 0 -12 -4 -15 -12 10 -9 6 -8 4 -26 -12 4 -1 -3 -11 -1 11 -7 7 13 6 19 1 -21 -14 -9 2 -5 11 -5 8 9 14 10 3 2 -23 6 -12 -8 1 10 -3 -10 -20 6 -3 14 8 3 7 6 -3 -13 11 -10
-6 -14 13 13 -22 2 6 0 -12 -4 -15 -12 10 -9 6 -8 4 -26 -12 4 -1 -3 -11 -1 11 -7 7 13 6 19 1 -21 -14 -9 2 -5 11 -5 8 9 14 10 3 2 -23 6 -12 -8 1 10 -3 -10 -20 6 -3 14 8 3 7 6 -3 -13 11 -10
-6 -14 13 13 -22 2 6 0 -12 -4 -15 -12 10 -9 6 -8 4 -26 -12 4 -1 -3 -11 -1 11 -7 7 13 6 19 1 -21 -14 -9 2 -5 11 -5 8 9 14 10 3 2 -23 6 -12 -8 1 10 -3 -10 -20 6 -3 14 8 3 7 6 -3 -13 11 -10
-6 -14 13 13 -22 2 6 0 -12 -4 -15 -12 10 -9 6 -8 4 -26 -12 4 -1 -3 -11 -1 11 -7 7 13 6 19 1 -21 -14 -9 2 -5 11 -5 8 9 14 10 3 2 -23 6 -12 -8 1 10 -3 -10 -20 6 -3 14 8 3 7 6 -3 -13 11 -10
-6 -14 13 13 -22 2 6 0 -12 -4 -15 -12 10 -9 6 -8 4 -26 -12 4 -1 -3 -11 -1 11 -7 7 13 6 19 1 -21 -14 -9 2 -5 11 -5 8 9 14 10 3 2 -23 6 -12 -8 1 10 -3 -10 -20 6 -3 14 8 3 7 6 -3 -13 11 -10
-6 -14 13 13 -22 2 6 0 -12 -4 -15 -12 10 -9 6 -8 4 -26 -12 4 -1 -3 -11 -1 11 -7 7 13 6 19 1 -21 -14 -9 2 -5 11 -5 8 9 14 10 3 2 -23 6 -12 -8 1 10 -3 -10 -20 6 -3 14 8 3 7 6 -3 -13 11 -10
-6 -14 13 13 -22 2 6 0 -12 -4 -15 -12 10 -9 6 -8 4 -26 -12 4 -1 -3 -11 -1 11 -7 7 13 6 19 1 -21 -14 -9 2 -5 11 -5 8 9 14 10 3 2 -23 6 -12 -8 1 10 -3 -10 -20 6 -3 14 8 3 7 6 -3 -13 11 -10
-6 -14 13 13 -22 2 6 0 -12 -4 -15 -12 10 -9 6 -8 4 -26 -12 4 -1 -3 -11 -1 11 -7 7 13 6 19 1 -21 -14 -9 2 -5 11 -5 8 9 14 10 3 2 -23 6 -12 -8 1 10 -3 -10 -20 6 -3 14 8 3 7 6 -3 -13 11 -10
-6 -14 13 13 -22 2 6 0 -12 -4 -15 -12 10 -9 6 -8 4 -26 -12 4 -1 -3 -11 -1 11 -7 7 13 6 19 1 -21 -14 -9 2 -5 11 -5 8 9 14 10 3 2 -23 6 -12 -8 1 10 -3 -10 -20 6 -3 14 8 3 7 6 -3 -13 11 -10
-6 -14 13 13 -22 2 6 0 -12 -4 -15 -12 10 -9 6 -8 4 -26 -12 4 -1 -3 -11 -1 11 -7 7 13 6 19 1 -21 -14 -9 2 -5 11 -5 8 9 14 10 3 2 -23 6 -12 -8 1 10 -3 -10 -20 6 -3 14 8 3 7 6 -3 -13 11 -10
-6 -14 13 13 -22 2 6 0 -12 -4 -15 -12 10 -9 6 -8 4 -26 -12 4 -1 -3 -11 -1 11 -7 7 13 6 19 1 -21 -14 -9 2 -5 11 -5 8 9 14 10 3 2 -23 6 -12 -8 1 10 -3 -10 -20 6 -3 14 8 3 7 6 -3 -13 11 -10
-6 -14 13 13 -22 2 6 0 -12 -4 -15 -12 10 -9 6 -8 4 -26 -12 4 -1 -3 -11 -1 11 -7 7 13 6 19 1 -21 -14 -9 2 -5 11 -5 8 9 14 10 3 2 -23 6 -12 -8 1 10 -3 -10 -20 6 -3 14 8 3 7 6 -3 -13 11 -10
-6 -14 13 13 -22 2 6 0 -12 -4 -15 -12 10 -9 6 -8 4 -26 -12 4 -1 -3 -11 -1 11 -7 7 13 6 19 1 -21 -14 -9 2 -5 11 -5 8 9 14 10 3 2 -23 6 -12 -8 1 10 -3 -10 -20 6 -3 14 8 3 7 6 -3 -13 11 -10
-6 -14 13 13 -22 2 6 0 -12 -4 -15 -12 10 -9 6 -8 4 -26 -12 4 -1 -3 -11 -1 11 -7 7 13 6 19 1 -21 -14 -9 2 -5 11 -5 8 9 14 10 3 2 -23 6 -12 -8 1 10 -3 -10 -20 6 -3 14 8 3 7 6 -3 -13 11 -10
-6 -14 13 13 -22 2 6 0 -12 -4 -15 -12 10 -9 6 -8 4 -26 -12 4 -1 -3 -11 -1 11 -7 7 13 6 19 1 -21 -14 -9 2 -5 11 -5 8 9 14 10 3 2 -23 6 -12 -8 1 10 -3 -10 -20 6 -3 14 8 3 7 6 -3 -13 11 -10
-6 -14 13 13 -22 2 6 0 -12 -4 -15 -12 10 -9 6 -8 4 -26 -12 4 -1 -3 -11 -1 11 -7 7 13 6 19 1 -21 -14 -9 2 -5 11 -5 8 9 14 10 3 2 -23 6 -12 -8 1 10 -3 -10 -20 6 -3 14 8 3 7 6 -3 -13 11 -10
-6 -14 13 13 -22 2 6 0 -12 -4 -15 -12 10 -9 6 -8 4 -26 -12 4 -1 -3 -11 -1 11 -7 7 13 6 19 1 -21 -14 -9 2 -5 11 -5 8 9 14 10 3 2 -23 6 -12 -8 1 10 -3 -10 -20 6 -3 14 8 3 7 6 -3 -13 11 -10
-6 -14 13 13 -22 2 6 0 -12 -4 -15 -12 10 -9 6 -8 4 -26 -12 4 -1 -3 -11 -1 11 -7 7 13 6 19 1 -21 -14 -9 2 -5 11 -5 8 9 14 10 3 2 -23 6 -12 -8 1 10 -3 -10 -20 6 -3 14 8 3 7 6 -3 -13 11 -10
-6 -14 13 13 -22 2 6 0 -12 -4 -15 -12 10 -9 6 -8 4 -26 -12 4 -1 -3 -11 -1 11 -7 7 13 6 19 1 -21 -14 -9 2 -5 11 -5 8 9 14 10 3 2 -23 6 -12 -8 1 10 -3 -10 -20 6 -3 14 8 3 7 6 -3 -13 11 -10
-6 -14 13 13 -22 2 6 0 -12 -4 -15 -12 10 -9 6 -8 4 -26 -12 4 -1 -3 -11 -1 11 -7 7 13 6 19 1 -21 -14 -9 2 -5 11 -5 8 9 14 10 3 2 -23 6 -12 -8 1 10 -3 -10 -20 6 -3 14 8 3 7 6 -3 -13 11 -10
-6 -14 13 13 -22 2 6 0 -12 -4 -15 -12 10 -9 6 -8 4 -26 -12 4 -1 -3 -11 -1 11 -7 7 13 6 19 1 -21 -14 -9 2 -5 11 -5 8 9 14 10 3 2 -23 6 -12 -8 1 10 -3 -10 -20 6 -3 14 8 3 7 6 -3 -13 11 -10
-6 -14 13 13 -22 2 6 0 -12 -4 -15 -12 10 -9 6 -8 4 -26 -12 4 -1 -3 -11 -1 11 -7 7 13 6 19 1 -21 -14 -9 2 -5 11 -5 8 9 14 10 3 2 -23 6 -12 -8 1 10 -3 -10 -20 6 -3 14 8 3 7 6 -3 -13 11 -10
-6 -14 13 13 -22 2 6 0 -12 -4 -15 -12 10 -9 6 -8 4 -26 -12 4 -1 -3 -11 -1 11 -7 7 13 6 19 1 -21 -14 -9 2 -5 11 -5 8 9 14 10 3 2 -23 6 -12 -8 1 10 -3 -10 -20 6 -3 14 8 3 7 6 -3 -13 11 -10
-6 -14 13 13 -22 2 6 0 -12 -4 -15 -12 10 -9 6 -8 4 -26 -12 4 -1 -3 -11 -1 11 -7 7 13 6 19 1 -21 -14 -9 2 -5 11 -5 8 9 14 10 3 2 -23 6 -12 -8 1 10 -3 -10 -20 6 -3 14 8 3 7 6 -3 -13 11 -10
-6 -14 13 13 -22 2 6 0 -12 -4 -15 -12 10 -9 6 -8 4 -26 -12 4 -1 -3 -11 -1 11 -7 7 13 6 19 1 -21 -14 -9 2 -5 11 -5 8 9 14 10 3 2 -23 6 -12 -8 1 10 -3 -10 -20 6 -3 14 8 3 7 6 -3 -13 11 -10
-6 -14 13 13 -22 2 6 0 -12 -4 -15 -12 10 -9 6 -8 4 -26 -12 4 -1 -3 -11 -1 11 -7 7 13 6 19 1 -21 -14 -9 2 -5 11 -5 8 9 14 10 3 2 -23 6 -12 -8 1 10 -3 -10 -20 6 -3 14 8 3 7 6 -3 -13 11 -10
-6 -14 13 13 -22 2 6 0 -12 -4 -15 -12 10 -9 6 -8 4 -26 -12 4 -1 -3 -11 -1 11 -7 7 13 6 19 1 -21 -14 -9 2 -5 11 -5 8 9 14 10 3 2 -23 6 -12 -8 1 10 -3 -10 -20 6 -3 14 8 3 7 6 -3 -13 11 -10
-6 -14 13 13 -22 2 6 0 -12 -4 -15 -12 10 -9 6 -8 4 -26 -12 4 -1 -3 -11 -1 11 -7 7 13 6 19 1 -21 -14 -9 2 -5 11 -5 8 9 14 10 3 2 -23 6 -12 -8 1 10 -3 -10 -20 6 -3 14 8 3 7 6 -3 -13 11 -10
-6 -14 13 13 -22 2 6 0 -12 -4 -15 -12 10 -9 6 -8 4 -26 -12 4 -1 -3 -11 -1 11 -7 7 13 6 19 1 -21 -14 -9 2 -5 11 -5 8 9 14 10 3 2 -23 6 -12 -8 1 10 -3 -10 -20 6 -3 14 8 3 7 6 -3 -13 11 -10
-6 -14 13 13 -22 2 6 0 -12 -4 -15 -12 10 -9 6 -8 4 -26 -12 4 -1 -3 -11 -1 11 -7 7 13 6 19 1 -21 -14 -9 2 -5 11 -5 8 9 14 10 3 2 -23 6 -12 -8 1 10 -3 -10 -20 6 -3 14 8 3 7 6 -3 -13 11 -10
-6 -14 13 13 -22 2 6 0 -12 -4 -15 -12 10 -9 6 -8 4 -26 -12 4 -1 -3 -11 -1 11 -7 7 13 6 19 1 -21 -14 -9 2 -5 11 -5 8 9 14 10 3 2 -23 6 -12 -8 1 10 -3 -10 -20 6 -3 14 8 3 7 6 -3 -13 11 -10
-6 -14 13 13 -22 2 6 0 -12 -4 -15 -12 10 -9 6 -8 4 -26 -12 4 -1 -3 -11 -1 11 -7 7 13 6 19 1 -21 -14 -9 2 -5 11 -5 8 9 14 10 3 2 -23 6 -12 -8 1 10 -3 -10 -20 6 -3 14 8 3 7 6 -3 -13 11 -10
-6 -14 13 13 -22 2 6 0 -12 -4 -15 -12 10 -9 6 -8 4 -26 -12 4 -1 -3 -11 -1 11 -7 7 13 6 19 1 -21 -14 -9 2 -5 11 -5 8 9 14 10 3 2 -23 6 -12 -8 1 10 -3 -10 -20 6 -3 14 8 3 7 6 -3 -13 11 -10
-6 -14 13 13 -22 2 6 0 -12 -4 -15 -12 10 -9 6 -8 4 -26 -12 4 -1 -3 -11 -1 11 -7 7 13 6 19 1 -21 -14 -9 2 -5 11 -5 8 9 14 10 3 2 -23 6 -12 -8 1 10 -3 -10 -20 6 -3 14 8 3 7 6 -3 -13 11 -10
-6 -14 13 13 -22 2 6 0 -12 -4 -15 -12 10 -9 6 -8 4 -26 -12 4 -1 -3 -11 -1 11 -7 7 13 6 19 1 -21 -14 -9 2 -5 11 -5 8 9 14 10 3 2 -23 6 -12 -8 1 10 -3 -10 -20 6 -3 14 8 3 7 6 -3 -13 11 -10
-6 -14 13 13 -22 2 6 0 -12 -4 -15 -12 10 -9 6 -8 4 -26 -12 4 -1 -3 -11 -1 11 -7 7 13 6 19 1 -21 -14 -9 2 -5 11 -5 8 9 14 10 3 2 -23 6 -12 -8 1 10 -3 -10 -20 6 -3 14 8 3 7 6 -3 -13 11 -10
-6 -14 13 13 -22 2 6 0 -12 -4 -15 -12 10 -9 6 -8 4 -26 -12 4 -1 -3 -11 -1 11 -7 7 13 6 19 1 -21 -14 -9 2 -5 11 -5 8 9 14 10 3 2 -23 6 -12 -8 1 10 -3 -10 -20 6 -3 14 8 3 7 6 -3 -13 11 -10
-6 -14 13 13 -22 2 6 0 -12 -4 -15 -12 10 -9 6 -8 4 -26 -12 4 -1 -3 -11 -1 11 -7 7 13 6 19 1 -21 -14 -9 2 -5 11 -5 8 9 14 10 3 2 -23 6 -12 -8 1 10 -3 -10 -20 6 -3 14 8 3 7 6 -3 -13 11 -10
-6 -14 13 13 -22 2 6 0 -12 -4 -15 -12 10 -9 6 -8 4 -26 -12 4 -1 -3 -11 -1 11 -7 7 13 6 19 1 -21 -14 -9 2 -5 11 -5 8 9 14 10 3 2 -23 6 -12 -8 1 10 -3 -10 -20 6 -3 14 8 3 7 6 -3 -13 11 -10
-6 -14 13 13 -22 2 6 0 -12 -4 -15 -12 10 -9 6 -8 4 -26 -12 4 -1 -3 -11 -1 11 -7 7 13 6 19 1 -21 -14 -9 2 -5 11 -5 8 9 14 10 3 2 -23 6 -12 -8 1 10 -3 -10 -20 6 -3 14 8 3 7 6 -3 -13 11 -10
-6 -14 13 13 -22 2 6 0 -12 -4 -15 -12 10 -9 6 -8 4 -26 -12 4 -1 -3 -11 -1 11 -7 7 13 6 19 1 -21 -14 -9 2 -5 11 -5 8 9 14 10 3 2 -23 6 -12 -8 1 10 -3 -10 -20 6 -3 14 8 3 7 6 -3 -13 11 -10
-6 -14 13 13 -22 2 6 0 -12 -4 -15 -12 10 -9 6 -8 4 -26 -12 4 -1 -3 -11 -1 11 -7 7 13 6 19 1 -21 -14 -9 2 -5 11 -5 8 9 14 10 3 2 -23 6 -12 -8 1 10 -3 -10 -20 6 -3 14 8 3 7 6 -3 -13 11 -10
-6 -14 13 13 -22 2 6 0 -12 -4 -15 -12 10 -9 6 -8 4 -26 -12 4 -1 -3 -11 -1 11 -7 7 13 6 19 1 -21 -14 -9 2 -5 11 -5 8 9 14 10 3 2 -23 6 -12 -8 1 10 -3 -10 -20 6 -3 14 8 3 7 6 -3 -13 11 -10
-6 -14 13 13 -22 2 6 0 -12 -4 -15 -12 10 -9 6 -8 4 -26 -12 4 -1 -3 -11 -1 11 -7 7 13 6 19 1 -21 -14 -9 2 -5 11 -5 8 9 14 10 3 2 -23 6 -12 -8 1 10 -3 -10 -20 6 -3 14 8 3 7 6 -3 -13 11 -10
-6 -14 13 13 -22 2 6 0 -12 -4 -15 -12 10 -9 6 -8 4 -26 -12 4 -1 -3 -11 -1 11 -7 7 13 6 19 1 -21 -14 -9 2 -5 11 -5 8 9 14 10 3 2 -23 6 -12 -8 1 10 -3 -10 -20 6 -3 14 8 3 7 6 -3 -13 11 -10
-6 -14 13 13 -22 2 6 0 -12 -4 -15 -12 10 -9 6 -8 4 -26 -12 4 -1 -3 -11 -1 11 -7 7 13 6 19 1 -21 -14 -9 2 -5 11 -5 8 9 14 10 3 2 -23 6 -12 -8 1 10 -3 -10 -20 6 -3 14 8 3 7 6 -3 -13 11 -10
-6 -14 13 13 -22 2 6 0 -12 -4 -15 -12 10 -9 6 -8 4 -26 -12 4 -1 -3 -11 -1 11 -7 7 13 6 19 1 -21 -14 -9 2 -5 11 -5 8 9 14 10 3 2 -23 6 -12 -8 1 10 -3 -10 -20 6 -3 14 8 3 7 6 -3 -13 11 -10
-6 -14 13 13 -22 2 6 0 -12 -4 -15 -12 10 -9 6 -8 4 -26 -12 4 -1 -3 -11 -1 11 -7 7 13 6 19 1 -21 -14 -9 2 -5 11 -5 8 9 14 10 3 2 -23 6 -12 -8 1 10 -3 -10 -20 6 -3 14 8 3 7 6 -3 -13 11 -10
-6 -14 13 13 -22 2 6 0 -12 -4 -15 -12 10 -9 6 -8 4 -26 -12 4 -1 -3 -11 -1 11 -7 7 13 6 19 1 -21 -14 -9 2 -5 11 -5 8 9 14 10 3 2 -23 6 -12 -8 1 10 -3 -10 -20 6 -3 14 8 3 7 6 -3 -13 11 -10
-6 -14 13 13 -22 2 6 0 -12 -4 -15 -12 10 -9 6 -8 4 -26 -12 4 -1 -3 -11 -1 11 -7 7 13 6 19 1 -21 -14 -9 2 -5 11 -5 8 9 14 10 3 2 -23 6 -12 -8 1 10 -3 -10 -20 6 -3 14 8 3 7 6 -3 -13 11 -10
-6 -14 13 13 -22 2 6 0 -12 -4 -15 -12 10 -9 6 -8 4 -26 -12 4 -1 -3 -11 -1 11 -7 7 13 6 19 1 -21 -14 -9 2 -5 11 -5 8 9 14 10 3 2 -23 6 -12 -8 1 10 -3 -10 -20 6 -3 14 8 3 7 6 -3 -13 11 -10
-6 -14 13 13 -22 2 6 0 -12 -4 -15 -12 10 -9 6 -8 4 -26 -12 4 -1 -3 -11 -1 11 -7 7 13 6 19 1 -21 -14 -9 2 -5 11 -5 8 9 14 10 3 2 -23 6 -12 -8 1 10 -3 -10 -20 6 -3 14 8 3 7 6 -3 -13 11 -10
-6 -14 13 13 -22 2 6 0 -12 -4 -15 -12 10 -9 6 -8 4 -26 -12 4 -1 -3 -11 -1 11 -7 7 13 6 19 1 -21 -14 -9 2 -5 11 -5 8 9 14 10 3 2 -23 6 -12 -8 1 10 -3 -10 -20 6 -3 14 8 3 7 6 -3 -13 11 -10
-6 -14 13 13 -22 2 6 0 -12 -4 -15 -12 10 -9 6 -8 4 -26 -12 4 -1 -3 -11 -1 11 -7 7 13 6 19 1 -21 -14 -9 2 -5 11 -5 8 9 14 10 3 2 -23 6 -12 -8 1 10 -3 -10 -20 6 -3 14 8 3 7 6 -3 -13 11 -10
-6 -14 13 13 -22 2 6 0 -12 -4 -15 -12 10 -9 6 -8 4 -26 -12 4 -1 -3 -11 -1 11 -7 7 13 6 19 1 -21 -14 -9 2 -5 11 -5 8 9 14 10 3 2 -23 6 -12 -8 1 10 -3 -10 -20 6 -3 14 8 3 7 6 -3 -13 11 -10
-6 -14 13 13 -22 2 6 0 -12 -4 -15 -12 10 -9 6 -8 4 -26 -12 4 -1 -3 -11 -1 11 -7 7 13 6 19 1 -21 -14 -9 2 -5 11 -5 8 9 14 10 3 2 -23 6 -12 -8 1 10 -3 -10 -20 6 -3 14 8 3 7 6 -3 -13 11 -10
-6 -14 13 13 -22 2 6 0 -12 -4 -15 -12 10 -9 6 -8 4 -26 -12 4 -1 -3 -11 -1 11 -7 7 13 6 19 1 -21 -14 -9 2 -5 11 -5 8 9 14 10 3 2 -23 6 -12 -8 1 10 -3 -10 -20 6 -3 14 8 3 7 6 -3 -13 11 -10
-6 -14 13 13 -22 2 6 0 -12 -4 -15 -12 10 -9 6 -8 4 -26 -12 4 -1 -3 -11 -1 11 -7 7 13 6 19 1 -21 -14 -9 2 -5 11 -5 8 9 14 10 3 2 -23 6 -12 -8 1 10 -3 -10 -20 6 -3 14 8 3 7 6 -3 -13 11 -10
-6 -14 13 13 -22 2 6 0 -12 -4 -15 -12 10 -9 6 -8 4 -26 -12 4 -1 -3 -11 -1 11 -7 7 13 6 19 1 -21 -14 -9 2 -5 11 -5 8 9 14 10 3 2 -23 6 -12 -8 1 10 -3 -10 -20 6 -3 14 8 3 7 6 -3 -13 11 -10
-6 -14 13 13 -22 2 6 0 -12 -4 -15 -12 10 -9 6 -8 4 -26 -12 4 -1 -3 -11 -1 11 -7 7 13 6 19 1 -21 -14 -9 2 -5 11 -5 8 9 14 10 3 2 -23 6 -12 -8 1 10 -3 -10 -20 6 -3 14 8 3 7 6 -3 -13 11 -10
-6 -14 13 13 -22 2 6 0 -12 -4 -15 -12 10 -9 6 -8 4 -26 -12 4 -1 -3 -11 -1 11 -7 7 13 6 19 1 -21 -14 -9 2 -5 11 -5 8 9 14 10 3 2 -23 6 -12 -8 1 10 -3 -10 -20 6 -3 14 8 3 7 6 -3 -13 11 -10
-6 -14 13 13 -22 2 6 0 -12 -4 -15 -12 10 -9 6 -8 4 -26 -12 4 -1 -3 -11 -1 11 -7 7 13 6 19 1 -21 -14 -9 2 -5 11 -5 8 9 14 10 3 2 -23 6 -12 -8 1 10 -3 -10 -20 6 -3 14 8 3 7 6 -3 -13 11 -10
-6 -14 13 13 -22 2 6 0 -12 -4 -15 -12 10 -9 6 -8 4 -26 -12 4 -1 -3 -11 -1 11 -7 7 13 6 19 1 -21 -14 -9 2 -5 11 -5 8 9 14 10 3 2 -23 6 -12 -8 1 10 -3 -10 -20 6 -3 14 8 3 7 6 -3 -13 11 -10
-6 -14 13 13 -22 2 6 0 -12 -4 -15 -12 10 -9 6 -8 4 -26 -12 4 -1 -3 -11 -1 11 -7 7 13 6 19 1 -21 -14 -9 2 -5 11 -5 8 9 14 10 3 2 -23 6 -12 -8 1 10 -3 -10 -20 6 -3 14 8 3 7 6 -3 -13 11 -10
-6 -14 13 13 -22 2 6 0 -12 -4 -15 -12 10 -9 6 -8 4 -26 -12 4 -1 -3 -11 -1 11 -7 7 13 6 19 1 -21 -14 -9 2 -5 11 -5 8 9 14 10 3 2 -23 6 -12 -8 1 10 -3 -10 -20 6 -3 14 8 3 7 6 -3 -13 11 -10
-6 -14 13 13 -22 2 6 0 -12 -4 -15 -12 10 -9 6 -8 4 -26 -12 4 -1 -3 -11 -1 11 -7 7 13 6 19 1 -21 -14 -9 2 -5 11 -5 8 9 14 10 3 2 -23 6 -12 -8 1 10 -3 -10 -20 6 -3 14 8 3 7 6 -3 -13 11 -10
-6 -14 13 13 -22 2 6 0 -12 -4 -15 -12 10 -9 6 -8 4 -26 -12 4 -1 -3 -11 -1 11 -7 7 13 6 19 1 -21 -14 -9 2 -5 11 -5 8 9 14 10 3 2 -23 6 -12 -8 1 10 -3 -10 -20 6 -3 14 8 3 7 6 -3 -13 11 -10
