-4 3 -2 -3 1 11 2 -3 -5 7 -17 -1 4 -2 1 -14 -8 -5 -5 -13 -2 -7 -5 15 -4 -7 2 10 -5 13 -3 3 -6 9 -1 -2 2 1 12 -1 -7 14 -16 -7 8 -1 -5 -20 -1 -2 0 4 18 3 -4 -2 17 9 3 3 1 6 -3 -15
-12 10 -10 -13 15 4 8 -6 -3 8 -13 5 8 7 5 -18 3 9 -6 -13 -3 3 0 10 -6 -15 2 -1 -4 5 8 -6 -17 14 2 -3 -5 2 13 -2 -1 7 0 2 17 -9 -10 1 -1 -9 14 1 12 10 -7 -8 17 6 12 6 5 0 -10 -18
-12 4 -10 -5 19 6 9 -8 -4 10 -14 4 13 1 -1 -19 2 8 -6 -14 -1 -2 3 9 4 -9 8 1 -4 15 7 -3 -12 15 4 -8 -2 5 9 -3 -6 12 -2 -3 18 -5 -8 7 -3 -4 12 11 8 15 -3 -7 18 1 11 -1 12 7 -10 -17
-9 6 -6 -3 15 9 7 -5 -2 5 -14 3 10 1 2 -12 -1 10 -9 -9 -3 -1 1 10 2 -15 5 8 -6 7 2 -1 -11 16 6 -3 -3 7 13 -4 -1 15 -1 2 20 2 -2 -4 1 0 5 2 8 14 -6 -3 21 -5 12 0 2 10 -10 -12
-12 9 -7 0 16 12 -1 -4 1 6 -19 -2 15 -4 -4 -13 1 8 -12 -5 -7 -5 9 16 3 -17 3 12 -1 6 5 -2 -13 14 9 0 -4 10 14 -4 -7 18 -7 1 18 5 -3 1 -5 -3 2 4 6 22 -3 -16 24 -6 12 4 8 9 -12 -11
-12 8 -7 -1 9 12 8 -5 -9 13 -16 5 8 -2 -2 -12 1 10 -3 -2 -6 -10 3 11 5 -13 6 4 0 12 2 6 -14 14 5 1 -5 5 10 -4 -10 11 -6 -2 18 3 0 3 -9 -4 4 2 11 11 -19 -9 23 -8 10 6 8 10 -6 -10
-13 3 -7 4 9 12 2 -3 -13 12 -16 -6 4 -7 -6 -10 -8 12 -6 -6 -1 -5 4 6 4 -16 9 7 -7 9 4 5 -15 17 2 2 0 4 9 -4 -5 13 -4 -4 19 5 -8 1 1 -1 5 6 11 9 -5 -7 19 -5 9 4 6 7 -9 -13
-12 9 -10 -3 16 10 7 -8 -6 9 -10 5 11 -4 -8 -7 1 15 -6 -9 -4 -10 4 9 7 -9 7 1 -6 8 1 8 -7 14 5 -3 1 7 12 -8 -3 9 -11 0 14 4 -5 0 -5 -4 4 1 13 13 -12 -6 22 1 10 3 5 9 -2 -13
-8 5 -5 3 15 7 7 -1 -5 8 -16 -1 9 -6 -6 -16 6 5 -11 -5 -1 -11 4 12 4 -13 4 6 -6 8 4 5 -10 15 6 2 -4 9 6 -6 -5 16 -2 2 16 -5 -9 -3 -4 -10 7 -5 8 16 -7 -8 16 -6 17 1 8 9 -7 -19
-12 18 0 -8 15 7 10 -3 -11 11 -15 -3 -1 0 -15 -1 19 11 2 -10 10 -4 -1 24 4 -6 6 -3 -11 29 0 -18 -6 3 1 -9 -10 -3 8 -2 -3 4 -9 -12 6 9 -4 16 -4 -1 25 12 4 25 0 -16 20 0 23 -8 18 0 5 -17
-11 4 -7 6 17 2 6 -1 -7 5 -16 -2 5 5 0 -9 -4 1 -9 -5 -1 -9 5 9 0 -16 3 3 -3 10 1 1 -14 9 11 -2 -1 5 11 -1 -6 11 -1 3 15 -1 -9 0 -3 -4 7 4 3 12 -4 -3 20 -2 17 2 3 5 -10 -19
-11 -3 -7 -2 17 15 1 -1 -6 10 -16 5 11 -2 -4 -11 9 14 -6 -3 -1 -9 8 6 5 -7 9 2 -2 4 5 1 -18 18 5 -1 -2 6 12 -7 -4 14 -10 3 13 0 -8 6 -7 -3 5 9 9 8 -12 0 25 -8 15 1 15 18 -16 -13
-11 2 -5 -8 15 9 3 -6 -2 11 -17 0 8 3 1 -9 1 10 -9 -2 -1 -4 6 10 -4 -11 4 0 -2 8 7 -3 -15 18 3 -2 -2 8 13 -1 -8 13 -4 5 15 -3 -6 -2 1 -8 8 0 8 15 -2 -8 21 -9 8 0 4 8 -6 -10
-11 7 -2 -6 10 16 4 -3 -1 14 -16 -2 10 -4 -6 -10 -2 7 -9 -4 -8 -12 9 7 4 -16 7 5 -8 15 6 3 -14 10 6 -6 -6 10 13 -8 -2 11 -9 -5 12 -4 -3 4 -7 1 8 7 8 17 -4 -9 24 -6 15 0 15 18 -13 -14
-16 9 4 -10 11 12 6 0 -12 17 -19 -2 5 -3 0 -5 15 8 -11 -10 4 0 6 16 -2 -10 6 -1 -3 20 10 -8 -9 14 2 -1 -7 3 5 -6 -7 6 -8 3 11 -1 -6 0 -2 -8 28 5 2 22 0 -10 26 -1 16 -1 15 6 -5 -21
-14 4 -6 -5 10 10 4 -4 0 9 -14 4 15 0 0 -9 2 13 -4 -3 -4 0 6 2 4 -13 8 -1 1 11 4 -4 -17 21 9 1 -7 7 9 -2 -1 11 -6 6 9 -3 -6 -3 1 1 16 -2 8 15 -7 -5 20 -5 15 1 9 10 -6 -13
-13 6 -15 -6 9 9 5 -11 -6 5 -17 1 6 1 -5 -8 0 6 -1 -7 0 -12 13 11 5 -6 4 6 -7 6 2 -5 -16 15 4 0 1 6 14 -3 -1 15 -9 8 15 6 -6 4 -10 -7 12 3 2 12 -9 -5 21 -1 14 -6 8 8 -12 -12
-11 2 -4 -2 10 6 9 -5 -1 7 -19 3 7 3 -1 -11 3 4 -6 -7 -8 -2 4 5 -1 -13 8 8 -7 9 8 -6 -15 16 5 -2 -8 6 10 -6 -5 13 1 0 13 -2 -4 -4 0 -5 9 -2 9 14 -1 -11 22 -3 13 -3 -1 11 -12 -16
-15 8 -2 -2 11 10 3 -4 -3 5 -17 5 5 2 -3 -15 3 5 -6 0 -7 -8 7 10 1 -15 6 2 -6 13 7 -8 -18 16 6 3 3 7 14 -3 -4 8 -3 3 16 -4 -1 2 -7 4 6 4 5 16 -9 -11 23 1 14 3 7 12 -11 -14
-9 5 -15 -2 11 9 7 -1 -9 14 -18 4 7 5 -2 -14 0 3 -4 -8 1 -6 11 8 -1 -9 4 8 -5 14 6 -3 -12 16 0 -3 1 10 18 -9 -1 15 -9 7 16 5 -2 7 -3 1 5 4 6 15 -10 -11 21 -5 16 0 6 12 -8 -13
-10 5 -7 -7 15 12 4 -4 -6 8 -19 -1 3 1 -1 -12 3 3 -2 -3 -3 -5 4 2 2 -9 10 2 -8 15 4 -4 -13 13 3 -4 1 3 15 -1 -2 9 -3 0 13 0 -6 -1 -2 1 7 3 7 15 -7 -1 20 -8 14 3 11 12 -8 -13
-15 5 -3 -14 11 -2 9 -5 -10 14 -21 10 -4 13 -7 -8 21 7 6 -18 7 7 18 8 1 0 9 -10 -8 24 2 -9 -7 11 -2 -2 -7 18 4 -9 -4 16 -11 -10 7 7 0 7 -4 -9 24 2 1 11 0 -9 18 -12 26 -4 21 15 3 -18
-8 -7 3 -5 6 1 -3 -6 -2 3 -9 0 0 3 -6 -7 2 -2 -9 -5 -12 -5 3 9 0 -12 0 5 -7 8 -1 0 -10 10 4 -2 2 1 12 2 3 11 -5 4 6 0 -2 -15 0 -4 6 4 12 6 -2 -2 11 -2 5 0 4 8 -4 -12
-11 8 0 -9 8 7 7 1 -12 9 -19 -3 13 5 0 -14 1 -2 -10 -10 -5 -10 3 11 -4 -9 7 4 -3 7 7 6 -9 9 -6 -6 -4 6 12 -2 -12 16 -2 -1 8 -2 -19 -8 -1 -6 8 1 13 5 -10 -1 14 3 20 2 4 9 -11 -19
-6 13 6 -11 14 -5 -2 1 -16 10 -17 0 12 -2 -8 -15 5 6 -12 -10 3 -11 9 8 -1 -5 -9 9 1 10 -4 4 -7 10 -5 -3 -4 5 8 -1 -3 5 -4 -1 18 -1 -17 5 -3 2 11 11 9 12 4 -19 15 3 28 -3 4 6 -4 -19
-11 5 -3 -10 16 9 6 0 -8 6 -16 -1 11 4 -2 -10 3 3 -5 -4 -3 -1 4 6 0 -13 4 3 -7 11 4 0 -14 9 4 -1 -5 4 12 -2 -8 12 1 5 17 -3 -7 -2 -2 -4 9 3 11 11 -4 -8 19 -1 13 -1 5 13 -7 -21
-12 4 -3 -2 10 10 5 4 -4 7 -15 -7 15 -4 -2 -8 -2 2 -7 -8 -7 -7 13 14 0 -17 10 11 -1 14 3 5 -12 12 15 1 -7 10 6 -5 -9 15 -8 0 19 9 -9 0 -5 -4 6 2 5 14 -4 -13 22 -7 17 -2 7 11 -10 -18
-13 3 1 -8 13 11 9 -2 -4 2 -15 8 7 -5 -2 -13 2 7 0 -4 -5 -3 8 4 3 -9 8 6 5 11 1 8 -12 20 7 0 -9 3 8 -3 -11 10 -7 0 25 1 2 1 -11 -3 9 5 13 13 -13 -1 21 -4 14 1 10 16 -9 -13
-14 1 0 -2 12 8 2 1 -10 9 -15 -2 8 -1 -11 -14 -4 6 -2 -10 -4 -8 7 4 7 -14 9 4 -10 14 3 9 -12 16 5 2 0 2 5 -4 -5 13 -4 -3 18 3 -8 4 2 1 12 4 12 8 -8 -6 24 -4 13 -1 10 13 -11 -15
-12 7 -9 -7 15 6 5 -2 -10 11 -11 2 16 -5 -6 -14 1 6 -8 -11 -5 -12 8 11 3 -15 4 -2 -7 14 4 7 -16 14 10 -4 -5 8 10 -5 -3 10 -1 0 13 2 -8 4 -5 -3 9 2 12 13 -13 -11 16 -1 12 5 4 9 -7 -13
-11 6 -3 -3 11 10 5 -4 -1 8 -18 -3 14 0 -4 -11 2 3 -11 -6 -2 -9 5 4 -2 -15 4 9 -6 11 4 4 -14 11 2 -1 -7 12 8 -1 -6 10 -3 2 18 -4 -8 0 -5 -3 9 4 10 14 -8 -11 19 -1 13 -2 3 8 -4 -21
-7 5 -7 -1 16 6 9 -2 -1 10 -15 -7 15 0 0 -10 0 2 -10 -7 -1 -5 7 3 4 -14 2 0 -7 11 1 4 -16 9 8 -1 -5 6 10 -3 -4 14 0 0 18 -4 -9 -7 -3 0 9 1 9 10 -8 -9 14 -1 15 3 2 6 -5 -24
-13 0 -2 -5 20 10 2 4 -6 11 -16 2 6 -2 -2 -9 8 10 -6 -5 1 -10 6 3 3 -7 2 5 -5 15 -2 4 -21 12 10 1 -8 13 14 -5 -5 18 -6 0 14 3 -7 3 -4 1 -3 5 6 10 -12 -5 20 -6 16 -2 5 14 -8 -12
-13 8 -6 -9 14 6 5 3 -3 10 -12 4 13 2 -1 -9 0 9 -11 -5 -3 -2 5 4 1 -14 10 -2 -5 12 5 2 -11 15 6 -3 -4 7 7 -5 -7 7 3 2 13 -2 -4 -6 -4 -1 11 1 9 19 -6 -1 21 -1 9 -3 3 13 -13 -18
-14 10 -9 -5 12 7 4 -3 -8 5 -16 0 12 4 -6 -14 2 8 -4 -9 -3 -11 7 9 5 -9 0 4 -4 6 4 -2 -17 14 7 -3 -1 8 10 -1 -4 15 -5 5 16 3 -9 0 -8 -4 8 1 3 11 -7 -8 21 2 14 -3 3 11 -8 -19
-14 6 -1 -6 13 8 5 0 -1 7 -9 -1 9 0 2 -11 2 5 -5 -7 -6 -3 5 6 -3 -17 5 8 -8 9 6 0 -14 13 7 1 -12 4 13 -1 -7 12 -3 2 16 1 -2 -3 1 1 5 0 12 14 -2 -12 17 -3 14 0 1 12 -9 -16
-13 8 -11 -5 13 7 5 -3 -4 8 -17 4 8 1 0 -16 3 3 -5 -6 1 -10 10 4 5 -14 2 2 -6 14 8 0 -17 12 6 0 0 4 10 0 -9 13 -5 3 18 -3 0 -2 -10 2 4 2 6 14 -11 -11 20 1 15 -6 6 8 -8 -18
-10 1 -10 -2 8 12 11 4 -6 12 -17 2 10 7 3 -14 -4 4 -5 -11 0 -8 13 8 0 -11 5 5 -11 13 9 2 -13 13 4 -3 1 10 14 -8 -2 14 -6 1 17 1 1 4 -7 1 9 9 9 17 -11 -8 22 -2 19 0 5 12 -6 -15
-11 0 -4 -7 14 10 3 -4 -7 12 -14 3 10 0 2 -17 -2 6 -4 -10 -2 -6 9 4 6 -8 6 1 -4 16 3 4 -19 15 12 2 -7 7 13 -2 -4 9 -4 0 16 -2 -5 -1 -7 3 9 4 9 17 -9 -10 23 -1 11 1 8 14 -5 -14
-20 7 -1 -6 11 8 1 -4 -10 17 -17 8 -1 7 -3 -11 9 8 -8 -15 1 5 14 6 7 -2 1 -3 -7 24 -1 -1 -13 15 -2 -12 -4 16 7 -4 -10 12 -6 -10 13 2 -7 -2 -3 -2 19 2 7 15 -2 -9 14 -3 23 -6 17 18 -2 -22
-6 -6 4 -6 4 2 -1 -8 -3 2 -8 -1 1 4 -5 -9 0 -2 -11 -4 -9 0 2 12 -1 -8 2 6 -5 8 -1 -1 -10 7 2 2 0 1 7 -4 0 7 -5 5 6 0 -2 -15 2 -3 4 0 7 5 -3 -1 12 -2 4 2 3 9 -3 -13
-10 9 -3 -17 10 13 -3 0 -14 11 -23 -3 4 -7 -9 -20 -2 3 -20 -14 -21 -13 -8 28 -6 -7 -2 16 -11 11 9 -2 -9 16 -3 -6 -3 10 7 2 -19 18 -9 -6 10 -8 -16 -31 0 -5 9 3 8 16 -10 -2 21 6 18 7 5 11 -23 -28
-10 9 -3 -17 10 13 -3 0 -14 11 -23 -3 4 -7 -9 -20 -2 3 -20 -14 -21 -13 -8 28 -6 -7 -2 16 -11 11 9 -2 -9 16 -3 -6 -3 10 7 2 -19 18 -9 -6 10 -8 -16 -31 0 -5 9 3 8 16 -10 -2 21 6 18 7 5 11 -23 -28
-10 9 -3 -17 10 13 -3 0 -14 11 -23 -3 4 -7 -9 -20 -2 3 -20 -14 -21 -13 -8 28 -6 -7 -2 16 -11 11 9 -2 -9 16 -3 -6 -3 10 7 2 -19 18 -9 -6 10 -8 -16 -31 0 -5 9 3 8 16 -10 -2 21 6 18 7 5 11 -23 -28
-10 9 -3 -17 10 13 -3 0 -14 11 -23 -3 4 -7 -9 -20 -2 3 -20 -14 -21 -13 -8 28 -6 -7 -2 16 -11 11 9 -2 -9 16 -3 -6 -3 10 7 2 -19 18 -9 -6 10 -8 -16 -31 0 -5 9 3 8 16 -10 -2 21 6 18 7 5 11 -23 -28
-10 9 -3 -17 10 13 -3 0 -14 11 -23 -3 4 -7 -9 -20 -2 3 -20 -14 -21 -13 -8 28 -6 -7 -2 16 -11 11 9 -2 -9 16 -3 -6 -3 10 7 2 -19 18 -9 -6 10 -8 -16 -31 0 -5 9 3 8 16 -10 -2 21 6 18 7 5 11 -23 -28
-10 9 -3 -17 10 13 -3 0 -14 11 -23 -3 4 -7 -9 -20 -2 3 -20 -14 -21 -13 -8 28 -6 -7 -2 16 -11 11 9 -2 -9 16 -3 -6 -3 10 7 2 -19 18 -9 -6 10 -8 -16 -31 0 -5 9 3 8 16 -10 -2 21 6 18 7 5 11 -23 -28
-10 9 -3 -17 10 13 -3 0 -14 11 -23 -3 4 -7 -9 -20 -2 3 -20 -14 -21 -13 -8 28 -6 -7 -2 16 -11 11 9 -2 -9 16 -3 -6 -3 10 7 2 -19 18 -9 -6 10 -8 -16 -31 0 -5 9 3 8 16 -10 -2 21 6 18 7 5 11 -23 -28
-10 9 -3 -17 10 13 -3 0 -14 11 -23 -3 4 -7 -9 -20 -2 3 -20 -14 -21 -13 -8 28 -6 -7 -2 16 -11 11 9 -2 -9 16 -3 -6 -3 10 7 2 -19 18 -9 -6 10 -8 -16 -31 0 -5 9 3 8 16 -10 -2 21 6 18 7 5 11 -23 -28
-10 9 -3 -17 10 13 -3 0 -14 11 -23 -3 4 -7 -9 -20 -2 3 -20 -14 -21 -13 -8 28 -6 -7 -2 16 -11 11 9 -2 -9 16 -3 -6 -3 10 7 2 -19 18 -9 -6 10 -8 -16 -31 0 -5 9 3 8 16 -10 -2 21 6 18 7 5 11 -23 -28
-10 9 -3 -17 10 13 -3 0 -14 11 -23 -3 4 -7 -9 -20 -2 3 -20 -14 -21 -13 -8 28 -6 -7 -2 16 -11 11 9 -2 -9 16 -3 -6 -3 10 7 2 -19 18 -9 -6 10 -8 -16 -31 0 -5 9 3 8 16 -10 -2 21 6 18 7 5 11 -23 -28
-10 9 -3 -17 10 13 -3 0 -14 11 -23 -3 4 -7 -9 -20 -2 3 -20 -14 -21 -13 -8 28 -6 -7 -2 16 -11 11 9 -2 -9 16 -3 -6 -3 10 7 2 -19 18 -9 -6 10 -8 -16 -31 0 -5 9 3 8 16 -10 -2 21 6 18 7 5 11 -23 -28
-10 9 -3 -17 10 13 -3 0 -14 11 -23 -3 4 -7 -9 -20 -2 3 -20 -14 -21 -13 -8 28 -6 -7 -2 16 -11 11 9 -2 -9 16 -3 -6 -3 10 7 2 -19 18 -9 -6 10 -8 -16 -31 0 -5 9 3 8 16 -10 -2 21 6 18 7 5 11 -23 -28
-10 9 -3 -17 10 13 -3 0 -14 11 -23 -3 4 -7 -9 -20 -2 3 -20 -14 -21 -13 -8 28 -6 -7 -2 16 -11 11 9 -2 -9 16 -3 -6 -3 10 7 2 -19 18 -9 -6 10 -8 -16 -31 0 -5 9 3 8 16 -10 -2 21 6 18 7 5 11 -23 -28
-10 9 -3 -17 10 13 -3 0 -14 11 -23 -3 4 -7 -9 -20 -2 3 -20 -14 -21 -13 -8 28 -6 -7 -2 16 -11 11 9 -2 -9 16 -3 -6 -3 10 7 2 -19 18 -9 -6 10 -8 -16 -31 0 -5 9 3 8 16 -10 -2 21 6 18 7 5 11 -23 -28
-10 9 -3 -17 10 13 -3 0 -14 11 -23 -3 4 -7 -9 -20 -2 3 -20 -14 -21 -13 -8 28 -6 -7 -2 16 -11 11 9 -2 -9 16 -3 -6 -3 10 7 2 -19 18 -9 -6 10 -8 -16 -31 0 -5 9 3 8 16 -10 -2 21 6 18 7 5 11 -23 -28
-10 9 -3 -17 10 13 -3 0 -14 11 -23 -3 4 -7 -9 -20 -2 3 -20 -14 -21 -13 -8 28 -6 -7 -2 16 -11 11 9 -2 -9 16 -3 -6 -3 10 7 2 -19 18 -9 -6 10 -8 -16 -31 0 -5 9 3 8 16 -10 -2 21 6 18 7 5 11 -23 -28
-10 9 -3 -17 10 13 -3 0 -14 11 -23 -3 4 -7 -9 -20 -2 3 -20 -14 -21 -13 -8 28 -6 -7 -2 16 -11 11 9 -2 -9 16 -3 -6 -3 10 7 2 -19 18 -9 -6 10 -8 -16 -31 0 -5 9 3 8 16 -10 -2 21 6 18 7 5 11 -23 -28
-10 9 -3 -17 10 13 -3 0 -14 11 -23 -3 4 -7 -9 -20 -2 3 -20 -14 -21 -13 -8 28 -6 -7 -2 16 -11 11 9 -2 -9 16 -3 -6 -3 10 7 2 -19 18 -9 -6 10 -8 -16 -31 0 -5 9 3 8 16 -10 -2 21 6 18 7 5 11 -23 -28
-10 9 -3 -17 10 13 -3 0 -14 11 -23 -3 4 -7 -9 -20 -2 3 -20 -14 -21 -13 -8 28 -6 -7 -2 16 -11 11 9 -2 -9 16 -3 -6 -3 10 7 2 -19 18 -9 -6 10 -8 -16 -31 0 -5 9 3 8 16 -10 -2 21 6 18 7 5 11 -23 -28
-10 9 -3 -17 10 13 -3 0 -14 11 -23 -3 4 -7 -9 -20 -2 3 -20 -14 -21 -13 -8 28 -6 -7 -2 16 -11 11 9 -2 -9 16 -3 -6 -3 10 7 2 -19 18 -9 -6 10 -8 -16 -31 0 -5 9 3 8 16 -10 -2 21 6 18 7 5 11 -23 -28
-10 9 -3 -17 10 13 -3 0 -14 11 -23 -3 4 -7 -9 -20 -2 3 -20 -14 -21 -13 -8 28 -6 -7 -2 16 -11 11 9 -2 -9 16 -3 -6 -3 10 7 2 -19 18 -9 -6 10 -8 -16 -31 0 -5 9 3 8 16 -10 -2 21 6 18 7 5 11 -23 -28
-10 9 -3 -17 10 13 -3 0 -14 11 -23 -3 4 -7 -9 -20 -2 3 -20 -14 -21 -13 -8 28 -6 -7 -2 16 -11 11 9 -2 -9 16 -3 -6 -3 10 7 2 -19 18 -9 -6 10 -8 -16 -31 0 -5 9 3 8 16 -10 -2 21 6 18 7 5 11 -23 -28
-10 9 -3 -17 10 13 -3 0 -14 11 -23 -3 4 -7 -9 -20 -2 3 -20 -14 -21 -13 -8 28 -6 -7 -2 16 -11 11 9 -2 -9 16 -3 -6 -3 10 7 2 -19 18 -9 -6 10 -8 -16 -31 0 -5 9 3 8 16 -10 -2 21 6 18 7 5 11 -23 -28
-10 9 -3 -17 10 13 -3 0 -14 11 -23 -3 4 -7 -9 -20 -2 3 -20 -14 -21 -13 -8 28 -6 -7 -2 16 -11 11 9 -2 -9 16 -3 -6 -3 10 7 2 -19 18 -9 -6 10 -8 -16 -31 0 -5 9 3 8 16 -10 -2 21 6 18 7 5 11 -23 -28
-10 9 -3 -17 10 13 -3 0 -14 11 -23 -3 4 -7 -9 -20 -2 3 -20 -14 -21 -13 -8 28 -6 -7 -2 16 -11 11 9 -2 -9 16 -3 -6 -3 10 7 2 -19 18 -9 -6 10 -8 -16 -31 0 -5 9 3 8 16 -10 -2 21 6 18 7 5 11 -23 -28
-10 9 -3 -17 10 13 -3 0 -14 11 -23 -3 4 -7 -9 -20 -2 3 -20 -14 -21 -13 -8 28 -6 -7 -2 16 -11 11 9 -2 -9 16 -3 -6 -3 10 7 2 -19 18 -9 -6 10 -8 -16 -31 0 -5 9 3 8 16 -10 -2 21 6 18 7 5 11 -23 -28
-10 9 -3 -17 10 13 -3 0 -14 11 -23 -3 4 -7 -9 -20 -2 3 -20 -14 -21 -13 -8 28 -6 -7 -2 16 -11 11 9 -2 -9 16 -3 -6 -3 10 7 2 -19 18 -9 -6 10 -8 -16 -31 0 -5 9 3 8 16 -10 -2 21 6 18 7 5 11 -23 -28
-10 9 -3 -17 10 13 -3 0 -14 11 -23 -3 4 -7 -9 -20 -2 3 -20 -14 -21 -13 -8 28 -6 -7 -2 16 -11 11 9 -2 -9 16 -3 -6 -3 10 7 2 -19 18 -9 -6 10 -8 -16 -31 0 -5 9 3 8 16 -10 -2 21 6 18 7 5 11 -23 -28
-10 9 -3 -17 10 13 -3 0 -14 11 -23 -3 4 -7 -9 -20 -2 3 -20 -14 -21 -13 -8 28 -6 -7 -2 16 -11 11 9 -2 -9 16 -3 -6 -3 10 7 2 -19 18 -9 -6 10 -8 -16 -31 0 -5 9 3 8 16 -10 -2 21 6 18 7 5 11 -23 -28
-10 9 -3 -17 10 13 -3 0 -14 11 -23 -3 4 -7 -9 -20 -2 3 -20 -14 -21 -13 -8 28 -6 -7 -2 16 -11 11 9 -2 -9 16 -3 -6 -3 10 7 2 -19 18 -9 -6 10 -8 -16 -31 0 -5 9 3 8 16 -10 -2 21 6 18 7 5 11 -23 -28
-10 9 -3 -17 10 13 -3 0 -14 11 -23 -3 4 -7 -9 -20 -2 3 -20 -14 -21 -13 -8 28 -6 -7 -2 16 -11 11 9 -2 -9 16 -3 -6 -3 10 7 2 -19 18 -9 -6 10 -8 -16 -31 0 -5 9 3 8 16 -10 -2 21 6 18 7 5 11 -23 -28
-10 9 -3 -17 10 13 -3 0 -14 11 -23 -3 4 -7 -9 -20 -2 3 -20 -14 -21 -13 -8 28 -6 -7 -2 16 -11 11 9 -2 -9 16 -3 -6 -3 10 7 2 -19 18 -9 -6 10 -8 -16 -31 0 -5 9 3 8 16 -10 -2 21 6 18 7 5 11 -23 -28
-10 9 -3 -17 10 13 -3 0 -14 11 -23 -3 4 -7 -9 -20 -2 3 -20 -14 -21 -13 -8 28 -6 -7 -2 16 -11 11 9 -2 -9 16 -3 -6 -3 10 7 2 -19 18 -9 -6 10 -8 -16 -31 0 -5 9 3 8 16 -10 -2 21 6 18 7 5 11 -23 -28
-10 9 -3 -17 10 13 -3 0 -14 11 -23 -3 4 -7 -9 -20 -2 3 -20 -14 -21 -13 -8 28 -6 -7 -2 16 -11 11 9 -2 -9 16 -3 -6 -3 10 7 2 -19 18 -9 -6 10 -8 -16 -31 0 -5 9 3 8 16 -10 -2 21 6 18 7 5 11 -23 -28
-10 9 -3 -17 10 13 -3 0 -14 11 -23 -3 4 -7 -9 -20 -2 3 -20 -14 -21 -13 -8 28 -6 -7 -2 16 -11 11 9 -2 -9 16 -3 -6 -3 10 7 2 -19 18 -9 -6 10 -8 -16 -31 0 -5 9 3 8 16 -10 -2 21 6 18 7 5 11 -23 -28
-10 9 -3 -17 10 13 -3 0 -14 11 -23 -3 4 -7 -9 -20 -2 3 -20 -14 -21 -13 -8 28 -6 -7 -2 16 -11 11 9 -2 -9 16 -3 -6 -3 10 7 2 -19 18 -9 -6 10 -8 -16 -31 0 -5 9 3 8 16 -10 -2 21 6 18 7 5 11 -23 -28
-10 9 -3 -17 10 13 -3 0 -14 11 -23 -3 4 -7 -9 -20 -2 3 -20 -14 -21 -13 -8 28 -6 -7 -2 16 -11 11 9 -2 -9 16 -3 -6 -3 10 7 2 -19 18 -9 -6 10 -8 -16 -31 0 -5 9 3 8 16 -10 -2 21 6 18 7 5 11 -23 -28
-10 9 -3 -17 10 13 -3 0 -14 11 -23 -3 4 -7 -9 -20 -2 3 -20 -14 -21 -13 -8 28 -6 -7 -2 16 -11 11 9 -2 -9 16 -3 -6 -3 10 7 2 -19 18 -9 -6 10 -8 -16 -31 0 -5 9 3 8 16 -10 -2 21 6 18 7 5 11 -23 -28
-10 9 -3 -17 10 13 -3 0 -14 11 -23 -3 4 -7 -9 -20 -2 3 -20 -14 -21 -13 -8 28 -6 -7 -2 16 -11 11 9 -2 -9 16 -3 -6 -3 10 7 2 -19 18 -9 -6 10 -8 -16 -31 0 -5 9 3 8 16 -10 -2 21 6 18 7 5 11 -23 -28
-10 9 -3 -17 10 13 -3 0 -14 11 -23 -3 4 -7 -9 -20 -2 3 -20 -14 -21 -13 -8 28 -6 -7 -2 16 -11 11 9 -2 -9 16 -3 -6 -3 10 7 2 -19 18 -9 -6 10 -8 -16 -31 0 -5 9 3 8 16 -10 -2 21 6 18 7 5 11 -23 -28
-10 9 -3 -17 10 13 -3 0 -14 11 -23 -3 4 -7 -9 -20 -2 3 -20 -14 -21 -13 -8 28 -6 -7 -2 16 -11 11 9 -2 -9 16 -3 -6 -3 10 7 2 -19 18 -9 -6 10 -8 -16 -31 0 -5 9 3 8 16 -10 -2 21 6 18 7 5 11 -23 -28
-10 9 -3 -17 10 13 -3 0 -14 11 -23 -3 4 -7 -9 -20 -2 3 -20 -14 -21 -13 -8 28 -6 -7 -2 16 -11 11 9 -2 -9 16 -3 -6 -3 10 7 2 -19 18 -9 -6 10 -8 -16 -31 0 -5 9 3 8 16 -10 -2 21 6 18 7 5 11 -23 -28
-10 9 -3 -17 10 13 -3 0 -14 11 -23 -3 4 -7 -9 -20 -2 3 -20 -14 -21 -13 -8 28 -6 -7 -2 16 -11 11 9 -2 -9 16 -3 -6 -3 10 7 2 -19 18 -9 -6 10 -8 -16 -31 0 -5 9 3 8 16 -10 -2 21 6 18 7 5 11 -23 -28
-10 9 -3 -17 10 13 -3 0 -14 11 -23 -3 4 -7 -9 -20 -2 3 -20 -14 -21 -13 -8 28 -6 -7 -2 16 -11 11 9 -2 -9 16 -3 -6 -3 10 7 2 -19 18 -9 -6 10 -8 -16 -31 0 -5 9 3 8 16 -10 -2 21 6 18 7 5 11 -23 -28
-10 9 -3 -17 10 13 -3 0 -14 11 -23 -3 4 -7 -9 -20 -2 3 -20 -14 -21 -13 -8 28 -6 -7 -2 16 -11 11 9 -2 -9 16 -3 -6 -3 10 7 2 -19 18 -9 -6 10 -8 -16 -31 0 -5 9 3 8 16 -10 -2 21 6 18 7 5 11 -23 -28
-10 9 -3 -17 10 13 -3 0 -14 11 -23 -3 4 -7 -9 -20 -2 3 -20 -14 -21 -13 -8 28 -6 -7 -2 16 -11 11 9 -2 -9 16 -3 -6 -3 10 7 2 -19 18 -9 -6 10 -8 -16 -31 0 -5 9 3 8 16 -10 -2 21 6 18 7 5 11 -23 -28
-10 9 -3 -17 10 13 -3 0 -14 11 -23 -3 4 -7 -9 -20 -2 3 -20 -14 -21 -13 -8 28 -6 -7 -2 16 -11 11 9 -2 -9 16 -3 -6 -3 10 7 2 -19 18 -9 -6 10 -8 -16 -31 0 -5 9 3 8 16 -10 -2 21 6 18 7 5 11 -23 -28
-10 9 -3 -17 10 13 -3 0 -14 11 -23 -3 4 -7 -9 -20 -2 3 -20 -14 -21 -13 -8 28 -6 -7 -2 16 -11 11 9 -2 -9 16 -3 -6 -3 10 7 2 -19 18 -9 -6 10 -8 -16 -31 0 -5 9 3 8 16 -10 -2 21 6 18 7 5 11 -23 -28
-10 9 -3 -17 10 13 -3 0 -14 11 -23 -3 4 -7 -9 -20 -2 3 -20 -14 -21 -13 -8 28 -6 -7 -2 16 -11 11 9 -2 -9 16 -3 -6 -3 10 7 2 -19 18 -9 -6 10 -8 -16 -31 0 -5 9 3 8 16 -10 -2 21 6 18 7 5 11 -23 -28
-10 9 -3 -17 10 13 -3 0 -14 11 -23 -3 4 -7 -9 -20 -2 3 -20 -14 -21 -13 -8 28 -6 -7 -2 16 -11 11 9 -2 -9 16 -3 -6 -3 10 7 2 -19 18 -9 -6 10 -8 -16 -31 0 -5 9 3 8 16 -10 -2 21 6 18 7 5 11 -23 -28
-10 9 -3 -17 10 13 -3 0 -14 11 -23 -3 4 -7 -9 -20 -2 3 -20 -14 -21 -13 -8 28 -6 -7 -2 16 -11 11 9 -2 -9 16 -3 -6 -3 10 7 2 -19 18 -9 -6 10 -8 -16 -31 0 -5 9 3 8 16 -10 -2 21 6 18 7 5 11 -23 -28
-10 9 -3 -17 10 13 -3 0 -14 11 -23 -3 4 -7 -9 -20 -2 3 -20 -14 -21 -13 -8 28 -6 -7 -2 16 -11 11 9 -2 -9 16 -3 -6 -3 10 7 2 -19 18 -9 -6 10 -8 -16 -31 0 -5 9 3 8 16 -10 -2 21 6 18 7 5 11 -23 -28
-10 9 -3 -17 10 13 -3 0 -14 11 -23 -3 4 -7 -9 -20 -2 3 -20 -14 -21 -13 -8 28 -6 -7 -2 16 -11 11 9 -2 -9 16 -3 -6 -3 10 7 2 -19 18 -9 -6 10 -8 -16 -31 0 -5 9 3 8 16 -10 -2 21 6 18 7 5 11 -23 -28
-10 9 -3 -17 10 13 -3 0 -14 11 -23 -3 4 -7 -9 -20 -2 3 -20 -14 -21 -13 -8 28 -6 -7 -2 16 -11 11 9 -2 -9 16 -3 -6 -3 10 7 2 -19 18 -9 -6 10 -8 -16 -31 0 -5 9 3 8 16 -10 -2 21 6 18 7 5 11 -23 -28
-10 9 -3 -17 10 13 -3 0 -14 11 -23 -3 4 -7 -9 -20 -2 3 -20 -14 -21 -13 -8 28 -6 -7 -2 16 -11 11 9 -2 -9 16 -3 -6 -3 10 7 2 -19 18 -9 -6 10 -8 -16 -31 0 -5 9 3 8 16 -10 -2 21 6 18 7 5 11 -23 -28
-10 9 -3 -17 10 13 -3 0 -14 11 -23 -3 4 -7 -9 -20 -2 3 -20 -14 -21 -13 -8 28 -6 -7 -2 16 -11 11 9 -2 -9 16 -3 -6 -3 10 7 2 -19 18 -9 -6 10 -8 -16 -31 0 -5 9 3 8 16 -10 -2 21 6 18 7 5 11 -23 -28
-10 9 -3 -17 10 13 -3 0 -14 11 -23 -3 4 -7 -9 -20 -2 3 -20 -14 -21 -13 -8 28 -6 -7 -2 16 -11 11 9 -2 -9 16 -3 -6 -3 10 7 2 -19 18 -9 -6 10 -8 -16 -31 0 -5 9 3 8 16 -10 -2 21 6 18 7 5 11 -23 -28
-10 9 -3 -17 10 13 -3 0 -14 11 -23 -3 4 -7 -9 -20 -2 3 -20 -14 -21 -13 -8 28 -6 -7 -2 16 -11 11 9 -2 -9 16 -3 -6 -3 10 7 2 -19 18 -9 -6 10 -8 -16 -31 0 -5 9 3 8 16 -10 -2 21 6 18 7 5 11 -23 -28
-10 9 -3 -17 10 13 -3 0 -14 11 -23 -3 4 -7 -9 -20 -2 3 -20 -14 -21 -13 -8 28 -6 -7 -2 16 -11 11 9 -2 -9 16 -3 -6 -3 10 7 2 -19 18 -9 -6 10 -8 -16 -31 0 -5 9 3 8 16 -10 -2 21 6 18 7 5 11 -23 -28
-10 9 -3 -17 10 13 -3 0 -14 11 -23 -3 4 -7 -9 -20 -2 3 -20 -14 -21 -13 -8 28 -6 -7 -2 16 -11 11 9 -2 -9 16 -3 -6 -3 10 7 2 -19 18 -9 -6 10 -8 -16 -31 0 -5 9 3 8 16 -10 -2 21 6 18 7 5 11 -23 -28
-10 9 -3 -17 10 13 -3 0 -14 11 -23 -3 4 -7 -9 -20 -2 3 -20 -14 -21 -13 -8 28 -6 -7 -2 16 -11 11 9 -2 -9 16 -3 -6 -3 10 7 2 -19 18 -9 -6 10 -8 -16 -31 0 -5 9 3 8 16 -10 -2 21 6 18 7 5 11 -23 -28
-10 9 -3 -17 10 13 -3 0 -14 11 -23 -3 4 -7 -9 -20 -2 3 -20 -14 -21 -13 -8 28 -6 -7 -2 16 -11 11 9 -2 -9 16 -3 -6 -3 10 7 2 -19 18 -9 -6 10 -8 -16 -31 0 -5 9 3 8 16 -10 -2 21 6 18 7 5 11 -23 -28
-10 9 -3 -17 10 13 -3 0 -14 11 -23 -3 4 -7 -9 -20 -2 3 -20 -14 -21 -13 -8 28 -6 -7 -2 16 -11 11 9 -2 -9 16 -3 -6 -3 10 7 2 -19 18 -9 -6 10 -8 -16 -31 0 -5 9 3 8 16 -10 -2 21 6 18 7 5 11 -23 -28
-10 9 -3 -17 10 13 -3 0 -14 11 -23 -3 4 -7 -9 -20 -2 3 -20 -14 -21 -13 -8 28 -6 -7 -2 16 -11 11 9 -2 -9 16 -3 -6 -3 10 7 2 -19 18 -9 -6 10 -8 -16 -31 0 -5 9 3 8 16 -10 -2 21 6 18 7 5 11 -23 -28
-10 9 -3 -17 10 13 -3 0 -14 11 -23 -3 4 -7 -9 -20 -2 3 -20 -14 -21 -13 -8 28 -6 -7 -2 16 -11 11 9 -2 -9 16 -3 -6 -3 10 7 2 -19 18 -9 -6 10 -8 -16 -31 0 -5 9 3 8 16 -10 -2 21 6 18 7 5 11 -23 -28
-10 9 -3 -17 10 13 -3 0 -14 11 -23 -3 4 -7 -9 -20 -2 3 -20 -14 -21 -13 -8 28 -6 -7 -2 16 -11 11 9 -2 -9 16 -3 -6 -3 10 7 2 -19 18 -9 -6 10 -8 -16 -31 0 -5 9 3 8 16 -10 -2 21 6 18 7 5 11 -23 -28
-10 9 -3 -17 10 13 -3 0 -14 11 -23 -3 4 -7 -9 -20 -2 3 -20 -14 -21 -13 -8 28 -6 -7 -2 16 -11 11 9 -2 -9 16 -3 -6 -3 10 7 2 -19 18 -9 -6 10 -8 -16 -31 0 -5 9 3 8 16 -10 -2 21 6 18 7 5 11 -23 -28
-10 9 -3 -17 10 13 -3 0 -14 11 -23 -3 4 -7 -9 -20 -2 3 -20 -14 -21 -13 -8 28 -6 -7 -2 16 -11 11 9 -2 -9 16 -3 -6 -3 10 7 2 -19 18 -9 -6 10 -8 -16 -31 0 -5 9 3 8 16 -10 -2 21 6 18 7 5 11 -23 -28
-10 9 -3 -17 10 13 -3 0 -14 11 -23 -3 4 -7 -9 -20 -2 3 -20 -14 -21 -13 -8 28 -6 -7 -2 16 -11 11 9 -2 -9 16 -3 -6 -3 10 7 2 -19 18 -9 -6 10 -8 -16 -31 0 -5 9 3 8 16 -10 -2 21 6 18 7 5 11 -23 -28
-10 9 -3 -17 10 13 -3 0 -14 11 -23 -3 4 -7 -9 -20 -2 3 -20 -14 -21 -13 -8 28 -6 -7 -2 16 -11 11 9 -2 -9 16 -3 -6 -3 10 7 2 -19 18 -9 -6 10 -8 -16 -31 0 -5 9 3 8 16 -10 -2 21 6 18 7 5 11 -23 -28
-10 9 -3 -17 10 13 -3 0 -14 11 -23 -3 4 -7 -9 -20 -2 3 -20 -14 -21 -13 -8 28 -6 -7 -2 16 -11 11 9 -2 -9 16 -3 -6 -3 10 7 2 -19 18 -9 -6 10 -8 -16 -31 0 -5 9 3 8 16 -10 -2 21 6 18 7 5 11 -23 -28
-10 9 -3 -17 10 13 -3 0 -14 11 -23 -3 4 -7 -9 -20 -2 3 -20 -14 -21 -13 -8 28 -6 -7 -2 16 -11 11 9 -2 -9 16 -3 -6 -3 10 7 2 -19 18 -9 -6 10 -8 -16 -31 0 -5 9 3 8 16 -10 -2 21 6 18 7 5 11 -23 -28
-10 9 -3 -17 10 13 -3 0 -14 11 -23 -3 4 -7 -9 -20 -2 3 -20 -14 -21 -13 -8 28 -6 -7 -2 16 -11 11 9 -2 -9 16 -3 -6 -3 10 7 2 -19 18 -9 -6 10 -8 -16 -31 0 -5 9 3 8 16 -10 -2 21 6 18 7 5 11 -23 -28
-10 9 -3 -17 10 13 -3 0 -14 11 -23 -3 4 -7 -9 -20 -2 3 -20 -14 -21 -13 -8 28 -6 -7 -2 16 -11 11 9 -2 -9 16 -3 -6 -3 10 7 2 -19 18 -9 -6 10 -8 -16 -31 0 -5 9 3 8 16 -10 -2 21 6 18 7 5 11 -23 -28
-10 9 -3 -17 10 13 -3 0 -14 11 -23 -3 4 -7 -9 -20 -2 3 -20 -14 -21 -13 -8 28 -6 -7 -2 16 -11 11 9 -2 -9 16 -3 -6 -3 10 7 2 -19 18 -9 -6 10 -8 -16 -31 0 -5 9 3 8 16 -10 -2 21 6 18 7 5 11 -23 -28
-10 9 -3 -17 10 13 -3 0 -14 11 -23 -3 4 -7 -9 -20 -2 3 -20 -14 -21 -13 -8 28 -6 -7 -2 16 -11 11 9 -2 -9 16 -3 -6 -3 10 7 2 -19 18 -9 -6 10 -8 -16 -31 0 -5 9 3 8 16 -10 -2 21 6 18 7 5 11 -23 -28
-10 9 -3 -17 10 13 -3 0 -14 11 -23 -3 4 -7 -9 -20 -2 3 -20 -14 -21 -13 -8 28 -6 -7 -2 16 -11 11 9 -2 -9 16 -3 -6 -3 10 7 2 -19 18 -9 -6 10 -8 -16 -31 0 -5 9 3 8 16 -10 -2 21 6 18 7 5 11 -23 -28
-10 9 -3 -17 10 13 -3 0 -14 11 -23 -3 4 -7 -9 -20 -2 3 -20 -14 -21 -13 -8 28 -6 -7 -2 16 -11 11 9 -2 -9 16 -3 -6 -3 10 7 2 -19 18 -9 -6 10 -8 -16 -31 0 -5 9 3 8 16 -10 -2 21 6 18 7 5 11 -23 -28
-10 9 -3 -17 10 13 -3 0 -14 11 -23 -3 4 -7 -9 -20 -2 3 -20 -14 -21 -13 -8 28 -6 -7 -2 16 -11 11 9 -2 -9 16 -3 -6 -3 10 7 2 -19 18 -9 -6 10 -8 -16 -31 0 -5 9 3 8 16 -10 -2 21 6 18 7 5 11 -23 -28
-10 9 -3 -17 10 13 -3 0 -14 11 -23 -3 4 -7 -9 -20 -2 3 -20 -14 -21 -13 -8 28 -6 -7 -2 16 -11 11 9 -2 -9 16 -3 -6 -3 10 7 2 -19 18 -9 -6 10 -8 -16 -31 0 -5 9 3 8 16 -10 -2 21 6 18 7 5 11 -23 -28
-10 9 -3 -17 10 13 -3 0 -14 11 -23 -3 4 -7 -9 -20 -2 3 -20 -14 -21 -13 -8 28 -6 -7 -2 16 -11 11 9 -2 -9 16 -3 -6 -3 10 7 2 -19 18 -9 -6 10 -8 -16 -31 0 -5 9 3 8 16 -10 -2 21 6 18 7 5 11 -23 -28
-10 9 -3 -17 10 13 -3 0 -14 11 -23 -3 4 -7 -9 -20 -2 3 -20 -14 -21 -13 -8 28 -6 -7 -2 16 -11 11 9 -2 -9 16 -3 -6 -3 10 7 2 -19 18 -9 -6 10 -8 -16 -31 0 -5 9 3 8 16 -10 -2 21 6 18 7 5 11 -23 -28
-10 9 -3 -17 10 13 -3 0 -14 11 -23 -3 4 -7 -9 -20 -2 3 -20 -14 -21 -13 -8 28 -6 -7 -2 16 -11 11 9 -2 -9 16 -3 -6 -3 10 7 2 -19 18 -9 -6 10 -8 -16 -31 0 -5 9 3 8 16 -10 -2 21 6 18 7 5 11 -23 -28
-10 9 -3 -17 10 13 -3 0 -14 11 -23 -3 4 -7 -9 -20 -2 3 -20 -14 -21 -13 -8 28 -6 -7 -2 16 -11 11 9 -2 -9 16 -3 -6 -3 10 7 2 -19 18 -9 -6 10 -8 -16 -31 0 -5 9 3 8 16 -10 -2 21 6 18 7 5 11 -23 -28
-10 9 -3 -17 10 13 -3 0 -14 11 -23 -3 4 -7 -9 -20 -2 3 -20 -14 -21 -13 -8 28 -6 -7 -2 16 -11 11 9 -2 -9 16 -3 -6 -3 10 7 2 -19 18 -9 -6 10 -8 -16 -31 0 -5 9 3 8 16 -10 -2 21 6 18 7 5 11 -23 -28
-10 9 -3 -17 10 13 -3 0 -14 11 -23 -3 4 -7 -9 -20 -2 3 -20 -14 -21 -13 -8 28 -6 -7 -2 16 -11 11 9 -2 -9 16 -3 -6 -3 10 7 2 -19 18 -9 -6 10 -8 -16 -31 0 -5 9 3 8 16 -10 -2 21 6 18 7 5 11 -23 -28
-10 9 -3 -17 10 13 -3 0 -14 11 -23 -3 4 -7 -9 -20 -2 3 -20 -14 -21 -13 -8 28 -6 -7 -2 16 -11 11 9 -2 -9 16 -3 -6 -3 10 7 2 -19 18 -9 -6 10 -8 -16 -31 0 -5 9 3 8 16 -10 -2 21 6 18 7 5 11 -23 -28
