0 -9 -3 -5 9 -5 -2 -2 -4 -4 -5 0 -7 0 -10 -4 8 4 4 -5 -9 -13 1 9 -3 -1 2 -15 -2 8 -8 5 9 -6 5 -3 -3 9 3 -2 -5 -4 -12 0 -2 -1 2 -3 -1 -11 9 -8 -9 -1 -1 3 4 -8 4 -9 14 6 7 3
-5 -13 -3 -12 15 -2 -5 1 3 5 0 -8 0 0 -8 3 13 4 4 0 -8 0 1 14 4 6 11 -19 -9 11 -14 8 12 -6 2 4 -7 15 6 -3 2 -3 -12 -4 7 -3 7 -3 6 -7 8 -5 -5 7 1 8 2 -19 8 -11 22 13 7 2
2 -11 -2 -13 20 0 -4 1 2 4 0 -10 -2 6 -9 -3 14 8 11 4 -15 -7 -2 17 8 2 16 -15 -10 18 -13 6 16 -4 8 1 -9 3 1 -5 -2 3 -11 -2 8 -3 9 2 3 -9 9 -12 -12 8 0 10 1 -18 5 -9 26 15 14 0
-2 -11 1 -11 17 -3 -1 0 -2 7 -3 -5 -5 3 -8 -7 15 3 8 -1 -18 -10 -1 14 5 3 11 -15 -14 8 -20 15 14 -2 8 1 -6 8 -1 -2 -2 0 -13 0 6 -1 8 -2 1 -8 6 -8 -11 7 1 10 1 -19 13 -13 23 12 14 1
1 -14 3 -11 18 -5 2 3 4 11 -2 -5 0 3 -10 2 17 12 8 3 -10 -2 -5 15 6 8 16 -16 -10 13 -18 8 10 -4 10 5 -10 15 1 -2 -1 -2 -10 -5 8 -1 7 -4 -2 -9 13 -10 -5 7 -3 5 4 -20 14 -16 25 13 16 -3
0 -10 -3 -4 18 0 -3 4 0 2 -3 -8 -3 6 -9 6 16 9 8 -1 -12 2 -9 17 7 12 15 -13 -5 13 -11 13 12 1 10 7 -4 18 2 -3 2 2 -10 -2 3 -2 8 -6 6 -5 12 -10 -2 6 2 5 3 -17 13 -13 29 13 14 -2
-1 -16 2 -4 19 -3 4 1 1 8 -10 -3 5 3 -6 1 20 3 9 -1 -16 -8 -3 21 4 11 17 -11 -14 14 -19 7 14 -1 11 4 1 10 -1 -5 -3 -1 -15 -3 11 1 3 -1 4 -12 11 -11 -10 6 -2 -1 4 -16 11 -15 24 16 15 -1
1 -13 -2 -11 20 -1 0 -2 0 5 -3 -3 -1 3 -7 -3 16 2 6 -1 -16 -2 -2 16 9 5 11 -16 -11 10 -14 17 12 -1 11 6 -7 16 6 2 -2 -2 -14 -6 9 -2 4 0 2 -9 13 -12 -5 7 3 4 4 -17 15 -17 28 13 12 -3
0 -11 3 -17 12 -2 1 3 2 5 -3 -9 -1 0 -7 -1 16 2 6 4 -12 -9 -5 17 5 4 13 -16 -19 13 -17 10 14 -6 9 9 -7 9 -2 -2 -1 -1 -10 -3 6 0 7 -2 2 -11 8 -10 -6 5 3 5 1 -18 12 -13 27 11 11 0
5 -27 3 -15 17 2 0 -2 6 3 10 -8 0 5 -6 13 10 11 9 2 -14 -5 -11 13 13 2 1 -18 -20 17 -16 5 1 -2 12 7 -5 5 11 -4 -6 -11 -6 -8 9 -4 14 -6 -3 -12 17 -16 -9 6 -1 4 -4 -19 7 -14 25 12 17 8
5 -12 2 -13 15 -3 3 1 1 7 -4 -6 -4 2 -10 -5 16 4 5 -2 -11 -5 -8 19 4 1 13 -13 -17 11 -12 11 18 -1 5 5 -6 4 -2 -4 0 2 -13 4 5 -2 8 -2 2 -12 6 -7 -7 7 8 5 4 -20 14 -11 26 11 13 -1
3 -15 2 -9 15 0 3 -5 3 8 -2 -4 0 5 -2 -1 27 8 6 1 -15 -5 -6 22 7 7 13 -15 -14 21 -18 11 13 -3 11 8 -11 7 -2 5 0 0 -18 -2 6 1 8 -5 3 -11 8 -11 -6 6 4 1 4 -18 18 -15 25 11 11 4
3 -15 7 -11 15 -2 2 -5 0 12 -6 -9 -4 2 -7 -1 17 7 6 -2 -16 -4 -2 12 4 -1 12 -19 -14 13 -20 14 18 -2 11 5 -12 9 -4 1 -3 1 -17 -2 7 -2 9 0 5 -12 13 -8 -4 10 2 8 4 -21 16 -9 20 12 10 4
-3 -14 1 -12 16 -2 4 -4 4 9 -1 -9 0 8 -5 4 17 4 9 3 -17 -6 -5 15 6 -4 11 -14 -6 12 -19 13 9 -2 8 4 -7 11 5 3 -5 -3 -12 -11 3 1 10 -1 6 -5 13 -13 -2 12 -2 3 2 -16 8 -13 28 15 9 0
5 -23 4 -13 15 -2 -3 -3 18 10 5 -9 -1 2 -10 12 11 8 6 -2 -16 -4 -9 18 13 2 9 -17 -16 23 -19 4 2 -1 10 2 -7 8 8 0 -3 -5 -6 -7 12 -6 12 -3 5 -9 19 -15 -7 12 3 11 -5 -17 5 -17 32 12 18 5
4 -9 8 -11 17 -8 -3 -4 7 5 -8 -7 -1 4 -7 -6 14 7 7 2 -15 -7 -8 15 8 4 12 -15 -14 11 -19 22 14 -1 10 4 -7 18 -4 1 -1 1 -15 -4 9 -1 14 -4 7 -5 11 -3 -11 12 -1 9 3 -13 10 -18 23 8 10 -3
1 -17 5 -8 11 -7 2 4 3 4 -3 -6 0 1 -8 -6 14 5 6 1 -11 -4 -5 16 8 2 11 -16 -14 15 -14 16 12 -2 14 5 -12 9 2 3 1 -3 -13 -6 11 1 18 -4 6 -5 15 -13 -2 6 -2 3 1 -20 9 -11 22 9 11 1
6 -13 3 -9 21 -5 8 -1 5 9 -6 -8 -5 0 -12 -2 10 7 4 0 -15 -1 -8 15 4 1 13 -21 -13 13 -16 9 14 -4 9 9 -5 7 -5 -2 -1 1 -17 -4 10 -1 15 3 7 -9 13 -8 -8 5 1 7 7 -25 10 -12 18 9 10 -1
5 -16 0 -8 14 -8 8 0 3 11 -1 -1 -4 4 -5 -1 16 4 7 -2 -12 0 -3 19 4 6 13 -17 -14 9 -18 11 13 0 9 4 -8 13 -1 1 -3 -1 -12 -3 5 1 8 -1 5 -2 11 -11 -2 5 4 6 4 -25 12 -13 23 12 10 -2
4 -16 4 -10 17 -7 4 5 -1 8 -3 -5 -2 3 -7 -1 14 0 8 -2 -17 -10 -7 16 5 -1 14 -16 -9 8 -17 12 15 -2 13 3 -9 9 -4 2 -2 -2 -17 -4 7 0 13 3 6 -4 10 -5 0 10 2 4 2 -17 15 -9 22 4 10 1
4 -13 1 -9 16 -3 7 -2 2 8 -4 -2 2 3 -2 1 20 4 4 4 -16 -10 -6 20 9 0 14 -17 -12 16 -13 5 15 0 9 8 -5 8 2 3 -2 -4 -14 0 7 -4 8 3 4 -6 12 -11 -6 6 6 3 5 -19 17 -15 21 9 10 3
5 -25 9 -10 15 -11 -8 -1 18 11 -6 -9 -10 0 -4 8 16 6 3 2 -19 -7 -18 22 13 3 11 -18 -16 19 -17 -1 8 -5 13 2 -15 9 7 -4 -5 -6 -8 -3 15 -3 10 0 5 -5 18 -15 -5 8 6 10 -2 -20 4 -22 24 4 17 5
0 -11 -1 -5 8 -3 0 5 1 3 -5 3 -2 2 -6 -7 8 4 4 -1 -10 1 -3 3 0 1 9 -19 -5 8 -12 -1 7 0 1 -2 -6 -1 -1 -1 2 -4 -5 2 3 -8 5 -4 -3 -9 11 -4 -5 6 -4 5 4 -12 12 -14 11 12 11 11
3 -12 1 -5 16 -4 -2 0 1 8 -3 -1 -1 -1 -8 0 20 15 4 -6 -17 -9 1 10 14 8 16 -17 -9 16 -15 11 8 -4 2 4 -9 9 8 -8 -2 2 -12 -3 6 0 13 -10 0 -10 9 -10 -11 4 3 9 0 -17 7 -21 22 13 7 3
9 -8 -2 -13 15 -4 -7 5 -1 4 3 -1 2 1 -13 6 19 11 6 -5 -18 -6 2 17 2 7 16 -10 -18 9 -12 1 8 -4 -1 -1 -1 4 6 -23 0 -3 -7 -6 7 -2 16 -8 -4 -15 13 -5 -7 12 5 4 -6 -11 2 -14 15 17 15 1
1 -11 -1 -12 19 -4 -2 0 2 12 -5 -10 -3 1 -9 -4 16 6 4 1 -20 -9 -1 13 7 4 15 -15 -14 12 -14 13 13 -2 4 -1 -9 5 4 -6 -1 2 -13 -2 9 -4 9 1 0 -14 10 -9 -10 12 4 11 1 -20 11 -13 18 10 9 2
4 -13 -7 -4 17 -2 5 3 3 9 -3 -5 -3 0 -6 -3 17 9 9 2 -14 -1 -6 17 4 7 12 -20 -10 9 -14 7 13 -7 9 7 -4 14 0 -5 3 -2 -7 -7 7 -1 7 -3 -2 -9 12 -16 -7 3 4 1 -1 -16 15 -13 22 11 15 -2
0 -15 -4 -5 21 -1 3 -2 -3 4 -7 -3 -5 -1 0 1 16 11 7 -5 -13 -1 -3 17 7 5 14 -16 -9 10 -11 15 13 0 8 9 -5 15 2 -4 6 3 -16 0 5 -3 10 -1 6 -12 14 -15 -6 4 5 -4 2 -17 14 -15 24 11 10 -1
6 -15 -2 -3 18 -3 -2 -2 2 9 -5 -2 0 -1 -4 2 13 9 6 -1 -11 -7 -2 19 3 6 16 -13 -10 10 -18 7 15 2 6 12 -5 9 4 -9 0 3 -15 -1 5 0 7 0 2 -11 9 -19 -9 3 6 -1 4 -17 8 -9 21 9 18 1
3 -16 2 -5 24 -2 3 -3 4 11 -4 -6 -1 4 -7 2 15 9 3 -6 -15 -7 -2 17 6 7 17 -15 -12 15 -11 18 16 -2 5 13 -8 15 4 -2 1 -3 -18 -9 8 -2 8 -3 7 -10 10 -15 -6 8 2 4 4 -21 14 -9 24 8 12 3
4 -16 -1 -10 17 -6 -1 2 7 10 -1 -9 -3 -3 -10 1 22 7 9 -4 -18 -11 -1 11 4 1 12 -16 -17 15 -11 12 16 -2 3 8 -10 7 -2 -2 4 -1 -14 -4 11 2 9 -2 6 -8 8 -13 -7 7 7 5 3 -14 10 -11 26 11 14 4
2 -15 2 -9 16 -7 1 1 5 9 -2 -12 -2 -1 -13 -3 16 9 4 1 -15 -8 -4 13 6 1 13 -15 -18 14 -13 9 16 -4 6 4 -10 9 0 -6 0 -1 -11 -3 7 -1 17 -3 2 -10 9 -14 -5 6 11 0 2 -23 6 -15 23 12 13 1
4 -13 -5 -11 12 -6 2 -4 5 10 -9 -2 -2 -2 -7 1 23 8 9 0 -14 -5 -2 19 4 1 16 -13 -14 17 -13 9 10 -3 7 10 -11 8 -1 -1 -1 -1 -16 1 7 0 10 2 2 -8 9 -19 -8 5 10 2 5 -17 11 -13 21 11 13 8
4 -17 0 -13 24 -3 4 -2 5 9 -2 -7 -6 0 -6 -3 14 5 6 -3 -19 -7 -2 11 7 -3 11 -19 -11 9 -14 19 12 -4 11 6 -9 12 0 0 -4 -2 -15 -5 6 0 7 3 3 -4 14 -10 -6 10 6 9 4 -18 4 -13 18 14 12 -3
1 -18 -4 -4 17 -5 2 3 2 6 -6 -5 -3 -5 -6 -1 19 5 8 -3 -17 -5 -2 14 5 3 13 -19 -15 16 -15 17 15 -4 16 8 -8 12 -3 -5 2 -6 -12 -2 6 -5 10 0 3 -9 9 -12 -8 5 5 10 3 -23 6 -10 19 10 12 0
5 -14 -7 -6 17 -6 0 -2 3 9 -3 -7 -4 -2 -14 -3 18 5 5 1 -16 -5 2 10 1 0 12 -18 -12 11 -12 10 15 -2 8 8 -5 7 -4 -1 -3 -3 -19 -5 10 -3 10 -1 2 -8 11 -8 -8 7 5 10 8 -20 9 -15 14 14 8 7
1 -13 -4 -11 14 -6 2 -2 0 8 -2 0 -4 1 -5 -4 13 5 5 1 -13 -2 -2 17 1 4 12 -15 -15 14 -13 14 14 -4 10 2 -8 12 3 -1 2 -5 -12 -1 4 -1 13 -1 5 -9 11 -15 -6 7 2 7 3 -20 9 -13 23 10 14 0
8 -16 -3 -10 13 -3 3 4 1 7 1 -7 1 3 -6 2 17 5 8 -3 -18 -10 3 19 5 1 16 -14 -13 11 -18 12 15 -3 10 4 -10 12 -1 0 -1 -4 -16 -8 3 2 11 1 10 -10 14 -11 -5 8 3 6 6 -15 13 -13 22 6 11 2
-1 -11 -3 -10 18 -5 3 -1 1 9 -4 -4 -4 -1 -7 1 14 7 8 -3 -17 -2 -6 18 6 0 15 -19 -11 13 -12 11 16 -2 8 9 -9 15 -1 0 4 -5 -18 -3 6 -3 5 0 5 -9 14 -20 -3 6 8 2 5 -17 18 -12 21 12 9 2
7 -18 0 -9 12 -12 -9 2 12 11 -2 -4 -11 -1 -6 7 15 6 8 2 -16 -9 -13 23 13 -1 13 -15 -13 23 -13 8 11 -5 9 3 -16 9 8 -4 -2 -2 -6 -7 13 -6 14 0 -1 -4 20 -19 -7 8 5 13 -2 -16 10 -14 27 6 17 5
3 -10 -2 -2 7 -3 5 4 -3 3 -5 2 -6 1 -3 -2 9 2 0 -2 -12 2 -3 6 -1 0 6 -18 -7 6 -8 -1 4 -1 1 -3 -5 -2 0 -1 0 -6 -4 4 -2 -9 8 -4 0 -11 12 -5 -6 2 -4 6 2 -12 13 -10 7 11 6 7
-2 -11 -8 -11 12 2 -8 -4 5 3 1 0 -5 1 -11 -3 15 6 9 1 -15 3 0 7 10 8 13 -20 -7 5 -13 1 5 -8 9 4 -11 12 3 -7 3 -11 -5 -10 7 -5 5 -7 0 -13 12 -6 -5 6 1 -1 2 -14 -1 -17 21 14 9 2
-2 -11 -8 -11 12 2 -8 -4 5 3 1 0 -5 1 -11 -3 15 6 9 1 -15 3 0 7 10 8 13 -20 -7 5 -13 1 5 -8 9 4 -11 12 3 -7 3 -11 -5 -10 7 -5 5 -7 0 -13 12 -6 -5 6 1 -1 2 -14 -1 -17 21 14 9 2
-2 -11 -8 -11 12 2 -8 -4 5 3 1 0 -5 1 -11 -3 15 6 9 1 -15 3 0 7 10 8 13 -20 -7 5 -13 1 5 -8 9 4 -11 12 3 -7 3 -11 -5 -10 7 -5 5 -7 0 -13 12 -6 -5 6 1 -1 2 -14 -1 -17 21 14 9 2
-2 -11 -8 -11 12 2 -8 -4 5 3 1 0 -5 1 -11 -3 15 6 9 1 -15 3 0 7 10 8 13 -20 -7 5 -13 1 5 -8 9 4 -11 12 3 -7 3 -11 -5 -10 7 -5 5 -7 0 -13 12 -6 -5 6 1 -1 2 -14 -1 -17 21 14 9 2
-2 -11 -8 -11 12 2 -8 -4 5 3 1 0 -5 1 -11 -3 15 6 9 1 -15 3 0 7 10 8 13 -20 -7 5 -13 1 5 -8 9 4 -11 12 3 -7 3 -11 -5 -10 7 -5 5 -7 0 -13 12 -6 -5 6 1 -1 2 -14 -1 -17 21 14 9 2
-2 -11 -8 -11 12 2 -8 -4 5 3 1 0 -5 1 -11 -3 15 6 9 1 -15 3 0 7 10 8 13 -20 -7 5 -13 1 5 -8 9 4 -11 12 3 -7 3 -11 -5 -10 7 -5 5 -7 0 -13 12 -6 -5 6 1 -1 2 -14 -1 -17 21 14 9 2
-2 -11 -8 -11 12 2 -8 -4 5 3 1 0 -5 1 -11 -3 15 6 9 1 -15 3 0 7 10 8 13 -20 -7 5 -13 1 5 -8 9 4 -11 12 3 -7 3 -11 -5 -10 7 -5 5 -7 0 -13 12 -6 -5 6 1 -1 2 -14 -1 -17 21 14 9 2
-2 -11 -8 -11 12 2 -8 -4 5 3 1 0 -5 1 -11 -3 15 6 9 1 -15 3 0 7 10 8 13 -20 -7 5 -13 1 5 -8 9 4 -11 12 3 -7 3 -11 -5 -10 7 -5 5 -7 0 -13 12 -6 -5 6 1 -1 2 -14 -1 -17 21 14 9 2
-2 -11 -8 -11 12 2 -8 -4 5 3 1 0 -5 1 -11 -3 15 6 9 1 -15 3 0 7 10 8 13 -20 -7 5 -13 1 5 -8 9 4 -11 12 3 -7 3 -11 -5 -10 7 -5 5 -7 0 -13 12 -6 -5 6 1 -1 2 -14 -1 -17 21 14 9 2
-2 -11 -8 -11 12 2 -8 -4 5 3 1 0 -5 1 -11 -3 15 6 9 1 -15 3 0 7 10 8 13 -20 -7 5 -13 1 5 -8 9 4 -11 12 3 -7 3 -11 -5 -10 7 -5 5 -7 0 -13 12 -6 -5 6 1 -1 2 -14 -1 -17 21 14 9 2
-2 -11 -8 -11 12 2 -8 -4 5 3 1 0 -5 1 -11 -3 15 6 9 1 -15 3 0 7 10 8 13 -20 -7 5 -13 1 5 -8 9 4 -11 12 3 -7 3 -11 -5 -10 7 -5 5 -7 0 -13 12 -6 -5 6 1 -1 2 -14 -1 -17 21 14 9 2
-2 -11 -8 -11 12 2 -8 -4 5 3 1 0 -5 1 -11 -3 15 6 9 1 -15 3 0 7 10 8 13 -20 -7 5 -13 1 5 -8 9 4 -11 12 3 -7 3 -11 -5 -10 7 -5 5 -7 0 -13 12 -6 -5 6 1 -1 2 -14 -1 -17 21 14 9 2
-2 -11 -8 -11 12 2 -8 -4 5 3 1 0 -5 1 -11 -3 15 6 9 1 -15 3 0 7 10 8 13 -20 -7 5 -13 1 5 -8 9 4 -11 12 3 -7 3 -11 -5 -10 7 -5 5 -7 0 -13 12 -6 -5 6 1 -1 2 -14 -1 -17 21 14 9 2
-2 -11 -8 -11 12 2 -8 -4 5 3 1 0 -5 1 -11 -3 15 6 9 1 -15 3 0 7 10 8 13 -20 -7 5 -13 1 5 -8 9 4 -11 12 3 -7 3 -11 -5 -10 7 -5 5 -7 0 -13 12 -6 -5 6 1 -1 2 -14 -1 -17 21 14 9 2
-2 -11 -8 -11 12 2 -8 -4 5 3 1 0 -5 1 -11 -3 15 6 9 1 -15 3 0 7 10 8 13 -20 -7 5 -13 1 5 -8 9 4 -11 12 3 -7 3 -11 -5 -10 7 -5 5 -7 0 -13 12 -6 -5 6 1 -1 2 -14 -1 -17 21 14 9 2
-2 -11 -8 -11 12 2 -8 -4 5 3 1 0 -5 1 -11 -3 15 6 9 1 -15 3 0 7 10 8 13 -20 -7 5 -13 1 5 -8 9 4 -11 12 3 -7 3 -11 -5 -10 7 -5 5 -7 0 -13 12 -6 -5 6 1 -1 2 -14 -1 -17 21 14 9 2
-2 -11 -8 -11 12 2 -8 -4 5 3 1 0 -5 1 -11 -3 15 6 9 1 -15 3 0 7 10 8 13 -20 -7 5 -13 1 5 -8 9 4 -11 12 3 -7 3 -11 -5 -10 7 -5 5 -7 0 -13 12 -6 -5 6 1 -1 2 -14 -1 -17 21 14 9 2
-2 -11 -8 -11 12 2 -8 -4 5 3 1 0 -5 1 -11 -3 15 6 9 1 -15 3 0 7 10 8 13 -20 -7 5 -13 1 5 -8 9 4 -11 12 3 -7 3 -11 -5 -10 7 -5 5 -7 0 -13 12 -6 -5 6 1 -1 2 -14 -1 -17 21 14 9 2
-2 -11 -8 -11 12 2 -8 -4 5 3 1 0 -5 1 -11 -3 15 6 9 1 -15 3 0 7 10 8 13 -20 -7 5 -13 1 5 -8 9 4 -11 12 3 -7 3 -11 -5 -10 7 -5 5 -7 0 -13 12 -6 -5 6 1 -1 2 -14 -1 -17 21 14 9 2
-2 -11 -8 -11 12 2 -8 -4 5 3 1 0 -5 1 -11 -3 15 6 9 1 -15 3 0 7 10 8 13 -20 -7 5 -13 1 5 -8 9 4 -11 12 3 -7 3 -11 -5 -10 7 -5 5 -7 0 -13 12 -6 -5 6 1 -1 2 -14 -1 -17 21 14 9 2
-2 -11 -8 -11 12 2 -8 -4 5 3 1 0 -5 1 -11 -3 15 6 9 1 -15 3 0 7 10 8 13 -20 -7 5 -13 1 5 -8 9 4 -11 12 3 -7 3 -11 -5 -10 7 -5 5 -7 0 -13 12 -6 -5 6 1 -1 2 -14 -1 -17 21 14 9 2
-2 -11 -8 -11 12 2 -8 -4 5 3 1 0 -5 1 -11 -3 15 6 9 1 -15 3 0 7 10 8 13 -20 -7 5 -13 1 5 -8 9 4 -11 12 3 -7 3 -11 -5 -10 7 -5 5 -7 0 -13 12 -6 -5 6 1 -1 2 -14 -1 -17 21 14 9 2
-2 -11 -8 -11 12 2 -8 -4 5 3 1 0 -5 1 -11 -3 15 6 9 1 -15 3 0 7 10 8 13 -20 -7 5 -13 1 5 -8 9 4 -11 12 3 -7 3 -11 -5 -10 7 -5 5 -7 0 -13 12 -6 -5 6 1 -1 2 -14 -1 -17 21 14 9 2
-2 -11 -8 -11 12 2 -8 -4 5 3 1 0 -5 1 -11 -3 15 6 9 1 -15 3 0 7 10 8 13 -20 -7 5 -13 1 5 -8 9 4 -11 12 3 -7 3 -11 -5 -10 7 -5 5 -7 0 -13 12 -6 -5 6 1 -1 2 -14 -1 -17 21 14 9 2
-2 -11 -8 -11 12 2 -8 -4 5 3 1 0 -5 1 -11 -3 15 6 9 1 -15 3 0 7 10 8 13 -20 -7 5 -13 1 5 -8 9 4 -11 12 3 -7 3 -11 -5 -10 7 -5 5 -7 0 -13 12 -6 -5 6 1 -1 2 -14 -1 -17 21 14 9 2
-2 -11 -8 -11 12 2 -8 -4 5 3 1 0 -5 1 -11 -3 15 6 9 1 -15 3 0 7 10 8 13 -20 -7 5 -13 1 5 -8 9 4 -11 12 3 -7 3 -11 -5 -10 7 -5 5 -7 0 -13 12 -6 -5 6 1 -1 2 -14 -1 -17 21 14 9 2
-2 -11 -8 -11 12 2 -8 -4 5 3 1 0 -5 1 -11 -3 15 6 9 1 -15 3 0 7 10 8 13 -20 -7 5 -13 1 5 -8 9 4 -11 12 3 -7 3 -11 -5 -10 7 -5 5 -7 0 -13 12 -6 -5 6 1 -1 2 -14 -1 -17 21 14 9 2
-2 -11 -8 -11 12 2 -8 -4 5 3 1 0 -5 1 -11 -3 15 6 9 1 -15 3 0 7 10 8 13 -20 -7 5 -13 1 5 -8 9 4 -11 12 3 -7 3 -11 -5 -10 7 -5 5 -7 0 -13 12 -6 -5 6 1 -1 2 -14 -1 -17 21 14 9 2
-2 -11 -8 -11 12 2 -8 -4 5 3 1 0 -5 1 -11 -3 15 6 9 1 -15 3 0 7 10 8 13 -20 -7 5 -13 1 5 -8 9 4 -11 12 3 -7 3 -11 -5 -10 7 -5 5 -7 0 -13 12 -6 -5 6 1 -1 2 -14 -1 -17 21 14 9 2
-2 -11 -8 -11 12 2 -8 -4 5 3 1 0 -5 1 -11 -3 15 6 9 1 -15 3 0 7 10 8 13 -20 -7 5 -13 1 5 -8 9 4 -11 12 3 -7 3 -11 -5 -10 7 -5 5 -7 0 -13 12 -6 -5 6 1 -1 2 -14 -1 -17 21 14 9 2
-2 -11 -8 -11 12 2 -8 -4 5 3 1 0 -5 1 -11 -3 15 6 9 1 -15 3 0 7 10 8 13 -20 -7 5 -13 1 5 -8 9 4 -11 12 3 -7 3 -11 -5 -10 7 -5 5 -7 0 -13 12 -6 -5 6 1 -1 2 -14 -1 -17 21 14 9 2
-2 -11 -8 -11 12 2 -8 -4 5 3 1 0 -5 1 -11 -3 15 6 9 1 -15 3 0 7 10 8 13 -20 -7 5 -13 1 5 -8 9 4 -11 12 3 -7 3 -11 -5 -10 7 -5 5 -7 0 -13 12 -6 -5 6 1 -1 2 -14 -1 -17 21 14 9 2
-2 -11 -8 -11 12 2 -8 -4 5 3 1 0 -5 1 -11 -3 15 6 9 1 -15 3 0 7 10 8 13 -20 -7 5 -13 1 5 -8 9 4 -11 12 3 -7 3 -11 -5 -10 7 -5 5 -7 0 -13 12 -6 -5 6 1 -1 2 -14 -1 -17 21 14 9 2
-2 -11 -8 -11 12 2 -8 -4 5 3 1 0 -5 1 -11 -3 15 6 9 1 -15 3 0 7 10 8 13 -20 -7 5 -13 1 5 -8 9 4 -11 12 3 -7 3 -11 -5 -10 7 -5 5 -7 0 -13 12 -6 -5 6 1 -1 2 -14 -1 -17 21 14 9 2
-2 -11 -8 -11 12 2 -8 -4 5 3 1 0 -5 1 -11 -3 15 6 9 1 -15 3 0 7 10 8 13 -20 -7 5 -13 1 5 -8 9 4 -11 12 3 -7 3 -11 -5 -10 7 -5 5 -7 0 -13 12 -6 -5 6 1 -1 2 -14 -1 -17 21 14 9 2
-2 -11 -8 -11 12 2 -8 -4 5 3 1 0 -5 1 -11 -3 15 6 9 1 -15 3 0 7 10 8 13 -20 -7 5 -13 1 5 -8 9 4 -11 12 3 -7 3 -11 -5 -10 7 -5 5 -7 0 -13 12 -6 -5 6 1 -1 2 -14 -1 -17 21 14 9 2
-2 -11 -8 -11 12 2 -8 -4 5 3 1 0 -5 1 -11 -3 15 6 9 1 -15 3 0 7 10 8 13 -20 -7 5 -13 1 5 -8 9 4 -11 12 3 -7 3 -11 -5 -10 7 -5 5 -7 0 -13 12 -6 -5 6 1 -1 2 -14 -1 -17 21 14 9 2
-2 -11 -8 -11 12 2 -8 -4 5 3 1 0 -5 1 -11 -3 15 6 9 1 -15 3 0 7 10 8 13 -20 -7 5 -13 1 5 -8 9 4 -11 12 3 -7 3 -11 -5 -10 7 -5 5 -7 0 -13 12 -6 -5 6 1 -1 2 -14 -1 -17 21 14 9 2
-2 -11 -8 -11 12 2 -8 -4 5 3 1 0 -5 1 -11 -3 15 6 9 1 -15 3 0 7 10 8 13 -20 -7 5 -13 1 5 -8 9 4 -11 12 3 -7 3 -11 -5 -10 7 -5 5 -7 0 -13 12 -6 -5 6 1 -1 2 -14 -1 -17 21 14 9 2
-2 -11 -8 -11 12 2 -8 -4 5 3 1 0 -5 1 -11 -3 15 6 9 1 -15 3 0 7 10 8 13 -20 -7 5 -13 1 5 -8 9 4 -11 12 3 -7 3 -11 -5 -10 7 -5 5 -7 0 -13 12 -6 -5 6 1 -1 2 -14 -1 -17 21 14 9 2
-2 -11 -8 -11 12 2 -8 -4 5 3 1 0 -5 1 -11 -3 15 6 9 1 -15 3 0 7 10 8 13 -20 -7 5 -13 1 5 -8 9 4 -11 12 3 -7 3 -11 -5 -10 7 -5 5 -7 0 -13 12 -6 -5 6 1 -1 2 -14 -1 -17 21 14 9 2
-2 -11 -8 -11 12 2 -8 -4 5 3 1 0 -5 1 -11 -3 15 6 9 1 -15 3 0 7 10 8 13 -20 -7 5 -13 1 5 -8 9 4 -11 12 3 -7 3 -11 -5 -10 7 -5 5 -7 0 -13 12 -6 -5 6 1 -1 2 -14 -1 -17 21 14 9 2
-2 -11 -8 -11 12 2 -8 -4 5 3 1 0 -5 1 -11 -3 15 6 9 1 -15 3 0 7 10 8 13 -20 -7 5 -13 1 5 -8 9 4 -11 12 3 -7 3 -11 -5 -10 7 -5 5 -7 0 -13 12 -6 -5 6 1 -1 2 -14 -1 -17 21 14 9 2
-2 -11 -8 -11 12 2 -8 -4 5 3 1 0 -5 1 -11 -3 15 6 9 1 -15 3 0 7 10 8 13 -20 -7 5 -13 1 5 -8 9 4 -11 12 3 -7 3 -11 -5 -10 7 -5 5 -7 0 -13 12 -6 -5 6 1 -1 2 -14 -1 -17 21 14 9 2
-2 -11 -8 -11 12 2 -8 -4 5 3 1 0 -5 1 -11 -3 15 6 9 1 -15 3 0 7 10 8 13 -20 -7 5 -13 1 5 -8 9 4 -11 12 3 -7 3 -11 -5 -10 7 -5 5 -7 0 -13 12 -6 -5 6 1 -1 2 -14 -1 -17 21 14 9 2
-2 -11 -8 -11 12 2 -8 -4 5 3 1 0 -5 1 -11 -3 15 6 9 1 -15 3 0 7 10 8 13 -20 -7 5 -13 1 5 -8 9 4 -11 12 3 -7 3 -11 -5 -10 7 -5 5 -7 0 -13 12 -6 -5 6 1 -1 2 -14 -1 -17 21 14 9 2
-2 -11 -8 -11 12 2 -8 -4 5 3 1 0 -5 1 -11 -3 15 6 9 1 -15 3 0 7 10 8 13 -20 -7 5 -13 1 5 -8 9 4 -11 12 3 -7 3 -11 -5 -10 7 -5 5 -7 0 -13 12 -6 -5 6 1 -1 2 -14 -1 -17 21 14 9 2
-2 -11 -8 -11 12 2 -8 -4 5 3 1 0 -5 1 -11 -3 15 6 9 1 -15 3 0 7 10 8 13 -20 -7 5 -13 1 5 -8 9 4 -11 12 3 -7 3 -11 -5 -10 7 -5 5 -7 0 -13 12 -6 -5 6 1 -1 2 -14 -1 -17 21 14 9 2
-2 -11 -8 -11 12 2 -8 -4 5 3 1 0 -5 1 -11 -3 15 6 9 1 -15 3 0 7 10 8 13 -20 -7 5 -13 1 5 -8 9 4 -11 12 3 -7 3 -11 -5 -10 7 -5 5 -7 0 -13 12 -6 -5 6 1 -1 2 -14 -1 -17 21 14 9 2
-2 -11 -8 -11 12 2 -8 -4 5 3 1 0 -5 1 -11 -3 15 6 9 1 -15 3 0 7 10 8 13 -20 -7 5 -13 1 5 -8 9 4 -11 12 3 -7 3 -11 -5 -10 7 -5 5 -7 0 -13 12 -6 -5 6 1 -1 2 -14 -1 -17 21 14 9 2
-2 -11 -8 -11 12 2 -8 -4 5 3 1 0 -5 1 -11 -3 15 6 9 1 -15 3 0 7 10 8 13 -20 -7 5 -13 1 5 -8 9 4 -11 12 3 -7 3 -11 -5 -10 7 -5 5 -7 0 -13 12 -6 -5 6 1 -1 2 -14 -1 -17 21 14 9 2
-2 -11 -8 -11 12 2 -8 -4 5 3 1 0 -5 1 -11 -3 15 6 9 1 -15 3 0 7 10 8 13 -20 -7 5 -13 1 5 -8 9 4 -11 12 3 -7 3 -11 -5 -10 7 -5 5 -7 0 -13 12 -6 -5 6 1 -1 2 -14 -1 -17 21 14 9 2
-2 -11 -8 -11 12 2 -8 -4 5 3 1 0 -5 1 -11 -3 15 6 9 1 -15 3 0 7 10 8 13 -20 -7 5 -13 1 5 -8 9 4 -11 12 3 -7 3 -11 -5 -10 7 -5 5 -7 0 -13 12 -6 -5 6 1 -1 2 -14 -1 -17 21 14 9 2
-2 -11 -8 -11 12 2 -8 -4 5 3 1 0 -5 1 -11 -3 15 6 9 1 -15 3 0 7 10 8 13 -20 -7 5 -13 1 5 -8 9 4 -11 12 3 -7 3 -11 -5 -10 7 -5 5 -7 0 -13 12 -6 -5 6 1 -1 2 -14 -1 -17 21 14 9 2
-2 -11 -8 -11 12 2 -8 -4 5 3 1 0 -5 1 -11 -3 15 6 9 1 -15 3 0 7 10 8 13 -20 -7 5 -13 1 5 -8 9 4 -11 12 3 -7 3 -11 -5 -10 7 -5 5 -7 0 -13 12 -6 -5 6 1 -1 2 -14 -1 -17 21 14 9 2
-2 -11 -8 -11 12 2 -8 -4 5 3 1 0 -5 1 -11 -3 15 6 9 1 -15 3 0 7 10 8 13 -20 -7 5 -13 1 5 -8 9 4 -11 12 3 -7 3 -11 -5 -10 7 -5 5 -7 0 -13 12 -6 -5 6 1 -1 2 -14 -1 -17 21 14 9 2
-2 -11 -8 -11 12 2 -8 -4 5 3 1 0 -5 1 -11 -3 15 6 9 1 -15 3 0 7 10 8 13 -20 -7 5 -13 1 5 -8 9 4 -11 12 3 -7 3 -11 -5 -10 7 -5 5 -7 0 -13 12 -6 -5 6 1 -1 2 -14 -1 -17 21 14 9 2
-2 -11 -8 -11 12 2 -8 -4 5 3 1 0 -5 1 -11 -3 15 6 9 1 -15 3 0 7 10 8 13 -20 -7 5 -13 1 5 -8 9 4 -11 12 3 -7 3 -11 -5 -10 7 -5 5 -7 0 -13 12 -6 -5 6 1 -1 2 -14 -1 -17 21 14 9 2
-2 -11 -8 -11 12 2 -8 -4 5 3 1 0 -5 1 -11 -3 15 6 9 1 -15 3 0 7 10 8 13 -20 -7 5 -13 1 5 -8 9 4 -11 12 3 -7 3 -11 -5 -10 7 -5 5 -7 0 -13 12 -6 -5 6 1 -1 2 -14 -1 -17 21 14 9 2
-2 -11 -8 -11 12 2 -8 -4 5 3 1 0 -5 1 -11 -3 15 6 9 1 -15 3 0 7 10 8 13 -20 -7 5 -13 1 5 -8 9 4 -11 12 3 -7 3 -11 -5 -10 7 -5 5 -7 0 -13 12 -6 -5 6 1 -1 2 -14 -1 -17 21 14 9 2
-2 -11 -8 -11 12 2 -8 -4 5 3 1 0 -5 1 -11 -3 15 6 9 1 -15 3 0 7 10 8 13 -20 -7 5 -13 1 5 -8 9 4 -11 12 3 -7 3 -11 -5 -10 7 -5 5 -7 0 -13 12 -6 -5 6 1 -1 2 -14 -1 -17 21 14 9 2
-2 -11 -8 -11 12 2 -8 -4 5 3 1 0 -5 1 -11 -3 15 6 9 1 -15 3 0 7 10 8 13 -20 -7 5 -13 1 5 -8 9 4 -11 12 3 -7 3 -11 -5 -10 7 -5 5 -7 0 -13 12 -6 -5 6 1 -1 2 -14 -1 -17 21 14 9 2
-2 -11 -8 -11 12 2 -8 -4 5 3 1 0 -5 1 -11 -3 15 6 9 1 -15 3 0 7 10 8 13 -20 -7 5 -13 1 5 -8 9 4 -11 12 3 -7 3 -11 -5 -10 7 -5 5 -7 0 -13 12 -6 -5 6 1 -1 2 -14 -1 -17 21 14 9 2
-2 -11 -8 -11 12 2 -8 -4 5 3 1 0 -5 1 -11 -3 15 6 9 1 -15 3 0 7 10 8 13 -20 -7 5 -13 1 5 -8 9 4 -11 12 3 -7 3 -11 -5 -10 7 -5 5 -7 0 -13 12 -6 -5 6 1 -1 2 -14 -1 -17 21 14 9 2
-2 -11 -8 -11 12 2 -8 -4 5 3 1 0 -5 1 -11 -3 15 6 9 1 -15 3 0 7 10 8 13 -20 -7 5 -13 1 5 -8 9 4 -11 12 3 -7 3 -11 -5 -10 7 -5 5 -7 0 -13 12 -6 -5 6 1 -1 2 -14 -1 -17 21 14 9 2
-2 -11 -8 -11 12 2 -8 -4 5 3 1 0 -5 1 -11 -3 15 6 9 1 -15 3 0 7 10 8 13 -20 -7 5 -13 1 5 -8 9 4 -11 12 3 -7 3 -11 -5 -10 7 -5 5 -7 0 -13 12 -6 -5 6 1 -1 2 -14 -1 -17 21 14 9 2
-2 -11 -8 -11 12 2 -8 -4 5 3 1 0 -5 1 -11 -3 15 6 9 1 -15 3 0 7 10 8 13 -20 -7 5 -13 1 5 -8 9 4 -11 12 3 -7 3 -11 -5 -10 7 -5 5 -7 0 -13 12 -6 -5 6 1 -1 2 -14 -1 -17 21 14 9 2
-2 -11 -8 -11 12 2 -8 -4 5 3 1 0 -5 1 -11 -3 15 6 9 1 -15 3 0 7 10 8 13 -20 -7 5 -13 1 5 -8 9 4 -11 12 3 -7 3 -11 -5 -10 7 -5 5 -7 0 -13 12 -6 -5 6 1 -1 2 -14 -1 -17 21 14 9 2
-2 -11 -8 -11 12 2 -8 -4 5 3 1 0 -5 1 -11 -3 15 6 9 1 -15 3 0 7 10 8 13 -20 -7 5 -13 1 5 -8 9 4 -11 12 3 -7 3 -11 -5 -10 7 -5 5 -7 0 -13 12 -6 -5 6 1 -1 2 -14 -1 -17 21 14 9 2
-2 -11 -8 -11 12 2 -8 -4 5 3 1 0 -5 1 -11 -3 15 6 9 1 -15 3 0 7 10 8 13 -20 -7 5 -13 1 5 -8 9 4 -11 12 3 -7 3 -11 -5 -10 7 -5 5 -7 0 -13 12 -6 -5 6 1 -1 2 -14 -1 -17 21 14 9 2
-2 -11 -8 -11 12 2 -8 -4 5 3 1 0 -5 1 -11 -3 15 6 9 1 -15 3 0 7 10 8 13 -20 -7 5 -13 1 5 -8 9 4 -11 12 3 -7 3 -11 -5 -10 7 -5 5 -7 0 -13 12 -6 -5 6 1 -1 2 -14 -1 -17 21 14 9 2
-2 -11 -8 -11 12 2 -8 -4 5 3 1 0 -5 1 -11 -3 15 6 9 1 -15 3 0 7 10 8 13 -20 -7 5 -13 1 5 -8 9 4 -11 12 3 -7 3 -11 -5 -10 7 -5 5 -7 0 -13 12 -6 -5 6 1 -1 2 -14 -1 -17 21 14 9 2
-2 -11 -8 -11 12 2 -8 -4 5 3 1 0 -5 1 -11 -3 15 6 9 1 -15 3 0 7 10 8 13 -20 -7 5 -13 1 5 -8 9 4 -11 12 3 -7 3 -11 -5 -10 7 -5 5 -7 0 -13 12 -6 -5 6 1 -1 2 -14 -1 -17 21 14 9 2
-2 -11 -8 -11 12 2 -8 -4 5 3 1 0 -5 1 -11 -3 15 6 9 1 -15 3 0 7 10 8 13 -20 -7 5 -13 1 5 -8 9 4 -11 12 3 -7 3 -11 -5 -10 7 -5 5 -7 0 -13 12 -6 -5 6 1 -1 2 -14 -1 -17 21 14 9 2
-2 -11 -8 -11 12 2 -8 -4 5 3 1 0 -5 1 -11 -3 15 6 9 1 -15 3 0 7 10 8 13 -20 -7 5 -13 1 5 -8 9 4 -11 12 3 -7 3 -11 -5 -10 7 -5 5 -7 0 -13 12 -6 -5 6 1 -1 2 -14 -1 -17 21 14 9 2
-2 -11 -8 -11 12 2 -8 -4 5 3 1 0 -5 1 -11 -3 15 6 9 1 -15 3 0 7 10 8 13 -20 -7 5 -13 1 5 -8 9 4 -11 12 3 -7 3 -11 -5 -10 7 -5 5 -7 0 -13 12 -6 -5 6 1 -1 2 -14 -1 -17 21 14 9 2
-2 -11 -8 -11 12 2 -8 -4 5 3 1 0 -5 1 -11 -3 15 6 9 1 -15 3 0 7 10 8 13 -20 -7 5 -13 1 5 -8 9 4 -11 12 3 -7 3 -11 -5 -10 7 -5 5 -7 0 -13 12 -6 -5 6 1 -1 2 -14 -1 -17 21 14 9 2
-2 -11 -8 -11 12 2 -8 -4 5 3 1 0 -5 1 -11 -3 15 6 9 1 -15 3 0 7 10 8 13 -20 -7 5 -13 1 5 -8 9 4 -11 12 3 -7 3 -11 -5 -10 7 -5 5 -7 0 -13 12 -6 -5 6 1 -1 2 -14 -1 -17 21 14 9 2
-2 -11 -8 -11 12 2 -8 -4 5 3 1 0 -5 1 -11 -3 15 6 9 1 -15 3 0 7 10 8 13 -20 -7 5 -13 1 5 -8 9 4 -11 12 3 -7 3 -11 -5 -10 7 -5 5 -7 0 -13 12 -6 -5 6 1 -1 2 -14 -1 -17 21 14 9 2
-2 -11 -8 -11 12 2 -8 -4 5 3 1 0 -5 1 -11 -3 15 6 9 1 -15 3 0 7 10 8 13 -20 -7 5 -13 1 5 -8 9 4 -11 12 3 -7 3 -11 -5 -10 7 -5 5 -7 0 -13 12 -6 -5 6 1 -1 2 -14 -1 -17 21 14 9 2
-2 -11 -8 -11 12 2 -8 -4 5 3 1 0 -5 1 -11 -3 15 6 9 1 -15 3 0 7 10 8 13 -20 -7 5 -13 1 5 -8 9 4 -11 12 3 -7 3 -11 -5 -10 7 -5 5 -7 0 -13 12 -6 -5 6 1 -1 2 -14 -1 -17 21 14 9 2
-2 -11 -8 -11 12 2 -8 -4 5 3 1 0 -5 1 -11 -3 15 6 9 1 -15 3 0 7 10 8 13 -20 -7 5 -13 1 5 -8 9 4 -11 12 3 -7 3 -11 -5 -10 7 -5 5 -7 0 -13 12 -6 -5 6 1 -1 2 -14 -1 -17 21 14 9 2
-2 -11 -8 -11 12 2 -8 -4 5 3 1 0 -5 1 -11 -3 15 6 9 1 -15 3 0 7 10 8 13 -20 -7 5 -13 1 5 -8 9 4 -11 12 3 -7 3 -11 -5 -10 7 -5 5 -7 0 -13 12 -6 -5 6 1 -1 2 -14 -1 -17 21 14 9 2
-2 -11 -8 -11 12 2 -8 -4 5 3 1 0 -5 1 -11 -3 15 6 9 1 -15 3 0 7 10 8 13 -20 -7 5 -13 1 5 -8 9 4 -11 12 3 -7 3 -11 -5 -10 7 -5 5 -7 0 -13 12 -6 -5 6 1 -1 2 -14 -1 -17 21 14 9 2
-2 -11 -8 -11 12 2 -8 -4 5 3 1 0 -5 1 -11 -3 15 6 9 1 -15 3 0 7 10 8 13 -20 -7 5 -13 1 5 -8 9 4 -11 12 3 -7 3 -11 -5 -10 7 -5 5 -7 0 -13 12 -6 -5 6 1 -1 2 -14 -1 -17 21 14 9 2
-2 -11 -8 -11 12 2 -8 -4 5 3 1 0 -5 1 -11 -3 15 6 9 1 -15 3 0 7 10 8 13 -20 -7 5 -13 1 5 -8 9 4 -11 12 3 -7 3 -11 -5 -10 7 -5 5 -7 0 -13 12 -6 -5 6 1 -1 2 -14 -1 -17 21 14 9 2
-2 -11 -8 -11 12 2 -8 -4 5 3 1 0 -5 1 -11 -3 15 6 9 1 -15 3 0 7 10 8 13 -20 -7 5 -13 1 5 -8 9 4 -11 12 3 -7 3 -11 -5 -10 7 -5 5 -7 0 -13 12 -6 -5 6 1 -1 2 -14 -1 -17 21 14 9 2
