-2 1 0 -2 5 -11 13 1 0 -4 -7 -1 -4 -2 -11 3 -3 -1 -13 -4 -11 3 -6 -7 -2 -7 1 2 1 7 -3 -1 -1 10 -6 -4 11 5 -1 -12 -6 0 -9 2 1 15 0 -5 -7 6 -6 3 4 2 2 2 1 -5 0 12 -1 5 -17 -3
-10 -14 16 0 0 -23 4 -3 4 -11 1 4 -5 23 -6 23 -19 11 -10 17 6 9 -3 -7 -1 -27 -14 21 -1 25 7 -12 4 4 -6 -2 20 17 -2 -1 -2 18 14 -1 2 4 -4 -8 6 -7 2 8 -13 -29 -12 0 18 2 2 7 2 21 0 -11
-5 -6 18 10 -4 1 18 2 5 1 5 15 -12 17 3 8 17 -16 -14 0 -28 6 -2 -15 -6 -17 -16 27 -18 10 5 -11 -12 14 -13 -4 20 17 -17 -1 -7 2 10 8 5 22 1 -11 12 -7 14 16 0 -26 1 -18 5 -5 19 19 6 15 0 -19
6 18 4 -10 22 -2 5 2 -25 -11 -3 4 -18 4 -9 7 -2 -27 -2 12 -11 21 9 29 6 -23 -14 13 -13 -21 -3 20 -6 -22 -5 16 20 5 -6 13 -18 1 21 18 -7 35 -7 -6 10 -26 26 5 -6 -40 -3 5 -34 -17 18 26 -13 7 -10 -16
19 -5 -12 1 -12 -17 -18 9 4 -2 2 -11 -20 7 3 4 19 -5 22 -3 -20 17 7 0 10 -1 -18 13 -16 -19 2 3 -6 -23 -10 2 7 1 16 -16 -31 -5 6 -23 13 29 -13 -21 5 5 16 -5 -7 -15 12 -8 -13 -20 21 22 -19 -4 -12 7
13 22 -7 -5 11 23 -29 24 12 20 9 7 -12 -8 -1 5 18 -14 20 5 -6 27 -11 11 23 4 -17 6 -12 -20 -2 21 3 -15 -5 -2 -5 -29 17 -21 -21 -15 17 -30 18 45 6 -12 -7 24 17 -8 -30 -48 16 -16 -4 -18 7 24 -18 20 -10 -1
28 5 10 -5 10 0 -11 3 -17 -9 23 34 11 -35 18 9 17 3 6 16 8 16 21 25 11 12 -18 -9 -45 -36 -12 16 0 -31 2 -11 -2 -18 9 0 10 -5 15 -13 16 31 -21 2 13 8 15 -3 -23 -34 10 15 -44 -12 -16 3 18 -16 -4 -21
21 25 3 -11 13 -25 -32 29 -13 -4 29 7 -7 -4 -12 -9 -5 -22 27 1 3 15 17 -7 34 -20 -28 -13 -17 -23 6 31 -2 -24 -3 -7 7 -8 -3 -9 -15 -13 24 6 25 17 -4 -14 4 -14 44 1 -7 -22 9 -3 -34 -7 8 5 -8 0 -29 -22
22 47 -8 14 -13 24 -46 -3 -18 -3 -4 19 2 13 7 0 -5 -3 -14 33 -4 9 1 36 3 2 -15 11 -26 -42 1 -5 -10 -10 12 -8 38 22 -14 4 -1 -22 19 -13 -12 3 8 7 10 10 6 37 -26 -27 1 -12 -17 -29 24 49 -18 -13 -17 -37
12 24 2 -18 8 2 8 2 20 -35 16 20 -12 -6 -6 7 -12 -1 -4 -1 -1 10 -18 14 -1 -22 2 23 19 -22 -1 -3 14 -16 -17 -4 -2 15 17 1 16 -14 -30 0 6 3 -33 -11 7 -30 4 9 0 -20 6 -23 -1 -5 -6 34 -4 5 -12 -8
27 46 -15 15 -1 19 -46 -13 -19 19 -16 21 11 18 4 -8 -13 -2 -15 75 2 21 -14 41 -3 17 -21 -6 -9 -53 4 -10 -6 -7 19 -16 43 29 -10 -3 8 -18 -1 -5 9 11 2 4 13 -25 -5 21 -25 -27 9 -20 -25 -32 19 56 -29 -7 -16 -32
26 22 -15 -24 -10 -4 -34 13 -19 7 8 27 -14 17 1 10 -14 -1 -7 40 -14 32 12 36 15 0 -21 7 -26 -48 0 15 -20 -30 2 12 35 3 -5 -49 4 -2 40 14 2 10 3 5 19 17 -3 11 -26 -44 0 2 -44 -29 -4 10 -44 -8 -2 -35
-9 9 -26 9 -23 -7 4 -18 16 5 -7 13 -26 20 7 26 1 -16 -20 17 -13 30 1 3 1 -30 6 1 15 -6 17 15 9 11 -33 8 0 -6 -6 3 -12 -23 -4 24 -7 11 5 -20 2 -14 6 -5 -16 -32 -2 -6 -1 -15 -22 15 -21 12 7 -45
-20 3 -17 15 -23 -19 6 -3 15 -7 6 2 4 6 27 10 -1 -8 -20 10 -6 20 4 -8 -1 -22 -18 10 -5 -3 24 24 -6 10 -31 -2 4 4 -15 1 -8 -7 -18 8 -4 31 -4 -13 15 3 -6 -10 1 -17 -5 11 -5 -6 -2 7 -4 15 -15 -36
-6 16 -7 4 -6 -16 3 11 26 -5 32 15 -36 12 -8 20 16 -25 -2 20 11 24 -20 8 -4 -4 5 14 -10 -14 -11 14 13 10 -48 -6 0 -7 10 -11 12 -7 0 14 3 7 -18 -13 -16 4 -6 4 -13 -28 6 9 8 3 1 37 -11 -7 1 -18
-4 12 0 19 -25 -19 -26 4 13 -17 33 23 -15 36 0 4 14 -4 -7 15 -5 32 -9 22 7 -21 -15 7 -5 -33 -17 23 -9 14 -19 21 25 -16 9 -14 -3 -2 17 23 -12 5 1 -5 -9 -6 4 4 -21 -37 3 19 -3 -9 7 29 -36 -11 -8 -14
10 28 -15 8 -17 -20 2 -22 17 9 -6 9 -13 6 14 11 22 -9 -42 6 3 38 10 3 24 -23 -33 32 6 -44 -25 3 -19 -8 -19 0 26 -8 6 -10 -12 -7 7 5 -15 49 6 22 31 9 -19 -28 -10 -31 4 2 -15 -34 -13 -7 -14 14 -9 -40
13 27 -13 4 -20 -11 1 5 5 -5 16 23 -22 13 -11 18 12 -5 -46 17 -4 44 24 -6 17 7 -20 27 -16 -65 -13 24 -21 -10 -37 5 35 -39 5 -26 -4 -10 8 20 -8 9 -4 21 9 -25 -11 -33 -43 -33 5 6 -28 -51 -13 -7 -19 -10 -15 -61
16 23 -28 6 -21 -24 -4 1 14 2 -1 5 -15 18 3 30 -6 -9 -42 19 0 45 16 1 15 -7 -20 3 7 -48 -16 8 -24 -13 -37 8 42 -6 5 -9 17 -21 -4 7 -27 34 -9 26 21 -16 -13 -14 -31 -33 10 -2 -15 -35 -22 -8 6 4 -8 -46
3 31 -30 17 -4 -15 2 -1 5 2 -15 34 11 -12 -11 12 -12 -16 -22 -5 -10 10 13 -31 6 0 -14 23 -32 -8 -28 7 -16 -6 -25 12 -12 -11 22 -49 0 28 16 15 4 26 20 11 -1 5 -25 -13 -19 -18 0 -2 -49 -36 -23 4 19 -2 -45 -29
16 8 -29 25 -11 -27 -27 3 7 6 4 18 6 16 -11 25 7 -23 -40 24 -40 26 9 -8 24 -8 -8 22 -15 -66 2 1 -13 2 -21 29 16 -11 -3 -28 21 7 14 5 -15 5 13 2 13 -5 3 -15 -38 -48 9 -1 -12 -13 -26 4 -18 -16 -39 -39
8 20 -33 -6 -10 -19 -5 24 24 -21 26 -9 -10 17 -10 17 10 -7 -25 10 -16 13 -12 -13 17 4 -12 45 -22 -35 -14 5 -4 -19 -4 6 12 9 -19 -23 7 -5 4 -3 -16 42 -3 -25 14 -3 -10 -3 -5 -44 24 -9 3 -18 10 5 -4 -12 -25 -13
1 3 0 -2 4 -1 1 2 -1 -2 -3 2 -1 4 1 4 0 0 -1 -1 -4 1 -1 -1 0 -5 1 0 -4 2 3 1 2 0 -1 0 3 1 -4 -3 1 2 0 -2 1 2 -2 1 -4 -2 -1 -3 0 -5 -2 0 5 -2 1 -1 -3 -1 -2 -3
-11 -5 7 16 11 -31 -4 10 15 11 -3 26 4 -5 -6 8 1 -27 -13 7 -9 -14 8 -19 -20 1 4 17 -6 21 -2 -3 25 -14 -20 -6 3 38 9 20 -6 24 -10 7 5 10 -20 -9 -5 -7 -24 17 15 4 0 -30 11 -2 23 20 -7 12 -8 11
10 -16 14 -15 23 -21 -9 12 -12 1 -10 10 13 -13 -19 1 -8 -14 -8 16 -8 -2 -24 3 -11 -6 -1 -3 -5 10 -4 -38 26 -10 -35 16 -1 29 10 2 -1 1 -24 6 -16 13 -13 14 9 -8 -15 14 -23 -1 -11 -30 -18 -24 30 6 33 11 -19 -5
-20 7 -16 -8 13 -5 31 6 0 -9 -23 8 -2 -1 -4 9 -19 -22 -36 21 -10 -2 -25 33 -20 -8 20 -29 -7 29 12 21 14 -2 -8 23 -13 38 -20 25 -9 -4 21 10 -1 32 4 -9 10 -18 23 13 -6 -33 -22 -40 -23 -23 6 25 -5 1 4 10
-13 -10 -21 8 2 -11 32 -9 8 11 -10 -13 -16 -13 -15 -2 7 -27 -15 -9 -14 5 -18 26 10 4 4 -25 -1 28 2 3 18 9 -41 4 2 8 -6 15 -24 -4 11 -18 33 44 -5 1 -8 6 7 11 -1 -30 -7 -32 -25 -20 13 19 -6 -5 1 23
-7 14 -19 -1 16 11 31 1 20 26 -7 4 -3 -22 -7 2 11 -40 -8 12 -3 20 -27 37 7 20 13 -37 -2 4 22 14 20 5 -8 5 -1 -21 -10 -12 -13 -2 25 -31 31 52 4 7 13 15 26 9 -21 -43 -6 -48 -22 -2 -10 27 16 1 -11 25
-12 -8 -34 4 24 -13 36 2 -2 19 11 14 21 -51 -6 7 8 0 -38 26 -1 1 6 56 -4 20 25 -46 -29 11 15 5 3 -10 -12 -10 -2 -7 1 36 -13 -15 13 -13 27 42 -13 10 28 25 12 8 -22 -41 -1 -27 -32 -13 -11 7 38 -21 -1 14
-1 9 -8 -2 6 -10 19 3 -2 8 9 8 12 -19 -19 -3 -16 -25 -2 17 5 10 -10 17 14 2 11 -33 -5 -1 19 25 4 10 -15 0 -7 3 -4 25 -7 -16 12 0 31 25 18 -21 9 -16 37 14 0 -23 7 -25 -46 -10 -5 11 7 8 -29 2
-3 22 -26 16 -8 11 16 -6 -1 23 -17 17 3 -13 -17 -15 12 -11 -48 56 -19 -2 -27 57 13 19 20 -26 -8 -13 18 -1 -1 2 -9 -5 21 26 -7 17 2 -21 20 -9 33 26 17 15 31 8 15 39 -14 -41 -4 -36 -35 -43 17 36 15 -24 -16 -16
-5 31 -30 10 -9 21 2 -5 -3 36 -30 24 28 2 -18 -10 -5 -6 -31 67 6 -8 -22 57 -5 37 16 -37 10 -15 10 -2 -7 5 5 -7 31 24 -18 17 13 -13 11 -4 46 16 8 12 9 1 8 47 -7 -27 7 -31 -26 -20 16 42 1 -32 -18 11
-7 16 -21 -23 -3 -7 19 5 3 49 -1 36 6 -9 -26 5 -17 -11 -37 47 -16 29 -3 53 0 19 28 -48 -2 -2 14 19 5 7 -7 3 8 20 -8 -3 0 -8 31 0 38 31 16 10 21 4 -1 28 -18 -22 6 -54 -33 -30 10 26 -5 -15 -17 -18
-14 -4 -10 24 -18 -5 10 -1 -5 -6 16 9 1 5 -10 2 5 -22 -31 2 -12 1 -9 11 -6 7 -2 -1 10 9 3 18 14 17 -19 13 -18 8 -11 6 -8 -12 -3 5 6 26 0 -5 5 -18 1 -13 9 -30 -16 -15 -19 18 -13 -7 -3 -8 -25 -32
-12 19 -18 2 -7 -10 46 -21 31 25 -18 8 -5 -14 -19 21 14 -11 -62 7 0 21 -2 16 16 17 10 -24 18 0 -20 6 -9 0 -28 -12 30 -8 17 15 -13 -12 4 18 19 51 12 31 19 2 -28 11 -7 -32 -1 -22 -21 -32 -19 -20 11 -3 -4 -16
-40 27 -39 -22 4 -11 48 -22 18 38 -8 18 -4 -32 -41 8 19 -7 -73 41 18 18 7 12 10 51 22 -27 -7 3 15 20 10 8 -42 -7 25 -33 9 18 -9 -7 12 3 35 33 7 40 -1 -16 -38 4 -10 -22 -6 -46 -26 -40 -9 -39 9 -20 -39 -32
-13 17 -32 -6 -18 -19 40 0 12 29 -14 9 -9 -6 -25 26 2 -17 -72 21 0 26 15 9 17 30 7 -34 14 -8 -9 13 -10 -7 -30 5 21 -19 -8 17 -9 -30 2 2 16 47 0 27 8 -8 -13 16 -9 -43 0 -40 -9 -22 -28 -14 16 -5 -4 -21
-14 21 -30 -3 6 -4 15 -12 9 18 -5 26 14 -38 -41 18 -11 -11 -29 7 -8 -5 -3 7 -6 9 15 -11 -13 11 -11 13 -1 -7 -26 22 -3 -12 13 -15 -1 14 16 12 23 34 26 37 11 8 -43 12 -8 -29 -12 -23 -56 -22 -30 1 40 1 -43 -18
-29 11 -48 -3 -2 -23 5 3 15 24 -2 22 23 -15 -30 23 -2 -13 -54 32 -20 5 -15 36 23 12 25 -7 -7 -18 6 16 -8 8 -29 10 7 -6 -4 8 25 2 11 7 26 17 27 25 2 11 -19 19 -1 -44 5 -43 -1 -12 -20 7 3 -24 -44 -26
-13 13 -39 -8 -3 3 25 24 34 6 15 -2 7 19 -35 20 -3 8 -49 18 -1 12 -28 19 2 -4 38 18 -7 3 -11 18 20 -8 -29 1 -2 -8 -12 6 18 -6 16 -11 14 28 1 11 0 -7 -10 18 3 -39 3 -5 25 1 -9 8 10 -16 -22 -8
-1 2 0 -2 0 -2 1 2 -1 0 -3 1 0 -1 1 0 -2 0 0 -1 -4 -1 -1 0 0 -2 0 -1 -3 3 0 0 0 -1 -1 1 2 1 -1 -1 0 0 0 -1 0 1 0 1 -3 -1 0 0 -1 0 0 -1 1 -3 2 0 -1 1 -1 -2
14 -3 13 12 -4 26 11 13 10 9 22 -25 16 -19 -14 10 11 -15 -13 13 -1 -6 -3 -22 -5 -13 11 28 -12 6 0 25 -17 -5 8 13 -26 29 7 21 -6 6 6 -28 -8 -4 -22 -8 11 -11 -14 -9 -8 -34 0 -2 7 -22 13 8 4 -3 -27 -30
14 -3 13 12 -4 26 11 13 10 9 22 -25 16 -19 -14 10 11 -15 -13 13 -1 -6 -3 -22 -5 -13 11 28 -12 6 0 25 -17 -5 8 13 -26 29 7 21 -6 6 6 -28 -8 -4 -22 -8 11 -11 -14 -9 -8 -34 0 -2 7 -22 13 8 4 -3 -27 -30
14 -3 13 12 -4 26 11 13 10 9 22 -25 16 -19 -14 10 11 -15 -13 13 -1 -6 -3 -22 -5 -13 11 28 -12 6 0 25 -17 -5 8 13 -26 29 7 21 -6 6 6 -28 -8 -4 -22 -8 11 -11 -14 -9 -8 -34 0 -2 7 -22 13 8 4 -3 -27 -30
14 -3 13 12 -4 26 11 13 10 9 22 -25 16 -19 -14 10 11 -15 -13 13 -1 -6 -3 -22 -5 -13 11 28 -12 6 0 25 -17 -5 8 13 -26 29 7 21 -6 6 6 -28 -8 -4 -22 -8 11 -11 -14 -9 -8 -34 0 -2 7 -22 13 8 4 -3 -27 -30
14 -3 13 12 -4 26 11 13 10 9 22 -25 16 -19 -14 10 11 -15 -13 13 -1 -6 -3 -22 -5 -13 11 28 -12 6 0 25 -17 -5 8 13 -26 29 7 21 -6 6 6 -28 -8 -4 -22 -8 11 -11 -14 -9 -8 -34 0 -2 7 -22 13 8 4 -3 -27 -30
14 -3 13 12 -4 26 11 13 10 9 22 -25 16 -19 -14 10 11 -15 -13 13 -1 -6 -3 -22 -5 -13 11 28 -12 6 0 25 -17 -5 8 13 -26 29 7 21 -6 6 6 -28 -8 -4 -22 -8 11 -11 -14 -9 -8 -34 0 -2 7 -22 13 8 4 -3 -27 -30
14 -3 13 12 -4 26 11 13 10 9 22 -25 16 -19 -14 10 11 -15 -13 13 -1 -6 -3 -22 -5 -13 11 28 -12 6 0 25 -17 -5 8 13 -26 29 7 21 -6 6 6 -28 -8 -4 -22 -8 11 -11 -14 -9 -8 -34 0 -2 7 -22 13 8 4 -3 -27 -30
14 -3 13 12 -4 26 11 13 10 9 22 -25 16 -19 -14 10 11 -15 -13 13 -1 -6 -3 -22 -5 -13 11 28 -12 6 0 25 -17 -5 8 13 -26 29 7 21 -6 6 6 -28 -8 -4 -22 -8 11 -11 -14 -9 -8 -34 0 -2 7 -22 13 8 4 -3 -27 -30
14 -3 13 12 -4 26 11 13 10 9 22 -25 16 -19 -14 10 11 -15 -13 13 -1 -6 -3 -22 -5 -13 11 28 -12 6 0 25 -17 -5 8 13 -26 29 7 21 -6 6 6 -28 -8 -4 -22 -8 11 -11 -14 -9 -8 -34 0 -2 7 -22 13 8 4 -3 -27 -30
14 -3 13 12 -4 26 11 13 10 9 22 -25 16 -19 -14 10 11 -15 -13 13 -1 -6 -3 -22 -5 -13 11 28 -12 6 0 25 -17 -5 8 13 -26 29 7 21 -6 6 6 -28 -8 -4 -22 -8 11 -11 -14 -9 -8 -34 0 -2 7 -22 13 8 4 -3 -27 -30
14 -3 13 12 -4 26 11 13 10 9 22 -25 16 -19 -14 10 11 -15 -13 13 -1 -6 -3 -22 -5 -13 11 28 -12 6 0 25 -17 -5 8 13 -26 29 7 21 -6 6 6 -28 -8 -4 -22 -8 11 -11 -14 -9 -8 -34 0 -2 7 -22 13 8 4 -3 -27 -30
14 -3 13 12 -4 26 11 13 10 9 22 -25 16 -19 -14 10 11 -15 -13 13 -1 -6 -3 -22 -5 -13 11 28 -12 6 0 25 -17 -5 8 13 -26 29 7 21 -6 6 6 -28 -8 -4 -22 -8 11 -11 -14 -9 -8 -34 0 -2 7 -22 13 8 4 -3 -27 -30
14 -3 13 12 -4 26 11 13 10 9 22 -25 16 -19 -14 10 11 -15 -13 13 -1 -6 -3 -22 -5 -13 11 28 -12 6 0 25 -17 -5 8 13 -26 29 7 21 -6 6 6 -28 -8 -4 -22 -8 11 -11 -14 -9 -8 -34 0 -2 7 -22 13 8 4 -3 -27 -30
14 -3 13 12 -4 26 11 13 10 9 22 -25 16 -19 -14 10 11 -15 -13 13 -1 -6 -3 -22 -5 -13 11 28 -12 6 0 25 -17 -5 8 13 -26 29 7 21 -6 6 6 -28 -8 -4 -22 -8 11 -11 -14 -9 -8 -34 0 -2 7 -22 13 8 4 -3 -27 -30
14 -3 13 12 -4 26 11 13 10 9 22 -25 16 -19 -14 10 11 -15 -13 13 -1 -6 -3 -22 -5 -13 11 28 -12 6 0 25 -17 -5 8 13 -26 29 7 21 -6 6 6 -28 -8 -4 -22 -8 11 -11 -14 -9 -8 -34 0 -2 7 -22 13 8 4 -3 -27 -30
14 -3 13 12 -4 26 11 13 10 9 22 -25 16 -19 -14 10 11 -15 -13 13 -1 -6 -3 -22 -5 -13 11 28 -12 6 0 25 -17 -5 8 13 -26 29 7 21 -6 6 6 -28 -8 -4 -22 -8 11 -11 -14 -9 -8 -34 0 -2 7 -22 13 8 4 -3 -27 -30
14 -3 13 12 -4 26 11 13 10 9 22 -25 16 -19 -14 10 11 -15 -13 13 -1 -6 -3 -22 -5 -13 11 28 -12 6 0 25 -17 -5 8 13 -26 29 7 21 -6 6 6 -28 -8 -4 -22 -8 11 -11 -14 -9 -8 -34 0 -2 7 -22 13 8 4 -3 -27 -30
14 -3 13 12 -4 26 11 13 10 9 22 -25 16 -19 -14 10 11 -15 -13 13 -1 -6 -3 -22 -5 -13 11 28 -12 6 0 25 -17 -5 8 13 -26 29 7 21 -6 6 6 -28 -8 -4 -22 -8 11 -11 -14 -9 -8 -34 0 -2 7 -22 13 8 4 -3 -27 -30
14 -3 13 12 -4 26 11 13 10 9 22 -25 16 -19 -14 10 11 -15 -13 13 -1 -6 -3 -22 -5 -13 11 28 -12 6 0 25 -17 -5 8 13 -26 29 7 21 -6 6 6 -28 -8 -4 -22 -8 11 -11 -14 -9 -8 -34 0 -2 7 -22 13 8 4 -3 -27 -30
14 -3 13 12 -4 26 11 13 10 9 22 -25 16 -19 -14 10 11 -15 -13 13 -1 -6 -3 -22 -5 -13 11 28 -12 6 0 25 -17 -5 8 13 -26 29 7 21 -6 6 6 -28 -8 -4 -22 -8 11 -11 -14 -9 -8 -34 0 -2 7 -22 13 8 4 -3 -27 -30
14 -3 13 12 -4 26 11 13 10 9 22 -25 16 -19 -14 10 11 -15 -13 13 -1 -6 -3 -22 -5 -13 11 28 -12 6 0 25 -17 -5 8 13 -26 29 7 21 -6 6 6 -28 -8 -4 -22 -8 11 -11 -14 -9 -8 -34 0 -2 7 -22 13 8 4 -3 -27 -30
14 -3 13 12 -4 26 11 13 10 9 22 -25 16 -19 -14 10 11 -15 -13 13 -1 -6 -3 -22 -5 -13 11 28 -12 6 0 25 -17 -5 8 13 -26 29 7 21 -6 6 6 -28 -8 -4 -22 -8 11 -11 -14 -9 -8 -34 0 -2 7 -22 13 8 4 -3 -27 -30
14 -3 13 12 -4 26 11 13 10 9 22 -25 16 -19 -14 10 11 -15 -13 13 -1 -6 -3 -22 -5 -13 11 28 -12 6 0 25 -17 -5 8 13 -26 29 7 21 -6 6 6 -28 -8 -4 -22 -8 11 -11 -14 -9 -8 -34 0 -2 7 -22 13 8 4 -3 -27 -30
14 -3 13 12 -4 26 11 13 10 9 22 -25 16 -19 -14 10 11 -15 -13 13 -1 -6 -3 -22 -5 -13 11 28 -12 6 0 25 -17 -5 8 13 -26 29 7 21 -6 6 6 -28 -8 -4 -22 -8 11 -11 -14 -9 -8 -34 0 -2 7 -22 13 8 4 -3 -27 -30
14 -3 13 12 -4 26 11 13 10 9 22 -25 16 -19 -14 10 11 -15 -13 13 -1 -6 -3 -22 -5 -13 11 28 -12 6 0 25 -17 -5 8 13 -26 29 7 21 -6 6 6 -28 -8 -4 -22 -8 11 -11 -14 -9 -8 -34 0 -2 7 -22 13 8 4 -3 -27 -30
14 -3 13 12 -4 26 11 13 10 9 22 -25 16 -19 -14 10 11 -15 -13 13 -1 -6 -3 -22 -5 -13 11 28 -12 6 0 25 -17 -5 8 13 -26 29 7 21 -6 6 6 -28 -8 -4 -22 -8 11 -11 -14 -9 -8 -34 0 -2 7 -22 13 8 4 -3 -27 -30
14 -3 13 12 -4 26 11 13 10 9 22 -25 16 -19 -14 10 11 -15 -13 13 -1 -6 -3 -22 -5 -13 11 28 -12 6 0 25 -17 -5 8 13 -26 29 7 21 -6 6 6 -28 -8 -4 -22 -8 11 -11 -14 -9 -8 -34 0 -2 7 -22 13 8 4 -3 -27 -30
14 -3 13 12 -4 26 11 13 10 9 22 -25 16 -19 -14 10 11 -15 -13 13 -1 -6 -3 -22 -5 -13 11 28 -12 6 0 25 -17 -5 8 13 -26 29 7 21 -6 6 6 -28 -8 -4 -22 -8 11 -11 -14 -9 -8 -34 0 -2 7 -22 13 8 4 -3 -27 -30
14 -3 13 12 -4 26 11 13 10 9 22 -25 16 -19 -14 10 11 -15 -13 13 -1 -6 -3 -22 -5 -13 11 28 -12 6 0 25 -17 -5 8 13 -26 29 7 21 -6 6 6 -28 -8 -4 -22 -8 11 -11 -14 -9 -8 -34 0 -2 7 -22 13 8 4 -3 -27 -30
14 -3 13 12 -4 26 11 13 10 9 22 -25 16 -19 -14 10 11 -15 -13 13 -1 -6 -3 -22 -5 -13 11 28 -12 6 0 25 -17 -5 8 13 -26 29 7 21 -6 6 6 -28 -8 -4 -22 -8 11 -11 -14 -9 -8 -34 0 -2 7 -22 13 8 4 -3 -27 -30
14 -3 13 12 -4 26 11 13 10 9 22 -25 16 -19 -14 10 11 -15 -13 13 -1 -6 -3 -22 -5 -13 11 28 -12 6 0 25 -17 -5 8 13 -26 29 7 21 -6 6 6 -28 -8 -4 -22 -8 11 -11 -14 -9 -8 -34 0 -2 7 -22 13 8 4 -3 -27 -30
14 -3 13 12 -4 26 11 13 10 9 22 -25 16 -19 -14 10 11 -15 -13 13 -1 -6 -3 -22 -5 -13 11 28 -12 6 0 25 -17 -5 8 13 -26 29 7 21 -6 6 6 -28 -8 -4 -22 -8 11 -11 -14 -9 -8 -34 0 -2 7 -22 13 8 4 -3 -27 -30
14 -3 13 12 -4 26 11 13 10 9 22 -25 16 -19 -14 10 11 -15 -13 13 -1 -6 -3 -22 -5 -13 11 28 -12 6 0 25 -17 -5 8 13 -26 29 7 21 -6 6 6 -28 -8 -4 -22 -8 11 -11 -14 -9 -8 -34 0 -2 7 -22 13 8 4 -3 -27 -30
14 -3 13 12 -4 26 11 13 10 9 22 -25 16 -19 -14 10 11 -15 -13 13 -1 -6 -3 -22 -5 -13 11 28 -12 6 0 25 -17 -5 8 13 -26 29 7 21 -6 6 6 -28 -8 -4 -22 -8 11 -11 -14 -9 -8 -34 0 -2 7 -22 13 8 4 -3 -27 -30
14 -3 13 12 -4 26 11 13 10 9 22 -25 16 -19 -14 10 11 -15 -13 13 -1 -6 -3 -22 -5 -13 11 28 -12 6 0 25 -17 -5 8 13 -26 29 7 21 -6 6 6 -28 -8 -4 -22 -8 11 -11 -14 -9 -8 -34 0 -2 7 -22 13 8 4 -3 -27 -30
14 -3 13 12 -4 26 11 13 10 9 22 -25 16 -19 -14 10 11 -15 -13 13 -1 -6 -3 -22 -5 -13 11 28 -12 6 0 25 -17 -5 8 13 -26 29 7 21 -6 6 6 -28 -8 -4 -22 -8 11 -11 -14 -9 -8 -34 0 -2 7 -22 13 8 4 -3 -27 -30
14 -3 13 12 -4 26 11 13 10 9 22 -25 16 -19 -14 10 11 -15 -13 13 -1 -6 -3 -22 -5 -13 11 28 -12 6 0 25 -17 -5 8 13 -26 29 7 21 -6 6 6 -28 -8 -4 -22 -8 11 -11 -14 -9 -8 -34 0 -2 7 -22 13 8 4 -3 -27 -30
14 -3 13 12 -4 26 11 13 10 9 22 -25 16 -19 -14 10 11 -15 -13 13 -1 -6 -3 -22 -5 -13 11 28 -12 6 0 25 -17 -5 8 13 -26 29 7 21 -6 6 6 -28 -8 -4 -22 -8 11 -11 -14 -9 -8 -34 0 -2 7 -22 13 8 4 -3 -27 -30
14 -3 13 12 -4 26 11 13 10 9 22 -25 16 -19 -14 10 11 -15 -13 13 -1 -6 -3 -22 -5 -13 11 28 -12 6 0 25 -17 -5 8 13 -26 29 7 21 -6 6 6 -28 -8 -4 -22 -8 11 -11 -14 -9 -8 -34 0 -2 7 -22 13 8 4 -3 -27 -30
14 -3 13 12 -4 26 11 13 10 9 22 -25 16 -19 -14 10 11 -15 -13 13 -1 -6 -3 -22 -5 -13 11 28 -12 6 0 25 -17 -5 8 13 -26 29 7 21 -6 6 6 -28 -8 -4 -22 -8 11 -11 -14 -9 -8 -34 0 -2 7 -22 13 8 4 -3 -27 -30
14 -3 13 12 -4 26 11 13 10 9 22 -25 16 -19 -14 10 11 -15 -13 13 -1 -6 -3 -22 -5 -13 11 28 -12 6 0 25 -17 -5 8 13 -26 29 7 21 -6 6 6 -28 -8 -4 -22 -8 11 -11 -14 -9 -8 -34 0 -2 7 -22 13 8 4 -3 -27 -30
14 -3 13 12 -4 26 11 13 10 9 22 -25 16 -19 -14 10 11 -15 -13 13 -1 -6 -3 -22 -5 -13 11 28 -12 6 0 25 -17 -5 8 13 -26 29 7 21 -6 6 6 -28 -8 -4 -22 -8 11 -11 -14 -9 -8 -34 0 -2 7 -22 13 8 4 -3 -27 -30
14 -3 13 12 -4 26 11 13 10 9 22 -25 16 -19 -14 10 11 -15 -13 13 -1 -6 -3 -22 -5 -13 11 28 -12 6 0 25 -17 -5 8 13 -26 29 7 21 -6 6 6 -28 -8 -4 -22 -8 11 -11 -14 -9 -8 -34 0 -2 7 -22 13 8 4 -3 -27 -30
14 -3 13 12 -4 26 11 13 10 9 22 -25 16 -19 -14 10 11 -15 -13 13 -1 -6 -3 -22 -5 -13 11 28 -12 6 0 25 -17 -5 8 13 -26 29 7 21 -6 6 6 -28 -8 -4 -22 -8 11 -11 -14 -9 -8 -34 0 -2 7 -22 13 8 4 -3 -27 -30
14 -3 13 12 -4 26 11 13 10 9 22 -25 16 -19 -14 10 11 -15 -13 13 -1 -6 -3 -22 -5 -13 11 28 -12 6 0 25 -17 -5 8 13 -26 29 7 21 -6 6 6 -28 -8 -4 -22 -8 11 -11 -14 -9 -8 -34 0 -2 7 -22 13 8 4 -3 -27 -30
14 -3 13 12 -4 26 11 13 10 9 22 -25 16 -19 -14 10 11 -15 -13 13 -1 -6 -3 -22 -5 -13 11 28 -12 6 0 25 -17 -5 8 13 -26 29 7 21 -6 6 6 -28 -8 -4 -22 -8 11 -11 -14 -9 -8 -34 0 -2 7 -22 13 8 4 -3 -27 -30
14 -3 13 12 -4 26 11 13 10 9 22 -25 16 -19 -14 10 11 -15 -13 13 -1 -6 -3 -22 -5 -13 11 28 -12 6 0 25 -17 -5 8 13 -26 29 7 21 -6 6 6 -28 -8 -4 -22 -8 11 -11 -14 -9 -8 -34 0 -2 7 -22 13 8 4 -3 -27 -30
14 -3 13 12 -4 26 11 13 10 9 22 -25 16 -19 -14 10 11 -15 -13 13 -1 -6 -3 -22 -5 -13 11 28 -12 6 0 25 -17 -5 8 13 -26 29 7 21 -6 6 6 -28 -8 -4 -22 -8 11 -11 -14 -9 -8 -34 0 -2 7 -22 13 8 4 -3 -27 -30
14 -3 13 12 -4 26 11 13 10 9 22 -25 16 -19 -14 10 11 -15 -13 13 -1 -6 -3 -22 -5 -13 11 28 -12 6 0 25 -17 -5 8 13 -26 29 7 21 -6 6 6 -28 -8 -4 -22 -8 11 -11 -14 -9 -8 -34 0 -2 7 -22 13 8 4 -3 -27 -30
14 -3 13 12 -4 26 11 13 10 9 22 -25 16 -19 -14 10 11 -15 -13 13 -1 -6 -3 -22 -5 -13 11 28 -12 6 0 25 -17 -5 8 13 -26 29 7 21 -6 6 6 -28 -8 -4 -22 -8 11 -11 -14 -9 -8 -34 0 -2 7 -22 13 8 4 -3 -27 -30
14 -3 13 12 -4 26 11 13 10 9 22 -25 16 -19 -14 10 11 -15 -13 13 -1 -6 -3 -22 -5 -13 11 28 -12 6 0 25 -17 -5 8 13 -26 29 7 21 -6 6 6 -28 -8 -4 -22 -8 11 -11 -14 -9 -8 -34 0 -2 7 -22 13 8 4 -3 -27 -30
14 -3 13 12 -4 26 11 13 10 9 22 -25 16 -19 -14 10 11 -15 -13 13 -1 -6 -3 -22 -5 -13 11 28 -12 6 0 25 -17 -5 8 13 -26 29 7 21 -6 6 6 -28 -8 -4 -22 -8 11 -11 -14 -9 -8 -34 0 -2 7 -22 13 8 4 -3 -27 -30
14 -3 13 12 -4 26 11 13 10 9 22 -25 16 -19 -14 10 11 -15 -13 13 -1 -6 -3 -22 -5 -13 11 28 -12 6 0 25 -17 -5 8 13 -26 29 7 21 -6 6 6 -28 -8 -4 -22 -8 11 -11 -14 -9 -8 -34 0 -2 7 -22 13 8 4 -3 -27 -30
14 -3 13 12 -4 26 11 13 10 9 22 -25 16 -19 -14 10 11 -15 -13 13 -1 -6 -3 -22 -5 -13 11 28 -12 6 0 25 -17 -5 8 13 -26 29 7 21 -6 6 6 -28 -8 -4 -22 -8 11 -11 -14 -9 -8 -34 0 -2 7 -22 13 8 4 -3 -27 -30
14 -3 13 12 -4 26 11 13 10 9 22 -25 16 -19 -14 10 11 -15 -13 13 -1 -6 -3 -22 -5 -13 11 28 -12 6 0 25 -17 -5 8 13 -26 29 7 21 -6 6 6 -28 -8 -4 -22 -8 11 -11 -14 -9 -8 -34 0 -2 7 -22 13 8 4 -3 -27 -30
14 -3 13 12 -4 26 11 13 10 9 22 -25 16 -19 -14 10 11 -15 -13 13 -1 -6 -3 -22 -5 -13 11 28 -12 6 0 25 -17 -5 8 13 -26 29 7 21 -6 6 6 -28 -8 -4 -22 -8 11 -11 -14 -9 -8 -34 0 -2 7 -22 13 8 4 -3 -27 -30
14 -3 13 12 -4 26 11 13 10 9 22 -25 16 -19 -14 10 11 -15 -13 13 -1 -6 -3 -22 -5 -13 11 28 -12 6 0 25 -17 -5 8 13 -26 29 7 21 -6 6 6 -28 -8 -4 -22 -8 11 -11 -14 -9 -8 -34 0 -2 7 -22 13 8 4 -3 -27 -30
14 -3 13 12 -4 26 11 13 10 9 22 -25 16 -19 -14 10 11 -15 -13 13 -1 -6 -3 -22 -5 -13 11 28 -12 6 0 25 -17 -5 8 13 -26 29 7 21 -6 6 6 -28 -8 -4 -22 -8 11 -11 -14 -9 -8 -34 0 -2 7 -22 13 8 4 -3 -27 -30
14 -3 13 12 -4 26 11 13 10 9 22 -25 16 -19 -14 10 11 -15 -13 13 -1 -6 -3 -22 -5 -13 11 28 -12 6 0 25 -17 -5 8 13 -26 29 7 21 -6 6 6 -28 -8 -4 -22 -8 11 -11 -14 -9 -8 -34 0 -2 7 -22 13 8 4 -3 -27 -30
14 -3 13 12 -4 26 11 13 10 9 22 -25 16 -19 -14 10 11 -15 -13 13 -1 -6 -3 -22 -5 -13 11 28 -12 6 0 25 -17 -5 8 13 -26 29 7 21 -6 6 6 -28 -8 -4 -22 -8 11 -11 -14 -9 -8 -34 0 -2 7 -22 13 8 4 -3 -27 -30
14 -3 13 12 -4 26 11 13 10 9 22 -25 16 -19 -14 10 11 -15 -13 13 -1 -6 -3 -22 -5 -13 11 28 -12 6 0 25 -17 -5 8 13 -26 29 7 21 -6 6 6 -28 -8 -4 -22 -8 11 -11 -14 -9 -8 -34 0 -2 7 -22 13 8 4 -3 -27 -30
14 -3 13 12 -4 26 11 13 10 9 22 -25 16 -19 -14 10 11 -15 -13 13 -1 -6 -3 -22 -5 -13 11 28 -12 6 0 25 -17 -5 8 13 -26 29 7 21 -6 6 6 -28 -8 -4 -22 -8 11 -11 -14 -9 -8 -34 0 -2 7 -22 13 8 4 -3 -27 -30
14 -3 13 12 -4 26 11 13 10 9 22 -25 16 -19 -14 10 11 -15 -13 13 -1 -6 -3 -22 -5 -13 11 28 -12 6 0 25 -17 -5 8 13 -26 29 7 21 -6 6 6 -28 -8 -4 -22 -8 11 -11 -14 -9 -8 -34 0 -2 7 -22 13 8 4 -3 -27 -30
14 -3 13 12 -4 26 11 13 10 9 22 -25 16 -19 -14 10 11 -15 -13 13 -1 -6 -3 -22 -5 -13 11 28 -12 6 0 25 -17 -5 8 13 -26 29 7 21 -6 6 6 -28 -8 -4 -22 -8 11 -11 -14 -9 -8 -34 0 -2 7 -22 13 8 4 -3 -27 -30
14 -3 13 12 -4 26 11 13 10 9 22 -25 16 -19 -14 10 11 -15 -13 13 -1 -6 -3 -22 -5 -13 11 28 -12 6 0 25 -17 -5 8 13 -26 29 7 21 -6 6 6 -28 -8 -4 -22 -8 11 -11 -14 -9 -8 -34 0 -2 7 -22 13 8 4 -3 -27 -30
14 -3 13 12 -4 26 11 13 10 9 22 -25 16 -19 -14 10 11 -15 -13 13 -1 -6 -3 -22 -5 -13 11 28 -12 6 0 25 -17 -5 8 13 -26 29 7 21 -6 6 6 -28 -8 -4 -22 -8 11 -11 -14 -9 -8 -34 0 -2 7 -22 13 8 4 -3 -27 -30
14 -3 13 12 -4 26 11 13 10 9 22 -25 16 -19 -14 10 11 -15 -13 13 -1 -6 -3 -22 -5 -13 11 28 -12 6 0 25 -17 -5 8 13 -26 29 7 21 -6 6 6 -28 -8 -4 -22 -8 11 -11 -14 -9 -8 -34 0 -2 7 -22 13 8 4 -3 -27 -30
14 -3 13 12 -4 26 11 13 10 9 22 -25 16 -19 -14 10 11 -15 -13 13 -1 -6 -3 -22 -5 -13 11 28 -12 6 0 25 -17 -5 8 13 -26 29 7 21 -6 6 6 -28 -8 -4 -22 -8 11 -11 -14 -9 -8 -34 0 -2 7 -22 13 8 4 -3 -27 -30
14 -3 13 12 -4 26 11 13 10 9 22 -25 16 -19 -14 10 11 -15 -13 13 -1 -6 -3 -22 -5 -13 11 28 -12 6 0 25 -17 -5 8 13 -26 29 7 21 -6 6 6 -28 -8 -4 -22 -8 11 -11 -14 -9 -8 -34 0 -2 7 -22 13 8 4 -3 -27 -30
14 -3 13 12 -4 26 11 13 10 9 22 -25 16 -19 -14 10 11 -15 -13 13 -1 -6 -3 -22 -5 -13 11 28 -12 6 0 25 -17 -5 8 13 -26 29 7 21 -6 6 6 -28 -8 -4 -22 -8 11 -11 -14 -9 -8 -34 0 -2 7 -22 13 8 4 -3 -27 -30
14 -3 13 12 -4 26 11 13 10 9 22 -25 16 -19 -14 10 11 -15 -13 13 -1 -6 -3 -22 -5 -13 11 28 -12 6 0 25 -17 -5 8 13 -26 29 7 21 -6 6 6 -28 -8 -4 -22 -8 11 -11 -14 -9 -8 -34 0 -2 7 -22 13 8 4 -3 -27 -30
14 -3 13 12 -4 26 11 13 10 9 22 -25 16 -19 -14 10 11 -15 -13 13 -1 -6 -3 -22 -5 -13 11 28 -12 6 0 25 -17 -5 8 13 -26 29 7 21 -6 6 6 -28 -8 -4 -22 -8 11 -11 -14 -9 -8 -34 0 -2 7 -22 13 8 4 -3 -27 -30
14 -3 13 12 -4 26 11 13 10 9 22 -25 16 -19 -14 10 11 -15 -13 13 -1 -6 -3 -22 -5 -13 11 28 -12 6 0 25 -17 -5 8 13 -26 29 7 21 -6 6 6 -28 -8 -4 -22 -8 11 -11 -14 -9 -8 -34 0 -2 7 -22 13 8 4 -3 -27 -30
14 -3 13 12 -4 26 11 13 10 9 22 -25 16 -19 -14 10 11 -15 -13 13 -1 -6 -3 -22 -5 -13 11 28 -12 6 0 25 -17 -5 8 13 -26 29 7 21 -6 6 6 -28 -8 -4 -22 -8 11 -11 -14 -9 -8 -34 0 -2 7 -22 13 8 4 -3 -27 -30
14 -3 13 12 -4 26 11 13 10 9 22 -25 16 -19 -14 10 11 -15 -13 13 -1 -6 -3 -22 -5 -13 11 28 -12 6 0 25 -17 -5 8 13 -26 29 7 21 -6 6 6 -28 -8 -4 -22 -8 11 -11 -14 -9 -8 -34 0 -2 7 -22 13 8 4 -3 -27 -30
14 -3 13 12 -4 26 11 13 10 9 22 -25 16 -19 -14 10 11 -15 -13 13 -1 -6 -3 -22 -5 -13 11 28 -12 6 0 25 -17 -5 8 13 -26 29 7 21 -6 6 6 -28 -8 -4 -22 -8 11 -11 -14 -9 -8 -34 0 -2 7 -22 13 8 4 -3 -27 -30
14 -3 13 12 -4 26 11 13 10 9 22 -25 16 -19 -14 10 11 -15 -13 13 -1 -6 -3 -22 -5 -13 11 28 -12 6 0 25 -17 -5 8 13 -26 29 7 21 -6 6 6 -28 -8 -4 -22 -8 11 -11 -14 -9 -8 -34 0 -2 7 -22 13 8 4 -3 -27 -30
14 -3 13 12 -4 26 11 13 10 9 22 -25 16 -19 -14 10 11 -15 -13 13 -1 -6 -3 -22 -5 -13 11 28 -12 6 0 25 -17 -5 8 13 -26 29 7 21 -6 6 6 -28 -8 -4 -22 -8 11 -11 -14 -9 -8 -34 0 -2 7 -22 13 8 4 -3 -27 -30
14 -3 13 12 -4 26 11 13 10 9 22 -25 16 -19 -14 10 11 -15 -13 13 -1 -6 -3 -22 -5 -13 11 28 -12 6 0 25 -17 -5 8 13 -26 29 7 21 -6 6 6 -28 -8 -4 -22 -8 11 -11 -14 -9 -8 -34 0 -2 7 -22 13 8 4 -3 -27 -30
14 -3 13 12 -4 26 11 13 10 9 22 -25 16 -19 -14 10 11 -15 -13 13 -1 -6 -3 -22 -5 -13 11 28 -12 6 0 25 -17 -5 8 13 -26 29 7 21 -6 6 6 -28 -8 -4 -22 -8 11 -11 -14 -9 -8 -34 0 -2 7 -22 13 8 4 -3 -27 -30
14 -3 13 12 -4 26 11 13 10 9 22 -25 16 -19 -14 10 11 -15 -13 13 -1 -6 -3 -22 -5 -13 11 28 -12 6 0 25 -17 -5 8 13 -26 29 7 21 -6 6 6 -28 -8 -4 -22 -8 11 -11 -14 -9 -8 -34 0 -2 7 -22 13 8 4 -3 -27 -30
14 -3 13 12 -4 26 11 13 10 9 22 -25 16 -19 -14 10 11 -15 -13 13 -1 -6 -3 -22 -5 -13 11 28 -12 6 0 25 -17 -5 8 13 -26 29 7 21 -6 6 6 -28 -8 -4 -22 -8 11 -11 -14 -9 -8 -34 0 -2 7 -22 13 8 4 -3 -27 -30
14 -3 13 12 -4 26 11 13 10 9 22 -25 16 -19 -14 10 11 -15 -13 13 -1 -6 -3 -22 -5 -13 11 28 -12 6 0 25 -17 -5 8 13 -26 29 7 21 -6 6 6 -28 -8 -4 -22 -8 11 -11 -14 -9 -8 -34 0 -2 7 -22 13 8 4 -3 -27 -30
14 -3 13 12 -4 26 11 13 10 9 22 -25 16 -19 -14 10 11 -15 -13 13 -1 -6 -3 -22 -5 -13 11 28 -12 6 0 25 -17 -5 8 13 -26 29 7 21 -6 6 6 -28 -8 -4 -22 -8 11 -11 -14 -9 -8 -34 0 -2 7 -22 13 8 4 -3 -27 -30
14 -3 13 12 -4 26 11 13 10 9 22 -25 16 -19 -14 10 11 -15 -13 13 -1 -6 -3 -22 -5 -13 11 28 -12 6 0 25 -17 -5 8 13 -26 29 7 21 -6 6 6 -28 -8 -4 -22 -8 11 -11 -14 -9 -8 -34 0 -2 7 -22 13 8 4 -3 -27 -30
14 -3 13 12 -4 26 11 13 10 9 22 -25 16 -19 -14 10 11 -15 -13 13 -1 -6 -3 -22 -5 -13 11 28 -12 6 0 25 -17 -5 8 13 -26 29 7 21 -6 6 6 -28 -8 -4 -22 -8 11 -11 -14 -9 -8 -34 0 -2 7 -22 13 8 4 -3 -27 -30
14 -3 13 12 -4 26 11 13 10 9 22 -25 16 -19 -14 10 11 -15 -13 13 -1 -6 -3 -22 -5 -13 11 28 -12 6 0 25 -17 -5 8 13 -26 29 7 21 -6 6 6 -28 -8 -4 -22 -8 11 -11 -14 -9 -8 -34 0 -2 7 -22 13 8 4 -3 -27 -30
