-7 -3 -10 7 -7 -11 0 -3 -8 2 -10 -15 4 3 0 4 -8 -2 -15 13 -8 -5 -1 5 6 5 -8 6 5 3 -1 -3 5 4 -4 -3 0 1 -6 -17 0 -12 -5 -2 1 3 12 13 10 10 -1 -9 -7 -4 0 -1 -2 -3 2 -1 -1 3 4 -1
14 -5 5 1 -8 -39 -13 -1 0 -40 -12 -10 13 11 12 -23 -34 10 4 5 -6 10 2 -4 4 6 32 4 -6 -1 -8 -16 1 5 5 -23 -18 30 7 10 -68 -25 31 11 -11 18 17 12 36 -1 -12 0 17 -12 -32 6 -20 -6 11 -9 -31 -17 0 5
40 -1 9 10 13 -13 -2 -8 4 -35 -5 -8 15 -6 -31 -24 -41 -13 1 11 16 2 -4 6 -13 1 18 -8 2 3 11 -5 -2 29 13 16 -8 22 -2 13 -28 -20 21 2 11 3 13 -16 24 -11 -33 1 -5 -10 -23 40 -20 -9 21 4 -19 29 -12 -13
22 11 8 2 19 -7 -19 -5 -3 -16 13 -7 20 28 0 -24 16 -5 -16 -15 8 24 -15 9 -44 2 33 -4 -15 -8 2 -24 11 41 -13 -22 22 -7 -27 11 -39 8 -8 11 12 -13 2 5 -19 14 -10 -15 17 -20 -32 21 -3 4 9 -6 -25 -10 -30 -5
33 35 19 -27 -1 -26 -7 -27 -18 9 -20 -22 7 8 1 -13 -5 4 -6 -7 -12 14 -14 22 -1 36 3 -4 -20 -8 12 -16 0 -3 -12 -11 2 -12 10 8 -14 39 21 -23 -1 5 18 -6 -3 29 -11 -5 -9 -31 -33 16 -50 6 15 1 -23 17 -17 2
41 48 -2 -28 13 -12 -47 -8 -20 17 2 -9 15 9 -10 -16 -24 -3 -3 -14 -25 20 11 18 -25 13 -5 15 -18 -8 23 -1 4 0 -16 -2 15 -29 -15 14 -29 46 14 -17 2 22 8 1 -15 15 -5 -19 0 -24 -28 -1 -29 2 -3 20 -26 -11 -13 -25
25 28 13 -30 22 -8 -37 -9 -6 -11 0 21 30 26 -8 6 26 9 12 -20 -22 -4 -14 -7 -23 -8 -12 -5 -1 24 22 -4 10 31 6 8 -3 16 -31 0 2 23 -4 -1 5 4 22 1 -10 20 -9 -4 16 -17 -41 34 0 5 -18 37 -16 31 3 12
6 13 5 -4 5 -35 -13 -18 -6 14 17 6 28 33 3 -29 -16 -5 -14 -9 2 8 -36 16 -39 5 44 5 -37 -26 -17 -25 3 15 -7 -33 15 5 -30 17 -47 41 -13 -12 0 12 10 10 -22 20 -16 -25 -7 -25 -13 11 -26 1 -1 23 -15 0 -4 -8
60 6 26 1 38 -24 -34 -1 -10 -59 19 12 32 23 10 -8 5 1 -9 -23 7 25 13 -17 -3 17 -7 -4 -14 2 19 -28 12 15 -7 1 -5 -21 -25 28 -35 -18 -16 21 3 -40 18 -3 -14 12 15 -34 -11 -52 -19 26 6 -27 14 30 -15 -4 -49 -34
1 7 -15 -4 -17 11 -7 0 29 -24 41 -21 -21 65 -14 -19 -5 -8 7 6 -11 10 -5 9 4 29 2 4 0 -12 -14 3 35 37 -3 -7 -4 9 -26 -11 -30 -17 32 16 7 -32 -1 16 -5 -3 9 -26 -42 -22 -30 5 -20 8 -26 20 -14 28 -12 2
56 17 6 -17 30 -31 -26 -8 -19 -49 5 9 26 34 16 -1 10 2 -18 -10 20 41 18 -15 -17 37 -7 25 4 -2 9 -24 25 7 7 -7 -7 -37 -32 24 -21 -20 -11 19 10 -36 29 8 3 3 19 -51 -23 -53 -28 32 -1 -10 -3 35 -17 4 -43 -36
57 13 45 26 17 -34 -27 -18 -18 -49 1 20 54 -13 3 -6 25 11 -25 -36 -6 21 2 9 -7 24 15 9 -19 2 35 9 4 19 -22 -23 -21 -19 -59 13 -28 -16 -26 -1 24 21 -5 20 -31 49 -13 -35 2 -51 14 17 2 -8 -15 36 -25 -28 4 -9
10 22 18 18 -17 4 -2 -18 11 -32 -16 -44 21 1 -9 -5 -1 3 -16 27 -6 42 17 22 -1 24 8 1 -22 33 13 -16 22 39 4 -7 -2 23 -21 5 -59 -5 -15 7 21 1 12 3 4 2 -2 -23 -17 -16 19 8 -2 -25 12 13 -33 -6 -33 4
24 32 -6 27 -16 -7 -14 -10 1 6 -11 -29 0 7 -8 -12 -24 30 -8 33 -12 22 8 38 21 37 19 -4 -26 21 -9 -17 8 5 -4 -23 -6 30 -4 4 -35 23 5 -10 -3 5 28 -7 8 3 -10 -44 -16 -23 16 26 -22 -38 24 14 -25 -7 -25 -3
-15 23 -7 17 11 32 -4 -19 20 -6 14 -10 -5 18 -15 -13 8 12 13 7 -18 22 -19 32 3 20 -1 -26 -26 24 5 13 42 56 -3 -17 -4 10 -21 1 -43 -14 11 -5 44 -27 18 24 -14 20 -8 -10 -33 -22 9 30 -6 -6 -3 15 -10 19 -19 -9
21 34 16 -4 14 5 -19 -26 14 -23 4 -8 13 -18 6 -11 13 11 2 -4 -14 17 2 32 -8 22 -4 -14 -21 27 31 16 37 43 5 -26 -17 -6 -26 0 -39 -16 -14 8 43 -12 16 7 -19 38 -14 -13 -13 -19 8 36 8 -7 16 31 -35 3 -12 -4
55 6 -7 16 -3 -25 1 -15 -14 -16 13 23 -2 -14 9 -9 29 8 -5 -12 -9 17 27 37 3 47 37 22 -25 15 48 16 20 42 -18 -5 -4 15 -36 -13 -2 8 -31 -17 29 -9 11 3 -9 51 -21 -20 29 -42 -31 64 15 -10 -17 -7 -42 6 -33 5
34 17 2 17 -1 -17 15 -19 -8 -35 5 14 46 -25 36 -28 23 17 -6 -27 -28 26 26 28 -22 10 59 0 -32 8 45 35 7 49 -7 -4 -15 -2 -32 0 -28 -28 -7 -3 8 0 -3 2 -25 29 -16 -30 11 -55 -11 51 15 -1 -33 -11 -45 -15 -53 3
39 -4 7 17 1 -22 2 -19 5 -26 17 22 22 -18 12 -12 11 1 1 -29 -5 21 26 40 9 19 58 24 -30 9 42 17 -2 28 -16 8 1 1 -35 -5 13 -9 -8 -18 -12 6 20 22 -2 38 -19 -26 8 -40 -10 59 9 -11 -37 1 -41 -3 -13 -16
10 0 -14 20 -2 11 -21 -29 -2 -1 15 -6 16 -2 -21 -23 16 6 19 -4 9 -12 6 30 14 2 31 26 -41 43 16 8 -8 27 3 6 0 -16 -16 -41 -33 4 -26 -30 26 2 20 1 -17 45 30 10 -7 -68 -20 30 -39 -11 4 -17 -14 15 1 -24
24 44 -1 17 13 -29 -16 -29 -10 -23 3 17 7 -24 -4 -27 5 7 2 -2 -13 11 8 27 -2 18 27 -1 -35 27 50 24 1 38 -17 -12 -14 1 -29 -6 -34 -26 -27 -5 13 21 -2 8 -2 40 -1 -9 2 -38 10 56 -40 9 -20 10 -43 -4 -12 -3
18 24 12 8 -10 4 0 -3 20 -13 28 1 -34 33 5 -26 3 9 -23 1 3 11 -12 17 1 26 24 -20 -32 8 -19 6 15 45 -15 -26 -14 14 -22 3 -1 -13 22 -21 29 -7 14 18 -1 24 -13 -20 -19 -50 -8 34 -29 -12 -2 10 -36 31 -10 1
1 0 -6 3 -4 -3 -5 2 -6 -2 -5 -1 8 -1 0 -6 -4 3 0 3 -6 5 1 3 4 2 6 3 -2 -2 3 2 2 -3 7 0 -1 1 -2 -2 1 -4 -1 0 -5 1 4 6 1 -2 2 -4 -4 -2 0 -2 -2 2 2 0 -4 6 -1 2
-35 17 13 0 8 5 36 -6 -8 -19 8 -6 7 22 16 5 -30 -8 -11 15 14 37 28 -5 8 15 5 -15 15 9 8 18 3 29 20 20 32 30 -29 -25 -20 2 1 -11 11 -30 11 1 24 -6 16 30 13 5 12 -4 0 -7 19 -2 10 14 -8 -6
-18 42 -2 16 -18 5 10 -10 -1 -37 17 -11 -18 41 17 4 -15 -12 13 -7 10 16 29 -8 15 14 13 -15 4 -12 -1 21 3 15 -2 24 2 13 -28 -55 -11 -2 3 -5 15 -33 20 -4 9 -20 -6 30 -10 -21 1 4 -6 -3 9 4 12 -5 8 -18
-43 16 -17 13 -8 9 30 12 -6 4 8 -21 -5 40 -2 15 3 -49 -28 -4 9 26 7 2 -17 7 0 -25 -2 -4 -4 -23 -4 14 -6 14 33 7 -41 -59 -40 1 -21 -8 16 -37 -5 -8 22 -19 6 12 -5 -5 -8 -2 28 24 26 6 6 -27 -16 -18
-29 25 -36 -7 -20 -15 21 -10 -18 31 -5 -23 0 3 3 -8 -11 -28 -23 0 -2 -6 11 5 5 29 -23 -19 -8 1 -5 -3 -11 -25 -6 8 22 -14 -20 -40 -25 26 -5 -13 8 -10 -11 6 30 -2 14 21 1 -17 -24 5 6 11 21 10 1 -28 -4 -27
-11 35 -37 -12 0 -11 -13 5 -9 33 11 -5 -8 -3 2 7 -10 -25 -12 -8 -6 13 16 21 -21 10 -42 16 3 16 17 2 -22 -27 7 26 30 -39 -31 -40 -31 32 -5 -14 10 -22 -22 -6 17 -1 5 3 10 -6 -12 -2 3 3 12 34 3 -38 1 -32
-36 32 -30 3 10 -9 -2 13 -13 12 10 1 21 18 5 45 14 -27 -6 -9 -1 -17 8 -6 -21 -3 -32 -28 -3 28 12 2 -32 8 15 40 15 1 -40 -56 -8 6 -21 3 -3 -27 -7 7 16 -7 -14 27 17 -3 -15 24 20 11 4 26 12 -6 18 -16
-34 22 -24 0 -7 -25 2 0 -1 38 12 5 8 38 1 -7 -20 -32 -10 -3 18 5 -4 9 -41 10 5 -12 -33 -7 -25 -14 -16 4 -1 10 37 4 -53 -27 -42 27 -18 -3 -6 -13 -13 5 4 -16 1 -2 7 -15 10 14 0 1 18 20 8 -25 15 -9
-15 3 -39 24 15 -13 6 7 -16 -31 16 8 23 30 18 19 2 -24 -41 -3 34 -1 43 -20 -16 5 -23 -15 3 14 -1 -2 -16 -23 12 29 9 -24 -41 -42 -38 -18 -30 -6 -1 -43 0 -12 19 -10 8 -21 -11 -33 -4 36 40 8 19 37 9 -19 -11 -44
-14 7 -33 -7 23 -18 5 10 -29 -22 1 12 29 45 17 26 5 -23 -33 -2 27 6 41 -12 -15 21 -25 5 -1 6 -4 -4 -5 -15 18 25 23 -22 -44 -33 -15 -15 -19 10 5 -45 -15 -2 28 -12 22 -39 5 -28 -4 27 47 6 11 41 10 -26 -21 -61
-6 6 3 40 -15 -13 10 9 -24 -15 -15 19 26 -10 7 22 23 -17 -37 -32 31 4 28 -15 -4 6 -17 -6 -10 19 7 30 -25 2 -6 19 17 -8 -69 -36 -22 -16 -27 -5 19 -3 -33 9 24 17 6 -5 -2 -38 22 11 37 8 16 36 27 -32 33 -56
1 48 -23 17 -13 12 22 -2 3 -13 -4 -9 -8 15 24 -8 -17 0 -24 13 -18 -3 38 6 4 -10 -8 -12 -10 24 -20 12 7 8 18 -2 3 30 -24 -36 -43 -4 -23 8 5 -13 -12 -3 19 -1 3 4 5 29 9 16 44 -4 32 -9 -1 -37 -12 0
-6 -1 -39 27 -13 -9 27 14 -11 2 5 36 5 0 25 16 24 -17 -10 -14 -8 -2 51 28 3 18 12 12 -25 22 21 44 0 15 2 23 29 25 -58 -72 9 3 -37 -18 18 4 -19 1 28 29 6 7 41 -29 -5 57 61 2 -6 -5 -12 -22 -2 -22
-25 26 -37 44 -13 -14 17 25 -43 -4 -11 20 18 -2 42 31 6 -11 -31 -23 -2 9 53 0 -16 -11 24 -31 -33 8 14 55 -24 -13 17 30 23 -4 -52 -94 -17 -9 -1 -17 19 -2 -42 1 30 5 9 19 0 -22 13 22 72 6 -24 -20 -1 -28 -16 -30
-6 9 -17 36 -16 -3 22 10 -29 -6 7 42 5 -14 14 30 21 -13 -11 -26 13 8 35 27 -4 6 28 4 -34 19 23 35 -7 -9 -6 37 12 4 -50 -74 9 12 -14 -21 -2 1 -29 10 18 11 -3 -14 19 -21 6 44 56 10 -24 -19 -11 -16 12 -32
-20 14 -35 16 -19 18 -10 -10 3 -2 3 10 5 21 -5 10 24 -8 15 -2 11 -24 37 30 15 -23 9 9 -44 33 7 20 -28 4 22 24 14 -20 -38 -86 -15 1 -40 -25 30 3 -3 0 10 12 36 13 8 -46 7 20 -2 1 13 -9 6 -16 12 -37
-10 42 -31 22 -13 -12 2 -21 -18 4 -5 16 -13 9 -4 21 4 -6 -24 -1 -2 -3 19 12 9 -4 7 -26 -18 30 41 53 -18 -14 4 31 11 7 -50 -67 -8 -2 -25 -10 25 14 -26 0 39 12 10 13 4 -24 40 27 14 24 -10 8 -4 -16 11 -39
-44 -10 -31 -2 -29 20 11 9 1 6 16 22 -35 53 11 -9 14 -10 -3 8 -2 -9 3 14 23 -8 11 -22 -21 13 -20 32 15 1 10 5 32 12 -43 -45 8 -20 12 -21 15 11 -31 30 42 -6 4 -11 3 -37 29 26 12 -15 8 16 -1 18 10 -19
0 2 -5 2 0 -1 -4 3 -6 0 -2 1 4 -3 -2 -3 -3 0 0 2 -3 4 2 4 0 0 1 2 -1 -1 3 0 1 -3 2 2 0 -1 -1 -5 2 -3 -2 1 -2 0 4 2 -2 -3 3 -1 -3 -4 -1 0 -2 1 -1 0 -2 2 -1 3
-7 0 -17 17 3 2 -16 -6 -2 -24 15 -9 18 8 -2 -12 0 6 13 27 -21 -5 18 8 19 12 -1 -2 18 -6 9 -6 -13 26 7 13 27 15 -3 31 4 6 12 -39 -33 12 18 9 6 28 19 4 -6 13 -21 1 -16 -26 -4 -24 4 -6 -9 32
-7 0 -17 17 3 2 -16 -6 -2 -24 15 -9 18 8 -2 -12 0 6 13 27 -21 -5 18 8 19 12 -1 -2 18 -6 9 -6 -13 26 7 13 27 15 -3 31 4 6 12 -39 -33 12 18 9 6 28 19 4 -6 13 -21 1 -16 -26 -4 -24 4 -6 -9 32
-7 0 -17 17 3 2 -16 -6 -2 -24 15 -9 18 8 -2 -12 0 6 13 27 -21 -5 18 8 19 12 -1 -2 18 -6 9 -6 -13 26 7 13 27 15 -3 31 4 6 12 -39 -33 12 18 9 6 28 19 4 -6 13 -21 1 -16 -26 -4 -24 4 -6 -9 32
-7 0 -17 17 3 2 -16 -6 -2 -24 15 -9 18 8 -2 -12 0 6 13 27 -21 -5 18 8 19 12 -1 -2 18 -6 9 -6 -13 26 7 13 27 15 -3 31 4 6 12 -39 -33 12 18 9 6 28 19 4 -6 13 -21 1 -16 -26 -4 -24 4 -6 -9 32
-7 0 -17 17 3 2 -16 -6 -2 -24 15 -9 18 8 -2 -12 0 6 13 27 -21 -5 18 8 19 12 -1 -2 18 -6 9 -6 -13 26 7 13 27 15 -3 31 4 6 12 -39 -33 12 18 9 6 28 19 4 -6 13 -21 1 -16 -26 -4 -24 4 -6 -9 32
-7 0 -17 17 3 2 -16 -6 -2 -24 15 -9 18 8 -2 -12 0 6 13 27 -21 -5 18 8 19 12 -1 -2 18 -6 9 -6 -13 26 7 13 27 15 -3 31 4 6 12 -39 -33 12 18 9 6 28 19 4 -6 13 -21 1 -16 -26 -4 -24 4 -6 -9 32
-7 0 -17 17 3 2 -16 -6 -2 -24 15 -9 18 8 -2 -12 0 6 13 27 -21 -5 18 8 19 12 -1 -2 18 -6 9 -6 -13 26 7 13 27 15 -3 31 4 6 12 -39 -33 12 18 9 6 28 19 4 -6 13 -21 1 -16 -26 -4 -24 4 -6 -9 32
-7 0 -17 17 3 2 -16 -6 -2 -24 15 -9 18 8 -2 -12 0 6 13 27 -21 -5 18 8 19 12 -1 -2 18 -6 9 -6 -13 26 7 13 27 15 -3 31 4 6 12 -39 -33 12 18 9 6 28 19 4 -6 13 -21 1 -16 -26 -4 -24 4 -6 -9 32
-7 0 -17 17 3 2 -16 -6 -2 -24 15 -9 18 8 -2 -12 0 6 13 27 -21 -5 18 8 19 12 -1 -2 18 -6 9 -6 -13 26 7 13 27 15 -3 31 4 6 12 -39 -33 12 18 9 6 28 19 4 -6 13 -21 1 -16 -26 -4 -24 4 -6 -9 32
-7 0 -17 17 3 2 -16 -6 -2 -24 15 -9 18 8 -2 -12 0 6 13 27 -21 -5 18 8 19 12 -1 -2 18 -6 9 -6 -13 26 7 13 27 15 -3 31 4 6 12 -39 -33 12 18 9 6 28 19 4 -6 13 -21 1 -16 -26 -4 -24 4 -6 -9 32
-7 0 -17 17 3 2 -16 -6 -2 -24 15 -9 18 8 -2 -12 0 6 13 27 -21 -5 18 8 19 12 -1 -2 18 -6 9 -6 -13 26 7 13 27 15 -3 31 4 6 12 -39 -33 12 18 9 6 28 19 4 -6 13 -21 1 -16 -26 -4 -24 4 -6 -9 32
-7 0 -17 17 3 2 -16 -6 -2 -24 15 -9 18 8 -2 -12 0 6 13 27 -21 -5 18 8 19 12 -1 -2 18 -6 9 -6 -13 26 7 13 27 15 -3 31 4 6 12 -39 -33 12 18 9 6 28 19 4 -6 13 -21 1 -16 -26 -4 -24 4 -6 -9 32
-7 0 -17 17 3 2 -16 -6 -2 -24 15 -9 18 8 -2 -12 0 6 13 27 -21 -5 18 8 19 12 -1 -2 18 -6 9 -6 -13 26 7 13 27 15 -3 31 4 6 12 -39 -33 12 18 9 6 28 19 4 -6 13 -21 1 -16 -26 -4 -24 4 -6 -9 32
-7 0 -17 17 3 2 -16 -6 -2 -24 15 -9 18 8 -2 -12 0 6 13 27 -21 -5 18 8 19 12 -1 -2 18 -6 9 -6 -13 26 7 13 27 15 -3 31 4 6 12 -39 -33 12 18 9 6 28 19 4 -6 13 -21 1 -16 -26 -4 -24 4 -6 -9 32
-7 0 -17 17 3 2 -16 -6 -2 -24 15 -9 18 8 -2 -12 0 6 13 27 -21 -5 18 8 19 12 -1 -2 18 -6 9 -6 -13 26 7 13 27 15 -3 31 4 6 12 -39 -33 12 18 9 6 28 19 4 -6 13 -21 1 -16 -26 -4 -24 4 -6 -9 32
-7 0 -17 17 3 2 -16 -6 -2 -24 15 -9 18 8 -2 -12 0 6 13 27 -21 -5 18 8 19 12 -1 -2 18 -6 9 -6 -13 26 7 13 27 15 -3 31 4 6 12 -39 -33 12 18 9 6 28 19 4 -6 13 -21 1 -16 -26 -4 -24 4 -6 -9 32
-7 0 -17 17 3 2 -16 -6 -2 -24 15 -9 18 8 -2 -12 0 6 13 27 -21 -5 18 8 19 12 -1 -2 18 -6 9 -6 -13 26 7 13 27 15 -3 31 4 6 12 -39 -33 12 18 9 6 28 19 4 -6 13 -21 1 -16 -26 -4 -24 4 -6 -9 32
-7 0 -17 17 3 2 -16 -6 -2 -24 15 -9 18 8 -2 -12 0 6 13 27 -21 -5 18 8 19 12 -1 -2 18 -6 9 -6 -13 26 7 13 27 15 -3 31 4 6 12 -39 -33 12 18 9 6 28 19 4 -6 13 -21 1 -16 -26 -4 -24 4 -6 -9 32
-7 0 -17 17 3 2 -16 -6 -2 -24 15 -9 18 8 -2 -12 0 6 13 27 -21 -5 18 8 19 12 -1 -2 18 -6 9 -6 -13 26 7 13 27 15 -3 31 4 6 12 -39 -33 12 18 9 6 28 19 4 -6 13 -21 1 -16 -26 -4 -24 4 -6 -9 32
-7 0 -17 17 3 2 -16 -6 -2 -24 15 -9 18 8 -2 -12 0 6 13 27 -21 -5 18 8 19 12 -1 -2 18 -6 9 -6 -13 26 7 13 27 15 -3 31 4 6 12 -39 -33 12 18 9 6 28 19 4 -6 13 -21 1 -16 -26 -4 -24 4 -6 -9 32
-7 0 -17 17 3 2 -16 -6 -2 -24 15 -9 18 8 -2 -12 0 6 13 27 -21 -5 18 8 19 12 -1 -2 18 -6 9 -6 -13 26 7 13 27 15 -3 31 4 6 12 -39 -33 12 18 9 6 28 19 4 -6 13 -21 1 -16 -26 -4 -24 4 -6 -9 32
-7 0 -17 17 3 2 -16 -6 -2 -24 15 -9 18 8 -2 -12 0 6 13 27 -21 -5 18 8 19 12 -1 -2 18 -6 9 -6 -13 26 7 13 27 15 -3 31 4 6 12 -39 -33 12 18 9 6 28 19 4 -6 13 -21 1 -16 -26 -4 -24 4 -6 -9 32
-7 0 -17 17 3 2 -16 -6 -2 -24 15 -9 18 8 -2 -12 0 6 13 27 -21 -5 18 8 19 12 -1 -2 18 -6 9 -6 -13 26 7 13 27 15 -3 31 4 6 12 -39 -33 12 18 9 6 28 19 4 -6 13 -21 1 -16 -26 -4 -24 4 -6 -9 32
-7 0 -17 17 3 2 -16 -6 -2 -24 15 -9 18 8 -2 -12 0 6 13 27 -21 -5 18 8 19 12 -1 -2 18 -6 9 -6 -13 26 7 13 27 15 -3 31 4 6 12 -39 -33 12 18 9 6 28 19 4 -6 13 -21 1 -16 -26 -4 -24 4 -6 -9 32
-7 0 -17 17 3 2 -16 -6 -2 -24 15 -9 18 8 -2 -12 0 6 13 27 -21 -5 18 8 19 12 -1 -2 18 -6 9 -6 -13 26 7 13 27 15 -3 31 4 6 12 -39 -33 12 18 9 6 28 19 4 -6 13 -21 1 -16 -26 -4 -24 4 -6 -9 32
-7 0 -17 17 3 2 -16 -6 -2 -24 15 -9 18 8 -2 -12 0 6 13 27 -21 -5 18 8 19 12 -1 -2 18 -6 9 -6 -13 26 7 13 27 15 -3 31 4 6 12 -39 -33 12 18 9 6 28 19 4 -6 13 -21 1 -16 -26 -4 -24 4 -6 -9 32
-7 0 -17 17 3 2 -16 -6 -2 -24 15 -9 18 8 -2 -12 0 6 13 27 -21 -5 18 8 19 12 -1 -2 18 -6 9 -6 -13 26 7 13 27 15 -3 31 4 6 12 -39 -33 12 18 9 6 28 19 4 -6 13 -21 1 -16 -26 -4 -24 4 -6 -9 32
-7 0 -17 17 3 2 -16 -6 -2 -24 15 -9 18 8 -2 -12 0 6 13 27 -21 -5 18 8 19 12 -1 -2 18 -6 9 -6 -13 26 7 13 27 15 -3 31 4 6 12 -39 -33 12 18 9 6 28 19 4 -6 13 -21 1 -16 -26 -4 -24 4 -6 -9 32
-7 0 -17 17 3 2 -16 -6 -2 -24 15 -9 18 8 -2 -12 0 6 13 27 -21 -5 18 8 19 12 -1 -2 18 -6 9 -6 -13 26 7 13 27 15 -3 31 4 6 12 -39 -33 12 18 9 6 28 19 4 -6 13 -21 1 -16 -26 -4 -24 4 -6 -9 32
-7 0 -17 17 3 2 -16 -6 -2 -24 15 -9 18 8 -2 -12 0 6 13 27 -21 -5 18 8 19 12 -1 -2 18 -6 9 -6 -13 26 7 13 27 15 -3 31 4 6 12 -39 -33 12 18 9 6 28 19 4 -6 13 -21 1 -16 -26 -4 -24 4 -6 -9 32
-7 0 -17 17 3 2 -16 -6 -2 -24 15 -9 18 8 -2 -12 0 6 13 27 -21 -5 18 8 19 12 -1 -2 18 -6 9 -6 -13 26 7 13 27 15 -3 31 4 6 12 -39 -33 12 18 9 6 28 19 4 -6 13 -21 1 -16 -26 -4 -24 4 -6 -9 32
-7 0 -17 17 3 2 -16 -6 -2 -24 15 -9 18 8 -2 -12 0 6 13 27 -21 -5 18 8 19 12 -1 -2 18 -6 9 -6 -13 26 7 13 27 15 -3 31 4 6 12 -39 -33 12 18 9 6 28 19 4 -6 13 -21 1 -16 -26 -4 -24 4 -6 -9 32
-7 0 -17 17 3 2 -16 -6 -2 -24 15 -9 18 8 -2 -12 0 6 13 27 -21 -5 18 8 19 12 -1 -2 18 -6 9 -6 -13 26 7 13 27 15 -3 31 4 6 12 -39 -33 12 18 9 6 28 19 4 -6 13 -21 1 -16 -26 -4 -24 4 -6 -9 32
-7 0 -17 17 3 2 -16 -6 -2 -24 15 -9 18 8 -2 -12 0 6 13 27 -21 -5 18 8 19 12 -1 -2 18 -6 9 -6 -13 26 7 13 27 15 -3 31 4 6 12 -39 -33 12 18 9 6 28 19 4 -6 13 -21 1 -16 -26 -4 -24 4 -6 -9 32
-7 0 -17 17 3 2 -16 -6 -2 -24 15 -9 18 8 -2 -12 0 6 13 27 -21 -5 18 8 19 12 -1 -2 18 -6 9 -6 -13 26 7 13 27 15 -3 31 4 6 12 -39 -33 12 18 9 6 28 19 4 -6 13 -21 1 -16 -26 -4 -24 4 -6 -9 32
-7 0 -17 17 3 2 -16 -6 -2 -24 15 -9 18 8 -2 -12 0 6 13 27 -21 -5 18 8 19 12 -1 -2 18 -6 9 -6 -13 26 7 13 27 15 -3 31 4 6 12 -39 -33 12 18 9 6 28 19 4 -6 13 -21 1 -16 -26 -4 -24 4 -6 -9 32
-7 0 -17 17 3 2 -16 -6 -2 -24 15 -9 18 8 -2 -12 0 6 13 27 -21 -5 18 8 19 12 -1 -2 18 -6 9 -6 -13 26 7 13 27 15 -3 31 4 6 12 -39 -33 12 18 9 6 28 19 4 -6 13 -21 1 -16 -26 -4 -24 4 -6 -9 32
-7 0 -17 17 3 2 -16 -6 -2 -24 15 -9 18 8 -2 -12 0 6 13 27 -21 -5 18 8 19 12 -1 -2 18 -6 9 -6 -13 26 7 13 27 15 -3 31 4 6 12 -39 -33 12 18 9 6 28 19 4 -6 13 -21 1 -16 -26 -4 -24 4 -6 -9 32
-7 0 -17 17 3 2 -16 -6 -2 -24 15 -9 18 8 -2 -12 0 6 13 27 -21 -5 18 8 19 12 -1 -2 18 -6 9 -6 -13 26 7 13 27 15 -3 31 4 6 12 -39 -33 12 18 9 6 28 19 4 -6 13 -21 1 -16 -26 -4 -24 4 -6 -9 32
-7 0 -17 17 3 2 -16 -6 -2 -24 15 -9 18 8 -2 -12 0 6 13 27 -21 -5 18 8 19 12 -1 -2 18 -6 9 -6 -13 26 7 13 27 15 -3 31 4 6 12 -39 -33 12 18 9 6 28 19 4 -6 13 -21 1 -16 -26 -4 -24 4 -6 -9 32
-7 0 -17 17 3 2 -16 -6 -2 -24 15 -9 18 8 -2 -12 0 6 13 27 -21 -5 18 8 19 12 -1 -2 18 -6 9 -6 -13 26 7 13 27 15 -3 31 4 6 12 -39 -33 12 18 9 6 28 19 4 -6 13 -21 1 -16 -26 -4 -24 4 -6 -9 32
-7 0 -17 17 3 2 -16 -6 -2 -24 15 -9 18 8 -2 -12 0 6 13 27 -21 -5 18 8 19 12 -1 -2 18 -6 9 -6 -13 26 7 13 27 15 -3 31 4 6 12 -39 -33 12 18 9 6 28 19 4 -6 13 -21 1 -16 -26 -4 -24 4 -6 -9 32
-7 0 -17 17 3 2 -16 -6 -2 -24 15 -9 18 8 -2 -12 0 6 13 27 -21 -5 18 8 19 12 -1 -2 18 -6 9 -6 -13 26 7 13 27 15 -3 31 4 6 12 -39 -33 12 18 9 6 28 19 4 -6 13 -21 1 -16 -26 -4 -24 4 -6 -9 32
-7 0 -17 17 3 2 -16 -6 -2 -24 15 -9 18 8 -2 -12 0 6 13 27 -21 -5 18 8 19 12 -1 -2 18 -6 9 -6 -13 26 7 13 27 15 -3 31 4 6 12 -39 -33 12 18 9 6 28 19 4 -6 13 -21 1 -16 -26 -4 -24 4 -6 -9 32
-7 0 -17 17 3 2 -16 -6 -2 -24 15 -9 18 8 -2 -12 0 6 13 27 -21 -5 18 8 19 12 -1 -2 18 -6 9 -6 -13 26 7 13 27 15 -3 31 4 6 12 -39 -33 12 18 9 6 28 19 4 -6 13 -21 1 -16 -26 -4 -24 4 -6 -9 32
-7 0 -17 17 3 2 -16 -6 -2 -24 15 -9 18 8 -2 -12 0 6 13 27 -21 -5 18 8 19 12 -1 -2 18 -6 9 -6 -13 26 7 13 27 15 -3 31 4 6 12 -39 -33 12 18 9 6 28 19 4 -6 13 -21 1 -16 -26 -4 -24 4 -6 -9 32
-7 0 -17 17 3 2 -16 -6 -2 -24 15 -9 18 8 -2 -12 0 6 13 27 -21 -5 18 8 19 12 -1 -2 18 -6 9 -6 -13 26 7 13 27 15 -3 31 4 6 12 -39 -33 12 18 9 6 28 19 4 -6 13 -21 1 -16 -26 -4 -24 4 -6 -9 32
-7 0 -17 17 3 2 -16 -6 -2 -24 15 -9 18 8 -2 -12 0 6 13 27 -21 -5 18 8 19 12 -1 -2 18 -6 9 -6 -13 26 7 13 27 15 -3 31 4 6 12 -39 -33 12 18 9 6 28 19 4 -6 13 -21 1 -16 -26 -4 -24 4 -6 -9 32
-7 0 -17 17 3 2 -16 -6 -2 -24 15 -9 18 8 -2 -12 0 6 13 27 -21 -5 18 8 19 12 -1 -2 18 -6 9 -6 -13 26 7 13 27 15 -3 31 4 6 12 -39 -33 12 18 9 6 28 19 4 -6 13 -21 1 -16 -26 -4 -24 4 -6 -9 32
-7 0 -17 17 3 2 -16 -6 -2 -24 15 -9 18 8 -2 -12 0 6 13 27 -21 -5 18 8 19 12 -1 -2 18 -6 9 -6 -13 26 7 13 27 15 -3 31 4 6 12 -39 -33 12 18 9 6 28 19 4 -6 13 -21 1 -16 -26 -4 -24 4 -6 -9 32
-7 0 -17 17 3 2 -16 -6 -2 -24 15 -9 18 8 -2 -12 0 6 13 27 -21 -5 18 8 19 12 -1 -2 18 -6 9 -6 -13 26 7 13 27 15 -3 31 4 6 12 -39 -33 12 18 9 6 28 19 4 -6 13 -21 1 -16 -26 -4 -24 4 -6 -9 32
-7 0 -17 17 3 2 -16 -6 -2 -24 15 -9 18 8 -2 -12 0 6 13 27 -21 -5 18 8 19 12 -1 -2 18 -6 9 -6 -13 26 7 13 27 15 -3 31 4 6 12 -39 -33 12 18 9 6 28 19 4 -6 13 -21 1 -16 -26 -4 -24 4 -6 -9 32
-7 0 -17 17 3 2 -16 -6 -2 -24 15 -9 18 8 -2 -12 0 6 13 27 -21 -5 18 8 19 12 -1 -2 18 -6 9 -6 -13 26 7 13 27 15 -3 31 4 6 12 -39 -33 12 18 9 6 28 19 4 -6 13 -21 1 -16 -26 -4 -24 4 -6 -9 32
-7 0 -17 17 3 2 -16 -6 -2 -24 15 -9 18 8 -2 -12 0 6 13 27 -21 -5 18 8 19 12 -1 -2 18 -6 9 -6 -13 26 7 13 27 15 -3 31 4 6 12 -39 -33 12 18 9 6 28 19 4 -6 13 -21 1 -16 -26 -4 -24 4 -6 -9 32
-7 0 -17 17 3 2 -16 -6 -2 -24 15 -9 18 8 -2 -12 0 6 13 27 -21 -5 18 8 19 12 -1 -2 18 -6 9 -6 -13 26 7 13 27 15 -3 31 4 6 12 -39 -33 12 18 9 6 28 19 4 -6 13 -21 1 -16 -26 -4 -24 4 -6 -9 32
-7 0 -17 17 3 2 -16 -6 -2 -24 15 -9 18 8 -2 -12 0 6 13 27 -21 -5 18 8 19 12 -1 -2 18 -6 9 -6 -13 26 7 13 27 15 -3 31 4 6 12 -39 -33 12 18 9 6 28 19 4 -6 13 -21 1 -16 -26 -4 -24 4 -6 -9 32
-7 0 -17 17 3 2 -16 -6 -2 -24 15 -9 18 8 -2 -12 0 6 13 27 -21 -5 18 8 19 12 -1 -2 18 -6 9 -6 -13 26 7 13 27 15 -3 31 4 6 12 -39 -33 12 18 9 6 28 19 4 -6 13 -21 1 -16 -26 -4 -24 4 -6 -9 32
-7 0 -17 17 3 2 -16 -6 -2 -24 15 -9 18 8 -2 -12 0 6 13 27 -21 -5 18 8 19 12 -1 -2 18 -6 9 -6 -13 26 7 13 27 15 -3 31 4 6 12 -39 -33 12 18 9 6 28 19 4 -6 13 -21 1 -16 -26 -4 -24 4 -6 -9 32
-7 0 -17 17 3 2 -16 -6 -2 -24 15 -9 18 8 -2 -12 0 6 13 27 -21 -5 18 8 19 12 -1 -2 18 -6 9 -6 -13 26 7 13 27 15 -3 31 4 6 12 -39 -33 12 18 9 6 28 19 4 -6 13 -21 1 -16 -26 -4 -24 4 -6 -9 32
-7 0 -17 17 3 2 -16 -6 -2 -24 15 -9 18 8 -2 -12 0 6 13 27 -21 -5 18 8 19 12 -1 -2 18 -6 9 -6 -13 26 7 13 27 15 -3 31 4 6 12 -39 -33 12 18 9 6 28 19 4 -6 13 -21 1 -16 -26 -4 -24 4 -6 -9 32
-7 0 -17 17 3 2 -16 -6 -2 -24 15 -9 18 8 -2 -12 0 6 13 27 -21 -5 18 8 19 12 -1 -2 18 -6 9 -6 -13 26 7 13 27 15 -3 31 4 6 12 -39 -33 12 18 9 6 28 19 4 -6 13 -21 1 -16 -26 -4 -24 4 -6 -9 32
-7 0 -17 17 3 2 -16 -6 -2 -24 15 -9 18 8 -2 -12 0 6 13 27 -21 -5 18 8 19 12 -1 -2 18 -6 9 -6 -13 26 7 13 27 15 -3 31 4 6 12 -39 -33 12 18 9 6 28 19 4 -6 13 -21 1 -16 -26 -4 -24 4 -6 -9 32
-7 0 -17 17 3 2 -16 -6 -2 -24 15 -9 18 8 -2 -12 0 6 13 27 -21 -5 18 8 19 12 -1 -2 18 -6 9 -6 -13 26 7 13 27 15 -3 31 4 6 12 -39 -33 12 18 9 6 28 19 4 -6 13 -21 1 -16 -26 -4 -24 4 -6 -9 32
-7 0 -17 17 3 2 -16 -6 -2 -24 15 -9 18 8 -2 -12 0 6 13 27 -21 -5 18 8 19 12 -1 -2 18 -6 9 -6 -13 26 7 13 27 15 -3 31 4 6 12 -39 -33 12 18 9 6 28 19 4 -6 13 -21 1 -16 -26 -4 -24 4 -6 -9 32
-7 0 -17 17 3 2 -16 -6 -2 -24 15 -9 18 8 -2 -12 0 6 13 27 -21 -5 18 8 19 12 -1 -2 18 -6 9 -6 -13 26 7 13 27 15 -3 31 4 6 12 -39 -33 12 18 9 6 28 19 4 -6 13 -21 1 -16 -26 -4 -24 4 -6 -9 32
-7 0 -17 17 3 2 -16 -6 -2 -24 15 -9 18 8 -2 -12 0 6 13 27 -21 -5 18 8 19 12 -1 -2 18 -6 9 -6 -13 26 7 13 27 15 -3 31 4 6 12 -39 -33 12 18 9 6 28 19 4 -6 13 -21 1 -16 -26 -4 -24 4 -6 -9 32
-7 0 -17 17 3 2 -16 -6 -2 -24 15 -9 18 8 -2 -12 0 6 13 27 -21 -5 18 8 19 12 -1 -2 18 -6 9 -6 -13 26 7 13 27 15 -3 31 4 6 12 -39 -33 12 18 9 6 28 19 4 -6 13 -21 1 -16 -26 -4 -24 4 -6 -9 32
-7 0 -17 17 3 2 -16 -6 -2 -24 15 -9 18 8 -2 -12 0 6 13 27 -21 -5 18 8 19 12 -1 -2 18 -6 9 -6 -13 26 7 13 27 15 -3 31 4 6 12 -39 -33 12 18 9 6 28 19 4 -6 13 -21 1 -16 -26 -4 -24 4 -6 -9 32
-7 0 -17 17 3 2 -16 -6 -2 -24 15 -9 18 8 -2 -12 0 6 13 27 -21 -5 18 8 19 12 -1 -2 18 -6 9 -6 -13 26 7 13 27 15 -3 31 4 6 12 -39 -33 12 18 9 6 28 19 4 -6 13 -21 1 -16 -26 -4 -24 4 -6 -9 32
-7 0 -17 17 3 2 -16 -6 -2 -24 15 -9 18 8 -2 -12 0 6 13 27 -21 -5 18 8 19 12 -1 -2 18 -6 9 -6 -13 26 7 13 27 15 -3 31 4 6 12 -39 -33 12 18 9 6 28 19 4 -6 13 -21 1 -16 -26 -4 -24 4 -6 -9 32
-7 0 -17 17 3 2 -16 -6 -2 -24 15 -9 18 8 -2 -12 0 6 13 27 -21 -5 18 8 19 12 -1 -2 18 -6 9 -6 -13 26 7 13 27 15 -3 31 4 6 12 -39 -33 12 18 9 6 28 19 4 -6 13 -21 1 -16 -26 -4 -24 4 -6 -9 32
-7 0 -17 17 3 2 -16 -6 -2 -24 15 -9 18 8 -2 -12 0 6 13 27 -21 -5 18 8 19 12 -1 -2 18 -6 9 -6 -13 26 7 13 27 15 -3 31 4 6 12 -39 -33 12 18 9 6 28 19 4 -6 13 -21 1 -16 -26 -4 -24 4 -6 -9 32
-7 0 -17 17 3 2 -16 -6 -2 -24 15 -9 18 8 -2 -12 0 6 13 27 -21 -5 18 8 19 12 -1 -2 18 -6 9 -6 -13 26 7 13 27 15 -3 31 4 6 12 -39 -33 12 18 9 6 28 19 4 -6 13 -21 1 -16 -26 -4 -24 4 -6 -9 32
-7 0 -17 17 3 2 -16 -6 -2 -24 15 -9 18 8 -2 -12 0 6 13 27 -21 -5 18 8 19 12 -1 -2 18 -6 9 -6 -13 26 7 13 27 15 -3 31 4 6 12 -39 -33 12 18 9 6 28 19 4 -6 13 -21 1 -16 -26 -4 -24 4 -6 -9 32
-7 0 -17 17 3 2 -16 -6 -2 -24 15 -9 18 8 -2 -12 0 6 13 27 -21 -5 18 8 19 12 -1 -2 18 -6 9 -6 -13 26 7 13 27 15 -3 31 4 6 12 -39 -33 12 18 9 6 28 19 4 -6 13 -21 1 -16 -26 -4 -24 4 -6 -9 32
-7 0 -17 17 3 2 -16 -6 -2 -24 15 -9 18 8 -2 -12 0 6 13 27 -21 -5 18 8 19 12 -1 -2 18 -6 9 -6 -13 26 7 13 27 15 -3 31 4 6 12 -39 -33 12 18 9 6 28 19 4 -6 13 -21 1 -16 -26 -4 -24 4 -6 -9 32
-7 0 -17 17 3 2 -16 -6 -2 -24 15 -9 18 8 -2 -12 0 6 13 27 -21 -5 18 8 19 12 -1 -2 18 -6 9 -6 -13 26 7 13 27 15 -3 31 4 6 12 -39 -33 12 18 9 6 28 19 4 -6 13 -21 1 -16 -26 -4 -24 4 -6 -9 32
-7 0 -17 17 3 2 -16 -6 -2 -24 15 -9 18 8 -2 -12 0 6 13 27 -21 -5 18 8 19 12 -1 -2 18 -6 9 -6 -13 26 7 13 27 15 -3 31 4 6 12 -39 -33 12 18 9 6 28 19 4 -6 13 -21 1 -16 -26 -4 -24 4 -6 -9 32
-7 0 -17 17 3 2 -16 -6 -2 -24 15 -9 18 8 -2 -12 0 6 13 27 -21 -5 18 8 19 12 -1 -2 18 -6 9 -6 -13 26 7 13 27 15 -3 31 4 6 12 -39 -33 12 18 9 6 28 19 4 -6 13 -21 1 -16 -26 -4 -24 4 -6 -9 32
-7 0 -17 17 3 2 -16 -6 -2 -24 15 -9 18 8 -2 -12 0 6 13 27 -21 -5 18 8 19 12 -1 -2 18 -6 9 -6 -13 26 7 13 27 15 -3 31 4 6 12 -39 -33 12 18 9 6 28 19 4 -6 13 -21 1 -16 -26 -4 -24 4 -6 -9 32
-7 0 -17 17 3 2 -16 -6 -2 -24 15 -9 18 8 -2 -12 0 6 13 27 -21 -5 18 8 19 12 -1 -2 18 -6 9 -6 -13 26 7 13 27 15 -3 31 4 6 12 -39 -33 12 18 9 6 28 19 4 -6 13 -21 1 -16 -26 -4 -24 4 -6 -9 32
-7 0 -17 17 3 2 -16 -6 -2 -24 15 -9 18 8 -2 -12 0 6 13 27 -21 -5 18 8 19 12 -1 -2 18 -6 9 -6 -13 26 7 13 27 15 -3 31 4 6 12 -39 -33 12 18 9 6 28 19 4 -6 13 -21 1 -16 -26 -4 -24 4 -6 -9 32
-7 0 -17 17 3 2 -16 -6 -2 -24 15 -9 18 8 -2 -12 0 6 13 27 -21 -5 18 8 19 12 -1 -2 18 -6 9 -6 -13 26 7 13 27 15 -3 31 4 6 12 -39 -33 12 18 9 6 28 19 4 -6 13 -21 1 -16 -26 -4 -24 4 -6 -9 32
-7 0 -17 17 3 2 -16 -6 -2 -24 15 -9 18 8 -2 -12 0 6 13 27 -21 -5 18 8 19 12 -1 -2 18 -6 9 -6 -13 26 7 13 27 15 -3 31 4 6 12 -39 -33 12 18 9 6 28 19 4 -6 13 -21 1 -16 -26 -4 -24 4 -6 -9 32
-7 0 -17 17 3 2 -16 -6 -2 -24 15 -9 18 8 -2 -12 0 6 13 27 -21 -5 18 8 19 12 -1 -2 18 -6 9 -6 -13 26 7 13 27 15 -3 31 4 6 12 -39 -33 12 18 9 6 28 19 4 -6 13 -21 1 -16 -26 -4 -24 4 -6 -9 32
-7 0 -17 17 3 2 -16 -6 -2 -24 15 -9 18 8 -2 -12 0 6 13 27 -21 -5 18 8 19 12 -1 -2 18 -6 9 -6 -13 26 7 13 27 15 -3 31 4 6 12 -39 -33 12 18 9 6 28 19 4 -6 13 -21 1 -16 -26 -4 -24 4 -6 -9 32
-7 0 -17 17 3 2 -16 -6 -2 -24 15 -9 18 8 -2 -12 0 6 13 27 -21 -5 18 8 19 12 -1 -2 18 -6 9 -6 -13 26 7 13 27 15 -3 31 4 6 12 -39 -33 12 18 9 6 28 19 4 -6 13 -21 1 -16 -26 -4 -24 4 -6 -9 32
