-2 -5 1 13 -1 3 4 2 4 1 0 1 -1 0 5 -1 1 2 -2 -3 -6 -8 -4 -4 4 0 2 3 5 -6 -5 2 -7 1 0 -3 0 -1 4 1 -3 -4 1 -6 7 4 0 0 -4 5 -3 3 4 3 4 -6 1 1 0 1 5 -7 3 7
-3 2 -1 6 -10 -8 -3 -3 8 -4 7 -9 -1 0 8 9 13 9 -2 6 0 -8 -7 1 -2 -7 8 -6 10 -6 2 -1 6 -4 -2 -5 -2 -2 5 -4 -18 -2 -1 -8 -6 7 -10 3 6 8 -5 -5 -1 4 1 -13 -10 2 13 -1 0 0 6 14
-3 8 1 8 -20 -9 1 -7 4 -3 7 -11 9 -7 -2 0 5 0 -3 -6 -8 -8 -14 -10 4 -3 7 -4 11 -6 6 -7 -3 0 0 0 -10 -9 10 2 -18 -4 14 -5 2 -2 -6 0 6 1 -6 -6 7 6 0 -15 -1 6 10 -18 -7 2 5 7
-3 0 5 7 -10 -9 1 -5 -4 -3 7 -9 9 -4 -2 0 4 2 -2 0 -8 -11 -10 -6 -2 -7 10 -2 11 -6 3 -1 -5 -1 0 5 -10 -1 12 0 -3 -4 -2 -13 4 -1 2 2 4 7 -3 -6 4 10 10 -11 -1 6 12 -11 3 0 14 6
1 0 -6 3 0 -10 -2 -3 -2 -3 -2 -6 4 -5 -2 1 1 1 4 1 -13 -9 -14 -3 4 -7 7 3 10 -4 0 -2 -8 -5 4 2 -10 -4 9 -6 -6 -1 -4 -13 0 3 7 -1 9 2 -6 5 6 10 10 -9 -6 -3 12 -12 1 3 17 10
0 2 -4 8 -7 -6 -4 3 0 2 2 -4 3 -3 2 0 3 3 -1 -1 -10 -10 -14 -4 1 -9 6 -4 7 -7 -1 1 -8 -9 4 3 -11 -8 8 -3 -10 -2 0 -12 0 1 5 -3 7 0 -14 9 6 10 5 -9 -5 4 12 -12 0 3 13 7
2 -1 -1 8 -12 -10 -1 -1 -7 -6 5 -9 7 -3 3 3 4 3 3 -8 -10 -11 -7 -15 0 -4 10 0 13 -9 3 -5 -6 -5 3 4 -15 -7 8 -9 -7 0 1 -13 -2 9 1 1 14 3 -9 5 11 12 4 -10 -5 -2 10 -7 2 3 13 7
-2 -2 0 6 -11 -8 0 -3 -4 1 9 -12 11 -2 -1 -2 0 3 -8 -1 -8 -7 -13 -7 5 -11 5 -6 9 0 -1 5 -6 -2 3 1 -15 -3 11 -5 -9 -4 -1 -8 4 5 5 0 7 10 -13 5 4 9 3 -5 -4 3 11 -12 6 0 12 11
-5 -4 -1 -5 -13 -13 3 -6 -8 -5 14 -3 0 -1 -1 -1 12 -2 -6 -2 -11 -11 -13 -5 -1 -4 8 -5 5 -12 5 -4 -10 -4 3 3 -13 -3 4 -1 -3 -4 5 -21 3 1 11 3 7 8 -10 -10 6 8 -1 -11 1 4 8 -12 3 2 14 15
-11 -5 -3 -2 -1 -12 0 -8 -4 -6 2 -18 -2 -3 3 5 0 -3 -6 -5 -4 -11 -13 -5 4 7 9 -5 0 -6 5 -2 -4 -2 7 5 -5 -2 7 1 -11 -4 -1 -6 -8 9 2 -1 5 14 1 3 8 3 -9 -16 6 -2 11 -5 -2 -3 14 12
-5 -5 4 9 -7 -14 4 -4 -7 -2 12 -5 2 -4 -1 1 13 2 -10 4 -10 -7 -9 -1 1 -4 15 -4 4 -4 6 0 -5 1 3 -2 -10 -1 -1 -3 -12 -1 1 -14 -1 2 -6 3 4 12 -7 -5 8 14 -6 -3 -4 4 10 -5 2 0 9 16
-2 -11 0 -2 -5 -7 2 -4 -5 -4 8 -10 -4 3 1 -1 10 4 2 -2 -15 -11 -1 -3 10 -11 13 -6 4 -7 6 -2 -7 -12 6 -3 -10 -8 5 -5 -7 3 0 -11 1 2 3 -8 2 10 -8 -8 1 8 -5 -13 1 5 5 -15 -3 1 11 12
-4 -8 1 -1 -15 -8 -2 -8 -4 -3 -3 -4 3 2 -2 2 13 4 2 -2 -9 -7 -5 -3 6 -5 8 4 8 -7 2 -1 -4 -5 10 0 -9 -3 2 -1 -4 -4 3 -6 -5 11 4 1 -1 7 5 -4 3 5 -5 -4 1 5 9 -13 -6 3 14 14
-4 -7 -1 10 -12 -6 -5 -8 1 6 5 -6 6 -3 5 2 3 1 -2 -4 -8 -10 -12 -7 12 -6 8 3 11 -6 11 -1 -6 -6 8 0 -10 -2 11 3 -9 -4 -4 -1 4 11 -2 -1 4 7 0 4 8 7 2 -6 4 3 6 -14 -7 2 11 5
-4 -8 -4 7 -19 -7 6 -9 0 -4 -1 -11 6 5 0 3 4 -2 -11 -9 -7 0 -11 -10 7 -3 7 3 10 -12 14 -9 -12 -1 7 -3 -13 -11 11 4 -16 -3 -2 -1 -8 10 7 -2 6 16 -2 -7 7 4 -2 -12 0 5 7 -11 -6 1 8 15
1 -5 1 4 -19 -10 4 -13 -5 -1 3 -6 2 5 -1 3 8 2 0 -3 -8 -4 -4 -4 4 -10 9 -2 11 -5 9 -6 -4 -6 10 -1 -12 -3 3 -1 -7 -2 1 4 -11 13 1 1 2 14 -4 -4 3 12 -5 -2 4 4 11 -13 -5 2 14 15
6 -7 1 10 -13 -4 3 -5 -3 4 5 -8 2 1 2 2 -1 2 1 -7 -5 -4 -2 -9 4 -9 12 0 16 -8 6 -3 -5 -1 4 -2 -16 -7 1 -1 -9 -6 -2 -14 1 4 3 1 10 12 -8 -8 2 16 -2 -13 1 -1 5 -9 4 2 12 15
-2 -16 -1 3 -16 -9 -2 -6 -2 1 6 -11 5 3 -5 4 1 5 -2 -4 -10 -10 -9 -5 2 -10 11 3 8 -10 2 -1 -5 -6 3 -4 -15 -8 2 1 -5 0 1 -6 -6 2 5 -1 11 12 -3 -9 5 11 3 -8 2 4 7 -9 -1 1 15 13
1 -13 -3 6 -11 -5 3 -6 -6 6 8 -11 2 2 0 13 3 2 -5 -8 -5 -8 -14 -8 2 -13 9 1 10 -10 7 0 -8 -2 0 6 -15 -12 2 -2 -11 2 2 -10 -5 9 1 2 7 9 -7 -3 6 17 -4 -6 -2 4 12 -13 3 0 11 16
-5 -3 0 7 -10 -6 6 -6 -1 3 7 -3 -1 2 0 -4 3 0 0 -5 -4 -7 -9 -9 -2 -5 9 5 7 -4 8 -1 -8 -7 2 1 -17 -7 9 -4 -5 1 2 -9 -10 10 4 1 4 12 -8 -9 3 15 -4 -8 -1 -1 9 -8 -5 2 2 13
2 -8 1 8 -6 -5 -3 -4 -1 0 5 -5 0 4 -1 3 8 1 -1 -7 -9 -7 -9 -5 5 -8 16 -6 7 -8 6 0 -8 -9 -2 -6 -14 -11 12 3 -7 -4 -1 -13 -9 10 4 1 5 13 -4 -5 3 18 -7 -6 -1 2 10 -9 0 -1 8 17
-3 -1 -7 4 -19 -10 -3 -7 -1 -1 6 -20 0 -6 -2 7 5 1 -7 -8 -10 -2 -7 -2 8 -3 10 2 7 -6 0 -4 -10 0 8 -5 -12 -3 3 6 -12 -6 5 -7 -3 14 5 -5 -2 17 -4 -3 8 10 3 -4 5 -1 1 -8 -6 -9 7 18
-1 -1 -1 4 2 0 1 1 0 0 0 0 0 -1 -1 -1 -1 -1 1 -1 0 1 -1 0 0 1 0 0 1 1 -1 -1 0 -1 1 0 1 -2 0 -1 0 0 0 0 2 -1 0 0 0 -1 0 0 -1 1 1 1 1 1 1 2 1 0 0 1
6 0 -2 8 -19 -12 -8 -4 8 -7 -4 -5 0 -9 5 4 6 7 -14 -4 -7 -17 -15 2 5 -7 15 -1 10 1 -2 -3 -5 -10 -2 3 -7 -4 5 -2 -16 -7 2 -4 2 5 6 4 -4 13 -3 5 10 6 -4 2 3 7 6 -16 -3 -2 10 7
4 4 2 10 -18 -8 -4 -10 7 -14 -8 -9 4 -13 0 8 6 5 -14 -5 -11 -8 -15 -1 0 -8 9 -1 5 0 -4 -6 -4 -8 -6 1 -8 -4 11 -1 -16 4 1 -6 0 5 2 12 3 9 -7 0 16 14 -2 1 2 6 3 -22 -8 0 1 7
-9 0 6 9 -21 -5 -5 -10 3 -7 5 -10 5 -2 7 3 9 -2 -16 -2 -13 -12 -8 -6 1 -5 9 -5 10 -1 0 1 -7 -8 -4 2 -20 -1 8 1 -10 -1 -2 -14 4 -1 2 1 5 9 -6 2 9 10 6 -8 -4 1 11 -13 -6 -3 14 10
1 1 -8 3 -4 -1 -9 -7 3 -7 0 -8 8 -4 -3 3 4 -7 1 -3 -12 -5 -13 -5 7 -3 8 -4 12 -2 -3 -7 -3 -7 6 4 -11 -6 11 -8 -8 -1 -1 -9 -1 6 8 1 4 3 -4 5 13 15 3 -6 -1 1 3 -17 -8 -4 11 9
-5 0 -1 3 -11 -4 -9 -7 5 -1 6 -3 4 0 2 -3 3 0 -1 -1 -7 -5 -12 -7 -1 -5 6 -12 10 -7 -4 -1 -2 -7 5 4 -12 -9 12 -2 -15 2 2 -13 0 7 -1 1 -6 9 0 12 9 16 9 -5 -3 2 8 -21 -6 -3 11 2
-3 -6 -6 7 -13 -9 -8 -7 -5 -5 10 -4 11 2 0 4 8 2 0 -6 -9 -7 -12 -16 0 -8 11 -1 11 -6 2 -9 -2 -6 2 3 -20 -10 10 -3 -11 -3 2 -10 0 14 4 1 3 7 -2 3 11 17 5 -10 -4 2 6 -11 -5 -6 15 13
-3 -8 3 -1 -10 -6 -8 -15 0 1 9 -8 12 -1 9 -3 2 2 -9 -3 -10 -5 -9 -9 2 -8 10 -2 8 0 0 2 -3 -4 -1 0 -17 -10 8 1 -12 -4 -3 -8 3 8 0 1 5 6 -10 5 7 14 3 -5 -4 5 12 -16 2 -3 10 10
-7 -1 1 -1 -16 -9 -4 -9 -1 2 8 0 11 2 9 1 12 -6 -14 -1 -11 -9 -8 -10 3 -2 11 -2 16 -3 0 -8 -6 -6 -1 -3 -17 -2 8 -2 -14 -10 6 -20 4 -3 3 -1 -1 9 -4 2 8 12 5 -6 -2 4 11 -17 -5 -4 8 7
-13 -1 1 6 -4 -13 -7 -7 -1 2 15 -2 10 3 8 1 7 -1 -18 3 -14 0 -8 -7 1 -1 12 -7 9 -2 -4 -1 -3 -1 -2 -9 -13 -4 3 0 -18 -9 4 -16 7 -10 -7 1 -2 10 -12 -4 10 5 -2 -4 -2 1 5 -15 3 -3 10 9
-6 -9 0 8 -4 -3 -9 -14 -7 1 10 -3 7 8 4 4 15 -1 -5 -3 -11 -2 -3 -10 7 -6 9 -4 6 -3 1 4 -8 -4 1 0 -16 -11 5 -2 -9 3 -5 -10 7 1 -2 -2 -6 12 -6 -1 7 14 -1 -5 -3 2 0 -12 -5 -5 12 10
6 -9 4 1 -15 -9 -7 -10 2 -4 9 -3 7 1 4 0 8 -1 -6 -5 -14 -6 -11 -3 9 -4 13 3 14 -6 0 2 -5 -4 -1 -3 -14 -6 5 -4 -16 -8 4 -7 1 2 1 0 -6 11 0 4 6 1 1 -8 2 6 8 -14 -7 -1 16 11
7 -12 3 10 -11 2 -7 -8 -3 3 9 -11 6 -2 -1 7 9 -1 -10 -10 -7 -6 -12 -14 3 -10 10 3 13 -7 -1 -9 -11 0 -1 9 -15 -6 4 -5 -15 -4 2 -18 4 6 3 1 -2 12 -4 3 5 14 4 -4 0 -1 5 -10 -3 -2 11 15
4 -9 4 5 -14 -2 -4 -13 2 -3 4 -7 8 3 4 7 9 -4 -12 -5 -15 -6 -6 -6 6 -9 12 5 12 -9 1 -4 -9 -9 -2 1 -18 -11 2 -1 -15 -1 1 -12 1 8 2 -2 -3 12 -2 -1 8 9 0 -5 1 6 8 -14 -10 -1 11 15
6 -10 5 5 -13 -5 2 -7 -2 0 13 -4 2 1 1 9 8 -3 -9 -10 -11 -7 -9 -10 0 -9 9 1 14 -2 4 -2 -12 -2 -1 5 -15 -11 6 -2 -15 -2 7 -14 6 9 3 -2 1 7 -6 2 7 16 -2 -6 -1 5 8 -18 -1 -1 7 7
-5 -5 2 12 -13 -2 0 -8 -1 -1 7 -8 1 1 5 5 2 1 -7 -4 -6 -8 -10 -16 2 -9 9 5 13 -5 0 0 -9 -5 0 0 -15 -3 8 -2 -16 0 4 -7 -4 9 -1 4 -4 12 -4 -4 8 15 5 -8 -4 -1 7 -7 -6 -6 3 15
4 -10 1 9 -7 -4 -7 -7 -2 -4 5 -11 8 3 3 5 7 -1 -8 -6 -11 -2 -5 -9 5 -10 11 4 7 0 2 2 -10 -5 -4 -2 -19 -7 10 0 -14 -2 2 -13 2 11 1 1 -4 14 -3 -4 9 16 1 -1 1 4 2 -12 -10 -9 10 17
-2 0 -3 -2 -22 -7 2 -4 4 1 6 -12 8 3 4 3 12 5 -10 -6 -7 -4 -9 0 6 -4 9 4 14 -7 -3 -7 -10 3 2 -4 -11 0 1 4 -13 -7 1 -4 -1 11 -1 -8 -6 6 -11 -2 15 10 6 -3 10 0 2 -11 -2 -5 15 18
-1 -1 -1 3 2 -1 1 1 0 1 0 0 0 -1 -1 -1 -1 0 0 -1 0 1 0 0 0 1 0 0 1 1 -1 -1 0 -1 1 0 1 -2 0 0 0 1 0 1 1 -1 0 0 0 -1 0 0 -1 0 1 1 1 1 2 1 1 0 0 1
3 -8 0 3 1 -11 -9 -3 8 -6 5 -2 -9 -4 4 4 5 1 -12 3 -6 -5 -4 3 2 -11 4 -1 4 -11 5 -10 5 1 -2 1 2 -4 7 -1 -4 5 -7 -17 5 8 -5 -4 0 1 -4 0 0 -6 5 -10 -2 -10 13 -9 1 1 -6 11
3 -8 0 3 1 -11 -9 -3 8 -6 5 -2 -9 -4 4 4 5 1 -12 3 -6 -5 -4 3 2 -11 4 -1 4 -11 5 -10 5 1 -2 1 2 -4 7 -1 -4 5 -7 -17 5 8 -5 -4 0 1 -4 0 0 -6 5 -10 -2 -10 13 -9 1 1 -6 11
3 -8 0 3 1 -11 -9 -3 8 -6 5 -2 -9 -4 4 4 5 1 -12 3 -6 -5 -4 3 2 -11 4 -1 4 -11 5 -10 5 1 -2 1 2 -4 7 -1 -4 5 -7 -17 5 8 -5 -4 0 1 -4 0 0 -6 5 -10 -2 -10 13 -9 1 1 -6 11
3 -8 0 3 1 -11 -9 -3 8 -6 5 -2 -9 -4 4 4 5 1 -12 3 -6 -5 -4 3 2 -11 4 -1 4 -11 5 -10 5 1 -2 1 2 -4 7 -1 -4 5 -7 -17 5 8 -5 -4 0 1 -4 0 0 -6 5 -10 -2 -10 13 -9 1 1 -6 11
3 -8 0 3 1 -11 -9 -3 8 -6 5 -2 -9 -4 4 4 5 1 -12 3 -6 -5 -4 3 2 -11 4 -1 4 -11 5 -10 5 1 -2 1 2 -4 7 -1 -4 5 -7 -17 5 8 -5 -4 0 1 -4 0 0 -6 5 -10 -2 -10 13 -9 1 1 -6 11
3 -8 0 3 1 -11 -9 -3 8 -6 5 -2 -9 -4 4 4 5 1 -12 3 -6 -5 -4 3 2 -11 4 -1 4 -11 5 -10 5 1 -2 1 2 -4 7 -1 -4 5 -7 -17 5 8 -5 -4 0 1 -4 0 0 -6 5 -10 -2 -10 13 -9 1 1 -6 11
3 -8 0 3 1 -11 -9 -3 8 -6 5 -2 -9 -4 4 4 5 1 -12 3 -6 -5 -4 3 2 -11 4 -1 4 -11 5 -10 5 1 -2 1 2 -4 7 -1 -4 5 -7 -17 5 8 -5 -4 0 1 -4 0 0 -6 5 -10 -2 -10 13 -9 1 1 -6 11
3 -8 0 3 1 -11 -9 -3 8 -6 5 -2 -9 -4 4 4 5 1 -12 3 -6 -5 -4 3 2 -11 4 -1 4 -11 5 -10 5 1 -2 1 2 -4 7 -1 -4 5 -7 -17 5 8 -5 -4 0 1 -4 0 0 -6 5 -10 -2 -10 13 -9 1 1 -6 11
3 -8 0 3 1 -11 -9 -3 8 -6 5 -2 -9 -4 4 4 5 1 -12 3 -6 -5 -4 3 2 -11 4 -1 4 -11 5 -10 5 1 -2 1 2 -4 7 -1 -4 5 -7 -17 5 8 -5 -4 0 1 -4 0 0 -6 5 -10 -2 -10 13 -9 1 1 -6 11
3 -8 0 3 1 -11 -9 -3 8 -6 5 -2 -9 -4 4 4 5 1 -12 3 -6 -5 -4 3 2 -11 4 -1 4 -11 5 -10 5 1 -2 1 2 -4 7 -1 -4 5 -7 -17 5 8 -5 -4 0 1 -4 0 0 -6 5 -10 -2 -10 13 -9 1 1 -6 11
3 -8 0 3 1 -11 -9 -3 8 -6 5 -2 -9 -4 4 4 5 1 -12 3 -6 -5 -4 3 2 -11 4 -1 4 -11 5 -10 5 1 -2 1 2 -4 7 -1 -4 5 -7 -17 5 8 -5 -4 0 1 -4 0 0 -6 5 -10 -2 -10 13 -9 1 1 -6 11
3 -8 0 3 1 -11 -9 -3 8 -6 5 -2 -9 -4 4 4 5 1 -12 3 -6 -5 -4 3 2 -11 4 -1 4 -11 5 -10 5 1 -2 1 2 -4 7 -1 -4 5 -7 -17 5 8 -5 -4 0 1 -4 0 0 -6 5 -10 -2 -10 13 -9 1 1 -6 11
3 -8 0 3 1 -11 -9 -3 8 -6 5 -2 -9 -4 4 4 5 1 -12 3 -6 -5 -4 3 2 -11 4 -1 4 -11 5 -10 5 1 -2 1 2 -4 7 -1 -4 5 -7 -17 5 8 -5 -4 0 1 -4 0 0 -6 5 -10 -2 -10 13 -9 1 1 -6 11
3 -8 0 3 1 -11 -9 -3 8 -6 5 -2 -9 -4 4 4 5 1 -12 3 -6 -5 -4 3 2 -11 4 -1 4 -11 5 -10 5 1 -2 1 2 -4 7 -1 -4 5 -7 -17 5 8 -5 -4 0 1 -4 0 0 -6 5 -10 -2 -10 13 -9 1 1 -6 11
3 -8 0 3 1 -11 -9 -3 8 -6 5 -2 -9 -4 4 4 5 1 -12 3 -6 -5 -4 3 2 -11 4 -1 4 -11 5 -10 5 1 -2 1 2 -4 7 -1 -4 5 -7 -17 5 8 -5 -4 0 1 -4 0 0 -6 5 -10 -2 -10 13 -9 1 1 -6 11
3 -8 0 3 1 -11 -9 -3 8 -6 5 -2 -9 -4 4 4 5 1 -12 3 -6 -5 -4 3 2 -11 4 -1 4 -11 5 -10 5 1 -2 1 2 -4 7 -1 -4 5 -7 -17 5 8 -5 -4 0 1 -4 0 0 -6 5 -10 -2 -10 13 -9 1 1 -6 11
3 -8 0 3 1 -11 -9 -3 8 -6 5 -2 -9 -4 4 4 5 1 -12 3 -6 -5 -4 3 2 -11 4 -1 4 -11 5 -10 5 1 -2 1 2 -4 7 -1 -4 5 -7 -17 5 8 -5 -4 0 1 -4 0 0 -6 5 -10 -2 -10 13 -9 1 1 -6 11
3 -8 0 3 1 -11 -9 -3 8 -6 5 -2 -9 -4 4 4 5 1 -12 3 -6 -5 -4 3 2 -11 4 -1 4 -11 5 -10 5 1 -2 1 2 -4 7 -1 -4 5 -7 -17 5 8 -5 -4 0 1 -4 0 0 -6 5 -10 -2 -10 13 -9 1 1 -6 11
3 -8 0 3 1 -11 -9 -3 8 -6 5 -2 -9 -4 4 4 5 1 -12 3 -6 -5 -4 3 2 -11 4 -1 4 -11 5 -10 5 1 -2 1 2 -4 7 -1 -4 5 -7 -17 5 8 -5 -4 0 1 -4 0 0 -6 5 -10 -2 -10 13 -9 1 1 -6 11
3 -8 0 3 1 -11 -9 -3 8 -6 5 -2 -9 -4 4 4 5 1 -12 3 -6 -5 -4 3 2 -11 4 -1 4 -11 5 -10 5 1 -2 1 2 -4 7 -1 -4 5 -7 -17 5 8 -5 -4 0 1 -4 0 0 -6 5 -10 -2 -10 13 -9 1 1 -6 11
3 -8 0 3 1 -11 -9 -3 8 -6 5 -2 -9 -4 4 4 5 1 -12 3 -6 -5 -4 3 2 -11 4 -1 4 -11 5 -10 5 1 -2 1 2 -4 7 -1 -4 5 -7 -17 5 8 -5 -4 0 1 -4 0 0 -6 5 -10 -2 -10 13 -9 1 1 -6 11
3 -8 0 3 1 -11 -9 -3 8 -6 5 -2 -9 -4 4 4 5 1 -12 3 -6 -5 -4 3 2 -11 4 -1 4 -11 5 -10 5 1 -2 1 2 -4 7 -1 -4 5 -7 -17 5 8 -5 -4 0 1 -4 0 0 -6 5 -10 -2 -10 13 -9 1 1 -6 11
3 -8 0 3 1 -11 -9 -3 8 -6 5 -2 -9 -4 4 4 5 1 -12 3 -6 -5 -4 3 2 -11 4 -1 4 -11 5 -10 5 1 -2 1 2 -4 7 -1 -4 5 -7 -17 5 8 -5 -4 0 1 -4 0 0 -6 5 -10 -2 -10 13 -9 1 1 -6 11
3 -8 0 3 1 -11 -9 -3 8 -6 5 -2 -9 -4 4 4 5 1 -12 3 -6 -5 -4 3 2 -11 4 -1 4 -11 5 -10 5 1 -2 1 2 -4 7 -1 -4 5 -7 -17 5 8 -5 -4 0 1 -4 0 0 -6 5 -10 -2 -10 13 -9 1 1 -6 11
3 -8 0 3 1 -11 -9 -3 8 -6 5 -2 -9 -4 4 4 5 1 -12 3 -6 -5 -4 3 2 -11 4 -1 4 -11 5 -10 5 1 -2 1 2 -4 7 -1 -4 5 -7 -17 5 8 -5 -4 0 1 -4 0 0 -6 5 -10 -2 -10 13 -9 1 1 -6 11
3 -8 0 3 1 -11 -9 -3 8 -6 5 -2 -9 -4 4 4 5 1 -12 3 -6 -5 -4 3 2 -11 4 -1 4 -11 5 -10 5 1 -2 1 2 -4 7 -1 -4 5 -7 -17 5 8 -5 -4 0 1 -4 0 0 -6 5 -10 -2 -10 13 -9 1 1 -6 11
3 -8 0 3 1 -11 -9 -3 8 -6 5 -2 -9 -4 4 4 5 1 -12 3 -6 -5 -4 3 2 -11 4 -1 4 -11 5 -10 5 1 -2 1 2 -4 7 -1 -4 5 -7 -17 5 8 -5 -4 0 1 -4 0 0 -6 5 -10 -2 -10 13 -9 1 1 -6 11
3 -8 0 3 1 -11 -9 -3 8 -6 5 -2 -9 -4 4 4 5 1 -12 3 -6 -5 -4 3 2 -11 4 -1 4 -11 5 -10 5 1 -2 1 2 -4 7 -1 -4 5 -7 -17 5 8 -5 -4 0 1 -4 0 0 -6 5 -10 -2 -10 13 -9 1 1 -6 11
3 -8 0 3 1 -11 -9 -3 8 -6 5 -2 -9 -4 4 4 5 1 -12 3 -6 -5 -4 3 2 -11 4 -1 4 -11 5 -10 5 1 -2 1 2 -4 7 -1 -4 5 -7 -17 5 8 -5 -4 0 1 -4 0 0 -6 5 -10 -2 -10 13 -9 1 1 -6 11
3 -8 0 3 1 -11 -9 -3 8 -6 5 -2 -9 -4 4 4 5 1 -12 3 -6 -5 -4 3 2 -11 4 -1 4 -11 5 -10 5 1 -2 1 2 -4 7 -1 -4 5 -7 -17 5 8 -5 -4 0 1 -4 0 0 -6 5 -10 -2 -10 13 -9 1 1 -6 11
3 -8 0 3 1 -11 -9 -3 8 -6 5 -2 -9 -4 4 4 5 1 -12 3 -6 -5 -4 3 2 -11 4 -1 4 -11 5 -10 5 1 -2 1 2 -4 7 -1 -4 5 -7 -17 5 8 -5 -4 0 1 -4 0 0 -6 5 -10 -2 -10 13 -9 1 1 -6 11
3 -8 0 3 1 -11 -9 -3 8 -6 5 -2 -9 -4 4 4 5 1 -12 3 -6 -5 -4 3 2 -11 4 -1 4 -11 5 -10 5 1 -2 1 2 -4 7 -1 -4 5 -7 -17 5 8 -5 -4 0 1 -4 0 0 -6 5 -10 -2 -10 13 -9 1 1 -6 11
3 -8 0 3 1 -11 -9 -3 8 -6 5 -2 -9 -4 4 4 5 1 -12 3 -6 -5 -4 3 2 -11 4 -1 4 -11 5 -10 5 1 -2 1 2 -4 7 -1 -4 5 -7 -17 5 8 -5 -4 0 1 -4 0 0 -6 5 -10 -2 -10 13 -9 1 1 -6 11
3 -8 0 3 1 -11 -9 -3 8 -6 5 -2 -9 -4 4 4 5 1 -12 3 -6 -5 -4 3 2 -11 4 -1 4 -11 5 -10 5 1 -2 1 2 -4 7 -1 -4 5 -7 -17 5 8 -5 -4 0 1 -4 0 0 -6 5 -10 -2 -10 13 -9 1 1 -6 11
3 -8 0 3 1 -11 -9 -3 8 -6 5 -2 -9 -4 4 4 5 1 -12 3 -6 -5 -4 3 2 -11 4 -1 4 -11 5 -10 5 1 -2 1 2 -4 7 -1 -4 5 -7 -17 5 8 -5 -4 0 1 -4 0 0 -6 5 -10 -2 -10 13 -9 1 1 -6 11
3 -8 0 3 1 -11 -9 -3 8 -6 5 -2 -9 -4 4 4 5 1 -12 3 -6 -5 -4 3 2 -11 4 -1 4 -11 5 -10 5 1 -2 1 2 -4 7 -1 -4 5 -7 -17 5 8 -5 -4 0 1 -4 0 0 -6 5 -10 -2 -10 13 -9 1 1 -6 11
3 -8 0 3 1 -11 -9 -3 8 -6 5 -2 -9 -4 4 4 5 1 -12 3 -6 -5 -4 3 2 -11 4 -1 4 -11 5 -10 5 1 -2 1 2 -4 7 -1 -4 5 -7 -17 5 8 -5 -4 0 1 -4 0 0 -6 5 -10 -2 -10 13 -9 1 1 -6 11
3 -8 0 3 1 -11 -9 -3 8 -6 5 -2 -9 -4 4 4 5 1 -12 3 -6 -5 -4 3 2 -11 4 -1 4 -11 5 -10 5 1 -2 1 2 -4 7 -1 -4 5 -7 -17 5 8 -5 -4 0 1 -4 0 0 -6 5 -10 -2 -10 13 -9 1 1 -6 11
3 -8 0 3 1 -11 -9 -3 8 -6 5 -2 -9 -4 4 4 5 1 -12 3 -6 -5 -4 3 2 -11 4 -1 4 -11 5 -10 5 1 -2 1 2 -4 7 -1 -4 5 -7 -17 5 8 -5 -4 0 1 -4 0 0 -6 5 -10 -2 -10 13 -9 1 1 -6 11
3 -8 0 3 1 -11 -9 -3 8 -6 5 -2 -9 -4 4 4 5 1 -12 3 -6 -5 -4 3 2 -11 4 -1 4 -11 5 -10 5 1 -2 1 2 -4 7 -1 -4 5 -7 -17 5 8 -5 -4 0 1 -4 0 0 -6 5 -10 -2 -10 13 -9 1 1 -6 11
3 -8 0 3 1 -11 -9 -3 8 -6 5 -2 -9 -4 4 4 5 1 -12 3 -6 -5 -4 3 2 -11 4 -1 4 -11 5 -10 5 1 -2 1 2 -4 7 -1 -4 5 -7 -17 5 8 -5 -4 0 1 -4 0 0 -6 5 -10 -2 -10 13 -9 1 1 -6 11
3 -8 0 3 1 -11 -9 -3 8 -6 5 -2 -9 -4 4 4 5 1 -12 3 -6 -5 -4 3 2 -11 4 -1 4 -11 5 -10 5 1 -2 1 2 -4 7 -1 -4 5 -7 -17 5 8 -5 -4 0 1 -4 0 0 -6 5 -10 -2 -10 13 -9 1 1 -6 11
3 -8 0 3 1 -11 -9 -3 8 -6 5 -2 -9 -4 4 4 5 1 -12 3 -6 -5 -4 3 2 -11 4 -1 4 -11 5 -10 5 1 -2 1 2 -4 7 -1 -4 5 -7 -17 5 8 -5 -4 0 1 -4 0 0 -6 5 -10 -2 -10 13 -9 1 1 -6 11
3 -8 0 3 1 -11 -9 -3 8 -6 5 -2 -9 -4 4 4 5 1 -12 3 -6 -5 -4 3 2 -11 4 -1 4 -11 5 -10 5 1 -2 1 2 -4 7 -1 -4 5 -7 -17 5 8 -5 -4 0 1 -4 0 0 -6 5 -10 -2 -10 13 -9 1 1 -6 11
3 -8 0 3 1 -11 -9 -3 8 -6 5 -2 -9 -4 4 4 5 1 -12 3 -6 -5 -4 3 2 -11 4 -1 4 -11 5 -10 5 1 -2 1 2 -4 7 -1 -4 5 -7 -17 5 8 -5 -4 0 1 -4 0 0 -6 5 -10 -2 -10 13 -9 1 1 -6 11
3 -8 0 3 1 -11 -9 -3 8 -6 5 -2 -9 -4 4 4 5 1 -12 3 -6 -5 -4 3 2 -11 4 -1 4 -11 5 -10 5 1 -2 1 2 -4 7 -1 -4 5 -7 -17 5 8 -5 -4 0 1 -4 0 0 -6 5 -10 -2 -10 13 -9 1 1 -6 11
3 -8 0 3 1 -11 -9 -3 8 -6 5 -2 -9 -4 4 4 5 1 -12 3 -6 -5 -4 3 2 -11 4 -1 4 -11 5 -10 5 1 -2 1 2 -4 7 -1 -4 5 -7 -17 5 8 -5 -4 0 1 -4 0 0 -6 5 -10 -2 -10 13 -9 1 1 -6 11
3 -8 0 3 1 -11 -9 -3 8 -6 5 -2 -9 -4 4 4 5 1 -12 3 -6 -5 -4 3 2 -11 4 -1 4 -11 5 -10 5 1 -2 1 2 -4 7 -1 -4 5 -7 -17 5 8 -5 -4 0 1 -4 0 0 -6 5 -10 -2 -10 13 -9 1 1 -6 11
3 -8 0 3 1 -11 -9 -3 8 -6 5 -2 -9 -4 4 4 5 1 -12 3 -6 -5 -4 3 2 -11 4 -1 4 -11 5 -10 5 1 -2 1 2 -4 7 -1 -4 5 -7 -17 5 8 -5 -4 0 1 -4 0 0 -6 5 -10 -2 -10 13 -9 1 1 -6 11
3 -8 0 3 1 -11 -9 -3 8 -6 5 -2 -9 -4 4 4 5 1 -12 3 -6 -5 -4 3 2 -11 4 -1 4 -11 5 -10 5 1 -2 1 2 -4 7 -1 -4 5 -7 -17 5 8 -5 -4 0 1 -4 0 0 -6 5 -10 -2 -10 13 -9 1 1 -6 11
3 -8 0 3 1 -11 -9 -3 8 -6 5 -2 -9 -4 4 4 5 1 -12 3 -6 -5 -4 3 2 -11 4 -1 4 -11 5 -10 5 1 -2 1 2 -4 7 -1 -4 5 -7 -17 5 8 -5 -4 0 1 -4 0 0 -6 5 -10 -2 -10 13 -9 1 1 -6 11
3 -8 0 3 1 -11 -9 -3 8 -6 5 -2 -9 -4 4 4 5 1 -12 3 -6 -5 -4 3 2 -11 4 -1 4 -11 5 -10 5 1 -2 1 2 -4 7 -1 -4 5 -7 -17 5 8 -5 -4 0 1 -4 0 0 -6 5 -10 -2 -10 13 -9 1 1 -6 11
3 -8 0 3 1 -11 -9 -3 8 -6 5 -2 -9 -4 4 4 5 1 -12 3 -6 -5 -4 3 2 -11 4 -1 4 -11 5 -10 5 1 -2 1 2 -4 7 -1 -4 5 -7 -17 5 8 -5 -4 0 1 -4 0 0 -6 5 -10 -2 -10 13 -9 1 1 -6 11
3 -8 0 3 1 -11 -9 -3 8 -6 5 -2 -9 -4 4 4 5 1 -12 3 -6 -5 -4 3 2 -11 4 -1 4 -11 5 -10 5 1 -2 1 2 -4 7 -1 -4 5 -7 -17 5 8 -5 -4 0 1 -4 0 0 -6 5 -10 -2 -10 13 -9 1 1 -6 11
3 -8 0 3 1 -11 -9 -3 8 -6 5 -2 -9 -4 4 4 5 1 -12 3 -6 -5 -4 3 2 -11 4 -1 4 -11 5 -10 5 1 -2 1 2 -4 7 -1 -4 5 -7 -17 5 8 -5 -4 0 1 -4 0 0 -6 5 -10 -2 -10 13 -9 1 1 -6 11
3 -8 0 3 1 -11 -9 -3 8 -6 5 -2 -9 -4 4 4 5 1 -12 3 -6 -5 -4 3 2 -11 4 -1 4 -11 5 -10 5 1 -2 1 2 -4 7 -1 -4 5 -7 -17 5 8 -5 -4 0 1 -4 0 0 -6 5 -10 -2 -10 13 -9 1 1 -6 11
3 -8 0 3 1 -11 -9 -3 8 -6 5 -2 -9 -4 4 4 5 1 -12 3 -6 -5 -4 3 2 -11 4 -1 4 -11 5 -10 5 1 -2 1 2 -4 7 -1 -4 5 -7 -17 5 8 -5 -4 0 1 -4 0 0 -6 5 -10 -2 -10 13 -9 1 1 -6 11
3 -8 0 3 1 -11 -9 -3 8 -6 5 -2 -9 -4 4 4 5 1 -12 3 -6 -5 -4 3 2 -11 4 -1 4 -11 5 -10 5 1 -2 1 2 -4 7 -1 -4 5 -7 -17 5 8 -5 -4 0 1 -4 0 0 -6 5 -10 -2 -10 13 -9 1 1 -6 11
3 -8 0 3 1 -11 -9 -3 8 -6 5 -2 -9 -4 4 4 5 1 -12 3 -6 -5 -4 3 2 -11 4 -1 4 -11 5 -10 5 1 -2 1 2 -4 7 -1 -4 5 -7 -17 5 8 -5 -4 0 1 -4 0 0 -6 5 -10 -2 -10 13 -9 1 1 -6 11
3 -8 0 3 1 -11 -9 -3 8 -6 5 -2 -9 -4 4 4 5 1 -12 3 -6 -5 -4 3 2 -11 4 -1 4 -11 5 -10 5 1 -2 1 2 -4 7 -1 -4 5 -7 -17 5 8 -5 -4 0 1 -4 0 0 -6 5 -10 -2 -10 13 -9 1 1 -6 11
3 -8 0 3 1 -11 -9 -3 8 -6 5 -2 -9 -4 4 4 5 1 -12 3 -6 -5 -4 3 2 -11 4 -1 4 -11 5 -10 5 1 -2 1 2 -4 7 -1 -4 5 -7 -17 5 8 -5 -4 0 1 -4 0 0 -6 5 -10 -2 -10 13 -9 1 1 -6 11
3 -8 0 3 1 -11 -9 -3 8 -6 5 -2 -9 -4 4 4 5 1 -12 3 -6 -5 -4 3 2 -11 4 -1 4 -11 5 -10 5 1 -2 1 2 -4 7 -1 -4 5 -7 -17 5 8 -5 -4 0 1 -4 0 0 -6 5 -10 -2 -10 13 -9 1 1 -6 11
3 -8 0 3 1 -11 -9 -3 8 -6 5 -2 -9 -4 4 4 5 1 -12 3 -6 -5 -4 3 2 -11 4 -1 4 -11 5 -10 5 1 -2 1 2 -4 7 -1 -4 5 -7 -17 5 8 -5 -4 0 1 -4 0 0 -6 5 -10 -2 -10 13 -9 1 1 -6 11
3 -8 0 3 1 -11 -9 -3 8 -6 5 -2 -9 -4 4 4 5 1 -12 3 -6 -5 -4 3 2 -11 4 -1 4 -11 5 -10 5 1 -2 1 2 -4 7 -1 -4 5 -7 -17 5 8 -5 -4 0 1 -4 0 0 -6 5 -10 -2 -10 13 -9 1 1 -6 11
3 -8 0 3 1 -11 -9 -3 8 -6 5 -2 -9 -4 4 4 5 1 -12 3 -6 -5 -4 3 2 -11 4 -1 4 -11 5 -10 5 1 -2 1 2 -4 7 -1 -4 5 -7 -17 5 8 -5 -4 0 1 -4 0 0 -6 5 -10 -2 -10 13 -9 1 1 -6 11
3 -8 0 3 1 -11 -9 -3 8 -6 5 -2 -9 -4 4 4 5 1 -12 3 -6 -5 -4 3 2 -11 4 -1 4 -11 5 -10 5 1 -2 1 2 -4 7 -1 -4 5 -7 -17 5 8 -5 -4 0 1 -4 0 0 -6 5 -10 -2 -10 13 -9 1 1 -6 11
3 -8 0 3 1 -11 -9 -3 8 -6 5 -2 -9 -4 4 4 5 1 -12 3 -6 -5 -4 3 2 -11 4 -1 4 -11 5 -10 5 1 -2 1 2 -4 7 -1 -4 5 -7 -17 5 8 -5 -4 0 1 -4 0 0 -6 5 -10 -2 -10 13 -9 1 1 -6 11
3 -8 0 3 1 -11 -9 -3 8 -6 5 -2 -9 -4 4 4 5 1 -12 3 -6 -5 -4 3 2 -11 4 -1 4 -11 5 -10 5 1 -2 1 2 -4 7 -1 -4 5 -7 -17 5 8 -5 -4 0 1 -4 0 0 -6 5 -10 -2 -10 13 -9 1 1 -6 11
3 -8 0 3 1 -11 -9 -3 8 -6 5 -2 -9 -4 4 4 5 1 -12 3 -6 -5 -4 3 2 -11 4 -1 4 -11 5 -10 5 1 -2 1 2 -4 7 -1 -4 5 -7 -17 5 8 -5 -4 0 1 -4 0 0 -6 5 -10 -2 -10 13 -9 1 1 -6 11
3 -8 0 3 1 -11 -9 -3 8 -6 5 -2 -9 -4 4 4 5 1 -12 3 -6 -5 -4 3 2 -11 4 -1 4 -11 5 -10 5 1 -2 1 2 -4 7 -1 -4 5 -7 -17 5 8 -5 -4 0 1 -4 0 0 -6 5 -10 -2 -10 13 -9 1 1 -6 11
3 -8 0 3 1 -11 -9 -3 8 -6 5 -2 -9 -4 4 4 5 1 -12 3 -6 -5 -4 3 2 -11 4 -1 4 -11 5 -10 5 1 -2 1 2 -4 7 -1 -4 5 -7 -17 5 8 -5 -4 0 1 -4 0 0 -6 5 -10 -2 -10 13 -9 1 1 -6 11
3 -8 0 3 1 -11 -9 -3 8 -6 5 -2 -9 -4 4 4 5 1 -12 3 -6 -5 -4 3 2 -11 4 -1 4 -11 5 -10 5 1 -2 1 2 -4 7 -1 -4 5 -7 -17 5 8 -5 -4 0 1 -4 0 0 -6 5 -10 -2 -10 13 -9 1 1 -6 11
3 -8 0 3 1 -11 -9 -3 8 -6 5 -2 -9 -4 4 4 5 1 -12 3 -6 -5 -4 3 2 -11 4 -1 4 -11 5 -10 5 1 -2 1 2 -4 7 -1 -4 5 -7 -17 5 8 -5 -4 0 1 -4 0 0 -6 5 -10 -2 -10 13 -9 1 1 -6 11
3 -8 0 3 1 -11 -9 -3 8 -6 5 -2 -9 -4 4 4 5 1 -12 3 -6 -5 -4 3 2 -11 4 -1 4 -11 5 -10 5 1 -2 1 2 -4 7 -1 -4 5 -7 -17 5 8 -5 -4 0 1 -4 0 0 -6 5 -10 -2 -10 13 -9 1 1 -6 11
3 -8 0 3 1 -11 -9 -3 8 -6 5 -2 -9 -4 4 4 5 1 -12 3 -6 -5 -4 3 2 -11 4 -1 4 -11 5 -10 5 1 -2 1 2 -4 7 -1 -4 5 -7 -17 5 8 -5 -4 0 1 -4 0 0 -6 5 -10 -2 -10 13 -9 1 1 -6 11
3 -8 0 3 1 -11 -9 -3 8 -6 5 -2 -9 -4 4 4 5 1 -12 3 -6 -5 -4 3 2 -11 4 -1 4 -11 5 -10 5 1 -2 1 2 -4 7 -1 -4 5 -7 -17 5 8 -5 -4 0 1 -4 0 0 -6 5 -10 -2 -10 13 -9 1 1 -6 11
3 -8 0 3 1 -11 -9 -3 8 -6 5 -2 -9 -4 4 4 5 1 -12 3 -6 -5 -4 3 2 -11 4 -1 4 -11 5 -10 5 1 -2 1 2 -4 7 -1 -4 5 -7 -17 5 8 -5 -4 0 1 -4 0 0 -6 5 -10 -2 -10 13 -9 1 1 -6 11
3 -8 0 3 1 -11 -9 -3 8 -6 5 -2 -9 -4 4 4 5 1 -12 3 -6 -5 -4 3 2 -11 4 -1 4 -11 5 -10 5 1 -2 1 2 -4 7 -1 -4 5 -7 -17 5 8 -5 -4 0 1 -4 0 0 -6 5 -10 -2 -10 13 -9 1 1 -6 11
3 -8 0 3 1 -11 -9 -3 8 -6 5 -2 -9 -4 4 4 5 1 -12 3 -6 -5 -4 3 2 -11 4 -1 4 -11 5 -10 5 1 -2 1 2 -4 7 -1 -4 5 -7 -17 5 8 -5 -4 0 1 -4 0 0 -6 5 -10 -2 -10 13 -9 1 1 -6 11
3 -8 0 3 1 -11 -9 -3 8 -6 5 -2 -9 -4 4 4 5 1 -12 3 -6 -5 -4 3 2 -11 4 -1 4 -11 5 -10 5 1 -2 1 2 -4 7 -1 -4 5 -7 -17 5 8 -5 -4 0 1 -4 0 0 -6 5 -10 -2 -10 13 -9 1 1 -6 11
3 -8 0 3 1 -11 -9 -3 8 -6 5 -2 -9 -4 4 4 5 1 -12 3 -6 -5 -4 3 2 -11 4 -1 4 -11 5 -10 5 1 -2 1 2 -4 7 -1 -4 5 -7 -17 5 8 -5 -4 0 1 -4 0 0 -6 5 -10 -2 -10 13 -9 1 1 -6 11
3 -8 0 3 1 -11 -9 -3 8 -6 5 -2 -9 -4 4 4 5 1 -12 3 -6 -5 -4 3 2 -11 4 -1 4 -11 5 -10 5 1 -2 1 2 -4 7 -1 -4 5 -7 -17 5 8 -5 -4 0 1 -4 0 0 -6 5 -10 -2 -10 13 -9 1 1 -6 11
3 -8 0 3 1 -11 -9 -3 8 -6 5 -2 -9 -4 4 4 5 1 -12 3 -6 -5 -4 3 2 -11 4 -1 4 -11 5 -10 5 1 -2 1 2 -4 7 -1 -4 5 -7 -17 5 8 -5 -4 0 1 -4 0 0 -6 5 -10 -2 -10 13 -9 1 1 -6 11
3 -8 0 3 1 -11 -9 -3 8 -6 5 -2 -9 -4 4 4 5 1 -12 3 -6 -5 -4 3 2 -11 4 -1 4 -11 5 -10 5 1 -2 1 2 -4 7 -1 -4 5 -7 -17 5 8 -5 -4 0 1 -4 0 0 -6 5 -10 -2 -10 13 -9 1 1 -6 11
3 -8 0 3 1 -11 -9 -3 8 -6 5 -2 -9 -4 4 4 5 1 -12 3 -6 -5 -4 3 2 -11 4 -1 4 -11 5 -10 5 1 -2 1 2 -4 7 -1 -4 5 -7 -17 5 8 -5 -4 0 1 -4 0 0 -6 5 -10 -2 -10 13 -9 1 1 -6 11
3 -8 0 3 1 -11 -9 -3 8 -6 5 -2 -9 -4 4 4 5 1 -12 3 -6 -5 -4 3 2 -11 4 -1 4 -11 5 -10 5 1 -2 1 2 -4 7 -1 -4 5 -7 -17 5 8 -5 -4 0 1 -4 0 0 -6 5 -10 -2 -10 13 -9 1 1 -6 11
3 -8 0 3 1 -11 -9 -3 8 -6 5 -2 -9 -4 4 4 5 1 -12 3 -6 -5 -4 3 2 -11 4 -1 4 -11 5 -10 5 1 -2 1 2 -4 7 -1 -4 5 -7 -17 5 8 -5 -4 0 1 -4 0 0 -6 5 -10 -2 -10 13 -9 1 1 -6 11
