-3 9 25 7 7 9 -40 -2 -25 4 -17 -29 -27 -2 -24 -21 0 -1 12 23 5 -9 4 34 -13 3 -17 17 -5 -18 -20 -7 9 2 -13 -2 28 9 7 12 -24 18 -38 12 -33 -15 42 9 -9 2 12 9 32 17 9 4 -17 -1 -20 2 -2 -22 -18 51
0 17 18 21 19 14 -44 0 -45 4 -14 -16 -22 14 -29 -18 -6 16 13 32 5 9 -6 27 -7 14 -13 23 3 -21 -10 -6 24 22 -23 2 31 2 13 27 -28 13 -46 26 -54 -15 50 25 -2 -21 7 4 34 3 13 20 -31 -5 -22 7 -6 -19 -27 57
4 27 17 16 10 10 -38 4 -40 17 -12 -20 -33 10 -23 -17 7 9 12 32 4 -10 -6 28 -10 8 -16 13 12 -30 -4 -12 21 31 -14 4 28 13 -4 21 -26 22 -43 26 -46 -13 41 25 -12 -10 -1 14 53 -3 10 11 -28 -4 -24 -3 1 -26 -20 52
-3 28 13 17 15 10 -43 4 -40 8 -17 -15 -27 11 -16 -13 3 16 10 25 -3 2 -9 33 -6 1 -15 15 13 -29 -12 -13 21 17 -18 1 29 2 0 17 -28 18 -44 23 -42 -14 43 15 -13 -2 5 7 33 4 15 8 -26 -6 -30 1 2 -13 -9 36
-2 25 17 18 16 6 -46 10 -50 18 -10 -17 -16 4 -22 -22 22 14 9 25 -2 7 -13 23 3 3 -10 27 4 -29 -3 -18 18 20 -20 -3 10 2 3 13 -29 23 -42 23 -49 -10 54 17 -9 -8 0 17 32 1 10 10 -17 -13 -18 5 0 -12 -18 43
0 21 17 13 26 10 -43 -2 -53 3 -26 -15 -16 12 -23 -25 22 11 10 28 -8 0 -7 29 -16 5 -21 26 -1 -36 -5 -3 30 20 -25 0 19 2 -4 19 -26 35 -46 23 -53 -11 47 22 -17 -13 -6 15 39 8 2 -1 -9 -1 -33 18 10 -7 -19 36
-1 25 23 26 17 1 -42 3 -55 8 -38 -21 -31 12 -19 -19 2 20 14 30 -4 3 -4 21 -19 0 -28 19 -5 -37 -3 -8 31 20 -19 -12 18 -9 6 20 -31 30 -45 26 -51 -18 56 17 -25 -7 6 28 40 13 7 12 -15 -10 -20 8 11 -14 -12 36
2 34 19 14 23 6 -47 3 -60 -6 -28 -20 -18 11 -29 -16 21 14 14 28 -7 1 -7 30 -14 -1 -25 14 -5 -29 -4 -12 24 14 -26 -8 17 -9 0 9 -29 26 -33 21 -50 -15 46 14 -11 -9 3 22 35 12 11 11 -17 3 -31 24 6 -23 -22 44
-7 27 31 27 17 9 -42 -4 -56 8 -25 -11 -24 7 -20 -12 4 18 18 35 1 6 -12 29 -9 6 -22 26 2 -40 -10 -6 27 27 -23 -1 17 9 4 13 -27 28 -51 21 -49 -6 51 18 -10 -12 4 5 35 6 15 0 -20 -4 -33 14 4 -15 -15 39
21 20 26 11 31 -6 -27 15 -48 -5 -28 -28 -17 2 -37 -16 9 -9 -9 27 -1 0 -13 29 -13 -19 -5 19 8 -33 5 -5 4 20 -31 11 27 11 -13 9 8 27 -35 7 -61 5 49 27 4 -23 -11 14 41 0 4 -3 -14 -2 -14 -3 11 0 -9 46
3 35 19 21 12 15 -36 0 -57 1 -23 -19 -34 7 -20 -14 -3 10 24 34 7 16 -18 30 -9 -3 -13 24 7 -30 -15 -8 23 22 -14 -2 28 1 -4 17 -24 26 -41 16 -49 -7 52 11 -11 -9 -3 18 35 4 6 4 -13 3 -30 6 -2 -15 -14 44
-5 24 27 23 25 5 -48 -7 -43 19 -18 -22 -34 7 -16 -15 11 6 14 19 -3 7 -13 28 -14 12 -16 20 5 -25 -12 -15 21 18 -28 -5 13 5 -6 11 -26 29 -47 19 -60 -12 42 21 -16 -9 3 25 33 0 17 3 -11 1 -28 5 10 -18 -19 44
0 20 1 19 14 20 -41 9 -45 10 -12 -20 -31 3 -19 -18 1 6 9 26 3 6 -6 30 -6 12 -19 17 9 -24 -7 -9 22 16 -22 5 28 8 0 15 -26 24 -40 23 -41 -12 42 15 -22 -6 2 13 37 -2 19 12 -27 -2 -27 2 9 -18 -14 47
7 23 20 20 7 18 -45 -1 -49 7 -22 -27 -21 7 -13 -17 15 11 10 27 4 -6 -15 26 -9 -2 -18 15 1 -29 -13 -20 19 25 -23 -6 13 8 -2 16 -28 24 -51 20 -57 -11 50 14 -17 -5 3 16 37 5 18 -1 -20 5 -24 8 4 -23 -11 46
7 24 14 8 14 8 -28 7 -55 13 -20 -28 -23 8 -22 -14 5 7 5 36 -1 5 1 37 -1 -7 -13 11 3 -29 0 -4 20 22 -30 3 26 8 -8 9 -19 20 -42 12 -42 6 53 23 -15 -19 -11 28 43 5 10 7 -25 -1 -31 -6 4 -12 -18 50
-7 31 19 22 25 15 -40 -5 -57 21 -20 -18 -25 8 -15 -25 -1 16 6 34 -5 9 -6 30 -19 4 -19 20 15 -33 -8 -5 28 18 -23 2 17 9 4 25 -31 25 -39 28 -44 -3 53 22 -22 -6 8 11 33 15 16 5 -25 -1 -39 -1 -1 -12 -15 45
-7 26 30 26 27 12 -41 0 -52 2 -24 -16 -19 12 -22 -22 7 5 10 25 -2 -1 -14 29 -19 -2 -13 17 3 -24 -13 -6 26 22 -25 -14 10 -6 -14 9 -17 34 -36 23 -50 -3 47 22 -5 -13 16 12 27 -2 6 8 -6 -5 -17 7 12 -18 -17 47
-7 22 8 20 9 14 -38 -2 -46 6 -19 -17 -36 3 -21 -20 1 22 7 23 2 -2 -9 26 -12 -4 -22 8 2 -21 -12 0 30 17 -11 1 25 5 -6 8 -31 20 -43 23 -40 -20 53 13 -15 -3 11 16 34 6 19 11 -20 0 -31 -5 3 -10 -21 47
-3 21 14 22 24 10 -42 -3 -55 9 -23 -21 -29 5 -10 -22 9 7 19 18 -2 -2 -10 21 -6 0 -15 17 5 -23 -11 -3 29 24 -25 0 19 -3 2 16 -33 24 -42 17 -41 -13 50 20 -17 -5 11 25 39 4 13 13 -12 -1 -24 0 -1 -21 -18 41
-3 27 17 20 19 5 -41 -1 -47 10 -23 -18 -22 5 -26 -15 16 12 10 32 4 -3 -10 19 -7 10 -13 25 -1 -36 -11 -4 30 20 -18 -1 9 -4 0 20 -26 20 -47 24 -52 -10 55 16 -24 -12 4 20 36 7 18 15 -13 6 -21 13 -2 -16 -21 39
-6 27 19 26 21 13 -40 6 -42 11 -12 -18 -32 9 -16 -18 4 25 17 25 5 0 -8 21 -12 0 -12 15 0 -23 -7 3 20 19 -25 2 12 12 0 8 -28 19 -39 21 -46 -14 48 21 -18 -5 10 14 25 9 14 0 -19 8 -23 6 2 -11 -17 37
0 26 16 32 20 17 -24 -2 -55 9 -21 -18 -19 -1 -22 -19 16 -10 18 27 2 1 8 26 -13 -4 -15 4 -4 -39 -11 3 20 30 -20 18 8 2 -15 3 -27 25 -37 33 -42 -3 53 14 -18 -6 -9 25 38 14 23 0 -24 -2 -18 -4 6 -4 -16 48
-3 12 9 9 8 7 -26 -6 -29 3 -12 -18 -21 1 -20 -14 3 -4 9 24 7 1 -2 25 -7 6 -12 7 8 -12 -20 -12 13 -2 -7 3 22 8 6 3 -22 6 -28 12 -19 -13 42 17 -5 2 5 10 16 9 23 6 -16 2 -29 3 -6 -8 -19 28
-9 14 12 22 13 26 -34 -12 -43 -1 -23 -11 -30 8 -21 -29 0 7 20 29 -3 5 -8 44 -17 17 -13 5 4 -18 -5 -15 30 32 -27 -3 21 5 -2 22 -23 32 -34 26 -48 -10 60 17 -9 -12 -3 20 48 -3 14 8 -22 7 -36 -1 16 -16 -11 53
-10 14 23 24 24 18 -8 0 -44 -4 -26 -18 -30 -8 -17 -8 19 1 38 43 -11 6 -17 33 -12 9 -11 15 -9 -28 -4 -18 10 31 -10 -5 32 -11 -16 34 -13 42 -34 22 -44 -1 58 25 3 -26 1 21 41 -7 20 10 -25 5 -23 20 6 -19 -8 48
-2 24 12 16 21 16 -31 1 -53 -9 -17 -16 -25 5 -24 -26 2 11 15 23 7 8 -11 34 -8 8 -17 7 2 -22 -11 -8 28 25 -23 4 27 3 -2 19 -25 20 -39 28 -45 -20 48 14 -20 -11 3 19 46 -5 13 9 -24 -1 -31 -5 7 -15 -14 51
0 26 7 22 12 6 -44 11 -50 13 -11 -11 -24 1 -24 -26 10 10 10 28 -4 9 -10 28 -10 -3 -17 16 -1 -31 -6 -14 26 22 -13 4 16 10 -3 21 -27 30 -51 19 -48 -8 53 7 -9 -9 5 15 44 -7 1 2 -25 -13 -18 9 -5 -10 -23 51
1 25 29 20 19 -4 -50 -7 -49 7 -20 -15 -29 6 -9 -31 10 17 14 30 -3 12 -10 31 -18 -6 -20 13 0 -33 1 -9 26 19 -24 -6 19 5 2 15 -32 31 -42 20 -55 -8 50 16 -23 -16 4 21 46 -1 7 7 -11 -14 -32 12 3 -14 -25 45
-9 29 20 16 12 9 -39 -10 -43 3 -23 -14 -34 10 -20 -13 -6 13 20 33 -5 5 1 24 -15 4 -24 16 -3 -36 6 -9 30 18 -13 -9 20 -3 -4 24 -30 43 -47 20 -48 -20 44 11 -17 -14 3 18 34 -1 8 4 -16 0 -24 10 1 -17 -21 45
-4 26 26 18 14 11 -47 4 -50 -2 -23 -23 -26 13 -30 -18 19 28 11 25 -9 1 -13 29 -11 4 -20 19 10 -27 -2 -8 19 12 -24 -2 13 1 5 14 -29 33 -46 32 -52 -13 56 11 -19 -24 -2 29 45 7 19 -3 -18 -6 -27 19 5 -22 -9 57
-3 25 14 22 18 14 -34 0 -44 0 -22 -13 -30 3 -22 -22 5 4 15 27 8 9 -10 30 -18 14 -15 22 6 -22 -11 -13 18 32 -26 -2 13 7 2 19 -33 30 -43 26 -48 -19 61 9 -4 -15 10 14 35 1 12 5 -28 0 -33 4 5 -12 -13 49
-4 26 19 21 12 18 -44 4 -46 -5 -16 -10 -32 5 -28 -27 9 17 25 26 7 9 -10 26 -16 7 -13 16 11 -29 -7 -16 23 20 -32 3 17 3 2 22 -29 27 -39 27 -32 -10 50 7 -14 -4 -6 9 37 2 11 2 -21 -2 -28 9 9 -19 -13 45
10 29 8 14 13 10 -40 -4 -54 5 -22 -14 -32 4 -30 -12 10 5 18 27 -8 18 -7 26 -11 17 -17 19 8 -30 -3 -7 13 20 -23 -4 18 4 -1 14 -41 29 -46 23 -49 -6 53 18 -16 -8 -3 16 36 3 9 0 -18 5 -35 6 8 -15 -12 49
-7 21 13 15 7 13 -46 -4 -47 4 -21 -19 -25 6 -26 -17 5 6 13 24 -3 5 -12 29 -10 -5 -18 15 11 -23 -8 -10 28 14 -19 8 14 2 3 11 -25 21 -40 27 -30 -17 51 16 -17 -13 0 10 28 9 19 7 -30 2 -35 -1 7 -11 -18 38
-2 25 14 20 27 17 -47 -3 -51 6 -26 -19 -31 6 -28 -22 7 5 24 18 0 6 -24 22 -18 3 -11 18 11 -19 -4 -2 13 28 -22 4 22 -4 -1 8 -35 33 -49 30 -38 -13 48 22 -11 -12 11 23 36 -4 17 9 -9 0 -26 0 4 -17 -17 52
-6 24 9 16 11 16 -36 -1 -54 11 -24 -16 -27 -2 -19 -24 -1 10 8 21 1 13 -10 26 -9 1 -21 5 0 -17 -8 -13 23 25 -16 4 24 6 6 17 -30 25 -40 17 -44 -18 54 14 -11 -9 7 14 42 5 13 6 -21 -3 -21 -7 9 -12 -13 46
-3 26 14 15 29 5 -40 0 -56 4 -19 -15 -32 1 -26 -25 9 10 26 33 -4 6 -14 29 -14 7 -16 15 9 -18 -5 -3 24 23 -23 3 18 2 -4 12 -27 24 -40 16 -46 -8 56 10 -18 -13 16 24 38 8 16 6 -14 3 -23 7 7 -13 -24 56
5 29 8 19 23 11 -34 -1 -44 6 -8 -14 -20 -1 -21 -24 7 10 11 28 3 -1 -10 26 -10 12 -14 21 9 -25 -4 -2 20 19 -27 0 14 7 -7 19 -24 29 -47 26 -48 -5 61 11 -15 -13 11 21 37 6 23 22 -25 8 -18 4 0 -16 -23 41
1 29 15 22 17 17 -45 -6 -50 5 -16 -26 -21 11 -28 -24 4 19 16 29 0 6 -7 21 -13 6 -15 14 9 -29 -4 -9 21 20 -23 3 13 6 -4 22 -24 29 -48 20 -47 -16 46 14 -16 -7 9 16 40 9 11 3 -17 2 -29 12 5 -15 -20 39
6 21 18 24 8 14 -31 -3 -59 0 -17 -19 -25 0 -16 -14 20 12 31 22 8 -2 0 19 -24 -5 -20 -8 -4 -23 -18 -1 10 32 -29 8 18 0 -15 11 -38 26 -32 30 -42 -4 56 8 -25 -1 -9 23 37 18 24 0 -19 3 -32 -14 4 -13 -19 51
-10 17 8 6 13 9 -24 -11 -23 5 -17 -18 -25 2 -17 -20 0 1 11 26 -1 -1 -10 30 -6 -1 -14 11 7 -20 -19 -13 10 3 -5 1 19 7 10 3 -18 4 -27 6 -23 -15 35 9 -10 1 10 6 24 15 20 6 -14 5 -23 0 0 -10 -17 31
-12 17 4 19 1 9 -47 2 -44 -9 -23 -14 -35 -4 -15 -22 -6 -2 18 26 -3 -3 -5 37 -13 11 -20 -5 4 -28 -32 -18 16 29 -22 -8 23 0 8 25 -34 16 -37 26 -42 -19 56 9 0 -8 7 16 41 -1 10 3 -29 -5 -55 6 16 -17 -16 42
-12 17 4 19 1 9 -47 2 -44 -9 -23 -14 -35 -4 -15 -22 -6 -2 18 26 -3 -3 -5 37 -13 11 -20 -5 4 -28 -32 -18 16 29 -22 -8 23 0 8 25 -34 16 -37 26 -42 -19 56 9 0 -8 7 16 41 -1 10 3 -29 -5 -55 6 16 -17 -16 42
-12 17 4 19 1 9 -47 2 -44 -9 -23 -14 -35 -4 -15 -22 -6 -2 18 26 -3 -3 -5 37 -13 11 -20 -5 4 -28 -32 -18 16 29 -22 -8 23 0 8 25 -34 16 -37 26 -42 -19 56 9 0 -8 7 16 41 -1 10 3 -29 -5 -55 6 16 -17 -16 42
-12 17 4 19 1 9 -47 2 -44 -9 -23 -14 -35 -4 -15 -22 -6 -2 18 26 -3 -3 -5 37 -13 11 -20 -5 4 -28 -32 -18 16 29 -22 -8 23 0 8 25 -34 16 -37 26 -42 -19 56 9 0 -8 7 16 41 -1 10 3 -29 -5 -55 6 16 -17 -16 42
-12 17 4 19 1 9 -47 2 -44 -9 -23 -14 -35 -4 -15 -22 -6 -2 18 26 -3 -3 -5 37 -13 11 -20 -5 4 -28 -32 -18 16 29 -22 -8 23 0 8 25 -34 16 -37 26 -42 -19 56 9 0 -8 7 16 41 -1 10 3 -29 -5 -55 6 16 -17 -16 42
-12 17 4 19 1 9 -47 2 -44 -9 -23 -14 -35 -4 -15 -22 -6 -2 18 26 -3 -3 -5 37 -13 11 -20 -5 4 -28 -32 -18 16 29 -22 -8 23 0 8 25 -34 16 -37 26 -42 -19 56 9 0 -8 7 16 41 -1 10 3 -29 -5 -55 6 16 -17 -16 42
-12 17 4 19 1 9 -47 2 -44 -9 -23 -14 -35 -4 -15 -22 -6 -2 18 26 -3 -3 -5 37 -13 11 -20 -5 4 -28 -32 -18 16 29 -22 -8 23 0 8 25 -34 16 -37 26 -42 -19 56 9 0 -8 7 16 41 -1 10 3 -29 -5 -55 6 16 -17 -16 42
-12 17 4 19 1 9 -47 2 -44 -9 -23 -14 -35 -4 -15 -22 -6 -2 18 26 -3 -3 -5 37 -13 11 -20 -5 4 -28 -32 -18 16 29 -22 -8 23 0 8 25 -34 16 -37 26 -42 -19 56 9 0 -8 7 16 41 -1 10 3 -29 -5 -55 6 16 -17 -16 42
-12 17 4 19 1 9 -47 2 -44 -9 -23 -14 -35 -4 -15 -22 -6 -2 18 26 -3 -3 -5 37 -13 11 -20 -5 4 -28 -32 -18 16 29 -22 -8 23 0 8 25 -34 16 -37 26 -42 -19 56 9 0 -8 7 16 41 -1 10 3 -29 -5 -55 6 16 -17 -16 42
-12 17 4 19 1 9 -47 2 -44 -9 -23 -14 -35 -4 -15 -22 -6 -2 18 26 -3 -3 -5 37 -13 11 -20 -5 4 -28 -32 -18 16 29 -22 -8 23 0 8 25 -34 16 -37 26 -42 -19 56 9 0 -8 7 16 41 -1 10 3 -29 -5 -55 6 16 -17 -16 42
-12 17 4 19 1 9 -47 2 -44 -9 -23 -14 -35 -4 -15 -22 -6 -2 18 26 -3 -3 -5 37 -13 11 -20 -5 4 -28 -32 -18 16 29 -22 -8 23 0 8 25 -34 16 -37 26 -42 -19 56 9 0 -8 7 16 41 -1 10 3 -29 -5 -55 6 16 -17 -16 42
-12 17 4 19 1 9 -47 2 -44 -9 -23 -14 -35 -4 -15 -22 -6 -2 18 26 -3 -3 -5 37 -13 11 -20 -5 4 -28 -32 -18 16 29 -22 -8 23 0 8 25 -34 16 -37 26 -42 -19 56 9 0 -8 7 16 41 -1 10 3 -29 -5 -55 6 16 -17 -16 42
-12 17 4 19 1 9 -47 2 -44 -9 -23 -14 -35 -4 -15 -22 -6 -2 18 26 -3 -3 -5 37 -13 11 -20 -5 4 -28 -32 -18 16 29 -22 -8 23 0 8 25 -34 16 -37 26 -42 -19 56 9 0 -8 7 16 41 -1 10 3 -29 -5 -55 6 16 -17 -16 42
-12 17 4 19 1 9 -47 2 -44 -9 -23 -14 -35 -4 -15 -22 -6 -2 18 26 -3 -3 -5 37 -13 11 -20 -5 4 -28 -32 -18 16 29 -22 -8 23 0 8 25 -34 16 -37 26 -42 -19 56 9 0 -8 7 16 41 -1 10 3 -29 -5 -55 6 16 -17 -16 42
-12 17 4 19 1 9 -47 2 -44 -9 -23 -14 -35 -4 -15 -22 -6 -2 18 26 -3 -3 -5 37 -13 11 -20 -5 4 -28 -32 -18 16 29 -22 -8 23 0 8 25 -34 16 -37 26 -42 -19 56 9 0 -8 7 16 41 -1 10 3 -29 -5 -55 6 16 -17 -16 42
-12 17 4 19 1 9 -47 2 -44 -9 -23 -14 -35 -4 -15 -22 -6 -2 18 26 -3 -3 -5 37 -13 11 -20 -5 4 -28 -32 -18 16 29 -22 -8 23 0 8 25 -34 16 -37 26 -42 -19 56 9 0 -8 7 16 41 -1 10 3 -29 -5 -55 6 16 -17 -16 42
-12 17 4 19 1 9 -47 2 -44 -9 -23 -14 -35 -4 -15 -22 -6 -2 18 26 -3 -3 -5 37 -13 11 -20 -5 4 -28 -32 -18 16 29 -22 -8 23 0 8 25 -34 16 -37 26 -42 -19 56 9 0 -8 7 16 41 -1 10 3 -29 -5 -55 6 16 -17 -16 42
-12 17 4 19 1 9 -47 2 -44 -9 -23 -14 -35 -4 -15 -22 -6 -2 18 26 -3 -3 -5 37 -13 11 -20 -5 4 -28 -32 -18 16 29 -22 -8 23 0 8 25 -34 16 -37 26 -42 -19 56 9 0 -8 7 16 41 -1 10 3 -29 -5 -55 6 16 -17 -16 42
-12 17 4 19 1 9 -47 2 -44 -9 -23 -14 -35 -4 -15 -22 -6 -2 18 26 -3 -3 -5 37 -13 11 -20 -5 4 -28 -32 -18 16 29 -22 -8 23 0 8 25 -34 16 -37 26 -42 -19 56 9 0 -8 7 16 41 -1 10 3 -29 -5 -55 6 16 -17 -16 42
-12 17 4 19 1 9 -47 2 -44 -9 -23 -14 -35 -4 -15 -22 -6 -2 18 26 -3 -3 -5 37 -13 11 -20 -5 4 -28 -32 -18 16 29 -22 -8 23 0 8 25 -34 16 -37 26 -42 -19 56 9 0 -8 7 16 41 -1 10 3 -29 -5 -55 6 16 -17 -16 42
-12 17 4 19 1 9 -47 2 -44 -9 -23 -14 -35 -4 -15 -22 -6 -2 18 26 -3 -3 -5 37 -13 11 -20 -5 4 -28 -32 -18 16 29 -22 -8 23 0 8 25 -34 16 -37 26 -42 -19 56 9 0 -8 7 16 41 -1 10 3 -29 -5 -55 6 16 -17 -16 42
-12 17 4 19 1 9 -47 2 -44 -9 -23 -14 -35 -4 -15 -22 -6 -2 18 26 -3 -3 -5 37 -13 11 -20 -5 4 -28 -32 -18 16 29 -22 -8 23 0 8 25 -34 16 -37 26 -42 -19 56 9 0 -8 7 16 41 -1 10 3 -29 -5 -55 6 16 -17 -16 42
-12 17 4 19 1 9 -47 2 -44 -9 -23 -14 -35 -4 -15 -22 -6 -2 18 26 -3 -3 -5 37 -13 11 -20 -5 4 -28 -32 -18 16 29 -22 -8 23 0 8 25 -34 16 -37 26 -42 -19 56 9 0 -8 7 16 41 -1 10 3 -29 -5 -55 6 16 -17 -16 42
-12 17 4 19 1 9 -47 2 -44 -9 -23 -14 -35 -4 -15 -22 -6 -2 18 26 -3 -3 -5 37 -13 11 -20 -5 4 -28 -32 -18 16 29 -22 -8 23 0 8 25 -34 16 -37 26 -42 -19 56 9 0 -8 7 16 41 -1 10 3 -29 -5 -55 6 16 -17 -16 42
-12 17 4 19 1 9 -47 2 -44 -9 -23 -14 -35 -4 -15 -22 -6 -2 18 26 -3 -3 -5 37 -13 11 -20 -5 4 -28 -32 -18 16 29 -22 -8 23 0 8 25 -34 16 -37 26 -42 -19 56 9 0 -8 7 16 41 -1 10 3 -29 -5 -55 6 16 -17 -16 42
-12 17 4 19 1 9 -47 2 -44 -9 -23 -14 -35 -4 -15 -22 -6 -2 18 26 -3 -3 -5 37 -13 11 -20 -5 4 -28 -32 -18 16 29 -22 -8 23 0 8 25 -34 16 -37 26 -42 -19 56 9 0 -8 7 16 41 -1 10 3 -29 -5 -55 6 16 -17 -16 42
-12 17 4 19 1 9 -47 2 -44 -9 -23 -14 -35 -4 -15 -22 -6 -2 18 26 -3 -3 -5 37 -13 11 -20 -5 4 -28 -32 -18 16 29 -22 -8 23 0 8 25 -34 16 -37 26 -42 -19 56 9 0 -8 7 16 41 -1 10 3 -29 -5 -55 6 16 -17 -16 42
-12 17 4 19 1 9 -47 2 -44 -9 -23 -14 -35 -4 -15 -22 -6 -2 18 26 -3 -3 -5 37 -13 11 -20 -5 4 -28 -32 -18 16 29 -22 -8 23 0 8 25 -34 16 -37 26 -42 -19 56 9 0 -8 7 16 41 -1 10 3 -29 -5 -55 6 16 -17 -16 42
-12 17 4 19 1 9 -47 2 -44 -9 -23 -14 -35 -4 -15 -22 -6 -2 18 26 -3 -3 -5 37 -13 11 -20 -5 4 -28 -32 -18 16 29 -22 -8 23 0 8 25 -34 16 -37 26 -42 -19 56 9 0 -8 7 16 41 -1 10 3 -29 -5 -55 6 16 -17 -16 42
-12 17 4 19 1 9 -47 2 -44 -9 -23 -14 -35 -4 -15 -22 -6 -2 18 26 -3 -3 -5 37 -13 11 -20 -5 4 -28 -32 -18 16 29 -22 -8 23 0 8 25 -34 16 -37 26 -42 -19 56 9 0 -8 7 16 41 -1 10 3 -29 -5 -55 6 16 -17 -16 42
-12 17 4 19 1 9 -47 2 -44 -9 -23 -14 -35 -4 -15 -22 -6 -2 18 26 -3 -3 -5 37 -13 11 -20 -5 4 -28 -32 -18 16 29 -22 -8 23 0 8 25 -34 16 -37 26 -42 -19 56 9 0 -8 7 16 41 -1 10 3 -29 -5 -55 6 16 -17 -16 42
-12 17 4 19 1 9 -47 2 -44 -9 -23 -14 -35 -4 -15 -22 -6 -2 18 26 -3 -3 -5 37 -13 11 -20 -5 4 -28 -32 -18 16 29 -22 -8 23 0 8 25 -34 16 -37 26 -42 -19 56 9 0 -8 7 16 41 -1 10 3 -29 -5 -55 6 16 -17 -16 42
-12 17 4 19 1 9 -47 2 -44 -9 -23 -14 -35 -4 -15 -22 -6 -2 18 26 -3 -3 -5 37 -13 11 -20 -5 4 -28 -32 -18 16 29 -22 -8 23 0 8 25 -34 16 -37 26 -42 -19 56 9 0 -8 7 16 41 -1 10 3 -29 -5 -55 6 16 -17 -16 42
-12 17 4 19 1 9 -47 2 -44 -9 -23 -14 -35 -4 -15 -22 -6 -2 18 26 -3 -3 -5 37 -13 11 -20 -5 4 -28 -32 -18 16 29 -22 -8 23 0 8 25 -34 16 -37 26 -42 -19 56 9 0 -8 7 16 41 -1 10 3 -29 -5 -55 6 16 -17 -16 42
-12 17 4 19 1 9 -47 2 -44 -9 -23 -14 -35 -4 -15 -22 -6 -2 18 26 -3 -3 -5 37 -13 11 -20 -5 4 -28 -32 -18 16 29 -22 -8 23 0 8 25 -34 16 -37 26 -42 -19 56 9 0 -8 7 16 41 -1 10 3 -29 -5 -55 6 16 -17 -16 42
-12 17 4 19 1 9 -47 2 -44 -9 -23 -14 -35 -4 -15 -22 -6 -2 18 26 -3 -3 -5 37 -13 11 -20 -5 4 -28 -32 -18 16 29 -22 -8 23 0 8 25 -34 16 -37 26 -42 -19 56 9 0 -8 7 16 41 -1 10 3 -29 -5 -55 6 16 -17 -16 42
-12 17 4 19 1 9 -47 2 -44 -9 -23 -14 -35 -4 -15 -22 -6 -2 18 26 -3 -3 -5 37 -13 11 -20 -5 4 -28 -32 -18 16 29 -22 -8 23 0 8 25 -34 16 -37 26 -42 -19 56 9 0 -8 7 16 41 -1 10 3 -29 -5 -55 6 16 -17 -16 42
-12 17 4 19 1 9 -47 2 -44 -9 -23 -14 -35 -4 -15 -22 -6 -2 18 26 -3 -3 -5 37 -13 11 -20 -5 4 -28 -32 -18 16 29 -22 -8 23 0 8 25 -34 16 -37 26 -42 -19 56 9 0 -8 7 16 41 -1 10 3 -29 -5 -55 6 16 -17 -16 42
-12 17 4 19 1 9 -47 2 -44 -9 -23 -14 -35 -4 -15 -22 -6 -2 18 26 -3 -3 -5 37 -13 11 -20 -5 4 -28 -32 -18 16 29 -22 -8 23 0 8 25 -34 16 -37 26 -42 -19 56 9 0 -8 7 16 41 -1 10 3 -29 -5 -55 6 16 -17 -16 42
-12 17 4 19 1 9 -47 2 -44 -9 -23 -14 -35 -4 -15 -22 -6 -2 18 26 -3 -3 -5 37 -13 11 -20 -5 4 -28 -32 -18 16 29 -22 -8 23 0 8 25 -34 16 -37 26 -42 -19 56 9 0 -8 7 16 41 -1 10 3 -29 -5 -55 6 16 -17 -16 42
-12 17 4 19 1 9 -47 2 -44 -9 -23 -14 -35 -4 -15 -22 -6 -2 18 26 -3 -3 -5 37 -13 11 -20 -5 4 -28 -32 -18 16 29 -22 -8 23 0 8 25 -34 16 -37 26 -42 -19 56 9 0 -8 7 16 41 -1 10 3 -29 -5 -55 6 16 -17 -16 42
-12 17 4 19 1 9 -47 2 -44 -9 -23 -14 -35 -4 -15 -22 -6 -2 18 26 -3 -3 -5 37 -13 11 -20 -5 4 -28 -32 -18 16 29 -22 -8 23 0 8 25 -34 16 -37 26 -42 -19 56 9 0 -8 7 16 41 -1 10 3 -29 -5 -55 6 16 -17 -16 42
-12 17 4 19 1 9 -47 2 -44 -9 -23 -14 -35 -4 -15 -22 -6 -2 18 26 -3 -3 -5 37 -13 11 -20 -5 4 -28 -32 -18 16 29 -22 -8 23 0 8 25 -34 16 -37 26 -42 -19 56 9 0 -8 7 16 41 -1 10 3 -29 -5 -55 6 16 -17 -16 42
-12 17 4 19 1 9 -47 2 -44 -9 -23 -14 -35 -4 -15 -22 -6 -2 18 26 -3 -3 -5 37 -13 11 -20 -5 4 -28 -32 -18 16 29 -22 -8 23 0 8 25 -34 16 -37 26 -42 -19 56 9 0 -8 7 16 41 -1 10 3 -29 -5 -55 6 16 -17 -16 42
-12 17 4 19 1 9 -47 2 -44 -9 -23 -14 -35 -4 -15 -22 -6 -2 18 26 -3 -3 -5 37 -13 11 -20 -5 4 -28 -32 -18 16 29 -22 -8 23 0 8 25 -34 16 -37 26 -42 -19 56 9 0 -8 7 16 41 -1 10 3 -29 -5 -55 6 16 -17 -16 42
-12 17 4 19 1 9 -47 2 -44 -9 -23 -14 -35 -4 -15 -22 -6 -2 18 26 -3 -3 -5 37 -13 11 -20 -5 4 -28 -32 -18 16 29 -22 -8 23 0 8 25 -34 16 -37 26 -42 -19 56 9 0 -8 7 16 41 -1 10 3 -29 -5 -55 6 16 -17 -16 42
-12 17 4 19 1 9 -47 2 -44 -9 -23 -14 -35 -4 -15 -22 -6 -2 18 26 -3 -3 -5 37 -13 11 -20 -5 4 -28 -32 -18 16 29 -22 -8 23 0 8 25 -34 16 -37 26 -42 -19 56 9 0 -8 7 16 41 -1 10 3 -29 -5 -55 6 16 -17 -16 42
-12 17 4 19 1 9 -47 2 -44 -9 -23 -14 -35 -4 -15 -22 -6 -2 18 26 -3 -3 -5 37 -13 11 -20 -5 4 -28 -32 -18 16 29 -22 -8 23 0 8 25 -34 16 -37 26 -42 -19 56 9 0 -8 7 16 41 -1 10 3 -29 -5 -55 6 16 -17 -16 42
-12 17 4 19 1 9 -47 2 -44 -9 -23 -14 -35 -4 -15 -22 -6 -2 18 26 -3 -3 -5 37 -13 11 -20 -5 4 -28 -32 -18 16 29 -22 -8 23 0 8 25 -34 16 -37 26 -42 -19 56 9 0 -8 7 16 41 -1 10 3 -29 -5 -55 6 16 -17 -16 42
-12 17 4 19 1 9 -47 2 -44 -9 -23 -14 -35 -4 -15 -22 -6 -2 18 26 -3 -3 -5 37 -13 11 -20 -5 4 -28 -32 -18 16 29 -22 -8 23 0 8 25 -34 16 -37 26 -42 -19 56 9 0 -8 7 16 41 -1 10 3 -29 -5 -55 6 16 -17 -16 42
-12 17 4 19 1 9 -47 2 -44 -9 -23 -14 -35 -4 -15 -22 -6 -2 18 26 -3 -3 -5 37 -13 11 -20 -5 4 -28 -32 -18 16 29 -22 -8 23 0 8 25 -34 16 -37 26 -42 -19 56 9 0 -8 7 16 41 -1 10 3 -29 -5 -55 6 16 -17 -16 42
-12 17 4 19 1 9 -47 2 -44 -9 -23 -14 -35 -4 -15 -22 -6 -2 18 26 -3 -3 -5 37 -13 11 -20 -5 4 -28 -32 -18 16 29 -22 -8 23 0 8 25 -34 16 -37 26 -42 -19 56 9 0 -8 7 16 41 -1 10 3 -29 -5 -55 6 16 -17 -16 42
-12 17 4 19 1 9 -47 2 -44 -9 -23 -14 -35 -4 -15 -22 -6 -2 18 26 -3 -3 -5 37 -13 11 -20 -5 4 -28 -32 -18 16 29 -22 -8 23 0 8 25 -34 16 -37 26 -42 -19 56 9 0 -8 7 16 41 -1 10 3 -29 -5 -55 6 16 -17 -16 42
-12 17 4 19 1 9 -47 2 -44 -9 -23 -14 -35 -4 -15 -22 -6 -2 18 26 -3 -3 -5 37 -13 11 -20 -5 4 -28 -32 -18 16 29 -22 -8 23 0 8 25 -34 16 -37 26 -42 -19 56 9 0 -8 7 16 41 -1 10 3 -29 -5 -55 6 16 -17 -16 42
-12 17 4 19 1 9 -47 2 -44 -9 -23 -14 -35 -4 -15 -22 -6 -2 18 26 -3 -3 -5 37 -13 11 -20 -5 4 -28 -32 -18 16 29 -22 -8 23 0 8 25 -34 16 -37 26 -42 -19 56 9 0 -8 7 16 41 -1 10 3 -29 -5 -55 6 16 -17 -16 42
-12 17 4 19 1 9 -47 2 -44 -9 -23 -14 -35 -4 -15 -22 -6 -2 18 26 -3 -3 -5 37 -13 11 -20 -5 4 -28 -32 -18 16 29 -22 -8 23 0 8 25 -34 16 -37 26 -42 -19 56 9 0 -8 7 16 41 -1 10 3 -29 -5 -55 6 16 -17 -16 42
-12 17 4 19 1 9 -47 2 -44 -9 -23 -14 -35 -4 -15 -22 -6 -2 18 26 -3 -3 -5 37 -13 11 -20 -5 4 -28 -32 -18 16 29 -22 -8 23 0 8 25 -34 16 -37 26 -42 -19 56 9 0 -8 7 16 41 -1 10 3 -29 -5 -55 6 16 -17 -16 42
-12 17 4 19 1 9 -47 2 -44 -9 -23 -14 -35 -4 -15 -22 -6 -2 18 26 -3 -3 -5 37 -13 11 -20 -5 4 -28 -32 -18 16 29 -22 -8 23 0 8 25 -34 16 -37 26 -42 -19 56 9 0 -8 7 16 41 -1 10 3 -29 -5 -55 6 16 -17 -16 42
-12 17 4 19 1 9 -47 2 -44 -9 -23 -14 -35 -4 -15 -22 -6 -2 18 26 -3 -3 -5 37 -13 11 -20 -5 4 -28 -32 -18 16 29 -22 -8 23 0 8 25 -34 16 -37 26 -42 -19 56 9 0 -8 7 16 41 -1 10 3 -29 -5 -55 6 16 -17 -16 42
-12 17 4 19 1 9 -47 2 -44 -9 -23 -14 -35 -4 -15 -22 -6 -2 18 26 -3 -3 -5 37 -13 11 -20 -5 4 -28 -32 -18 16 29 -22 -8 23 0 8 25 -34 16 -37 26 -42 -19 56 9 0 -8 7 16 41 -1 10 3 -29 -5 -55 6 16 -17 -16 42
-12 17 4 19 1 9 -47 2 -44 -9 -23 -14 -35 -4 -15 -22 -6 -2 18 26 -3 -3 -5 37 -13 11 -20 -5 4 -28 -32 -18 16 29 -22 -8 23 0 8 25 -34 16 -37 26 -42 -19 56 9 0 -8 7 16 41 -1 10 3 -29 -5 -55 6 16 -17 -16 42
-12 17 4 19 1 9 -47 2 -44 -9 -23 -14 -35 -4 -15 -22 -6 -2 18 26 -3 -3 -5 37 -13 11 -20 -5 4 -28 -32 -18 16 29 -22 -8 23 0 8 25 -34 16 -37 26 -42 -19 56 9 0 -8 7 16 41 -1 10 3 -29 -5 -55 6 16 -17 -16 42
-12 17 4 19 1 9 -47 2 -44 -9 -23 -14 -35 -4 -15 -22 -6 -2 18 26 -3 -3 -5 37 -13 11 -20 -5 4 -28 -32 -18 16 29 -22 -8 23 0 8 25 -34 16 -37 26 -42 -19 56 9 0 -8 7 16 41 -1 10 3 -29 -5 -55 6 16 -17 -16 42
-12 17 4 19 1 9 -47 2 -44 -9 -23 -14 -35 -4 -15 -22 -6 -2 18 26 -3 -3 -5 37 -13 11 -20 -5 4 -28 -32 -18 16 29 -22 -8 23 0 8 25 -34 16 -37 26 -42 -19 56 9 0 -8 7 16 41 -1 10 3 -29 -5 -55 6 16 -17 -16 42
-12 17 4 19 1 9 -47 2 -44 -9 -23 -14 -35 -4 -15 -22 -6 -2 18 26 -3 -3 -5 37 -13 11 -20 -5 4 -28 -32 -18 16 29 -22 -8 23 0 8 25 -34 16 -37 26 -42 -19 56 9 0 -8 7 16 41 -1 10 3 -29 -5 -55 6 16 -17 -16 42
-12 17 4 19 1 9 -47 2 -44 -9 -23 -14 -35 -4 -15 -22 -6 -2 18 26 -3 -3 -5 37 -13 11 -20 -5 4 -28 -32 -18 16 29 -22 -8 23 0 8 25 -34 16 -37 26 -42 -19 56 9 0 -8 7 16 41 -1 10 3 -29 -5 -55 6 16 -17 -16 42
-12 17 4 19 1 9 -47 2 -44 -9 -23 -14 -35 -4 -15 -22 -6 -2 18 26 -3 -3 -5 37 -13 11 -20 -5 4 -28 -32 -18 16 29 -22 -8 23 0 8 25 -34 16 -37 26 -42 -19 56 9 0 -8 7 16 41 -1 10 3 -29 -5 -55 6 16 -17 -16 42
-12 17 4 19 1 9 -47 2 -44 -9 -23 -14 -35 -4 -15 -22 -6 -2 18 26 -3 -3 -5 37 -13 11 -20 -5 4 -28 -32 -18 16 29 -22 -8 23 0 8 25 -34 16 -37 26 -42 -19 56 9 0 -8 7 16 41 -1 10 3 -29 -5 -55 6 16 -17 -16 42
-12 17 4 19 1 9 -47 2 -44 -9 -23 -14 -35 -4 -15 -22 -6 -2 18 26 -3 -3 -5 37 -13 11 -20 -5 4 -28 -32 -18 16 29 -22 -8 23 0 8 25 -34 16 -37 26 -42 -19 56 9 0 -8 7 16 41 -1 10 3 -29 -5 -55 6 16 -17 -16 42
-12 17 4 19 1 9 -47 2 -44 -9 -23 -14 -35 -4 -15 -22 -6 -2 18 26 -3 -3 -5 37 -13 11 -20 -5 4 -28 -32 -18 16 29 -22 -8 23 0 8 25 -34 16 -37 26 -42 -19 56 9 0 -8 7 16 41 -1 10 3 -29 -5 -55 6 16 -17 -16 42
-12 17 4 19 1 9 -47 2 -44 -9 -23 -14 -35 -4 -15 -22 -6 -2 18 26 -3 -3 -5 37 -13 11 -20 -5 4 -28 -32 -18 16 29 -22 -8 23 0 8 25 -34 16 -37 26 -42 -19 56 9 0 -8 7 16 41 -1 10 3 -29 -5 -55 6 16 -17 -16 42
-12 17 4 19 1 9 -47 2 -44 -9 -23 -14 -35 -4 -15 -22 -6 -2 18 26 -3 -3 -5 37 -13 11 -20 -5 4 -28 -32 -18 16 29 -22 -8 23 0 8 25 -34 16 -37 26 -42 -19 56 9 0 -8 7 16 41 -1 10 3 -29 -5 -55 6 16 -17 -16 42
-12 17 4 19 1 9 -47 2 -44 -9 -23 -14 -35 -4 -15 -22 -6 -2 18 26 -3 -3 -5 37 -13 11 -20 -5 4 -28 -32 -18 16 29 -22 -8 23 0 8 25 -34 16 -37 26 -42 -19 56 9 0 -8 7 16 41 -1 10 3 -29 -5 -55 6 16 -17 -16 42
-12 17 4 19 1 9 -47 2 -44 -9 -23 -14 -35 -4 -15 -22 -6 -2 18 26 -3 -3 -5 37 -13 11 -20 -5 4 -28 -32 -18 16 29 -22 -8 23 0 8 25 -34 16 -37 26 -42 -19 56 9 0 -8 7 16 41 -1 10 3 -29 -5 -55 6 16 -17 -16 42
-12 17 4 19 1 9 -47 2 -44 -9 -23 -14 -35 -4 -15 -22 -6 -2 18 26 -3 -3 -5 37 -13 11 -20 -5 4 -28 -32 -18 16 29 -22 -8 23 0 8 25 -34 16 -37 26 -42 -19 56 9 0 -8 7 16 41 -1 10 3 -29 -5 -55 6 16 -17 -16 42
-12 17 4 19 1 9 -47 2 -44 -9 -23 -14 -35 -4 -15 -22 -6 -2 18 26 -3 -3 -5 37 -13 11 -20 -5 4 -28 -32 -18 16 29 -22 -8 23 0 8 25 -34 16 -37 26 -42 -19 56 9 0 -8 7 16 41 -1 10 3 -29 -5 -55 6 16 -17 -16 42
-12 17 4 19 1 9 -47 2 -44 -9 -23 -14 -35 -4 -15 -22 -6 -2 18 26 -3 -3 -5 37 -13 11 -20 -5 4 -28 -32 -18 16 29 -22 -8 23 0 8 25 -34 16 -37 26 -42 -19 56 9 0 -8 7 16 41 -1 10 3 -29 -5 -55 6 16 -17 -16 42
-12 17 4 19 1 9 -47 2 -44 -9 -23 -14 -35 -4 -15 -22 -6 -2 18 26 -3 -3 -5 37 -13 11 -20 -5 4 -28 -32 -18 16 29 -22 -8 23 0 8 25 -34 16 -37 26 -42 -19 56 9 0 -8 7 16 41 -1 10 3 -29 -5 -55 6 16 -17 -16 42
-12 17 4 19 1 9 -47 2 -44 -9 -23 -14 -35 -4 -15 -22 -6 -2 18 26 -3 -3 -5 37 -13 11 -20 -5 4 -28 -32 -18 16 29 -22 -8 23 0 8 25 -34 16 -37 26 -42 -19 56 9 0 -8 7 16 41 -1 10 3 -29 -5 -55 6 16 -17 -16 42
-12 17 4 19 1 9 -47 2 -44 -9 -23 -14 -35 -4 -15 -22 -6 -2 18 26 -3 -3 -5 37 -13 11 -20 -5 4 -28 -32 -18 16 29 -22 -8 23 0 8 25 -34 16 -37 26 -42 -19 56 9 0 -8 7 16 41 -1 10 3 -29 -5 -55 6 16 -17 -16 42
-12 17 4 19 1 9 -47 2 -44 -9 -23 -14 -35 -4 -15 -22 -6 -2 18 26 -3 -3 -5 37 -13 11 -20 -5 4 -28 -32 -18 16 29 -22 -8 23 0 8 25 -34 16 -37 26 -42 -19 56 9 0 -8 7 16 41 -1 10 3 -29 -5 -55 6 16 -17 -16 42
-12 17 4 19 1 9 -47 2 -44 -9 -23 -14 -35 -4 -15 -22 -6 -2 18 26 -3 -3 -5 37 -13 11 -20 -5 4 -28 -32 -18 16 29 -22 -8 23 0 8 25 -34 16 -37 26 -42 -19 56 9 0 -8 7 16 41 -1 10 3 -29 -5 -55 6 16 -17 -16 42
-12 17 4 19 1 9 -47 2 -44 -9 -23 -14 -35 -4 -15 -22 -6 -2 18 26 -3 -3 -5 37 -13 11 -20 -5 4 -28 -32 -18 16 29 -22 -8 23 0 8 25 -34 16 -37 26 -42 -19 56 9 0 -8 7 16 41 -1 10 3 -29 -5 -55 6 16 -17 -16 42
-12 17 4 19 1 9 -47 2 -44 -9 -23 -14 -35 -4 -15 -22 -6 -2 18 26 -3 -3 -5 37 -13 11 -20 -5 4 -28 -32 -18 16 29 -22 -8 23 0 8 25 -34 16 -37 26 -42 -19 56 9 0 -8 7 16 41 -1 10 3 -29 -5 -55 6 16 -17 -16 42
-12 17 4 19 1 9 -47 2 -44 -9 -23 -14 -35 -4 -15 -22 -6 -2 18 26 -3 -3 -5 37 -13 11 -20 -5 4 -28 -32 -18 16 29 -22 -8 23 0 8 25 -34 16 -37 26 -42 -19 56 9 0 -8 7 16 41 -1 10 3 -29 -5 -55 6 16 -17 -16 42
-12 17 4 19 1 9 -47 2 -44 -9 -23 -14 -35 -4 -15 -22 -6 -2 18 26 -3 -3 -5 37 -13 11 -20 -5 4 -28 -32 -18 16 29 -22 -8 23 0 8 25 -34 16 -37 26 -42 -19 56 9 0 -8 7 16 41 -1 10 3 -29 -5 -55 6 16 -17 -16 42
-12 17 4 19 1 9 -47 2 -44 -9 -23 -14 -35 -4 -15 -22 -6 -2 18 26 -3 -3 -5 37 -13 11 -20 -5 4 -28 -32 -18 16 29 -22 -8 23 0 8 25 -34 16 -37 26 -42 -19 56 9 0 -8 7 16 41 -1 10 3 -29 -5 -55 6 16 -17 -16 42
