23 11 34 1 2 -12 -8 16 -15 -6 -11 -1 -10 16 29 -43 -32 2 -2 14 -5 -3 25 19 21 -1 -11 -8 2 -1 -11 -42 15 29 4 14 26 -29 3 -2 -28 0 18 3 8 21 -5 -8 10 14 8 -2 10 -1 14 8 -4 -32 12 -11 -21 -6 16 -1
24 8 27 1 14 -24 9 19 -36 -24 -39 -2 -1 31 60 -61 -38 -7 -22 20 18 4 34 33 46 -2 -22 -14 17 -4 -8 -52 16 15 1 9 36 -34 -5 -2 -39 4 11 -10 28 34 -6 -14 2 -4 -2 14 -5 -10 28 12 -3 -36 6 -21 -19 -15 20 -1
39 5 35 -10 16 -21 2 1 -32 -13 -28 -6 -3 29 55 -55 -39 -14 -6 21 21 4 32 30 34 6 -20 -14 10 8 -19 -51 13 17 -13 16 40 -33 8 -4 -34 -2 25 -4 19 33 -8 -1 -5 10 13 5 -2 -18 23 11 4 -25 1 -20 -21 -17 25 5
30 6 30 -7 6 -22 0 10 -24 -17 -24 -5 0 25 43 -43 -33 -1 -7 13 12 -2 36 24 26 5 -17 -13 14 1 -15 -46 17 23 -3 11 35 -34 3 1 -34 5 20 -6 19 31 -7 -1 -2 10 12 9 11 -17 18 6 -3 -24 11 -21 -25 -8 19 7
32 2 27 -3 11 -24 25 3 -31 -18 -21 5 2 33 50 -61 -36 -13 -7 10 15 1 30 36 27 7 -16 -9 17 8 -22 -47 15 29 -2 16 28 -32 1 -9 -39 7 25 1 20 31 -17 -6 -4 9 10 5 0 -20 25 -2 -6 -20 9 -24 -22 -18 29 2
27 3 39 -13 27 -36 7 23 -30 -7 -20 2 3 24 58 -61 -43 -5 -12 27 15 7 42 20 30 8 -20 -15 20 11 -10 -48 17 22 8 4 36 -31 9 2 -49 10 19 4 23 36 -12 -9 6 9 13 16 -2 -18 27 3 -10 -30 8 -28 -27 -18 25 5
30 5 49 2 16 -36 11 7 -39 -14 -18 -15 -3 24 58 -52 -46 -7 -12 20 16 -5 33 37 33 9 -13 -4 20 7 -17 -51 16 26 -4 3 38 -34 -5 -8 -50 13 29 4 22 32 -14 -8 -7 10 7 6 -15 -23 21 6 -4 -29 6 -34 -29 -14 21 3
32 -5 34 -6 23 -34 13 20 -28 -17 -21 6 -3 20 51 -49 -46 -5 -15 23 16 -1 37 29 31 8 -28 -10 14 3 -23 -45 17 25 3 -7 36 -34 -3 0 -37 10 18 -7 22 33 -17 -2 -7 10 10 13 4 -15 25 -2 -2 -28 5 -28 -25 -10 27 9
37 -2 38 -7 10 -27 9 13 -36 -22 -24 -8 -12 26 52 -59 -53 -12 -8 14 16 -4 39 41 29 6 -23 -9 19 11 -19 -58 23 30 -2 -3 39 -27 4 -7 -40 -4 21 0 24 36 -7 -1 -3 13 15 8 -4 -18 36 8 -7 -19 1 -24 -31 -13 23 -5
37 8 43 0 12 -29 11 15 -32 -29 -25 14 -5 42 54 -50 -44 -9 -10 13 9 -2 55 43 43 11 -40 -27 10 13 -20 -41 18 21 -9 1 37 -31 7 6 -20 12 11 -4 27 37 -9 -7 -2 18 14 16 -13 -25 39 -3 -13 -3 -5 -10 -48 -21 13 2
40 -7 35 -7 15 -29 1 10 -23 -17 -27 -2 -8 28 49 -44 -37 -16 -10 17 17 5 36 30 29 1 -27 -8 18 6 -12 -48 12 14 2 6 30 -35 2 1 -34 2 16 -4 21 29 -1 -12 -4 0 8 7 -2 -18 31 -1 0 -16 13 -22 -24 -5 18 3
30 8 44 -12 18 -33 7 7 -24 -21 -30 -8 -1 23 49 -49 -37 -14 -6 12 17 0 36 35 29 7 -25 -15 15 4 -16 -49 16 27 -6 4 37 -34 -7 -3 -39 6 23 -7 27 37 -15 -2 -1 6 9 1 -6 -25 28 4 3 -28 8 -23 -23 -19 17 5
34 7 43 -5 20 -28 1 10 -30 -16 -22 -6 -5 26 43 -51 -37 -5 -10 21 9 2 37 31 27 8 -21 -12 13 2 -16 -56 18 9 -1 6 33 -40 -5 -4 -40 1 16 -1 24 29 -3 0 8 10 7 5 -3 -16 24 9 1 -25 19 -17 -23 -18 23 2
34 2 40 -6 18 -30 6 19 -29 -28 -22 1 -6 28 49 -51 -49 -14 -12 18 19 -6 41 29 33 4 -29 -11 21 2 -19 -46 15 31 -1 0 34 -37 -10 -1 -36 5 28 1 23 32 -18 -14 -1 7 12 9 5 -16 34 0 -5 -35 11 -18 -19 -14 18 7
31 5 44 -5 9 -29 13 13 -33 -21 -21 3 -5 32 49 -63 -44 -17 -16 14 9 -5 38 37 35 4 -22 -22 25 15 -28 -47 21 23 -6 3 39 -37 10 -1 -31 9 19 6 13 32 -14 -5 -7 7 12 9 2 -22 32 -3 -8 -22 4 -22 -27 -21 18 9
26 1 33 -9 17 -31 12 12 -39 -11 -17 -1 1 21 43 -47 -38 -9 -17 17 18 -3 36 27 32 0 -25 -6 18 10 -12 -45 18 18 7 3 39 -38 -1 -2 -39 5 27 -7 24 38 -11 -6 2 3 7 19 4 -14 26 4 -2 -15 10 -24 -11 -18 12 -1
34 2 31 -5 23 -27 20 15 -36 -25 -20 7 -1 27 47 -46 -37 -18 -9 21 16 -5 36 30 37 13 -22 -13 10 1 -14 -48 13 14 4 -3 32 -33 2 -5 -48 1 16 -7 13 37 -16 -8 -8 0 21 16 -4 -20 27 8 -14 -20 15 -28 -19 -18 13 3
38 7 38 -5 20 -28 -1 12 -27 -14 -18 0 -1 24 46 -36 -39 -6 -13 22 6 -1 30 37 35 8 -27 -6 8 5 -12 -44 18 20 -7 11 34 -35 -2 -8 -32 3 25 -6 29 34 -9 -13 1 5 7 8 3 -16 25 4 1 -19 6 -21 -22 -7 15 1
39 7 31 -6 10 -31 18 11 -26 -25 -23 3 0 21 46 -46 -39 -12 -13 18 14 -4 35 32 29 10 -23 -11 12 9 -12 -47 21 21 2 2 27 -31 -2 3 -43 2 18 -13 33 39 -11 -4 -2 6 10 6 9 -17 27 4 1 -20 13 -21 -17 -16 23 2
35 11 33 -5 24 -34 6 3 -28 -22 -31 -2 -1 29 55 -54 -39 0 -9 18 11 -9 31 39 29 12 -22 -21 8 2 -4 -50 11 21 -5 5 32 -46 -1 -4 -34 4 32 -16 21 28 -5 -6 2 5 11 5 -3 -26 23 1 -8 -24 11 -33 -16 -11 14 5
33 0 26 -10 15 -35 12 12 -26 -22 -23 1 -10 23 47 -46 -32 -7 -9 17 15 -4 42 40 39 8 -24 -3 10 6 -15 -48 21 16 -10 5 29 -38 4 -6 -35 7 14 -17 25 24 -5 -4 -5 15 10 10 4 -21 25 4 9 -21 15 -21 -19 -15 21 -2
30 22 37 -16 20 -35 -5 7 -25 -34 -21 8 -2 34 37 -54 -43 -21 -15 16 8 -3 40 31 33 1 -36 -31 18 9 -29 -49 17 19 -13 -2 33 -30 0 4 -17 18 24 -8 5 31 -1 -19 6 13 12 15 -1 -22 29 -10 -27 -33 5 -31 -23 -30 9 7
22 6 29 -3 5 -6 -8 7 -13 -2 -11 -9 -2 20 37 -28 -27 5 -2 8 -1 0 20 17 20 6 -12 -6 12 7 -18 -33 24 20 -3 11 25 -26 0 8 -31 2 19 2 10 14 -3 -2 14 8 2 3 2 -2 9 -2 0 -24 13 -17 -12 -3 12 1
35 17 42 -7 -1 -17 5 10 -32 -16 -23 -7 -5 21 54 -55 -36 -12 -24 17 18 -6 40 28 45 2 -17 -17 18 -8 -17 -36 12 23 -3 4 36 -41 -7 0 -49 5 24 -9 16 39 -7 -13 -8 -3 6 17 -7 -2 32 -8 -11 -25 13 -18 -21 -13 14 6
36 9 39 2 15 -13 8 12 -28 -24 -27 -16 1 31 55 -58 -28 -18 -18 22 15 -8 31 45 47 8 -16 -29 24 5 -23 -42 8 23 -5 5 28 -38 -1 -13 -34 7 23 -7 16 40 -9 -7 4 -1 11 4 -4 -13 36 -1 -12 -22 -6 -24 -18 -5 12 1
36 5 37 -8 9 -23 -4 15 -22 -24 -28 -5 -12 30 43 -42 -36 -2 -12 23 9 0 29 30 38 3 -12 -14 21 5 -14 -44 17 12 -2 9 33 -34 -6 -3 -40 0 23 6 13 34 4 -3 1 5 16 8 -7 -13 28 2 -6 -22 8 -24 -23 -14 18 2
36 5 36 -3 19 -22 10 10 -23 -22 -20 3 7 35 49 -53 -30 -9 -16 25 13 3 35 37 34 10 -13 -14 24 -1 -18 -48 10 30 -8 0 35 -35 -1 -9 -32 9 22 1 19 36 -9 -8 -10 11 15 11 -2 -15 27 -4 -8 -26 11 -19 -35 -20 23 4
33 -3 32 -6 9 -40 13 14 -31 -28 -16 8 -3 16 46 -50 -36 -3 -15 27 11 0 35 39 32 6 -23 -9 11 5 -11 -46 16 26 4 9 46 -36 -1 3 -53 -1 22 2 26 33 -6 1 -3 2 13 11 0 -16 28 9 -1 -25 11 -27 -33 -17 23 4
36 19 44 -4 7 -32 11 6 -42 -21 -26 -2 -2 30 52 -54 -29 -6 -9 30 27 -12 32 34 31 4 -25 -12 9 0 -9 -49 22 32 -8 -1 45 -38 -4 -1 -42 15 29 1 19 34 -15 1 1 6 10 4 -5 -20 31 9 -12 -28 8 -22 -25 -18 8 6
33 6 38 -7 22 -33 10 22 -41 -25 -31 -6 -14 23 57 -59 -48 -6 -11 30 19 -10 40 41 36 5 -31 -17 19 2 -12 -44 15 17 -1 -15 39 -35 0 -7 -41 9 20 3 20 41 -15 -7 -4 10 17 3 -4 -10 33 -1 -11 -35 10 -19 -16 -28 15 10
34 6 37 -15 7 -30 5 12 -24 -14 -25 0 -6 23 51 -48 -33 -13 -12 27 16 0 35 34 33 2 -22 -17 23 0 -10 -55 12 28 -1 9 43 -36 3 2 -38 -2 24 1 14 30 -8 -7 0 0 6 12 -2 -8 31 3 -13 -22 14 -24 -18 -9 16 3
31 8 36 -9 12 -23 5 3 -25 -15 -24 -7 -3 29 46 -51 -37 -7 -14 22 14 -1 39 34 44 3 -25 -20 20 1 -13 -45 16 26 2 1 34 -36 -2 -8 -36 0 22 7 8 28 -7 -8 -6 -7 6 7 0 -13 27 7 -3 -29 13 -24 -13 -16 12 0
25 3 33 -4 16 -33 7 4 -28 -27 -23 -7 -6 23 58 -46 -36 -11 -17 27 11 -1 36 36 43 2 -28 -18 13 7 -12 -43 17 29 -6 -3 36 -31 -3 -1 -36 3 20 -5 18 36 -9 -3 3 3 11 11 -2 -24 27 0 -7 -30 15 -15 -27 -27 17 3
32 0 34 -7 17 -25 8 12 -25 -24 -28 1 2 21 46 -43 -40 -7 -8 18 18 4 42 34 39 7 -19 -14 15 1 -8 -41 16 22 -7 -3 38 -36 4 3 -37 -3 24 1 21 31 -13 -7 -4 6 3 15 5 -12 26 5 3 -19 8 -20 -21 -15 13 6
34 5 44 -4 11 -23 16 5 -30 -24 -15 2 -4 33 48 -45 -36 -12 -15 19 19 -1 33 31 33 1 -24 -17 18 8 -17 -42 16 23 -6 2 34 -34 -4 1 -37 -3 22 -4 20 44 -18 -6 -2 7 14 16 6 -15 29 4 -3 -23 14 -20 -21 -13 12 13
34 6 34 -3 11 -27 -8 11 -23 -17 -19 -6 -4 25 49 -43 -34 -11 -15 14 10 -5 28 35 35 1 -25 -8 18 -9 -9 -42 17 20 -3 11 40 -36 2 -1 -37 -5 24 -4 14 35 -6 -11 4 6 4 10 6 -15 24 -1 -3 -23 12 -16 -21 -14 21 6
33 -3 38 -11 7 -28 11 -2 -26 -22 -23 3 -1 26 53 -44 -38 -11 -13 26 11 0 39 33 30 6 -22 -17 13 13 -13 -57 19 18 1 -1 31 -37 8 7 -44 2 23 1 20 34 -9 5 3 3 9 16 2 -14 28 3 1 -24 11 -19 -23 -9 19 8
35 4 33 -10 17 -25 4 3 -28 -30 -24 2 -4 28 50 -51 -31 -8 -8 22 16 -10 40 41 28 11 -22 -16 11 2 -8 -49 19 16 0 10 42 -39 6 -1 -42 3 23 -5 20 39 -9 -3 -6 8 10 7 0 -17 33 12 -4 -28 12 -21 -21 -19 16 16
28 6 34 0 13 -24 12 4 -29 -26 -27 3 0 26 51 -54 -39 -6 -11 19 15 -4 40 35 30 5 -27 -10 11 4 -14 -46 19 27 -4 3 38 -36 5 0 -45 9 15 0 20 33 -10 0 0 1 3 0 1 -17 28 8 -7 -24 10 -18 -20 -18 18 9
33 25 34 -24 9 -33 4 4 -18 -31 -18 10 -13 33 44 -58 -47 -25 -7 11 15 0 49 41 43 -16 -24 -24 23 17 -23 -37 16 25 -8 7 42 -27 0 8 -22 8 19 -19 13 29 6 -20 12 14 15 9 3 -16 38 -3 -20 -23 9 -25 -21 -26 15 4
23 4 28 -3 3 -10 -8 6 -17 -5 -13 -16 -7 20 31 -31 -29 8 -3 8 -2 -6 21 25 23 6 -19 -6 8 0 -15 -31 25 23 -4 12 26 -26 -6 10 -25 2 21 0 9 22 1 -4 11 6 6 7 2 -2 5 -1 7 -23 16 -13 -20 -4 11 1
41 16 53 -12 8 -7 10 13 -38 -24 -12 -2 0 23 47 -53 -46 -10 -12 34 8 -10 30 22 34 -8 -15 -32 21 4 -31 -50 20 13 2 7 49 -36 -2 -3 -46 10 28 -1 23 35 -6 -11 4 8 -5 18 -17 -7 37 -12 -17 -11 11 -5 -28 0 13 -3
41 16 53 -12 8 -7 10 13 -38 -24 -12 -2 0 23 47 -53 -46 -10 -12 34 8 -10 30 22 34 -8 -15 -32 21 4 -31 -50 20 13 2 7 49 -36 -2 -3 -46 10 28 -1 23 35 -6 -11 4 8 -5 18 -17 -7 37 -12 -17 -11 11 -5 -28 0 13 -3
41 16 53 -12 8 -7 10 13 -38 -24 -12 -2 0 23 47 -53 -46 -10 -12 34 8 -10 30 22 34 -8 -15 -32 21 4 -31 -50 20 13 2 7 49 -36 -2 -3 -46 10 28 -1 23 35 -6 -11 4 8 -5 18 -17 -7 37 -12 -17 -11 11 -5 -28 0 13 -3
41 16 53 -12 8 -7 10 13 -38 -24 -12 -2 0 23 47 -53 -46 -10 -12 34 8 -10 30 22 34 -8 -15 -32 21 4 -31 -50 20 13 2 7 49 -36 -2 -3 -46 10 28 -1 23 35 -6 -11 4 8 -5 18 -17 -7 37 -12 -17 -11 11 -5 -28 0 13 -3
41 16 53 -12 8 -7 10 13 -38 -24 -12 -2 0 23 47 -53 -46 -10 -12 34 8 -10 30 22 34 -8 -15 -32 21 4 -31 -50 20 13 2 7 49 -36 -2 -3 -46 10 28 -1 23 35 -6 -11 4 8 -5 18 -17 -7 37 -12 -17 -11 11 -5 -28 0 13 -3
41 16 53 -12 8 -7 10 13 -38 -24 -12 -2 0 23 47 -53 -46 -10 -12 34 8 -10 30 22 34 -8 -15 -32 21 4 -31 -50 20 13 2 7 49 -36 -2 -3 -46 10 28 -1 23 35 -6 -11 4 8 -5 18 -17 -7 37 -12 -17 -11 11 -5 -28 0 13 -3
41 16 53 -12 8 -7 10 13 -38 -24 -12 -2 0 23 47 -53 -46 -10 -12 34 8 -10 30 22 34 -8 -15 -32 21 4 -31 -50 20 13 2 7 49 -36 -2 -3 -46 10 28 -1 23 35 -6 -11 4 8 -5 18 -17 -7 37 -12 -17 -11 11 -5 -28 0 13 -3
41 16 53 -12 8 -7 10 13 -38 -24 -12 -2 0 23 47 -53 -46 -10 -12 34 8 -10 30 22 34 -8 -15 -32 21 4 -31 -50 20 13 2 7 49 -36 -2 -3 -46 10 28 -1 23 35 -6 -11 4 8 -5 18 -17 -7 37 -12 -17 -11 11 -5 -28 0 13 -3
41 16 53 -12 8 -7 10 13 -38 -24 -12 -2 0 23 47 -53 -46 -10 -12 34 8 -10 30 22 34 -8 -15 -32 21 4 -31 -50 20 13 2 7 49 -36 -2 -3 -46 10 28 -1 23 35 -6 -11 4 8 -5 18 -17 -7 37 -12 -17 -11 11 -5 -28 0 13 -3
41 16 53 -12 8 -7 10 13 -38 -24 -12 -2 0 23 47 -53 -46 -10 -12 34 8 -10 30 22 34 -8 -15 -32 21 4 -31 -50 20 13 2 7 49 -36 -2 -3 -46 10 28 -1 23 35 -6 -11 4 8 -5 18 -17 -7 37 -12 -17 -11 11 -5 -28 0 13 -3
41 16 53 -12 8 -7 10 13 -38 -24 -12 -2 0 23 47 -53 -46 -10 -12 34 8 -10 30 22 34 -8 -15 -32 21 4 -31 -50 20 13 2 7 49 -36 -2 -3 -46 10 28 -1 23 35 -6 -11 4 8 -5 18 -17 -7 37 -12 -17 -11 11 -5 -28 0 13 -3
41 16 53 -12 8 -7 10 13 -38 -24 -12 -2 0 23 47 -53 -46 -10 -12 34 8 -10 30 22 34 -8 -15 -32 21 4 -31 -50 20 13 2 7 49 -36 -2 -3 -46 10 28 -1 23 35 -6 -11 4 8 -5 18 -17 -7 37 -12 -17 -11 11 -5 -28 0 13 -3
41 16 53 -12 8 -7 10 13 -38 -24 -12 -2 0 23 47 -53 -46 -10 -12 34 8 -10 30 22 34 -8 -15 -32 21 4 -31 -50 20 13 2 7 49 -36 -2 -3 -46 10 28 -1 23 35 -6 -11 4 8 -5 18 -17 -7 37 -12 -17 -11 11 -5 -28 0 13 -3
41 16 53 -12 8 -7 10 13 -38 -24 -12 -2 0 23 47 -53 -46 -10 -12 34 8 -10 30 22 34 -8 -15 -32 21 4 -31 -50 20 13 2 7 49 -36 -2 -3 -46 10 28 -1 23 35 -6 -11 4 8 -5 18 -17 -7 37 -12 -17 -11 11 -5 -28 0 13 -3
41 16 53 -12 8 -7 10 13 -38 -24 -12 -2 0 23 47 -53 -46 -10 -12 34 8 -10 30 22 34 -8 -15 -32 21 4 -31 -50 20 13 2 7 49 -36 -2 -3 -46 10 28 -1 23 35 -6 -11 4 8 -5 18 -17 -7 37 -12 -17 -11 11 -5 -28 0 13 -3
41 16 53 -12 8 -7 10 13 -38 -24 -12 -2 0 23 47 -53 -46 -10 -12 34 8 -10 30 22 34 -8 -15 -32 21 4 -31 -50 20 13 2 7 49 -36 -2 -3 -46 10 28 -1 23 35 -6 -11 4 8 -5 18 -17 -7 37 -12 -17 -11 11 -5 -28 0 13 -3
41 16 53 -12 8 -7 10 13 -38 -24 -12 -2 0 23 47 -53 -46 -10 -12 34 8 -10 30 22 34 -8 -15 -32 21 4 -31 -50 20 13 2 7 49 -36 -2 -3 -46 10 28 -1 23 35 -6 -11 4 8 -5 18 -17 -7 37 -12 -17 -11 11 -5 -28 0 13 -3
41 16 53 -12 8 -7 10 13 -38 -24 -12 -2 0 23 47 -53 -46 -10 -12 34 8 -10 30 22 34 -8 -15 -32 21 4 -31 -50 20 13 2 7 49 -36 -2 -3 -46 10 28 -1 23 35 -6 -11 4 8 -5 18 -17 -7 37 -12 -17 -11 11 -5 -28 0 13 -3
41 16 53 -12 8 -7 10 13 -38 -24 -12 -2 0 23 47 -53 -46 -10 -12 34 8 -10 30 22 34 -8 -15 -32 21 4 -31 -50 20 13 2 7 49 -36 -2 -3 -46 10 28 -1 23 35 -6 -11 4 8 -5 18 -17 -7 37 -12 -17 -11 11 -5 -28 0 13 -3
41 16 53 -12 8 -7 10 13 -38 -24 -12 -2 0 23 47 -53 -46 -10 -12 34 8 -10 30 22 34 -8 -15 -32 21 4 -31 -50 20 13 2 7 49 -36 -2 -3 -46 10 28 -1 23 35 -6 -11 4 8 -5 18 -17 -7 37 -12 -17 -11 11 -5 -28 0 13 -3
41 16 53 -12 8 -7 10 13 -38 -24 -12 -2 0 23 47 -53 -46 -10 -12 34 8 -10 30 22 34 -8 -15 -32 21 4 -31 -50 20 13 2 7 49 -36 -2 -3 -46 10 28 -1 23 35 -6 -11 4 8 -5 18 -17 -7 37 -12 -17 -11 11 -5 -28 0 13 -3
41 16 53 -12 8 -7 10 13 -38 -24 -12 -2 0 23 47 -53 -46 -10 -12 34 8 -10 30 22 34 -8 -15 -32 21 4 -31 -50 20 13 2 7 49 -36 -2 -3 -46 10 28 -1 23 35 -6 -11 4 8 -5 18 -17 -7 37 -12 -17 -11 11 -5 -28 0 13 -3
41 16 53 -12 8 -7 10 13 -38 -24 -12 -2 0 23 47 -53 -46 -10 -12 34 8 -10 30 22 34 -8 -15 -32 21 4 -31 -50 20 13 2 7 49 -36 -2 -3 -46 10 28 -1 23 35 -6 -11 4 8 -5 18 -17 -7 37 -12 -17 -11 11 -5 -28 0 13 -3
41 16 53 -12 8 -7 10 13 -38 -24 -12 -2 0 23 47 -53 -46 -10 -12 34 8 -10 30 22 34 -8 -15 -32 21 4 -31 -50 20 13 2 7 49 -36 -2 -3 -46 10 28 -1 23 35 -6 -11 4 8 -5 18 -17 -7 37 -12 -17 -11 11 -5 -28 0 13 -3
41 16 53 -12 8 -7 10 13 -38 -24 -12 -2 0 23 47 -53 -46 -10 -12 34 8 -10 30 22 34 -8 -15 -32 21 4 -31 -50 20 13 2 7 49 -36 -2 -3 -46 10 28 -1 23 35 -6 -11 4 8 -5 18 -17 -7 37 -12 -17 -11 11 -5 -28 0 13 -3
41 16 53 -12 8 -7 10 13 -38 -24 -12 -2 0 23 47 -53 -46 -10 -12 34 8 -10 30 22 34 -8 -15 -32 21 4 -31 -50 20 13 2 7 49 -36 -2 -3 -46 10 28 -1 23 35 -6 -11 4 8 -5 18 -17 -7 37 -12 -17 -11 11 -5 -28 0 13 -3
41 16 53 -12 8 -7 10 13 -38 -24 -12 -2 0 23 47 -53 -46 -10 -12 34 8 -10 30 22 34 -8 -15 -32 21 4 -31 -50 20 13 2 7 49 -36 -2 -3 -46 10 28 -1 23 35 -6 -11 4 8 -5 18 -17 -7 37 -12 -17 -11 11 -5 -28 0 13 -3
41 16 53 -12 8 -7 10 13 -38 -24 -12 -2 0 23 47 -53 -46 -10 -12 34 8 -10 30 22 34 -8 -15 -32 21 4 -31 -50 20 13 2 7 49 -36 -2 -3 -46 10 28 -1 23 35 -6 -11 4 8 -5 18 -17 -7 37 -12 -17 -11 11 -5 -28 0 13 -3
41 16 53 -12 8 -7 10 13 -38 -24 -12 -2 0 23 47 -53 -46 -10 -12 34 8 -10 30 22 34 -8 -15 -32 21 4 -31 -50 20 13 2 7 49 -36 -2 -3 -46 10 28 -1 23 35 -6 -11 4 8 -5 18 -17 -7 37 -12 -17 -11 11 -5 -28 0 13 -3
41 16 53 -12 8 -7 10 13 -38 -24 -12 -2 0 23 47 -53 -46 -10 -12 34 8 -10 30 22 34 -8 -15 -32 21 4 -31 -50 20 13 2 7 49 -36 -2 -3 -46 10 28 -1 23 35 -6 -11 4 8 -5 18 -17 -7 37 -12 -17 -11 11 -5 -28 0 13 -3
41 16 53 -12 8 -7 10 13 -38 -24 -12 -2 0 23 47 -53 -46 -10 -12 34 8 -10 30 22 34 -8 -15 -32 21 4 -31 -50 20 13 2 7 49 -36 -2 -3 -46 10 28 -1 23 35 -6 -11 4 8 -5 18 -17 -7 37 -12 -17 -11 11 -5 -28 0 13 -3
41 16 53 -12 8 -7 10 13 -38 -24 -12 -2 0 23 47 -53 -46 -10 -12 34 8 -10 30 22 34 -8 -15 -32 21 4 -31 -50 20 13 2 7 49 -36 -2 -3 -46 10 28 -1 23 35 -6 -11 4 8 -5 18 -17 -7 37 -12 -17 -11 11 -5 -28 0 13 -3
41 16 53 -12 8 -7 10 13 -38 -24 -12 -2 0 23 47 -53 -46 -10 -12 34 8 -10 30 22 34 -8 -15 -32 21 4 -31 -50 20 13 2 7 49 -36 -2 -3 -46 10 28 -1 23 35 -6 -11 4 8 -5 18 -17 -7 37 -12 -17 -11 11 -5 -28 0 13 -3
41 16 53 -12 8 -7 10 13 -38 -24 -12 -2 0 23 47 -53 -46 -10 -12 34 8 -10 30 22 34 -8 -15 -32 21 4 -31 -50 20 13 2 7 49 -36 -2 -3 -46 10 28 -1 23 35 -6 -11 4 8 -5 18 -17 -7 37 -12 -17 -11 11 -5 -28 0 13 -3
41 16 53 -12 8 -7 10 13 -38 -24 -12 -2 0 23 47 -53 -46 -10 -12 34 8 -10 30 22 34 -8 -15 -32 21 4 -31 -50 20 13 2 7 49 -36 -2 -3 -46 10 28 -1 23 35 -6 -11 4 8 -5 18 -17 -7 37 -12 -17 -11 11 -5 -28 0 13 -3
41 16 53 -12 8 -7 10 13 -38 -24 -12 -2 0 23 47 -53 -46 -10 -12 34 8 -10 30 22 34 -8 -15 -32 21 4 -31 -50 20 13 2 7 49 -36 -2 -3 -46 10 28 -1 23 35 -6 -11 4 8 -5 18 -17 -7 37 -12 -17 -11 11 -5 -28 0 13 -3
41 16 53 -12 8 -7 10 13 -38 -24 -12 -2 0 23 47 -53 -46 -10 -12 34 8 -10 30 22 34 -8 -15 -32 21 4 -31 -50 20 13 2 7 49 -36 -2 -3 -46 10 28 -1 23 35 -6 -11 4 8 -5 18 -17 -7 37 -12 -17 -11 11 -5 -28 0 13 -3
41 16 53 -12 8 -7 10 13 -38 -24 -12 -2 0 23 47 -53 -46 -10 -12 34 8 -10 30 22 34 -8 -15 -32 21 4 -31 -50 20 13 2 7 49 -36 -2 -3 -46 10 28 -1 23 35 -6 -11 4 8 -5 18 -17 -7 37 -12 -17 -11 11 -5 -28 0 13 -3
41 16 53 -12 8 -7 10 13 -38 -24 -12 -2 0 23 47 -53 -46 -10 -12 34 8 -10 30 22 34 -8 -15 -32 21 4 -31 -50 20 13 2 7 49 -36 -2 -3 -46 10 28 -1 23 35 -6 -11 4 8 -5 18 -17 -7 37 -12 -17 -11 11 -5 -28 0 13 -3
41 16 53 -12 8 -7 10 13 -38 -24 -12 -2 0 23 47 -53 -46 -10 -12 34 8 -10 30 22 34 -8 -15 -32 21 4 -31 -50 20 13 2 7 49 -36 -2 -3 -46 10 28 -1 23 35 -6 -11 4 8 -5 18 -17 -7 37 -12 -17 -11 11 -5 -28 0 13 -3
41 16 53 -12 8 -7 10 13 -38 -24 -12 -2 0 23 47 -53 -46 -10 -12 34 8 -10 30 22 34 -8 -15 -32 21 4 -31 -50 20 13 2 7 49 -36 -2 -3 -46 10 28 -1 23 35 -6 -11 4 8 -5 18 -17 -7 37 -12 -17 -11 11 -5 -28 0 13 -3
41 16 53 -12 8 -7 10 13 -38 -24 -12 -2 0 23 47 -53 -46 -10 -12 34 8 -10 30 22 34 -8 -15 -32 21 4 -31 -50 20 13 2 7 49 -36 -2 -3 -46 10 28 -1 23 35 -6 -11 4 8 -5 18 -17 -7 37 -12 -17 -11 11 -5 -28 0 13 -3
41 16 53 -12 8 -7 10 13 -38 -24 -12 -2 0 23 47 -53 -46 -10 -12 34 8 -10 30 22 34 -8 -15 -32 21 4 -31 -50 20 13 2 7 49 -36 -2 -3 -46 10 28 -1 23 35 -6 -11 4 8 -5 18 -17 -7 37 -12 -17 -11 11 -5 -28 0 13 -3
41 16 53 -12 8 -7 10 13 -38 -24 -12 -2 0 23 47 -53 -46 -10 -12 34 8 -10 30 22 34 -8 -15 -32 21 4 -31 -50 20 13 2 7 49 -36 -2 -3 -46 10 28 -1 23 35 -6 -11 4 8 -5 18 -17 -7 37 -12 -17 -11 11 -5 -28 0 13 -3
41 16 53 -12 8 -7 10 13 -38 -24 -12 -2 0 23 47 -53 -46 -10 -12 34 8 -10 30 22 34 -8 -15 -32 21 4 -31 -50 20 13 2 7 49 -36 -2 -3 -46 10 28 -1 23 35 -6 -11 4 8 -5 18 -17 -7 37 -12 -17 -11 11 -5 -28 0 13 -3
41 16 53 -12 8 -7 10 13 -38 -24 -12 -2 0 23 47 -53 -46 -10 -12 34 8 -10 30 22 34 -8 -15 -32 21 4 -31 -50 20 13 2 7 49 -36 -2 -3 -46 10 28 -1 23 35 -6 -11 4 8 -5 18 -17 -7 37 -12 -17 -11 11 -5 -28 0 13 -3
41 16 53 -12 8 -7 10 13 -38 -24 -12 -2 0 23 47 -53 -46 -10 -12 34 8 -10 30 22 34 -8 -15 -32 21 4 -31 -50 20 13 2 7 49 -36 -2 -3 -46 10 28 -1 23 35 -6 -11 4 8 -5 18 -17 -7 37 -12 -17 -11 11 -5 -28 0 13 -3
41 16 53 -12 8 -7 10 13 -38 -24 -12 -2 0 23 47 -53 -46 -10 -12 34 8 -10 30 22 34 -8 -15 -32 21 4 -31 -50 20 13 2 7 49 -36 -2 -3 -46 10 28 -1 23 35 -6 -11 4 8 -5 18 -17 -7 37 -12 -17 -11 11 -5 -28 0 13 -3
41 16 53 -12 8 -7 10 13 -38 -24 -12 -2 0 23 47 -53 -46 -10 -12 34 8 -10 30 22 34 -8 -15 -32 21 4 -31 -50 20 13 2 7 49 -36 -2 -3 -46 10 28 -1 23 35 -6 -11 4 8 -5 18 -17 -7 37 -12 -17 -11 11 -5 -28 0 13 -3
41 16 53 -12 8 -7 10 13 -38 -24 -12 -2 0 23 47 -53 -46 -10 -12 34 8 -10 30 22 34 -8 -15 -32 21 4 -31 -50 20 13 2 7 49 -36 -2 -3 -46 10 28 -1 23 35 -6 -11 4 8 -5 18 -17 -7 37 -12 -17 -11 11 -5 -28 0 13 -3
41 16 53 -12 8 -7 10 13 -38 -24 -12 -2 0 23 47 -53 -46 -10 -12 34 8 -10 30 22 34 -8 -15 -32 21 4 -31 -50 20 13 2 7 49 -36 -2 -3 -46 10 28 -1 23 35 -6 -11 4 8 -5 18 -17 -7 37 -12 -17 -11 11 -5 -28 0 13 -3
41 16 53 -12 8 -7 10 13 -38 -24 -12 -2 0 23 47 -53 -46 -10 -12 34 8 -10 30 22 34 -8 -15 -32 21 4 -31 -50 20 13 2 7 49 -36 -2 -3 -46 10 28 -1 23 35 -6 -11 4 8 -5 18 -17 -7 37 -12 -17 -11 11 -5 -28 0 13 -3
41 16 53 -12 8 -7 10 13 -38 -24 -12 -2 0 23 47 -53 -46 -10 -12 34 8 -10 30 22 34 -8 -15 -32 21 4 -31 -50 20 13 2 7 49 -36 -2 -3 -46 10 28 -1 23 35 -6 -11 4 8 -5 18 -17 -7 37 -12 -17 -11 11 -5 -28 0 13 -3
41 16 53 -12 8 -7 10 13 -38 -24 -12 -2 0 23 47 -53 -46 -10 -12 34 8 -10 30 22 34 -8 -15 -32 21 4 -31 -50 20 13 2 7 49 -36 -2 -3 -46 10 28 -1 23 35 -6 -11 4 8 -5 18 -17 -7 37 -12 -17 -11 11 -5 -28 0 13 -3
41 16 53 -12 8 -7 10 13 -38 -24 -12 -2 0 23 47 -53 -46 -10 -12 34 8 -10 30 22 34 -8 -15 -32 21 4 -31 -50 20 13 2 7 49 -36 -2 -3 -46 10 28 -1 23 35 -6 -11 4 8 -5 18 -17 -7 37 -12 -17 -11 11 -5 -28 0 13 -3
41 16 53 -12 8 -7 10 13 -38 -24 -12 -2 0 23 47 -53 -46 -10 -12 34 8 -10 30 22 34 -8 -15 -32 21 4 -31 -50 20 13 2 7 49 -36 -2 -3 -46 10 28 -1 23 35 -6 -11 4 8 -5 18 -17 -7 37 -12 -17 -11 11 -5 -28 0 13 -3
41 16 53 -12 8 -7 10 13 -38 -24 -12 -2 0 23 47 -53 -46 -10 -12 34 8 -10 30 22 34 -8 -15 -32 21 4 -31 -50 20 13 2 7 49 -36 -2 -3 -46 10 28 -1 23 35 -6 -11 4 8 -5 18 -17 -7 37 -12 -17 -11 11 -5 -28 0 13 -3
41 16 53 -12 8 -7 10 13 -38 -24 -12 -2 0 23 47 -53 -46 -10 -12 34 8 -10 30 22 34 -8 -15 -32 21 4 -31 -50 20 13 2 7 49 -36 -2 -3 -46 10 28 -1 23 35 -6 -11 4 8 -5 18 -17 -7 37 -12 -17 -11 11 -5 -28 0 13 -3
41 16 53 -12 8 -7 10 13 -38 -24 -12 -2 0 23 47 -53 -46 -10 -12 34 8 -10 30 22 34 -8 -15 -32 21 4 -31 -50 20 13 2 7 49 -36 -2 -3 -46 10 28 -1 23 35 -6 -11 4 8 -5 18 -17 -7 37 -12 -17 -11 11 -5 -28 0 13 -3
41 16 53 -12 8 -7 10 13 -38 -24 -12 -2 0 23 47 -53 -46 -10 -12 34 8 -10 30 22 34 -8 -15 -32 21 4 -31 -50 20 13 2 7 49 -36 -2 -3 -46 10 28 -1 23 35 -6 -11 4 8 -5 18 -17 -7 37 -12 -17 -11 11 -5 -28 0 13 -3
41 16 53 -12 8 -7 10 13 -38 -24 -12 -2 0 23 47 -53 -46 -10 -12 34 8 -10 30 22 34 -8 -15 -32 21 4 -31 -50 20 13 2 7 49 -36 -2 -3 -46 10 28 -1 23 35 -6 -11 4 8 -5 18 -17 -7 37 -12 -17 -11 11 -5 -28 0 13 -3
41 16 53 -12 8 -7 10 13 -38 -24 -12 -2 0 23 47 -53 -46 -10 -12 34 8 -10 30 22 34 -8 -15 -32 21 4 -31 -50 20 13 2 7 49 -36 -2 -3 -46 10 28 -1 23 35 -6 -11 4 8 -5 18 -17 -7 37 -12 -17 -11 11 -5 -28 0 13 -3
41 16 53 -12 8 -7 10 13 -38 -24 -12 -2 0 23 47 -53 -46 -10 -12 34 8 -10 30 22 34 -8 -15 -32 21 4 -31 -50 20 13 2 7 49 -36 -2 -3 -46 10 28 -1 23 35 -6 -11 4 8 -5 18 -17 -7 37 -12 -17 -11 11 -5 -28 0 13 -3
41 16 53 -12 8 -7 10 13 -38 -24 -12 -2 0 23 47 -53 -46 -10 -12 34 8 -10 30 22 34 -8 -15 -32 21 4 -31 -50 20 13 2 7 49 -36 -2 -3 -46 10 28 -1 23 35 -6 -11 4 8 -5 18 -17 -7 37 -12 -17 -11 11 -5 -28 0 13 -3
41 16 53 -12 8 -7 10 13 -38 -24 -12 -2 0 23 47 -53 -46 -10 -12 34 8 -10 30 22 34 -8 -15 -32 21 4 -31 -50 20 13 2 7 49 -36 -2 -3 -46 10 28 -1 23 35 -6 -11 4 8 -5 18 -17 -7 37 -12 -17 -11 11 -5 -28 0 13 -3
41 16 53 -12 8 -7 10 13 -38 -24 -12 -2 0 23 47 -53 -46 -10 -12 34 8 -10 30 22 34 -8 -15 -32 21 4 -31 -50 20 13 2 7 49 -36 -2 -3 -46 10 28 -1 23 35 -6 -11 4 8 -5 18 -17 -7 37 -12 -17 -11 11 -5 -28 0 13 -3
41 16 53 -12 8 -7 10 13 -38 -24 -12 -2 0 23 47 -53 -46 -10 -12 34 8 -10 30 22 34 -8 -15 -32 21 4 -31 -50 20 13 2 7 49 -36 -2 -3 -46 10 28 -1 23 35 -6 -11 4 8 -5 18 -17 -7 37 -12 -17 -11 11 -5 -28 0 13 -3
41 16 53 -12 8 -7 10 13 -38 -24 -12 -2 0 23 47 -53 -46 -10 -12 34 8 -10 30 22 34 -8 -15 -32 21 4 -31 -50 20 13 2 7 49 -36 -2 -3 -46 10 28 -1 23 35 -6 -11 4 8 -5 18 -17 -7 37 -12 -17 -11 11 -5 -28 0 13 -3
41 16 53 -12 8 -7 10 13 -38 -24 -12 -2 0 23 47 -53 -46 -10 -12 34 8 -10 30 22 34 -8 -15 -32 21 4 -31 -50 20 13 2 7 49 -36 -2 -3 -46 10 28 -1 23 35 -6 -11 4 8 -5 18 -17 -7 37 -12 -17 -11 11 -5 -28 0 13 -3
41 16 53 -12 8 -7 10 13 -38 -24 -12 -2 0 23 47 -53 -46 -10 -12 34 8 -10 30 22 34 -8 -15 -32 21 4 -31 -50 20 13 2 7 49 -36 -2 -3 -46 10 28 -1 23 35 -6 -11 4 8 -5 18 -17 -7 37 -12 -17 -11 11 -5 -28 0 13 -3
41 16 53 -12 8 -7 10 13 -38 -24 -12 -2 0 23 47 -53 -46 -10 -12 34 8 -10 30 22 34 -8 -15 -32 21 4 -31 -50 20 13 2 7 49 -36 -2 -3 -46 10 28 -1 23 35 -6 -11 4 8 -5 18 -17 -7 37 -12 -17 -11 11 -5 -28 0 13 -3
41 16 53 -12 8 -7 10 13 -38 -24 -12 -2 0 23 47 -53 -46 -10 -12 34 8 -10 30 22 34 -8 -15 -32 21 4 -31 -50 20 13 2 7 49 -36 -2 -3 -46 10 28 -1 23 35 -6 -11 4 8 -5 18 -17 -7 37 -12 -17 -11 11 -5 -28 0 13 -3
41 16 53 -12 8 -7 10 13 -38 -24 -12 -2 0 23 47 -53 -46 -10 -12 34 8 -10 30 22 34 -8 -15 -32 21 4 -31 -50 20 13 2 7 49 -36 -2 -3 -46 10 28 -1 23 35 -6 -11 4 8 -5 18 -17 -7 37 -12 -17 -11 11 -5 -28 0 13 -3
41 16 53 -12 8 -7 10 13 -38 -24 -12 -2 0 23 47 -53 -46 -10 -12 34 8 -10 30 22 34 -8 -15 -32 21 4 -31 -50 20 13 2 7 49 -36 -2 -3 -46 10 28 -1 23 35 -6 -11 4 8 -5 18 -17 -7 37 -12 -17 -11 11 -5 -28 0 13 -3
41 16 53 -12 8 -7 10 13 -38 -24 -12 -2 0 23 47 -53 -46 -10 -12 34 8 -10 30 22 34 -8 -15 -32 21 4 -31 -50 20 13 2 7 49 -36 -2 -3 -46 10 28 -1 23 35 -6 -11 4 8 -5 18 -17 -7 37 -12 -17 -11 11 -5 -28 0 13 -3
41 16 53 -12 8 -7 10 13 -38 -24 -12 -2 0 23 47 -53 -46 -10 -12 34 8 -10 30 22 34 -8 -15 -32 21 4 -31 -50 20 13 2 7 49 -36 -2 -3 -46 10 28 -1 23 35 -6 -11 4 8 -5 18 -17 -7 37 -12 -17 -11 11 -5 -28 0 13 -3
41 16 53 -12 8 -7 10 13 -38 -24 -12 -2 0 23 47 -53 -46 -10 -12 34 8 -10 30 22 34 -8 -15 -32 21 4 -31 -50 20 13 2 7 49 -36 -2 -3 -46 10 28 -1 23 35 -6 -11 4 8 -5 18 -17 -7 37 -12 -17 -11 11 -5 -28 0 13 -3
41 16 53 -12 8 -7 10 13 -38 -24 -12 -2 0 23 47 -53 -46 -10 -12 34 8 -10 30 22 34 -8 -15 -32 21 4 -31 -50 20 13 2 7 49 -36 -2 -3 -46 10 28 -1 23 35 -6 -11 4 8 -5 18 -17 -7 37 -12 -17 -11 11 -5 -28 0 13 -3
41 16 53 -12 8 -7 10 13 -38 -24 -12 -2 0 23 47 -53 -46 -10 -12 34 8 -10 30 22 34 -8 -15 -32 21 4 -31 -50 20 13 2 7 49 -36 -2 -3 -46 10 28 -1 23 35 -6 -11 4 8 -5 18 -17 -7 37 -12 -17 -11 11 -5 -28 0 13 -3
41 16 53 -12 8 -7 10 13 -38 -24 -12 -2 0 23 47 -53 -46 -10 -12 34 8 -10 30 22 34 -8 -15 -32 21 4 -31 -50 20 13 2 7 49 -36 -2 -3 -46 10 28 -1 23 35 -6 -11 4 8 -5 18 -17 -7 37 -12 -17 -11 11 -5 -28 0 13 -3
41 16 53 -12 8 -7 10 13 -38 -24 -12 -2 0 23 47 -53 -46 -10 -12 34 8 -10 30 22 34 -8 -15 -32 21 4 -31 -50 20 13 2 7 49 -36 -2 -3 -46 10 28 -1 23 35 -6 -11 4 8 -5 18 -17 -7 37 -12 -17 -11 11 -5 -28 0 13 -3
41 16 53 -12 8 -7 10 13 -38 -24 -12 -2 0 23 47 -53 -46 -10 -12 34 8 -10 30 22 34 -8 -15 -32 21 4 -31 -50 20 13 2 7 49 -36 -2 -3 -46 10 28 -1 23 35 -6 -11 4 8 -5 18 -17 -7 37 -12 -17 -11 11 -5 -28 0 13 -3
41 16 53 -12 8 -7 10 13 -38 -24 -12 -2 0 23 47 -53 -46 -10 -12 34 8 -10 30 22 34 -8 -15 -32 21 4 -31 -50 20 13 2 7 49 -36 -2 -3 -46 10 28 -1 23 35 -6 -11 4 8 -5 18 -17 -7 37 -12 -17 -11 11 -5 -28 0 13 -3
41 16 53 -12 8 -7 10 13 -38 -24 -12 -2 0 23 47 -53 -46 -10 -12 34 8 -10 30 22 34 -8 -15 -32 21 4 -31 -50 20 13 2 7 49 -36 -2 -3 -46 10 28 -1 23 35 -6 -11 4 8 -5 18 -17 -7 37 -12 -17 -11 11 -5 -28 0 13 -3
41 16 53 -12 8 -7 10 13 -38 -24 -12 -2 0 23 47 -53 -46 -10 -12 34 8 -10 30 22 34 -8 -15 -32 21 4 -31 -50 20 13 2 7 49 -36 -2 -3 -46 10 28 -1 23 35 -6 -11 4 8 -5 18 -17 -7 37 -12 -17 -11 11 -5 -28 0 13 -3
41 16 53 -12 8 -7 10 13 -38 -24 -12 -2 0 23 47 -53 -46 -10 -12 34 8 -10 30 22 34 -8 -15 -32 21 4 -31 -50 20 13 2 7 49 -36 -2 -3 -46 10 28 -1 23 35 -6 -11 4 8 -5 18 -17 -7 37 -12 -17 -11 11 -5 -28 0 13 -3
41 16 53 -12 8 -7 10 13 -38 -24 -12 -2 0 23 47 -53 -46 -10 -12 34 8 -10 30 22 34 -8 -15 -32 21 4 -31 -50 20 13 2 7 49 -36 -2 -3 -46 10 28 -1 23 35 -6 -11 4 8 -5 18 -17 -7 37 -12 -17 -11 11 -5 -28 0 13 -3
