-34 -15 17 -18 29 0 2 22 -1 30 -8 22 19 5 8 -2 9 -22 12 31 -1 -17 -11 -13 -17 14 15 16 -19 -18 17 -7 31 -16 12 38 -32 8 -14 -13 -1 -6 -17 -17 4 -22 -14 7 20 -6 -12 2 -10 20 -34 -3 12 -21 -23 1 -11 10 5 15
-48 -29 21 -19 43 12 -5 -6 3 46 -14 -1 30 -1 -7 12 4 -20 2 20 4 -27 -26 -20 -22 45 12 17 -25 -27 20 -8 44 -12 10 36 -44 10 -18 -1 -7 10 -14 -12 8 -21 -22 6 21 -21 -23 0 -7 14 -38 1 14 -24 -20 7 -6 7 5 7
-45 -24 18 -9 42 12 -2 0 10 44 -3 6 19 0 -4 4 13 -20 2 31 11 -30 -29 -23 -19 41 14 8 -39 -34 20 -7 32 -11 18 33 -41 8 -17 -13 2 4 -6 -10 2 -21 -21 9 20 -19 -17 6 -1 7 -45 9 15 -25 -22 5 -3 12 -1 8
-39 -24 16 -8 34 9 -6 14 8 38 -4 10 29 3 -2 4 9 -27 13 18 0 -21 -30 -20 -16 25 10 7 -39 -34 18 -9 34 -16 13 39 -30 13 -19 -13 1 5 -13 -12 7 -22 -23 7 10 -20 -21 -9 -6 11 -40 6 8 -26 -27 -3 -3 4 0 9
-39 -27 21 -19 37 4 4 0 6 49 -5 16 34 7 -20 2 -5 -16 18 11 5 -20 -31 -26 -19 38 13 2 -38 -33 5 -4 28 -5 24 46 -32 5 -16 -13 12 7 -7 3 5 -9 -22 11 19 -12 -19 -4 0 7 -30 19 17 -18 -14 -10 -9 -4 0 17
-48 -31 6 -16 35 -2 -12 -7 5 45 -19 7 40 -4 -20 -3 -2 -30 21 18 15 -27 -31 -26 -18 40 -8 9 -46 -30 15 -4 28 -5 18 40 -36 8 -19 -2 5 15 -10 6 17 1 -33 17 3 -13 -22 -6 -4 -1 -38 19 15 -17 -10 7 6 12 3 10
-53 -46 8 -30 31 9 -8 7 10 39 -1 8 41 -5 -3 5 1 -32 8 11 6 -32 -25 -12 -15 21 10 4 -39 -36 17 -13 24 -3 37 45 -27 17 -17 -7 26 17 -19 3 13 -17 -17 10 25 -13 -20 0 6 4 -33 14 26 -26 -1 -2 -1 3 5 17
-52 -32 9 -21 23 5 -6 -8 12 33 -20 14 41 0 -18 9 -3 -35 12 13 2 -22 -27 -28 -20 17 10 7 -33 -36 18 -9 37 -14 16 41 -31 6 -30 -7 18 12 -31 0 4 -17 -15 18 0 -18 -16 0 -6 4 -25 8 19 -19 -22 -4 1 5 2 7
-46 -37 23 -19 39 18 -3 14 6 51 -11 12 30 3 -6 10 0 -34 4 7 11 -33 -44 -24 -15 43 9 3 -37 -43 8 -8 36 -20 18 41 -43 13 -23 -21 4 13 -10 -5 0 -11 -19 8 17 -6 -29 1 -5 9 -43 6 10 -24 -15 -2 2 -1 -1 12
-42 -38 26 -53 55 5 9 5 16 46 -16 -9 44 -32 -17 6 -18 -20 0 6 -1 -38 -34 -22 -18 41 15 13 -47 -39 -6 -7 32 -29 30 52 -12 -4 -23 -24 5 38 -29 -26 12 -18 -20 11 -8 8 -11 41 -25 21 -32 3 23 -36 1 -1 -38 11 0 9
-46 -27 21 -13 42 16 -10 6 2 39 -14 6 29 -9 -5 9 1 -21 5 6 12 -30 -36 -19 -25 40 6 5 -36 -40 8 -20 33 -13 17 41 -43 17 -17 -10 1 21 -6 -6 8 -21 -27 14 15 -9 -17 8 -4 3 -27 3 12 -22 -19 5 0 -2 5 10
-43 -45 18 -13 39 6 1 -2 2 49 -7 15 28 -4 -11 7 12 -16 7 9 10 -22 -25 -19 -22 31 1 7 -30 -36 1 -1 36 -12 18 32 -24 5 -15 -19 24 16 -7 10 5 -29 -24 11 19 -14 -20 -5 0 5 -29 8 8 -20 -23 2 -4 -11 5 8
-42 -19 24 -7 54 4 3 10 3 38 -8 3 24 4 -2 6 -1 -14 5 11 -2 -5 -25 -19 -9 28 9 17 -37 -36 20 -15 28 -23 19 18 -25 8 -14 -6 11 4 -6 -9 4 -28 -21 3 12 -10 -21 -11 -1 12 -43 3 2 -24 -22 3 0 0 1 10
-44 -25 15 -22 41 -1 9 3 -6 41 -10 5 21 4 -12 8 7 -29 9 20 9 -23 -33 -20 -10 25 10 -1 -26 -41 10 -10 25 -5 21 28 -40 12 -20 -11 12 13 -9 -5 11 -33 -28 11 22 -3 -20 6 -4 4 -53 5 10 -21 -27 -13 -3 -2 10 7
-36 -18 37 -32 52 8 6 5 -3 50 -12 -4 23 -10 -13 6 -6 -11 4 27 2 -8 -26 -11 -19 43 3 -6 -43 -51 1 2 40 -17 16 27 -36 9 -10 -26 5 30 -29 -15 4 -35 -31 5 19 -12 -11 27 -9 6 -42 -11 16 -28 -6 6 -20 -5 -4 20
-39 -26 20 -25 31 1 -13 1 -1 44 -7 3 30 -8 -7 7 4 -23 9 19 11 -17 -22 -25 -13 39 -1 7 -32 -30 7 -9 41 -8 13 29 -34 10 -25 -4 5 17 -14 6 -2 -13 -31 13 16 -28 -15 -7 -6 2 -33 -2 5 -23 -12 7 0 0 3 15
-42 -32 19 -11 43 0 -6 7 13 47 -19 9 41 -10 -18 11 0 -21 2 -1 8 -22 -21 -31 -20 33 7 6 -27 -41 4 -12 24 -16 18 43 -30 13 -19 -22 8 26 -8 6 9 -16 -29 9 16 -15 -19 -16 -2 -3 -13 17 19 -32 -17 5 -5 0 -13 -3
-38 -28 14 -11 39 5 -11 9 17 35 -5 2 28 -3 0 -1 8 -34 6 10 7 -19 -19 -26 -18 30 9 2 -33 -36 13 -8 33 -8 17 30 -29 15 -33 -9 2 -3 -10 -15 -7 -16 -30 12 15 -23 -28 5 -13 4 -34 -3 18 -26 -11 4 -1 8 1 7
-47 -30 13 0 47 3 -7 7 11 39 -20 18 45 -3 -7 -1 9 -36 4 15 1 -15 -20 -19 -14 31 11 12 -26 -38 18 -9 33 -5 21 38 -31 23 -20 -5 12 5 -8 -6 7 -2 -40 13 14 -9 -28 -9 -5 -4 -37 1 18 -20 -24 -4 2 -7 0 6
-40 -44 22 -12 51 1 0 1 17 49 -4 13 18 2 -7 3 0 -32 -6 6 15 -24 -19 -26 -19 43 18 8 -30 -31 20 -5 33 -6 19 29 -22 14 -24 -12 12 7 -11 -9 -4 -17 -30 15 14 -16 -24 -9 -3 10 -44 8 8 -26 -25 -6 5 -11 -5 5
-41 -26 13 -21 40 -1 -8 -3 9 52 -4 12 27 -7 -5 6 8 -25 7 8 9 -13 -19 -20 -15 21 12 6 -34 -35 12 -9 37 -10 18 33 -32 22 -23 -23 16 -1 -4 -6 5 -11 -36 25 12 -7 -12 -9 -4 8 -43 12 13 -18 -15 -6 3 -1 2 12
-46 -26 25 -36 38 9 2 21 -5 36 -25 -11 11 -17 -4 1 -12 -24 4 11 2 -30 -23 -21 -32 36 14 1 -37 -44 22 -12 35 -26 26 31 -40 4 -33 -32 18 13 -21 -33 -3 -32 -8 20 14 -23 -4 5 -6 3 -40 -4 -4 -49 -4 4 -10 -4 3 -5
-18 -19 5 -12 16 4 -1 11 -1 21 -11 16 25 3 13 -4 8 -29 5 24 1 -11 -8 -5 -21 18 -2 12 -24 -17 15 -5 34 -4 6 28 -26 13 -19 -6 6 -14 2 -12 0 -25 -13 11 6 -17 -5 -10 -7 16 -20 -1 17 -12 -26 5 -6 6 -3 13
-68 -19 24 -21 33 6 -16 20 16 35 -12 9 46 -5 -6 5 9 -17 20 20 5 -33 -27 -9 -16 37 16 15 -45 -35 11 -17 42 -17 14 38 -47 11 -25 1 7 18 -23 -12 12 -27 -32 -1 13 -14 -11 3 -10 21 -30 -6 16 -19 -16 4 -15 14 -5 5
-43 -22 40 -17 31 6 -15 14 10 44 -24 7 30 -12 -17 2 -7 -19 8 38 15 -47 -22 -18 -23 42 11 12 -41 -31 22 -7 54 3 0 47 -27 8 -26 -18 -11 31 -14 -5 0 -5 -28 3 4 -19 -16 11 -17 21 -29 -17 6 -21 -8 -13 -27 -3 -2 1
-43 -13 28 -12 44 15 1 9 21 35 -8 -6 39 1 8 9 2 -25 11 9 -1 -24 -21 -18 -16 35 16 8 -53 -28 22 -18 47 -17 7 28 -27 11 -25 -10 -3 10 -15 -8 -4 -19 -32 12 10 -11 -30 11 -9 11 -28 10 9 -20 -19 7 -9 -5 -5 7
-45 -26 21 -7 36 4 0 14 10 50 -15 4 29 5 -12 -4 -14 -9 9 3 15 -28 -28 -31 -17 32 9 5 -41 -33 8 -11 11 -16 21 42 -27 7 -17 -9 11 8 -7 -6 3 -9 -34 10 19 -11 -21 -3 2 3 -30 13 3 -31 -2 -5 -4 -1 -3 12
-53 -30 15 -8 34 12 9 0 8 44 -19 7 39 2 -14 -10 0 -28 5 4 15 -16 -29 -25 -20 32 13 14 -37 -34 8 -9 38 -9 15 45 -35 11 -18 -17 6 16 -15 0 17 -5 -30 6 7 -6 -21 -4 0 -1 -26 14 15 -19 -10 -5 5 0 7 17
-43 -40 12 -15 39 8 -8 5 3 42 -16 15 22 8 -12 4 2 -27 -1 31 7 -18 -28 -21 -10 41 15 26 -43 -35 17 -14 29 -22 18 25 -27 15 -19 -6 23 11 -10 -11 3 -2 -28 3 16 -21 -19 5 -11 -3 -32 11 24 -7 -17 -11 0 -1 7 18
-51 -31 25 -29 44 12 10 -1 4 56 -16 13 38 4 -10 22 -15 -27 4 5 16 -24 -19 -27 -20 25 15 11 -43 -41 12 -17 38 -15 11 46 -35 14 -15 -6 15 11 -14 -3 4 -27 -39 13 5 -16 -24 8 -11 5 -30 14 20 -19 -14 -3 -4 0 12 4
-36 -32 23 -15 39 16 -3 14 5 49 -9 14 27 -5 0 3 -6 -23 -2 19 15 -28 -18 -29 -22 46 10 -2 -47 -44 13 -16 41 -17 15 37 -43 10 -26 -12 -7 11 -13 -7 -3 -12 -26 15 21 -11 -17 3 -9 3 -35 -3 4 -22 -18 -4 -10 1 -5 12
-44 -26 24 -28 46 17 3 13 4 49 -4 15 25 -5 7 18 -4 -27 4 16 20 -33 -24 -21 -27 29 10 9 -34 -27 9 -16 41 -21 16 39 -54 7 -20 -2 -3 7 -17 -3 -18 -18 -26 15 15 -22 -22 2 -12 5 -32 -6 16 -20 -15 -2 -2 5 -2 2
-50 -33 6 -7 34 14 -2 -1 -1 51 -14 26 27 1 -12 6 2 -23 14 29 20 -16 -29 -25 -28 39 9 16 -45 -46 0 -15 39 -12 20 31 -38 -4 -15 -7 19 11 -4 -9 4 -16 -33 7 13 -12 -18 -3 -6 8 -44 6 11 -25 -20 -4 1 0 -4 11
-40 -29 24 -15 41 10 4 -5 11 44 -2 1 26 0 -1 1 5 -21 7 16 8 -26 -23 -27 -22 32 11 0 -45 -30 11 -16 35 -5 15 37 -30 1 -15 -16 4 9 -18 -5 -1 -23 -32 7 6 -16 -14 -5 -4 12 -49 1 16 -20 -11 -1 -3 -6 4 13
-44 -34 17 -10 37 10 -1 6 17 39 -12 19 39 -2 -16 14 6 -25 2 14 11 -27 -23 -29 -19 29 12 2 -32 -35 11 -21 31 -18 27 40 -31 11 -30 -12 8 19 -7 0 5 -18 -45 6 13 -17 -25 -6 -4 5 -34 1 12 -14 -17 -3 -1 -8 -8 11
-38 -26 24 -11 48 14 -1 16 4 40 -7 17 30 1 2 6 1 -19 5 22 14 -21 -9 -26 -17 29 11 4 -41 -46 18 -23 33 -9 15 20 -36 12 -26 -5 10 5 0 -13 -10 -14 -32 7 12 -14 -14 8 -8 3 -27 -7 20 -17 -23 7 -4 13 -2 3
-40 -32 15 1 45 6 2 14 8 41 -15 2 35 -9 -8 1 8 -38 3 24 15 -24 -24 -18 -19 39 14 4 -30 -29 15 -10 39 -8 14 42 -37 14 -26 -16 7 7 -13 9 10 -13 -37 16 11 -23 -21 -15 -14 -1 -30 15 30 -19 -16 5 3 -1 6 8
-42 -36 18 -1 43 3 10 -2 13 51 -11 8 21 8 -13 3 -2 -27 -3 27 9 -14 -21 -26 -18 43 11 9 -41 -37 22 -6 27 -13 22 27 -37 19 -12 -13 18 8 -3 -6 8 -14 -31 5 10 -16 -23 -2 -12 3 -46 5 3 -21 -21 -3 5 -1 -5 2
-44 -39 12 -8 52 -2 10 -2 13 48 -9 20 30 3 -5 12 -2 -24 3 18 18 -9 -23 -22 -15 25 12 19 -40 -34 16 -23 35 -17 11 37 -40 9 -29 -16 19 4 -6 -4 2 -12 -37 7 15 -14 -20 -9 -5 0 -33 12 11 -18 -26 -6 2 4 3 8
-43 -22 10 -28 51 4 -2 14 -4 33 -16 6 38 -4 0 14 -4 -33 2 9 -3 -17 -29 -38 -37 37 15 -5 -48 -43 24 -1 36 -23 19 33 -35 0 -32 -26 7 20 -20 -27 -7 -25 -23 23 9 -22 -7 5 -14 10 -58 6 5 -33 -26 0 -10 -12 -7 -3
-27 -22 11 -18 12 1 3 11 1 15 -6 21 21 9 14 -6 7 -28 12 17 2 -13 -8 -9 -21 19 3 14 -16 -25 12 -9 34 -8 8 30 -24 14 -10 -9 4 -9 -2 -14 1 -23 -13 9 11 -15 -5 -3 0 13 -17 -8 8 -13 -28 8 -4 0 -8 11
-53 -36 11 -15 34 1 -21 29 -1 35 -18 3 64 -3 6 10 5 -41 23 30 19 -47 -16 -14 -10 33 14 -2 -33 -38 26 -2 36 -13 18 25 -42 6 -18 -8 0 11 -23 -3 19 -34 -26 5 9 -25 -12 -1 -25 12 -43 8 15 -35 -18 6 -12 10 13 -6
-53 -36 11 -15 34 1 -21 29 -1 35 -18 3 64 -3 6 10 5 -41 23 30 19 -47 -16 -14 -10 33 14 -2 -33 -38 26 -2 36 -13 18 25 -42 6 -18 -8 0 11 -23 -3 19 -34 -26 5 9 -25 -12 -1 -25 12 -43 8 15 -35 -18 6 -12 10 13 -6
-53 -36 11 -15 34 1 -21 29 -1 35 -18 3 64 -3 6 10 5 -41 23 30 19 -47 -16 -14 -10 33 14 -2 -33 -38 26 -2 36 -13 18 25 -42 6 -18 -8 0 11 -23 -3 19 -34 -26 5 9 -25 -12 -1 -25 12 -43 8 15 -35 -18 6 -12 10 13 -6
-53 -36 11 -15 34 1 -21 29 -1 35 -18 3 64 -3 6 10 5 -41 23 30 19 -47 -16 -14 -10 33 14 -2 -33 -38 26 -2 36 -13 18 25 -42 6 -18 -8 0 11 -23 -3 19 -34 -26 5 9 -25 -12 -1 -25 12 -43 8 15 -35 -18 6 -12 10 13 -6
-53 -36 11 -15 34 1 -21 29 -1 35 -18 3 64 -3 6 10 5 -41 23 30 19 -47 -16 -14 -10 33 14 -2 -33 -38 26 -2 36 -13 18 25 -42 6 -18 -8 0 11 -23 -3 19 -34 -26 5 9 -25 -12 -1 -25 12 -43 8 15 -35 -18 6 -12 10 13 -6
-53 -36 11 -15 34 1 -21 29 -1 35 -18 3 64 -3 6 10 5 -41 23 30 19 -47 -16 -14 -10 33 14 -2 -33 -38 26 -2 36 -13 18 25 -42 6 -18 -8 0 11 -23 -3 19 -34 -26 5 9 -25 -12 -1 -25 12 -43 8 15 -35 -18 6 -12 10 13 -6
-53 -36 11 -15 34 1 -21 29 -1 35 -18 3 64 -3 6 10 5 -41 23 30 19 -47 -16 -14 -10 33 14 -2 -33 -38 26 -2 36 -13 18 25 -42 6 -18 -8 0 11 -23 -3 19 -34 -26 5 9 -25 -12 -1 -25 12 -43 8 15 -35 -18 6 -12 10 13 -6
-53 -36 11 -15 34 1 -21 29 -1 35 -18 3 64 -3 6 10 5 -41 23 30 19 -47 -16 -14 -10 33 14 -2 -33 -38 26 -2 36 -13 18 25 -42 6 -18 -8 0 11 -23 -3 19 -34 -26 5 9 -25 -12 -1 -25 12 -43 8 15 -35 -18 6 -12 10 13 -6
-53 -36 11 -15 34 1 -21 29 -1 35 -18 3 64 -3 6 10 5 -41 23 30 19 -47 -16 -14 -10 33 14 -2 -33 -38 26 -2 36 -13 18 25 -42 6 -18 -8 0 11 -23 -3 19 -34 -26 5 9 -25 -12 -1 -25 12 -43 8 15 -35 -18 6 -12 10 13 -6
-53 -36 11 -15 34 1 -21 29 -1 35 -18 3 64 -3 6 10 5 -41 23 30 19 -47 -16 -14 -10 33 14 -2 -33 -38 26 -2 36 -13 18 25 -42 6 -18 -8 0 11 -23 -3 19 -34 -26 5 9 -25 -12 -1 -25 12 -43 8 15 -35 -18 6 -12 10 13 -6
-53 -36 11 -15 34 1 -21 29 -1 35 -18 3 64 -3 6 10 5 -41 23 30 19 -47 -16 -14 -10 33 14 -2 -33 -38 26 -2 36 -13 18 25 -42 6 -18 -8 0 11 -23 -3 19 -34 -26 5 9 -25 -12 -1 -25 12 -43 8 15 -35 -18 6 -12 10 13 -6
-53 -36 11 -15 34 1 -21 29 -1 35 -18 3 64 -3 6 10 5 -41 23 30 19 -47 -16 -14 -10 33 14 -2 -33 -38 26 -2 36 -13 18 25 -42 6 -18 -8 0 11 -23 -3 19 -34 -26 5 9 -25 -12 -1 -25 12 -43 8 15 -35 -18 6 -12 10 13 -6
-53 -36 11 -15 34 1 -21 29 -1 35 -18 3 64 -3 6 10 5 -41 23 30 19 -47 -16 -14 -10 33 14 -2 -33 -38 26 -2 36 -13 18 25 -42 6 -18 -8 0 11 -23 -3 19 -34 -26 5 9 -25 -12 -1 -25 12 -43 8 15 -35 -18 6 -12 10 13 -6
-53 -36 11 -15 34 1 -21 29 -1 35 -18 3 64 -3 6 10 5 -41 23 30 19 -47 -16 -14 -10 33 14 -2 -33 -38 26 -2 36 -13 18 25 -42 6 -18 -8 0 11 -23 -3 19 -34 -26 5 9 -25 -12 -1 -25 12 -43 8 15 -35 -18 6 -12 10 13 -6
-53 -36 11 -15 34 1 -21 29 -1 35 -18 3 64 -3 6 10 5 -41 23 30 19 -47 -16 -14 -10 33 14 -2 -33 -38 26 -2 36 -13 18 25 -42 6 -18 -8 0 11 -23 -3 19 -34 -26 5 9 -25 -12 -1 -25 12 -43 8 15 -35 -18 6 -12 10 13 -6
-53 -36 11 -15 34 1 -21 29 -1 35 -18 3 64 -3 6 10 5 -41 23 30 19 -47 -16 -14 -10 33 14 -2 -33 -38 26 -2 36 -13 18 25 -42 6 -18 -8 0 11 -23 -3 19 -34 -26 5 9 -25 -12 -1 -25 12 -43 8 15 -35 -18 6 -12 10 13 -6
-53 -36 11 -15 34 1 -21 29 -1 35 -18 3 64 -3 6 10 5 -41 23 30 19 -47 -16 -14 -10 33 14 -2 -33 -38 26 -2 36 -13 18 25 -42 6 -18 -8 0 11 -23 -3 19 -34 -26 5 9 -25 -12 -1 -25 12 -43 8 15 -35 -18 6 -12 10 13 -6
-53 -36 11 -15 34 1 -21 29 -1 35 -18 3 64 -3 6 10 5 -41 23 30 19 -47 -16 -14 -10 33 14 -2 -33 -38 26 -2 36 -13 18 25 -42 6 -18 -8 0 11 -23 -3 19 -34 -26 5 9 -25 -12 -1 -25 12 -43 8 15 -35 -18 6 -12 10 13 -6
-53 -36 11 -15 34 1 -21 29 -1 35 -18 3 64 -3 6 10 5 -41 23 30 19 -47 -16 -14 -10 33 14 -2 -33 -38 26 -2 36 -13 18 25 -42 6 -18 -8 0 11 -23 -3 19 -34 -26 5 9 -25 -12 -1 -25 12 -43 8 15 -35 -18 6 -12 10 13 -6
-53 -36 11 -15 34 1 -21 29 -1 35 -18 3 64 -3 6 10 5 -41 23 30 19 -47 -16 -14 -10 33 14 -2 -33 -38 26 -2 36 -13 18 25 -42 6 -18 -8 0 11 -23 -3 19 -34 -26 5 9 -25 -12 -1 -25 12 -43 8 15 -35 -18 6 -12 10 13 -6
-53 -36 11 -15 34 1 -21 29 -1 35 -18 3 64 -3 6 10 5 -41 23 30 19 -47 -16 -14 -10 33 14 -2 -33 -38 26 -2 36 -13 18 25 -42 6 -18 -8 0 11 -23 -3 19 -34 -26 5 9 -25 -12 -1 -25 12 -43 8 15 -35 -18 6 -12 10 13 -6
-53 -36 11 -15 34 1 -21 29 -1 35 -18 3 64 -3 6 10 5 -41 23 30 19 -47 -16 -14 -10 33 14 -2 -33 -38 26 -2 36 -13 18 25 -42 6 -18 -8 0 11 -23 -3 19 -34 -26 5 9 -25 -12 -1 -25 12 -43 8 15 -35 -18 6 -12 10 13 -6
-53 -36 11 -15 34 1 -21 29 -1 35 -18 3 64 -3 6 10 5 -41 23 30 19 -47 -16 -14 -10 33 14 -2 -33 -38 26 -2 36 -13 18 25 -42 6 -18 -8 0 11 -23 -3 19 -34 -26 5 9 -25 -12 -1 -25 12 -43 8 15 -35 -18 6 -12 10 13 -6
-53 -36 11 -15 34 1 -21 29 -1 35 -18 3 64 -3 6 10 5 -41 23 30 19 -47 -16 -14 -10 33 14 -2 -33 -38 26 -2 36 -13 18 25 -42 6 -18 -8 0 11 -23 -3 19 -34 -26 5 9 -25 -12 -1 -25 12 -43 8 15 -35 -18 6 -12 10 13 -6
-53 -36 11 -15 34 1 -21 29 -1 35 -18 3 64 -3 6 10 5 -41 23 30 19 -47 -16 -14 -10 33 14 -2 -33 -38 26 -2 36 -13 18 25 -42 6 -18 -8 0 11 -23 -3 19 -34 -26 5 9 -25 -12 -1 -25 12 -43 8 15 -35 -18 6 -12 10 13 -6
-53 -36 11 -15 34 1 -21 29 -1 35 -18 3 64 -3 6 10 5 -41 23 30 19 -47 -16 -14 -10 33 14 -2 -33 -38 26 -2 36 -13 18 25 -42 6 -18 -8 0 11 -23 -3 19 -34 -26 5 9 -25 -12 -1 -25 12 -43 8 15 -35 -18 6 -12 10 13 -6
-53 -36 11 -15 34 1 -21 29 -1 35 -18 3 64 -3 6 10 5 -41 23 30 19 -47 -16 -14 -10 33 14 -2 -33 -38 26 -2 36 -13 18 25 -42 6 -18 -8 0 11 -23 -3 19 -34 -26 5 9 -25 -12 -1 -25 12 -43 8 15 -35 -18 6 -12 10 13 -6
-53 -36 11 -15 34 1 -21 29 -1 35 -18 3 64 -3 6 10 5 -41 23 30 19 -47 -16 -14 -10 33 14 -2 -33 -38 26 -2 36 -13 18 25 -42 6 -18 -8 0 11 -23 -3 19 -34 -26 5 9 -25 -12 -1 -25 12 -43 8 15 -35 -18 6 -12 10 13 -6
-53 -36 11 -15 34 1 -21 29 -1 35 -18 3 64 -3 6 10 5 -41 23 30 19 -47 -16 -14 -10 33 14 -2 -33 -38 26 -2 36 -13 18 25 -42 6 -18 -8 0 11 -23 -3 19 -34 -26 5 9 -25 -12 -1 -25 12 -43 8 15 -35 -18 6 -12 10 13 -6
-53 -36 11 -15 34 1 -21 29 -1 35 -18 3 64 -3 6 10 5 -41 23 30 19 -47 -16 -14 -10 33 14 -2 -33 -38 26 -2 36 -13 18 25 -42 6 -18 -8 0 11 -23 -3 19 -34 -26 5 9 -25 -12 -1 -25 12 -43 8 15 -35 -18 6 -12 10 13 -6
-53 -36 11 -15 34 1 -21 29 -1 35 -18 3 64 -3 6 10 5 -41 23 30 19 -47 -16 -14 -10 33 14 -2 -33 -38 26 -2 36 -13 18 25 -42 6 -18 -8 0 11 -23 -3 19 -34 -26 5 9 -25 -12 -1 -25 12 -43 8 15 -35 -18 6 -12 10 13 -6
-53 -36 11 -15 34 1 -21 29 -1 35 -18 3 64 -3 6 10 5 -41 23 30 19 -47 -16 -14 -10 33 14 -2 -33 -38 26 -2 36 -13 18 25 -42 6 -18 -8 0 11 -23 -3 19 -34 -26 5 9 -25 -12 -1 -25 12 -43 8 15 -35 -18 6 -12 10 13 -6
-53 -36 11 -15 34 1 -21 29 -1 35 -18 3 64 -3 6 10 5 -41 23 30 19 -47 -16 -14 -10 33 14 -2 -33 -38 26 -2 36 -13 18 25 -42 6 -18 -8 0 11 -23 -3 19 -34 -26 5 9 -25 -12 -1 -25 12 -43 8 15 -35 -18 6 -12 10 13 -6
-53 -36 11 -15 34 1 -21 29 -1 35 -18 3 64 -3 6 10 5 -41 23 30 19 -47 -16 -14 -10 33 14 -2 -33 -38 26 -2 36 -13 18 25 -42 6 -18 -8 0 11 -23 -3 19 -34 -26 5 9 -25 -12 -1 -25 12 -43 8 15 -35 -18 6 -12 10 13 -6
-53 -36 11 -15 34 1 -21 29 -1 35 -18 3 64 -3 6 10 5 -41 23 30 19 -47 -16 -14 -10 33 14 -2 -33 -38 26 -2 36 -13 18 25 -42 6 -18 -8 0 11 -23 -3 19 -34 -26 5 9 -25 -12 -1 -25 12 -43 8 15 -35 -18 6 -12 10 13 -6
-53 -36 11 -15 34 1 -21 29 -1 35 -18 3 64 -3 6 10 5 -41 23 30 19 -47 -16 -14 -10 33 14 -2 -33 -38 26 -2 36 -13 18 25 -42 6 -18 -8 0 11 -23 -3 19 -34 -26 5 9 -25 -12 -1 -25 12 -43 8 15 -35 -18 6 -12 10 13 -6
-53 -36 11 -15 34 1 -21 29 -1 35 -18 3 64 -3 6 10 5 -41 23 30 19 -47 -16 -14 -10 33 14 -2 -33 -38 26 -2 36 -13 18 25 -42 6 -18 -8 0 11 -23 -3 19 -34 -26 5 9 -25 -12 -1 -25 12 -43 8 15 -35 -18 6 -12 10 13 -6
-53 -36 11 -15 34 1 -21 29 -1 35 -18 3 64 -3 6 10 5 -41 23 30 19 -47 -16 -14 -10 33 14 -2 -33 -38 26 -2 36 -13 18 25 -42 6 -18 -8 0 11 -23 -3 19 -34 -26 5 9 -25 -12 -1 -25 12 -43 8 15 -35 -18 6 -12 10 13 -6
-53 -36 11 -15 34 1 -21 29 -1 35 -18 3 64 -3 6 10 5 -41 23 30 19 -47 -16 -14 -10 33 14 -2 -33 -38 26 -2 36 -13 18 25 -42 6 -18 -8 0 11 -23 -3 19 -34 -26 5 9 -25 -12 -1 -25 12 -43 8 15 -35 -18 6 -12 10 13 -6
-53 -36 11 -15 34 1 -21 29 -1 35 -18 3 64 -3 6 10 5 -41 23 30 19 -47 -16 -14 -10 33 14 -2 -33 -38 26 -2 36 -13 18 25 -42 6 -18 -8 0 11 -23 -3 19 -34 -26 5 9 -25 -12 -1 -25 12 -43 8 15 -35 -18 6 -12 10 13 -6
-53 -36 11 -15 34 1 -21 29 -1 35 -18 3 64 -3 6 10 5 -41 23 30 19 -47 -16 -14 -10 33 14 -2 -33 -38 26 -2 36 -13 18 25 -42 6 -18 -8 0 11 -23 -3 19 -34 -26 5 9 -25 -12 -1 -25 12 -43 8 15 -35 -18 6 -12 10 13 -6
-53 -36 11 -15 34 1 -21 29 -1 35 -18 3 64 -3 6 10 5 -41 23 30 19 -47 -16 -14 -10 33 14 -2 -33 -38 26 -2 36 -13 18 25 -42 6 -18 -8 0 11 -23 -3 19 -34 -26 5 9 -25 -12 -1 -25 12 -43 8 15 -35 -18 6 -12 10 13 -6
-53 -36 11 -15 34 1 -21 29 -1 35 -18 3 64 -3 6 10 5 -41 23 30 19 -47 -16 -14 -10 33 14 -2 -33 -38 26 -2 36 -13 18 25 -42 6 -18 -8 0 11 -23 -3 19 -34 -26 5 9 -25 -12 -1 -25 12 -43 8 15 -35 -18 6 -12 10 13 -6
-53 -36 11 -15 34 1 -21 29 -1 35 -18 3 64 -3 6 10 5 -41 23 30 19 -47 -16 -14 -10 33 14 -2 -33 -38 26 -2 36 -13 18 25 -42 6 -18 -8 0 11 -23 -3 19 -34 -26 5 9 -25 -12 -1 -25 12 -43 8 15 -35 -18 6 -12 10 13 -6
-53 -36 11 -15 34 1 -21 29 -1 35 -18 3 64 -3 6 10 5 -41 23 30 19 -47 -16 -14 -10 33 14 -2 -33 -38 26 -2 36 -13 18 25 -42 6 -18 -8 0 11 -23 -3 19 -34 -26 5 9 -25 -12 -1 -25 12 -43 8 15 -35 -18 6 -12 10 13 -6
-53 -36 11 -15 34 1 -21 29 -1 35 -18 3 64 -3 6 10 5 -41 23 30 19 -47 -16 -14 -10 33 14 -2 -33 -38 26 -2 36 -13 18 25 -42 6 -18 -8 0 11 -23 -3 19 -34 -26 5 9 -25 -12 -1 -25 12 -43 8 15 -35 -18 6 -12 10 13 -6
-53 -36 11 -15 34 1 -21 29 -1 35 -18 3 64 -3 6 10 5 -41 23 30 19 -47 -16 -14 -10 33 14 -2 -33 -38 26 -2 36 -13 18 25 -42 6 -18 -8 0 11 -23 -3 19 -34 -26 5 9 -25 -12 -1 -25 12 -43 8 15 -35 -18 6 -12 10 13 -6
-53 -36 11 -15 34 1 -21 29 -1 35 -18 3 64 -3 6 10 5 -41 23 30 19 -47 -16 -14 -10 33 14 -2 -33 -38 26 -2 36 -13 18 25 -42 6 -18 -8 0 11 -23 -3 19 -34 -26 5 9 -25 -12 -1 -25 12 -43 8 15 -35 -18 6 -12 10 13 -6
-53 -36 11 -15 34 1 -21 29 -1 35 -18 3 64 -3 6 10 5 -41 23 30 19 -47 -16 -14 -10 33 14 -2 -33 -38 26 -2 36 -13 18 25 -42 6 -18 -8 0 11 -23 -3 19 -34 -26 5 9 -25 -12 -1 -25 12 -43 8 15 -35 -18 6 -12 10 13 -6
-53 -36 11 -15 34 1 -21 29 -1 35 -18 3 64 -3 6 10 5 -41 23 30 19 -47 -16 -14 -10 33 14 -2 -33 -38 26 -2 36 -13 18 25 -42 6 -18 -8 0 11 -23 -3 19 -34 -26 5 9 -25 -12 -1 -25 12 -43 8 15 -35 -18 6 -12 10 13 -6
-53 -36 11 -15 34 1 -21 29 -1 35 -18 3 64 -3 6 10 5 -41 23 30 19 -47 -16 -14 -10 33 14 -2 -33 -38 26 -2 36 -13 18 25 -42 6 -18 -8 0 11 -23 -3 19 -34 -26 5 9 -25 -12 -1 -25 12 -43 8 15 -35 -18 6 -12 10 13 -6
-53 -36 11 -15 34 1 -21 29 -1 35 -18 3 64 -3 6 10 5 -41 23 30 19 -47 -16 -14 -10 33 14 -2 -33 -38 26 -2 36 -13 18 25 -42 6 -18 -8 0 11 -23 -3 19 -34 -26 5 9 -25 -12 -1 -25 12 -43 8 15 -35 -18 6 -12 10 13 -6
-53 -36 11 -15 34 1 -21 29 -1 35 -18 3 64 -3 6 10 5 -41 23 30 19 -47 -16 -14 -10 33 14 -2 -33 -38 26 -2 36 -13 18 25 -42 6 -18 -8 0 11 -23 -3 19 -34 -26 5 9 -25 -12 -1 -25 12 -43 8 15 -35 -18 6 -12 10 13 -6
-53 -36 11 -15 34 1 -21 29 -1 35 -18 3 64 -3 6 10 5 -41 23 30 19 -47 -16 -14 -10 33 14 -2 -33 -38 26 -2 36 -13 18 25 -42 6 -18 -8 0 11 -23 -3 19 -34 -26 5 9 -25 -12 -1 -25 12 -43 8 15 -35 -18 6 -12 10 13 -6
-53 -36 11 -15 34 1 -21 29 -1 35 -18 3 64 -3 6 10 5 -41 23 30 19 -47 -16 -14 -10 33 14 -2 -33 -38 26 -2 36 -13 18 25 -42 6 -18 -8 0 11 -23 -3 19 -34 -26 5 9 -25 -12 -1 -25 12 -43 8 15 -35 -18 6 -12 10 13 -6
-53 -36 11 -15 34 1 -21 29 -1 35 -18 3 64 -3 6 10 5 -41 23 30 19 -47 -16 -14 -10 33 14 -2 -33 -38 26 -2 36 -13 18 25 -42 6 -18 -8 0 11 -23 -3 19 -34 -26 5 9 -25 -12 -1 -25 12 -43 8 15 -35 -18 6 -12 10 13 -6
-53 -36 11 -15 34 1 -21 29 -1 35 -18 3 64 -3 6 10 5 -41 23 30 19 -47 -16 -14 -10 33 14 -2 -33 -38 26 -2 36 -13 18 25 -42 6 -18 -8 0 11 -23 -3 19 -34 -26 5 9 -25 -12 -1 -25 12 -43 8 15 -35 -18 6 -12 10 13 -6
-53 -36 11 -15 34 1 -21 29 -1 35 -18 3 64 -3 6 10 5 -41 23 30 19 -47 -16 -14 -10 33 14 -2 -33 -38 26 -2 36 -13 18 25 -42 6 -18 -8 0 11 -23 -3 19 -34 -26 5 9 -25 -12 -1 -25 12 -43 8 15 -35 -18 6 -12 10 13 -6
-53 -36 11 -15 34 1 -21 29 -1 35 -18 3 64 -3 6 10 5 -41 23 30 19 -47 -16 -14 -10 33 14 -2 -33 -38 26 -2 36 -13 18 25 -42 6 -18 -8 0 11 -23 -3 19 -34 -26 5 9 -25 -12 -1 -25 12 -43 8 15 -35 -18 6 -12 10 13 -6
-53 -36 11 -15 34 1 -21 29 -1 35 -18 3 64 -3 6 10 5 -41 23 30 19 -47 -16 -14 -10 33 14 -2 -33 -38 26 -2 36 -13 18 25 -42 6 -18 -8 0 11 -23 -3 19 -34 -26 5 9 -25 -12 -1 -25 12 -43 8 15 -35 -18 6 -12 10 13 -6
-53 -36 11 -15 34 1 -21 29 -1 35 -18 3 64 -3 6 10 5 -41 23 30 19 -47 -16 -14 -10 33 14 -2 -33 -38 26 -2 36 -13 18 25 -42 6 -18 -8 0 11 -23 -3 19 -34 -26 5 9 -25 -12 -1 -25 12 -43 8 15 -35 -18 6 -12 10 13 -6
-53 -36 11 -15 34 1 -21 29 -1 35 -18 3 64 -3 6 10 5 -41 23 30 19 -47 -16 -14 -10 33 14 -2 -33 -38 26 -2 36 -13 18 25 -42 6 -18 -8 0 11 -23 -3 19 -34 -26 5 9 -25 -12 -1 -25 12 -43 8 15 -35 -18 6 -12 10 13 -6
-53 -36 11 -15 34 1 -21 29 -1 35 -18 3 64 -3 6 10 5 -41 23 30 19 -47 -16 -14 -10 33 14 -2 -33 -38 26 -2 36 -13 18 25 -42 6 -18 -8 0 11 -23 -3 19 -34 -26 5 9 -25 -12 -1 -25 12 -43 8 15 -35 -18 6 -12 10 13 -6
-53 -36 11 -15 34 1 -21 29 -1 35 -18 3 64 -3 6 10 5 -41 23 30 19 -47 -16 -14 -10 33 14 -2 -33 -38 26 -2 36 -13 18 25 -42 6 -18 -8 0 11 -23 -3 19 -34 -26 5 9 -25 -12 -1 -25 12 -43 8 15 -35 -18 6 -12 10 13 -6
-53 -36 11 -15 34 1 -21 29 -1 35 -18 3 64 -3 6 10 5 -41 23 30 19 -47 -16 -14 -10 33 14 -2 -33 -38 26 -2 36 -13 18 25 -42 6 -18 -8 0 11 -23 -3 19 -34 -26 5 9 -25 -12 -1 -25 12 -43 8 15 -35 -18 6 -12 10 13 -6
-53 -36 11 -15 34 1 -21 29 -1 35 -18 3 64 -3 6 10 5 -41 23 30 19 -47 -16 -14 -10 33 14 -2 -33 -38 26 -2 36 -13 18 25 -42 6 -18 -8 0 11 -23 -3 19 -34 -26 5 9 -25 -12 -1 -25 12 -43 8 15 -35 -18 6 -12 10 13 -6
-53 -36 11 -15 34 1 -21 29 -1 35 -18 3 64 -3 6 10 5 -41 23 30 19 -47 -16 -14 -10 33 14 -2 -33 -38 26 -2 36 -13 18 25 -42 6 -18 -8 0 11 -23 -3 19 -34 -26 5 9 -25 -12 -1 -25 12 -43 8 15 -35 -18 6 -12 10 13 -6
-53 -36 11 -15 34 1 -21 29 -1 35 -18 3 64 -3 6 10 5 -41 23 30 19 -47 -16 -14 -10 33 14 -2 -33 -38 26 -2 36 -13 18 25 -42 6 -18 -8 0 11 -23 -3 19 -34 -26 5 9 -25 -12 -1 -25 12 -43 8 15 -35 -18 6 -12 10 13 -6
-53 -36 11 -15 34 1 -21 29 -1 35 -18 3 64 -3 6 10 5 -41 23 30 19 -47 -16 -14 -10 33 14 -2 -33 -38 26 -2 36 -13 18 25 -42 6 -18 -8 0 11 -23 -3 19 -34 -26 5 9 -25 -12 -1 -25 12 -43 8 15 -35 -18 6 -12 10 13 -6
-53 -36 11 -15 34 1 -21 29 -1 35 -18 3 64 -3 6 10 5 -41 23 30 19 -47 -16 -14 -10 33 14 -2 -33 -38 26 -2 36 -13 18 25 -42 6 -18 -8 0 11 -23 -3 19 -34 -26 5 9 -25 -12 -1 -25 12 -43 8 15 -35 -18 6 -12 10 13 -6
-53 -36 11 -15 34 1 -21 29 -1 35 -18 3 64 -3 6 10 5 -41 23 30 19 -47 -16 -14 -10 33 14 -2 -33 -38 26 -2 36 -13 18 25 -42 6 -18 -8 0 11 -23 -3 19 -34 -26 5 9 -25 -12 -1 -25 12 -43 8 15 -35 -18 6 -12 10 13 -6
-53 -36 11 -15 34 1 -21 29 -1 35 -18 3 64 -3 6 10 5 -41 23 30 19 -47 -16 -14 -10 33 14 -2 -33 -38 26 -2 36 -13 18 25 -42 6 -18 -8 0 11 -23 -3 19 -34 -26 5 9 -25 -12 -1 -25 12 -43 8 15 -35 -18 6 -12 10 13 -6
-53 -36 11 -15 34 1 -21 29 -1 35 -18 3 64 -3 6 10 5 -41 23 30 19 -47 -16 -14 -10 33 14 -2 -33 -38 26 -2 36 -13 18 25 -42 6 -18 -8 0 11 -23 -3 19 -34 -26 5 9 -25 -12 -1 -25 12 -43 8 15 -35 -18 6 -12 10 13 -6
-53 -36 11 -15 34 1 -21 29 -1 35 -18 3 64 -3 6 10 5 -41 23 30 19 -47 -16 -14 -10 33 14 -2 -33 -38 26 -2 36 -13 18 25 -42 6 -18 -8 0 11 -23 -3 19 -34 -26 5 9 -25 -12 -1 -25 12 -43 8 15 -35 -18 6 -12 10 13 -6
-53 -36 11 -15 34 1 -21 29 -1 35 -18 3 64 -3 6 10 5 -41 23 30 19 -47 -16 -14 -10 33 14 -2 -33 -38 26 -2 36 -13 18 25 -42 6 -18 -8 0 11 -23 -3 19 -34 -26 5 9 -25 -12 -1 -25 12 -43 8 15 -35 -18 6 -12 10 13 -6
-53 -36 11 -15 34 1 -21 29 -1 35 -18 3 64 -3 6 10 5 -41 23 30 19 -47 -16 -14 -10 33 14 -2 -33 -38 26 -2 36 -13 18 25 -42 6 -18 -8 0 11 -23 -3 19 -34 -26 5 9 -25 -12 -1 -25 12 -43 8 15 -35 -18 6 -12 10 13 -6
-53 -36 11 -15 34 1 -21 29 -1 35 -18 3 64 -3 6 10 5 -41 23 30 19 -47 -16 -14 -10 33 14 -2 -33 -38 26 -2 36 -13 18 25 -42 6 -18 -8 0 11 -23 -3 19 -34 -26 5 9 -25 -12 -1 -25 12 -43 8 15 -35 -18 6 -12 10 13 -6
-53 -36 11 -15 34 1 -21 29 -1 35 -18 3 64 -3 6 10 5 -41 23 30 19 -47 -16 -14 -10 33 14 -2 -33 -38 26 -2 36 -13 18 25 -42 6 -18 -8 0 11 -23 -3 19 -34 -26 5 9 -25 -12 -1 -25 12 -43 8 15 -35 -18 6 -12 10 13 -6
-53 -36 11 -15 34 1 -21 29 -1 35 -18 3 64 -3 6 10 5 -41 23 30 19 -47 -16 -14 -10 33 14 -2 -33 -38 26 -2 36 -13 18 25 -42 6 -18 -8 0 11 -23 -3 19 -34 -26 5 9 -25 -12 -1 -25 12 -43 8 15 -35 -18 6 -12 10 13 -6
-53 -36 11 -15 34 1 -21 29 -1 35 -18 3 64 -3 6 10 5 -41 23 30 19 -47 -16 -14 -10 33 14 -2 -33 -38 26 -2 36 -13 18 25 -42 6 -18 -8 0 11 -23 -3 19 -34 -26 5 9 -25 -12 -1 -25 12 -43 8 15 -35 -18 6 -12 10 13 -6
-53 -36 11 -15 34 1 -21 29 -1 35 -18 3 64 -3 6 10 5 -41 23 30 19 -47 -16 -14 -10 33 14 -2 -33 -38 26 -2 36 -13 18 25 -42 6 -18 -8 0 11 -23 -3 19 -34 -26 5 9 -25 -12 -1 -25 12 -43 8 15 -35 -18 6 -12 10 13 -6
-53 -36 11 -15 34 1 -21 29 -1 35 -18 3 64 -3 6 10 5 -41 23 30 19 -47 -16 -14 -10 33 14 -2 -33 -38 26 -2 36 -13 18 25 -42 6 -18 -8 0 11 -23 -3 19 -34 -26 5 9 -25 -12 -1 -25 12 -43 8 15 -35 -18 6 -12 10 13 -6
-53 -36 11 -15 34 1 -21 29 -1 35 -18 3 64 -3 6 10 5 -41 23 30 19 -47 -16 -14 -10 33 14 -2 -33 -38 26 -2 36 -13 18 25 -42 6 -18 -8 0 11 -23 -3 19 -34 -26 5 9 -25 -12 -1 -25 12 -43 8 15 -35 -18 6 -12 10 13 -6
-53 -36 11 -15 34 1 -21 29 -1 35 -18 3 64 -3 6 10 5 -41 23 30 19 -47 -16 -14 -10 33 14 -2 -33 -38 26 -2 36 -13 18 25 -42 6 -18 -8 0 11 -23 -3 19 -34 -26 5 9 -25 -12 -1 -25 12 -43 8 15 -35 -18 6 -12 10 13 -6
-53 -36 11 -15 34 1 -21 29 -1 35 -18 3 64 -3 6 10 5 -41 23 30 19 -47 -16 -14 -10 33 14 -2 -33 -38 26 -2 36 -13 18 25 -42 6 -18 -8 0 11 -23 -3 19 -34 -26 5 9 -25 -12 -1 -25 12 -43 8 15 -35 -18 6 -12 10 13 -6
-53 -36 11 -15 34 1 -21 29 -1 35 -18 3 64 -3 6 10 5 -41 23 30 19 -47 -16 -14 -10 33 14 -2 -33 -38 26 -2 36 -13 18 25 -42 6 -18 -8 0 11 -23 -3 19 -34 -26 5 9 -25 -12 -1 -25 12 -43 8 15 -35 -18 6 -12 10 13 -6
-53 -36 11 -15 34 1 -21 29 -1 35 -18 3 64 -3 6 10 5 -41 23 30 19 -47 -16 -14 -10 33 14 -2 -33 -38 26 -2 36 -13 18 25 -42 6 -18 -8 0 11 -23 -3 19 -34 -26 5 9 -25 -12 -1 -25 12 -43 8 15 -35 -18 6 -12 10 13 -6
