13 20 5 5 -12 -7 18 -7 -10 2 -4 19 29 18 0 -5 -3 -11 -6 7 -12 -30 -11 29 10 14 -10 -10 -4 1 -7 -7 -14 -22 -40 -1 -6 -10 -15 -6 24 -14 8 -30 0 -12 11 17 -16 6 42 -15 -10 6 -5 -24 -16 -24 -5 16 -12 0 6 22
12 5 -1 -3 -15 -5 15 -24 6 -21 -20 19 32 29 16 -24 7 -1 6 -10 6 -42 -31 42 22 18 18 -30 -17 -23 -12 -46 -24 -1 -30 -16 -4 -25 -7 -1 48 -27 28 -35 11 -3 8 14 -33 -2 45 -30 -9 13 -13 -15 -3 -40 -16 36 -20 5 0 18
9 12 8 2 -15 -10 17 -25 10 -12 -5 15 36 31 6 -27 -3 -4 -6 23 1 -39 -10 37 12 13 -4 -34 -3 -12 -13 -28 -40 -7 -32 -12 -19 -18 -23 5 40 -25 37 -27 -1 -6 4 19 -14 -5 35 -31 -8 10 -14 -11 -6 -31 -8 38 -21 0 0 10
11 9 5 0 -10 -11 16 -20 10 4 -8 14 38 20 3 -23 -4 -3 -3 9 -3 -19 -14 38 18 10 -4 -28 -13 -10 -8 -34 -23 -18 -29 -27 3 -7 -16 -5 44 -18 35 -25 3 -10 3 17 -15 -5 46 -18 -15 8 -8 -4 -9 -20 -11 39 -13 -7 -5 22
12 4 15 13 2 -6 0 -31 15 11 -2 9 46 25 12 -17 -10 -9 0 2 -12 -41 -13 51 14 16 -6 -21 -7 -10 -13 -35 -24 -16 -27 -17 -7 -21 -18 -18 51 -33 29 -18 11 0 16 18 -17 -4 50 -24 -28 0 -20 -18 4 -38 -12 27 -13 -9 -8 10
16 -3 -6 6 -8 2 34 -28 13 -14 -12 2 37 33 16 -20 15 0 -2 -6 2 -38 -24 55 35 22 13 -30 -12 -15 -17 -39 -28 -13 -28 -14 13 -20 -28 -25 66 -35 35 -23 14 -5 5 23 -15 -5 45 -34 -28 -5 -15 -10 -8 -39 -17 26 -29 4 2 17
0 -7 -2 12 -11 -4 15 -18 23 -3 -6 16 44 28 12 -13 -3 -6 -13 2 -9 -44 -15 42 28 21 16 -24 -1 -11 2 -25 -15 -14 -37 -32 0 -29 -24 -25 55 -51 38 -27 18 -13 -4 18 -11 -5 70 -34 -21 6 -6 1 -2 -44 -9 42 -6 2 0 20
13 -11 6 5 -19 1 16 -27 11 -1 -21 17 37 22 12 -23 3 6 -1 -2 7 -46 -21 55 18 11 10 -33 -8 -23 -2 -38 -18 -7 -30 -30 12 -13 -17 -15 60 -29 47 -32 14 -3 11 20 -15 -3 54 -29 -18 -3 -9 -8 -7 -26 -16 30 -14 0 -5 7
6 3 7 0 4 6 14 -27 18 4 -23 12 24 21 12 -29 -1 -8 -20 11 11 -42 -14 47 24 8 -2 -41 -8 -19 -7 -41 -38 -7 -30 -26 6 -27 -32 -3 55 -47 44 -32 7 -17 -1 28 -32 -4 40 -32 -20 13 0 -15 -6 -35 -4 34 -16 -5 0 25
16 0 39 10 -17 -7 15 -14 21 10 6 25 15 6 5 -17 -3 -13 7 2 -6 -26 2 51 4 20 15 -50 3 -7 2 -48 6 21 -12 -18 -3 -33 -34 31 53 -19 39 -40 12 -24 39 -5 -42 12 33 -30 11 -7 12 -31 5 -37 -18 35 6 -7 -9 14
7 2 7 5 -6 0 16 -29 28 -3 -2 12 38 27 14 -19 -6 7 -3 6 -3 -33 -20 44 14 23 0 -19 -20 -11 -8 -41 -35 -9 -28 -26 5 -23 -26 -11 49 -22 43 -23 14 -5 1 12 -20 -3 42 -24 -17 3 -13 -8 -5 -35 -7 25 -16 -9 -2 18
20 5 5 6 -3 -5 16 -28 8 8 -14 11 34 23 12 -26 0 -2 -5 -5 9 -52 -17 50 20 15 -3 -33 -6 -25 0 -34 -22 -8 -40 -14 4 -21 -23 0 43 -38 43 -26 6 -1 3 14 -14 0 58 -39 -26 17 -5 -7 1 -17 -3 32 -13 5 -5 15
15 -6 2 0 -3 -4 14 -18 3 0 1 9 46 21 18 -31 0 -9 1 4 -6 -30 -17 47 19 8 0 -23 -9 -18 -3 -33 -18 -6 -34 -23 -1 -20 -20 8 46 -24 40 -34 9 -16 3 3 -22 0 52 -23 -15 14 -18 -8 -7 -23 -4 31 -5 -2 -14 25
16 15 -2 7 -9 -5 15 -14 -5 3 2 19 34 17 15 -7 3 -17 -3 3 12 -39 -24 55 20 14 -11 -40 -16 -19 1 -34 -28 0 -44 -23 6 -23 -19 -6 52 -39 38 -24 9 6 5 24 -27 2 53 -30 -26 9 -11 -11 -3 -27 -16 26 -17 12 -4 25
21 12 36 0 -1 -6 -3 -12 -7 10 -10 19 41 12 14 -12 7 -15 -3 -2 0 -40 -11 35 6 10 10 -39 5 -20 4 -40 -15 8 -21 -13 -7 -13 -21 9 60 -16 39 -33 12 -5 17 3 -40 0 29 -23 -6 10 -14 -13 11 -36 8 41 -16 -15 -9 30
7 -7 9 1 -7 0 11 -22 10 0 -11 10 43 27 22 -21 0 7 -12 6 6 -45 -23 45 34 12 -1 -31 -20 -20 -5 -33 -15 -16 -17 -22 -6 -15 -22 -8 52 -37 33 -33 10 -14 2 10 -22 -1 45 -33 -14 12 -9 -1 -6 -34 -22 43 -12 -10 0 17
16 -6 0 2 -7 -4 23 -29 16 -3 -4 14 31 32 13 -22 -9 -5 -3 2 10 -33 -19 49 11 19 8 -27 -15 -19 -13 -36 -20 1 -31 -29 0 -19 -18 -1 44 -32 55 -3 14 -10 4 27 -33 -5 51 -25 -20 8 -11 -6 10 -26 -27 33 -20 -3 1 9
14 8 5 1 -4 -1 17 -16 6 0 -6 18 30 11 7 -23 -3 1 3 22 -10 -43 -15 45 21 7 11 -36 -7 -13 -2 -39 -28 -18 -23 -23 0 -6 -8 -15 47 -19 28 -23 18 -4 11 6 -25 -3 34 -28 -11 5 -14 3 -9 -32 -9 24 -23 -6 -9 25
0 0 -14 14 -2 1 23 -17 6 -8 -3 13 43 25 19 -22 1 6 6 8 11 -35 -26 53 13 0 3 -34 -23 -9 -17 -33 -25 -1 -27 -25 7 -17 -16 -15 54 -36 34 -27 13 -7 0 22 -29 1 39 -25 -20 -2 -18 -1 -15 -37 -21 35 -9 -3 -4 18
12 -1 0 1 0 0 12 -24 15 0 1 5 43 18 24 -20 -12 -7 1 5 -5 -28 1 48 24 -3 -4 -21 -17 -3 -10 -40 -26 -8 -32 -25 -6 -8 -11 -16 48 -36 29 -30 4 -9 2 11 -20 -5 61 -13 -20 2 -7 -13 -4 -25 -9 38 -15 9 -10 12
3 0 5 5 -2 -4 14 -22 9 2 -7 11 40 24 7 -20 -2 8 -11 -8 -13 -26 -13 39 24 6 -3 -26 -13 -12 -7 -30 -13 -10 -23 -24 0 -28 -19 -20 41 -37 34 -19 16 -5 0 6 -32 3 40 -32 -19 0 -16 6 -6 -24 -3 31 -15 6 1 13
16 19 20 5 -15 -4 1 -30 -13 -4 0 16 52 25 24 1 -1 -7 -13 -10 16 -18 -12 26 11 9 12 -22 -9 -9 -1 -35 -11 0 -9 -5 16 -15 -21 18 56 -36 19 -32 -5 -11 30 9 -40 1 25 -15 -5 6 -2 -10 31 -36 7 17 3 5 -24 5
-1 14 6 14 1 -3 20 -16 4 8 -6 17 26 15 10 -11 6 -11 -10 7 -2 -12 -8 30 7 10 8 -15 -5 -7 -10 -22 -16 -20 -35 -2 -10 -2 -9 2 24 -15 -1 -27 0 -10 11 13 -11 -2 25 -15 -11 10 -2 -18 -9 -9 1 18 5 5 0 13
14 17 -17 -7 -22 -9 24 -11 7 -18 -21 15 31 16 15 -2 1 -2 -11 8 -8 -34 -14 39 18 33 5 -37 -17 -22 -6 -43 -19 -1 -23 -37 -3 -17 -24 0 54 -28 14 -21 3 0 10 15 -26 -5 43 -18 -17 10 -9 -15 -6 -51 -27 18 -20 4 -18 24
24 2 -16 16 -4 -1 26 -28 6 -27 -18 21 28 32 1 -1 -2 0 -16 2 2 -13 9 62 30 -9 18 -60 -3 -27 -2 -43 -23 7 -28 -34 -2 -32 -13 -17 63 -24 14 -28 2 -19 6 17 -9 0 37 -16 -18 2 -16 -15 -4 -39 -17 22 -2 17 -15 35
29 18 11 -7 -15 -2 28 -23 19 -3 -4 8 41 23 9 -23 11 2 -10 6 -5 -21 -20 35 12 9 -1 -27 -20 -14 -2 -39 -24 -10 -35 -40 -8 -16 -13 5 45 -18 33 -36 0 -9 -7 10 -24 -6 46 -25 -18 19 -9 -15 -4 -48 6 21 -15 0 -8 27
25 11 -6 -4 0 -8 9 -26 8 6 -5 9 48 40 4 -18 -6 -11 -1 13 -12 -39 -10 58 10 7 -3 -24 -12 -13 7 -38 -9 -9 -26 -34 -7 -16 -8 5 52 -19 31 -10 -5 -8 3 14 -14 -5 46 -38 -26 -6 -30 -26 0 -34 -10 26 -18 2 -12 7
5 -2 5 -6 -13 -3 23 -28 21 -16 -11 10 31 30 16 -20 9 3 -4 4 -5 -41 -19 60 32 5 -8 -33 -21 -9 -18 -35 -16 -11 -32 -21 3 -9 -19 -28 65 -28 40 -17 8 -4 5 20 -18 -4 48 -27 -26 7 -13 -20 -23 -34 -22 30 -30 2 -6 22
12 -9 1 2 -7 0 6 -21 -4 5 -7 10 44 19 21 -18 -2 -11 -11 -1 -13 -29 -15 58 32 18 -3 -25 -17 -14 -11 -37 -8 -14 -43 -27 -9 -17 -15 -12 68 -30 41 -38 5 -11 -8 12 -16 3 43 -19 -29 7 -14 4 -7 -26 -19 40 -9 3 -5 19
15 3 1 2 -10 3 17 -26 22 5 -17 17 43 34 13 -19 -4 -11 -14 -7 22 -62 -16 57 25 4 4 -37 -14 -26 -8 -42 -20 -11 -28 -40 0 -32 -16 -22 69 -18 45 -27 13 -10 11 11 -19 0 50 -25 -24 8 0 -2 1 -32 -20 30 -22 20 -5 18
17 -1 4 -8 -4 2 16 -27 14 -9 -17 12 42 33 22 -14 2 -4 -1 7 -9 -29 -16 42 22 13 10 -39 -15 -11 -6 -38 -26 1 -26 -29 -14 -25 -26 -10 59 -23 36 -21 13 -3 6 15 -24 -9 32 -22 -24 14 -12 -11 -9 -42 -5 31 -15 -11 -9 21
26 11 5 2 1 1 9 -23 18 -1 -24 15 33 19 19 -13 -11 -10 -13 4 -3 -29 -6 36 12 12 9 -38 -8 -7 -10 -47 -19 -5 -30 -32 -3 -18 -24 -8 46 -21 44 -27 13 -9 14 -3 -20 -1 33 -27 -18 13 -13 -4 0 -38 -16 26 -16 -1 -6 13
23 8 -21 -2 -2 0 9 -22 3 3 -9 7 56 30 12 -22 1 4 -2 -8 -1 -45 -21 54 23 13 -6 -33 -6 -22 3 -39 -15 1 -32 -16 8 -22 -16 -9 58 -27 26 -31 16 -16 8 15 -21 8 56 -28 -21 5 -10 -2 -7 -25 4 20 -19 7 -14 6
17 4 9 3 -14 -4 7 -22 15 -7 -7 15 47 19 19 -15 -6 -6 -2 -5 -6 -37 1 46 22 -5 -3 -30 -1 -21 1 -38 -24 -8 -29 -27 -10 -11 -12 0 47 -30 37 -32 6 -9 13 11 -27 -7 44 -26 -17 8 -17 -13 -16 -22 -21 36 -12 -4 -4 11
10 4 -1 9 -15 -6 11 -17 18 0 -13 10 43 19 24 -21 -3 6 -9 -3 4 -29 -16 45 10 3 5 -25 -7 -18 -9 -34 -38 -3 -40 -36 -9 -20 -14 1 37 -33 54 -18 11 -9 3 26 -34 -5 53 -27 -18 17 -9 -6 -5 -27 -22 22 -20 -2 -5 13
10 17 -3 0 -1 -5 11 -25 11 -11 11 8 43 15 7 -5 -7 2 -10 7 -7 -38 -14 46 23 9 9 -31 -7 -2 12 -28 -26 -11 -28 -38 -7 -2 -24 -4 47 -28 30 -26 24 -11 1 3 -22 -6 34 -33 -15 17 -15 -10 -10 -31 -12 21 -17 -11 -22 28
14 -2 -9 -2 -16 -4 17 -35 13 -4 -9 20 48 28 5 -29 -1 2 -3 0 -2 -26 -22 56 11 -5 -1 -24 -11 -2 -18 -38 -24 -8 -27 -22 3 -19 -12 -26 56 -36 42 -27 13 -7 0 22 -33 -2 46 -24 -31 8 -19 -4 -15 -34 -18 39 -22 -7 1 7
9 10 3 9 1 0 24 -21 3 -1 -3 16 45 23 32 -17 -4 -2 -3 11 -6 -34 -11 48 28 -2 -9 -34 -17 -16 -2 -31 -17 0 -28 -19 -21 -22 -5 -21 50 -29 25 -17 7 -15 -3 16 -16 5 46 -21 -21 12 -8 -8 -10 -35 -11 36 -21 1 -15 18
17 12 -2 4 -14 -5 11 -19 10 -8 -11 6 48 19 12 -14 0 0 -10 -6 -5 -22 -15 50 25 1 2 -33 -11 -13 -12 -38 -16 -11 -42 -27 3 -22 -13 1 51 -24 39 -11 18 6 4 6 -19 13 39 -23 -24 8 -22 -15 -8 -30 -5 22 -15 -2 -14 21
23 14 1 5 -21 -2 17 -32 -12 -18 4 23 47 18 21 -1 12 0 -14 -2 12 -42 -10 32 9 15 12 -42 -13 -19 2 -35 -21 2 -23 -12 9 -7 -20 13 53 -31 8 -34 6 -11 27 -1 -39 6 27 -33 -11 30 -13 -16 7 -51 1 13 1 9 -24 2
6 15 2 7 -2 -4 16 -15 -2 4 -7 17 16 5 11 -11 6 -14 -8 5 -6 -17 -9 32 12 13 6 -7 -8 -4 -10 -20 -18 -22 -33 -3 -15 -3 -13 4 20 -22 6 -29 4 -10 6 11 -13 -3 16 -16 -6 -4 -9 -22 -9 -11 -2 10 4 4 -6 25
-5 18 6 3 -14 -8 42 -34 15 -26 2 20 33 30 -4 -2 13 -16 -6 11 1 -44 -9 30 15 14 13 -40 -16 -3 4 -47 -24 5 -40 -28 -3 -31 4 -1 59 -29 32 -16 -10 -11 13 7 -33 -25 46 -22 -19 18 -15 -7 -27 -50 -9 0 18 1 -5 26
-5 18 6 3 -14 -8 42 -34 15 -26 2 20 33 30 -4 -2 13 -16 -6 11 1 -44 -9 30 15 14 13 -40 -16 -3 4 -47 -24 5 -40 -28 -3 -31 4 -1 59 -29 32 -16 -10 -11 13 7 -33 -25 46 -22 -19 18 -15 -7 -27 -50 -9 0 18 1 -5 26
-5 18 6 3 -14 -8 42 -34 15 -26 2 20 33 30 -4 -2 13 -16 -6 11 1 -44 -9 30 15 14 13 -40 -16 -3 4 -47 -24 5 -40 -28 -3 -31 4 -1 59 -29 32 -16 -10 -11 13 7 -33 -25 46 -22 -19 18 -15 -7 -27 -50 -9 0 18 1 -5 26
-5 18 6 3 -14 -8 42 -34 15 -26 2 20 33 30 -4 -2 13 -16 -6 11 1 -44 -9 30 15 14 13 -40 -16 -3 4 -47 -24 5 -40 -28 -3 -31 4 -1 59 -29 32 -16 -10 -11 13 7 -33 -25 46 -22 -19 18 -15 -7 -27 -50 -9 0 18 1 -5 26
-5 18 6 3 -14 -8 42 -34 15 -26 2 20 33 30 -4 -2 13 -16 -6 11 1 -44 -9 30 15 14 13 -40 -16 -3 4 -47 -24 5 -40 -28 -3 -31 4 -1 59 -29 32 -16 -10 -11 13 7 -33 -25 46 -22 -19 18 -15 -7 -27 -50 -9 0 18 1 -5 26
-5 18 6 3 -14 -8 42 -34 15 -26 2 20 33 30 -4 -2 13 -16 -6 11 1 -44 -9 30 15 14 13 -40 -16 -3 4 -47 -24 5 -40 -28 -3 -31 4 -1 59 -29 32 -16 -10 -11 13 7 -33 -25 46 -22 -19 18 -15 -7 -27 -50 -9 0 18 1 -5 26
-5 18 6 3 -14 -8 42 -34 15 -26 2 20 33 30 -4 -2 13 -16 -6 11 1 -44 -9 30 15 14 13 -40 -16 -3 4 -47 -24 5 -40 -28 -3 -31 4 -1 59 -29 32 -16 -10 -11 13 7 -33 -25 46 -22 -19 18 -15 -7 -27 -50 -9 0 18 1 -5 26
-5 18 6 3 -14 -8 42 -34 15 -26 2 20 33 30 -4 -2 13 -16 -6 11 1 -44 -9 30 15 14 13 -40 -16 -3 4 -47 -24 5 -40 -28 -3 -31 4 -1 59 -29 32 -16 -10 -11 13 7 -33 -25 46 -22 -19 18 -15 -7 -27 -50 -9 0 18 1 -5 26
-5 18 6 3 -14 -8 42 -34 15 -26 2 20 33 30 -4 -2 13 -16 -6 11 1 -44 -9 30 15 14 13 -40 -16 -3 4 -47 -24 5 -40 -28 -3 -31 4 -1 59 -29 32 -16 -10 -11 13 7 -33 -25 46 -22 -19 18 -15 -7 -27 -50 -9 0 18 1 -5 26
-5 18 6 3 -14 -8 42 -34 15 -26 2 20 33 30 -4 -2 13 -16 -6 11 1 -44 -9 30 15 14 13 -40 -16 -3 4 -47 -24 5 -40 -28 -3 -31 4 -1 59 -29 32 -16 -10 -11 13 7 -33 -25 46 -22 -19 18 -15 -7 -27 -50 -9 0 18 1 -5 26
-5 18 6 3 -14 -8 42 -34 15 -26 2 20 33 30 -4 -2 13 -16 -6 11 1 -44 -9 30 15 14 13 -40 -16 -3 4 -47 -24 5 -40 -28 -3 -31 4 -1 59 -29 32 -16 -10 -11 13 7 -33 -25 46 -22 -19 18 -15 -7 -27 -50 -9 0 18 1 -5 26
-5 18 6 3 -14 -8 42 -34 15 -26 2 20 33 30 -4 -2 13 -16 -6 11 1 -44 -9 30 15 14 13 -40 -16 -3 4 -47 -24 5 -40 -28 -3 -31 4 -1 59 -29 32 -16 -10 -11 13 7 -33 -25 46 -22 -19 18 -15 -7 -27 -50 -9 0 18 1 -5 26
-5 18 6 3 -14 -8 42 -34 15 -26 2 20 33 30 -4 -2 13 -16 -6 11 1 -44 -9 30 15 14 13 -40 -16 -3 4 -47 -24 5 -40 -28 -3 -31 4 -1 59 -29 32 -16 -10 -11 13 7 -33 -25 46 -22 -19 18 -15 -7 -27 -50 -9 0 18 1 -5 26
-5 18 6 3 -14 -8 42 -34 15 -26 2 20 33 30 -4 -2 13 -16 -6 11 1 -44 -9 30 15 14 13 -40 -16 -3 4 -47 -24 5 -40 -28 -3 -31 4 -1 59 -29 32 -16 -10 -11 13 7 -33 -25 46 -22 -19 18 -15 -7 -27 -50 -9 0 18 1 -5 26
-5 18 6 3 -14 -8 42 -34 15 -26 2 20 33 30 -4 -2 13 -16 -6 11 1 -44 -9 30 15 14 13 -40 -16 -3 4 -47 -24 5 -40 -28 -3 -31 4 -1 59 -29 32 -16 -10 -11 13 7 -33 -25 46 -22 -19 18 -15 -7 -27 -50 -9 0 18 1 -5 26
-5 18 6 3 -14 -8 42 -34 15 -26 2 20 33 30 -4 -2 13 -16 -6 11 1 -44 -9 30 15 14 13 -40 -16 -3 4 -47 -24 5 -40 -28 -3 -31 4 -1 59 -29 32 -16 -10 -11 13 7 -33 -25 46 -22 -19 18 -15 -7 -27 -50 -9 0 18 1 -5 26
-5 18 6 3 -14 -8 42 -34 15 -26 2 20 33 30 -4 -2 13 -16 -6 11 1 -44 -9 30 15 14 13 -40 -16 -3 4 -47 -24 5 -40 -28 -3 -31 4 -1 59 -29 32 -16 -10 -11 13 7 -33 -25 46 -22 -19 18 -15 -7 -27 -50 -9 0 18 1 -5 26
-5 18 6 3 -14 -8 42 -34 15 -26 2 20 33 30 -4 -2 13 -16 -6 11 1 -44 -9 30 15 14 13 -40 -16 -3 4 -47 -24 5 -40 -28 -3 -31 4 -1 59 -29 32 -16 -10 -11 13 7 -33 -25 46 -22 -19 18 -15 -7 -27 -50 -9 0 18 1 -5 26
-5 18 6 3 -14 -8 42 -34 15 -26 2 20 33 30 -4 -2 13 -16 -6 11 1 -44 -9 30 15 14 13 -40 -16 -3 4 -47 -24 5 -40 -28 -3 -31 4 -1 59 -29 32 -16 -10 -11 13 7 -33 -25 46 -22 -19 18 -15 -7 -27 -50 -9 0 18 1 -5 26
-5 18 6 3 -14 -8 42 -34 15 -26 2 20 33 30 -4 -2 13 -16 -6 11 1 -44 -9 30 15 14 13 -40 -16 -3 4 -47 -24 5 -40 -28 -3 -31 4 -1 59 -29 32 -16 -10 -11 13 7 -33 -25 46 -22 -19 18 -15 -7 -27 -50 -9 0 18 1 -5 26
-5 18 6 3 -14 -8 42 -34 15 -26 2 20 33 30 -4 -2 13 -16 -6 11 1 -44 -9 30 15 14 13 -40 -16 -3 4 -47 -24 5 -40 -28 -3 -31 4 -1 59 -29 32 -16 -10 -11 13 7 -33 -25 46 -22 -19 18 -15 -7 -27 -50 -9 0 18 1 -5 26
-5 18 6 3 -14 -8 42 -34 15 -26 2 20 33 30 -4 -2 13 -16 -6 11 1 -44 -9 30 15 14 13 -40 -16 -3 4 -47 -24 5 -40 -28 -3 -31 4 -1 59 -29 32 -16 -10 -11 13 7 -33 -25 46 -22 -19 18 -15 -7 -27 -50 -9 0 18 1 -5 26
-5 18 6 3 -14 -8 42 -34 15 -26 2 20 33 30 -4 -2 13 -16 -6 11 1 -44 -9 30 15 14 13 -40 -16 -3 4 -47 -24 5 -40 -28 -3 -31 4 -1 59 -29 32 -16 -10 -11 13 7 -33 -25 46 -22 -19 18 -15 -7 -27 -50 -9 0 18 1 -5 26
-5 18 6 3 -14 -8 42 -34 15 -26 2 20 33 30 -4 -2 13 -16 -6 11 1 -44 -9 30 15 14 13 -40 -16 -3 4 -47 -24 5 -40 -28 -3 -31 4 -1 59 -29 32 -16 -10 -11 13 7 -33 -25 46 -22 -19 18 -15 -7 -27 -50 -9 0 18 1 -5 26
-5 18 6 3 -14 -8 42 -34 15 -26 2 20 33 30 -4 -2 13 -16 -6 11 1 -44 -9 30 15 14 13 -40 -16 -3 4 -47 -24 5 -40 -28 -3 -31 4 -1 59 -29 32 -16 -10 -11 13 7 -33 -25 46 -22 -19 18 -15 -7 -27 -50 -9 0 18 1 -5 26
-5 18 6 3 -14 -8 42 -34 15 -26 2 20 33 30 -4 -2 13 -16 -6 11 1 -44 -9 30 15 14 13 -40 -16 -3 4 -47 -24 5 -40 -28 -3 -31 4 -1 59 -29 32 -16 -10 -11 13 7 -33 -25 46 -22 -19 18 -15 -7 -27 -50 -9 0 18 1 -5 26
-5 18 6 3 -14 -8 42 -34 15 -26 2 20 33 30 -4 -2 13 -16 -6 11 1 -44 -9 30 15 14 13 -40 -16 -3 4 -47 -24 5 -40 -28 -3 -31 4 -1 59 -29 32 -16 -10 -11 13 7 -33 -25 46 -22 -19 18 -15 -7 -27 -50 -9 0 18 1 -5 26
-5 18 6 3 -14 -8 42 -34 15 -26 2 20 33 30 -4 -2 13 -16 -6 11 1 -44 -9 30 15 14 13 -40 -16 -3 4 -47 -24 5 -40 -28 -3 -31 4 -1 59 -29 32 -16 -10 -11 13 7 -33 -25 46 -22 -19 18 -15 -7 -27 -50 -9 0 18 1 -5 26
-5 18 6 3 -14 -8 42 -34 15 -26 2 20 33 30 -4 -2 13 -16 -6 11 1 -44 -9 30 15 14 13 -40 -16 -3 4 -47 -24 5 -40 -28 -3 -31 4 -1 59 -29 32 -16 -10 -11 13 7 -33 -25 46 -22 -19 18 -15 -7 -27 -50 -9 0 18 1 -5 26
-5 18 6 3 -14 -8 42 -34 15 -26 2 20 33 30 -4 -2 13 -16 -6 11 1 -44 -9 30 15 14 13 -40 -16 -3 4 -47 -24 5 -40 -28 -3 -31 4 -1 59 -29 32 -16 -10 -11 13 7 -33 -25 46 -22 -19 18 -15 -7 -27 -50 -9 0 18 1 -5 26
-5 18 6 3 -14 -8 42 -34 15 -26 2 20 33 30 -4 -2 13 -16 -6 11 1 -44 -9 30 15 14 13 -40 -16 -3 4 -47 -24 5 -40 -28 -3 -31 4 -1 59 -29 32 -16 -10 -11 13 7 -33 -25 46 -22 -19 18 -15 -7 -27 -50 -9 0 18 1 -5 26
-5 18 6 3 -14 -8 42 -34 15 -26 2 20 33 30 -4 -2 13 -16 -6 11 1 -44 -9 30 15 14 13 -40 -16 -3 4 -47 -24 5 -40 -28 -3 -31 4 -1 59 -29 32 -16 -10 -11 13 7 -33 -25 46 -22 -19 18 -15 -7 -27 -50 -9 0 18 1 -5 26
-5 18 6 3 -14 -8 42 -34 15 -26 2 20 33 30 -4 -2 13 -16 -6 11 1 -44 -9 30 15 14 13 -40 -16 -3 4 -47 -24 5 -40 -28 -3 -31 4 -1 59 -29 32 -16 -10 -11 13 7 -33 -25 46 -22 -19 18 -15 -7 -27 -50 -9 0 18 1 -5 26
-5 18 6 3 -14 -8 42 -34 15 -26 2 20 33 30 -4 -2 13 -16 -6 11 1 -44 -9 30 15 14 13 -40 -16 -3 4 -47 -24 5 -40 -28 -3 -31 4 -1 59 -29 32 -16 -10 -11 13 7 -33 -25 46 -22 -19 18 -15 -7 -27 -50 -9 0 18 1 -5 26
-5 18 6 3 -14 -8 42 -34 15 -26 2 20 33 30 -4 -2 13 -16 -6 11 1 -44 -9 30 15 14 13 -40 -16 -3 4 -47 -24 5 -40 -28 -3 -31 4 -1 59 -29 32 -16 -10 -11 13 7 -33 -25 46 -22 -19 18 -15 -7 -27 -50 -9 0 18 1 -5 26
-5 18 6 3 -14 -8 42 -34 15 -26 2 20 33 30 -4 -2 13 -16 -6 11 1 -44 -9 30 15 14 13 -40 -16 -3 4 -47 -24 5 -40 -28 -3 -31 4 -1 59 -29 32 -16 -10 -11 13 7 -33 -25 46 -22 -19 18 -15 -7 -27 -50 -9 0 18 1 -5 26
-5 18 6 3 -14 -8 42 -34 15 -26 2 20 33 30 -4 -2 13 -16 -6 11 1 -44 -9 30 15 14 13 -40 -16 -3 4 -47 -24 5 -40 -28 -3 -31 4 -1 59 -29 32 -16 -10 -11 13 7 -33 -25 46 -22 -19 18 -15 -7 -27 -50 -9 0 18 1 -5 26
-5 18 6 3 -14 -8 42 -34 15 -26 2 20 33 30 -4 -2 13 -16 -6 11 1 -44 -9 30 15 14 13 -40 -16 -3 4 -47 -24 5 -40 -28 -3 -31 4 -1 59 -29 32 -16 -10 -11 13 7 -33 -25 46 -22 -19 18 -15 -7 -27 -50 -9 0 18 1 -5 26
-5 18 6 3 -14 -8 42 -34 15 -26 2 20 33 30 -4 -2 13 -16 -6 11 1 -44 -9 30 15 14 13 -40 -16 -3 4 -47 -24 5 -40 -28 -3 -31 4 -1 59 -29 32 -16 -10 -11 13 7 -33 -25 46 -22 -19 18 -15 -7 -27 -50 -9 0 18 1 -5 26
-5 18 6 3 -14 -8 42 -34 15 -26 2 20 33 30 -4 -2 13 -16 -6 11 1 -44 -9 30 15 14 13 -40 -16 -3 4 -47 -24 5 -40 -28 -3 -31 4 -1 59 -29 32 -16 -10 -11 13 7 -33 -25 46 -22 -19 18 -15 -7 -27 -50 -9 0 18 1 -5 26
-5 18 6 3 -14 -8 42 -34 15 -26 2 20 33 30 -4 -2 13 -16 -6 11 1 -44 -9 30 15 14 13 -40 -16 -3 4 -47 -24 5 -40 -28 -3 -31 4 -1 59 -29 32 -16 -10 -11 13 7 -33 -25 46 -22 -19 18 -15 -7 -27 -50 -9 0 18 1 -5 26
-5 18 6 3 -14 -8 42 -34 15 -26 2 20 33 30 -4 -2 13 -16 -6 11 1 -44 -9 30 15 14 13 -40 -16 -3 4 -47 -24 5 -40 -28 -3 -31 4 -1 59 -29 32 -16 -10 -11 13 7 -33 -25 46 -22 -19 18 -15 -7 -27 -50 -9 0 18 1 -5 26
-5 18 6 3 -14 -8 42 -34 15 -26 2 20 33 30 -4 -2 13 -16 -6 11 1 -44 -9 30 15 14 13 -40 -16 -3 4 -47 -24 5 -40 -28 -3 -31 4 -1 59 -29 32 -16 -10 -11 13 7 -33 -25 46 -22 -19 18 -15 -7 -27 -50 -9 0 18 1 -5 26
-5 18 6 3 -14 -8 42 -34 15 -26 2 20 33 30 -4 -2 13 -16 -6 11 1 -44 -9 30 15 14 13 -40 -16 -3 4 -47 -24 5 -40 -28 -3 -31 4 -1 59 -29 32 -16 -10 -11 13 7 -33 -25 46 -22 -19 18 -15 -7 -27 -50 -9 0 18 1 -5 26
-5 18 6 3 -14 -8 42 -34 15 -26 2 20 33 30 -4 -2 13 -16 -6 11 1 -44 -9 30 15 14 13 -40 -16 -3 4 -47 -24 5 -40 -28 -3 -31 4 -1 59 -29 32 -16 -10 -11 13 7 -33 -25 46 -22 -19 18 -15 -7 -27 -50 -9 0 18 1 -5 26
-5 18 6 3 -14 -8 42 -34 15 -26 2 20 33 30 -4 -2 13 -16 -6 11 1 -44 -9 30 15 14 13 -40 -16 -3 4 -47 -24 5 -40 -28 -3 -31 4 -1 59 -29 32 -16 -10 -11 13 7 -33 -25 46 -22 -19 18 -15 -7 -27 -50 -9 0 18 1 -5 26
-5 18 6 3 -14 -8 42 -34 15 -26 2 20 33 30 -4 -2 13 -16 -6 11 1 -44 -9 30 15 14 13 -40 -16 -3 4 -47 -24 5 -40 -28 -3 -31 4 -1 59 -29 32 -16 -10 -11 13 7 -33 -25 46 -22 -19 18 -15 -7 -27 -50 -9 0 18 1 -5 26
-5 18 6 3 -14 -8 42 -34 15 -26 2 20 33 30 -4 -2 13 -16 -6 11 1 -44 -9 30 15 14 13 -40 -16 -3 4 -47 -24 5 -40 -28 -3 -31 4 -1 59 -29 32 -16 -10 -11 13 7 -33 -25 46 -22 -19 18 -15 -7 -27 -50 -9 0 18 1 -5 26
-5 18 6 3 -14 -8 42 -34 15 -26 2 20 33 30 -4 -2 13 -16 -6 11 1 -44 -9 30 15 14 13 -40 -16 -3 4 -47 -24 5 -40 -28 -3 -31 4 -1 59 -29 32 -16 -10 -11 13 7 -33 -25 46 -22 -19 18 -15 -7 -27 -50 -9 0 18 1 -5 26
-5 18 6 3 -14 -8 42 -34 15 -26 2 20 33 30 -4 -2 13 -16 -6 11 1 -44 -9 30 15 14 13 -40 -16 -3 4 -47 -24 5 -40 -28 -3 -31 4 -1 59 -29 32 -16 -10 -11 13 7 -33 -25 46 -22 -19 18 -15 -7 -27 -50 -9 0 18 1 -5 26
-5 18 6 3 -14 -8 42 -34 15 -26 2 20 33 30 -4 -2 13 -16 -6 11 1 -44 -9 30 15 14 13 -40 -16 -3 4 -47 -24 5 -40 -28 -3 -31 4 -1 59 -29 32 -16 -10 -11 13 7 -33 -25 46 -22 -19 18 -15 -7 -27 -50 -9 0 18 1 -5 26
-5 18 6 3 -14 -8 42 -34 15 -26 2 20 33 30 -4 -2 13 -16 -6 11 1 -44 -9 30 15 14 13 -40 -16 -3 4 -47 -24 5 -40 -28 -3 -31 4 -1 59 -29 32 -16 -10 -11 13 7 -33 -25 46 -22 -19 18 -15 -7 -27 -50 -9 0 18 1 -5 26
-5 18 6 3 -14 -8 42 -34 15 -26 2 20 33 30 -4 -2 13 -16 -6 11 1 -44 -9 30 15 14 13 -40 -16 -3 4 -47 -24 5 -40 -28 -3 -31 4 -1 59 -29 32 -16 -10 -11 13 7 -33 -25 46 -22 -19 18 -15 -7 -27 -50 -9 0 18 1 -5 26
-5 18 6 3 -14 -8 42 -34 15 -26 2 20 33 30 -4 -2 13 -16 -6 11 1 -44 -9 30 15 14 13 -40 -16 -3 4 -47 -24 5 -40 -28 -3 -31 4 -1 59 -29 32 -16 -10 -11 13 7 -33 -25 46 -22 -19 18 -15 -7 -27 -50 -9 0 18 1 -5 26
-5 18 6 3 -14 -8 42 -34 15 -26 2 20 33 30 -4 -2 13 -16 -6 11 1 -44 -9 30 15 14 13 -40 -16 -3 4 -47 -24 5 -40 -28 -3 -31 4 -1 59 -29 32 -16 -10 -11 13 7 -33 -25 46 -22 -19 18 -15 -7 -27 -50 -9 0 18 1 -5 26
-5 18 6 3 -14 -8 42 -34 15 -26 2 20 33 30 -4 -2 13 -16 -6 11 1 -44 -9 30 15 14 13 -40 -16 -3 4 -47 -24 5 -40 -28 -3 -31 4 -1 59 -29 32 -16 -10 -11 13 7 -33 -25 46 -22 -19 18 -15 -7 -27 -50 -9 0 18 1 -5 26
-5 18 6 3 -14 -8 42 -34 15 -26 2 20 33 30 -4 -2 13 -16 -6 11 1 -44 -9 30 15 14 13 -40 -16 -3 4 -47 -24 5 -40 -28 -3 -31 4 -1 59 -29 32 -16 -10 -11 13 7 -33 -25 46 -22 -19 18 -15 -7 -27 -50 -9 0 18 1 -5 26
-5 18 6 3 -14 -8 42 -34 15 -26 2 20 33 30 -4 -2 13 -16 -6 11 1 -44 -9 30 15 14 13 -40 -16 -3 4 -47 -24 5 -40 -28 -3 -31 4 -1 59 -29 32 -16 -10 -11 13 7 -33 -25 46 -22 -19 18 -15 -7 -27 -50 -9 0 18 1 -5 26
-5 18 6 3 -14 -8 42 -34 15 -26 2 20 33 30 -4 -2 13 -16 -6 11 1 -44 -9 30 15 14 13 -40 -16 -3 4 -47 -24 5 -40 -28 -3 -31 4 -1 59 -29 32 -16 -10 -11 13 7 -33 -25 46 -22 -19 18 -15 -7 -27 -50 -9 0 18 1 -5 26
-5 18 6 3 -14 -8 42 -34 15 -26 2 20 33 30 -4 -2 13 -16 -6 11 1 -44 -9 30 15 14 13 -40 -16 -3 4 -47 -24 5 -40 -28 -3 -31 4 -1 59 -29 32 -16 -10 -11 13 7 -33 -25 46 -22 -19 18 -15 -7 -27 -50 -9 0 18 1 -5 26
-5 18 6 3 -14 -8 42 -34 15 -26 2 20 33 30 -4 -2 13 -16 -6 11 1 -44 -9 30 15 14 13 -40 -16 -3 4 -47 -24 5 -40 -28 -3 -31 4 -1 59 -29 32 -16 -10 -11 13 7 -33 -25 46 -22 -19 18 -15 -7 -27 -50 -9 0 18 1 -5 26
-5 18 6 3 -14 -8 42 -34 15 -26 2 20 33 30 -4 -2 13 -16 -6 11 1 -44 -9 30 15 14 13 -40 -16 -3 4 -47 -24 5 -40 -28 -3 -31 4 -1 59 -29 32 -16 -10 -11 13 7 -33 -25 46 -22 -19 18 -15 -7 -27 -50 -9 0 18 1 -5 26
-5 18 6 3 -14 -8 42 -34 15 -26 2 20 33 30 -4 -2 13 -16 -6 11 1 -44 -9 30 15 14 13 -40 -16 -3 4 -47 -24 5 -40 -28 -3 -31 4 -1 59 -29 32 -16 -10 -11 13 7 -33 -25 46 -22 -19 18 -15 -7 -27 -50 -9 0 18 1 -5 26
-5 18 6 3 -14 -8 42 -34 15 -26 2 20 33 30 -4 -2 13 -16 -6 11 1 -44 -9 30 15 14 13 -40 -16 -3 4 -47 -24 5 -40 -28 -3 -31 4 -1 59 -29 32 -16 -10 -11 13 7 -33 -25 46 -22 -19 18 -15 -7 -27 -50 -9 0 18 1 -5 26
-5 18 6 3 -14 -8 42 -34 15 -26 2 20 33 30 -4 -2 13 -16 -6 11 1 -44 -9 30 15 14 13 -40 -16 -3 4 -47 -24 5 -40 -28 -3 -31 4 -1 59 -29 32 -16 -10 -11 13 7 -33 -25 46 -22 -19 18 -15 -7 -27 -50 -9 0 18 1 -5 26
-5 18 6 3 -14 -8 42 -34 15 -26 2 20 33 30 -4 -2 13 -16 -6 11 1 -44 -9 30 15 14 13 -40 -16 -3 4 -47 -24 5 -40 -28 -3 -31 4 -1 59 -29 32 -16 -10 -11 13 7 -33 -25 46 -22 -19 18 -15 -7 -27 -50 -9 0 18 1 -5 26
-5 18 6 3 -14 -8 42 -34 15 -26 2 20 33 30 -4 -2 13 -16 -6 11 1 -44 -9 30 15 14 13 -40 -16 -3 4 -47 -24 5 -40 -28 -3 -31 4 -1 59 -29 32 -16 -10 -11 13 7 -33 -25 46 -22 -19 18 -15 -7 -27 -50 -9 0 18 1 -5 26
-5 18 6 3 -14 -8 42 -34 15 -26 2 20 33 30 -4 -2 13 -16 -6 11 1 -44 -9 30 15 14 13 -40 -16 -3 4 -47 -24 5 -40 -28 -3 -31 4 -1 59 -29 32 -16 -10 -11 13 7 -33 -25 46 -22 -19 18 -15 -7 -27 -50 -9 0 18 1 -5 26
-5 18 6 3 -14 -8 42 -34 15 -26 2 20 33 30 -4 -2 13 -16 -6 11 1 -44 -9 30 15 14 13 -40 -16 -3 4 -47 -24 5 -40 -28 -3 -31 4 -1 59 -29 32 -16 -10 -11 13 7 -33 -25 46 -22 -19 18 -15 -7 -27 -50 -9 0 18 1 -5 26
-5 18 6 3 -14 -8 42 -34 15 -26 2 20 33 30 -4 -2 13 -16 -6 11 1 -44 -9 30 15 14 13 -40 -16 -3 4 -47 -24 5 -40 -28 -3 -31 4 -1 59 -29 32 -16 -10 -11 13 7 -33 -25 46 -22 -19 18 -15 -7 -27 -50 -9 0 18 1 -5 26
-5 18 6 3 -14 -8 42 -34 15 -26 2 20 33 30 -4 -2 13 -16 -6 11 1 -44 -9 30 15 14 13 -40 -16 -3 4 -47 -24 5 -40 -28 -3 -31 4 -1 59 -29 32 -16 -10 -11 13 7 -33 -25 46 -22 -19 18 -15 -7 -27 -50 -9 0 18 1 -5 26
-5 18 6 3 -14 -8 42 -34 15 -26 2 20 33 30 -4 -2 13 -16 -6 11 1 -44 -9 30 15 14 13 -40 -16 -3 4 -47 -24 5 -40 -28 -3 -31 4 -1 59 -29 32 -16 -10 -11 13 7 -33 -25 46 -22 -19 18 -15 -7 -27 -50 -9 0 18 1 -5 26
-5 18 6 3 -14 -8 42 -34 15 -26 2 20 33 30 -4 -2 13 -16 -6 11 1 -44 -9 30 15 14 13 -40 -16 -3 4 -47 -24 5 -40 -28 -3 -31 4 -1 59 -29 32 -16 -10 -11 13 7 -33 -25 46 -22 -19 18 -15 -7 -27 -50 -9 0 18 1 -5 26
-5 18 6 3 -14 -8 42 -34 15 -26 2 20 33 30 -4 -2 13 -16 -6 11 1 -44 -9 30 15 14 13 -40 -16 -3 4 -47 -24 5 -40 -28 -3 -31 4 -1 59 -29 32 -16 -10 -11 13 7 -33 -25 46 -22 -19 18 -15 -7 -27 -50 -9 0 18 1 -5 26
-5 18 6 3 -14 -8 42 -34 15 -26 2 20 33 30 -4 -2 13 -16 -6 11 1 -44 -9 30 15 14 13 -40 -16 -3 4 -47 -24 5 -40 -28 -3 -31 4 -1 59 -29 32 -16 -10 -11 13 7 -33 -25 46 -22 -19 18 -15 -7 -27 -50 -9 0 18 1 -5 26
-5 18 6 3 -14 -8 42 -34 15 -26 2 20 33 30 -4 -2 13 -16 -6 11 1 -44 -9 30 15 14 13 -40 -16 -3 4 -47 -24 5 -40 -28 -3 -31 4 -1 59 -29 32 -16 -10 -11 13 7 -33 -25 46 -22 -19 18 -15 -7 -27 -50 -9 0 18 1 -5 26
-5 18 6 3 -14 -8 42 -34 15 -26 2 20 33 30 -4 -2 13 -16 -6 11 1 -44 -9 30 15 14 13 -40 -16 -3 4 -47 -24 5 -40 -28 -3 -31 4 -1 59 -29 32 -16 -10 -11 13 7 -33 -25 46 -22 -19 18 -15 -7 -27 -50 -9 0 18 1 -5 26
-5 18 6 3 -14 -8 42 -34 15 -26 2 20 33 30 -4 -2 13 -16 -6 11 1 -44 -9 30 15 14 13 -40 -16 -3 4 -47 -24 5 -40 -28 -3 -31 4 -1 59 -29 32 -16 -10 -11 13 7 -33 -25 46 -22 -19 18 -15 -7 -27 -50 -9 0 18 1 -5 26
-5 18 6 3 -14 -8 42 -34 15 -26 2 20 33 30 -4 -2 13 -16 -6 11 1 -44 -9 30 15 14 13 -40 -16 -3 4 -47 -24 5 -40 -28 -3 -31 4 -1 59 -29 32 -16 -10 -11 13 7 -33 -25 46 -22 -19 18 -15 -7 -27 -50 -9 0 18 1 -5 26
-5 18 6 3 -14 -8 42 -34 15 -26 2 20 33 30 -4 -2 13 -16 -6 11 1 -44 -9 30 15 14 13 -40 -16 -3 4 -47 -24 5 -40 -28 -3 -31 4 -1 59 -29 32 -16 -10 -11 13 7 -33 -25 46 -22 -19 18 -15 -7 -27 -50 -9 0 18 1 -5 26
-5 18 6 3 -14 -8 42 -34 15 -26 2 20 33 30 -4 -2 13 -16 -6 11 1 -44 -9 30 15 14 13 -40 -16 -3 4 -47 -24 5 -40 -28 -3 -31 4 -1 59 -29 32 -16 -10 -11 13 7 -33 -25 46 -22 -19 18 -15 -7 -27 -50 -9 0 18 1 -5 26
-5 18 6 3 -14 -8 42 -34 15 -26 2 20 33 30 -4 -2 13 -16 -6 11 1 -44 -9 30 15 14 13 -40 -16 -3 4 -47 -24 5 -40 -28 -3 -31 4 -1 59 -29 32 -16 -10 -11 13 7 -33 -25 46 -22 -19 18 -15 -7 -27 -50 -9 0 18 1 -5 26
-5 18 6 3 -14 -8 42 -34 15 -26 2 20 33 30 -4 -2 13 -16 -6 11 1 -44 -9 30 15 14 13 -40 -16 -3 4 -47 -24 5 -40 -28 -3 -31 4 -1 59 -29 32 -16 -10 -11 13 7 -33 -25 46 -22 -19 18 -15 -7 -27 -50 -9 0 18 1 -5 26
-5 18 6 3 -14 -8 42 -34 15 -26 2 20 33 30 -4 -2 13 -16 -6 11 1 -44 -9 30 15 14 13 -40 -16 -3 4 -47 -24 5 -40 -28 -3 -31 4 -1 59 -29 32 -16 -10 -11 13 7 -33 -25 46 -22 -19 18 -15 -7 -27 -50 -9 0 18 1 -5 26
-5 18 6 3 -14 -8 42 -34 15 -26 2 20 33 30 -4 -2 13 -16 -6 11 1 -44 -9 30 15 14 13 -40 -16 -3 4 -47 -24 5 -40 -28 -3 -31 4 -1 59 -29 32 -16 -10 -11 13 7 -33 -25 46 -22 -19 18 -15 -7 -27 -50 -9 0 18 1 -5 26
-5 18 6 3 -14 -8 42 -34 15 -26 2 20 33 30 -4 -2 13 -16 -6 11 1 -44 -9 30 15 14 13 -40 -16 -3 4 -47 -24 5 -40 -28 -3 -31 4 -1 59 -29 32 -16 -10 -11 13 7 -33 -25 46 -22 -19 18 -15 -7 -27 -50 -9 0 18 1 -5 26
-5 18 6 3 -14 -8 42 -34 15 -26 2 20 33 30 -4 -2 13 -16 -6 11 1 -44 -9 30 15 14 13 -40 -16 -3 4 -47 -24 5 -40 -28 -3 -31 4 -1 59 -29 32 -16 -10 -11 13 7 -33 -25 46 -22 -19 18 -15 -7 -27 -50 -9 0 18 1 -5 26
