0 7 -2 -8 1 -4 -8 9 6 1 1 13 6 1 7 1 0 0 -1 7 2 0 -1 0 7 -11 -3 17 1 -7 0 10 -3 -6 4 4 0 -1 -4 -7 -1 4 -7 7 5 5 -1 8 -4 -26 -2 12 -7 -1 12 -2 -8 -11 0 -3 0 4 -4 -2
-22 20 10 -9 3 -17 3 13 1 -4 -4 7 -2 13 7 9 1 -13 0 -2 -4 1 12 -3 11 -19 -2 10 9 3 11 0 12 6 -10 1 -1 2 0 -8 6 0 -5 10 8 -5 0 10 1 -19 -8 1 2 2 6 6 2 -7 -4 3 -11 -5 14 2
-14 11 10 -7 -3 -5 6 3 7 3 -8 5 8 14 16 5 8 -10 -9 9 10 5 15 -2 14 -26 -7 14 13 9 10 -2 9 3 -18 8 3 0 4 -6 1 -7 -4 7 7 -5 4 5 -6 -17 -5 6 -2 3 11 10 -2 -6 -3 4 -1 -4 2 -1
-18 9 6 -6 -2 -8 11 4 5 3 -2 5 0 10 14 6 5 -7 -2 6 0 1 13 6 16 -23 -12 20 10 6 5 -5 -1 6 -14 5 -2 -1 1 -3 8 -1 -2 7 13 -8 3 4 -8 -17 -10 5 -6 -1 9 1 -3 3 -2 3 -6 -7 3 -7
-14 8 6 -7 1 -5 6 2 4 1 -1 3 -6 6 18 8 3 -10 -1 14 3 8 2 4 13 -19 -6 21 11 4 6 -5 -11 10 -4 9 8 4 8 0 11 1 -2 6 13 -11 6 -1 -11 -23 -7 8 -5 -2 7 5 -2 5 -4 -3 -5 2 -6 -3
-14 8 11 0 6 -11 10 -4 9 2 -3 0 0 8 7 8 15 -6 1 13 8 6 7 4 9 -14 -11 15 4 -1 11 -4 -2 7 -3 8 0 -3 6 -2 4 4 -4 11 9 -9 1 -2 -9 -29 -2 -3 -11 -1 5 3 -6 9 -4 5 -6 -3 -3 -2
-11 2 3 -5 0 -13 3 0 9 8 2 -3 -8 11 12 6 7 -15 0 8 13 6 8 -1 9 -13 -3 22 8 4 3 -8 0 0 -8 11 2 -3 3 -6 9 -3 0 8 1 -4 9 -1 -1 -23 -7 7 -12 5 11 6 -9 -9 -6 6 -1 -1 -10 -3
-16 12 4 -2 -2 -10 10 -3 11 5 -4 3 -1 12 10 9 7 -9 -3 4 2 3 10 9 15 -22 -8 19 7 2 11 1 1 9 -11 11 -1 -1 2 -4 6 1 -3 11 11 -2 -3 4 -10 -23 -11 2 -8 -4 9 2 -8 0 -5 4 -6 -4 0 -2
-14 10 6 -4 -3 -6 -1 0 1 14 -6 -3 0 8 5 6 2 -5 -9 14 -2 9 6 6 13 -22 -10 19 6 14 2 0 8 1 -12 7 0 1 4 -10 5 -7 -3 15 11 -7 5 3 -14 -24 -5 5 -12 -2 8 -2 -3 -2 -7 -1 -7 -7 -2 -4
-5 -6 -7 -1 2 -18 -5 2 15 6 -2 10 4 7 1 -1 5 -3 -4 10 -3 13 3 -1 2 -11 -15 20 6 3 11 6 0 -5 -4 -7 10 4 5 -17 3 -9 6 0 10 5 3 -1 -1 -19 2 5 -7 -6 0 2 3 1 -11 -6 4 -10 6 2
-17 15 6 -6 4 -2 2 4 -2 10 -6 5 2 11 8 5 1 -6 -8 10 5 6 4 -3 9 -21 -9 17 8 8 1 -2 5 2 -9 9 -3 -2 1 -9 10 -4 -3 12 12 -12 1 -1 -18 -25 -6 -1 -9 -4 11 0 0 -5 3 1 -6 -7 -3 0
-21 15 1 -3 -2 -4 10 4 6 5 -3 -2 6 18 11 10 4 -10 -5 8 2 6 7 -1 11 -17 -14 15 4 3 1 5 6 3 -13 6 2 2 3 -7 3 -5 -6 13 13 -5 1 -2 -7 -24 -5 0 -10 1 4 7 -6 1 -5 0 -1 -8 -8 -1
-19 12 12 -1 6 -6 2 0 8 1 -5 4 -1 10 11 8 5 -12 -7 10 6 0 7 -3 19 -21 -11 15 10 3 0 -1 6 2 -9 6 2 1 5 -5 8 1 1 3 12 -10 1 -1 -9 -26 -8 -5 -7 0 9 3 -1 2 -8 9 0 -6 3 -2
-16 2 6 -3 1 -10 8 0 7 10 0 3 3 15 5 10 9 -16 -3 16 3 2 7 -3 15 -19 -8 19 4 2 9 -9 0 2 -7 9 4 -3 0 -4 3 -5 1 10 13 -6 -4 -2 -6 -30 -9 0 -6 0 1 8 -7 3 -8 2 -4 -3 0 4
-7 0 -5 0 -4 -11 9 7 8 5 -3 4 8 11 12 2 8 -11 0 12 -4 6 1 6 11 -12 -15 15 11 12 15 -1 5 3 -6 0 3 -5 12 -10 0 -11 4 5 14 -3 5 1 -5 -22 -4 10 -2 -1 -1 1 1 -4 -12 -1 0 -6 2 -2
-15 8 10 -5 -2 -2 4 2 0 12 -1 5 4 12 7 4 5 -12 -8 8 2 -1 7 4 12 -24 -11 21 14 6 2 -4 6 5 -13 4 1 2 0 -2 6 0 1 10 16 -5 3 4 -6 -21 -5 0 -7 0 11 4 -7 1 -6 4 -10 -3 0 -3
-15 16 7 -7 2 -9 5 1 0 5 -3 3 -8 14 7 6 7 -2 -3 9 2 4 9 10 11 -20 -9 19 15 6 5 -5 -5 8 -1 8 2 3 -1 5 13 1 0 7 14 -1 -3 -7 -5 -28 -12 1 -8 4 9 7 -10 -1 -4 6 -8 -3 -1 1
-14 10 7 -4 4 -5 4 4 3 0 -5 3 3 13 9 3 5 -9 -5 11 2 1 3 1 11 -14 -9 14 10 2 7 -2 4 9 -9 9 -4 -4 6 -1 8 -2 3 7 10 -7 2 -5 -5 -24 -7 0 -12 -2 8 3 -2 0 -3 4 -3 -2 0 -4
-16 8 4 0 4 -11 13 1 3 5 1 1 0 13 4 13 4 -9 -7 8 4 3 9 5 11 -15 -7 18 9 -2 6 -2 -1 5 -7 12 -3 -5 0 0 9 -8 -1 7 11 -5 2 -3 -8 -27 -15 0 -7 -2 8 11 -5 5 -8 2 -6 -4 0 2
-13 17 4 -1 5 -6 7 2 -3 0 -4 -2 2 8 4 9 2 -6 -5 10 4 -2 3 6 8 -15 -7 18 10 2 14 2 0 5 -12 13 -1 0 0 1 6 -9 7 13 9 0 -3 -5 -8 -28 -10 -3 -3 -5 7 5 -8 3 1 -2 -3 3 -6 -5
-17 17 4 -4 4 -5 11 0 3 6 0 5 2 10 12 1 6 -7 -5 8 1 3 4 0 13 -18 -7 20 9 -4 11 -3 1 5 -13 14 0 -7 0 -5 2 -1 4 10 8 -5 0 -7 -6 -24 -4 -2 -6 -1 7 8 -7 4 -10 -3 2 0 -3 -5
-13 -1 5 9 3 -7 10 11 -5 2 -5 8 13 6 9 -7 10 -13 -11 10 -2 10 15 0 12 -19 -6 23 6 13 13 5 6 0 -14 3 3 2 0 -8 -6 -10 10 -1 6 3 12 -8 -1 -25 -12 8 -12 6 8 4 -3 -3 -4 -6 2 -15 -2 -3
-5 2 2 4 4 -2 0 0 -4 3 0 6 3 3 2 0 -2 -1 -5 1 0 6 3 0 3 -6 2 4 -2 4 2 2 0 5 1 3 -1 0 -3 -1 2 -3 -2 0 7 -1 2 3 1 -17 -7 -1 -1 0 1 -1 -1 3 -3 -1 2 -2 1 5
-9 2 18 -7 11 -6 9 5 0 10 2 16 14 11 9 12 1 -11 -1 16 -3 4 11 4 13 -23 -10 21 6 12 10 -4 5 12 -6 -4 -7 -1 1 -18 4 7 1 5 29 -3 -1 1 -8 -26 -3 -4 -17 7 3 1 0 -4 -6 -12 -6 4 0 -1
-10 1 13 5 13 -9 11 3 0 1 2 19 11 12 4 9 -2 -18 2 13 3 2 15 6 14 -23 -13 22 -4 16 13 -3 5 10 0 0 1 -4 -3 -24 5 -2 -3 21 30 -2 6 1 2 -15 -11 5 -9 8 3 6 -1 -5 -8 -9 -8 -6 2 1
-20 12 16 -4 6 -11 5 0 9 8 -5 8 10 11 15 11 4 -14 0 6 3 7 11 4 20 -23 -13 21 5 14 6 -7 3 -2 -11 3 -4 -3 6 -9 8 1 8 16 22 -6 4 8 -7 -19 -11 2 -12 1 7 -1 -3 -2 -4 2 -13 0 4 -4
-20 4 10 -4 8 -4 14 10 7 -2 0 4 -7 7 16 8 8 -11 -3 16 5 10 8 3 18 -13 -6 25 8 5 7 -2 -11 13 -6 15 4 1 6 -7 16 -2 -4 5 9 -15 1 -1 3 -27 -2 2 -5 -2 6 4 0 0 -1 -3 -6 3 -7 -1
-23 4 10 0 6 -14 18 1 9 6 -7 11 -2 1 5 4 6 -12 -3 13 5 7 7 2 15 -6 -8 18 7 -4 13 0 -2 10 -7 14 2 -3 10 -7 6 -3 -4 12 6 -5 0 3 -3 -27 -10 -2 -5 1 8 0 -6 -2 -5 1 -2 -1 -8 -4
-17 3 6 2 0 -8 13 2 11 5 0 0 -9 15 14 4 3 -11 -3 13 8 3 9 3 13 -8 -10 24 2 2 7 0 -3 9 -11 11 2 -7 5 -13 12 -3 0 10 6 -5 2 -2 -5 -23 -4 1 -11 6 7 6 -5 -6 -8 -1 1 -8 -8 -2
-16 5 4 0 3 -10 14 0 5 8 -3 9 6 13 10 13 4 -9 -8 6 9 5 12 8 16 -13 -6 21 5 1 10 1 -2 7 -9 8 -1 -9 2 -7 10 -6 -2 11 12 -8 -2 1 -9 -27 -7 1 -10 -1 9 5 -7 -6 -8 0 -7 -6 -4 -3
-18 10 11 0 7 -3 3 6 -2 11 -7 5 9 10 10 2 3 -14 -10 11 2 3 7 5 16 -17 -13 23 1 8 7 2 1 8 -7 4 -2 -3 4 -5 5 -7 5 19 10 -8 0 3 -7 -29 -10 -2 -12 1 13 2 -7 0 0 4 -7 -6 -3 -4
-18 10 8 -9 9 -5 5 0 2 11 -3 10 5 7 11 5 0 -9 -5 10 3 7 11 -2 19 -16 -14 20 0 9 6 3 -1 0 -12 5 -3 -1 2 -5 9 2 0 12 14 -4 -1 2 -13 -27 -7 -3 -16 0 9 7 -8 -4 9 -5 -11 -5 -6 -3
-20 7 8 -5 8 -5 10 5 6 13 -2 2 8 14 7 4 4 -11 -6 10 4 8 13 3 14 -18 -14 30 2 6 4 2 -2 11 -13 2 -2 -6 3 -7 6 -4 3 12 16 -10 -1 -3 -9 -25 -12 4 -14 -3 14 6 -10 3 4 -5 -4 -11 -8 -5
-21 8 9 -9 0 -12 10 0 6 12 -3 6 3 8 9 7 5 -8 -5 12 2 7 9 0 17 -16 -14 20 2 -1 7 -8 -3 -4 -9 7 -4 0 9 -6 9 1 4 14 16 -10 -3 3 -6 -26 -7 3 -12 0 7 6 -4 1 -2 2 -10 -4 0 -6
-21 11 8 -8 5 -8 9 2 -4 6 0 8 -1 14 9 7 5 1 -7 11 8 3 12 4 13 -12 -7 32 9 7 12 -5 -12 4 -7 7 -4 -3 6 -2 10 -6 2 15 16 -3 -2 -2 -5 -26 -16 -4 -13 0 9 6 -9 -2 -6 -1 -5 -1 -1 -1
-16 11 15 -4 6 -7 11 0 -2 5 -4 10 4 6 4 6 8 -11 -7 7 9 -1 10 3 14 -14 -11 26 4 5 10 -1 -1 7 -8 3 -2 -4 9 -4 4 -6 6 9 12 -8 -4 1 -3 -25 -7 -4 -12 -5 12 -1 -7 -2 -9 10 -8 -6 -5 -5
-23 7 9 -3 0 -13 11 4 5 9 -6 8 4 10 8 9 5 -8 -6 9 6 7 14 6 10 -17 -6 20 11 -4 8 -4 -4 1 -10 7 -5 -4 3 -5 9 -9 -7 15 15 -5 -3 1 -8 -26 -10 2 -8 -3 12 5 -9 1 -6 4 -9 -6 -6 2
-19 12 7 -7 7 -7 12 -4 3 4 -4 4 4 5 7 8 0 -15 0 9 5 0 15 7 13 -13 -10 27 12 3 10 -7 -3 2 -8 15 -2 3 5 -11 5 -9 4 14 10 2 0 0 -2 -30 -3 -3 -3 1 10 5 -7 -1 -1 -5 -6 -3 -6 -3
-21 17 8 2 3 -9 15 -1 1 9 -5 0 8 10 7 4 9 -5 -3 9 7 6 7 6 14 -15 -13 27 3 -2 11 0 -6 7 -11 14 -4 -6 8 -7 7 -4 1 12 13 -10 3 -4 -5 -28 -11 -1 -15 -2 14 6 -9 1 -5 -5 -1 -7 -4 -8
-12 0 9 10 6 -8 5 11 -4 7 -8 14 19 6 5 -2 6 -6 -7 5 -3 12 13 1 11 -15 -10 26 6 15 12 3 2 -4 -15 4 5 2 4 -10 3 -6 15 6 19 0 10 -1 -6 -20 -19 -1 -14 1 12 2 -5 -1 -1 -4 -4 -22 -5 -4
-5 3 3 2 1 -1 1 0 -4 4 0 4 2 2 1 -1 -1 -2 -4 1 -2 5 2 -2 3 -2 -1 4 -2 2 1 1 0 3 2 3 -3 -1 -3 2 1 -2 -2 1 7 -3 2 2 1 -13 -8 0 0 1 3 -1 0 2 -2 0 1 -2 0 5
-1 8 -4 -3 -17 -10 10 2 2 -2 4 -8 12 10 8 7 -1 -15 3 4 -4 2 20 6 15 -18 -7 16 -5 1 14 -9 2 0 -4 4 -4 9 5 -11 -2 -5 4 16 15 -11 1 0 -7 -20 -1 3 0 -2 -2 6 -17 6 -5 8 -14 -8 6 3
-1 8 -4 -3 -17 -10 10 2 2 -2 4 -8 12 10 8 7 -1 -15 3 4 -4 2 20 6 15 -18 -7 16 -5 1 14 -9 2 0 -4 4 -4 9 5 -11 -2 -5 4 16 15 -11 1 0 -7 -20 -1 3 0 -2 -2 6 -17 6 -5 8 -14 -8 6 3
-1 8 -4 -3 -17 -10 10 2 2 -2 4 -8 12 10 8 7 -1 -15 3 4 -4 2 20 6 15 -18 -7 16 -5 1 14 -9 2 0 -4 4 -4 9 5 -11 -2 -5 4 16 15 -11 1 0 -7 -20 -1 3 0 -2 -2 6 -17 6 -5 8 -14 -8 6 3
-1 8 -4 -3 -17 -10 10 2 2 -2 4 -8 12 10 8 7 -1 -15 3 4 -4 2 20 6 15 -18 -7 16 -5 1 14 -9 2 0 -4 4 -4 9 5 -11 -2 -5 4 16 15 -11 1 0 -7 -20 -1 3 0 -2 -2 6 -17 6 -5 8 -14 -8 6 3
-1 8 -4 -3 -17 -10 10 2 2 -2 4 -8 12 10 8 7 -1 -15 3 4 -4 2 20 6 15 -18 -7 16 -5 1 14 -9 2 0 -4 4 -4 9 5 -11 -2 -5 4 16 15 -11 1 0 -7 -20 -1 3 0 -2 -2 6 -17 6 -5 8 -14 -8 6 3
-1 8 -4 -3 -17 -10 10 2 2 -2 4 -8 12 10 8 7 -1 -15 3 4 -4 2 20 6 15 -18 -7 16 -5 1 14 -9 2 0 -4 4 -4 9 5 -11 -2 -5 4 16 15 -11 1 0 -7 -20 -1 3 0 -2 -2 6 -17 6 -5 8 -14 -8 6 3
-1 8 -4 -3 -17 -10 10 2 2 -2 4 -8 12 10 8 7 -1 -15 3 4 -4 2 20 6 15 -18 -7 16 -5 1 14 -9 2 0 -4 4 -4 9 5 -11 -2 -5 4 16 15 -11 1 0 -7 -20 -1 3 0 -2 -2 6 -17 6 -5 8 -14 -8 6 3
-1 8 -4 -3 -17 -10 10 2 2 -2 4 -8 12 10 8 7 -1 -15 3 4 -4 2 20 6 15 -18 -7 16 -5 1 14 -9 2 0 -4 4 -4 9 5 -11 -2 -5 4 16 15 -11 1 0 -7 -20 -1 3 0 -2 -2 6 -17 6 -5 8 -14 -8 6 3
-1 8 -4 -3 -17 -10 10 2 2 -2 4 -8 12 10 8 7 -1 -15 3 4 -4 2 20 6 15 -18 -7 16 -5 1 14 -9 2 0 -4 4 -4 9 5 -11 -2 -5 4 16 15 -11 1 0 -7 -20 -1 3 0 -2 -2 6 -17 6 -5 8 -14 -8 6 3
-1 8 -4 -3 -17 -10 10 2 2 -2 4 -8 12 10 8 7 -1 -15 3 4 -4 2 20 6 15 -18 -7 16 -5 1 14 -9 2 0 -4 4 -4 9 5 -11 -2 -5 4 16 15 -11 1 0 -7 -20 -1 3 0 -2 -2 6 -17 6 -5 8 -14 -8 6 3
-1 8 -4 -3 -17 -10 10 2 2 -2 4 -8 12 10 8 7 -1 -15 3 4 -4 2 20 6 15 -18 -7 16 -5 1 14 -9 2 0 -4 4 -4 9 5 -11 -2 -5 4 16 15 -11 1 0 -7 -20 -1 3 0 -2 -2 6 -17 6 -5 8 -14 -8 6 3
-1 8 -4 -3 -17 -10 10 2 2 -2 4 -8 12 10 8 7 -1 -15 3 4 -4 2 20 6 15 -18 -7 16 -5 1 14 -9 2 0 -4 4 -4 9 5 -11 -2 -5 4 16 15 -11 1 0 -7 -20 -1 3 0 -2 -2 6 -17 6 -5 8 -14 -8 6 3
-1 8 -4 -3 -17 -10 10 2 2 -2 4 -8 12 10 8 7 -1 -15 3 4 -4 2 20 6 15 -18 -7 16 -5 1 14 -9 2 0 -4 4 -4 9 5 -11 -2 -5 4 16 15 -11 1 0 -7 -20 -1 3 0 -2 -2 6 -17 6 -5 8 -14 -8 6 3
-1 8 -4 -3 -17 -10 10 2 2 -2 4 -8 12 10 8 7 -1 -15 3 4 -4 2 20 6 15 -18 -7 16 -5 1 14 -9 2 0 -4 4 -4 9 5 -11 -2 -5 4 16 15 -11 1 0 -7 -20 -1 3 0 -2 -2 6 -17 6 -5 8 -14 -8 6 3
-1 8 -4 -3 -17 -10 10 2 2 -2 4 -8 12 10 8 7 -1 -15 3 4 -4 2 20 6 15 -18 -7 16 -5 1 14 -9 2 0 -4 4 -4 9 5 -11 -2 -5 4 16 15 -11 1 0 -7 -20 -1 3 0 -2 -2 6 -17 6 -5 8 -14 -8 6 3
-1 8 -4 -3 -17 -10 10 2 2 -2 4 -8 12 10 8 7 -1 -15 3 4 -4 2 20 6 15 -18 -7 16 -5 1 14 -9 2 0 -4 4 -4 9 5 -11 -2 -5 4 16 15 -11 1 0 -7 -20 -1 3 0 -2 -2 6 -17 6 -5 8 -14 -8 6 3
-1 8 -4 -3 -17 -10 10 2 2 -2 4 -8 12 10 8 7 -1 -15 3 4 -4 2 20 6 15 -18 -7 16 -5 1 14 -9 2 0 -4 4 -4 9 5 -11 -2 -5 4 16 15 -11 1 0 -7 -20 -1 3 0 -2 -2 6 -17 6 -5 8 -14 -8 6 3
-1 8 -4 -3 -17 -10 10 2 2 -2 4 -8 12 10 8 7 -1 -15 3 4 -4 2 20 6 15 -18 -7 16 -5 1 14 -9 2 0 -4 4 -4 9 5 -11 -2 -5 4 16 15 -11 1 0 -7 -20 -1 3 0 -2 -2 6 -17 6 -5 8 -14 -8 6 3
-1 8 -4 -3 -17 -10 10 2 2 -2 4 -8 12 10 8 7 -1 -15 3 4 -4 2 20 6 15 -18 -7 16 -5 1 14 -9 2 0 -4 4 -4 9 5 -11 -2 -5 4 16 15 -11 1 0 -7 -20 -1 3 0 -2 -2 6 -17 6 -5 8 -14 -8 6 3
-1 8 -4 -3 -17 -10 10 2 2 -2 4 -8 12 10 8 7 -1 -15 3 4 -4 2 20 6 15 -18 -7 16 -5 1 14 -9 2 0 -4 4 -4 9 5 -11 -2 -5 4 16 15 -11 1 0 -7 -20 -1 3 0 -2 -2 6 -17 6 -5 8 -14 -8 6 3
-1 8 -4 -3 -17 -10 10 2 2 -2 4 -8 12 10 8 7 -1 -15 3 4 -4 2 20 6 15 -18 -7 16 -5 1 14 -9 2 0 -4 4 -4 9 5 -11 -2 -5 4 16 15 -11 1 0 -7 -20 -1 3 0 -2 -2 6 -17 6 -5 8 -14 -8 6 3
-1 8 -4 -3 -17 -10 10 2 2 -2 4 -8 12 10 8 7 -1 -15 3 4 -4 2 20 6 15 -18 -7 16 -5 1 14 -9 2 0 -4 4 -4 9 5 -11 -2 -5 4 16 15 -11 1 0 -7 -20 -1 3 0 -2 -2 6 -17 6 -5 8 -14 -8 6 3
-1 8 -4 -3 -17 -10 10 2 2 -2 4 -8 12 10 8 7 -1 -15 3 4 -4 2 20 6 15 -18 -7 16 -5 1 14 -9 2 0 -4 4 -4 9 5 -11 -2 -5 4 16 15 -11 1 0 -7 -20 -1 3 0 -2 -2 6 -17 6 -5 8 -14 -8 6 3
-1 8 -4 -3 -17 -10 10 2 2 -2 4 -8 12 10 8 7 -1 -15 3 4 -4 2 20 6 15 -18 -7 16 -5 1 14 -9 2 0 -4 4 -4 9 5 -11 -2 -5 4 16 15 -11 1 0 -7 -20 -1 3 0 -2 -2 6 -17 6 -5 8 -14 -8 6 3
-1 8 -4 -3 -17 -10 10 2 2 -2 4 -8 12 10 8 7 -1 -15 3 4 -4 2 20 6 15 -18 -7 16 -5 1 14 -9 2 0 -4 4 -4 9 5 -11 -2 -5 4 16 15 -11 1 0 -7 -20 -1 3 0 -2 -2 6 -17 6 -5 8 -14 -8 6 3
-1 8 -4 -3 -17 -10 10 2 2 -2 4 -8 12 10 8 7 -1 -15 3 4 -4 2 20 6 15 -18 -7 16 -5 1 14 -9 2 0 -4 4 -4 9 5 -11 -2 -5 4 16 15 -11 1 0 -7 -20 -1 3 0 -2 -2 6 -17 6 -5 8 -14 -8 6 3
-1 8 -4 -3 -17 -10 10 2 2 -2 4 -8 12 10 8 7 -1 -15 3 4 -4 2 20 6 15 -18 -7 16 -5 1 14 -9 2 0 -4 4 -4 9 5 -11 -2 -5 4 16 15 -11 1 0 -7 -20 -1 3 0 -2 -2 6 -17 6 -5 8 -14 -8 6 3
-1 8 -4 -3 -17 -10 10 2 2 -2 4 -8 12 10 8 7 -1 -15 3 4 -4 2 20 6 15 -18 -7 16 -5 1 14 -9 2 0 -4 4 -4 9 5 -11 -2 -5 4 16 15 -11 1 0 -7 -20 -1 3 0 -2 -2 6 -17 6 -5 8 -14 -8 6 3
-1 8 -4 -3 -17 -10 10 2 2 -2 4 -8 12 10 8 7 -1 -15 3 4 -4 2 20 6 15 -18 -7 16 -5 1 14 -9 2 0 -4 4 -4 9 5 -11 -2 -5 4 16 15 -11 1 0 -7 -20 -1 3 0 -2 -2 6 -17 6 -5 8 -14 -8 6 3
-1 8 -4 -3 -17 -10 10 2 2 -2 4 -8 12 10 8 7 -1 -15 3 4 -4 2 20 6 15 -18 -7 16 -5 1 14 -9 2 0 -4 4 -4 9 5 -11 -2 -5 4 16 15 -11 1 0 -7 -20 -1 3 0 -2 -2 6 -17 6 -5 8 -14 -8 6 3
-1 8 -4 -3 -17 -10 10 2 2 -2 4 -8 12 10 8 7 -1 -15 3 4 -4 2 20 6 15 -18 -7 16 -5 1 14 -9 2 0 -4 4 -4 9 5 -11 -2 -5 4 16 15 -11 1 0 -7 -20 -1 3 0 -2 -2 6 -17 6 -5 8 -14 -8 6 3
-1 8 -4 -3 -17 -10 10 2 2 -2 4 -8 12 10 8 7 -1 -15 3 4 -4 2 20 6 15 -18 -7 16 -5 1 14 -9 2 0 -4 4 -4 9 5 -11 -2 -5 4 16 15 -11 1 0 -7 -20 -1 3 0 -2 -2 6 -17 6 -5 8 -14 -8 6 3
-1 8 -4 -3 -17 -10 10 2 2 -2 4 -8 12 10 8 7 -1 -15 3 4 -4 2 20 6 15 -18 -7 16 -5 1 14 -9 2 0 -4 4 -4 9 5 -11 -2 -5 4 16 15 -11 1 0 -7 -20 -1 3 0 -2 -2 6 -17 6 -5 8 -14 -8 6 3
-1 8 -4 -3 -17 -10 10 2 2 -2 4 -8 12 10 8 7 -1 -15 3 4 -4 2 20 6 15 -18 -7 16 -5 1 14 -9 2 0 -4 4 -4 9 5 -11 -2 -5 4 16 15 -11 1 0 -7 -20 -1 3 0 -2 -2 6 -17 6 -5 8 -14 -8 6 3
-1 8 -4 -3 -17 -10 10 2 2 -2 4 -8 12 10 8 7 -1 -15 3 4 -4 2 20 6 15 -18 -7 16 -5 1 14 -9 2 0 -4 4 -4 9 5 -11 -2 -5 4 16 15 -11 1 0 -7 -20 -1 3 0 -2 -2 6 -17 6 -5 8 -14 -8 6 3
-1 8 -4 -3 -17 -10 10 2 2 -2 4 -8 12 10 8 7 -1 -15 3 4 -4 2 20 6 15 -18 -7 16 -5 1 14 -9 2 0 -4 4 -4 9 5 -11 -2 -5 4 16 15 -11 1 0 -7 -20 -1 3 0 -2 -2 6 -17 6 -5 8 -14 -8 6 3
-1 8 -4 -3 -17 -10 10 2 2 -2 4 -8 12 10 8 7 -1 -15 3 4 -4 2 20 6 15 -18 -7 16 -5 1 14 -9 2 0 -4 4 -4 9 5 -11 -2 -5 4 16 15 -11 1 0 -7 -20 -1 3 0 -2 -2 6 -17 6 -5 8 -14 -8 6 3
-1 8 -4 -3 -17 -10 10 2 2 -2 4 -8 12 10 8 7 -1 -15 3 4 -4 2 20 6 15 -18 -7 16 -5 1 14 -9 2 0 -4 4 -4 9 5 -11 -2 -5 4 16 15 -11 1 0 -7 -20 -1 3 0 -2 -2 6 -17 6 -5 8 -14 -8 6 3
-1 8 -4 -3 -17 -10 10 2 2 -2 4 -8 12 10 8 7 -1 -15 3 4 -4 2 20 6 15 -18 -7 16 -5 1 14 -9 2 0 -4 4 -4 9 5 -11 -2 -5 4 16 15 -11 1 0 -7 -20 -1 3 0 -2 -2 6 -17 6 -5 8 -14 -8 6 3
-1 8 -4 -3 -17 -10 10 2 2 -2 4 -8 12 10 8 7 -1 -15 3 4 -4 2 20 6 15 -18 -7 16 -5 1 14 -9 2 0 -4 4 -4 9 5 -11 -2 -5 4 16 15 -11 1 0 -7 -20 -1 3 0 -2 -2 6 -17 6 -5 8 -14 -8 6 3
-1 8 -4 -3 -17 -10 10 2 2 -2 4 -8 12 10 8 7 -1 -15 3 4 -4 2 20 6 15 -18 -7 16 -5 1 14 -9 2 0 -4 4 -4 9 5 -11 -2 -5 4 16 15 -11 1 0 -7 -20 -1 3 0 -2 -2 6 -17 6 -5 8 -14 -8 6 3
-1 8 -4 -3 -17 -10 10 2 2 -2 4 -8 12 10 8 7 -1 -15 3 4 -4 2 20 6 15 -18 -7 16 -5 1 14 -9 2 0 -4 4 -4 9 5 -11 -2 -5 4 16 15 -11 1 0 -7 -20 -1 3 0 -2 -2 6 -17 6 -5 8 -14 -8 6 3
-1 8 -4 -3 -17 -10 10 2 2 -2 4 -8 12 10 8 7 -1 -15 3 4 -4 2 20 6 15 -18 -7 16 -5 1 14 -9 2 0 -4 4 -4 9 5 -11 -2 -5 4 16 15 -11 1 0 -7 -20 -1 3 0 -2 -2 6 -17 6 -5 8 -14 -8 6 3
-1 8 -4 -3 -17 -10 10 2 2 -2 4 -8 12 10 8 7 -1 -15 3 4 -4 2 20 6 15 -18 -7 16 -5 1 14 -9 2 0 -4 4 -4 9 5 -11 -2 -5 4 16 15 -11 1 0 -7 -20 -1 3 0 -2 -2 6 -17 6 -5 8 -14 -8 6 3
-1 8 -4 -3 -17 -10 10 2 2 -2 4 -8 12 10 8 7 -1 -15 3 4 -4 2 20 6 15 -18 -7 16 -5 1 14 -9 2 0 -4 4 -4 9 5 -11 -2 -5 4 16 15 -11 1 0 -7 -20 -1 3 0 -2 -2 6 -17 6 -5 8 -14 -8 6 3
-1 8 -4 -3 -17 -10 10 2 2 -2 4 -8 12 10 8 7 -1 -15 3 4 -4 2 20 6 15 -18 -7 16 -5 1 14 -9 2 0 -4 4 -4 9 5 -11 -2 -5 4 16 15 -11 1 0 -7 -20 -1 3 0 -2 -2 6 -17 6 -5 8 -14 -8 6 3
-1 8 -4 -3 -17 -10 10 2 2 -2 4 -8 12 10 8 7 -1 -15 3 4 -4 2 20 6 15 -18 -7 16 -5 1 14 -9 2 0 -4 4 -4 9 5 -11 -2 -5 4 16 15 -11 1 0 -7 -20 -1 3 0 -2 -2 6 -17 6 -5 8 -14 -8 6 3
-1 8 -4 -3 -17 -10 10 2 2 -2 4 -8 12 10 8 7 -1 -15 3 4 -4 2 20 6 15 -18 -7 16 -5 1 14 -9 2 0 -4 4 -4 9 5 -11 -2 -5 4 16 15 -11 1 0 -7 -20 -1 3 0 -2 -2 6 -17 6 -5 8 -14 -8 6 3
-1 8 -4 -3 -17 -10 10 2 2 -2 4 -8 12 10 8 7 -1 -15 3 4 -4 2 20 6 15 -18 -7 16 -5 1 14 -9 2 0 -4 4 -4 9 5 -11 -2 -5 4 16 15 -11 1 0 -7 -20 -1 3 0 -2 -2 6 -17 6 -5 8 -14 -8 6 3
-1 8 -4 -3 -17 -10 10 2 2 -2 4 -8 12 10 8 7 -1 -15 3 4 -4 2 20 6 15 -18 -7 16 -5 1 14 -9 2 0 -4 4 -4 9 5 -11 -2 -5 4 16 15 -11 1 0 -7 -20 -1 3 0 -2 -2 6 -17 6 -5 8 -14 -8 6 3
-1 8 -4 -3 -17 -10 10 2 2 -2 4 -8 12 10 8 7 -1 -15 3 4 -4 2 20 6 15 -18 -7 16 -5 1 14 -9 2 0 -4 4 -4 9 5 -11 -2 -5 4 16 15 -11 1 0 -7 -20 -1 3 0 -2 -2 6 -17 6 -5 8 -14 -8 6 3
-1 8 -4 -3 -17 -10 10 2 2 -2 4 -8 12 10 8 7 -1 -15 3 4 -4 2 20 6 15 -18 -7 16 -5 1 14 -9 2 0 -4 4 -4 9 5 -11 -2 -5 4 16 15 -11 1 0 -7 -20 -1 3 0 -2 -2 6 -17 6 -5 8 -14 -8 6 3
-1 8 -4 -3 -17 -10 10 2 2 -2 4 -8 12 10 8 7 -1 -15 3 4 -4 2 20 6 15 -18 -7 16 -5 1 14 -9 2 0 -4 4 -4 9 5 -11 -2 -5 4 16 15 -11 1 0 -7 -20 -1 3 0 -2 -2 6 -17 6 -5 8 -14 -8 6 3
-1 8 -4 -3 -17 -10 10 2 2 -2 4 -8 12 10 8 7 -1 -15 3 4 -4 2 20 6 15 -18 -7 16 -5 1 14 -9 2 0 -4 4 -4 9 5 -11 -2 -5 4 16 15 -11 1 0 -7 -20 -1 3 0 -2 -2 6 -17 6 -5 8 -14 -8 6 3
-1 8 -4 -3 -17 -10 10 2 2 -2 4 -8 12 10 8 7 -1 -15 3 4 -4 2 20 6 15 -18 -7 16 -5 1 14 -9 2 0 -4 4 -4 9 5 -11 -2 -5 4 16 15 -11 1 0 -7 -20 -1 3 0 -2 -2 6 -17 6 -5 8 -14 -8 6 3
-1 8 -4 -3 -17 -10 10 2 2 -2 4 -8 12 10 8 7 -1 -15 3 4 -4 2 20 6 15 -18 -7 16 -5 1 14 -9 2 0 -4 4 -4 9 5 -11 -2 -5 4 16 15 -11 1 0 -7 -20 -1 3 0 -2 -2 6 -17 6 -5 8 -14 -8 6 3
-1 8 -4 -3 -17 -10 10 2 2 -2 4 -8 12 10 8 7 -1 -15 3 4 -4 2 20 6 15 -18 -7 16 -5 1 14 -9 2 0 -4 4 -4 9 5 -11 -2 -5 4 16 15 -11 1 0 -7 -20 -1 3 0 -2 -2 6 -17 6 -5 8 -14 -8 6 3
-1 8 -4 -3 -17 -10 10 2 2 -2 4 -8 12 10 8 7 -1 -15 3 4 -4 2 20 6 15 -18 -7 16 -5 1 14 -9 2 0 -4 4 -4 9 5 -11 -2 -5 4 16 15 -11 1 0 -7 -20 -1 3 0 -2 -2 6 -17 6 -5 8 -14 -8 6 3
-1 8 -4 -3 -17 -10 10 2 2 -2 4 -8 12 10 8 7 -1 -15 3 4 -4 2 20 6 15 -18 -7 16 -5 1 14 -9 2 0 -4 4 -4 9 5 -11 -2 -5 4 16 15 -11 1 0 -7 -20 -1 3 0 -2 -2 6 -17 6 -5 8 -14 -8 6 3
-1 8 -4 -3 -17 -10 10 2 2 -2 4 -8 12 10 8 7 -1 -15 3 4 -4 2 20 6 15 -18 -7 16 -5 1 14 -9 2 0 -4 4 -4 9 5 -11 -2 -5 4 16 15 -11 1 0 -7 -20 -1 3 0 -2 -2 6 -17 6 -5 8 -14 -8 6 3
-1 8 -4 -3 -17 -10 10 2 2 -2 4 -8 12 10 8 7 -1 -15 3 4 -4 2 20 6 15 -18 -7 16 -5 1 14 -9 2 0 -4 4 -4 9 5 -11 -2 -5 4 16 15 -11 1 0 -7 -20 -1 3 0 -2 -2 6 -17 6 -5 8 -14 -8 6 3
-1 8 -4 -3 -17 -10 10 2 2 -2 4 -8 12 10 8 7 -1 -15 3 4 -4 2 20 6 15 -18 -7 16 -5 1 14 -9 2 0 -4 4 -4 9 5 -11 -2 -5 4 16 15 -11 1 0 -7 -20 -1 3 0 -2 -2 6 -17 6 -5 8 -14 -8 6 3
-1 8 -4 -3 -17 -10 10 2 2 -2 4 -8 12 10 8 7 -1 -15 3 4 -4 2 20 6 15 -18 -7 16 -5 1 14 -9 2 0 -4 4 -4 9 5 -11 -2 -5 4 16 15 -11 1 0 -7 -20 -1 3 0 -2 -2 6 -17 6 -5 8 -14 -8 6 3
-1 8 -4 -3 -17 -10 10 2 2 -2 4 -8 12 10 8 7 -1 -15 3 4 -4 2 20 6 15 -18 -7 16 -5 1 14 -9 2 0 -4 4 -4 9 5 -11 -2 -5 4 16 15 -11 1 0 -7 -20 -1 3 0 -2 -2 6 -17 6 -5 8 -14 -8 6 3
-1 8 -4 -3 -17 -10 10 2 2 -2 4 -8 12 10 8 7 -1 -15 3 4 -4 2 20 6 15 -18 -7 16 -5 1 14 -9 2 0 -4 4 -4 9 5 -11 -2 -5 4 16 15 -11 1 0 -7 -20 -1 3 0 -2 -2 6 -17 6 -5 8 -14 -8 6 3
-1 8 -4 -3 -17 -10 10 2 2 -2 4 -8 12 10 8 7 -1 -15 3 4 -4 2 20 6 15 -18 -7 16 -5 1 14 -9 2 0 -4 4 -4 9 5 -11 -2 -5 4 16 15 -11 1 0 -7 -20 -1 3 0 -2 -2 6 -17 6 -5 8 -14 -8 6 3
-1 8 -4 -3 -17 -10 10 2 2 -2 4 -8 12 10 8 7 -1 -15 3 4 -4 2 20 6 15 -18 -7 16 -5 1 14 -9 2 0 -4 4 -4 9 5 -11 -2 -5 4 16 15 -11 1 0 -7 -20 -1 3 0 -2 -2 6 -17 6 -5 8 -14 -8 6 3
-1 8 -4 -3 -17 -10 10 2 2 -2 4 -8 12 10 8 7 -1 -15 3 4 -4 2 20 6 15 -18 -7 16 -5 1 14 -9 2 0 -4 4 -4 9 5 -11 -2 -5 4 16 15 -11 1 0 -7 -20 -1 3 0 -2 -2 6 -17 6 -5 8 -14 -8 6 3
-1 8 -4 -3 -17 -10 10 2 2 -2 4 -8 12 10 8 7 -1 -15 3 4 -4 2 20 6 15 -18 -7 16 -5 1 14 -9 2 0 -4 4 -4 9 5 -11 -2 -5 4 16 15 -11 1 0 -7 -20 -1 3 0 -2 -2 6 -17 6 -5 8 -14 -8 6 3
-1 8 -4 -3 -17 -10 10 2 2 -2 4 -8 12 10 8 7 -1 -15 3 4 -4 2 20 6 15 -18 -7 16 -5 1 14 -9 2 0 -4 4 -4 9 5 -11 -2 -5 4 16 15 -11 1 0 -7 -20 -1 3 0 -2 -2 6 -17 6 -5 8 -14 -8 6 3
-1 8 -4 -3 -17 -10 10 2 2 -2 4 -8 12 10 8 7 -1 -15 3 4 -4 2 20 6 15 -18 -7 16 -5 1 14 -9 2 0 -4 4 -4 9 5 -11 -2 -5 4 16 15 -11 1 0 -7 -20 -1 3 0 -2 -2 6 -17 6 -5 8 -14 -8 6 3
-1 8 -4 -3 -17 -10 10 2 2 -2 4 -8 12 10 8 7 -1 -15 3 4 -4 2 20 6 15 -18 -7 16 -5 1 14 -9 2 0 -4 4 -4 9 5 -11 -2 -5 4 16 15 -11 1 0 -7 -20 -1 3 0 -2 -2 6 -17 6 -5 8 -14 -8 6 3
-1 8 -4 -3 -17 -10 10 2 2 -2 4 -8 12 10 8 7 -1 -15 3 4 -4 2 20 6 15 -18 -7 16 -5 1 14 -9 2 0 -4 4 -4 9 5 -11 -2 -5 4 16 15 -11 1 0 -7 -20 -1 3 0 -2 -2 6 -17 6 -5 8 -14 -8 6 3
-1 8 -4 -3 -17 -10 10 2 2 -2 4 -8 12 10 8 7 -1 -15 3 4 -4 2 20 6 15 -18 -7 16 -5 1 14 -9 2 0 -4 4 -4 9 5 -11 -2 -5 4 16 15 -11 1 0 -7 -20 -1 3 0 -2 -2 6 -17 6 -5 8 -14 -8 6 3
-1 8 -4 -3 -17 -10 10 2 2 -2 4 -8 12 10 8 7 -1 -15 3 4 -4 2 20 6 15 -18 -7 16 -5 1 14 -9 2 0 -4 4 -4 9 5 -11 -2 -5 4 16 15 -11 1 0 -7 -20 -1 3 0 -2 -2 6 -17 6 -5 8 -14 -8 6 3
-1 8 -4 -3 -17 -10 10 2 2 -2 4 -8 12 10 8 7 -1 -15 3 4 -4 2 20 6 15 -18 -7 16 -5 1 14 -9 2 0 -4 4 -4 9 5 -11 -2 -5 4 16 15 -11 1 0 -7 -20 -1 3 0 -2 -2 6 -17 6 -5 8 -14 -8 6 3
-1 8 -4 -3 -17 -10 10 2 2 -2 4 -8 12 10 8 7 -1 -15 3 4 -4 2 20 6 15 -18 -7 16 -5 1 14 -9 2 0 -4 4 -4 9 5 -11 -2 -5 4 16 15 -11 1 0 -7 -20 -1 3 0 -2 -2 6 -17 6 -5 8 -14 -8 6 3
-1 8 -4 -3 -17 -10 10 2 2 -2 4 -8 12 10 8 7 -1 -15 3 4 -4 2 20 6 15 -18 -7 16 -5 1 14 -9 2 0 -4 4 -4 9 5 -11 -2 -5 4 16 15 -11 1 0 -7 -20 -1 3 0 -2 -2 6 -17 6 -5 8 -14 -8 6 3
-1 8 -4 -3 -17 -10 10 2 2 -2 4 -8 12 10 8 7 -1 -15 3 4 -4 2 20 6 15 -18 -7 16 -5 1 14 -9 2 0 -4 4 -4 9 5 -11 -2 -5 4 16 15 -11 1 0 -7 -20 -1 3 0 -2 -2 6 -17 6 -5 8 -14 -8 6 3
-1 8 -4 -3 -17 -10 10 2 2 -2 4 -8 12 10 8 7 -1 -15 3 4 -4 2 20 6 15 -18 -7 16 -5 1 14 -9 2 0 -4 4 -4 9 5 -11 -2 -5 4 16 15 -11 1 0 -7 -20 -1 3 0 -2 -2 6 -17 6 -5 8 -14 -8 6 3
-1 8 -4 -3 -17 -10 10 2 2 -2 4 -8 12 10 8 7 -1 -15 3 4 -4 2 20 6 15 -18 -7 16 -5 1 14 -9 2 0 -4 4 -4 9 5 -11 -2 -5 4 16 15 -11 1 0 -7 -20 -1 3 0 -2 -2 6 -17 6 -5 8 -14 -8 6 3
-1 8 -4 -3 -17 -10 10 2 2 -2 4 -8 12 10 8 7 -1 -15 3 4 -4 2 20 6 15 -18 -7 16 -5 1 14 -9 2 0 -4 4 -4 9 5 -11 -2 -5 4 16 15 -11 1 0 -7 -20 -1 3 0 -2 -2 6 -17 6 -5 8 -14 -8 6 3
-1 8 -4 -3 -17 -10 10 2 2 -2 4 -8 12 10 8 7 -1 -15 3 4 -4 2 20 6 15 -18 -7 16 -5 1 14 -9 2 0 -4 4 -4 9 5 -11 -2 -5 4 16 15 -11 1 0 -7 -20 -1 3 0 -2 -2 6 -17 6 -5 8 -14 -8 6 3
-1 8 -4 -3 -17 -10 10 2 2 -2 4 -8 12 10 8 7 -1 -15 3 4 -4 2 20 6 15 -18 -7 16 -5 1 14 -9 2 0 -4 4 -4 9 5 -11 -2 -5 4 16 15 -11 1 0 -7 -20 -1 3 0 -2 -2 6 -17 6 -5 8 -14 -8 6 3
-1 8 -4 -3 -17 -10 10 2 2 -2 4 -8 12 10 8 7 -1 -15 3 4 -4 2 20 6 15 -18 -7 16 -5 1 14 -9 2 0 -4 4 -4 9 5 -11 -2 -5 4 16 15 -11 1 0 -7 -20 -1 3 0 -2 -2 6 -17 6 -5 8 -14 -8 6 3
-1 8 -4 -3 -17 -10 10 2 2 -2 4 -8 12 10 8 7 -1 -15 3 4 -4 2 20 6 15 -18 -7 16 -5 1 14 -9 2 0 -4 4 -4 9 5 -11 -2 -5 4 16 15 -11 1 0 -7 -20 -1 3 0 -2 -2 6 -17 6 -5 8 -14 -8 6 3
-1 8 -4 -3 -17 -10 10 2 2 -2 4 -8 12 10 8 7 -1 -15 3 4 -4 2 20 6 15 -18 -7 16 -5 1 14 -9 2 0 -4 4 -4 9 5 -11 -2 -5 4 16 15 -11 1 0 -7 -20 -1 3 0 -2 -2 6 -17 6 -5 8 -14 -8 6 3
