720 -46 -730 -37 1302 243 156 1236 -1294 -909 1838 140 -1039 -852 -230 -1339 351 -1127 131 -439 -1380 -1221 -568 -7778 866 -678 -172 20 304 1892 105 -350 -427 -1921 605 -145 129 -89 187 -793 462 930 569 -857 -351 -201 -1458 -458 264 -754 -273 -1030 648 -552 542 -970 1083 33 -174 -515 -887 -592 771 1059
2139 -1812 2106 1331 -253 187 2634 -510 -2343 -261 -179 399 -3545 2441 1609 -860 -388 889 334 -1851 308 168 1189 -7934 3035 1298 -2535 3427 -1236 809 -689 -1030 -2251 2512 1343 3217 3288 902 1182 -222 -2053 1021 785 656 2305 -1921 1615 -4957 -496 3077 2085 -3547 -329 -444 2046 185 -2388 -1048 2192 2438 2355 269 -2394 1190
2484 -1359 269 181 -1076 488 3464 587 -1530 -146 -2210 -79 -4677 1593 611 -594 -2304 2488 275 -1106 1621 1189 528 -5916 2224 1796 -2895 4373 -2131 -1271 251 56 -2484 4046 1294 4318 2092 -730 1613 1095 -1183 2112 -639 2102 772 -2032 212 -4270 -58 -1498 2764 -2525 922 260 1916 3756 -4106 -679 2949 3620 582 -19 -2858 346
2119 521 -1243 -1046 -1211 64 2197 -172 -32 1142 -2380 -492 -4076 -312 272 -3215 -2494 1644 21 -318 1165 917 -617 -6225 2054 -339 -2396 2762 -2191 -214 78 -1382 -1724 1988 -435 2111 -182 -762 1139 2289 324 1369 -1124 -265 -2617 -1479 -411 -3297 -467 -5908 701 -461 54 2263 909 3137 -860 75 2823 493 -815 -695 -118 -1532
1546 393 -1098 -311 -1051 396 1431 1145 -1498 1748 -766 -690 -3698 -981 884 -1996 -1245 1524 508 -776 180 1313 -313 -5939 1417 -303 -2595 2195 -1803 448 467 -472 -907 1502 172 950 -429 -154 1025 1127 0 1603 -178 -565 -2064 -344 815 -2377 -839 -4764 360 -821 762 980 1828 1326 50 963 2915 -37 -949 -2651 556 -254
1409 134 -656 -88 -927 364 1467 914 -1500 1347 -682 -462 -3327 -688 904 -1602 -967 1296 373 -1079 97 1081 -221 -6939 1499 -359 -2336 2059 -1881 360 433 -389 -624 1404 312 1080 9 4 1116 1078 -362 1225 -99 -502 -1427 -377 975 -2289 -885 -3534 563 -995 752 502 1651 916 -102 500 2635 154 -780 -2248 349 -40
1608 349 -1382 -365 -1303 420 1723 1301 -1451 1706 -1038 -628 -3926 -975 894 -1651 -1635 1798 574 -871 271 1457 -414 -5569 1022 18 -2677 2652 -2278 -5 904 -155 -1084 1960 303 1408 -612 -161 1027 1415 -35 2028 -394 -67 -1995 -422 772 -2348 -983 -5302 855 -774 1153 1163 1853 1958 -242 1170 3102 274 -1546 -3017 163 -225
1996 669 -1471 -774 -1681 344 2078 955 -984 2334 -1968 -707 -4512 -1243 1098 -2892 -2333 2138 552 -578 117 1928 -700 -4545 1594 -773 -3081 2633 -2708 -46 819 -752 -1317 1883 -227 1308 -985 -237 1237 1965 1 1787 -418 -1061 -3300 -713 926 -3145 -1100 -6817 461 -458 448 1775 1681 2699 256 843 3318 -217 -1577 -2834 292 -1181
2176 1169 -2411 -1480 -1913 115 2879 253 -321 1726 -2831 -928 -5157 -298 580 -3428 -3777 2644 647 649 1033 1132 -559 -4335 1318 537 -3111 4182 -2098 -796 1046 -1707 -2959 2866 -1067 2592 -1485 -425 263 2180 728 2177 -1837 -132 -3708 -1614 99 -3931 -919 -8853 494 213 258 3775 1284 4177 -463 1976 3642 -358 -1737 -2330 -245 -1771
2017 -6 -799 -735 -471 159 2079 275 -698 415 -1271 -295 -3631 4 202 -2567 -1689 1119 206 -475 640 577 -471 -5873 1892 203 -2007 2580 -1514 190 97 -920 -1960 1371 168 1979 454 -615 1094 1270 202 1869 -390 148 -1414 -1381 -629 -3083 -113 -3998 914 -1219 225 1385 1058 2437 -1034 -206 2283 1216 -485 -527 -538 -674
1938 1097 -2219 -1354 -1605 100 2697 243 -363 1352 -2486 -772 -4638 -279 483 -3083 -3427 2271 562 499 879 839 -552 -5040 1306 390 -2749 3859 -1900 -698 1022 -1629 -2554 2447 -960 2374 -1280 -330 260 2029 595 1855 -1708 -219 -3299 -1478 32 -3514 -884 -7972 431 172 298 3290 1067 3663 -324 1721 3319 -413 -1676 -2106 -120 -1519
1952 1251 -2159 -1357 -1727 -105 3112 746 -550 1283 -3158 -673 -4840 -4 638 -3565 -3673 2658 720 919 271 1204 -368 -3943 1617 -294 -2900 3957 -1617 -1080 1359 -1746 -2959 2239 -1253 2218 -1300 -102 153 1667 367 1554 -1727 -1063 -3636 -1521 181 -3962 -859 -8606 128 209 59 3122 850 4291 8 1861 3255 -870 -1873 -2017 -266 -1695
1974 536 278 -650 -1041 -704 2457 1949 -1806 469 -3568 -535 -4655 1089 736 -2765 -1864 3678 1165 571 536 3008 1419 -5150 2502 -156 -3281 3790 -104 -1665 732 -931 -3469 2726 -1278 1315 -386 174 896 -157 -104 755 -1767 -460 -2436 -1390 934 -3545 -504 -5851 487 -481 101 848 1879 3185 -1192 1133 4035 -503 358 -1403 189 -83
2389 -1068 2502 819 -74 -581 2434 620 -2302 -242 -1829 332 -3905 2443 1507 -1673 -842 2258 994 -954 507 1810 2071 -7001 3346 793 -2994 3635 -470 -281 -322 -1096 -3385 2946 -57 2435 2034 1216 1286 -827 -1331 567 -443 397 628 -2092 1553 -4662 -443 468 1870 -2517 -460 -359 2087 1103 -2092 -609 3209 989 2372 53 -1408 1192
1025 717 149 -1263 -641 -1155 3080 1965 -1783 -1603 -4033 -445 -3649 2358 -433 -2469 -964 3647 1063 1387 191 2399 1460 -6043 1974 76 -1985 3964 1563 -2863 1342 -852 -4039 1549 -1701 971 49 -249 351 -938 47 588 -2215 -189 -1375 -1319 182 -2850 36 -5693 -126 -232 223 438 925 3286 -1405 1077 3408 -30 75 -331 162 -169
1103 1401 -328 -1233 -740 -1498 3414 2372 -1857 -1662 -4591 -437 -3920 2220 -347 -3025 -1404 3987 1162 1590 315 2866 1850 -5016 2129 -756 -2118 4563 1728 -2845 1623 -1261 -4192 1682 -1898 557 -178 -163 -23 -625 230 139 -2616 -864 -1890 -1349 -401 -2627 -87 -7515 -419 -47 102 677 572 4547 -725 1840 3957 -970 -314 -687 650 -330
-449 2960 -1841 -2538 -1096 -1448 4293 2450 -2281 -3539 -5689 -1553 -4085 3320 -1391 -2329 229 3936 1009 2912 419 2904 3226 -5075 869 -2013 -667 5782 3217 -3429 1761 -1126 -3230 1945 -1718 -399 1224 -962 -1322 -1012 -107 62 -2657 -1283 -74 87 639 -1234 628 -9217 -800 -1223 -250 802 369 5130 -529 3396 4380 87 -1687 -1766 2039 -2059
-147 2254 -1604 -1489 -1022 -1083 4399 2016 -2206 -2570 -4302 -1202 -3502 2642 -711 -2208 -686 3515 888 1984 477 2089 2420 -5300 900 -1636 -1008 5033 2247 -2846 1989 -1340 -2782 1477 -1600 -42 973 -478 -1082 -754 -63 -297 -2469 -1166 -256 -185 164 -1231 471 -8154 -975 -867 -11 473 -117 4626 -15 2665 3758 -492 -1513 -1494 1379 -1233
-35 2105 -1262 -1835 -425 -1149 3616 1925 -1904 -2791 -4067 -929 -3135 2449 -1038 -2133 -374 2961 840 1934 467 1805 2066 -6257 1387 -1237 -720 4642 2329 -2634 1528 -1183 -2652 1167 -1532 94 895 -476 -647 -646 -34 -180 -2290 -1048 -353 -397 16 -1249 348 -6960 -797 -697 -6 386 -24 3854 -416 1988 3506 -190 -1079 -905 1433 -1088
-540 1902 -335 -380 -624 -1552 4236 2812 -3011 -3789 -4016 -943 -2635 3399 -485 -1887 588 3663 925 1598 240 2693 3793 -5823 480 -2855 -777 4257 3460 -2979 2059 -972 -2954 828 -1900 -1537 1662 -114 -1421 -2547 -71 -1791 -2621 -1155 934 225 -396 402 1184 -6651 -1131 -1106 5 -1115 -450 4321 383 2556 3311 -1286 -967 -868 2164 108
-11 1900 -857 -401 -672 -1728 4445 2844 -2542 -2739 -4364 -691 -3203 3147 -310 -2384 -768 4174 1128 1778 -35 2705 2929 -4480 1043 -1915 -1342 4849 3027 -3083 2382 -1411 -3579 830 -1759 -492 755 48 -1401 -1687 40 -733 -2920 -1458 -144 -372 -564 -1177 800 -7887 -1207 -934 -19 -660 -348 4968 491 2811 3545 -1519 -1206 -1169 903 -196
435 1571 -852 -2027 189 -1469 4953 1925 -1883 -3939 -4927 -451 -3265 3572 -1795 -1457 -1077 4076 1227 1917 1573 2160 1950 -5453 1789 897 -749 6292 2778 -3937 1970 -884 -4002 1773 -1378 1434 1187 -1009 -122 -547 162 529 -2911 707 318 -1624 -1224 -1693 559 -6471 -302 -835 429 -112 -125 5297 -2331 869 4234 1405 107 309 -22 -422
760 -50 -760 -55 1423 249 146 1319 -1361 -946 1982 152 -1053 -912 -249 -1417 408 -1216 164 -443 -1472 -1244 -608 -7724 893 -692 -145 1 364 2030 104 -346 -475 -2079 663 -220 146 -97 193 -870 518 1040 682 -905 -352 -199 -1575 -450 310 -760 -304 -1120 644 -595 553 -988 1175 6 -207 -492 -906 -614 795 1105
1668 1511 -1770 -2057 244 -30 3722 273 -622 -659 -3880 -545 -3809 386 -679 -1432 -2497 2275 19 8 1342 1061 -1624 -7791 588 1735 -2129 4140 -726 -1504 1296 -1229 -2487 408 -881 1739 525 -2063 186 445 -111 1490 -940 1773 -1567 -2453 -898 -1606 256 -5249 -98 -159 432 1868 642 2461 -1849 -210 3791 296 -9 -402 -596 -223
1712 2616 -2007 -3709 1460 2 4551 -340 -585 -372 -5770 -543 -4405 -642 -774 -1034 -3272 2386 -351 -964 1536 1768 -4032 -9154 -475 4011 -3123 4830 -920 -1895 1638 -2075 -2985 -1512 -1566 790 405 -3659 -94 -265 -944 2162 -11 3549 -2974 -4542 -865 -1023 630 -5486 -700 543 191 3270 710 785 -2098 -830 5680 -1201 858 -566 -1122 701
2199 3758 -1681 -5148 1475 241 3286 38 -484 1102 -7607 -1162 -5825 -2993 -93 -1404 -5883 2008 -766 -2224 1130 2365 -5537 -10725 -171 5248 -5321 3912 -2530 -1521 1345 -3196 -3331 -2470 -2128 163 783 -5094 700 -273 -1722 3059 997 3872 -5068 -6419 -93 -1806 939 -5173 -616 2031 306 4856 1935 -551 -2253 -1220 7009 -2885 2263 -1672 -1960 637
2237 2198 -170 -3273 683 1009 -141 1424 -1081 2015 -5065 -1590 -4503 -3944 917 -1089 -4056 554 -596 -3179 -703 1560 -3998 -11463 -321 2084 -4516 744 -1798 178 308 -1769 -1025 -3274 -1515 -1236 1000 -2803 639 -799 -1478 1896 2119 2295 -3797 -3552 1775 -726 251 -2836 -209 1181 1617 3344 2616 -3032 -959 -289 5841 -3400 1804 -2889 -1016 1783
1788 1437 -471 -2227 292 752 588 1133 -1110 1619 -3500 -1018 -3871 -2701 742 -1339 -2683 735 -399 -2178 -595 1266 -2835 -9902 148 1012 -3402 1086 -1652 167 387 -1233 -774 -1965 -971 -541 441 -1945 632 -380 -1042 1488 1262 1274 -3123 -2399 1145 -998 17 -3125 -167 506 1139 2283 2036 -1737 -584 -36 4367 -2335 712 -2306 -298 1123
2408 2921 -426 -4408 1129 802 815 954 -978 2227 -6784 -1335 -5356 -4432 946 -936 -4991 767 -975 -3757 -430 2181 -5818 -12299 -941 4053 -5510 1417 -2635 -378 629 -2342 -2120 -3919 -1905 -1311 919 -4230 560 -1116 -2209 2867 2492 3787 -5041 -5457 1489 -1111 605 -3236 -227 1844 1325 4741 2751 -3521 -1578 -692 7064 -3912 2076 -2783 -1819 2080
2662 3628 -192 -4753 794 809 13 2023 -1189 2222 -7411 -2087 -5754 -5583 1322 -963 -6844 576 -653 -4016 -754 2339 -5614 -12151 -620 4007 -6033 967 -2655 150 593 -2790 -2393 -4433 -2190 -1866 1447 -4281 544 -982 -2173 3099 2806 3293 -5404 -5636 2083 -1284 657 -3472 -325 2488 1493 4996 3219 -3565 -1138 -546 7756 -4426 2843 -3716 -2293 1997
2269 4613 -896 -6070 1429 459 1167 1352 -848 1495 -8254 -2139 -6324 -5429 620 -720 -8054 1191 -560 -3701 287 2353 -6253 -12239 19 6066 -6531 2630 -2774 -579 1122 -3801 -3129 -3930 -2588 -1244 1434 -5636 940 -553 -2148 3769 2046 3964 -6016 -7218 1241 -1704 860 -4062 -448 3297 903 5727 2993 -2467 -1866 -1010 8172 -4366 3647 -3321 -2597 1434
1758 3712 -657 -5177 1327 259 1498 1598 -991 615 -7205 -1899 -5199 -4383 481 -162 -6599 943 -206 -3593 255 1997 -5457 -11426 104 4382 -5090 3035 -1254 -300 1105 -3062 -1832 -4036 -2310 -1883 1487 -4428 314 -471 -1961 2974 1855 3238 -4754 -5781 1430 -794 523 -3984 -289 2195 856 4638 1960 -2123 -1261 -368 7739 -4039 2942 -2745 -1852 2037
2040 3044 -424 -3176 473 -20 876 2402 -1490 665 -5573 -1475 -4369 -3520 998 -720 -5233 545 15 -2932 -427 1531 -3979 -10290 35 2424 -4274 1794 -968 444 906 -2327 -2277 -3585 -1828 -1724 1372 -2960 -386 -753 -1400 2414 1498 1811 -3760 -4094 1153 -1257 385 -4053 -628 1618 1005 3548 1580 -1879 -117 492 6273 -3399 1505 -2724 -1452 1861
2323 3998 -414 -5168 698 573 322 2113 -1252 1976 -8171 -2059 -6072 -5438 1212 -1122 -7253 734 -755 -3862 -442 2612 -5649 -12386 -417 4267 -6441 1306 -2697 -280 597 -3124 -2719 -4216 -2347 -1888 1599 -4889 531 -1060 -2397 3134 2636 3159 -5707 -6309 1880 -1632 1112 -3702 -367 2878 1182 5180 3118 -3242 -1325 -497 7799 -4675 3105 -3526 -2341 1605
1109 3264 -692 -4769 778 199 1405 1938 -1231 416 -7288 -1729 -5188 -3488 415 -516 -5206 848 -314 -3075 -87 2264 -4634 -10872 -75 2924 -4673 2687 -777 -617 824 -2424 -1568 -3888 -1952 -2373 1499 -4050 -123 -967 -2096 2475 2076 2323 -4216 -5126 1483 -721 898 -3946 -215 1407 823 4060 1863 -1956 -1092 241 7106 -3881 2118 -2603 -1297 1715
2200 4089 -398 -4635 235 290 1027 2772 -1519 1361 -8523 -2407 -5904 -5083 1410 -559 -7533 1082 -287 -3996 -351 2895 -5393 -11327 -751 3619 -6106 1818 -1540 -202 1111 -3106 -2689 -4602 -2534 -2735 1715 -4368 -491 -1079 -2311 2770 2494 2986 -5185 -5791 2289 -1105 917 -4807 -467 2411 1196 4917 2555 -2493 -665 251 8555 -4896 2801 -3729 -2480 2310
1239 2557 -577 -4077 1303 227 1392 1482 -1157 308 -5276 -1211 -4232 -3287 285 -593 -4343 318 -291 -2837 -310 1484 -4400 -10289 158 2880 -3842 2297 -837 34 760 -2183 -1355 -3692 -1490 -1791 1094 -3493 236 -871 -1653 2485 1804 2131 -3821 -4553 721 -703 739 -3146 -198 1158 669 3319 1508 -1983 -718 -214 5735 -3270 1712 -1913 -1068 1865
1216 2244 -436 -2730 122 411 945 2366 -1841 528 -4987 -1595 -4197 -2999 1008 -1090 -4052 595 -40 -2791 -681 1790 -2721 -9509 -240 648 -3887 1445 -261 -10 842 -1939 -1006 -3208 -1612 -2220 1267 -2429 -574 -1283 -1378 1233 1879 1150 -2928 -3114 1547 -319 883 -3802 -227 727 957 2550 1488 -1567 119 781 5288 -3648 1292 -2770 -595 1896
1371 3786 -818 -5054 726 127 1778 2398 -1426 757 -8366 -1785 -5635 -4605 1031 -240 -6741 947 -369 -4081 -114 2702 -6055 -11706 -649 3974 -5610 2674 -1172 -491 1159 -3149 -2217 -4641 -2334 -2582 1419 -4654 -648 -988 -2641 2996 2375 3177 -5268 -6435 1776 -1114 1181 -4364 -108 2116 617 4852 1872 -2568 -937 148 8135 -5033 2648 -2973 -2409 2348
652 4467 -2605 -6690 2900 797 4628 -118 -926 -291 -8546 -1216 -5810 -4747 184 715 -6575 2027 -718 -4102 1711 2858 -8898 -13053 -1872 8020 -6190 4528 -2330 -1907 2075 -3874 -3073 -4387 -2683 -1052 419 -6286 383 -664 -3586 4001 2598 6935 -5962 -8855 588 -448 1125 -4344 383 2353 -8 6631 1488 -3191 -3178 -1945 9013 -5043 3123 -2369 -2905 3136
765 -49 -765 -58 1435 248 143 1329 -1366 -943 1999 153 -1052 -918 -248 -1425 412 -1224 173 -438 -1483 -1239 -612 -7635 887 -686 -142 1 373 2046 106 -343 -490 -2094 670 -232 143 -95 189 -881 528 1064 701 -907 -353 -199 -1588 -449 316 -765 -306 -1130 639 -591 554 -980 1188 10 -211 -486 -908 -622 791 1107
2018 -1419 1301 840 -235 240 2436 -34 -2097 -202 -237 217 -3487 1784 1222 -1059 -621 922 371 -1442 197 218 758 -7281 2529 1144 -2336 3138 -1167 602 -328 -783 -2218 2108 1130 2858 2499 533 1087 -113 -1456 1394 552 644 1488 -1666 1027 -4314 -344 1381 1812 -2963 0 -140 1851 660 -2046 -696 2072 2175 1461 -95 -1976 932
2018 -1419 1301 840 -235 240 2436 -34 -2097 -202 -237 217 -3487 1784 1222 -1059 -621 922 371 -1442 197 218 758 -7281 2529 1144 -2336 3138 -1167 602 -328 -783 -2218 2108 1130 2858 2499 533 1087 -113 -1456 1394 552 644 1488 -1666 1027 -4314 -344 1381 1812 -2963 0 -140 1851 660 -2046 -696 2072 2175 1461 -95 -1976 932
2018 -1419 1301 840 -235 240 2436 -34 -2097 -202 -237 217 -3487 1784 1222 -1059 -621 922 371 -1442 197 218 758 -7281 2529 1144 -2336 3138 -1167 602 -328 -783 -2218 2108 1130 2858 2499 533 1087 -113 -1456 1394 552 644 1488 -1666 1027 -4314 -344 1381 1812 -2963 0 -140 1851 660 -2046 -696 2072 2175 1461 -95 -1976 932
2018 -1419 1301 840 -235 240 2436 -34 -2097 -202 -237 217 -3487 1784 1222 -1059 -621 922 371 -1442 197 218 758 -7281 2529 1144 -2336 3138 -1167 602 -328 -783 -2218 2108 1130 2858 2499 533 1087 -113 -1456 1394 552 644 1488 -1666 1027 -4314 -344 1381 1812 -2963 0 -140 1851 660 -2046 -696 2072 2175 1461 -95 -1976 932
2018 -1419 1301 840 -235 240 2436 -34 -2097 -202 -237 217 -3487 1784 1222 -1059 -621 922 371 -1442 197 218 758 -7281 2529 1144 -2336 3138 -1167 602 -328 -783 -2218 2108 1130 2858 2499 533 1087 -113 -1456 1394 552 644 1488 -1666 1027 -4314 -344 1381 1812 -2963 0 -140 1851 660 -2046 -696 2072 2175 1461 -95 -1976 932
2018 -1419 1301 840 -235 240 2436 -34 -2097 -202 -237 217 -3487 1784 1222 -1059 -621 922 371 -1442 197 218 758 -7281 2529 1144 -2336 3138 -1167 602 -328 -783 -2218 2108 1130 2858 2499 533 1087 -113 -1456 1394 552 644 1488 -1666 1027 -4314 -344 1381 1812 -2963 0 -140 1851 660 -2046 -696 2072 2175 1461 -95 -1976 932
2018 -1419 1301 840 -235 240 2436 -34 -2097 -202 -237 217 -3487 1784 1222 -1059 -621 922 371 -1442 197 218 758 -7281 2529 1144 -2336 3138 -1167 602 -328 -783 -2218 2108 1130 2858 2499 533 1087 -113 -1456 1394 552 644 1488 -1666 1027 -4314 -344 1381 1812 -2963 0 -140 1851 660 -2046 -696 2072 2175 1461 -95 -1976 932
2018 -1419 1301 840 -235 240 2436 -34 -2097 -202 -237 217 -3487 1784 1222 -1059 -621 922 371 -1442 197 218 758 -7281 2529 1144 -2336 3138 -1167 602 -328 -783 -2218 2108 1130 2858 2499 533 1087 -113 -1456 1394 552 644 1488 -1666 1027 -4314 -344 1381 1812 -2963 0 -140 1851 660 -2046 -696 2072 2175 1461 -95 -1976 932
2018 -1419 1301 840 -235 240 2436 -34 -2097 -202 -237 217 -3487 1784 1222 -1059 -621 922 371 -1442 197 218 758 -7281 2529 1144 -2336 3138 -1167 602 -328 -783 -2218 2108 1130 2858 2499 533 1087 -113 -1456 1394 552 644 1488 -1666 1027 -4314 -344 1381 1812 -2963 0 -140 1851 660 -2046 -696 2072 2175 1461 -95 -1976 932
2018 -1419 1301 840 -235 240 2436 -34 -2097 -202 -237 217 -3487 1784 1222 -1059 -621 922 371 -1442 197 218 758 -7281 2529 1144 -2336 3138 -1167 602 -328 -783 -2218 2108 1130 2858 2499 533 1087 -113 -1456 1394 552 644 1488 -1666 1027 -4314 -344 1381 1812 -2963 0 -140 1851 660 -2046 -696 2072 2175 1461 -95 -1976 932
2018 -1419 1301 840 -235 240 2436 -34 -2097 -202 -237 217 -3487 1784 1222 -1059 -621 922 371 -1442 197 218 758 -7281 2529 1144 -2336 3138 -1167 602 -328 -783 -2218 2108 1130 2858 2499 533 1087 -113 -1456 1394 552 644 1488 -1666 1027 -4314 -344 1381 1812 -2963 0 -140 1851 660 -2046 -696 2072 2175 1461 -95 -1976 932
2018 -1419 1301 840 -235 240 2436 -34 -2097 -202 -237 217 -3487 1784 1222 -1059 -621 922 371 -1442 197 218 758 -7281 2529 1144 -2336 3138 -1167 602 -328 -783 -2218 2108 1130 2858 2499 533 1087 -113 -1456 1394 552 644 1488 -1666 1027 -4314 -344 1381 1812 -2963 0 -140 1851 660 -2046 -696 2072 2175 1461 -95 -1976 932
2018 -1419 1301 840 -235 240 2436 -34 -2097 -202 -237 217 -3487 1784 1222 -1059 -621 922 371 -1442 197 218 758 -7281 2529 1144 -2336 3138 -1167 602 -328 -783 -2218 2108 1130 2858 2499 533 1087 -113 -1456 1394 552 644 1488 -1666 1027 -4314 -344 1381 1812 -2963 0 -140 1851 660 -2046 -696 2072 2175 1461 -95 -1976 932
2018 -1419 1301 840 -235 240 2436 -34 -2097 -202 -237 217 -3487 1784 1222 -1059 -621 922 371 -1442 197 218 758 -7281 2529 1144 -2336 3138 -1167 602 -328 -783 -2218 2108 1130 2858 2499 533 1087 -113 -1456 1394 552 644 1488 -1666 1027 -4314 -344 1381 1812 -2963 0 -140 1851 660 -2046 -696 2072 2175 1461 -95 -1976 932
2018 -1419 1301 840 -235 240 2436 -34 -2097 -202 -237 217 -3487 1784 1222 -1059 -621 922 371 -1442 197 218 758 -7281 2529 1144 -2336 3138 -1167 602 -328 -783 -2218 2108 1130 2858 2499 533 1087 -113 -1456 1394 552 644 1488 -1666 1027 -4314 -344 1381 1812 -2963 0 -140 1851 660 -2046 -696 2072 2175 1461 -95 -1976 932
2018 -1419 1301 840 -235 240 2436 -34 -2097 -202 -237 217 -3487 1784 1222 -1059 -621 922 371 -1442 197 218 758 -7281 2529 1144 -2336 3138 -1167 602 -328 -783 -2218 2108 1130 2858 2499 533 1087 -113 -1456 1394 552 644 1488 -1666 1027 -4314 -344 1381 1812 -2963 0 -140 1851 660 -2046 -696 2072 2175 1461 -95 -1976 932
2018 -1419 1301 840 -235 240 2436 -34 -2097 -202 -237 217 -3487 1784 1222 -1059 -621 922 371 -1442 197 218 758 -7281 2529 1144 -2336 3138 -1167 602 -328 -783 -2218 2108 1130 2858 2499 533 1087 -113 -1456 1394 552 644 1488 -1666 1027 -4314 -344 1381 1812 -2963 0 -140 1851 660 -2046 -696 2072 2175 1461 -95 -1976 932
2018 -1419 1301 840 -235 240 2436 -34 -2097 -202 -237 217 -3487 1784 1222 -1059 -621 922 371 -1442 197 218 758 -7281 2529 1144 -2336 3138 -1167 602 -328 -783 -2218 2108 1130 2858 2499 533 1087 -113 -1456 1394 552 644 1488 -1666 1027 -4314 -344 1381 1812 -2963 0 -140 1851 660 -2046 -696 2072 2175 1461 -95 -1976 932
2018 -1419 1301 840 -235 240 2436 -34 -2097 -202 -237 217 -3487 1784 1222 -1059 -621 922 371 -1442 197 218 758 -7281 2529 1144 -2336 3138 -1167 602 -328 -783 -2218 2108 1130 2858 2499 533 1087 -113 -1456 1394 552 644 1488 -1666 1027 -4314 -344 1381 1812 -2963 0 -140 1851 660 -2046 -696 2072 2175 1461 -95 -1976 932
2018 -1419 1301 840 -235 240 2436 -34 -2097 -202 -237 217 -3487 1784 1222 -1059 -621 922 371 -1442 197 218 758 -7281 2529 1144 -2336 3138 -1167 602 -328 -783 -2218 2108 1130 2858 2499 533 1087 -113 -1456 1394 552 644 1488 -1666 1027 -4314 -344 1381 1812 -2963 0 -140 1851 660 -2046 -696 2072 2175 1461 -95 -1976 932
2018 -1419 1301 840 -235 240 2436 -34 -2097 -202 -237 217 -3487 1784 1222 -1059 -621 922 371 -1442 197 218 758 -7281 2529 1144 -2336 3138 -1167 602 -328 -783 -2218 2108 1130 2858 2499 533 1087 -113 -1456 1394 552 644 1488 -1666 1027 -4314 -344 1381 1812 -2963 0 -140 1851 660 -2046 -696 2072 2175 1461 -95 -1976 932
2018 -1419 1301 840 -235 240 2436 -34 -2097 -202 -237 217 -3487 1784 1222 -1059 -621 922 371 -1442 197 218 758 -7281 2529 1144 -2336 3138 -1167 602 -328 -783 -2218 2108 1130 2858 2499 533 1087 -113 -1456 1394 552 644 1488 -1666 1027 -4314 -344 1381 1812 -2963 0 -140 1851 660 -2046 -696 2072 2175 1461 -95 -1976 932
2018 -1419 1301 840 -235 240 2436 -34 -2097 -202 -237 217 -3487 1784 1222 -1059 -621 922 371 -1442 197 218 758 -7281 2529 1144 -2336 3138 -1167 602 -328 -783 -2218 2108 1130 2858 2499 533 1087 -113 -1456 1394 552 644 1488 -1666 1027 -4314 -344 1381 1812 -2963 0 -140 1851 660 -2046 -696 2072 2175 1461 -95 -1976 932
2018 -1419 1301 840 -235 240 2436 -34 -2097 -202 -237 217 -3487 1784 1222 -1059 -621 922 371 -1442 197 218 758 -7281 2529 1144 -2336 3138 -1167 602 -328 -783 -2218 2108 1130 2858 2499 533 1087 -113 -1456 1394 552 644 1488 -1666 1027 -4314 -344 1381 1812 -2963 0 -140 1851 660 -2046 -696 2072 2175 1461 -95 -1976 932
2018 -1419 1301 840 -235 240 2436 -34 -2097 -202 -237 217 -3487 1784 1222 -1059 -621 922 371 -1442 197 218 758 -7281 2529 1144 -2336 3138 -1167 602 -328 -783 -2218 2108 1130 2858 2499 533 1087 -113 -1456 1394 552 644 1488 -1666 1027 -4314 -344 1381 1812 -2963 0 -140 1851 660 -2046 -696 2072 2175 1461 -95 -1976 932
2018 -1419 1301 840 -235 240 2436 -34 -2097 -202 -237 217 -3487 1784 1222 -1059 -621 922 371 -1442 197 218 758 -7281 2529 1144 -2336 3138 -1167 602 -328 -783 -2218 2108 1130 2858 2499 533 1087 -113 -1456 1394 552 644 1488 -1666 1027 -4314 -344 1381 1812 -2963 0 -140 1851 660 -2046 -696 2072 2175 1461 -95 -1976 932
2018 -1419 1301 840 -235 240 2436 -34 -2097 -202 -237 217 -3487 1784 1222 -1059 -621 922 371 -1442 197 218 758 -7281 2529 1144 -2336 3138 -1167 602 -328 -783 -2218 2108 1130 2858 2499 533 1087 -113 -1456 1394 552 644 1488 -1666 1027 -4314 -344 1381 1812 -2963 0 -140 1851 660 -2046 -696 2072 2175 1461 -95 -1976 932
2018 -1419 1301 840 -235 240 2436 -34 -2097 -202 -237 217 -3487 1784 1222 -1059 -621 922 371 -1442 197 218 758 -7281 2529 1144 -2336 3138 -1167 602 -328 -783 -2218 2108 1130 2858 2499 533 1087 -113 -1456 1394 552 644 1488 -1666 1027 -4314 -344 1381 1812 -2963 0 -140 1851 660 -2046 -696 2072 2175 1461 -95 -1976 932
2018 -1419 1301 840 -235 240 2436 -34 -2097 -202 -237 217 -3487 1784 1222 -1059 -621 922 371 -1442 197 218 758 -7281 2529 1144 -2336 3138 -1167 602 -328 -783 -2218 2108 1130 2858 2499 533 1087 -113 -1456 1394 552 644 1488 -1666 1027 -4314 -344 1381 1812 -2963 0 -140 1851 660 -2046 -696 2072 2175 1461 -95 -1976 932
2018 -1419 1301 840 -235 240 2436 -34 -2097 -202 -237 217 -3487 1784 1222 -1059 -621 922 371 -1442 197 218 758 -7281 2529 1144 -2336 3138 -1167 602 -328 -783 -2218 2108 1130 2858 2499 533 1087 -113 -1456 1394 552 644 1488 -1666 1027 -4314 -344 1381 1812 -2963 0 -140 1851 660 -2046 -696 2072 2175 1461 -95 -1976 932
2018 -1419 1301 840 -235 240 2436 -34 -2097 -202 -237 217 -3487 1784 1222 -1059 -621 922 371 -1442 197 218 758 -7281 2529 1144 -2336 3138 -1167 602 -328 -783 -2218 2108 1130 2858 2499 533 1087 -113 -1456 1394 552 644 1488 -1666 1027 -4314 -344 1381 1812 -2963 0 -140 1851 660 -2046 -696 2072 2175 1461 -95 -1976 932
2018 -1419 1301 840 -235 240 2436 -34 -2097 -202 -237 217 -3487 1784 1222 -1059 -621 922 371 -1442 197 218 758 -7281 2529 1144 -2336 3138 -1167 602 -328 -783 -2218 2108 1130 2858 2499 533 1087 -113 -1456 1394 552 644 1488 -1666 1027 -4314 -344 1381 1812 -2963 0 -140 1851 660 -2046 -696 2072 2175 1461 -95 -1976 932
2018 -1419 1301 840 -235 240 2436 -34 -2097 -202 -237 217 -3487 1784 1222 -1059 -621 922 371 -1442 197 218 758 -7281 2529 1144 -2336 3138 -1167 602 -328 -783 -2218 2108 1130 2858 2499 533 1087 -113 -1456 1394 552 644 1488 -1666 1027 -4314 -344 1381 1812 -2963 0 -140 1851 660 -2046 -696 2072 2175 1461 -95 -1976 932
2018 -1419 1301 840 -235 240 2436 -34 -2097 -202 -237 217 -3487 1784 1222 -1059 -621 922 371 -1442 197 218 758 -7281 2529 1144 -2336 3138 -1167 602 -328 -783 -2218 2108 1130 2858 2499 533 1087 -113 -1456 1394 552 644 1488 -1666 1027 -4314 -344 1381 1812 -2963 0 -140 1851 660 -2046 -696 2072 2175 1461 -95 -1976 932
2018 -1419 1301 840 -235 240 2436 -34 -2097 -202 -237 217 -3487 1784 1222 -1059 -621 922 371 -1442 197 218 758 -7281 2529 1144 -2336 3138 -1167 602 -328 -783 -2218 2108 1130 2858 2499 533 1087 -113 -1456 1394 552 644 1488 -1666 1027 -4314 -344 1381 1812 -2963 0 -140 1851 660 -2046 -696 2072 2175 1461 -95 -1976 932
2018 -1419 1301 840 -235 240 2436 -34 -2097 -202 -237 217 -3487 1784 1222 -1059 -621 922 371 -1442 197 218 758 -7281 2529 1144 -2336 3138 -1167 602 -328 -783 -2218 2108 1130 2858 2499 533 1087 -113 -1456 1394 552 644 1488 -1666 1027 -4314 -344 1381 1812 -2963 0 -140 1851 660 -2046 -696 2072 2175 1461 -95 -1976 932
2018 -1419 1301 840 -235 240 2436 -34 -2097 -202 -237 217 -3487 1784 1222 -1059 -621 922 371 -1442 197 218 758 -7281 2529 1144 -2336 3138 -1167 602 -328 -783 -2218 2108 1130 2858 2499 533 1087 -113 -1456 1394 552 644 1488 -1666 1027 -4314 -344 1381 1812 -2963 0 -140 1851 660 -2046 -696 2072 2175 1461 -95 -1976 932
2018 -1419 1301 840 -235 240 2436 -34 -2097 -202 -237 217 -3487 1784 1222 -1059 -621 922 371 -1442 197 218 758 -7281 2529 1144 -2336 3138 -1167 602 -328 -783 -2218 2108 1130 2858 2499 533 1087 -113 -1456 1394 552 644 1488 -1666 1027 -4314 -344 1381 1812 -2963 0 -140 1851 660 -2046 -696 2072 2175 1461 -95 -1976 932
2018 -1419 1301 840 -235 240 2436 -34 -2097 -202 -237 217 -3487 1784 1222 -1059 -621 922 371 -1442 197 218 758 -7281 2529 1144 -2336 3138 -1167 602 -328 -783 -2218 2108 1130 2858 2499 533 1087 -113 -1456 1394 552 644 1488 -1666 1027 -4314 -344 1381 1812 -2963 0 -140 1851 660 -2046 -696 2072 2175 1461 -95 -1976 932
2018 -1419 1301 840 -235 240 2436 -34 -2097 -202 -237 217 -3487 1784 1222 -1059 -621 922 371 -1442 197 218 758 -7281 2529 1144 -2336 3138 -1167 602 -328 -783 -2218 2108 1130 2858 2499 533 1087 -113 -1456 1394 552 644 1488 -1666 1027 -4314 -344 1381 1812 -2963 0 -140 1851 660 -2046 -696 2072 2175 1461 -95 -1976 932
2018 -1419 1301 840 -235 240 2436 -34 -2097 -202 -237 217 -3487 1784 1222 -1059 -621 922 371 -1442 197 218 758 -7281 2529 1144 -2336 3138 -1167 602 -328 -783 -2218 2108 1130 2858 2499 533 1087 -113 -1456 1394 552 644 1488 -1666 1027 -4314 -344 1381 1812 -2963 0 -140 1851 660 -2046 -696 2072 2175 1461 -95 -1976 932
2018 -1419 1301 840 -235 240 2436 -34 -2097 -202 -237 217 -3487 1784 1222 -1059 -621 922 371 -1442 197 218 758 -7281 2529 1144 -2336 3138 -1167 602 -328 -783 -2218 2108 1130 2858 2499 533 1087 -113 -1456 1394 552 644 1488 -1666 1027 -4314 -344 1381 1812 -2963 0 -140 1851 660 -2046 -696 2072 2175 1461 -95 -1976 932
2018 -1419 1301 840 -235 240 2436 -34 -2097 -202 -237 217 -3487 1784 1222 -1059 -621 922 371 -1442 197 218 758 -7281 2529 1144 -2336 3138 -1167 602 -328 -783 -2218 2108 1130 2858 2499 533 1087 -113 -1456 1394 552 644 1488 -1666 1027 -4314 -344 1381 1812 -2963 0 -140 1851 660 -2046 -696 2072 2175 1461 -95 -1976 932
2018 -1419 1301 840 -235 240 2436 -34 -2097 -202 -237 217 -3487 1784 1222 -1059 -621 922 371 -1442 197 218 758 -7281 2529 1144 -2336 3138 -1167 602 -328 -783 -2218 2108 1130 2858 2499 533 1087 -113 -1456 1394 552 644 1488 -1666 1027 -4314 -344 1381 1812 -2963 0 -140 1851 660 -2046 -696 2072 2175 1461 -95 -1976 932
2018 -1419 1301 840 -235 240 2436 -34 -2097 -202 -237 217 -3487 1784 1222 -1059 -621 922 371 -1442 197 218 758 -7281 2529 1144 -2336 3138 -1167 602 -328 -783 -2218 2108 1130 2858 2499 533 1087 -113 -1456 1394 552 644 1488 -1666 1027 -4314 -344 1381 1812 -2963 0 -140 1851 660 -2046 -696 2072 2175 1461 -95 -1976 932
2018 -1419 1301 840 -235 240 2436 -34 -2097 -202 -237 217 -3487 1784 1222 -1059 -621 922 371 -1442 197 218 758 -7281 2529 1144 -2336 3138 -1167 602 -328 -783 -2218 2108 1130 2858 2499 533 1087 -113 -1456 1394 552 644 1488 -1666 1027 -4314 -344 1381 1812 -2963 0 -140 1851 660 -2046 -696 2072 2175 1461 -95 -1976 932
2018 -1419 1301 840 -235 240 2436 -34 -2097 -202 -237 217 -3487 1784 1222 -1059 -621 922 371 -1442 197 218 758 -7281 2529 1144 -2336 3138 -1167 602 -328 -783 -2218 2108 1130 2858 2499 533 1087 -113 -1456 1394 552 644 1488 -1666 1027 -4314 -344 1381 1812 -2963 0 -140 1851 660 -2046 -696 2072 2175 1461 -95 -1976 932
2018 -1419 1301 840 -235 240 2436 -34 -2097 -202 -237 217 -3487 1784 1222 -1059 -621 922 371 -1442 197 218 758 -7281 2529 1144 -2336 3138 -1167 602 -328 -783 -2218 2108 1130 2858 2499 533 1087 -113 -1456 1394 552 644 1488 -1666 1027 -4314 -344 1381 1812 -2963 0 -140 1851 660 -2046 -696 2072 2175 1461 -95 -1976 932
2018 -1419 1301 840 -235 240 2436 -34 -2097 -202 -237 217 -3487 1784 1222 -1059 -621 922 371 -1442 197 218 758 -7281 2529 1144 -2336 3138 -1167 602 -328 -783 -2218 2108 1130 2858 2499 533 1087 -113 -1456 1394 552 644 1488 -1666 1027 -4314 -344 1381 1812 -2963 0 -140 1851 660 -2046 -696 2072 2175 1461 -95 -1976 932
2018 -1419 1301 840 -235 240 2436 -34 -2097 -202 -237 217 -3487 1784 1222 -1059 -621 922 371 -1442 197 218 758 -7281 2529 1144 -2336 3138 -1167 602 -328 -783 -2218 2108 1130 2858 2499 533 1087 -113 -1456 1394 552 644 1488 -1666 1027 -4314 -344 1381 1812 -2963 0 -140 1851 660 -2046 -696 2072 2175 1461 -95 -1976 932
2018 -1419 1301 840 -235 240 2436 -34 -2097 -202 -237 217 -3487 1784 1222 -1059 -621 922 371 -1442 197 218 758 -7281 2529 1144 -2336 3138 -1167 602 -328 -783 -2218 2108 1130 2858 2499 533 1087 -113 -1456 1394 552 644 1488 -1666 1027 -4314 -344 1381 1812 -2963 0 -140 1851 660 -2046 -696 2072 2175 1461 -95 -1976 932
2018 -1419 1301 840 -235 240 2436 -34 -2097 -202 -237 217 -3487 1784 1222 -1059 -621 922 371 -1442 197 218 758 -7281 2529 1144 -2336 3138 -1167 602 -328 -783 -2218 2108 1130 2858 2499 533 1087 -113 -1456 1394 552 644 1488 -1666 1027 -4314 -344 1381 1812 -2963 0 -140 1851 660 -2046 -696 2072 2175 1461 -95 -1976 932
2018 -1419 1301 840 -235 240 2436 -34 -2097 -202 -237 217 -3487 1784 1222 -1059 -621 922 371 -1442 197 218 758 -7281 2529 1144 -2336 3138 -1167 602 -328 -783 -2218 2108 1130 2858 2499 533 1087 -113 -1456 1394 552 644 1488 -1666 1027 -4314 -344 1381 1812 -2963 0 -140 1851 660 -2046 -696 2072 2175 1461 -95 -1976 932
2018 -1419 1301 840 -235 240 2436 -34 -2097 -202 -237 217 -3487 1784 1222 -1059 -621 922 371 -1442 197 218 758 -7281 2529 1144 -2336 3138 -1167 602 -328 -783 -2218 2108 1130 2858 2499 533 1087 -113 -1456 1394 552 644 1488 -1666 1027 -4314 -344 1381 1812 -2963 0 -140 1851 660 -2046 -696 2072 2175 1461 -95 -1976 932
2018 -1419 1301 840 -235 240 2436 -34 -2097 -202 -237 217 -3487 1784 1222 -1059 -621 922 371 -1442 197 218 758 -7281 2529 1144 -2336 3138 -1167 602 -328 -783 -2218 2108 1130 2858 2499 533 1087 -113 -1456 1394 552 644 1488 -1666 1027 -4314 -344 1381 1812 -2963 0 -140 1851 660 -2046 -696 2072 2175 1461 -95 -1976 932
2018 -1419 1301 840 -235 240 2436 -34 -2097 -202 -237 217 -3487 1784 1222 -1059 -621 922 371 -1442 197 218 758 -7281 2529 1144 -2336 3138 -1167 602 -328 -783 -2218 2108 1130 2858 2499 533 1087 -113 -1456 1394 552 644 1488 -1666 1027 -4314 -344 1381 1812 -2963 0 -140 1851 660 -2046 -696 2072 2175 1461 -95 -1976 932
2018 -1419 1301 840 -235 240 2436 -34 -2097 -202 -237 217 -3487 1784 1222 -1059 -621 922 371 -1442 197 218 758 -7281 2529 1144 -2336 3138 -1167 602 -328 -783 -2218 2108 1130 2858 2499 533 1087 -113 -1456 1394 552 644 1488 -1666 1027 -4314 -344 1381 1812 -2963 0 -140 1851 660 -2046 -696 2072 2175 1461 -95 -1976 932
2018 -1419 1301 840 -235 240 2436 -34 -2097 -202 -237 217 -3487 1784 1222 -1059 -621 922 371 -1442 197 218 758 -7281 2529 1144 -2336 3138 -1167 602 -328 -783 -2218 2108 1130 2858 2499 533 1087 -113 -1456 1394 552 644 1488 -1666 1027 -4314 -344 1381 1812 -2963 0 -140 1851 660 -2046 -696 2072 2175 1461 -95 -1976 932
2018 -1419 1301 840 -235 240 2436 -34 -2097 -202 -237 217 -3487 1784 1222 -1059 -621 922 371 -1442 197 218 758 -7281 2529 1144 -2336 3138 -1167 602 -328 -783 -2218 2108 1130 2858 2499 533 1087 -113 -1456 1394 552 644 1488 -1666 1027 -4314 -344 1381 1812 -2963 0 -140 1851 660 -2046 -696 2072 2175 1461 -95 -1976 932
2018 -1419 1301 840 -235 240 2436 -34 -2097 -202 -237 217 -3487 1784 1222 -1059 -621 922 371 -1442 197 218 758 -7281 2529 1144 -2336 3138 -1167 602 -328 -783 -2218 2108 1130 2858 2499 533 1087 -113 -1456 1394 552 644 1488 -1666 1027 -4314 -344 1381 1812 -2963 0 -140 1851 660 -2046 -696 2072 2175 1461 -95 -1976 932
2018 -1419 1301 840 -235 240 2436 -34 -2097 -202 -237 217 -3487 1784 1222 -1059 -621 922 371 -1442 197 218 758 -7281 2529 1144 -2336 3138 -1167 602 -328 -783 -2218 2108 1130 2858 2499 533 1087 -113 -1456 1394 552 644 1488 -1666 1027 -4314 -344 1381 1812 -2963 0 -140 1851 660 -2046 -696 2072 2175 1461 -95 -1976 932
2018 -1419 1301 840 -235 240 2436 -34 -2097 -202 -237 217 -3487 1784 1222 -1059 -621 922 371 -1442 197 218 758 -7281 2529 1144 -2336 3138 -1167 602 -328 -783 -2218 2108 1130 2858 2499 533 1087 -113 -1456 1394 552 644 1488 -1666 1027 -4314 -344 1381 1812 -2963 0 -140 1851 660 -2046 -696 2072 2175 1461 -95 -1976 932
2018 -1419 1301 840 -235 240 2436 -34 -2097 -202 -237 217 -3487 1784 1222 -1059 -621 922 371 -1442 197 218 758 -7281 2529 1144 -2336 3138 -1167 602 -328 -783 -2218 2108 1130 2858 2499 533 1087 -113 -1456 1394 552 644 1488 -1666 1027 -4314 -344 1381 1812 -2963 0 -140 1851 660 -2046 -696 2072 2175 1461 -95 -1976 932
2018 -1419 1301 840 -235 240 2436 -34 -2097 -202 -237 217 -3487 1784 1222 -1059 -621 922 371 -1442 197 218 758 -7281 2529 1144 -2336 3138 -1167 602 -328 -783 -2218 2108 1130 2858 2499 533 1087 -113 -1456 1394 552 644 1488 -1666 1027 -4314 -344 1381 1812 -2963 0 -140 1851 660 -2046 -696 2072 2175 1461 -95 -1976 932
2018 -1419 1301 840 -235 240 2436 -34 -2097 -202 -237 217 -3487 1784 1222 -1059 -621 922 371 -1442 197 218 758 -7281 2529 1144 -2336 3138 -1167 602 -328 -783 -2218 2108 1130 2858 2499 533 1087 -113 -1456 1394 552 644 1488 -1666 1027 -4314 -344 1381 1812 -2963 0 -140 1851 660 -2046 -696 2072 2175 1461 -95 -1976 932
2018 -1419 1301 840 -235 240 2436 -34 -2097 -202 -237 217 -3487 1784 1222 -1059 -621 922 371 -1442 197 218 758 -7281 2529 1144 -2336 3138 -1167 602 -328 -783 -2218 2108 1130 2858 2499 533 1087 -113 -1456 1394 552 644 1488 -1666 1027 -4314 -344 1381 1812 -2963 0 -140 1851 660 -2046 -696 2072 2175 1461 -95 -1976 932
2018 -1419 1301 840 -235 240 2436 -34 -2097 -202 -237 217 -3487 1784 1222 -1059 -621 922 371 -1442 197 218 758 -7281 2529 1144 -2336 3138 -1167 602 -328 -783 -2218 2108 1130 2858 2499 533 1087 -113 -1456 1394 552 644 1488 -1666 1027 -4314 -344 1381 1812 -2963 0 -140 1851 660 -2046 -696 2072 2175 1461 -95 -1976 932
2018 -1419 1301 840 -235 240 2436 -34 -2097 -202 -237 217 -3487 1784 1222 -1059 -621 922 371 -1442 197 218 758 -7281 2529 1144 -2336 3138 -1167 602 -328 -783 -2218 2108 1130 2858 2499 533 1087 -113 -1456 1394 552 644 1488 -1666 1027 -4314 -344 1381 1812 -2963 0 -140 1851 660 -2046 -696 2072 2175 1461 -95 -1976 932
2018 -1419 1301 840 -235 240 2436 -34 -2097 -202 -237 217 -3487 1784 1222 -1059 -621 922 371 -1442 197 218 758 -7281 2529 1144 -2336 3138 -1167 602 -328 -783 -2218 2108 1130 2858 2499 533 1087 -113 -1456 1394 552 644 1488 -1666 1027 -4314 -344 1381 1812 -2963 0 -140 1851 660 -2046 -696 2072 2175 1461 -95 -1976 932
2018 -1419 1301 840 -235 240 2436 -34 -2097 -202 -237 217 -3487 1784 1222 -1059 -621 922 371 -1442 197 218 758 -7281 2529 1144 -2336 3138 -1167 602 -328 -783 -2218 2108 1130 2858 2499 533 1087 -113 -1456 1394 552 644 1488 -1666 1027 -4314 -344 1381 1812 -2963 0 -140 1851 660 -2046 -696 2072 2175 1461 -95 -1976 932
2018 -1419 1301 840 -235 240 2436 -34 -2097 -202 -237 217 -3487 1784 1222 -1059 -621 922 371 -1442 197 218 758 -7281 2529 1144 -2336 3138 -1167 602 -328 -783 -2218 2108 1130 2858 2499 533 1087 -113 -1456 1394 552 644 1488 -1666 1027 -4314 -344 1381 1812 -2963 0 -140 1851 660 -2046 -696 2072 2175 1461 -95 -1976 932
2018 -1419 1301 840 -235 240 2436 -34 -2097 -202 -237 217 -3487 1784 1222 -1059 -621 922 371 -1442 197 218 758 -7281 2529 1144 -2336 3138 -1167 602 -328 -783 -2218 2108 1130 2858 2499 533 1087 -113 -1456 1394 552 644 1488 -1666 1027 -4314 -344 1381 1812 -2963 0 -140 1851 660 -2046 -696 2072 2175 1461 -95 -1976 932
2018 -1419 1301 840 -235 240 2436 -34 -2097 -202 -237 217 -3487 1784 1222 -1059 -621 922 371 -1442 197 218 758 -7281 2529 1144 -2336 3138 -1167 602 -328 -783 -2218 2108 1130 2858 2499 533 1087 -113 -1456 1394 552 644 1488 -1666 1027 -4314 -344 1381 1812 -2963 0 -140 1851 660 -2046 -696 2072 2175 1461 -95 -1976 932
2018 -1419 1301 840 -235 240 2436 -34 -2097 -202 -237 217 -3487 1784 1222 -1059 -621 922 371 -1442 197 218 758 -7281 2529 1144 -2336 3138 -1167 602 -328 -783 -2218 2108 1130 2858 2499 533 1087 -113 -1456 1394 552 644 1488 -1666 1027 -4314 -344 1381 1812 -2963 0 -140 1851 660 -2046 -696 2072 2175 1461 -95 -1976 932
2018 -1419 1301 840 -235 240 2436 -34 -2097 -202 -237 217 -3487 1784 1222 -1059 -621 922 371 -1442 197 218 758 -7281 2529 1144 -2336 3138 -1167 602 -328 -783 -2218 2108 1130 2858 2499 533 1087 -113 -1456 1394 552 644 1488 -1666 1027 -4314 -344 1381 1812 -2963 0 -140 1851 660 -2046 -696 2072 2175 1461 -95 -1976 932
2018 -1419 1301 840 -235 240 2436 -34 -2097 -202 -237 217 -3487 1784 1222 -1059 -621 922 371 -1442 197 218 758 -7281 2529 1144 -2336 3138 -1167 602 -328 -783 -2218 2108 1130 2858 2499 533 1087 -113 -1456 1394 552 644 1488 -1666 1027 -4314 -344 1381 1812 -2963 0 -140 1851 660 -2046 -696 2072 2175 1461 -95 -1976 932
2018 -1419 1301 840 -235 240 2436 -34 -2097 -202 -237 217 -3487 1784 1222 -1059 -621 922 371 -1442 197 218 758 -7281 2529 1144 -2336 3138 -1167 602 -328 -783 -2218 2108 1130 2858 2499 533 1087 -113 -1456 1394 552 644 1488 -1666 1027 -4314 -344 1381 1812 -2963 0 -140 1851 660 -2046 -696 2072 2175 1461 -95 -1976 932
2018 -1419 1301 840 -235 240 2436 -34 -2097 -202 -237 217 -3487 1784 1222 -1059 -621 922 371 -1442 197 218 758 -7281 2529 1144 -2336 3138 -1167 602 -328 -783 -2218 2108 1130 2858 2499 533 1087 -113 -1456 1394 552 644 1488 -1666 1027 -4314 -344 1381 1812 -2963 0 -140 1851 660 -2046 -696 2072 2175 1461 -95 -1976 932
2018 -1419 1301 840 -235 240 2436 -34 -2097 -202 -237 217 -3487 1784 1222 -1059 -621 922 371 -1442 197 218 758 -7281 2529 1144 -2336 3138 -1167 602 -328 -783 -2218 2108 1130 2858 2499 533 1087 -113 -1456 1394 552 644 1488 -1666 1027 -4314 -344 1381 1812 -2963 0 -140 1851 660 -2046 -696 2072 2175 1461 -95 -1976 932
2018 -1419 1301 840 -235 240 2436 -34 -2097 -202 -237 217 -3487 1784 1222 -1059 -621 922 371 -1442 197 218 758 -7281 2529 1144 -2336 3138 -1167 602 -328 -783 -2218 2108 1130 2858 2499 533 1087 -113 -1456 1394 552 644 1488 -1666 1027 -4314 -344 1381 1812 -2963 0 -140 1851 660 -2046 -696 2072 2175 1461 -95 -1976 932
2018 -1419 1301 840 -235 240 2436 -34 -2097 -202 -237 217 -3487 1784 1222 -1059 -621 922 371 -1442 197 218 758 -7281 2529 1144 -2336 3138 -1167 602 -328 -783 -2218 2108 1130 2858 2499 533 1087 -113 -1456 1394 552 644 1488 -1666 1027 -4314 -344 1381 1812 -2963 0 -140 1851 660 -2046 -696 2072 2175 1461 -95 -1976 932
2018 -1419 1301 840 -235 240 2436 -34 -2097 -202 -237 217 -3487 1784 1222 -1059 -621 922 371 -1442 197 218 758 -7281 2529 1144 -2336 3138 -1167 602 -328 -783 -2218 2108 1130 2858 2499 533 1087 -113 -1456 1394 552 644 1488 -1666 1027 -4314 -344 1381 1812 -2963 0 -140 1851 660 -2046 -696 2072 2175 1461 -95 -1976 932
2018 -1419 1301 840 -235 240 2436 -34 -2097 -202 -237 217 -3487 1784 1222 -1059 -621 922 371 -1442 197 218 758 -7281 2529 1144 -2336 3138 -1167 602 -328 -783 -2218 2108 1130 2858 2499 533 1087 -113 -1456 1394 552 644 1488 -1666 1027 -4314 -344 1381 1812 -2963 0 -140 1851 660 -2046 -696 2072 2175 1461 -95 -1976 932
2018 -1419 1301 840 -235 240 2436 -34 -2097 -202 -237 217 -3487 1784 1222 -1059 -621 922 371 -1442 197 218 758 -7281 2529 1144 -2336 3138 -1167 602 -328 -783 -2218 2108 1130 2858 2499 533 1087 -113 -1456 1394 552 644 1488 -1666 1027 -4314 -344 1381 1812 -2963 0 -140 1851 660 -2046 -696 2072 2175 1461 -95 -1976 932
2018 -1419 1301 840 -235 240 2436 -34 -2097 -202 -237 217 -3487 1784 1222 -1059 -621 922 371 -1442 197 218 758 -7281 2529 1144 -2336 3138 -1167 602 -328 -783 -2218 2108 1130 2858 2499 533 1087 -113 -1456 1394 552 644 1488 -1666 1027 -4314 -344 1381 1812 -2963 0 -140 1851 660 -2046 -696 2072 2175 1461 -95 -1976 932
2018 -1419 1301 840 -235 240 2436 -34 -2097 -202 -237 217 -3487 1784 1222 -1059 -621 922 371 -1442 197 218 758 -7281 2529 1144 -2336 3138 -1167 602 -328 -783 -2218 2108 1130 2858 2499 533 1087 -113 -1456 1394 552 644 1488 -1666 1027 -4314 -344 1381 1812 -2963 0 -140 1851 660 -2046 -696 2072 2175 1461 -95 -1976 932
2018 -1419 1301 840 -235 240 2436 -34 -2097 -202 -237 217 -3487 1784 1222 -1059 -621 922 371 -1442 197 218 758 -7281 2529 1144 -2336 3138 -1167 602 -328 -783 -2218 2108 1130 2858 2499 533 1087 -113 -1456 1394 552 644 1488 -1666 1027 -4314 -344 1381 1812 -2963 0 -140 1851 660 -2046 -696 2072 2175 1461 -95 -1976 932
