-237 502 472 -350 -105 470 -338 170 179 -143 -326 -2550 -805 188 -2901 68 -69 -94 -259 258 441 -633 -845 -176 261 984 -39 -451 -504 -288 -12 -1304 366 -140 -670 -512 113 -106 328 -592 -195 -599 -287 -957 169 357 373 202 41 85 -166 -858 -21 -188 147 -293 550 270 548 -263 -331 149 425 -471
938 1036 -1153 955 -763 258 671 -953 250 -630 1761 -1703 -4187 1411 -4684 -1167 -192 -1006 -1706 223 2182 427 -1954 -1472 228 -2901 967 1909 1693 -2616 941 648 -644 -2394 -2868 1484 -1215 -2930 -1904 2587 -1720 854 1663 2382 64 780 1895 -1891 -987 943 -294 475 -246 721 -2167 1191 -731 235 -276 -3181 -202 -1238 -111 2160
1045 1145 -1000 955 656 809 -990 -645 -1477 1822 3615 -1160 -5126 1207 -4750 -178 -676 -1198 -2540 -551 970 -1348 -4036 -2347 456 -2660 -426 1438 799 516 391 -1879 1399 -1013 -1078 982 -806 -2958 -1988 2062 -719 -1425 2057 1403 -2170 2940 2690 -1212 -1580 998 1773 2980 -1158 -224 -835 -1367 364 -2389 -1275 -1961 1255 -1308 2211 1055
44 657 466 603 754 1222 -1658 -151 -714 -443 2422 -123 -3896 1109 -5539 -1081 -612 -820 -1640 322 592 -1043 -3757 -1855 313 -3436 -326 1599 1641 -6 1457 -2014 1458 -1044 -1349 -1100 195 -3823 -644 1263 -233 -1421 1321 941 -3007 2105 3283 -447 -605 1474 1520 2868 -1347 -370 -1380 -1240 1404 -3077 -420 -1630 293 21 1043 1362
748 1512 3788 -248 -244 -2752 -3542 2 -252 -3542 3536 1012 -3550 10 -5090 -1778 -1766 246 -1770 -242 4028 -762 -34 -2278 -1256 -7836 2010 1274 2034 -1262 22 -1026 6554 -2526 -1776 -3798 -746 -3816 758 1516 2516 238 1014 -246 -2550 2026 2048 2516 504 4042 -994 1284 -2026 -256 -1778 -1520 -1740 -3304 -2010 -1020 -1262 764 756 1022
-229 -706 823 1738 -505 199 -1564 2489 -1241 -573 1574 510 -3064 5 -6335 -2030 -1775 -989 -1533 1 2077 -503 -4478 -3530 -1517 -1902 1037 1518 1529 -771 1496 -1261 3621 -2043 -285 3158 -11 -5293 -1225 2763 -1205 -239 4500 -3499 -2041 543 4270 -2685 505 4310 -259 1507 -43 -500 -3759 -3012 958 -3293 -540 -1764 -1773 13 -725 -471
956 1900 1004 1778 -992 1464 -1524 2298 908 -1718 3944 -1428 -4500 1210 -8770 -2758 -1052 -532 -2492 1452 3242 1912 -3604 -3314 -1040 -2746 1258 1282 314 -520 2008 -302 4766 -2274 -496 2334 968 -2672 -60 1342 -3690 956 4088 -5492 -1790 1718 3592 -1826 -218 3592 2166 -1380 -726 218 -1148 -1596 290 -1124 -992 -2020 -2988 -484 932 1186
24 -1099 1405 2564 914 948 -1216 479 2082 1126 537 -1797 -2432 490 -6129 203 675 -935 -2368 222 -362 671 -2653 -985 -1139 -1896 948 1872 681 -1192 -197 -498 1437 -1187 -970 -1131 -217 -1890 -471 2329 -1395 -2120 1652 -1954 -2107 90 1017 -944 -494 2105 -664 2064 -685 -239 -938 -2112 -211 -1652 1847 -2141 -50 -498 1415 1865
425 122 382 1482 92 495 -920 435 617 102 1648 -1389 -2294 409 -4653 -736 106 -581 -1878 40 1641 -31 -2505 -1536 -34 -1622 420 410 -13 -1057 223 -455 1511 -710 -966 165 295 -1265 -472 1251 67 -1395 921 -222 -1410 1726 1642 -875 -1369 568 -210 1140 452 278 -832 -1045 101 -1653 114 -1389 -331 -1386 1088 1526
1709 255 27 1499 701 -713 -764 752 1264 -510 2242 -755 -2714 -973 -4523 -11 1220 1442 -1753 -485 3724 976 -2228 -297 240 -3942 1488 484 974 -2478 -465 -462 1988 -498 -1488 13 -968 -2210 -476 1499 489 -530 501 -279 -1723 3700 2234 2418 -1739 507 -1254 1215 1976 1476 -1266 224 -1229 -2222 972 -1018 -989 -2237 1252 2971
546 732 50 1009 374 828 -1392 -276 -485 526 2419 -1031 -3691 824 -5028 -368 -346 -951 -1955 -258 1000 -726 -3363 -1775 294 -2369 167 1433 844 -254 756 -1136 1301 -906 -941 369 -179 -2446 -1108 1529 -502 -1332 1535 356 -1966 1971 2473 -1066 -1072 1215 958 1906 -686 -164 -961 -1159 409 -2267 -379 -1937 329 -705 1472 1202
-101 632 687 405 -337 696 -996 29 139 -339 778 -1459 -2069 328 -3278 153 37 -500 -1099 3 1119 -445 -2063 -1098 498 -276 583 274 131 -923 528 -1158 1495 -637 -914 65 248 -1056 35 278 -580 -812 501 -139 -690 928 1381 -684 -497 1056 -51 -587 -255 267 -591 -641 198 -994 414 -1443 -99 54 1226 343
-41 35 844 623 -129 1712 -2281 -330 -59 -1596 1432 -792 -1947 672 -5657 -96 -227 -877 -1854 188 922 181 -3398 -2069 363 -2186 1172 948 1572 -1076 2254 -227 609 -1322 -645 153 476 -2794 420 783 -1374 -1364 793 -847 -1839 979 2795 -718 40 2447 661 301 -1020 412 -1535 -610 650 -1824 347 -2384 -20 392 913 1145
14 -637 858 1187 -1183 695 -657 -151 512 -1397 1482 -1301 -2274 503 -5354 988 -72 -174 -1849 -961 1705 1162 -2400 -2326 813 -1315 1155 468 -86 -1009 1747 1039 1352 -57 -622 814 -120 -541 -95 1677 -1483 -1778 1703 -3129 -1746 412 2356 -2497 -493 2575 -197 -406 403 755 -1637 -1950 -40 -1839 473 -3073 -509 489 1004 1731
132 346 1344 1169 -926 858 -1650 -310 410 -1967 2799 -1171 -3066 555 -6602 1715 -30 -240 -2598 -1033 3374 1221 -2889 -2920 1115 -2928 2735 1190 1633 -1735 1655 458 2593 -443 -1205 162 -555 -2169 1342 3016 -937 -1092 1828 -2350 -2001 2442 2740 -1068 -551 3706 -60 -902 -576 1773 -3502 -1647 -886 -2836 324 -2667 738 -126 1640 1151
99 992 926 793 237 1885 -1137 760 668 -1527 541 -52 -2841 868 -6049 1415 -543 -311 -2047 -388 1188 72 -3085 -2021 1156 -1783 1509 1159 1725 -1534 2113 568 1365 160 -1120 -882 949 -2527 428 1817 -1837 -1429 905 -357 -2948 1394 3933 -1038 -858 2562 668 649 -468 739 -2655 -1180 703 -3293 143 -2133 356 675 910 1315
-100 1328 1345 -382 -6 1528 -2504 1129 436 -1666 2020 -58 -3223 1168 -6186 1871 -1183 124 -2446 -354 2615 164 -2860 -2410 985 -2930 2801 1275 1761 -1898 1482 -1 1682 -102 -2115 -917 3 -1921 1623 2353 158 -1348 694 -2745 -2308 1319 3081 -1343 -951 1830 -96 -516 -279 766 -2800 -946 -169 -2342 182 -2673 671 -84 2783 1222
727 2182 841 -321 -136 1649 -2140 1138 1825 -1297 1607 875 -2757 240 -5376 1719 -1436 9 -1924 90 2194 -1170 -1418 -1665 675 -2643 1541 1051 1608 -1596 1689 722 742 329 -2051 -763 -982 -1896 -53 2211 -1094 -787 539 -2031 -2191 1956 4015 886 -588 2277 -782 -3 96 -196 -2718 -337 -282 -1772 71 -1963 32 -34 2168 1760
-569 897 1303 1353 190 111 -1975 830 1187 -1462 1137 -1305 -1796 86 -6996 458 -1011 -72 -1702 -768 2741 -8 -2710 -2111 988 -1135 2055 1510 1464 -2301 1408 869 2571 -66 -1586 1593 259 -1869 527 922 -1297 -449 674 -3945 -816 1367 2704 -1066 -656 2971 -233 -1045 -315 679 -1747 -1235 694 -2225 472 -2887 174 872 1196 233
-647 1472 933 2132 54 -320 -2839 175 1271 -1112 1233 -2817 -1271 -505 -7507 -45 157 -371 -2396 -112 2674 239 -3220 -736 873 -876 2487 2721 1715 -2334 247 1146 3596 -236 -1881 2217 729 -2068 537 1232 -2406 -344 498 -4312 -507 1539 2904 -891 -746 3421 -460 -1368 -1046 504 -1598 -904 -353 -2247 532 -2175 342 1193 1836 508
-462 1107 140 1461 -1636 -149 205 887 673 -625 784 -4334 -717 76 -6146 536 -505 -421 -1460 -144 2088 -592 -2626 -1155 12 318 -207 45 60 -1305 635 34 1220 -511 -669 -511 680 -937 -868 168 619 -1256 885 -2910 -1330 1078 1507 -1683 -60 649 -813 -643 391 785 -295 -436 87 930 655 -2343 -22 12 1119 485
-109 643 430 1502 -1209 328 -692 238 390 -765 1464 -2468 -2083 436 -5511 575 -177 -660 -1769 -497 1911 -153 -2901 -1736 412 -962 720 807 519 -1576 1178 152 1677 -953 -897 511 389 -1445 -708 1044 -514 -1164 1323 -1480 -1456 1068 2059 -2003 -524 1648 -216 -348 -70 762 -953 -817 -249 -702 495 -2917 -21 58 1413 1005
-406 818 654 -282 -195 810 -270 213 403 -36 -446 -1455 -1249 56 -1537 -306 153 -358 -412 750 463 -530 -1080 -210 412 1308 -15 -647 -662 -589 -185 -1748 781 -42 -882 -523 364 -23 109 -855 -391 -525 -268 -108 219 273 434 -254 -157 182 -730 -1266 159 -56 56 -253 666 88 674 -408 -427 212 642 -137
-698 1008 722 25 -389 672 -328 257 39 -292 -122 -1277 -1767 351 -2318 -375 174 -272 -542 741 800 -665 -1291 -644 666 707 204 -355 -434 -862 27 -1532 979 -134 -858 -599 825 -172 -183 -880 -365 -578 -216 297 202 586 667 -578 -262 412 -584 -1087 -3 84 -266 -72 624 -5 598 -592 -279 174 556 -196
-1878 897 903 1098 -189 597 -411 480 -2113 -1668 721 -622 -3229 1437 -4928 -574 155 122 -1383 819 426 -1164 -2375 -2277 1623 -1518 743 1533 850 -1645 256 -741 1096 -235 -1067 -1632 3338 -1190 -515 -836 740 -860 -958 2227 -74 1720 1691 -1401 -38 958 1127 485 -1809 141 -2209 481 1061 -1143 251 -1042 -92 542 331 -377
-2214 114 568 804 433 962 -291 954 -2876 -2910 534 -488 -3047 1735 -5769 -742 -218 227 -1938 973 -820 -1242 -2948 -2716 1963 -2022 557 2643 1680 -1998 71 -736 364 -263 -1700 -2426 4610 -1949 -54 -728 1636 -984 -2324 3127 -497 1988 2231 -1277 449 1041 1910 1415 -2659 235 -2926 245 2126 -1719 471 -811 -468 738 3 -248
-508 1738 2403 -335 -145 -1749 -1327 1420 -1417 -3589 922 989 -2138 239 -5680 -933 -1311 455 -1763 -274 3282 -1236 -209 -2917 284 -5770 2632 1000 1284 -2189 -207 -334 4086 -1293 -1959 -1387 1678 -2165 -217 104 2108 692 -961 -212 -916 2611 2252 1306 62 2698 27 174 -773 -829 -2114 -395 -129 -1939 -770 -1182 -2399 -317 -175 -11
-1410 2015 -959 2230 -8 503 567 1653 -2463 -2767 918 -688 -1804 -145 -7230 -2267 -1792 -1344 -1880 507 1622 -1171 -4172 -3484 498 -756 -113 1825 925 -2129 700 -581 871 351 -574 2377 1480 -3027 -1333 1073 654 815 -623 -2426 158 990 2847 -2097 9 2380 428 203 -292 203 -2803 -1405 2509 -381 471 -1445 -2276 479 -1718 -1108
-1402 2257 -417 1732 -714 939 -215 1980 -1061 -3270 2257 -929 -2631 818 -8071 -2231 -1031 -1381 -1978 1047 1621 386 -3242 -3239 528 -1638 859 1486 272 -2496 1235 130 2631 -1139 -360 2766 1455 -2828 -365 96 -240 1106 1123 -3002 -175 1373 2733 -2828 -150 2174 1053 -345 -157 357 -1669 -437 771 -107 104 -1602 -2092 377 -1051 -546
-1176 1231 745 2242 -25 497 -57 87 703 -1254 32 -1006 -3071 967 -6218 -490 201 -723 -719 -182 773 -522 -795 -1410 552 -1824 1210 1145 -236 -3534 467 -323 997 -702 -2564 -1154 2123 448 -947 1318 -2 -248 -515 234 232 1015 968 -2338 182 1460 -746 -301 -1772 62 -420 -1409 38 -5 724 -1652 -248 886 -1363 -47
-768 1503 1024 789 -306 296 -872 706 151 -1947 894 -674 -2372 970 -5485 -485 -162 -835 -764 168 1326 -680 -1467 -1089 1321 -1624 1552 853 312 -2418 628 -375 1472 -532 -1152 -86 1745 5 -969 8 115 -225 -472 167 34 1554 1094 -1856 -341 1862 -561 -578 -167 474 48 -804 31 -540 498 -1520 -337 70 -632 -568
-803 1403 1046 494 -229 425 -861 604 -176 -1823 756 -608 -2224 901 -4615 -358 -158 -606 -1027 393 1174 -659 -1706 -1266 1286 -1158 1327 590 404 -1811 638 -588 1581 -384 -1036 -232 1677 -450 -512 -442 131 -392 -430 274 -167 1365 1316 -1422 -157 1695 -184 -581 -336 178 -562 -549 290 -807 441 -1396 -433 221 -37 -391
-648 1204 935 248 -278 965 -623 163 141 -670 378 -1179 -1504 493 -2705 -299 257 -747 -866 743 702 -470 -1534 -608 948 579 583 -593 -357 -1168 513 -1251 1486 -254 -879 115 888 -59 -200 -932 -208 -569 -98 -189 -21 803 677 -1133 -100 1141 -485 -1164 -170 -13 -128 -564 229 -331 791 -1096 -294 468 667 -335
-1235 1682 1150 745 338 1213 -934 676 -413 -3536 460 289 -3236 2056 -5794 217 -346 -496 -2228 500 637 -625 -3027 -2287 2252 -1274 2074 1787 1492 -2156 1466 145 1473 2 -1448 -1487 3455 -1878 521 -205 -41 -753 -1000 2330 -1373 1615 2602 -1888 688 2572 1308 254 -1735 81 -2413 -933 1035 -2229 -71 -1953 -505 737 -169 90
-654 1899 1094 -54 240 5 -1417 1387 -297 -3153 1167 542 -2841 1081 -5707 221 -1005 357 -1752 276 1812 -986 -1497 -2447 1370 -3616 2337 1665 1313 -1937 433 -99 2386 -202 -2053 -943 1730 -1293 -197 -7 567 -604 -853 484 -788 2147 3159 -350 172 2376 257 278 -837 -712 -2635 -256 133 -1889 -103 -1567 -905 291 822 626
-522 2083 978 52 310 403 -1404 1390 430 -2993 1131 519 -2871 1257 -5682 586 -970 199 -1641 286 1747 -938 -1675 -2197 1638 -2738 2440 1547 1082 -1984 803 89 2119 83 -1858 -385 1343 -973 -210 -25 -166 -783 -577 59 -722 1949 3281 -796 127 2569 74 -31 -531 -611 -2424 -527 102 -1815 -10 -1863 -550 448 916 632
-959 1072 1923 1129 794 -51 -741 1825 99 -3091 867 646 -2024 1100 -7008 121 -1455 -276 -1297 -216 2004 -1288 -2327 -2978 1660 -1694 2454 1107 838 -2865 1828 236 2051 -79 -1006 1773 822 -1410 -377 -389 20 -132 -541 -4013 -36 1380 3204 -1816 -260 3598 -24 -738 -326 -109 -1949 -1974 1599 -1999 466 -3217 -684 1134 -237 -832
-608 2696 1737 1953 -252 -168 -407 1273 827 -2637 1308 -623 -1694 640 -7232 -91 -939 -664 -2238 58 1862 -283 -3370 -2147 2240 -1320 2621 1181 1287 -2796 1007 995 3366 -139 -1024 2562 1218 -1437 -92 -547 -1567 135 287 -4264 -496 1187 2807 -2232 -257 3459 726 -1987 -198 33 -1008 -1865 45 -1848 48 -3064 -743 1426 635 -408
-916 1660 955 1620 -869 481 494 713 1234 -964 -196 -1659 -1471 502 -4760 508 -412 -247 -1192 348 903 -688 -2343 -1489 433 -278 686 -295 -620 -1681 674 -44 1110 -241 -1075 -360 619 -563 -871 154 -710 -660 628 -1929 -959 425 1371 -1560 279 1134 -1049 -930 336 -237 -441 -1591 298 129 84 -1879 -456 875 530 484
-1024 2115 1209 2104 -1052 443 464 904 1383 -1486 278 -1477 -1479 745 -5747 662 -530 -384 -1628 321 1133 -637 -2908 -1840 864 -806 1219 -193 -362 -2127 1057 559 1686 -318 -1036 203 837 -737 -1102 168 -896 -634 858 -2485 -1318 711 1702 -2135 288 1863 -938 -1020 389 -157 -523 -2012 -25 -167 -35 -2472 -393 1103 693 514
-408 827 651 -294 -200 810 -266 212 396 -41 -450 -1452 -1245 54 -1516 -309 151 -356 -404 753 467 -535 -1074 -207 419 1322 -19 -658 -668 -587 -185 -1754 779 -37 -882 -520 367 -15 111 -869 -387 -518 -276 -99 229 274 432 -252 -156 174 -731 -1281 163 -55 60 -245 670 95 669 -401 -429 215 639 -145
-517 1078 781 -264 -341 968 -275 242 517 77 -396 -990 -1562 -44 -1111 -451 319 -539 -484 946 539 -528 -1188 -264 462 1408 33 -737 -682 -737 -253 -1969 1023 -11 -968 -396 451 -66 33 -1045 -550 -583 -286 242 396 286 418 -440 -264 198 -1078 -1507 253 22 -33 -187 682 55 671 -583 -451 187 858 11
-517 1078 781 -264 -341 968 -275 242 517 77 -396 -990 -1562 -44 -1111 -451 319 -539 -484 946 539 -528 -1188 -264 462 1408 33 -737 -682 -737 -253 -1969 1023 -11 -968 -396 451 -66 33 -1045 -550 -583 -286 242 396 286 418 -440 -264 198 -1078 -1507 253 22 -33 -187 682 55 671 -583 -451 187 858 11
-517 1078 781 -264 -341 968 -275 242 517 77 -396 -990 -1562 -44 -1111 -451 319 -539 -484 946 539 -528 -1188 -264 462 1408 33 -737 -682 -737 -253 -1969 1023 -11 -968 -396 451 -66 33 -1045 -550 -583 -286 242 396 286 418 -440 -264 198 -1078 -1507 253 22 -33 -187 682 55 671 -583 -451 187 858 11
-517 1078 781 -264 -341 968 -275 242 517 77 -396 -990 -1562 -44 -1111 -451 319 -539 -484 946 539 -528 -1188 -264 462 1408 33 -737 -682 -737 -253 -1969 1023 -11 -968 -396 451 -66 33 -1045 -550 -583 -286 242 396 286 418 -440 -264 198 -1078 -1507 253 22 -33 -187 682 55 671 -583 -451 187 858 11
-517 1078 781 -264 -341 968 -275 242 517 77 -396 -990 -1562 -44 -1111 -451 319 -539 -484 946 539 -528 -1188 -264 462 1408 33 -737 -682 -737 -253 -1969 1023 -11 -968 -396 451 -66 33 -1045 -550 -583 -286 242 396 286 418 -440 -264 198 -1078 -1507 253 22 -33 -187 682 55 671 -583 -451 187 858 11
-517 1078 781 -264 -341 968 -275 242 517 77 -396 -990 -1562 -44 -1111 -451 319 -539 -484 946 539 -528 -1188 -264 462 1408 33 -737 -682 -737 -253 -1969 1023 -11 -968 -396 451 -66 33 -1045 -550 -583 -286 242 396 286 418 -440 -264 198 -1078 -1507 253 22 -33 -187 682 55 671 -583 -451 187 858 11
-517 1078 781 -264 -341 968 -275 242 517 77 -396 -990 -1562 -44 -1111 -451 319 -539 -484 946 539 -528 -1188 -264 462 1408 33 -737 -682 -737 -253 -1969 1023 -11 -968 -396 451 -66 33 -1045 -550 -583 -286 242 396 286 418 -440 -264 198 -1078 -1507 253 22 -33 -187 682 55 671 -583 -451 187 858 11
-517 1078 781 -264 -341 968 -275 242 517 77 -396 -990 -1562 -44 -1111 -451 319 -539 -484 946 539 -528 -1188 -264 462 1408 33 -737 -682 -737 -253 -1969 1023 -11 -968 -396 451 -66 33 -1045 -550 -583 -286 242 396 286 418 -440 -264 198 -1078 -1507 253 22 -33 -187 682 55 671 -583 -451 187 858 11
-517 1078 781 -264 -341 968 -275 242 517 77 -396 -990 -1562 -44 -1111 -451 319 -539 -484 946 539 -528 -1188 -264 462 1408 33 -737 -682 -737 -253 -1969 1023 -11 -968 -396 451 -66 33 -1045 -550 -583 -286 242 396 286 418 -440 -264 198 -1078 -1507 253 22 -33 -187 682 55 671 -583 -451 187 858 11
-517 1078 781 -264 -341 968 -275 242 517 77 -396 -990 -1562 -44 -1111 -451 319 -539 -484 946 539 -528 -1188 -264 462 1408 33 -737 -682 -737 -253 -1969 1023 -11 -968 -396 451 -66 33 -1045 -550 -583 -286 242 396 286 418 -440 -264 198 -1078 -1507 253 22 -33 -187 682 55 671 -583 -451 187 858 11
-517 1078 781 -264 -341 968 -275 242 517 77 -396 -990 -1562 -44 -1111 -451 319 -539 -484 946 539 -528 -1188 -264 462 1408 33 -737 -682 -737 -253 -1969 1023 -11 -968 -396 451 -66 33 -1045 -550 -583 -286 242 396 286 418 -440 -264 198 -1078 -1507 253 22 -33 -187 682 55 671 -583 -451 187 858 11
-517 1078 781 -264 -341 968 -275 242 517 77 -396 -990 -1562 -44 -1111 -451 319 -539 -484 946 539 -528 -1188 -264 462 1408 33 -737 -682 -737 -253 -1969 1023 -11 -968 -396 451 -66 33 -1045 -550 -583 -286 242 396 286 418 -440 -264 198 -1078 -1507 253 22 -33 -187 682 55 671 -583 -451 187 858 11
-517 1078 781 -264 -341 968 -275 242 517 77 -396 -990 -1562 -44 -1111 -451 319 -539 -484 946 539 -528 -1188 -264 462 1408 33 -737 -682 -737 -253 -1969 1023 -11 -968 -396 451 -66 33 -1045 -550 -583 -286 242 396 286 418 -440 -264 198 -1078 -1507 253 22 -33 -187 682 55 671 -583 -451 187 858 11
-517 1078 781 -264 -341 968 -275 242 517 77 -396 -990 -1562 -44 -1111 -451 319 -539 -484 946 539 -528 -1188 -264 462 1408 33 -737 -682 -737 -253 -1969 1023 -11 -968 -396 451 -66 33 -1045 -550 -583 -286 242 396 286 418 -440 -264 198 -1078 -1507 253 22 -33 -187 682 55 671 -583 -451 187 858 11
-517 1078 781 -264 -341 968 -275 242 517 77 -396 -990 -1562 -44 -1111 -451 319 -539 -484 946 539 -528 -1188 -264 462 1408 33 -737 -682 -737 -253 -1969 1023 -11 -968 -396 451 -66 33 -1045 -550 -583 -286 242 396 286 418 -440 -264 198 -1078 -1507 253 22 -33 -187 682 55 671 -583 -451 187 858 11
-517 1078 781 -264 -341 968 -275 242 517 77 -396 -990 -1562 -44 -1111 -451 319 -539 -484 946 539 -528 -1188 -264 462 1408 33 -737 -682 -737 -253 -1969 1023 -11 -968 -396 451 -66 33 -1045 -550 -583 -286 242 396 286 418 -440 -264 198 -1078 -1507 253 22 -33 -187 682 55 671 -583 -451 187 858 11
-517 1078 781 -264 -341 968 -275 242 517 77 -396 -990 -1562 -44 -1111 -451 319 -539 -484 946 539 -528 -1188 -264 462 1408 33 -737 -682 -737 -253 -1969 1023 -11 -968 -396 451 -66 33 -1045 -550 -583 -286 242 396 286 418 -440 -264 198 -1078 -1507 253 22 -33 -187 682 55 671 -583 -451 187 858 11
-517 1078 781 -264 -341 968 -275 242 517 77 -396 -990 -1562 -44 -1111 -451 319 -539 -484 946 539 -528 -1188 -264 462 1408 33 -737 -682 -737 -253 -1969 1023 -11 -968 -396 451 -66 33 -1045 -550 -583 -286 242 396 286 418 -440 -264 198 -1078 -1507 253 22 -33 -187 682 55 671 -583 -451 187 858 11
-517 1078 781 -264 -341 968 -275 242 517 77 -396 -990 -1562 -44 -1111 -451 319 -539 -484 946 539 -528 -1188 -264 462 1408 33 -737 -682 -737 -253 -1969 1023 -11 -968 -396 451 -66 33 -1045 -550 -583 -286 242 396 286 418 -440 -264 198 -1078 -1507 253 22 -33 -187 682 55 671 -583 -451 187 858 11
-517 1078 781 -264 -341 968 -275 242 517 77 -396 -990 -1562 -44 -1111 -451 319 -539 -484 946 539 -528 -1188 -264 462 1408 33 -737 -682 -737 -253 -1969 1023 -11 -968 -396 451 -66 33 -1045 -550 -583 -286 242 396 286 418 -440 -264 198 -1078 -1507 253 22 -33 -187 682 55 671 -583 -451 187 858 11
-517 1078 781 -264 -341 968 -275 242 517 77 -396 -990 -1562 -44 -1111 -451 319 -539 -484 946 539 -528 -1188 -264 462 1408 33 -737 -682 -737 -253 -1969 1023 -11 -968 -396 451 -66 33 -1045 -550 -583 -286 242 396 286 418 -440 -264 198 -1078 -1507 253 22 -33 -187 682 55 671 -583 -451 187 858 11
-517 1078 781 -264 -341 968 -275 242 517 77 -396 -990 -1562 -44 -1111 -451 319 -539 -484 946 539 -528 -1188 -264 462 1408 33 -737 -682 -737 -253 -1969 1023 -11 -968 -396 451 -66 33 -1045 -550 -583 -286 242 396 286 418 -440 -264 198 -1078 -1507 253 22 -33 -187 682 55 671 -583 -451 187 858 11
-517 1078 781 -264 -341 968 -275 242 517 77 -396 -990 -1562 -44 -1111 -451 319 -539 -484 946 539 -528 -1188 -264 462 1408 33 -737 -682 -737 -253 -1969 1023 -11 -968 -396 451 -66 33 -1045 -550 -583 -286 242 396 286 418 -440 -264 198 -1078 -1507 253 22 -33 -187 682 55 671 -583 -451 187 858 11
-517 1078 781 -264 -341 968 -275 242 517 77 -396 -990 -1562 -44 -1111 -451 319 -539 -484 946 539 -528 -1188 -264 462 1408 33 -737 -682 -737 -253 -1969 1023 -11 -968 -396 451 -66 33 -1045 -550 -583 -286 242 396 286 418 -440 -264 198 -1078 -1507 253 22 -33 -187 682 55 671 -583 -451 187 858 11
-517 1078 781 -264 -341 968 -275 242 517 77 -396 -990 -1562 -44 -1111 -451 319 -539 -484 946 539 -528 -1188 -264 462 1408 33 -737 -682 -737 -253 -1969 1023 -11 -968 -396 451 -66 33 -1045 -550 -583 -286 242 396 286 418 -440 -264 198 -1078 -1507 253 22 -33 -187 682 55 671 -583 -451 187 858 11
-517 1078 781 -264 -341 968 -275 242 517 77 -396 -990 -1562 -44 -1111 -451 319 -539 -484 946 539 -528 -1188 -264 462 1408 33 -737 -682 -737 -253 -1969 1023 -11 -968 -396 451 -66 33 -1045 -550 -583 -286 242 396 286 418 -440 -264 198 -1078 -1507 253 22 -33 -187 682 55 671 -583 -451 187 858 11
-517 1078 781 -264 -341 968 -275 242 517 77 -396 -990 -1562 -44 -1111 -451 319 -539 -484 946 539 -528 -1188 -264 462 1408 33 -737 -682 -737 -253 -1969 1023 -11 -968 -396 451 -66 33 -1045 -550 -583 -286 242 396 286 418 -440 -264 198 -1078 -1507 253 22 -33 -187 682 55 671 -583 -451 187 858 11
-517 1078 781 -264 -341 968 -275 242 517 77 -396 -990 -1562 -44 -1111 -451 319 -539 -484 946 539 -528 -1188 -264 462 1408 33 -737 -682 -737 -253 -1969 1023 -11 -968 -396 451 -66 33 -1045 -550 -583 -286 242 396 286 418 -440 -264 198 -1078 -1507 253 22 -33 -187 682 55 671 -583 -451 187 858 11
-517 1078 781 -264 -341 968 -275 242 517 77 -396 -990 -1562 -44 -1111 -451 319 -539 -484 946 539 -528 -1188 -264 462 1408 33 -737 -682 -737 -253 -1969 1023 -11 -968 -396 451 -66 33 -1045 -550 -583 -286 242 396 286 418 -440 -264 198 -1078 -1507 253 22 -33 -187 682 55 671 -583 -451 187 858 11
-517 1078 781 -264 -341 968 -275 242 517 77 -396 -990 -1562 -44 -1111 -451 319 -539 -484 946 539 -528 -1188 -264 462 1408 33 -737 -682 -737 -253 -1969 1023 -11 -968 -396 451 -66 33 -1045 -550 -583 -286 242 396 286 418 -440 -264 198 -1078 -1507 253 22 -33 -187 682 55 671 -583 -451 187 858 11
-517 1078 781 -264 -341 968 -275 242 517 77 -396 -990 -1562 -44 -1111 -451 319 -539 -484 946 539 -528 -1188 -264 462 1408 33 -737 -682 -737 -253 -1969 1023 -11 -968 -396 451 -66 33 -1045 -550 -583 -286 242 396 286 418 -440 -264 198 -1078 -1507 253 22 -33 -187 682 55 671 -583 -451 187 858 11
-517 1078 781 -264 -341 968 -275 242 517 77 -396 -990 -1562 -44 -1111 -451 319 -539 -484 946 539 -528 -1188 -264 462 1408 33 -737 -682 -737 -253 -1969 1023 -11 -968 -396 451 -66 33 -1045 -550 -583 -286 242 396 286 418 -440 -264 198 -1078 -1507 253 22 -33 -187 682 55 671 -583 -451 187 858 11
-517 1078 781 -264 -341 968 -275 242 517 77 -396 -990 -1562 -44 -1111 -451 319 -539 -484 946 539 -528 -1188 -264 462 1408 33 -737 -682 -737 -253 -1969 1023 -11 -968 -396 451 -66 33 -1045 -550 -583 -286 242 396 286 418 -440 -264 198 -1078 -1507 253 22 -33 -187 682 55 671 -583 -451 187 858 11
-517 1078 781 -264 -341 968 -275 242 517 77 -396 -990 -1562 -44 -1111 -451 319 -539 -484 946 539 -528 -1188 -264 462 1408 33 -737 -682 -737 -253 -1969 1023 -11 -968 -396 451 -66 33 -1045 -550 -583 -286 242 396 286 418 -440 -264 198 -1078 -1507 253 22 -33 -187 682 55 671 -583 -451 187 858 11
-517 1078 781 -264 -341 968 -275 242 517 77 -396 -990 -1562 -44 -1111 -451 319 -539 -484 946 539 -528 -1188 -264 462 1408 33 -737 -682 -737 -253 -1969 1023 -11 -968 -396 451 -66 33 -1045 -550 -583 -286 242 396 286 418 -440 -264 198 -1078 -1507 253 22 -33 -187 682 55 671 -583 -451 187 858 11
-517 1078 781 -264 -341 968 -275 242 517 77 -396 -990 -1562 -44 -1111 -451 319 -539 -484 946 539 -528 -1188 -264 462 1408 33 -737 -682 -737 -253 -1969 1023 -11 -968 -396 451 -66 33 -1045 -550 -583 -286 242 396 286 418 -440 -264 198 -1078 -1507 253 22 -33 -187 682 55 671 -583 -451 187 858 11
-517 1078 781 -264 -341 968 -275 242 517 77 -396 -990 -1562 -44 -1111 -451 319 -539 -484 946 539 -528 -1188 -264 462 1408 33 -737 -682 -737 -253 -1969 1023 -11 -968 -396 451 -66 33 -1045 -550 -583 -286 242 396 286 418 -440 -264 198 -1078 -1507 253 22 -33 -187 682 55 671 -583 -451 187 858 11
-517 1078 781 -264 -341 968 -275 242 517 77 -396 -990 -1562 -44 -1111 -451 319 -539 -484 946 539 -528 -1188 -264 462 1408 33 -737 -682 -737 -253 -1969 1023 -11 -968 -396 451 -66 33 -1045 -550 -583 -286 242 396 286 418 -440 -264 198 -1078 -1507 253 22 -33 -187 682 55 671 -583 -451 187 858 11
-517 1078 781 -264 -341 968 -275 242 517 77 -396 -990 -1562 -44 -1111 -451 319 -539 -484 946 539 -528 -1188 -264 462 1408 33 -737 -682 -737 -253 -1969 1023 -11 -968 -396 451 -66 33 -1045 -550 -583 -286 242 396 286 418 -440 -264 198 -1078 -1507 253 22 -33 -187 682 55 671 -583 -451 187 858 11
-517 1078 781 -264 -341 968 -275 242 517 77 -396 -990 -1562 -44 -1111 -451 319 -539 -484 946 539 -528 -1188 -264 462 1408 33 -737 -682 -737 -253 -1969 1023 -11 -968 -396 451 -66 33 -1045 -550 -583 -286 242 396 286 418 -440 -264 198 -1078 -1507 253 22 -33 -187 682 55 671 -583 -451 187 858 11
-517 1078 781 -264 -341 968 -275 242 517 77 -396 -990 -1562 -44 -1111 -451 319 -539 -484 946 539 -528 -1188 -264 462 1408 33 -737 -682 -737 -253 -1969 1023 -11 -968 -396 451 -66 33 -1045 -550 -583 -286 242 396 286 418 -440 -264 198 -1078 -1507 253 22 -33 -187 682 55 671 -583 -451 187 858 11
-517 1078 781 -264 -341 968 -275 242 517 77 -396 -990 -1562 -44 -1111 -451 319 -539 -484 946 539 -528 -1188 -264 462 1408 33 -737 -682 -737 -253 -1969 1023 -11 -968 -396 451 -66 33 -1045 -550 -583 -286 242 396 286 418 -440 -264 198 -1078 -1507 253 22 -33 -187 682 55 671 -583 -451 187 858 11
-517 1078 781 -264 -341 968 -275 242 517 77 -396 -990 -1562 -44 -1111 -451 319 -539 -484 946 539 -528 -1188 -264 462 1408 33 -737 -682 -737 -253 -1969 1023 -11 -968 -396 451 -66 33 -1045 -550 -583 -286 242 396 286 418 -440 -264 198 -1078 -1507 253 22 -33 -187 682 55 671 -583 -451 187 858 11
-517 1078 781 -264 -341 968 -275 242 517 77 -396 -990 -1562 -44 -1111 -451 319 -539 -484 946 539 -528 -1188 -264 462 1408 33 -737 -682 -737 -253 -1969 1023 -11 -968 -396 451 -66 33 -1045 -550 -583 -286 242 396 286 418 -440 -264 198 -1078 -1507 253 22 -33 -187 682 55 671 -583 -451 187 858 11
-517 1078 781 -264 -341 968 -275 242 517 77 -396 -990 -1562 -44 -1111 -451 319 -539 -484 946 539 -528 -1188 -264 462 1408 33 -737 -682 -737 -253 -1969 1023 -11 -968 -396 451 -66 33 -1045 -550 -583 -286 242 396 286 418 -440 -264 198 -1078 -1507 253 22 -33 -187 682 55 671 -583 -451 187 858 11
-517 1078 781 -264 -341 968 -275 242 517 77 -396 -990 -1562 -44 -1111 -451 319 -539 -484 946 539 -528 -1188 -264 462 1408 33 -737 -682 -737 -253 -1969 1023 -11 -968 -396 451 -66 33 -1045 -550 -583 -286 242 396 286 418 -440 -264 198 -1078 -1507 253 22 -33 -187 682 55 671 -583 -451 187 858 11
-517 1078 781 -264 -341 968 -275 242 517 77 -396 -990 -1562 -44 -1111 -451 319 -539 -484 946 539 -528 -1188 -264 462 1408 33 -737 -682 -737 -253 -1969 1023 -11 -968 -396 451 -66 33 -1045 -550 -583 -286 242 396 286 418 -440 -264 198 -1078 -1507 253 22 -33 -187 682 55 671 -583 -451 187 858 11
-517 1078 781 -264 -341 968 -275 242 517 77 -396 -990 -1562 -44 -1111 -451 319 -539 -484 946 539 -528 -1188 -264 462 1408 33 -737 -682 -737 -253 -1969 1023 -11 -968 -396 451 -66 33 -1045 -550 -583 -286 242 396 286 418 -440 -264 198 -1078 -1507 253 22 -33 -187 682 55 671 -583 -451 187 858 11
-517 1078 781 -264 -341 968 -275 242 517 77 -396 -990 -1562 -44 -1111 -451 319 -539 -484 946 539 -528 -1188 -264 462 1408 33 -737 -682 -737 -253 -1969 1023 -11 -968 -396 451 -66 33 -1045 -550 -583 -286 242 396 286 418 -440 -264 198 -1078 -1507 253 22 -33 -187 682 55 671 -583 -451 187 858 11
-517 1078 781 -264 -341 968 -275 242 517 77 -396 -990 -1562 -44 -1111 -451 319 -539 -484 946 539 -528 -1188 -264 462 1408 33 -737 -682 -737 -253 -1969 1023 -11 -968 -396 451 -66 33 -1045 -550 -583 -286 242 396 286 418 -440 -264 198 -1078 -1507 253 22 -33 -187 682 55 671 -583 -451 187 858 11
-517 1078 781 -264 -341 968 -275 242 517 77 -396 -990 -1562 -44 -1111 -451 319 -539 -484 946 539 -528 -1188 -264 462 1408 33 -737 -682 -737 -253 -1969 1023 -11 -968 -396 451 -66 33 -1045 -550 -583 -286 242 396 286 418 -440 -264 198 -1078 -1507 253 22 -33 -187 682 55 671 -583 -451 187 858 11
-517 1078 781 -264 -341 968 -275 242 517 77 -396 -990 -1562 -44 -1111 -451 319 -539 -484 946 539 -528 -1188 -264 462 1408 33 -737 -682 -737 -253 -1969 1023 -11 -968 -396 451 -66 33 -1045 -550 -583 -286 242 396 286 418 -440 -264 198 -1078 -1507 253 22 -33 -187 682 55 671 -583 -451 187 858 11
-517 1078 781 -264 -341 968 -275 242 517 77 -396 -990 -1562 -44 -1111 -451 319 -539 -484 946 539 -528 -1188 -264 462 1408 33 -737 -682 -737 -253 -1969 1023 -11 -968 -396 451 -66 33 -1045 -550 -583 -286 242 396 286 418 -440 -264 198 -1078 -1507 253 22 -33 -187 682 55 671 -583 -451 187 858 11
-517 1078 781 -264 -341 968 -275 242 517 77 -396 -990 -1562 -44 -1111 -451 319 -539 -484 946 539 -528 -1188 -264 462 1408 33 -737 -682 -737 -253 -1969 1023 -11 -968 -396 451 -66 33 -1045 -550 -583 -286 242 396 286 418 -440 -264 198 -1078 -1507 253 22 -33 -187 682 55 671 -583 -451 187 858 11
-517 1078 781 -264 -341 968 -275 242 517 77 -396 -990 -1562 -44 -1111 -451 319 -539 -484 946 539 -528 -1188 -264 462 1408 33 -737 -682 -737 -253 -1969 1023 -11 -968 -396 451 -66 33 -1045 -550 -583 -286 242 396 286 418 -440 -264 198 -1078 -1507 253 22 -33 -187 682 55 671 -583 -451 187 858 11
-517 1078 781 -264 -341 968 -275 242 517 77 -396 -990 -1562 -44 -1111 -451 319 -539 -484 946 539 -528 -1188 -264 462 1408 33 -737 -682 -737 -253 -1969 1023 -11 -968 -396 451 -66 33 -1045 -550 -583 -286 242 396 286 418 -440 -264 198 -1078 -1507 253 22 -33 -187 682 55 671 -583 -451 187 858 11
-517 1078 781 -264 -341 968 -275 242 517 77 -396 -990 -1562 -44 -1111 -451 319 -539 -484 946 539 -528 -1188 -264 462 1408 33 -737 -682 -737 -253 -1969 1023 -11 -968 -396 451 -66 33 -1045 -550 -583 -286 242 396 286 418 -440 -264 198 -1078 -1507 253 22 -33 -187 682 55 671 -583 -451 187 858 11
-517 1078 781 -264 -341 968 -275 242 517 77 -396 -990 -1562 -44 -1111 -451 319 -539 -484 946 539 -528 -1188 -264 462 1408 33 -737 -682 -737 -253 -1969 1023 -11 -968 -396 451 -66 33 -1045 -550 -583 -286 242 396 286 418 -440 -264 198 -1078 -1507 253 22 -33 -187 682 55 671 -583 -451 187 858 11
-517 1078 781 -264 -341 968 -275 242 517 77 -396 -990 -1562 -44 -1111 -451 319 -539 -484 946 539 -528 -1188 -264 462 1408 33 -737 -682 -737 -253 -1969 1023 -11 -968 -396 451 -66 33 -1045 -550 -583 -286 242 396 286 418 -440 -264 198 -1078 -1507 253 22 -33 -187 682 55 671 -583 -451 187 858 11
-517 1078 781 -264 -341 968 -275 242 517 77 -396 -990 -1562 -44 -1111 -451 319 -539 -484 946 539 -528 -1188 -264 462 1408 33 -737 -682 -737 -253 -1969 1023 -11 -968 -396 451 -66 33 -1045 -550 -583 -286 242 396 286 418 -440 -264 198 -1078 -1507 253 22 -33 -187 682 55 671 -583 -451 187 858 11
-517 1078 781 -264 -341 968 -275 242 517 77 -396 -990 -1562 -44 -1111 -451 319 -539 -484 946 539 -528 -1188 -264 462 1408 33 -737 -682 -737 -253 -1969 1023 -11 -968 -396 451 -66 33 -1045 -550 -583 -286 242 396 286 418 -440 -264 198 -1078 -1507 253 22 -33 -187 682 55 671 -583 -451 187 858 11
-517 1078 781 -264 -341 968 -275 242 517 77 -396 -990 -1562 -44 -1111 -451 319 -539 -484 946 539 -528 -1188 -264 462 1408 33 -737 -682 -737 -253 -1969 1023 -11 -968 -396 451 -66 33 -1045 -550 -583 -286 242 396 286 418 -440 -264 198 -1078 -1507 253 22 -33 -187 682 55 671 -583 -451 187 858 11
-517 1078 781 -264 -341 968 -275 242 517 77 -396 -990 -1562 -44 -1111 -451 319 -539 -484 946 539 -528 -1188 -264 462 1408 33 -737 -682 -737 -253 -1969 1023 -11 -968 -396 451 -66 33 -1045 -550 -583 -286 242 396 286 418 -440 -264 198 -1078 -1507 253 22 -33 -187 682 55 671 -583 -451 187 858 11
-517 1078 781 -264 -341 968 -275 242 517 77 -396 -990 -1562 -44 -1111 -451 319 -539 -484 946 539 -528 -1188 -264 462 1408 33 -737 -682 -737 -253 -1969 1023 -11 -968 -396 451 -66 33 -1045 -550 -583 -286 242 396 286 418 -440 -264 198 -1078 -1507 253 22 -33 -187 682 55 671 -583 -451 187 858 11
-517 1078 781 -264 -341 968 -275 242 517 77 -396 -990 -1562 -44 -1111 -451 319 -539 -484 946 539 -528 -1188 -264 462 1408 33 -737 -682 -737 -253 -1969 1023 -11 -968 -396 451 -66 33 -1045 -550 -583 -286 242 396 286 418 -440 -264 198 -1078 -1507 253 22 -33 -187 682 55 671 -583 -451 187 858 11
-517 1078 781 -264 -341 968 -275 242 517 77 -396 -990 -1562 -44 -1111 -451 319 -539 -484 946 539 -528 -1188 -264 462 1408 33 -737 -682 -737 -253 -1969 1023 -11 -968 -396 451 -66 33 -1045 -550 -583 -286 242 396 286 418 -440 -264 198 -1078 -1507 253 22 -33 -187 682 55 671 -583 -451 187 858 11
-517 1078 781 -264 -341 968 -275 242 517 77 -396 -990 -1562 -44 -1111 -451 319 -539 -484 946 539 -528 -1188 -264 462 1408 33 -737 -682 -737 -253 -1969 1023 -11 -968 -396 451 -66 33 -1045 -550 -583 -286 242 396 286 418 -440 -264 198 -1078 -1507 253 22 -33 -187 682 55 671 -583 -451 187 858 11
-517 1078 781 -264 -341 968 -275 242 517 77 -396 -990 -1562 -44 -1111 -451 319 -539 -484 946 539 -528 -1188 -264 462 1408 33 -737 -682 -737 -253 -1969 1023 -11 -968 -396 451 -66 33 -1045 -550 -583 -286 242 396 286 418 -440 -264 198 -1078 -1507 253 22 -33 -187 682 55 671 -583 -451 187 858 11
-517 1078 781 -264 -341 968 -275 242 517 77 -396 -990 -1562 -44 -1111 -451 319 -539 -484 946 539 -528 -1188 -264 462 1408 33 -737 -682 -737 -253 -1969 1023 -11 -968 -396 451 -66 33 -1045 -550 -583 -286 242 396 286 418 -440 -264 198 -1078 -1507 253 22 -33 -187 682 55 671 -583 -451 187 858 11
-517 1078 781 -264 -341 968 -275 242 517 77 -396 -990 -1562 -44 -1111 -451 319 -539 -484 946 539 -528 -1188 -264 462 1408 33 -737 -682 -737 -253 -1969 1023 -11 -968 -396 451 -66 33 -1045 -550 -583 -286 242 396 286 418 -440 -264 198 -1078 -1507 253 22 -33 -187 682 55 671 -583 -451 187 858 11
-517 1078 781 -264 -341 968 -275 242 517 77 -396 -990 -1562 -44 -1111 -451 319 -539 -484 946 539 -528 -1188 -264 462 1408 33 -737 -682 -737 -253 -1969 1023 -11 -968 -396 451 -66 33 -1045 -550 -583 -286 242 396 286 418 -440 -264 198 -1078 -1507 253 22 -33 -187 682 55 671 -583 -451 187 858 11
-517 1078 781 -264 -341 968 -275 242 517 77 -396 -990 -1562 -44 -1111 -451 319 -539 -484 946 539 -528 -1188 -264 462 1408 33 -737 -682 -737 -253 -1969 1023 -11 -968 -396 451 -66 33 -1045 -550 -583 -286 242 396 286 418 -440 -264 198 -1078 -1507 253 22 -33 -187 682 55 671 -583 -451 187 858 11
-517 1078 781 -264 -341 968 -275 242 517 77 -396 -990 -1562 -44 -1111 -451 319 -539 -484 946 539 -528 -1188 -264 462 1408 33 -737 -682 -737 -253 -1969 1023 -11 -968 -396 451 -66 33 -1045 -550 -583 -286 242 396 286 418 -440 -264 198 -1078 -1507 253 22 -33 -187 682 55 671 -583 -451 187 858 11
-517 1078 781 -264 -341 968 -275 242 517 77 -396 -990 -1562 -44 -1111 -451 319 -539 -484 946 539 -528 -1188 -264 462 1408 33 -737 -682 -737 -253 -1969 1023 -11 -968 -396 451 -66 33 -1045 -550 -583 -286 242 396 286 418 -440 -264 198 -1078 -1507 253 22 -33 -187 682 55 671 -583 -451 187 858 11
-517 1078 781 -264 -341 968 -275 242 517 77 -396 -990 -1562 -44 -1111 -451 319 -539 -484 946 539 -528 -1188 -264 462 1408 33 -737 -682 -737 -253 -1969 1023 -11 -968 -396 451 -66 33 -1045 -550 -583 -286 242 396 286 418 -440 -264 198 -1078 -1507 253 22 -33 -187 682 55 671 -583 -451 187 858 11
-517 1078 781 -264 -341 968 -275 242 517 77 -396 -990 -1562 -44 -1111 -451 319 -539 -484 946 539 -528 -1188 -264 462 1408 33 -737 -682 -737 -253 -1969 1023 -11 -968 -396 451 -66 33 -1045 -550 -583 -286 242 396 286 418 -440 -264 198 -1078 -1507 253 22 -33 -187 682 55 671 -583 -451 187 858 11
-517 1078 781 -264 -341 968 -275 242 517 77 -396 -990 -1562 -44 -1111 -451 319 -539 -484 946 539 -528 -1188 -264 462 1408 33 -737 -682 -737 -253 -1969 1023 -11 -968 -396 451 -66 33 -1045 -550 -583 -286 242 396 286 418 -440 -264 198 -1078 -1507 253 22 -33 -187 682 55 671 -583 -451 187 858 11
-517 1078 781 -264 -341 968 -275 242 517 77 -396 -990 -1562 -44 -1111 -451 319 -539 -484 946 539 -528 -1188 -264 462 1408 33 -737 -682 -737 -253 -1969 1023 -11 -968 -396 451 -66 33 -1045 -550 -583 -286 242 396 286 418 -440 -264 198 -1078 -1507 253 22 -33 -187 682 55 671 -583 -451 187 858 11
-517 1078 781 -264 -341 968 -275 242 517 77 -396 -990 -1562 -44 -1111 -451 319 -539 -484 946 539 -528 -1188 -264 462 1408 33 -737 -682 -737 -253 -1969 1023 -11 -968 -396 451 -66 33 -1045 -550 -583 -286 242 396 286 418 -440 -264 198 -1078 -1507 253 22 -33 -187 682 55 671 -583 -451 187 858 11
-517 1078 781 -264 -341 968 -275 242 517 77 -396 -990 -1562 -44 -1111 -451 319 -539 -484 946 539 -528 -1188 -264 462 1408 33 -737 -682 -737 -253 -1969 1023 -11 -968 -396 451 -66 33 -1045 -550 -583 -286 242 396 286 418 -440 -264 198 -1078 -1507 253 22 -33 -187 682 55 671 -583 -451 187 858 11
-517 1078 781 -264 -341 968 -275 242 517 77 -396 -990 -1562 -44 -1111 -451 319 -539 -484 946 539 -528 -1188 -264 462 1408 33 -737 -682 -737 -253 -1969 1023 -11 -968 -396 451 -66 33 -1045 -550 -583 -286 242 396 286 418 -440 -264 198 -1078 -1507 253 22 -33 -187 682 55 671 -583 -451 187 858 11
-517 1078 781 -264 -341 968 -275 242 517 77 -396 -990 -1562 -44 -1111 -451 319 -539 -484 946 539 -528 -1188 -264 462 1408 33 -737 -682 -737 -253 -1969 1023 -11 -968 -396 451 -66 33 -1045 -550 -583 -286 242 396 286 418 -440 -264 198 -1078 -1507 253 22 -33 -187 682 55 671 -583 -451 187 858 11
-517 1078 781 -264 -341 968 -275 242 517 77 -396 -990 -1562 -44 -1111 -451 319 -539 -484 946 539 -528 -1188 -264 462 1408 33 -737 -682 -737 -253 -1969 1023 -11 -968 -396 451 -66 33 -1045 -550 -583 -286 242 396 286 418 -440 -264 198 -1078 -1507 253 22 -33 -187 682 55 671 -583 -451 187 858 11
-517 1078 781 -264 -341 968 -275 242 517 77 -396 -990 -1562 -44 -1111 -451 319 -539 -484 946 539 -528 -1188 -264 462 1408 33 -737 -682 -737 -253 -1969 1023 -11 -968 -396 451 -66 33 -1045 -550 -583 -286 242 396 286 418 -440 -264 198 -1078 -1507 253 22 -33 -187 682 55 671 -583 -451 187 858 11
-517 1078 781 -264 -341 968 -275 242 517 77 -396 -990 -1562 -44 -1111 -451 319 -539 -484 946 539 -528 -1188 -264 462 1408 33 -737 -682 -737 -253 -1969 1023 -11 -968 -396 451 -66 33 -1045 -550 -583 -286 242 396 286 418 -440 -264 198 -1078 -1507 253 22 -33 -187 682 55 671 -583 -451 187 858 11
-517 1078 781 -264 -341 968 -275 242 517 77 -396 -990 -1562 -44 -1111 -451 319 -539 -484 946 539 -528 -1188 -264 462 1408 33 -737 -682 -737 -253 -1969 1023 -11 -968 -396 451 -66 33 -1045 -550 -583 -286 242 396 286 418 -440 -264 198 -1078 -1507 253 22 -33 -187 682 55 671 -583 -451 187 858 11
-517 1078 781 -264 -341 968 -275 242 517 77 -396 -990 -1562 -44 -1111 -451 319 -539 -484 946 539 -528 -1188 -264 462 1408 33 -737 -682 -737 -253 -1969 1023 -11 -968 -396 451 -66 33 -1045 -550 -583 -286 242 396 286 418 -440 -264 198 -1078 -1507 253 22 -33 -187 682 55 671 -583 -451 187 858 11
