-106 -606 675 -44 -579 -289 -245 309 39 -4978 127 -953 -346 -390 -1331 -218 -1020 314 812 182 -599 407 1500 616 -165 95 285 -304 1459 -204 28 -773 562 1016 811 -425 876 -334 -119 128 174 690 535 551 705 367 67 -519 482 -55 375 132 475 134 57 131 632 -689 581 -113 -536 -167 837 251
493 353 309 394 -527 74 544 1265 -265 -5446 976 -1088 654 -506 -830 -732 -943 416 151 73 -742 54 814 97 -475 -245 339 958 770 325 -383 -1037 897 1345 966 -593 664 -903 -89 -531 -465 1370 1146 1458 573 682 326 -880 163 411 586 218 463 380 -530 292 -5 75 151 -470 -401 499 1260 -436
1254 1254 300 863 -661 251 1242 2127 -455 -5387 1681 -1311 1820 -707 -483 -1085 -971 624 -392 -151 -993 123 250 -109 -1084 -693 395 2112 288 687 -799 -1700 1353 1623 1344 -761 1070 -1633 -83 -1233 -706 2048 1675 2265 556 1041 502 -1364 -248 681 897 381 473 756 -989 480 -375 698 113 -953 -174 1083 1800 -1192
1131 1220 612 1089 77 -64 1548 1631 -184 -4709 1461 -843 1945 -698 -574 -471 -1325 630 -222 -501 -1323 514 -199 221 -1318 -615 532 2044 451 676 -939 -1768 1297 1288 1762 -636 1292 -2152 44 -970 71 2032 940 1183 31 615 -49 -1279 -186 277 502 476 235 723 -805 35 -168 377 175 -885 609 878 1640 -970
1205 1799 415 1107 -96 -133 1976 1628 -327 -4991 1550 -971 2195 -961 -50 -528 -903 1051 -332 -990 -1285 354 -777 219 -1410 -1174 389 2566 377 541 -1007 -1984 1434 1371 2113 -729 1407 -2512 135 -1345 467 2215 1212 1775 57 618 260 -1457 -699 243 888 473 119 860 -834 375 -481 659 391 -986 1279 982 1751 -1348
1274 2341 698 1220 605 139 2813 2049 -641 -4328 984 -871 2678 -1597 33 -602 -1070 1268 -37 -1388 -1391 -164 -1255 110 -1655 -677 1113 3634 707 466 -1429 -2334 1812 1208 3261 -852 2175 -2979 72 -1216 678 3090 794 1260 338 65 100 -1897 -536 532 677 1174 220 632 -1457 284 -283 892 -464 -1081 1622 673 2247 -926
1513 2458 818 871 486 166 3199 2592 -584 -3735 999 -720 2686 -1803 -102 -993 -1009 2368 37 -2025 -1950 -497 -1266 264 -2134 -981 882 4577 846 -21 -1523 -3007 2252 1011 3621 -1413 2979 -3198 78 -1334 1004 3531 956 686 505 8 -285 -2229 -634 653 857 1613 55 928 -1457 644 -479 1388 -509 -1302 2371 346 2505 -1208
1358 2052 589 932 288 -53 2372 1827 -578 -4487 1160 -580 2278 -1277 -151 -721 -1024 1656 -49 -1304 -1606 7 -849 331 -1783 -1006 406 3400 718 202 -1008 -2366 1706 1109 2710 -1225 1869 -2649 51 -1348 753 2690 967 846 180 207 -236 -1632 -690 354 812 1024 -84 936 -901 577 -365 887 -18 -999 1922 522 1989 -1192
1028 826 736 846 -45 -49 1058 1227 -426 -4827 930 -502 1481 -694 -942 -689 -1600 679 37 -414 -1424 460 342 423 -1273 -449 360 2100 623 315 -655 -1840 1249 1217 1648 -1088 1256 -1824 125 -797 -168 1927 568 305 176 433 -572 -984 109 302 425 617 168 649 -720 227 -47 105 74 -938 608 478 1690 -790
179 -181 34 218 -178 -147 131 44 -97 -7209 13 -207 -78 -387 -418 -342 -356 321 107 90 -376 204 198 87 -348 -45 59 360 312 -41 -68 -328 264 388 350 -136 -1285 -335 -83 -160 -67 400 201 148 334 182 -43 -205 94 4 411 215 -73 164 74 136 211 -292 27 -100 -198 27 30 -176
1134 1064 684 1227 298 -3 1454 1618 -183 -5169 1261 -560 1987 -715 -592 -448 -1435 528 -291 -342 -1288 613 -325 206 -1497 -365 578 2110 284 687 -946 -1624 1134 1127 1631 -630 739 -2074 -48 -827 8 1976 527 653 -170 521 -340 -1293 -163 251 394 589 70 579 -684 -80 -171 404 16 -761 590 834 1431 -884
1591 1628 1124 1769 162 48 1878 2337 -323 -4433 1679 -653 3025 -1010 -474 -594 -1844 720 -559 -605 -1623 1013 -701 326 -2101 -541 821 3171 156 820 -1338 -2294 1440 1529 2195 -977 1683 -2916 -66 -1135 28 2667 565 976 -315 759 -420 -1884 -568 315 588 735 245 695 -1070 75 -550 852 204 -1089 1143 1192 2055 -1341
1777 2010 1593 1586 64 -312 2282 2923 -592 -4559 1923 -504 3542 -1289 -150 -432 -1878 1161 -818 -511 -1894 1233 -1082 -15 -2435 -760 756 3494 -43 692 -1593 -2068 1181 2053 2478 -1070 1850 -2951 320 -1354 271 2770 558 1738 26 711 184 -2412 -1534 -49 578 756 -136 651 -1365 594 -757 1516 293 -982 1232 1275 2026 -1714
1193 1444 1181 1095 52 -386 1720 2509 -449 -5406 1604 -407 2456 -1175 -132 -269 -1554 1051 -771 -294 -1342 936 -782 -264 -1752 -519 486 2600 11 372 -1568 -1021 656 1772 1888 -725 775 -2218 623 -749 13 1936 352 1333 79 479 532 -1881 -1241 4 206 492 -169 775 -1283 595 -679 1185 213 -791 1033 922 1660 -1097
742 1260 1073 874 422 -517 1714 2179 -579 -5892 1203 -923 1868 -1444 -429 -251 -1855 1088 -368 276 -818 179 -341 -722 -1621 -357 643 2232 -152 570 -1593 -481 365 1873 1429 -1015 -62 -1501 893 -468 -260 1506 58 1439 -144 527 611 -1478 -684 -107 223 482 -432 559 -1218 380 -748 1192 -254 -273 240 997 1756 -996
1951 1942 1803 1927 360 -418 2826 3687 -549 -4411 2306 -661 3882 -1713 -230 -197 -2225 856 -1143 -135 -2361 1164 -1361 -533 -2636 -352 1399 3466 -604 1153 -2444 -1881 904 2524 2473 -1007 2038 -3029 682 -1275 -165 2850 230 2144 -58 729 484 -2574 -1562 -285 300 843 -21 740 -2035 475 -1052 2098 -81 -965 696 1777 2219 -2115
771 937 965 1065 3 -289 1098 1702 -359 -6276 784 -665 1658 -1145 -281 -299 -1373 741 -275 146 -701 598 -468 -181 -1446 -218 633 2013 -107 390 -1126 -883 454 1308 1298 -562 -166 -1430 248 -373 -145 1428 59 1031 51 568 295 -1392 -563 44 534 552 -118 398 -823 379 -436 758 36 -313 210 670 1277 -881
1773 1929 1876 1849 380 -455 2753 3377 -528 -4438 1981 -729 3793 -1594 -256 -221 -2162 977 -980 78 -2102 968 -1256 -443 -2608 -464 1380 3313 -552 1094 -2137 -1831 876 2379 2388 -979 1814 -2853 569 -1191 -48 2734 250 2199 -26 732 476 -2515 -1445 -271 357 864 -150 569 -1929 465 -956 1981 -105 -731 564 1631 2120 -2075
1469 1791 2191 2536 -97 -165 1913 3662 -655 -4690 1380 -1437 3879 -2139 204 -465 -2255 558 -277 -53 -1548 1597 -1488 -131 -2739 -534 1909 3992 -576 1354 -2050 -2882 1037 2027 2726 -579 1895 -2680 -107 -820 -58 2832 -27 2064 -208 1244 374 -2826 -1194 274 1091 1275 198 56 -1430 1010 -636 1300 116 -690 -68 887 2560 -2150
1508 2062 1607 1919 240 -252 2216 3034 -516 -4908 1753 -966 3323 -1678 -85 -278 -2071 826 -437 -152 -1454 991 -1166 -158 -2525 -474 1236 3543 -357 1096 -1949 -1999 921 2042 2537 -667 1353 -2513 139 -959 182 2641 260 1797 56 886 252 -2696 -1103 68 781 890 -172 540 -1422 414 -598 1380 50 -659 487 1145 2157 -1701
1713 1871 2048 2072 -199 -397 2083 3488 -797 -4885 1674 -871 3495 -2175 41 -384 -2104 696 -716 -128 -1865 1383 -1441 -291 -2656 -305 1460 3896 -496 947 -2261 -2074 875 2312 2612 -883 1980 -2624 341 -805 -36 2650 136 1842 271 919 475 -2791 -1510 -91 874 991 118 685 -1889 1018 -759 1707 364 -908 597 1137 2182 -2074
1324 2023 1334 1374 -85 -465 1582 2718 -617 -5594 1931 -977 2634 -1312 -280 -307 -1860 990 -727 -110 -962 774 -917 -287 -1881 -991 472 3141 -252 613 -1751 -968 738 2244 1874 -816 700 -2187 763 -620 -86 2053 489 1860 -21 1011 637 -2325 -1212 283 677 397 -471 868 -1540 642 -1040 1352 440 -842 962 1205 2196 -1219
-94 -637 716 -146 -526 -311 -263 220 10 -5008 61 -888 -358 -379 -1281 -240 -963 299 770 191 -526 490 1453 607 -220 135 244 -404 1385 -235 133 -748 555 863 758 -354 681 -273 -187 90 198 637 457 425 716 291 24 -441 418 -120 311 117 394 103 150 114 714 -772 560 -138 -554 -187 704 275
-76 -614 614 -87 -547 -290 -251 222 35 -5338 51 -862 -389 -386 -1255 -241 -927 317 745 184 -545 430 1408 579 -202 104 212 -336 1368 -226 74 -730 529 885 740 -376 578 -300 -131 96 171 617 477 431 713 314 46 -432 446 -80 360 132 418 117 116 129 645 -714 544 -116 -553 -201 712 225
-161 -302 -11 470 -704 -75 -218 741 431 -5490 266 -1158 -677 -437 -1057 -76 -858 491 744 97 -797 -288 1085 545 298 -55 261 518 1559 -85 -337 -694 298 1572 847 -516 952 -857 452 482 -200 783 988 1006 748 690 345 -656 802 220 854 305 1014 87 -583 311 -178 -123 688 156 -587 -466 1326 -391
-164 -468 680 259 -632 -257 -152 572 199 -4375 316 -1115 -141 -430 -1301 -130 -1080 390 848 147 -823 280 1403 719 -100 54 494 32 1580 -156 -154 -887 592 1355 996 -420 1407 -653 21 102 109 847 763 928 733 469 175 -732 504 6 518 192 658 146 -242 176 451 -489 651 -79 -400 -139 1110 -5
-34 -211 519 641 -506 -161 196 604 122 -5090 289 -845 412 -495 -742 -142 -933 495 510 -17 -954 100 759 623 -164 183 878 891 999 -120 -410 -876 424 1237 1124 -236 823 -946 89 68 -142 987 659 1004 680 419 168 -923 151 181 567 401 493 208 -713 265 236 -171 258 -90 143 -65 922 -245
20 -246 671 805 -358 -120 525 667 23 -4776 295 -1059 1008 -710 -722 -185 -1066 463 456 -153 -1099 43 677 555 -274 303 1331 1215 813 -65 -618 -1075 594 1322 1479 -154 1072 -1178 107 35 -261 1269 602 1159 797 322 223 -1172 -20 365 525 587 439 -25 -1038 126 341 -318 -40 -310 220 -33 947 -291
213 355 710 1870 -518 -66 1159 1461 123 -3828 803 -1365 2357 -932 -271 -208 -1608 1132 289 -628 -2173 -454 241 981 -499 431 2424 3407 640 14 -1488 -1909 589 2408 2317 -393 2401 -2368 694 -346 -710 2180 1151 2348 920 744 263 -2018 -498 815 1078 1075 683 46 -2247 433 -338 708 -327 -234 1438 182 1936 -1204
160 -100 686 1209 -462 -222 435 857 333 -4736 656 -727 1308 -633 -621 -311 -1093 815 384 -163 -1691 36 434 1099 -376 197 1647 1861 611 -327 -803 -1263 292 1800 1474 -23 1226 -1555 227 -610 -570 1369 786 1403 767 403 -56 -1138 -256 448 661 596 328 213 -1334 335 -35 113 -100 -170 1033 162 1260 -957
-44 -229 603 955 -631 -177 135 859 266 -4488 545 -961 542 -426 -1067 -77 -1265 534 679 -49 -1313 74 1035 828 -112 95 1078 1158 1271 -103 -618 -1057 441 1663 1284 -401 1578 -1181 197 2 -296 1121 885 1295 613 571 95 -1025 365 385 686 414 809 300 -1039 265 45 -75 340 -75 282 -23 1440 -426
-81 -301 763 730 -561 -221 109 760 207 -4579 495 -906 475 -507 -1069 -107 -1094 402 649 113 -1057 322 951 740 -168 142 904 660 1204 -128 -379 -909 537 1422 1166 -257 1305 -938 -55 -54 -110 1038 745 1126 615 410 139 -960 261 126 513 332 573 268 -667 238 304 -256 434 -134 76 77 1052 -257
-2 -104 1052 1463 -511 -221 429 1094 289 -4247 932 -803 1438 -578 -1036 -16 -1281 371 496 69 -1573 544 453 867 -288 246 1589 1427 836 -69 -712 -1074 621 1724 1482 -30 1679 -1458 -257 -413 -535 1326 888 1602 471 235 63 -1227 15 288 577 435 661 425 -1385 287 72 -13 240 -304 733 453 1147 -740
-145 172 837 2066 -608 -88 772 1486 559 -4281 1138 -806 1829 -864 -713 117 -881 453 308 286 -1848 271 -213 832 -73 160 1792 1684 668 43 -1105 -898 665 2205 1562 166 1879 -1769 -143 -499 -596 1414 1110 2178 554 184 538 -1555 -185 227 776 522 612 450 -1630 438 -270 630 333 -242 840 705 1007 -1225
32 -124 716 862 -522 -229 248 692 42 -5326 400 -575 691 -624 -735 -107 -923 339 392 173 -893 512 418 489 -242 218 824 788 702 31 -438 -769 488 1115 958 -200 594 -754 -206 -119 -119 937 477 964 457 271 195 -878 -16 24 488 335 303 298 -543 369 232 73 304 -120 119 251 642 -194
84 357 1166 2284 -712 -177 952 1776 346 -3887 1148 -942 2317 -1118 -618 61 -1325 533 314 156 -2007 479 -260 785 -314 343 2112 2290 563 331 -1364 -1347 743 2361 1803 -95 2362 -1848 -121 -533 -572 1720 1008 2363 556 353 542 -1814 -436 241 875 642 641 339 -1832 643 -312 1057 255 -191 827 764 1331 -1159
124 -235 1235 2323 -784 -406 668 1674 -17 -4820 457 -1322 2378 -1544 73 -108 -1389 290 440 -68 -1516 905 -379 343 -423 570 2100 2258 307 831 -1156 -1766 768 1678 1777 -36 1283 -1182 -597 -322 -283 1363 379 1957 364 333 651 -1448 -647 197 954 865 794 -252 -1385 1150 -33 660 214 200 -64 102 1191 -972
53 202 1610 3022 -1122 -288 1150 2087 181 -3819 955 -1335 3031 -1751 -311 212 -1831 556 331 101 -2331 720 -490 842 -328 1071 2939 3245 255 573 -1890 -1800 800 2694 2116 -63 2820 -1720 -219 -330 -796 2093 1035 2882 713 424 916 -2148 -745 326 1220 983 972 131 -2263 1092 -334 1590 459 -88 728 722 1480 -1356
98 339 1522 2646 -1001 -318 1137 2003 20 -3799 1002 -1117 2795 -1554 -498 186 -1757 602 198 123 -2292 818 -599 690 -473 892 2571 2956 188 534 -1738 -1731 891 2526 1866 -189 2743 -1748 -181 -478 -686 1941 1005 2733 588 383 772 -1922 -722 97 1102 893 830 281 -2046 1064 -356 1659 457 -121 779 931 1308 -1364
-33 382 117 1468 -586 -127 402 1039 -191 -5927 1168 -628 593 -715 -755 21 -1238 123 409 213 -1121 -80 94 238 290 140 958 1530 43 378 -1218 -514 293 1802 842 -571 550 -543 56 -33 -690 1259 434 1586 -99 629 378 -1057 231 463 883 275 271 604 -946 581 -774 835 86 105 561 857 1068 -346
-83 -633 701 -162 -523 -312 -269 204 6 -5050 50 -876 -379 -379 -1275 -251 -955 299 765 191 -518 487 1450 596 -225 137 226 -411 1376 -232 135 -743 550 845 743 -362 647 -260 -180 88 196 620 446 398 716 289 16 -423 419 -123 308 110 382 103 160 116 714 -766 549 -133 -560 -193 692 283
259 -128 524 134 -638 -33 200 886 -151 -5223 443 -1033 247 -508 -992 -618 -882 393 417 183 -641 208 1209 359 -406 8 339 338 1140 9 -97 -976 782 1114 964 -460 766 -617 -211 -279 -230 1108 964 1071 844 470 270 -735 251 233 474 248 549 257 -280 273 436 -312 321 -344 -585 107 1042 -167
259 -128 524 134 -638 -33 200 886 -151 -5223 443 -1033 247 -508 -992 -618 -882 393 417 183 -641 208 1209 359 -406 8 339 338 1140 9 -97 -976 782 1114 964 -460 766 -617 -211 -279 -230 1108 964 1071 844 470 270 -735 251 233 474 248 549 257 -280 273 436 -312 321 -344 -585 107 1042 -167
259 -128 524 134 -638 -33 200 886 -151 -5223 443 -1033 247 -508 -992 -618 -882 393 417 183 -641 208 1209 359 -406 8 339 338 1140 9 -97 -976 782 1114 964 -460 766 -617 -211 -279 -230 1108 964 1071 844 470 270 -735 251 233 474 248 549 257 -280 273 436 -312 321 -344 -585 107 1042 -167
259 -128 524 134 -638 -33 200 886 -151 -5223 443 -1033 247 -508 -992 -618 -882 393 417 183 -641 208 1209 359 -406 8 339 338 1140 9 -97 -976 782 1114 964 -460 766 -617 -211 -279 -230 1108 964 1071 844 470 270 -735 251 233 474 248 549 257 -280 273 436 -312 321 -344 -585 107 1042 -167
259 -128 524 134 -638 -33 200 886 -151 -5223 443 -1033 247 -508 -992 -618 -882 393 417 183 -641 208 1209 359 -406 8 339 338 1140 9 -97 -976 782 1114 964 -460 766 -617 -211 -279 -230 1108 964 1071 844 470 270 -735 251 233 474 248 549 257 -280 273 436 -312 321 -344 -585 107 1042 -167
259 -128 524 134 -638 -33 200 886 -151 -5223 443 -1033 247 -508 -992 -618 -882 393 417 183 -641 208 1209 359 -406 8 339 338 1140 9 -97 -976 782 1114 964 -460 766 -617 -211 -279 -230 1108 964 1071 844 470 270 -735 251 233 474 248 549 257 -280 273 436 -312 321 -344 -585 107 1042 -167
259 -128 524 134 -638 -33 200 886 -151 -5223 443 -1033 247 -508 -992 -618 -882 393 417 183 -641 208 1209 359 -406 8 339 338 1140 9 -97 -976 782 1114 964 -460 766 -617 -211 -279 -230 1108 964 1071 844 470 270 -735 251 233 474 248 549 257 -280 273 436 -312 321 -344 -585 107 1042 -167
259 -128 524 134 -638 -33 200 886 -151 -5223 443 -1033 247 -508 -992 -618 -882 393 417 183 -641 208 1209 359 -406 8 339 338 1140 9 -97 -976 782 1114 964 -460 766 -617 -211 -279 -230 1108 964 1071 844 470 270 -735 251 233 474 248 549 257 -280 273 436 -312 321 -344 -585 107 1042 -167
259 -128 524 134 -638 -33 200 886 -151 -5223 443 -1033 247 -508 -992 -618 -882 393 417 183 -641 208 1209 359 -406 8 339 338 1140 9 -97 -976 782 1114 964 -460 766 -617 -211 -279 -230 1108 964 1071 844 470 270 -735 251 233 474 248 549 257 -280 273 436 -312 321 -344 -585 107 1042 -167
259 -128 524 134 -638 -33 200 886 -151 -5223 443 -1033 247 -508 -992 -618 -882 393 417 183 -641 208 1209 359 -406 8 339 338 1140 9 -97 -976 782 1114 964 -460 766 -617 -211 -279 -230 1108 964 1071 844 470 270 -735 251 233 474 248 549 257 -280 273 436 -312 321 -344 -585 107 1042 -167
259 -128 524 134 -638 -33 200 886 -151 -5223 443 -1033 247 -508 -992 -618 -882 393 417 183 -641 208 1209 359 -406 8 339 338 1140 9 -97 -976 782 1114 964 -460 766 -617 -211 -279 -230 1108 964 1071 844 470 270 -735 251 233 474 248 549 257 -280 273 436 -312 321 -344 -585 107 1042 -167
259 -128 524 134 -638 -33 200 886 -151 -5223 443 -1033 247 -508 -992 -618 -882 393 417 183 -641 208 1209 359 -406 8 339 338 1140 9 -97 -976 782 1114 964 -460 766 -617 -211 -279 -230 1108 964 1071 844 470 270 -735 251 233 474 248 549 257 -280 273 436 -312 321 -344 -585 107 1042 -167
259 -128 524 134 -638 -33 200 886 -151 -5223 443 -1033 247 -508 -992 -618 -882 393 417 183 -641 208 1209 359 -406 8 339 338 1140 9 -97 -976 782 1114 964 -460 766 -617 -211 -279 -230 1108 964 1071 844 470 270 -735 251 233 474 248 549 257 -280 273 436 -312 321 -344 -585 107 1042 -167
259 -128 524 134 -638 -33 200 886 -151 -5223 443 -1033 247 -508 -992 -618 -882 393 417 183 -641 208 1209 359 -406 8 339 338 1140 9 -97 -976 782 1114 964 -460 766 -617 -211 -279 -230 1108 964 1071 844 470 270 -735 251 233 474 248 549 257 -280 273 436 -312 321 -344 -585 107 1042 -167
259 -128 524 134 -638 -33 200 886 -151 -5223 443 -1033 247 -508 -992 -618 -882 393 417 183 -641 208 1209 359 -406 8 339 338 1140 9 -97 -976 782 1114 964 -460 766 -617 -211 -279 -230 1108 964 1071 844 470 270 -735 251 233 474 248 549 257 -280 273 436 -312 321 -344 -585 107 1042 -167
259 -128 524 134 -638 -33 200 886 -151 -5223 443 -1033 247 -508 -992 -618 -882 393 417 183 -641 208 1209 359 -406 8 339 338 1140 9 -97 -976 782 1114 964 -460 766 -617 -211 -279 -230 1108 964 1071 844 470 270 -735 251 233 474 248 549 257 -280 273 436 -312 321 -344 -585 107 1042 -167
259 -128 524 134 -638 -33 200 886 -151 -5223 443 -1033 247 -508 -992 -618 -882 393 417 183 -641 208 1209 359 -406 8 339 338 1140 9 -97 -976 782 1114 964 -460 766 -617 -211 -279 -230 1108 964 1071 844 470 270 -735 251 233 474 248 549 257 -280 273 436 -312 321 -344 -585 107 1042 -167
259 -128 524 134 -638 -33 200 886 -151 -5223 443 -1033 247 -508 -992 -618 -882 393 417 183 -641 208 1209 359 -406 8 339 338 1140 9 -97 -976 782 1114 964 -460 766 -617 -211 -279 -230 1108 964 1071 844 470 270 -735 251 233 474 248 549 257 -280 273 436 -312 321 -344 -585 107 1042 -167
259 -128 524 134 -638 -33 200 886 -151 -5223 443 -1033 247 -508 -992 -618 -882 393 417 183 -641 208 1209 359 -406 8 339 338 1140 9 -97 -976 782 1114 964 -460 766 -617 -211 -279 -230 1108 964 1071 844 470 270 -735 251 233 474 248 549 257 -280 273 436 -312 321 -344 -585 107 1042 -167
259 -128 524 134 -638 -33 200 886 -151 -5223 443 -1033 247 -508 -992 -618 -882 393 417 183 -641 208 1209 359 -406 8 339 338 1140 9 -97 -976 782 1114 964 -460 766 -617 -211 -279 -230 1108 964 1071 844 470 270 -735 251 233 474 248 549 257 -280 273 436 -312 321 -344 -585 107 1042 -167
259 -128 524 134 -638 -33 200 886 -151 -5223 443 -1033 247 -508 -992 -618 -882 393 417 183 -641 208 1209 359 -406 8 339 338 1140 9 -97 -976 782 1114 964 -460 766 -617 -211 -279 -230 1108 964 1071 844 470 270 -735 251 233 474 248 549 257 -280 273 436 -312 321 -344 -585 107 1042 -167
259 -128 524 134 -638 -33 200 886 -151 -5223 443 -1033 247 -508 -992 -618 -882 393 417 183 -641 208 1209 359 -406 8 339 338 1140 9 -97 -976 782 1114 964 -460 766 -617 -211 -279 -230 1108 964 1071 844 470 270 -735 251 233 474 248 549 257 -280 273 436 -312 321 -344 -585 107 1042 -167
259 -128 524 134 -638 -33 200 886 -151 -5223 443 -1033 247 -508 -992 -618 -882 393 417 183 -641 208 1209 359 -406 8 339 338 1140 9 -97 -976 782 1114 964 -460 766 -617 -211 -279 -230 1108 964 1071 844 470 270 -735 251 233 474 248 549 257 -280 273 436 -312 321 -344 -585 107 1042 -167
259 -128 524 134 -638 -33 200 886 -151 -5223 443 -1033 247 -508 -992 -618 -882 393 417 183 -641 208 1209 359 -406 8 339 338 1140 9 -97 -976 782 1114 964 -460 766 -617 -211 -279 -230 1108 964 1071 844 470 270 -735 251 233 474 248 549 257 -280 273 436 -312 321 -344 -585 107 1042 -167
259 -128 524 134 -638 -33 200 886 -151 -5223 443 -1033 247 -508 -992 -618 -882 393 417 183 -641 208 1209 359 -406 8 339 338 1140 9 -97 -976 782 1114 964 -460 766 -617 -211 -279 -230 1108 964 1071 844 470 270 -735 251 233 474 248 549 257 -280 273 436 -312 321 -344 -585 107 1042 -167
259 -128 524 134 -638 -33 200 886 -151 -5223 443 -1033 247 -508 -992 -618 -882 393 417 183 -641 208 1209 359 -406 8 339 338 1140 9 -97 -976 782 1114 964 -460 766 -617 -211 -279 -230 1108 964 1071 844 470 270 -735 251 233 474 248 549 257 -280 273 436 -312 321 -344 -585 107 1042 -167
259 -128 524 134 -638 -33 200 886 -151 -5223 443 -1033 247 -508 -992 -618 -882 393 417 183 -641 208 1209 359 -406 8 339 338 1140 9 -97 -976 782 1114 964 -460 766 -617 -211 -279 -230 1108 964 1071 844 470 270 -735 251 233 474 248 549 257 -280 273 436 -312 321 -344 -585 107 1042 -167
259 -128 524 134 -638 -33 200 886 -151 -5223 443 -1033 247 -508 -992 -618 -882 393 417 183 -641 208 1209 359 -406 8 339 338 1140 9 -97 -976 782 1114 964 -460 766 -617 -211 -279 -230 1108 964 1071 844 470 270 -735 251 233 474 248 549 257 -280 273 436 -312 321 -344 -585 107 1042 -167
259 -128 524 134 -638 -33 200 886 -151 -5223 443 -1033 247 -508 -992 -618 -882 393 417 183 -641 208 1209 359 -406 8 339 338 1140 9 -97 -976 782 1114 964 -460 766 -617 -211 -279 -230 1108 964 1071 844 470 270 -735 251 233 474 248 549 257 -280 273 436 -312 321 -344 -585 107 1042 -167
259 -128 524 134 -638 -33 200 886 -151 -5223 443 -1033 247 -508 -992 -618 -882 393 417 183 -641 208 1209 359 -406 8 339 338 1140 9 -97 -976 782 1114 964 -460 766 -617 -211 -279 -230 1108 964 1071 844 470 270 -735 251 233 474 248 549 257 -280 273 436 -312 321 -344 -585 107 1042 -167
259 -128 524 134 -638 -33 200 886 -151 -5223 443 -1033 247 -508 -992 -618 -882 393 417 183 -641 208 1209 359 -406 8 339 338 1140 9 -97 -976 782 1114 964 -460 766 -617 -211 -279 -230 1108 964 1071 844 470 270 -735 251 233 474 248 549 257 -280 273 436 -312 321 -344 -585 107 1042 -167
259 -128 524 134 -638 -33 200 886 -151 -5223 443 -1033 247 -508 -992 -618 -882 393 417 183 -641 208 1209 359 -406 8 339 338 1140 9 -97 -976 782 1114 964 -460 766 -617 -211 -279 -230 1108 964 1071 844 470 270 -735 251 233 474 248 549 257 -280 273 436 -312 321 -344 -585 107 1042 -167
259 -128 524 134 -638 -33 200 886 -151 -5223 443 -1033 247 -508 -992 -618 -882 393 417 183 -641 208 1209 359 -406 8 339 338 1140 9 -97 -976 782 1114 964 -460 766 -617 -211 -279 -230 1108 964 1071 844 470 270 -735 251 233 474 248 549 257 -280 273 436 -312 321 -344 -585 107 1042 -167
259 -128 524 134 -638 -33 200 886 -151 -5223 443 -1033 247 -508 -992 -618 -882 393 417 183 -641 208 1209 359 -406 8 339 338 1140 9 -97 -976 782 1114 964 -460 766 -617 -211 -279 -230 1108 964 1071 844 470 270 -735 251 233 474 248 549 257 -280 273 436 -312 321 -344 -585 107 1042 -167
259 -128 524 134 -638 -33 200 886 -151 -5223 443 -1033 247 -508 -992 -618 -882 393 417 183 -641 208 1209 359 -406 8 339 338 1140 9 -97 -976 782 1114 964 -460 766 -617 -211 -279 -230 1108 964 1071 844 470 270 -735 251 233 474 248 549 257 -280 273 436 -312 321 -344 -585 107 1042 -167
259 -128 524 134 -638 -33 200 886 -151 -5223 443 -1033 247 -508 -992 -618 -882 393 417 183 -641 208 1209 359 -406 8 339 338 1140 9 -97 -976 782 1114 964 -460 766 -617 -211 -279 -230 1108 964 1071 844 470 270 -735 251 233 474 248 549 257 -280 273 436 -312 321 -344 -585 107 1042 -167
259 -128 524 134 -638 -33 200 886 -151 -5223 443 -1033 247 -508 -992 -618 -882 393 417 183 -641 208 1209 359 -406 8 339 338 1140 9 -97 -976 782 1114 964 -460 766 -617 -211 -279 -230 1108 964 1071 844 470 270 -735 251 233 474 248 549 257 -280 273 436 -312 321 -344 -585 107 1042 -167
259 -128 524 134 -638 -33 200 886 -151 -5223 443 -1033 247 -508 -992 -618 -882 393 417 183 -641 208 1209 359 -406 8 339 338 1140 9 -97 -976 782 1114 964 -460 766 -617 -211 -279 -230 1108 964 1071 844 470 270 -735 251 233 474 248 549 257 -280 273 436 -312 321 -344 -585 107 1042 -167
259 -128 524 134 -638 -33 200 886 -151 -5223 443 -1033 247 -508 -992 -618 -882 393 417 183 -641 208 1209 359 -406 8 339 338 1140 9 -97 -976 782 1114 964 -460 766 -617 -211 -279 -230 1108 964 1071 844 470 270 -735 251 233 474 248 549 257 -280 273 436 -312 321 -344 -585 107 1042 -167
259 -128 524 134 -638 -33 200 886 -151 -5223 443 -1033 247 -508 -992 -618 -882 393 417 183 -641 208 1209 359 -406 8 339 338 1140 9 -97 -976 782 1114 964 -460 766 -617 -211 -279 -230 1108 964 1071 844 470 270 -735 251 233 474 248 549 257 -280 273 436 -312 321 -344 -585 107 1042 -167
259 -128 524 134 -638 -33 200 886 -151 -5223 443 -1033 247 -508 -992 -618 -882 393 417 183 -641 208 1209 359 -406 8 339 338 1140 9 -97 -976 782 1114 964 -460 766 -617 -211 -279 -230 1108 964 1071 844 470 270 -735 251 233 474 248 549 257 -280 273 436 -312 321 -344 -585 107 1042 -167
259 -128 524 134 -638 -33 200 886 -151 -5223 443 -1033 247 -508 -992 -618 -882 393 417 183 -641 208 1209 359 -406 8 339 338 1140 9 -97 -976 782 1114 964 -460 766 -617 -211 -279 -230 1108 964 1071 844 470 270 -735 251 233 474 248 549 257 -280 273 436 -312 321 -344 -585 107 1042 -167
259 -128 524 134 -638 -33 200 886 -151 -5223 443 -1033 247 -508 -992 -618 -882 393 417 183 -641 208 1209 359 -406 8 339 338 1140 9 -97 -976 782 1114 964 -460 766 -617 -211 -279 -230 1108 964 1071 844 470 270 -735 251 233 474 248 549 257 -280 273 436 -312 321 -344 -585 107 1042 -167
259 -128 524 134 -638 -33 200 886 -151 -5223 443 -1033 247 -508 -992 -618 -882 393 417 183 -641 208 1209 359 -406 8 339 338 1140 9 -97 -976 782 1114 964 -460 766 -617 -211 -279 -230 1108 964 1071 844 470 270 -735 251 233 474 248 549 257 -280 273 436 -312 321 -344 -585 107 1042 -167
259 -128 524 134 -638 -33 200 886 -151 -5223 443 -1033 247 -508 -992 -618 -882 393 417 183 -641 208 1209 359 -406 8 339 338 1140 9 -97 -976 782 1114 964 -460 766 -617 -211 -279 -230 1108 964 1071 844 470 270 -735 251 233 474 248 549 257 -280 273 436 -312 321 -344 -585 107 1042 -167
259 -128 524 134 -638 -33 200 886 -151 -5223 443 -1033 247 -508 -992 -618 -882 393 417 183 -641 208 1209 359 -406 8 339 338 1140 9 -97 -976 782 1114 964 -460 766 -617 -211 -279 -230 1108 964 1071 844 470 270 -735 251 233 474 248 549 257 -280 273 436 -312 321 -344 -585 107 1042 -167
259 -128 524 134 -638 -33 200 886 -151 -5223 443 -1033 247 -508 -992 -618 -882 393 417 183 -641 208 1209 359 -406 8 339 338 1140 9 -97 -976 782 1114 964 -460 766 -617 -211 -279 -230 1108 964 1071 844 470 270 -735 251 233 474 248 549 257 -280 273 436 -312 321 -344 -585 107 1042 -167
259 -128 524 134 -638 -33 200 886 -151 -5223 443 -1033 247 -508 -992 -618 -882 393 417 183 -641 208 1209 359 -406 8 339 338 1140 9 -97 -976 782 1114 964 -460 766 -617 -211 -279 -230 1108 964 1071 844 470 270 -735 251 233 474 248 549 257 -280 273 436 -312 321 -344 -585 107 1042 -167
259 -128 524 134 -638 -33 200 886 -151 -5223 443 -1033 247 -508 -992 -618 -882 393 417 183 -641 208 1209 359 -406 8 339 338 1140 9 -97 -976 782 1114 964 -460 766 -617 -211 -279 -230 1108 964 1071 844 470 270 -735 251 233 474 248 549 257 -280 273 436 -312 321 -344 -585 107 1042 -167
259 -128 524 134 -638 -33 200 886 -151 -5223 443 -1033 247 -508 -992 -618 -882 393 417 183 -641 208 1209 359 -406 8 339 338 1140 9 -97 -976 782 1114 964 -460 766 -617 -211 -279 -230 1108 964 1071 844 470 270 -735 251 233 474 248 549 257 -280 273 436 -312 321 -344 -585 107 1042 -167
259 -128 524 134 -638 -33 200 886 -151 -5223 443 -1033 247 -508 -992 -618 -882 393 417 183 -641 208 1209 359 -406 8 339 338 1140 9 -97 -976 782 1114 964 -460 766 -617 -211 -279 -230 1108 964 1071 844 470 270 -735 251 233 474 248 549 257 -280 273 436 -312 321 -344 -585 107 1042 -167
259 -128 524 134 -638 -33 200 886 -151 -5223 443 -1033 247 -508 -992 -618 -882 393 417 183 -641 208 1209 359 -406 8 339 338 1140 9 -97 -976 782 1114 964 -460 766 -617 -211 -279 -230 1108 964 1071 844 470 270 -735 251 233 474 248 549 257 -280 273 436 -312 321 -344 -585 107 1042 -167
259 -128 524 134 -638 -33 200 886 -151 -5223 443 -1033 247 -508 -992 -618 -882 393 417 183 -641 208 1209 359 -406 8 339 338 1140 9 -97 -976 782 1114 964 -460 766 -617 -211 -279 -230 1108 964 1071 844 470 270 -735 251 233 474 248 549 257 -280 273 436 -312 321 -344 -585 107 1042 -167
259 -128 524 134 -638 -33 200 886 -151 -5223 443 -1033 247 -508 -992 -618 -882 393 417 183 -641 208 1209 359 -406 8 339 338 1140 9 -97 -976 782 1114 964 -460 766 -617 -211 -279 -230 1108 964 1071 844 470 270 -735 251 233 474 248 549 257 -280 273 436 -312 321 -344 -585 107 1042 -167
259 -128 524 134 -638 -33 200 886 -151 -5223 443 -1033 247 -508 -992 -618 -882 393 417 183 -641 208 1209 359 -406 8 339 338 1140 9 -97 -976 782 1114 964 -460 766 -617 -211 -279 -230 1108 964 1071 844 470 270 -735 251 233 474 248 549 257 -280 273 436 -312 321 -344 -585 107 1042 -167
259 -128 524 134 -638 -33 200 886 -151 -5223 443 -1033 247 -508 -992 -618 -882 393 417 183 -641 208 1209 359 -406 8 339 338 1140 9 -97 -976 782 1114 964 -460 766 -617 -211 -279 -230 1108 964 1071 844 470 270 -735 251 233 474 248 549 257 -280 273 436 -312 321 -344 -585 107 1042 -167
259 -128 524 134 -638 -33 200 886 -151 -5223 443 -1033 247 -508 -992 -618 -882 393 417 183 -641 208 1209 359 -406 8 339 338 1140 9 -97 -976 782 1114 964 -460 766 -617 -211 -279 -230 1108 964 1071 844 470 270 -735 251 233 474 248 549 257 -280 273 436 -312 321 -344 -585 107 1042 -167
259 -128 524 134 -638 -33 200 886 -151 -5223 443 -1033 247 -508 -992 -618 -882 393 417 183 -641 208 1209 359 -406 8 339 338 1140 9 -97 -976 782 1114 964 -460 766 -617 -211 -279 -230 1108 964 1071 844 470 270 -735 251 233 474 248 549 257 -280 273 436 -312 321 -344 -585 107 1042 -167
259 -128 524 134 -638 -33 200 886 -151 -5223 443 -1033 247 -508 -992 -618 -882 393 417 183 -641 208 1209 359 -406 8 339 338 1140 9 -97 -976 782 1114 964 -460 766 -617 -211 -279 -230 1108 964 1071 844 470 270 -735 251 233 474 248 549 257 -280 273 436 -312 321 -344 -585 107 1042 -167
259 -128 524 134 -638 -33 200 886 -151 -5223 443 -1033 247 -508 -992 -618 -882 393 417 183 -641 208 1209 359 -406 8 339 338 1140 9 -97 -976 782 1114 964 -460 766 -617 -211 -279 -230 1108 964 1071 844 470 270 -735 251 233 474 248 549 257 -280 273 436 -312 321 -344 -585 107 1042 -167
259 -128 524 134 -638 -33 200 886 -151 -5223 443 -1033 247 -508 -992 -618 -882 393 417 183 -641 208 1209 359 -406 8 339 338 1140 9 -97 -976 782 1114 964 -460 766 -617 -211 -279 -230 1108 964 1071 844 470 270 -735 251 233 474 248 549 257 -280 273 436 -312 321 -344 -585 107 1042 -167
259 -128 524 134 -638 -33 200 886 -151 -5223 443 -1033 247 -508 -992 -618 -882 393 417 183 -641 208 1209 359 -406 8 339 338 1140 9 -97 -976 782 1114 964 -460 766 -617 -211 -279 -230 1108 964 1071 844 470 270 -735 251 233 474 248 549 257 -280 273 436 -312 321 -344 -585 107 1042 -167
259 -128 524 134 -638 -33 200 886 -151 -5223 443 -1033 247 -508 -992 -618 -882 393 417 183 -641 208 1209 359 -406 8 339 338 1140 9 -97 -976 782 1114 964 -460 766 -617 -211 -279 -230 1108 964 1071 844 470 270 -735 251 233 474 248 549 257 -280 273 436 -312 321 -344 -585 107 1042 -167
259 -128 524 134 -638 -33 200 886 -151 -5223 443 -1033 247 -508 -992 -618 -882 393 417 183 -641 208 1209 359 -406 8 339 338 1140 9 -97 -976 782 1114 964 -460 766 -617 -211 -279 -230 1108 964 1071 844 470 270 -735 251 233 474 248 549 257 -280 273 436 -312 321 -344 -585 107 1042 -167
259 -128 524 134 -638 -33 200 886 -151 -5223 443 -1033 247 -508 -992 -618 -882 393 417 183 -641 208 1209 359 -406 8 339 338 1140 9 -97 -976 782 1114 964 -460 766 -617 -211 -279 -230 1108 964 1071 844 470 270 -735 251 233 474 248 549 257 -280 273 436 -312 321 -344 -585 107 1042 -167
259 -128 524 134 -638 -33 200 886 -151 -5223 443 -1033 247 -508 -992 -618 -882 393 417 183 -641 208 1209 359 -406 8 339 338 1140 9 -97 -976 782 1114 964 -460 766 -617 -211 -279 -230 1108 964 1071 844 470 270 -735 251 233 474 248 549 257 -280 273 436 -312 321 -344 -585 107 1042 -167
259 -128 524 134 -638 -33 200 886 -151 -5223 443 -1033 247 -508 -992 -618 -882 393 417 183 -641 208 1209 359 -406 8 339 338 1140 9 -97 -976 782 1114 964 -460 766 -617 -211 -279 -230 1108 964 1071 844 470 270 -735 251 233 474 248 549 257 -280 273 436 -312 321 -344 -585 107 1042 -167
259 -128 524 134 -638 -33 200 886 -151 -5223 443 -1033 247 -508 -992 -618 -882 393 417 183 -641 208 1209 359 -406 8 339 338 1140 9 -97 -976 782 1114 964 -460 766 -617 -211 -279 -230 1108 964 1071 844 470 270 -735 251 233 474 248 549 257 -280 273 436 -312 321 -344 -585 107 1042 -167
259 -128 524 134 -638 -33 200 886 -151 -5223 443 -1033 247 -508 -992 -618 -882 393 417 183 -641 208 1209 359 -406 8 339 338 1140 9 -97 -976 782 1114 964 -460 766 -617 -211 -279 -230 1108 964 1071 844 470 270 -735 251 233 474 248 549 257 -280 273 436 -312 321 -344 -585 107 1042 -167
259 -128 524 134 -638 -33 200 886 -151 -5223 443 -1033 247 -508 -992 -618 -882 393 417 183 -641 208 1209 359 -406 8 339 338 1140 9 -97 -976 782 1114 964 -460 766 -617 -211 -279 -230 1108 964 1071 844 470 270 -735 251 233 474 248 549 257 -280 273 436 -312 321 -344 -585 107 1042 -167
259 -128 524 134 -638 -33 200 886 -151 -5223 443 -1033 247 -508 -992 -618 -882 393 417 183 -641 208 1209 359 -406 8 339 338 1140 9 -97 -976 782 1114 964 -460 766 -617 -211 -279 -230 1108 964 1071 844 470 270 -735 251 233 474 248 549 257 -280 273 436 -312 321 -344 -585 107 1042 -167
259 -128 524 134 -638 -33 200 886 -151 -5223 443 -1033 247 -508 -992 -618 -882 393 417 183 -641 208 1209 359 -406 8 339 338 1140 9 -97 -976 782 1114 964 -460 766 -617 -211 -279 -230 1108 964 1071 844 470 270 -735 251 233 474 248 549 257 -280 273 436 -312 321 -344 -585 107 1042 -167
259 -128 524 134 -638 -33 200 886 -151 -5223 443 -1033 247 -508 -992 -618 -882 393 417 183 -641 208 1209 359 -406 8 339 338 1140 9 -97 -976 782 1114 964 -460 766 -617 -211 -279 -230 1108 964 1071 844 470 270 -735 251 233 474 248 549 257 -280 273 436 -312 321 -344 -585 107 1042 -167
259 -128 524 134 -638 -33 200 886 -151 -5223 443 -1033 247 -508 -992 -618 -882 393 417 183 -641 208 1209 359 -406 8 339 338 1140 9 -97 -976 782 1114 964 -460 766 -617 -211 -279 -230 1108 964 1071 844 470 270 -735 251 233 474 248 549 257 -280 273 436 -312 321 -344 -585 107 1042 -167
259 -128 524 134 -638 -33 200 886 -151 -5223 443 -1033 247 -508 -992 -618 -882 393 417 183 -641 208 1209 359 -406 8 339 338 1140 9 -97 -976 782 1114 964 -460 766 -617 -211 -279 -230 1108 964 1071 844 470 270 -735 251 233 474 248 549 257 -280 273 436 -312 321 -344 -585 107 1042 -167
259 -128 524 134 -638 -33 200 886 -151 -5223 443 -1033 247 -508 -992 -618 -882 393 417 183 -641 208 1209 359 -406 8 339 338 1140 9 -97 -976 782 1114 964 -460 766 -617 -211 -279 -230 1108 964 1071 844 470 270 -735 251 233 474 248 549 257 -280 273 436 -312 321 -344 -585 107 1042 -167
259 -128 524 134 -638 -33 200 886 -151 -5223 443 -1033 247 -508 -992 -618 -882 393 417 183 -641 208 1209 359 -406 8 339 338 1140 9 -97 -976 782 1114 964 -460 766 -617 -211 -279 -230 1108 964 1071 844 470 270 -735 251 233 474 248 549 257 -280 273 436 -312 321 -344 -585 107 1042 -167
259 -128 524 134 -638 -33 200 886 -151 -5223 443 -1033 247 -508 -992 -618 -882 393 417 183 -641 208 1209 359 -406 8 339 338 1140 9 -97 -976 782 1114 964 -460 766 -617 -211 -279 -230 1108 964 1071 844 470 270 -735 251 233 474 248 549 257 -280 273 436 -312 321 -344 -585 107 1042 -167
259 -128 524 134 -638 -33 200 886 -151 -5223 443 -1033 247 -508 -992 -618 -882 393 417 183 -641 208 1209 359 -406 8 339 338 1140 9 -97 -976 782 1114 964 -460 766 -617 -211 -279 -230 1108 964 1071 844 470 270 -735 251 233 474 248 549 257 -280 273 436 -312 321 -344 -585 107 1042 -167
259 -128 524 134 -638 -33 200 886 -151 -5223 443 -1033 247 -508 -992 -618 -882 393 417 183 -641 208 1209 359 -406 8 339 338 1140 9 -97 -976 782 1114 964 -460 766 -617 -211 -279 -230 1108 964 1071 844 470 270 -735 251 233 474 248 549 257 -280 273 436 -312 321 -344 -585 107 1042 -167
259 -128 524 134 -638 -33 200 886 -151 -5223 443 -1033 247 -508 -992 -618 -882 393 417 183 -641 208 1209 359 -406 8 339 338 1140 9 -97 -976 782 1114 964 -460 766 -617 -211 -279 -230 1108 964 1071 844 470 270 -735 251 233 474 248 549 257 -280 273 436 -312 321 -344 -585 107 1042 -167
259 -128 524 134 -638 -33 200 886 -151 -5223 443 -1033 247 -508 -992 -618 -882 393 417 183 -641 208 1209 359 -406 8 339 338 1140 9 -97 -976 782 1114 964 -460 766 -617 -211 -279 -230 1108 964 1071 844 470 270 -735 251 233 474 248 549 257 -280 273 436 -312 321 -344 -585 107 1042 -167
259 -128 524 134 -638 -33 200 886 -151 -5223 443 -1033 247 -508 -992 -618 -882 393 417 183 -641 208 1209 359 -406 8 339 338 1140 9 -97 -976 782 1114 964 -460 766 -617 -211 -279 -230 1108 964 1071 844 470 270 -735 251 233 474 248 549 257 -280 273 436 -312 321 -344 -585 107 1042 -167
259 -128 524 134 -638 -33 200 886 -151 -5223 443 -1033 247 -508 -992 -618 -882 393 417 183 -641 208 1209 359 -406 8 339 338 1140 9 -97 -976 782 1114 964 -460 766 -617 -211 -279 -230 1108 964 1071 844 470 270 -735 251 233 474 248 549 257 -280 273 436 -312 321 -344 -585 107 1042 -167
259 -128 524 134 -638 -33 200 886 -151 -5223 443 -1033 247 -508 -992 -618 -882 393 417 183 -641 208 1209 359 -406 8 339 338 1140 9 -97 -976 782 1114 964 -460 766 -617 -211 -279 -230 1108 964 1071 844 470 270 -735 251 233 474 248 549 257 -280 273 436 -312 321 -344 -585 107 1042 -167
259 -128 524 134 -638 -33 200 886 -151 -5223 443 -1033 247 -508 -992 -618 -882 393 417 183 -641 208 1209 359 -406 8 339 338 1140 9 -97 -976 782 1114 964 -460 766 -617 -211 -279 -230 1108 964 1071 844 470 270 -735 251 233 474 248 549 257 -280 273 436 -312 321 -344 -585 107 1042 -167
259 -128 524 134 -638 -33 200 886 -151 -5223 443 -1033 247 -508 -992 -618 -882 393 417 183 -641 208 1209 359 -406 8 339 338 1140 9 -97 -976 782 1114 964 -460 766 -617 -211 -279 -230 1108 964 1071 844 470 270 -735 251 233 474 248 549 257 -280 273 436 -312 321 -344 -585 107 1042 -167
