-183 -147 -57 -200 -325 -22 -198 -258 103 465 -176 -486 563 251 -26 371 -501 -112 -20 -261 292 247 -22 465 -175 348 73 -169 -26 530 189 179 1714 -505 115 358 452 -252 -121 483 -592 -129 -258 -418 -200 -26 -475 -277 -242 823 177 -67 -121 -104 95 -306 258 -70 -32 168 54 -265 99 249
-500 -913 167 -224 -969 -81 441 -378 -47 1147 397 -172 2547 971 -174 864 -1227 -563 564 -1625 1029 -176 52 1207 110 929 -122 443 366 779 929 -46 1484 -1842 852 579 -422 144 -463 1129 -1536 -1375 574 -452 -361 26 -158 30 -57 1634 888 -630 758 473 628 -1001 1295 284 -877 -1105 -1357 -1091 492 160
-359 -345 145 -823 -1339 -183 110 -454 60 1630 894 -228 2604 983 142 475 -1318 -785 364 -2155 891 -577 -28 1099 857 1408 -44 625 275 706 906 -13 1137 -2427 1213 974 -117 -489 -126 1062 -1623 -1310 563 -427 -287 231 -685 -127 -137 2080 1254 -923 783 0 244 -1387 855 622 -823 -1222 -1305 -1301 151 -105
-258 232 14 -1198 -1284 -425 -503 -235 -261 1886 946 -345 1813 1054 340 -243 -1218 -767 350 -1875 564 -1105 -129 715 1553 1384 -169 439 299 344 744 0 783 -2253 787 1154 441 -1073 370 567 -1405 -852 556 -534 12 402 -983 -484 -203 2031 1232 -641 336 -474 -125 -1336 -108 776 -545 -603 -1094 -1017 -125 -116
-385 798 636 -250 -2241 131 214 225 1052 2698 1431 -377 1603 1468 1150 -661 -1390 -506 1794 -3431 -346 -1563 -885 1661 2583 371 -651 1399 581 591 1462 -923 23 -3163 1668 2346 -352 -1148 -97 1615 52 -1217 856 258 -619 854 -730 160 9 3948 1709 -604 549 -876 -188 -1391 -790 1766 -1052 -2943 -1071 -333 326 -1219
-605 53 -95 -1151 -1881 243 675 -299 -467 1913 1252 -917 2442 1962 271 -408 -920 -532 17 -3975 288 -1386 -111 1834 2023 560 -653 654 175 1861 1574 -1136 978 -3679 2372 1978 -511 -705 324 1673 -218 -2419 -212 -940 -199 -556 -846 -127 -939 3357 2253 -1386 1125 -701 -1024 -1880 -23 1652 -1087 -2326 -1275 1198 -240 -307
-519 177 -17 -885 -2117 371 18 -76 -125 1543 1854 -685 1967 2968 854 -900 -1158 -719 236 -4289 782 -1805 -424 2097 2196 1173 -1210 640 604 2359 2134 -1196 1378 -4034 2314 2264 -482 -1198 464 1522 -599 -2230 -422 -724 -351 340 -1318 435 -807 2748 2367 -1355 891 -929 -1194 -1232 -237 1266 -1527 -2424 -1606 1156 -69 -987
-401 -240 -40 -1092 -1699 -450 -172 -242 -416 2448 1519 -307 2145 1045 766 349 -1845 -520 -38 -2243 133 -1814 45 1288 1191 1223 -592 467 413 557 1376 -345 594 -2437 1213 929 314 -1147 183 1043 -1262 -1304 355 -999 -464 498 -801 -673 -229 2891 1338 -974 373 -710 90 -1342 -37 926 -1009 -1332 -1428 -1201 -180 -139
-441 -470 124 -1270 -1646 -453 -388 -148 -255 2426 1308 -401 2721 1376 821 372 -1560 -662 249 -2328 551 -1546 236 1020 1404 1596 -551 569 422 507 1368 -276 712 -2770 1314 1388 356 -1164 -135 852 -1785 -1147 775 -356 -512 595 -786 -724 -157 2744 1730 -880 504 -626 31 -1919 402 966 -817 -1261 -1543 -1568 15 35
-300 -850 323 -1124 -1383 -307 -143 -99 -169 1966 438 -195 2527 1265 194 713 -1500 -347 139 -1914 519 -1213 97 1070 1231 1154 -655 723 310 617 1486 -644 1060 -2142 1536 947 130 -812 -498 743 -1663 -1171 735 -80 -750 815 -95 -532 -137 2475 1815 -856 856 -550 120 -1773 763 587 -1024 -1099 -1181 -1545 89 -189
-500 -179 11 -1417 -2001 -474 -281 -253 -50 2775 1583 -485 2778 1444 997 250 -1506 -801 209 -2735 604 -1729 407 1064 1698 1822 -588 507 393 418 1359 -52 525 -3012 1480 1487 441 -1222 4 1067 -1874 -1281 771 -460 -424 406 -970 -922 -340 2931 1690 -1235 515 -532 12 -1886 304 1141 -796 -1538 -1624 -1563 -128 55
-146 226 -334 -1067 -1950 32 -158 -446 352 2339 1633 -547 2650 625 1517 511 -1415 -893 67 -2728 501 -698 837 938 1360 1355 -514 325 290 692 1413 -404 1136 -2822 1799 1506 289 -941 103 902 -1688 -1614 545 -338 -782 272 -956 -791 199 2585 1774 -1661 596 -828 424 -1661 151 1436 -383 -1725 -1529 -1063 -248 -423
-128 294 -29 -1131 -1710 -293 -292 -296 -160 2359 1473 -513 2433 1043 824 211 -773 -837 432 -2628 1069 -1425 115 911 1813 1032 -175 83 495 942 1830 -482 763 -2533 1693 1340 621 -1054 350 727 -2016 -1520 407 -168 -514 755 -529 -356 302 2624 1962 -1443 803 -589 236 -1639 190 1395 -987 -2053 -947 -889 -261 -440
-112 516 55 -1268 -1844 -313 -439 -65 -542 2341 1457 -455 2482 874 1065 398 -803 -800 67 -2432 740 -1655 115 994 1652 585 -226 216 289 901 2011 -996 739 -2790 1702 1223 654 -1346 194 636 -1951 -1868 622 -291 -420 679 -515 -231 587 3171 1683 -1375 871 -410 205 -1497 234 1240 -996 -2467 -937 -1043 -402 -203
-119 627 -73 -1426 -1844 -19 -904 -72 -134 2423 1262 -292 2481 1213 1077 222 -857 -976 195 -2799 810 -728 78 777 1976 564 -127 441 -65 1212 1831 -898 598 -2627 1633 1582 367 -1279 -173 753 -2007 -1889 939 -60 -522 708 -622 -21 363 3298 1654 -1124 878 -447 350 -1684 0 1909 -922 -2868 -943 -828 -117 -573
-280 710 260 -1377 -1882 -119 -966 -117 -241 2107 1570 -649 2277 819 1200 -231 -679 -1167 -116 -2908 745 -1319 80 769 2138 333 -531 -4 -79 1178 1891 -703 754 -2881 1384 1833 753 -1271 -196 353 -1911 -1729 568 -189 -95 639 -767 -51 123 3147 1214 -1291 671 -751 373 -1385 92 1277 -1158 -2705 -1087 -427 -186 -259
-142 881 588 -1514 -2328 -583 -917 -266 896 2063 1206 -262 2454 1892 1351 -144 -1136 -1080 368 -3502 607 -1274 -77 1407 2525 781 -428 577 58 1867 1868 -395 298 -2730 1699 2460 -87 -1397 -276 859 -1417 -1497 776 19 -284 768 -1169 60 -55 3791 1399 -937 485 -592 387 -1551 116 1826 -1399 -3515 -1364 -745 220 -810
-241 602 135 -1376 -1952 -307 -813 -252 412 2120 1439 -326 2449 1593 1300 -70 -1084 -1019 309 -3166 658 -1093 33 1143 2115 900 -379 450 -1 1476 1746 -503 639 -2755 1621 2039 54 -1282 -84 779 -1634 -1634 876 -233 -309 759 -1105 -165 150 3351 1586 -810 512 -684 265 -1522 83 1562 -1077 -2732 -1344 -870 44 -514
-612 694 -101 -1597 -2094 -481 -397 -539 587 1956 1813 -783 2431 2077 1574 -437 -1216 -1022 49 -3612 510 -2191 -89 1651 2149 1098 -589 364 -122 1406 1762 -466 510 -3373 1642 2202 291 -1329 419 1006 -1516 -1890 760 -1065 -61 397 -1717 -576 1 3330 1877 -1021 351 -1010 88 -1162 243 874 -1092 -2203 -1390 -797 -255 -23
-393 493 -262 -1155 -1922 -373 -271 -334 503 1985 1799 -804 2552 1527 1675 55 -1237 -731 107 -3225 615 -1657 271 1400 1418 948 -626 347 -36 1158 1733 -501 683 -2949 1424 1756 278 -1076 280 979 -1532 -1783 680 -886 -398 457 -1141 -556 222 3163 1716 -1082 350 -751 231 -1288 256 874 -924 -2091 -1307 -855 -159 -112
-264 288 -332 -1273 -1590 -307 -190 -241 -54 2167 1412 -363 2549 1176 1199 613 -1151 -643 73 -2328 678 -1419 322 964 1180 1134 -265 250 275 724 1560 -504 925 -2467 1355 1038 404 -1097 269 635 -1740 -1703 657 -719 -556 454 -651 -699 462 2707 1682 -1118 503 -400 297 -1431 278 811 -623 -1621 -1190 -1301 -106 -299
-358 -457 -10 -895 -1410 -37 85 -425 126 1837 1023 151 2979 1187 191 853 -1222 -911 418 -2191 1107 -441 138 1100 1063 1432 167 548 296 1025 1297 -268 1294 -2539 1505 1034 -275 -604 -133 1084 -2028 -1772 732 -246 -472 320 -567 -93 313 2306 1620 -1007 1064 158 336 -1617 978 814 -768 -1639 -1385 -1574 261 -266
-414 -793 -196 -436 -283 577 -789 -621 788 510 -1153 -1225 907 816 -11 836 -688 -29 -377 93 620 404 -11 487 -1141 469 205 -573 186 1251 436 777 2599 44 -320 470 835 124 -593 687 -688 335 -1384 -1217 -618 18 -1050 -808 -819 971 69 -416 -758 -36 378 -91 1188 -753 356 179 1140 -257 -176 206
-262 -20 2 -1406 -1241 -200 -624 -579 156 1566 1056 126 2259 1301 107 -88 -1373 -1331 579 -2012 758 -628 -241 601 1665 2059 473 685 112 607 752 52 1194 -2516 920 1650 199 -1241 369 453 -1807 -872 871 -224 5 867 -1331 -282 -77 1824 1583 -269 481 -555 -271 -1529 195 531 -367 -595 -1370 -1537 137 -545
-192 202 -68 -1169 -1055 -126 -309 -646 219 959 579 100 1491 907 -339 -28 -952 -1171 170 -1637 547 -208 -269 519 1525 1464 485 478 -101 587 480 20 1440 -1854 792 1382 368 -955 300 594 -1439 -695 486 -251 72 421 -1128 -117 -235 1390 1114 -620 451 -379 -121 -1078 227 386 -306 -630 -725 -841 130 -354
-305 564 2 -1766 -1572 -502 -701 -552 -39 1904 1124 -303 2074 1591 256 -633 -1416 -1357 384 -2692 698 -1361 -321 727 2485 1813 -105 667 294 348 874 135 749 -2851 916 1873 579 -1347 468 598 -1693 -1031 846 -722 236 541 -1630 -462 -346 2225 1638 -995 365 -591 -136 -1559 -48 919 -632 -971 -1283 -1052 -145 -188
-475 1182 329 -1524 -1911 -398 -204 -659 683 1781 957 -393 1617 1831 495 -651 -1035 -1028 313 -2930 112 -1230 -526 1477 3018 1012 -236 756 225 1060 1311 -103 464 -2563 1440 1979 -147 -660 268 1466 -478 -1339 739 -479 -175 -142 -1488 -128 -158 2839 1502 -1130 477 -619 -56 -1133 106 1627 -875 -1955 -1027 -92 -12 -137
-814 999 -220 -2712 -2297 -303 319 -1063 228 1546 1440 -844 2174 3063 458 -884 -1396 -1286 -119 -4213 241 -2380 -420 2193 3244 1141 -242 302 -88 1687 1813 -312 704 -3823 2399 2503 -208 -841 255 1063 -1296 -2575 528 -1573 211 -570 -1912 -332 -767 2939 2501 -1796 1119 -972 -490 -1443 320 1529 -1047 -1746 -1282 301 -581 266
-512 864 -60 -2128 -1928 -820 -421 -1007 323 1800 1896 -350 1783 2989 533 -1183 -2075 -1797 673 -4399 625 -2297 -390 1763 3383 1603 -757 439 691 1439 2380 -365 479 -4233 1800 2836 566 -1503 643 746 -1136 -2338 550 -1362 50 502 -1781 -225 -143 2477 2355 -854 507 -724 -727 -1049 -651 1320 -1080 -1360 -1564 446 -145 189
-508 259 -136 -2007 -2051 -773 -765 -300 -393 3134 1458 -290 2458 1888 636 -388 -1770 -1022 259 -2641 718 -2332 19 911 2264 2186 -448 567 487 268 1257 127 64 -2928 1170 1237 660 -1569 691 739 -2023 -1263 996 -1030 50 552 -1159 -1227 -369 2864 1589 -1004 375 -445 -166 -1604 -212 991 -770 -981 -1587 -1738 -470 -98
-526 -51 -2 -1678 -1695 -547 -580 -403 -111 2545 1351 -218 2653 1837 668 -60 -1475 -1129 329 -2543 915 -1566 92 767 1936 2162 -189 464 451 412 1119 185 615 -2911 1138 1407 466 -1395 420 661 -1936 -1230 1022 -595 -201 345 -1155 -960 -175 2407 1745 -825 428 -336 -80 -1794 190 817 -522 -854 -1613 -1701 -138 -20
-410 59 46 -1257 -1421 -336 -339 -402 67 1806 1152 -212 2123 1362 535 47 -1149 -1015 246 -2289 638 -1016 6 838 1623 1497 -105 388 204 602 1020 -89 944 -2530 1121 1440 347 -1125 160 646 -1510 -1134 685 -331 -238 340 -1003 -476 -142 2147 1419 -687 446 -451 -38 -1411 205 695 -568 -1067 -1262 -1092 50 -127
-247 -32 24 -923 -1048 -276 -146 -455 147 1263 906 18 1641 947 228 300 -848 -954 140 -1589 611 -332 51 598 1117 1397 276 232 62 537 687 -89 1249 -1929 968 1023 303 -978 255 531 -1328 -866 538 -8 -349 208 -712 -289 1 1431 1118 -419 459 -299 -72 -1090 211 405 -315 -540 -968 -972 126 -121
-305 448 184 -1431 -1645 -280 -608 -487 35 1695 1241 -147 2030 1223 459 -273 -924 -1485 167 -2655 741 -982 -151 720 2393 1205 3 239 79 837 1288 -284 1023 -2655 1218 1908 614 -1314 136 364 -1671 -1268 529 -99 -97 557 -1122 -171 -172 2249 1384 -1063 525 -686 11 -1370 30 824 -765 -1781 -1097 -741 23 -470
-412 705 256 -1503 -1848 -448 -666 -588 512 1797 1252 -297 2094 1878 995 -429 -1156 -1218 262 -3045 460 -1317 -294 1222 2542 1318 -246 529 106 1278 1342 -147 626 -2810 1488 2190 96 -1332 155 878 -1331 -1351 782 -399 -53 423 -1644 -270 -92 2860 1597 -694 292 -763 110 -1214 87 1230 -933 -2079 -1376 -948 16 -271
-433 539 108 -1601 -1717 -344 -666 -671 396 1742 1355 -149 2188 1793 850 -348 -1186 -1407 264 -2995 580 -1200 -234 1030 2447 1541 -54 468 22 1167 1298 -141 839 -2893 1489 2139 211 -1442 229 657 -1594 -1429 849 -433 11 571 -1650 -344 -68 2632 1700 -584 375 -763 9 -1294 77 1013 -780 -1808 -1440 -1120 19 -337
-750 750 -14 -1767 -1976 -411 -405 -771 566 1808 1728 -584 2152 2338 1284 -694 -1129 -1372 25 -3689 410 -2101 -317 1630 2680 1235 -502 397 -88 1491 1609 -444 620 -3532 1888 2457 194 -1457 397 953 -1436 -1969 697 -1070 164 250 -2173 -620 -194 3118 1943 -820 359 -1174 53 -1034 152 915 -1054 -2129 -1435 -724 -236 -41
-651 640 -233 -1753 -1757 -479 -267 -615 456 1888 1672 -616 2365 2179 1342 -273 -1195 -1041 150 -3472 637 -2203 -80 1481 2131 1294 -561 255 122 1271 1772 -369 630 -3292 1475 2002 419 -1308 415 763 -1449 -1999 613 -1226 -92 422 -1556 -652 125 2939 1911 -832 208 -798 54 -1122 120 665 -904 -1877 -1360 -685 -85 -136
-521 270 -309 -1804 -1593 -458 -414 -308 -298 2498 1159 -217 2355 1509 745 180 -1382 -784 80 -2199 697 -2041 78 849 1659 1786 -281 295 416 361 1191 -50 589 -2465 1040 877 688 -1363 563 446 -1830 -1384 700 -1032 -132 471 -886 -1100 -2 2491 1520 -951 329 -360 99 -1382 24 512 -548 -996 -1355 -1575 -206 -431
-389 -305 -297 -1364 -1402 -80 -362 -522 266 2004 1167 539 2491 1280 164 476 -1353 -1069 370 -1728 847 -823 180 792 1591 2047 462 391 223 883 963 3 1134 -2358 1150 1230 24 -1169 416 680 -2151 -1413 714 -370 -102 614 -962 -572 300 2018 1609 -605 738 -227 1 -1564 293 552 -289 -831 -1582 -1875 204 -694
-418 -820 -209 -412 -233 597 -800 -630 799 447 -1224 -1240 857 798 -34 862 -654 -11 -413 186 621 449 0 459 -1221 428 222 -621 184 1262 412 804 2628 140 -381 430 855 167 -606 665 -661 382 -1444 -1239 -625 -16 -1043 -821 -829 896 13 -412 -798 -14 403 -38 1220 -810 397 226 1216 -221 -181 231
-163 -306 -161 -811 -825 -120 -385 -327 70 1315 758 458 1693 734 -286 275 -1105 -800 536 -962 548 -293 -37 652 1210 1454 573 423 185 617 466 -62 1365 -1785 575 1165 20 -943 356 509 -1577 -716 448 -65 46 688 -857 -137 189 1501 1138 -101 560 -348 -167 -1346 19 397 -195 -217 -1168 -1311 323 -567
-163 -306 -161 -811 -825 -120 -385 -327 70 1315 758 458 1693 734 -286 275 -1105 -800 536 -962 548 -293 -37 652 1210 1454 573 423 185 617 466 -62 1365 -1785 575 1165 20 -943 356 509 -1577 -716 448 -65 46 688 -857 -137 189 1501 1138 -101 560 -348 -167 -1346 19 397 -195 -217 -1168 -1311 323 -567
-163 -306 -161 -811 -825 -120 -385 -327 70 1315 758 458 1693 734 -286 275 -1105 -800 536 -962 548 -293 -37 652 1210 1454 573 423 185 617 466 -62 1365 -1785 575 1165 20 -943 356 509 -1577 -716 448 -65 46 688 -857 -137 189 1501 1138 -101 560 -348 -167 -1346 19 397 -195 -217 -1168 -1311 323 -567
-163 -306 -161 -811 -825 -120 -385 -327 70 1315 758 458 1693 734 -286 275 -1105 -800 536 -962 548 -293 -37 652 1210 1454 573 423 185 617 466 -62 1365 -1785 575 1165 20 -943 356 509 -1577 -716 448 -65 46 688 -857 -137 189 1501 1138 -101 560 -348 -167 -1346 19 397 -195 -217 -1168 -1311 323 -567
-163 -306 -161 -811 -825 -120 -385 -327 70 1315 758 458 1693 734 -286 275 -1105 -800 536 -962 548 -293 -37 652 1210 1454 573 423 185 617 466 -62 1365 -1785 575 1165 20 -943 356 509 -1577 -716 448 -65 46 688 -857 -137 189 1501 1138 -101 560 -348 -167 -1346 19 397 -195 -217 -1168 -1311 323 -567
-163 -306 -161 -811 -825 -120 -385 -327 70 1315 758 458 1693 734 -286 275 -1105 -800 536 -962 548 -293 -37 652 1210 1454 573 423 185 617 466 -62 1365 -1785 575 1165 20 -943 356 509 -1577 -716 448 -65 46 688 -857 -137 189 1501 1138 -101 560 -348 -167 -1346 19 397 -195 -217 -1168 -1311 323 -567
-163 -306 -161 -811 -825 -120 -385 -327 70 1315 758 458 1693 734 -286 275 -1105 -800 536 -962 548 -293 -37 652 1210 1454 573 423 185 617 466 -62 1365 -1785 575 1165 20 -943 356 509 -1577 -716 448 -65 46 688 -857 -137 189 1501 1138 -101 560 -348 -167 -1346 19 397 -195 -217 -1168 -1311 323 -567
-163 -306 -161 -811 -825 -120 -385 -327 70 1315 758 458 1693 734 -286 275 -1105 -800 536 -962 548 -293 -37 652 1210 1454 573 423 185 617 466 -62 1365 -1785 575 1165 20 -943 356 509 -1577 -716 448 -65 46 688 -857 -137 189 1501 1138 -101 560 -348 -167 -1346 19 397 -195 -217 -1168 -1311 323 -567
-163 -306 -161 -811 -825 -120 -385 -327 70 1315 758 458 1693 734 -286 275 -1105 -800 536 -962 548 -293 -37 652 1210 1454 573 423 185 617 466 -62 1365 -1785 575 1165 20 -943 356 509 -1577 -716 448 -65 46 688 -857 -137 189 1501 1138 -101 560 -348 -167 -1346 19 397 -195 -217 -1168 -1311 323 -567
-163 -306 -161 -811 -825 -120 -385 -327 70 1315 758 458 1693 734 -286 275 -1105 -800 536 -962 548 -293 -37 652 1210 1454 573 423 185 617 466 -62 1365 -1785 575 1165 20 -943 356 509 -1577 -716 448 -65 46 688 -857 -137 189 1501 1138 -101 560 -348 -167 -1346 19 397 -195 -217 -1168 -1311 323 -567
-163 -306 -161 -811 -825 -120 -385 -327 70 1315 758 458 1693 734 -286 275 -1105 -800 536 -962 548 -293 -37 652 1210 1454 573 423 185 617 466 -62 1365 -1785 575 1165 20 -943 356 509 -1577 -716 448 -65 46 688 -857 -137 189 1501 1138 -101 560 -348 -167 -1346 19 397 -195 -217 -1168 -1311 323 -567
-163 -306 -161 -811 -825 -120 -385 -327 70 1315 758 458 1693 734 -286 275 -1105 -800 536 -962 548 -293 -37 652 1210 1454 573 423 185 617 466 -62 1365 -1785 575 1165 20 -943 356 509 -1577 -716 448 -65 46 688 -857 -137 189 1501 1138 -101 560 -348 -167 -1346 19 397 -195 -217 -1168 -1311 323 -567
-163 -306 -161 -811 -825 -120 -385 -327 70 1315 758 458 1693 734 -286 275 -1105 -800 536 -962 548 -293 -37 652 1210 1454 573 423 185 617 466 -62 1365 -1785 575 1165 20 -943 356 509 -1577 -716 448 -65 46 688 -857 -137 189 1501 1138 -101 560 -348 -167 -1346 19 397 -195 -217 -1168 -1311 323 -567
-163 -306 -161 -811 -825 -120 -385 -327 70 1315 758 458 1693 734 -286 275 -1105 -800 536 -962 548 -293 -37 652 1210 1454 573 423 185 617 466 -62 1365 -1785 575 1165 20 -943 356 509 -1577 -716 448 -65 46 688 -857 -137 189 1501 1138 -101 560 -348 -167 -1346 19 397 -195 -217 -1168 -1311 323 -567
-163 -306 -161 -811 -825 -120 -385 -327 70 1315 758 458 1693 734 -286 275 -1105 -800 536 -962 548 -293 -37 652 1210 1454 573 423 185 617 466 -62 1365 -1785 575 1165 20 -943 356 509 -1577 -716 448 -65 46 688 -857 -137 189 1501 1138 -101 560 -348 -167 -1346 19 397 -195 -217 -1168 -1311 323 -567
-163 -306 -161 -811 -825 -120 -385 -327 70 1315 758 458 1693 734 -286 275 -1105 -800 536 -962 548 -293 -37 652 1210 1454 573 423 185 617 466 -62 1365 -1785 575 1165 20 -943 356 509 -1577 -716 448 -65 46 688 -857 -137 189 1501 1138 -101 560 -348 -167 -1346 19 397 -195 -217 -1168 -1311 323 -567
-163 -306 -161 -811 -825 -120 -385 -327 70 1315 758 458 1693 734 -286 275 -1105 -800 536 -962 548 -293 -37 652 1210 1454 573 423 185 617 466 -62 1365 -1785 575 1165 20 -943 356 509 -1577 -716 448 -65 46 688 -857 -137 189 1501 1138 -101 560 -348 -167 -1346 19 397 -195 -217 -1168 -1311 323 -567
-163 -306 -161 -811 -825 -120 -385 -327 70 1315 758 458 1693 734 -286 275 -1105 -800 536 -962 548 -293 -37 652 1210 1454 573 423 185 617 466 -62 1365 -1785 575 1165 20 -943 356 509 -1577 -716 448 -65 46 688 -857 -137 189 1501 1138 -101 560 -348 -167 -1346 19 397 -195 -217 -1168 -1311 323 -567
-163 -306 -161 -811 -825 -120 -385 -327 70 1315 758 458 1693 734 -286 275 -1105 -800 536 -962 548 -293 -37 652 1210 1454 573 423 185 617 466 -62 1365 -1785 575 1165 20 -943 356 509 -1577 -716 448 -65 46 688 -857 -137 189 1501 1138 -101 560 -348 -167 -1346 19 397 -195 -217 -1168 -1311 323 -567
-163 -306 -161 -811 -825 -120 -385 -327 70 1315 758 458 1693 734 -286 275 -1105 -800 536 -962 548 -293 -37 652 1210 1454 573 423 185 617 466 -62 1365 -1785 575 1165 20 -943 356 509 -1577 -716 448 -65 46 688 -857 -137 189 1501 1138 -101 560 -348 -167 -1346 19 397 -195 -217 -1168 -1311 323 -567
-163 -306 -161 -811 -825 -120 -385 -327 70 1315 758 458 1693 734 -286 275 -1105 -800 536 -962 548 -293 -37 652 1210 1454 573 423 185 617 466 -62 1365 -1785 575 1165 20 -943 356 509 -1577 -716 448 -65 46 688 -857 -137 189 1501 1138 -101 560 -348 -167 -1346 19 397 -195 -217 -1168 -1311 323 -567
-163 -306 -161 -811 -825 -120 -385 -327 70 1315 758 458 1693 734 -286 275 -1105 -800 536 -962 548 -293 -37 652 1210 1454 573 423 185 617 466 -62 1365 -1785 575 1165 20 -943 356 509 -1577 -716 448 -65 46 688 -857 -137 189 1501 1138 -101 560 -348 -167 -1346 19 397 -195 -217 -1168 -1311 323 -567
-163 -306 -161 -811 -825 -120 -385 -327 70 1315 758 458 1693 734 -286 275 -1105 -800 536 -962 548 -293 -37 652 1210 1454 573 423 185 617 466 -62 1365 -1785 575 1165 20 -943 356 509 -1577 -716 448 -65 46 688 -857 -137 189 1501 1138 -101 560 -348 -167 -1346 19 397 -195 -217 -1168 -1311 323 -567
-163 -306 -161 -811 -825 -120 -385 -327 70 1315 758 458 1693 734 -286 275 -1105 -800 536 -962 548 -293 -37 652 1210 1454 573 423 185 617 466 -62 1365 -1785 575 1165 20 -943 356 509 -1577 -716 448 -65 46 688 -857 -137 189 1501 1138 -101 560 -348 -167 -1346 19 397 -195 -217 -1168 -1311 323 -567
-163 -306 -161 -811 -825 -120 -385 -327 70 1315 758 458 1693 734 -286 275 -1105 -800 536 -962 548 -293 -37 652 1210 1454 573 423 185 617 466 -62 1365 -1785 575 1165 20 -943 356 509 -1577 -716 448 -65 46 688 -857 -137 189 1501 1138 -101 560 -348 -167 -1346 19 397 -195 -217 -1168 -1311 323 -567
-163 -306 -161 -811 -825 -120 -385 -327 70 1315 758 458 1693 734 -286 275 -1105 -800 536 -962 548 -293 -37 652 1210 1454 573 423 185 617 466 -62 1365 -1785 575 1165 20 -943 356 509 -1577 -716 448 -65 46 688 -857 -137 189 1501 1138 -101 560 -348 -167 -1346 19 397 -195 -217 -1168 -1311 323 -567
-163 -306 -161 -811 -825 -120 -385 -327 70 1315 758 458 1693 734 -286 275 -1105 -800 536 -962 548 -293 -37 652 1210 1454 573 423 185 617 466 -62 1365 -1785 575 1165 20 -943 356 509 -1577 -716 448 -65 46 688 -857 -137 189 1501 1138 -101 560 -348 -167 -1346 19 397 -195 -217 -1168 -1311 323 -567
-163 -306 -161 -811 -825 -120 -385 -327 70 1315 758 458 1693 734 -286 275 -1105 -800 536 -962 548 -293 -37 652 1210 1454 573 423 185 617 466 -62 1365 -1785 575 1165 20 -943 356 509 -1577 -716 448 -65 46 688 -857 -137 189 1501 1138 -101 560 -348 -167 -1346 19 397 -195 -217 -1168 -1311 323 -567
-163 -306 -161 -811 -825 -120 -385 -327 70 1315 758 458 1693 734 -286 275 -1105 -800 536 -962 548 -293 -37 652 1210 1454 573 423 185 617 466 -62 1365 -1785 575 1165 20 -943 356 509 -1577 -716 448 -65 46 688 -857 -137 189 1501 1138 -101 560 -348 -167 -1346 19 397 -195 -217 -1168 -1311 323 -567
-163 -306 -161 -811 -825 -120 -385 -327 70 1315 758 458 1693 734 -286 275 -1105 -800 536 -962 548 -293 -37 652 1210 1454 573 423 185 617 466 -62 1365 -1785 575 1165 20 -943 356 509 -1577 -716 448 -65 46 688 -857 -137 189 1501 1138 -101 560 -348 -167 -1346 19 397 -195 -217 -1168 -1311 323 -567
-163 -306 -161 -811 -825 -120 -385 -327 70 1315 758 458 1693 734 -286 275 -1105 -800 536 -962 548 -293 -37 652 1210 1454 573 423 185 617 466 -62 1365 -1785 575 1165 20 -943 356 509 -1577 -716 448 -65 46 688 -857 -137 189 1501 1138 -101 560 -348 -167 -1346 19 397 -195 -217 -1168 -1311 323 -567
-163 -306 -161 -811 -825 -120 -385 -327 70 1315 758 458 1693 734 -286 275 -1105 -800 536 -962 548 -293 -37 652 1210 1454 573 423 185 617 466 -62 1365 -1785 575 1165 20 -943 356 509 -1577 -716 448 -65 46 688 -857 -137 189 1501 1138 -101 560 -348 -167 -1346 19 397 -195 -217 -1168 -1311 323 -567
-163 -306 -161 -811 -825 -120 -385 -327 70 1315 758 458 1693 734 -286 275 -1105 -800 536 -962 548 -293 -37 652 1210 1454 573 423 185 617 466 -62 1365 -1785 575 1165 20 -943 356 509 -1577 -716 448 -65 46 688 -857 -137 189 1501 1138 -101 560 -348 -167 -1346 19 397 -195 -217 -1168 -1311 323 -567
-163 -306 -161 -811 -825 -120 -385 -327 70 1315 758 458 1693 734 -286 275 -1105 -800 536 -962 548 -293 -37 652 1210 1454 573 423 185 617 466 -62 1365 -1785 575 1165 20 -943 356 509 -1577 -716 448 -65 46 688 -857 -137 189 1501 1138 -101 560 -348 -167 -1346 19 397 -195 -217 -1168 -1311 323 -567
-163 -306 -161 -811 -825 -120 -385 -327 70 1315 758 458 1693 734 -286 275 -1105 -800 536 -962 548 -293 -37 652 1210 1454 573 423 185 617 466 -62 1365 -1785 575 1165 20 -943 356 509 -1577 -716 448 -65 46 688 -857 -137 189 1501 1138 -101 560 -348 -167 -1346 19 397 -195 -217 -1168 -1311 323 -567
-163 -306 -161 -811 -825 -120 -385 -327 70 1315 758 458 1693 734 -286 275 -1105 -800 536 -962 548 -293 -37 652 1210 1454 573 423 185 617 466 -62 1365 -1785 575 1165 20 -943 356 509 -1577 -716 448 -65 46 688 -857 -137 189 1501 1138 -101 560 -348 -167 -1346 19 397 -195 -217 -1168 -1311 323 -567
-163 -306 -161 -811 -825 -120 -385 -327 70 1315 758 458 1693 734 -286 275 -1105 -800 536 -962 548 -293 -37 652 1210 1454 573 423 185 617 466 -62 1365 -1785 575 1165 20 -943 356 509 -1577 -716 448 -65 46 688 -857 -137 189 1501 1138 -101 560 -348 -167 -1346 19 397 -195 -217 -1168 -1311 323 -567
-163 -306 -161 -811 -825 -120 -385 -327 70 1315 758 458 1693 734 -286 275 -1105 -800 536 -962 548 -293 -37 652 1210 1454 573 423 185 617 466 -62 1365 -1785 575 1165 20 -943 356 509 -1577 -716 448 -65 46 688 -857 -137 189 1501 1138 -101 560 -348 -167 -1346 19 397 -195 -217 -1168 -1311 323 -567
-163 -306 -161 -811 -825 -120 -385 -327 70 1315 758 458 1693 734 -286 275 -1105 -800 536 -962 548 -293 -37 652 1210 1454 573 423 185 617 466 -62 1365 -1785 575 1165 20 -943 356 509 -1577 -716 448 -65 46 688 -857 -137 189 1501 1138 -101 560 -348 -167 -1346 19 397 -195 -217 -1168 -1311 323 -567
-163 -306 -161 -811 -825 -120 -385 -327 70 1315 758 458 1693 734 -286 275 -1105 -800 536 -962 548 -293 -37 652 1210 1454 573 423 185 617 466 -62 1365 -1785 575 1165 20 -943 356 509 -1577 -716 448 -65 46 688 -857 -137 189 1501 1138 -101 560 -348 -167 -1346 19 397 -195 -217 -1168 -1311 323 -567
-163 -306 -161 -811 -825 -120 -385 -327 70 1315 758 458 1693 734 -286 275 -1105 -800 536 -962 548 -293 -37 652 1210 1454 573 423 185 617 466 -62 1365 -1785 575 1165 20 -943 356 509 -1577 -716 448 -65 46 688 -857 -137 189 1501 1138 -101 560 -348 -167 -1346 19 397 -195 -217 -1168 -1311 323 -567
-163 -306 -161 -811 -825 -120 -385 -327 70 1315 758 458 1693 734 -286 275 -1105 -800 536 -962 548 -293 -37 652 1210 1454 573 423 185 617 466 -62 1365 -1785 575 1165 20 -943 356 509 -1577 -716 448 -65 46 688 -857 -137 189 1501 1138 -101 560 -348 -167 -1346 19 397 -195 -217 -1168 -1311 323 -567
-163 -306 -161 -811 -825 -120 -385 -327 70 1315 758 458 1693 734 -286 275 -1105 -800 536 -962 548 -293 -37 652 1210 1454 573 423 185 617 466 -62 1365 -1785 575 1165 20 -943 356 509 -1577 -716 448 -65 46 688 -857 -137 189 1501 1138 -101 560 -348 -167 -1346 19 397 -195 -217 -1168 -1311 323 -567
-163 -306 -161 -811 -825 -120 -385 -327 70 1315 758 458 1693 734 -286 275 -1105 -800 536 -962 548 -293 -37 652 1210 1454 573 423 185 617 466 -62 1365 -1785 575 1165 20 -943 356 509 -1577 -716 448 -65 46 688 -857 -137 189 1501 1138 -101 560 -348 -167 -1346 19 397 -195 -217 -1168 -1311 323 -567
-163 -306 -161 -811 -825 -120 -385 -327 70 1315 758 458 1693 734 -286 275 -1105 -800 536 -962 548 -293 -37 652 1210 1454 573 423 185 617 466 -62 1365 -1785 575 1165 20 -943 356 509 -1577 -716 448 -65 46 688 -857 -137 189 1501 1138 -101 560 -348 -167 -1346 19 397 -195 -217 -1168 -1311 323 -567
-163 -306 -161 -811 -825 -120 -385 -327 70 1315 758 458 1693 734 -286 275 -1105 -800 536 -962 548 -293 -37 652 1210 1454 573 423 185 617 466 -62 1365 -1785 575 1165 20 -943 356 509 -1577 -716 448 -65 46 688 -857 -137 189 1501 1138 -101 560 -348 -167 -1346 19 397 -195 -217 -1168 -1311 323 -567
-163 -306 -161 -811 -825 -120 -385 -327 70 1315 758 458 1693 734 -286 275 -1105 -800 536 -962 548 -293 -37 652 1210 1454 573 423 185 617 466 -62 1365 -1785 575 1165 20 -943 356 509 -1577 -716 448 -65 46 688 -857 -137 189 1501 1138 -101 560 -348 -167 -1346 19 397 -195 -217 -1168 -1311 323 -567
-163 -306 -161 -811 -825 -120 -385 -327 70 1315 758 458 1693 734 -286 275 -1105 -800 536 -962 548 -293 -37 652 1210 1454 573 423 185 617 466 -62 1365 -1785 575 1165 20 -943 356 509 -1577 -716 448 -65 46 688 -857 -137 189 1501 1138 -101 560 -348 -167 -1346 19 397 -195 -217 -1168 -1311 323 -567
-163 -306 -161 -811 -825 -120 -385 -327 70 1315 758 458 1693 734 -286 275 -1105 -800 536 -962 548 -293 -37 652 1210 1454 573 423 185 617 466 -62 1365 -1785 575 1165 20 -943 356 509 -1577 -716 448 -65 46 688 -857 -137 189 1501 1138 -101 560 -348 -167 -1346 19 397 -195 -217 -1168 -1311 323 -567
-163 -306 -161 -811 -825 -120 -385 -327 70 1315 758 458 1693 734 -286 275 -1105 -800 536 -962 548 -293 -37 652 1210 1454 573 423 185 617 466 -62 1365 -1785 575 1165 20 -943 356 509 -1577 -716 448 -65 46 688 -857 -137 189 1501 1138 -101 560 -348 -167 -1346 19 397 -195 -217 -1168 -1311 323 -567
-163 -306 -161 -811 -825 -120 -385 -327 70 1315 758 458 1693 734 -286 275 -1105 -800 536 -962 548 -293 -37 652 1210 1454 573 423 185 617 466 -62 1365 -1785 575 1165 20 -943 356 509 -1577 -716 448 -65 46 688 -857 -137 189 1501 1138 -101 560 -348 -167 -1346 19 397 -195 -217 -1168 -1311 323 -567
-163 -306 -161 -811 -825 -120 -385 -327 70 1315 758 458 1693 734 -286 275 -1105 -800 536 -962 548 -293 -37 652 1210 1454 573 423 185 617 466 -62 1365 -1785 575 1165 20 -943 356 509 -1577 -716 448 -65 46 688 -857 -137 189 1501 1138 -101 560 -348 -167 -1346 19 397 -195 -217 -1168 -1311 323 -567
-163 -306 -161 -811 -825 -120 -385 -327 70 1315 758 458 1693 734 -286 275 -1105 -800 536 -962 548 -293 -37 652 1210 1454 573 423 185 617 466 -62 1365 -1785 575 1165 20 -943 356 509 -1577 -716 448 -65 46 688 -857 -137 189 1501 1138 -101 560 -348 -167 -1346 19 397 -195 -217 -1168 -1311 323 -567
-163 -306 -161 -811 -825 -120 -385 -327 70 1315 758 458 1693 734 -286 275 -1105 -800 536 -962 548 -293 -37 652 1210 1454 573 423 185 617 466 -62 1365 -1785 575 1165 20 -943 356 509 -1577 -716 448 -65 46 688 -857 -137 189 1501 1138 -101 560 -348 -167 -1346 19 397 -195 -217 -1168 -1311 323 -567
-163 -306 -161 -811 -825 -120 -385 -327 70 1315 758 458 1693 734 -286 275 -1105 -800 536 -962 548 -293 -37 652 1210 1454 573 423 185 617 466 -62 1365 -1785 575 1165 20 -943 356 509 -1577 -716 448 -65 46 688 -857 -137 189 1501 1138 -101 560 -348 -167 -1346 19 397 -195 -217 -1168 -1311 323 -567
-163 -306 -161 -811 -825 -120 -385 -327 70 1315 758 458 1693 734 -286 275 -1105 -800 536 -962 548 -293 -37 652 1210 1454 573 423 185 617 466 -62 1365 -1785 575 1165 20 -943 356 509 -1577 -716 448 -65 46 688 -857 -137 189 1501 1138 -101 560 -348 -167 -1346 19 397 -195 -217 -1168 -1311 323 -567
-163 -306 -161 -811 -825 -120 -385 -327 70 1315 758 458 1693 734 -286 275 -1105 -800 536 -962 548 -293 -37 652 1210 1454 573 423 185 617 466 -62 1365 -1785 575 1165 20 -943 356 509 -1577 -716 448 -65 46 688 -857 -137 189 1501 1138 -101 560 -348 -167 -1346 19 397 -195 -217 -1168 -1311 323 -567
-163 -306 -161 -811 -825 -120 -385 -327 70 1315 758 458 1693 734 -286 275 -1105 -800 536 -962 548 -293 -37 652 1210 1454 573 423 185 617 466 -62 1365 -1785 575 1165 20 -943 356 509 -1577 -716 448 -65 46 688 -857 -137 189 1501 1138 -101 560 -348 -167 -1346 19 397 -195 -217 -1168 -1311 323 -567
-163 -306 -161 -811 -825 -120 -385 -327 70 1315 758 458 1693 734 -286 275 -1105 -800 536 -962 548 -293 -37 652 1210 1454 573 423 185 617 466 -62 1365 -1785 575 1165 20 -943 356 509 -1577 -716 448 -65 46 688 -857 -137 189 1501 1138 -101 560 -348 -167 -1346 19 397 -195 -217 -1168 -1311 323 -567
-163 -306 -161 -811 -825 -120 -385 -327 70 1315 758 458 1693 734 -286 275 -1105 -800 536 -962 548 -293 -37 652 1210 1454 573 423 185 617 466 -62 1365 -1785 575 1165 20 -943 356 509 -1577 -716 448 -65 46 688 -857 -137 189 1501 1138 -101 560 -348 -167 -1346 19 397 -195 -217 -1168 -1311 323 -567
-163 -306 -161 -811 -825 -120 -385 -327 70 1315 758 458 1693 734 -286 275 -1105 -800 536 -962 548 -293 -37 652 1210 1454 573 423 185 617 466 -62 1365 -1785 575 1165 20 -943 356 509 -1577 -716 448 -65 46 688 -857 -137 189 1501 1138 -101 560 -348 -167 -1346 19 397 -195 -217 -1168 -1311 323 -567
-163 -306 -161 -811 -825 -120 -385 -327 70 1315 758 458 1693 734 -286 275 -1105 -800 536 -962 548 -293 -37 652 1210 1454 573 423 185 617 466 -62 1365 -1785 575 1165 20 -943 356 509 -1577 -716 448 -65 46 688 -857 -137 189 1501 1138 -101 560 -348 -167 -1346 19 397 -195 -217 -1168 -1311 323 -567
-163 -306 -161 -811 -825 -120 -385 -327 70 1315 758 458 1693 734 -286 275 -1105 -800 536 -962 548 -293 -37 652 1210 1454 573 423 185 617 466 -62 1365 -1785 575 1165 20 -943 356 509 -1577 -716 448 -65 46 688 -857 -137 189 1501 1138 -101 560 -348 -167 -1346 19 397 -195 -217 -1168 -1311 323 -567
-163 -306 -161 -811 -825 -120 -385 -327 70 1315 758 458 1693 734 -286 275 -1105 -800 536 -962 548 -293 -37 652 1210 1454 573 423 185 617 466 -62 1365 -1785 575 1165 20 -943 356 509 -1577 -716 448 -65 46 688 -857 -137 189 1501 1138 -101 560 -348 -167 -1346 19 397 -195 -217 -1168 -1311 323 -567
-163 -306 -161 -811 -825 -120 -385 -327 70 1315 758 458 1693 734 -286 275 -1105 -800 536 -962 548 -293 -37 652 1210 1454 573 423 185 617 466 -62 1365 -1785 575 1165 20 -943 356 509 -1577 -716 448 -65 46 688 -857 -137 189 1501 1138 -101 560 -348 -167 -1346 19 397 -195 -217 -1168 -1311 323 -567
-163 -306 -161 -811 -825 -120 -385 -327 70 1315 758 458 1693 734 -286 275 -1105 -800 536 -962 548 -293 -37 652 1210 1454 573 423 185 617 466 -62 1365 -1785 575 1165 20 -943 356 509 -1577 -716 448 -65 46 688 -857 -137 189 1501 1138 -101 560 -348 -167 -1346 19 397 -195 -217 -1168 -1311 323 -567
-163 -306 -161 -811 -825 -120 -385 -327 70 1315 758 458 1693 734 -286 275 -1105 -800 536 -962 548 -293 -37 652 1210 1454 573 423 185 617 466 -62 1365 -1785 575 1165 20 -943 356 509 -1577 -716 448 -65 46 688 -857 -137 189 1501 1138 -101 560 -348 -167 -1346 19 397 -195 -217 -1168 -1311 323 -567
-163 -306 -161 -811 -825 -120 -385 -327 70 1315 758 458 1693 734 -286 275 -1105 -800 536 -962 548 -293 -37 652 1210 1454 573 423 185 617 466 -62 1365 -1785 575 1165 20 -943 356 509 -1577 -716 448 -65 46 688 -857 -137 189 1501 1138 -101 560 -348 -167 -1346 19 397 -195 -217 -1168 -1311 323 -567
-163 -306 -161 -811 -825 -120 -385 -327 70 1315 758 458 1693 734 -286 275 -1105 -800 536 -962 548 -293 -37 652 1210 1454 573 423 185 617 466 -62 1365 -1785 575 1165 20 -943 356 509 -1577 -716 448 -65 46 688 -857 -137 189 1501 1138 -101 560 -348 -167 -1346 19 397 -195 -217 -1168 -1311 323 -567
-163 -306 -161 -811 -825 -120 -385 -327 70 1315 758 458 1693 734 -286 275 -1105 -800 536 -962 548 -293 -37 652 1210 1454 573 423 185 617 466 -62 1365 -1785 575 1165 20 -943 356 509 -1577 -716 448 -65 46 688 -857 -137 189 1501 1138 -101 560 -348 -167 -1346 19 397 -195 -217 -1168 -1311 323 -567
-163 -306 -161 -811 -825 -120 -385 -327 70 1315 758 458 1693 734 -286 275 -1105 -800 536 -962 548 -293 -37 652 1210 1454 573 423 185 617 466 -62 1365 -1785 575 1165 20 -943 356 509 -1577 -716 448 -65 46 688 -857 -137 189 1501 1138 -101 560 -348 -167 -1346 19 397 -195 -217 -1168 -1311 323 -567
-163 -306 -161 -811 -825 -120 -385 -327 70 1315 758 458 1693 734 -286 275 -1105 -800 536 -962 548 -293 -37 652 1210 1454 573 423 185 617 466 -62 1365 -1785 575 1165 20 -943 356 509 -1577 -716 448 -65 46 688 -857 -137 189 1501 1138 -101 560 -348 -167 -1346 19 397 -195 -217 -1168 -1311 323 -567
-163 -306 -161 -811 -825 -120 -385 -327 70 1315 758 458 1693 734 -286 275 -1105 -800 536 -962 548 -293 -37 652 1210 1454 573 423 185 617 466 -62 1365 -1785 575 1165 20 -943 356 509 -1577 -716 448 -65 46 688 -857 -137 189 1501 1138 -101 560 -348 -167 -1346 19 397 -195 -217 -1168 -1311 323 -567
-163 -306 -161 -811 -825 -120 -385 -327 70 1315 758 458 1693 734 -286 275 -1105 -800 536 -962 548 -293 -37 652 1210 1454 573 423 185 617 466 -62 1365 -1785 575 1165 20 -943 356 509 -1577 -716 448 -65 46 688 -857 -137 189 1501 1138 -101 560 -348 -167 -1346 19 397 -195 -217 -1168 -1311 323 -567
-163 -306 -161 -811 -825 -120 -385 -327 70 1315 758 458 1693 734 -286 275 -1105 -800 536 -962 548 -293 -37 652 1210 1454 573 423 185 617 466 -62 1365 -1785 575 1165 20 -943 356 509 -1577 -716 448 -65 46 688 -857 -137 189 1501 1138 -101 560 -348 -167 -1346 19 397 -195 -217 -1168 -1311 323 -567
-163 -306 -161 -811 -825 -120 -385 -327 70 1315 758 458 1693 734 -286 275 -1105 -800 536 -962 548 -293 -37 652 1210 1454 573 423 185 617 466 -62 1365 -1785 575 1165 20 -943 356 509 -1577 -716 448 -65 46 688 -857 -137 189 1501 1138 -101 560 -348 -167 -1346 19 397 -195 -217 -1168 -1311 323 -567
-163 -306 -161 -811 -825 -120 -385 -327 70 1315 758 458 1693 734 -286 275 -1105 -800 536 -962 548 -293 -37 652 1210 1454 573 423 185 617 466 -62 1365 -1785 575 1165 20 -943 356 509 -1577 -716 448 -65 46 688 -857 -137 189 1501 1138 -101 560 -348 -167 -1346 19 397 -195 -217 -1168 -1311 323 -567
-163 -306 -161 -811 -825 -120 -385 -327 70 1315 758 458 1693 734 -286 275 -1105 -800 536 -962 548 -293 -37 652 1210 1454 573 423 185 617 466 -62 1365 -1785 575 1165 20 -943 356 509 -1577 -716 448 -65 46 688 -857 -137 189 1501 1138 -101 560 -348 -167 -1346 19 397 -195 -217 -1168 -1311 323 -567
-163 -306 -161 -811 -825 -120 -385 -327 70 1315 758 458 1693 734 -286 275 -1105 -800 536 -962 548 -293 -37 652 1210 1454 573 423 185 617 466 -62 1365 -1785 575 1165 20 -943 356 509 -1577 -716 448 -65 46 688 -857 -137 189 1501 1138 -101 560 -348 -167 -1346 19 397 -195 -217 -1168 -1311 323 -567
-163 -306 -161 -811 -825 -120 -385 -327 70 1315 758 458 1693 734 -286 275 -1105 -800 536 -962 548 -293 -37 652 1210 1454 573 423 185 617 466 -62 1365 -1785 575 1165 20 -943 356 509 -1577 -716 448 -65 46 688 -857 -137 189 1501 1138 -101 560 -348 -167 -1346 19 397 -195 -217 -1168 -1311 323 -567
-163 -306 -161 -811 -825 -120 -385 -327 70 1315 758 458 1693 734 -286 275 -1105 -800 536 -962 548 -293 -37 652 1210 1454 573 423 185 617 466 -62 1365 -1785 575 1165 20 -943 356 509 -1577 -716 448 -65 46 688 -857 -137 189 1501 1138 -101 560 -348 -167 -1346 19 397 -195 -217 -1168 -1311 323 -567
-163 -306 -161 -811 -825 -120 -385 -327 70 1315 758 458 1693 734 -286 275 -1105 -800 536 -962 548 -293 -37 652 1210 1454 573 423 185 617 466 -62 1365 -1785 575 1165 20 -943 356 509 -1577 -716 448 -65 46 688 -857 -137 189 1501 1138 -101 560 -348 -167 -1346 19 397 -195 -217 -1168 -1311 323 -567
-163 -306 -161 -811 -825 -120 -385 -327 70 1315 758 458 1693 734 -286 275 -1105 -800 536 -962 548 -293 -37 652 1210 1454 573 423 185 617 466 -62 1365 -1785 575 1165 20 -943 356 509 -1577 -716 448 -65 46 688 -857 -137 189 1501 1138 -101 560 -348 -167 -1346 19 397 -195 -217 -1168 -1311 323 -567
-163 -306 -161 -811 -825 -120 -385 -327 70 1315 758 458 1693 734 -286 275 -1105 -800 536 -962 548 -293 -37 652 1210 1454 573 423 185 617 466 -62 1365 -1785 575 1165 20 -943 356 509 -1577 -716 448 -65 46 688 -857 -137 189 1501 1138 -101 560 -348 -167 -1346 19 397 -195 -217 -1168 -1311 323 -567
-163 -306 -161 -811 -825 -120 -385 -327 70 1315 758 458 1693 734 -286 275 -1105 -800 536 -962 548 -293 -37 652 1210 1454 573 423 185 617 466 -62 1365 -1785 575 1165 20 -943 356 509 -1577 -716 448 -65 46 688 -857 -137 189 1501 1138 -101 560 -348 -167 -1346 19 397 -195 -217 -1168 -1311 323 -567
-163 -306 -161 -811 -825 -120 -385 -327 70 1315 758 458 1693 734 -286 275 -1105 -800 536 -962 548 -293 -37 652 1210 1454 573 423 185 617 466 -62 1365 -1785 575 1165 20 -943 356 509 -1577 -716 448 -65 46 688 -857 -137 189 1501 1138 -101 560 -348 -167 -1346 19 397 -195 -217 -1168 -1311 323 -567
-163 -306 -161 -811 -825 -120 -385 -327 70 1315 758 458 1693 734 -286 275 -1105 -800 536 -962 548 -293 -37 652 1210 1454 573 423 185 617 466 -62 1365 -1785 575 1165 20 -943 356 509 -1577 -716 448 -65 46 688 -857 -137 189 1501 1138 -101 560 -348 -167 -1346 19 397 -195 -217 -1168 -1311 323 -567
