106 -161 -195 -53 112 -344 -330 297 357 -4 32 -98 -48 229 272 -173 -18 224 928 -50 354 63 -48 163 -179 -249 -247 -68 209 120 -125 138 264 182 -475 -129 301 127 -133 130 375 -438 -75 -53 229 172 -43 -119 62 100 97 -236 149 -65 350 -81 -283 -28 -565 -85 1167 -47 -207 -63
427 -1284 -540 -766 648 -889 -702 663 853 -858 210 595 -146 -65 263 312 -315 134 408 -320 711 -679 -260 1210 634 -2139 -476 -807 1504 893 -643 876 341 -352 -1539 -817 1606 980 -1070 -473 1532 -1351 -535 -919 49 608 -418 -328 694 570 681 -213 1875 986 939 -373 -455 57 -1547 -323 2295 936 308 -730
182 -1353 -823 -1145 676 -776 -1059 340 680 -1004 60 818 84 -412 294 234 -399 -118 -557 -270 614 -960 -332 1754 507 -3036 -548 -733 1920 917 -341 1208 -272 -319 -1707 -751 1586 1180 -966 -774 1649 -1393 -671 -701 111 528 -435 -419 1167 688 948 -204 2228 1325 871 -173 -233 -122 -1679 -322 2321 1165 367 -998
560 -1134 -591 -922 504 -716 -828 265 607 -756 15 770 -166 -443 234 195 -218 -44 -251 -532 397 -669 -383 1556 179 -2732 -436 -518 1666 948 -330 1179 -292 -141 -1815 -739 1474 979 -843 -726 1439 -1604 -699 -349 361 271 -327 -235 979 594 900 -278 1762 1240 793 -10 -191 -324 -1536 -400 2398 1058 287 -817
655 -961 -410 -811 327 -646 -520 193 408 -584 -11 680 -233 -374 232 222 -209 92 -120 -567 309 -509 -341 1276 69 -2413 -400 -345 1384 889 -371 934 -361 -157 -1655 -570 1251 852 -832 -590 1168 -1528 -738 -210 439 98 -168 -128 890 462 708 -343 1366 1075 733 252 -166 -408 -1407 -456 2126 982 260 -553
623 -1288 -580 -1063 374 -589 -626 285 375 -766 16 675 -293 -572 194 389 -372 233 -259 -634 318 -830 -486 1527 254 -2992 -482 -493 1632 1044 -328 1107 -485 -147 -1813 -535 1513 1112 -945 -703 1422 -1661 -921 -376 603 235 -178 -201 1166 547 842 -296 1643 1243 795 376 -139 -426 -1669 -395 2304 1244 445 -713
961 -1317 -434 -1188 181 -562 -333 -106 373 -524 -74 558 -650 -788 -205 472 -281 357 -352 -1006 200 -629 -703 1564 379 -3388 -512 -380 1719 1330 -483 971 -530 -198 -2017 -496 1626 1398 -1304 -618 1698 -2050 -1251 -421 632 247 77 -262 1521 563 1025 -507 1683 1477 984 741 222 -537 -1869 -611 2623 1365 529 -776
835 -1308 -625 -1017 361 -558 -523 166 449 -724 -76 628 -482 -749 -1 376 -269 212 -202 -874 248 -746 -644 1626 215 -3153 -443 -491 1622 1120 -384 1150 -414 -88 -1978 -672 1634 1182 -1031 -741 1603 -1875 -991 -373 664 236 -152 -180 1210 538 954 -374 1683 1313 889 371 -56 -425 -1752 -412 2587 1274 477 -760
1214 -1554 -788 -1219 442 -305 -390 175 336 -752 -6 678 -571 -1011 -53 507 -199 209 -225 -1280 -62 -905 -608 1995 101 -3642 -321 -512 1757 1180 -136 1508 -628 43 -2409 -863 1955 1133 -1087 -1062 1769 -2237 -1191 -184 1141 -77 -288 83 1384 555 1057 -301 1760 1618 897 604 -84 -523 -2103 -236 2848 1456 715 -823
325 -457 -360 -368 266 -361 -481 206 411 -200 41 215 -56 -8 215 -89 -39 121 352 -260 340 -211 -202 667 -41 -1121 -264 -204 714 416 -240 415 21 -31 -942 -337 667 387 -360 -220 713 -830 -275 -172 250 193 -167 -217 411 289 392 -269 675 344 519 -66 -150 -195 -862 -138 1555 341 -2 -289
1098 -1572 -969 -1142 622 -304 -544 449 328 -863 16 772 -401 -944 13 424 -234 175 -230 -1198 -1 -1140 -585 2063 234 -3560 -321 -683 1721 1091 -87 1549 -414 -30 -2272 -858 1972 1041 -923 -1201 1771 -2026 -945 -275 1080 65 -410 0 1207 519 1003 -220 1812 1429 880 302 -176 -459 -2093 -49 2727 1377 776 -866
1359 -1743 -1024 -1337 597 -137 -247 499 215 -901 66 715 -519 -1102 74 637 -289 422 -162 -1413 -183 -1192 -576 2158 153 -3829 -343 -618 1722 1228 -40 1567 -617 4 -2473 -835 2172 1054 -1027 -1245 1759 -2285 -1306 -269 1457 -153 -393 153 1411 523 1012 -303 1737 1557 864 567 -288 -544 -2229 -44 2809 1579 900 -666
519 -1597 -1031 -1292 715 -494 -783 642 482 -838 160 634 -99 -706 49 430 -488 132 -324 -787 244 -1282 -399 1968 681 -3423 -569 -939 1834 1058 -16 1414 -113 -61 -1818 -655 1968 1240 -1051 -1015 1923 -1620 -864 -725 722 457 -406 -229 1390 518 1017 -146 2185 1416 802 90 -259 -78 -2177 -14 2514 1159 705 -1047
78 -1469 -1060 -1179 617 -618 -927 463 543 -942 30 573 20 -653 140 259 -496 71 -311 -382 507 -995 -450 1801 455 -3121 -623 -742 1648 895 -109 1200 -200 -114 -1704 -643 1753 1189 -865 -739 1719 -1290 -775 -672 345 597 -443 -387 1279 561 919 -204 2206 1181 811 -76 -245 -8 -1776 -107 2380 1025 478 -1043
240 -555 -431 -458 302 -423 -548 156 463 -256 70 265 4 -77 198 -123 -57 0 277 -234 352 -154 -144 929 -53 -1333 -389 -254 813 438 -149 507 22 13 -1061 -424 848 416 -381 -295 837 -903 -332 -122 181 312 -197 -258 501 323 550 -228 1042 557 546 -164 -146 -94 -945 -135 1750 324 52 -459
618 -1517 -1030 -1165 630 -428 -738 492 496 -755 38 548 -215 -906 -37 330 -327 158 -183 -924 118 -977 -496 1982 384 -3299 -482 -757 1655 1038 44 1442 -125 75 -2051 -772 1987 1089 -898 -1006 1900 -1696 -895 -467 814 323 -407 -114 1282 503 1022 -168 2029 1385 821 115 -188 -183 -2044 -40 2692 1085 635 -1066
648 -1129 -733 -917 454 -544 -870 269 516 -735 -37 727 -224 -700 189 215 -193 -56 -242 -739 213 -638 -447 1721 -59 -2889 -420 -375 1595 887 -126 1349 -434 110 -2031 -743 1601 907 -662 -830 1445 -1719 -822 -74 638 131 -326 -91 1069 538 933 -279 1690 1310 711 113 -191 -384 -1555 -255 2493 1075 260 -836
368 -1293 -889 -1067 528 -585 -880 417 521 -722 12 578 -127 -713 68 253 -346 28 -177 -639 286 -820 -431 1760 267 -2996 -539 -635 1602 912 -36 1311 -206 74 -1868 -663 1736 1070 -791 -818 1670 -1494 -782 -384 527 371 -356 -193 1188 499 938 -209 1951 1270 750 65 -188 -143 -1762 -131 2471 965 428 -1041
174 -1113 -747 -952 426 -654 -994 232 566 -785 -74 591 -32 -639 237 166 -355 -108 -361 -405 362 -609 -362 1648 4 -2779 -505 -405 1555 764 -29 1282 -391 171 -1726 -651 1458 989 -705 -645 1443 -1344 -765 -164 452 268 -294 -143 1132 539 891 -204 1814 1251 638 73 -246 -195 -1540 -327 2342 919 138 -886
588 -1126 -694 -944 567 -757 -940 130 687 -725 -83 865 -108 -773 216 125 -155 -286 -518 -717 234 -474 -359 1880 -119 -3033 -387 -398 1737 943 -135 1508 -397 107 -2143 -967 1665 950 -794 -941 1578 -1786 -833 -8 525 33 -374 -6 1132 609 1076 -267 1986 1562 731 -1 -227 -355 -1641 -459 2699 1025 178 -949
855 -1328 -799 -1104 606 -644 -739 196 578 -797 -83 886 -238 -913 192 281 -167 -145 -481 -967 103 -673 -432 1998 -85 -3383 -343 -484 1799 1075 -139 1607 -519 54 -2330 -1028 1862 1014 -902 -1098 1679 -2030 -990 -83 793 -105 -416 88 1251 616 1096 -301 1989 1644 784 185 -273 -426 -1853 -389 2817 1246 404 -910
803 -849 -183 -718 712 -606 -1109 -83 860 -572 295 1133 44 -216 460 -54 72 -520 -615 -507 616 -58 -220 1936 -363 -2539 -367 -195 1750 720 -525 1196 -530 -18 -2193 -1021 1376 612 -686 -992 1001 -1916 -645 341 230 83 -373 -166 937 803 1204 -200 2149 1659 757 -452 -108 -450 -1030 -512 2788 1084 -93 -534
783 -960 -114 -721 438 -767 -563 430 561 -470 171 741 -282 16 344 306 -144 128 453 -504 597 -313 -297 1121 -74 -2051 -399 -387 1293 826 -534 895 -222 -63 -1822 -594 1238 725 -893 -504 952 -1662 -643 -144 324 74 -296 -129 663 534 645 -407 1481 1032 729 20 -345 -337 -1172 -471 2229 989 65 -425
646 -891 -436 -696 500 -674 -585 285 537 -761 46 766 -120 55 378 225 -189 55 -157 -346 560 -760 -301 994 504 -2074 -320 -535 1509 786 -779 659 -148 -576 -1267 -606 1072 802 -905 -488 1117 -1341 -500 -720 98 330 -260 -427 649 554 562 -401 1250 802 799 -121 -237 -311 -1272 -369 1758 1112 229 -372
409 -764 -210 -400 427 -717 -450 500 687 -460 167 310 -128 314 349 84 -152 277 661 -122 655 -381 -156 569 386 -1092 -319 -511 968 665 -648 363 373 -359 -976 -498 881 583 -762 -136 926 -937 -277 -679 5 481 -225 -353 264 440 372 -277 1002 407 736 -295 -380 -97 -1057 -332 1666 550 83 -305
622 -997 -612 -838 588 -733 -815 343 570 -779 22 885 -84 -239 253 174 -189 -94 -318 -480 456 -700 -358 1480 330 -2520 -416 -548 1622 882 -526 1056 -226 -341 -1676 -729 1433 854 -861 -717 1333 -1534 -602 -466 166 311 -402 -396 836 595 830 -405 1700 1126 764 -201 -201 -294 -1413 -313 2144 1088 218 -670
406 -679 -349 -547 239 -493 -465 182 453 -359 8 298 -140 -139 245 44 -145 166 165 -334 285 -317 -228 877 46 -1575 -340 -261 982 636 -257 601 -89 -40 -1126 -400 866 593 -586 -279 924 -1065 -516 -219 359 206 -92 -188 611 362 550 -280 908 654 578 97 -184 -266 -1124 -336 1774 553 93 -370
853 -1047 -576 -853 396 -400 -586 185 412 -663 -70 637 -351 -707 167 273 -181 90 -261 -844 56 -573 -443 1620 -80 -2798 -349 -269 1458 887 -145 1233 -478 137 -1849 -645 1471 840 -730 -761 1341 -1770 -952 -12 886 -40 -154 -7 1058 508 924 -332 1346 1253 664 282 -187 -485 -1535 -361 2399 1116 235 -521
690 -862 -425 -740 264 -519 -340 112 433 -398 -64 432 -354 -419 -3 162 -155 170 -22 -658 214 -381 -386 1161 102 -2264 -390 -255 1150 891 -290 730 -196 -106 -1413 -445 1189 871 -834 -422 1217 -1429 -762 -242 462 150 -40 -206 942 402 746 -430 1177 898 722 253 -55 -346 -1394 -427 2116 754 216 -461
1001 -1471 -818 -1199 499 -613 -377 400 280 -862 -71 882 -458 -776 -30 438 -375 303 -322 -945 291 -961 -711 1817 310 -3512 -522 -547 1649 1316 -476 1212 -476 -377 -2166 -695 1891 1256 -1166 -914 1614 -1968 -1088 -492 632 185 -377 -281 1330 549 930 -577 1922 1290 939 325 -89 -469 -1854 -336 2533 1436 634 -710
940 -1399 -715 -1134 524 -617 -490 298 445 -823 -7 835 -353 -657 56 372 -288 120 -472 -881 215 -883 -550 1779 304 -3287 -423 -586 1745 1238 -419 1239 -431 -310 -2040 -808 1759 1144 -1122 -891 1621 -1938 -1011 -464 611 173 -356 -232 1229 623 1023 -417 1920 1416 875 238 -138 -440 -1873 -399 2553 1334 543 -730
1124 -1564 -875 -1192 550 -296 -424 374 327 -879 25 705 -453 -914 42 493 -271 305 -312 -1143 -17 -1088 -602 1985 272 -3530 -345 -622 1736 1170 -193 1424 -502 -82 -2174 -778 1900 1084 -1022 -1070 1709 -2056 -1105 -344 1102 64 -323 -46 1263 581 1041 -285 1729 1445 871 402 -149 -502 -2039 -186 2668 1453 736 -715
1383 -1709 -876 -1391 626 -299 -257 660 214 -952 225 905 -434 -849 240 719 -382 423 -336 -1298 -189 -1328 -414 2066 453 -3754 -456 -771 1918 1321 -166 1468 -535 -199 -2268 -721 2117 1064 -1108 -1236 1738 -2311 -1269 -494 1360 -84 -327 44 1375 549 1011 -255 1755 1640 843 526 -342 -557 -2286 -148 2651 1636 937 -612
749 -1391 -705 -1058 529 -632 -531 445 522 -855 113 706 -214 -459 216 416 -347 151 -213 -707 257 -920 -328 1606 489 -2919 -463 -700 1714 1071 -381 1113 -211 -290 -1776 -737 1708 1037 -1085 -769 1598 -1719 -885 -623 556 303 -311 -205 1061 550 879 -245 1824 1327 846 140 -290 -265 -1899 -305 2374 1206 562 -716
712 -1022 -624 -849 444 -621 -879 211 541 -767 -39 842 -206 -586 245 167 -181 -157 -416 -683 196 -579 -390 1726 -47 -2807 -424 -331 1655 897 -218 1334 -447 34 -1959 -774 1532 846 -686 -817 1372 -1729 -807 -14 554 129 -290 -148 998 575 978 -314 1667 1363 668 28 -183 -440 -1495 -359 2423 1080 180 -751
848 -1392 -753 -1130 488 -582 -547 398 432 -837 28 762 -308 -669 153 422 -332 179 -388 -856 122 -935 -479 1753 335 -3194 -481 -643 1731 1175 -295 1249 -392 -189 -1960 -718 1768 1068 -1004 -871 1615 -1853 -1003 -463 713 215 -290 -190 1186 576 993 -320 1820 1399 796 251 -207 -410 -1887 -325 2487 1287 569 -754
546 -1066 -689 -909 530 -699 -969 291 567 -777 -73 838 -136 -531 212 184 -253 -123 -453 -584 368 -713 -457 1664 122 -2876 -458 -456 1691 921 -318 1272 -373 -72 -1864 -715 1531 987 -771 -790 1453 -1626 -758 -254 389 261 -327 -272 1058 590 953 -355 1798 1272 727 -27 -192 -358 -1529 -337 2376 1118 193 -799
766 -999 -517 -856 433 -922 -976 102 706 -857 -178 1069 -142 -581 385 132 -166 -292 -799 -664 236 -437 -396 1799 -179 -2934 -439 -272 1866 1090 -399 1430 -537 -80 -2167 -948 1560 878 -829 -851 1389 -1876 -920 65 396 70 -277 -115 1016 675 1090 -400 1886 1579 684 -5 -232 -604 -1511 -701 2562 1200 62 -748
669 -1243 -751 -1024 598 -755 -785 336 600 -837 -43 870 -133 -512 181 246 -288 -78 -563 -668 320 -859 -439 1720 342 -3019 -445 -646 1793 1100 -431 1223 -257 -312 -1895 -847 1668 1054 -995 -865 1611 -1690 -800 -517 343 305 -405 -295 1089 617 980 -343 1994 1342 816 -41 -222 -331 -1770 -350 2424 1181 415 -835
1008 -879 -163 -838 685 -855 -1055 118 693 -738 73 1379 -80 -144 465 245 -22 -385 -693 -673 587 -312 -354 1634 -117 -2737 -308 -275 1950 924 -781 1285 -612 -276 -2322 -1003 1471 741 -989 -932 1099 -2066 -793 -4 222 -131 -497 -131 986 813 949 -461 1950 1608 763 -173 -212 -597 -1223 -646 2518 1516 -123 -485
684 -871 -104 -588 402 -725 -504 431 561 -401 165 586 -274 39 324 227 -123 158 607 -444 560 -225 -264 976 -80 -1731 -375 -361 1103 730 -471 784 -67 -3 -1629 -562 1133 636 -789 -404 899 -1483 -545 -146 326 115 -258 -104 554 458 570 -353 1302 869 687 -28 -356 -260 -1094 -424 2126 800 36 -392
862 -1222 -353 -845 602 -788 -457 391 707 -901 191 844 -271 137 333 378 -229 231 -48 -426 677 -927 -331 1079 855 -2353 -350 -748 1754 1081 -1016 608 38 -873 -1458 -712 1328 1034 -1251 -501 1387 -1524 -612 -1092 31 516 -252 -530 743 682 644 -394 1523 919 1068 -169 -239 -331 -1515 -506 2022 1281 449 -432
862 -1222 -353 -845 602 -788 -457 391 707 -901 191 844 -271 137 333 378 -229 231 -48 -426 677 -927 -331 1079 855 -2353 -350 -748 1754 1081 -1016 608 38 -873 -1458 -712 1328 1034 -1251 -501 1387 -1524 -612 -1092 31 516 -252 -530 743 682 644 -394 1523 919 1068 -169 -239 -331 -1515 -506 2022 1281 449 -432
862 -1222 -353 -845 602 -788 -457 391 707 -901 191 844 -271 137 333 378 -229 231 -48 -426 677 -927 -331 1079 855 -2353 -350 -748 1754 1081 -1016 608 38 -873 -1458 -712 1328 1034 -1251 -501 1387 -1524 -612 -1092 31 516 -252 -530 743 682 644 -394 1523 919 1068 -169 -239 -331 -1515 -506 2022 1281 449 -432
862 -1222 -353 -845 602 -788 -457 391 707 -901 191 844 -271 137 333 378 -229 231 -48 -426 677 -927 -331 1079 855 -2353 -350 -748 1754 1081 -1016 608 38 -873 -1458 -712 1328 1034 -1251 -501 1387 -1524 -612 -1092 31 516 -252 -530 743 682 644 -394 1523 919 1068 -169 -239 -331 -1515 -506 2022 1281 449 -432
862 -1222 -353 -845 602 -788 -457 391 707 -901 191 844 -271 137 333 378 -229 231 -48 -426 677 -927 -331 1079 855 -2353 -350 -748 1754 1081 -1016 608 38 -873 -1458 -712 1328 1034 -1251 -501 1387 -1524 -612 -1092 31 516 -252 -530 743 682 644 -394 1523 919 1068 -169 -239 -331 -1515 -506 2022 1281 449 -432
862 -1222 -353 -845 602 -788 -457 391 707 -901 191 844 -271 137 333 378 -229 231 -48 -426 677 -927 -331 1079 855 -2353 -350 -748 1754 1081 -1016 608 38 -873 -1458 -712 1328 1034 -1251 -501 1387 -1524 -612 -1092 31 516 -252 -530 743 682 644 -394 1523 919 1068 -169 -239 -331 -1515 -506 2022 1281 449 -432
862 -1222 -353 -845 602 -788 -457 391 707 -901 191 844 -271 137 333 378 -229 231 -48 -426 677 -927 -331 1079 855 -2353 -350 -748 1754 1081 -1016 608 38 -873 -1458 -712 1328 1034 -1251 -501 1387 -1524 -612 -1092 31 516 -252 -530 743 682 644 -394 1523 919 1068 -169 -239 -331 -1515 -506 2022 1281 449 -432
862 -1222 -353 -845 602 -788 -457 391 707 -901 191 844 -271 137 333 378 -229 231 -48 -426 677 -927 -331 1079 855 -2353 -350 -748 1754 1081 -1016 608 38 -873 -1458 -712 1328 1034 -1251 -501 1387 -1524 -612 -1092 31 516 -252 -530 743 682 644 -394 1523 919 1068 -169 -239 -331 -1515 -506 2022 1281 449 -432
862 -1222 -353 -845 602 -788 -457 391 707 -901 191 844 -271 137 333 378 -229 231 -48 -426 677 -927 -331 1079 855 -2353 -350 -748 1754 1081 -1016 608 38 -873 -1458 -712 1328 1034 -1251 -501 1387 -1524 -612 -1092 31 516 -252 -530 743 682 644 -394 1523 919 1068 -169 -239 -331 -1515 -506 2022 1281 449 -432
862 -1222 -353 -845 602 -788 -457 391 707 -901 191 844 -271 137 333 378 -229 231 -48 -426 677 -927 -331 1079 855 -2353 -350 -748 1754 1081 -1016 608 38 -873 -1458 -712 1328 1034 -1251 -501 1387 -1524 -612 -1092 31 516 -252 -530 743 682 644 -394 1523 919 1068 -169 -239 -331 -1515 -506 2022 1281 449 -432
862 -1222 -353 -845 602 -788 -457 391 707 -901 191 844 -271 137 333 378 -229 231 -48 -426 677 -927 -331 1079 855 -2353 -350 -748 1754 1081 -1016 608 38 -873 -1458 -712 1328 1034 -1251 -501 1387 -1524 -612 -1092 31 516 -252 -530 743 682 644 -394 1523 919 1068 -169 -239 -331 -1515 -506 2022 1281 449 -432
862 -1222 -353 -845 602 -788 -457 391 707 -901 191 844 -271 137 333 378 -229 231 -48 -426 677 -927 -331 1079 855 -2353 -350 -748 1754 1081 -1016 608 38 -873 -1458 -712 1328 1034 -1251 -501 1387 -1524 -612 -1092 31 516 -252 -530 743 682 644 -394 1523 919 1068 -169 -239 -331 -1515 -506 2022 1281 449 -432
862 -1222 -353 -845 602 -788 -457 391 707 -901 191 844 -271 137 333 378 -229 231 -48 -426 677 -927 -331 1079 855 -2353 -350 -748 1754 1081 -1016 608 38 -873 -1458 -712 1328 1034 -1251 -501 1387 -1524 -612 -1092 31 516 -252 -530 743 682 644 -394 1523 919 1068 -169 -239 -331 -1515 -506 2022 1281 449 -432
862 -1222 -353 -845 602 -788 -457 391 707 -901 191 844 -271 137 333 378 -229 231 -48 -426 677 -927 -331 1079 855 -2353 -350 -748 1754 1081 -1016 608 38 -873 -1458 -712 1328 1034 -1251 -501 1387 -1524 -612 -1092 31 516 -252 -530 743 682 644 -394 1523 919 1068 -169 -239 -331 -1515 -506 2022 1281 449 -432
862 -1222 -353 -845 602 -788 -457 391 707 -901 191 844 -271 137 333 378 -229 231 -48 -426 677 -927 -331 1079 855 -2353 -350 -748 1754 1081 -1016 608 38 -873 -1458 -712 1328 1034 -1251 -501 1387 -1524 -612 -1092 31 516 -252 -530 743 682 644 -394 1523 919 1068 -169 -239 -331 -1515 -506 2022 1281 449 -432
862 -1222 -353 -845 602 -788 -457 391 707 -901 191 844 -271 137 333 378 -229 231 -48 -426 677 -927 -331 1079 855 -2353 -350 -748 1754 1081 -1016 608 38 -873 -1458 -712 1328 1034 -1251 -501 1387 -1524 -612 -1092 31 516 -252 -530 743 682 644 -394 1523 919 1068 -169 -239 -331 -1515 -506 2022 1281 449 -432
862 -1222 -353 -845 602 -788 -457 391 707 -901 191 844 -271 137 333 378 -229 231 -48 -426 677 -927 -331 1079 855 -2353 -350 -748 1754 1081 -1016 608 38 -873 -1458 -712 1328 1034 -1251 -501 1387 -1524 -612 -1092 31 516 -252 -530 743 682 644 -394 1523 919 1068 -169 -239 -331 -1515 -506 2022 1281 449 -432
862 -1222 -353 -845 602 -788 -457 391 707 -901 191 844 -271 137 333 378 -229 231 -48 -426 677 -927 -331 1079 855 -2353 -350 -748 1754 1081 -1016 608 38 -873 -1458 -712 1328 1034 -1251 -501 1387 -1524 -612 -1092 31 516 -252 -530 743 682 644 -394 1523 919 1068 -169 -239 -331 -1515 -506 2022 1281 449 -432
862 -1222 -353 -845 602 -788 -457 391 707 -901 191 844 -271 137 333 378 -229 231 -48 -426 677 -927 -331 1079 855 -2353 -350 -748 1754 1081 -1016 608 38 -873 -1458 -712 1328 1034 -1251 -501 1387 -1524 -612 -1092 31 516 -252 -530 743 682 644 -394 1523 919 1068 -169 -239 -331 -1515 -506 2022 1281 449 -432
862 -1222 -353 -845 602 -788 -457 391 707 -901 191 844 -271 137 333 378 -229 231 -48 -426 677 -927 -331 1079 855 -2353 -350 -748 1754 1081 -1016 608 38 -873 -1458 -712 1328 1034 -1251 -501 1387 -1524 -612 -1092 31 516 -252 -530 743 682 644 -394 1523 919 1068 -169 -239 -331 -1515 -506 2022 1281 449 -432
862 -1222 -353 -845 602 -788 -457 391 707 -901 191 844 -271 137 333 378 -229 231 -48 -426 677 -927 -331 1079 855 -2353 -350 -748 1754 1081 -1016 608 38 -873 -1458 -712 1328 1034 -1251 -501 1387 -1524 -612 -1092 31 516 -252 -530 743 682 644 -394 1523 919 1068 -169 -239 -331 -1515 -506 2022 1281 449 -432
862 -1222 -353 -845 602 -788 -457 391 707 -901 191 844 -271 137 333 378 -229 231 -48 -426 677 -927 -331 1079 855 -2353 -350 -748 1754 1081 -1016 608 38 -873 -1458 -712 1328 1034 -1251 -501 1387 -1524 -612 -1092 31 516 -252 -530 743 682 644 -394 1523 919 1068 -169 -239 -331 -1515 -506 2022 1281 449 -432
862 -1222 -353 -845 602 -788 -457 391 707 -901 191 844 -271 137 333 378 -229 231 -48 -426 677 -927 -331 1079 855 -2353 -350 -748 1754 1081 -1016 608 38 -873 -1458 -712 1328 1034 -1251 -501 1387 -1524 -612 -1092 31 516 -252 -530 743 682 644 -394 1523 919 1068 -169 -239 -331 -1515 -506 2022 1281 449 -432
862 -1222 -353 -845 602 -788 -457 391 707 -901 191 844 -271 137 333 378 -229 231 -48 -426 677 -927 -331 1079 855 -2353 -350 -748 1754 1081 -1016 608 38 -873 -1458 -712 1328 1034 -1251 -501 1387 -1524 -612 -1092 31 516 -252 -530 743 682 644 -394 1523 919 1068 -169 -239 -331 -1515 -506 2022 1281 449 -432
862 -1222 -353 -845 602 -788 -457 391 707 -901 191 844 -271 137 333 378 -229 231 -48 -426 677 -927 -331 1079 855 -2353 -350 -748 1754 1081 -1016 608 38 -873 -1458 -712 1328 1034 -1251 -501 1387 -1524 -612 -1092 31 516 -252 -530 743 682 644 -394 1523 919 1068 -169 -239 -331 -1515 -506 2022 1281 449 -432
862 -1222 -353 -845 602 -788 -457 391 707 -901 191 844 -271 137 333 378 -229 231 -48 -426 677 -927 -331 1079 855 -2353 -350 -748 1754 1081 -1016 608 38 -873 -1458 -712 1328 1034 -1251 -501 1387 -1524 -612 -1092 31 516 -252 -530 743 682 644 -394 1523 919 1068 -169 -239 -331 -1515 -506 2022 1281 449 -432
862 -1222 -353 -845 602 -788 -457 391 707 -901 191 844 -271 137 333 378 -229 231 -48 -426 677 -927 -331 1079 855 -2353 -350 -748 1754 1081 -1016 608 38 -873 -1458 -712 1328 1034 -1251 -501 1387 -1524 -612 -1092 31 516 -252 -530 743 682 644 -394 1523 919 1068 -169 -239 -331 -1515 -506 2022 1281 449 -432
862 -1222 -353 -845 602 -788 -457 391 707 -901 191 844 -271 137 333 378 -229 231 -48 -426 677 -927 -331 1079 855 -2353 -350 -748 1754 1081 -1016 608 38 -873 -1458 -712 1328 1034 -1251 -501 1387 -1524 -612 -1092 31 516 -252 -530 743 682 644 -394 1523 919 1068 -169 -239 -331 -1515 -506 2022 1281 449 -432
862 -1222 -353 -845 602 -788 -457 391 707 -901 191 844 -271 137 333 378 -229 231 -48 -426 677 -927 -331 1079 855 -2353 -350 -748 1754 1081 -1016 608 38 -873 -1458 -712 1328 1034 -1251 -501 1387 -1524 -612 -1092 31 516 -252 -530 743 682 644 -394 1523 919 1068 -169 -239 -331 -1515 -506 2022 1281 449 -432
862 -1222 -353 -845 602 -788 -457 391 707 -901 191 844 -271 137 333 378 -229 231 -48 -426 677 -927 -331 1079 855 -2353 -350 -748 1754 1081 -1016 608 38 -873 -1458 -712 1328 1034 -1251 -501 1387 -1524 -612 -1092 31 516 -252 -530 743 682 644 -394 1523 919 1068 -169 -239 -331 -1515 -506 2022 1281 449 -432
862 -1222 -353 -845 602 -788 -457 391 707 -901 191 844 -271 137 333 378 -229 231 -48 -426 677 -927 -331 1079 855 -2353 -350 -748 1754 1081 -1016 608 38 -873 -1458 -712 1328 1034 -1251 -501 1387 -1524 -612 -1092 31 516 -252 -530 743 682 644 -394 1523 919 1068 -169 -239 -331 -1515 -506 2022 1281 449 -432
862 -1222 -353 -845 602 -788 -457 391 707 -901 191 844 -271 137 333 378 -229 231 -48 -426 677 -927 -331 1079 855 -2353 -350 -748 1754 1081 -1016 608 38 -873 -1458 -712 1328 1034 -1251 -501 1387 -1524 -612 -1092 31 516 -252 -530 743 682 644 -394 1523 919 1068 -169 -239 -331 -1515 -506 2022 1281 449 -432
862 -1222 -353 -845 602 -788 -457 391 707 -901 191 844 -271 137 333 378 -229 231 -48 -426 677 -927 -331 1079 855 -2353 -350 -748 1754 1081 -1016 608 38 -873 -1458 -712 1328 1034 -1251 -501 1387 -1524 -612 -1092 31 516 -252 -530 743 682 644 -394 1523 919 1068 -169 -239 -331 -1515 -506 2022 1281 449 -432
862 -1222 -353 -845 602 -788 -457 391 707 -901 191 844 -271 137 333 378 -229 231 -48 -426 677 -927 -331 1079 855 -2353 -350 -748 1754 1081 -1016 608 38 -873 -1458 -712 1328 1034 -1251 -501 1387 -1524 -612 -1092 31 516 -252 -530 743 682 644 -394 1523 919 1068 -169 -239 -331 -1515 -506 2022 1281 449 -432
862 -1222 -353 -845 602 -788 -457 391 707 -901 191 844 -271 137 333 378 -229 231 -48 -426 677 -927 -331 1079 855 -2353 -350 -748 1754 1081 -1016 608 38 -873 -1458 -712 1328 1034 -1251 -501 1387 -1524 -612 -1092 31 516 -252 -530 743 682 644 -394 1523 919 1068 -169 -239 -331 -1515 -506 2022 1281 449 -432
862 -1222 -353 -845 602 -788 -457 391 707 -901 191 844 -271 137 333 378 -229 231 -48 -426 677 -927 -331 1079 855 -2353 -350 -748 1754 1081 -1016 608 38 -873 -1458 -712 1328 1034 -1251 -501 1387 -1524 -612 -1092 31 516 -252 -530 743 682 644 -394 1523 919 1068 -169 -239 -331 -1515 -506 2022 1281 449 -432
862 -1222 -353 -845 602 -788 -457 391 707 -901 191 844 -271 137 333 378 -229 231 -48 -426 677 -927 -331 1079 855 -2353 -350 -748 1754 1081 -1016 608 38 -873 -1458 -712 1328 1034 -1251 -501 1387 -1524 -612 -1092 31 516 -252 -530 743 682 644 -394 1523 919 1068 -169 -239 -331 -1515 -506 2022 1281 449 -432
862 -1222 -353 -845 602 -788 -457 391 707 -901 191 844 -271 137 333 378 -229 231 -48 -426 677 -927 -331 1079 855 -2353 -350 -748 1754 1081 -1016 608 38 -873 -1458 -712 1328 1034 -1251 -501 1387 -1524 -612 -1092 31 516 -252 -530 743 682 644 -394 1523 919 1068 -169 -239 -331 -1515 -506 2022 1281 449 -432
862 -1222 -353 -845 602 -788 -457 391 707 -901 191 844 -271 137 333 378 -229 231 -48 -426 677 -927 -331 1079 855 -2353 -350 -748 1754 1081 -1016 608 38 -873 -1458 -712 1328 1034 -1251 -501 1387 -1524 -612 -1092 31 516 -252 -530 743 682 644 -394 1523 919 1068 -169 -239 -331 -1515 -506 2022 1281 449 -432
862 -1222 -353 -845 602 -788 -457 391 707 -901 191 844 -271 137 333 378 -229 231 -48 -426 677 -927 -331 1079 855 -2353 -350 -748 1754 1081 -1016 608 38 -873 -1458 -712 1328 1034 -1251 -501 1387 -1524 -612 -1092 31 516 -252 -530 743 682 644 -394 1523 919 1068 -169 -239 -331 -1515 -506 2022 1281 449 -432
862 -1222 -353 -845 602 -788 -457 391 707 -901 191 844 -271 137 333 378 -229 231 -48 -426 677 -927 -331 1079 855 -2353 -350 -748 1754 1081 -1016 608 38 -873 -1458 -712 1328 1034 -1251 -501 1387 -1524 -612 -1092 31 516 -252 -530 743 682 644 -394 1523 919 1068 -169 -239 -331 -1515 -506 2022 1281 449 -432
862 -1222 -353 -845 602 -788 -457 391 707 -901 191 844 -271 137 333 378 -229 231 -48 -426 677 -927 -331 1079 855 -2353 -350 -748 1754 1081 -1016 608 38 -873 -1458 -712 1328 1034 -1251 -501 1387 -1524 -612 -1092 31 516 -252 -530 743 682 644 -394 1523 919 1068 -169 -239 -331 -1515 -506 2022 1281 449 -432
862 -1222 -353 -845 602 -788 -457 391 707 -901 191 844 -271 137 333 378 -229 231 -48 -426 677 -927 -331 1079 855 -2353 -350 -748 1754 1081 -1016 608 38 -873 -1458 -712 1328 1034 -1251 -501 1387 -1524 -612 -1092 31 516 -252 -530 743 682 644 -394 1523 919 1068 -169 -239 -331 -1515 -506 2022 1281 449 -432
862 -1222 -353 -845 602 -788 -457 391 707 -901 191 844 -271 137 333 378 -229 231 -48 -426 677 -927 -331 1079 855 -2353 -350 -748 1754 1081 -1016 608 38 -873 -1458 -712 1328 1034 -1251 -501 1387 -1524 -612 -1092 31 516 -252 -530 743 682 644 -394 1523 919 1068 -169 -239 -331 -1515 -506 2022 1281 449 -432
862 -1222 -353 -845 602 -788 -457 391 707 -901 191 844 -271 137 333 378 -229 231 -48 -426 677 -927 -331 1079 855 -2353 -350 -748 1754 1081 -1016 608 38 -873 -1458 -712 1328 1034 -1251 -501 1387 -1524 -612 -1092 31 516 -252 -530 743 682 644 -394 1523 919 1068 -169 -239 -331 -1515 -506 2022 1281 449 -432
862 -1222 -353 -845 602 -788 -457 391 707 -901 191 844 -271 137 333 378 -229 231 -48 -426 677 -927 -331 1079 855 -2353 -350 -748 1754 1081 -1016 608 38 -873 -1458 -712 1328 1034 -1251 -501 1387 -1524 -612 -1092 31 516 -252 -530 743 682 644 -394 1523 919 1068 -169 -239 -331 -1515 -506 2022 1281 449 -432
862 -1222 -353 -845 602 -788 -457 391 707 -901 191 844 -271 137 333 378 -229 231 -48 -426 677 -927 -331 1079 855 -2353 -350 -748 1754 1081 -1016 608 38 -873 -1458 -712 1328 1034 -1251 -501 1387 -1524 -612 -1092 31 516 -252 -530 743 682 644 -394 1523 919 1068 -169 -239 -331 -1515 -506 2022 1281 449 -432
862 -1222 -353 -845 602 -788 -457 391 707 -901 191 844 -271 137 333 378 -229 231 -48 -426 677 -927 -331 1079 855 -2353 -350 -748 1754 1081 -1016 608 38 -873 -1458 -712 1328 1034 -1251 -501 1387 -1524 -612 -1092 31 516 -252 -530 743 682 644 -394 1523 919 1068 -169 -239 -331 -1515 -506 2022 1281 449 -432
862 -1222 -353 -845 602 -788 -457 391 707 -901 191 844 -271 137 333 378 -229 231 -48 -426 677 -927 -331 1079 855 -2353 -350 -748 1754 1081 -1016 608 38 -873 -1458 -712 1328 1034 -1251 -501 1387 -1524 -612 -1092 31 516 -252 -530 743 682 644 -394 1523 919 1068 -169 -239 -331 -1515 -506 2022 1281 449 -432
862 -1222 -353 -845 602 -788 -457 391 707 -901 191 844 -271 137 333 378 -229 231 -48 -426 677 -927 -331 1079 855 -2353 -350 -748 1754 1081 -1016 608 38 -873 -1458 -712 1328 1034 -1251 -501 1387 -1524 -612 -1092 31 516 -252 -530 743 682 644 -394 1523 919 1068 -169 -239 -331 -1515 -506 2022 1281 449 -432
862 -1222 -353 -845 602 -788 -457 391 707 -901 191 844 -271 137 333 378 -229 231 -48 -426 677 -927 -331 1079 855 -2353 -350 -748 1754 1081 -1016 608 38 -873 -1458 -712 1328 1034 -1251 -501 1387 -1524 -612 -1092 31 516 -252 -530 743 682 644 -394 1523 919 1068 -169 -239 -331 -1515 -506 2022 1281 449 -432
862 -1222 -353 -845 602 -788 -457 391 707 -901 191 844 -271 137 333 378 -229 231 -48 -426 677 -927 -331 1079 855 -2353 -350 -748 1754 1081 -1016 608 38 -873 -1458 -712 1328 1034 -1251 -501 1387 -1524 -612 -1092 31 516 -252 -530 743 682 644 -394 1523 919 1068 -169 -239 -331 -1515 -506 2022 1281 449 -432
862 -1222 -353 -845 602 -788 -457 391 707 -901 191 844 -271 137 333 378 -229 231 -48 -426 677 -927 -331 1079 855 -2353 -350 -748 1754 1081 -1016 608 38 -873 -1458 -712 1328 1034 -1251 -501 1387 -1524 -612 -1092 31 516 -252 -530 743 682 644 -394 1523 919 1068 -169 -239 -331 -1515 -506 2022 1281 449 -432
862 -1222 -353 -845 602 -788 -457 391 707 -901 191 844 -271 137 333 378 -229 231 -48 -426 677 -927 -331 1079 855 -2353 -350 -748 1754 1081 -1016 608 38 -873 -1458 -712 1328 1034 -1251 -501 1387 -1524 -612 -1092 31 516 -252 -530 743 682 644 -394 1523 919 1068 -169 -239 -331 -1515 -506 2022 1281 449 -432
862 -1222 -353 -845 602 -788 -457 391 707 -901 191 844 -271 137 333 378 -229 231 -48 -426 677 -927 -331 1079 855 -2353 -350 -748 1754 1081 -1016 608 38 -873 -1458 -712 1328 1034 -1251 -501 1387 -1524 -612 -1092 31 516 -252 -530 743 682 644 -394 1523 919 1068 -169 -239 -331 -1515 -506 2022 1281 449 -432
862 -1222 -353 -845 602 -788 -457 391 707 -901 191 844 -271 137 333 378 -229 231 -48 -426 677 -927 -331 1079 855 -2353 -350 -748 1754 1081 -1016 608 38 -873 -1458 -712 1328 1034 -1251 -501 1387 -1524 -612 -1092 31 516 -252 -530 743 682 644 -394 1523 919 1068 -169 -239 -331 -1515 -506 2022 1281 449 -432
862 -1222 -353 -845 602 -788 -457 391 707 -901 191 844 -271 137 333 378 -229 231 -48 -426 677 -927 -331 1079 855 -2353 -350 -748 1754 1081 -1016 608 38 -873 -1458 -712 1328 1034 -1251 -501 1387 -1524 -612 -1092 31 516 -252 -530 743 682 644 -394 1523 919 1068 -169 -239 -331 -1515 -506 2022 1281 449 -432
862 -1222 -353 -845 602 -788 -457 391 707 -901 191 844 -271 137 333 378 -229 231 -48 -426 677 -927 -331 1079 855 -2353 -350 -748 1754 1081 -1016 608 38 -873 -1458 -712 1328 1034 -1251 -501 1387 -1524 -612 -1092 31 516 -252 -530 743 682 644 -394 1523 919 1068 -169 -239 -331 -1515 -506 2022 1281 449 -432
862 -1222 -353 -845 602 -788 -457 391 707 -901 191 844 -271 137 333 378 -229 231 -48 -426 677 -927 -331 1079 855 -2353 -350 -748 1754 1081 -1016 608 38 -873 -1458 -712 1328 1034 -1251 -501 1387 -1524 -612 -1092 31 516 -252 -530 743 682 644 -394 1523 919 1068 -169 -239 -331 -1515 -506 2022 1281 449 -432
862 -1222 -353 -845 602 -788 -457 391 707 -901 191 844 -271 137 333 378 -229 231 -48 -426 677 -927 -331 1079 855 -2353 -350 -748 1754 1081 -1016 608 38 -873 -1458 -712 1328 1034 -1251 -501 1387 -1524 -612 -1092 31 516 -252 -530 743 682 644 -394 1523 919 1068 -169 -239 -331 -1515 -506 2022 1281 449 -432
862 -1222 -353 -845 602 -788 -457 391 707 -901 191 844 -271 137 333 378 -229 231 -48 -426 677 -927 -331 1079 855 -2353 -350 -748 1754 1081 -1016 608 38 -873 -1458 -712 1328 1034 -1251 -501 1387 -1524 -612 -1092 31 516 -252 -530 743 682 644 -394 1523 919 1068 -169 -239 -331 -1515 -506 2022 1281 449 -432
862 -1222 -353 -845 602 -788 -457 391 707 -901 191 844 -271 137 333 378 -229 231 -48 -426 677 -927 -331 1079 855 -2353 -350 -748 1754 1081 -1016 608 38 -873 -1458 -712 1328 1034 -1251 -501 1387 -1524 -612 -1092 31 516 -252 -530 743 682 644 -394 1523 919 1068 -169 -239 -331 -1515 -506 2022 1281 449 -432
862 -1222 -353 -845 602 -788 -457 391 707 -901 191 844 -271 137 333 378 -229 231 -48 -426 677 -927 -331 1079 855 -2353 -350 -748 1754 1081 -1016 608 38 -873 -1458 -712 1328 1034 -1251 -501 1387 -1524 -612 -1092 31 516 -252 -530 743 682 644 -394 1523 919 1068 -169 -239 -331 -1515 -506 2022 1281 449 -432
862 -1222 -353 -845 602 -788 -457 391 707 -901 191 844 -271 137 333 378 -229 231 -48 -426 677 -927 -331 1079 855 -2353 -350 -748 1754 1081 -1016 608 38 -873 -1458 -712 1328 1034 -1251 -501 1387 -1524 -612 -1092 31 516 -252 -530 743 682 644 -394 1523 919 1068 -169 -239 -331 -1515 -506 2022 1281 449 -432
862 -1222 -353 -845 602 -788 -457 391 707 -901 191 844 -271 137 333 378 -229 231 -48 -426 677 -927 -331 1079 855 -2353 -350 -748 1754 1081 -1016 608 38 -873 -1458 -712 1328 1034 -1251 -501 1387 -1524 -612 -1092 31 516 -252 -530 743 682 644 -394 1523 919 1068 -169 -239 -331 -1515 -506 2022 1281 449 -432
862 -1222 -353 -845 602 -788 -457 391 707 -901 191 844 -271 137 333 378 -229 231 -48 -426 677 -927 -331 1079 855 -2353 -350 -748 1754 1081 -1016 608 38 -873 -1458 -712 1328 1034 -1251 -501 1387 -1524 -612 -1092 31 516 -252 -530 743 682 644 -394 1523 919 1068 -169 -239 -331 -1515 -506 2022 1281 449 -432
862 -1222 -353 -845 602 -788 -457 391 707 -901 191 844 -271 137 333 378 -229 231 -48 -426 677 -927 -331 1079 855 -2353 -350 -748 1754 1081 -1016 608 38 -873 -1458 -712 1328 1034 -1251 -501 1387 -1524 -612 -1092 31 516 -252 -530 743 682 644 -394 1523 919 1068 -169 -239 -331 -1515 -506 2022 1281 449 -432
862 -1222 -353 -845 602 -788 -457 391 707 -901 191 844 -271 137 333 378 -229 231 -48 -426 677 -927 -331 1079 855 -2353 -350 -748 1754 1081 -1016 608 38 -873 -1458 -712 1328 1034 -1251 -501 1387 -1524 -612 -1092 31 516 -252 -530 743 682 644 -394 1523 919 1068 -169 -239 -331 -1515 -506 2022 1281 449 -432
862 -1222 -353 -845 602 -788 -457 391 707 -901 191 844 -271 137 333 378 -229 231 -48 -426 677 -927 -331 1079 855 -2353 -350 -748 1754 1081 -1016 608 38 -873 -1458 -712 1328 1034 -1251 -501 1387 -1524 -612 -1092 31 516 -252 -530 743 682 644 -394 1523 919 1068 -169 -239 -331 -1515 -506 2022 1281 449 -432
862 -1222 -353 -845 602 -788 -457 391 707 -901 191 844 -271 137 333 378 -229 231 -48 -426 677 -927 -331 1079 855 -2353 -350 -748 1754 1081 -1016 608 38 -873 -1458 -712 1328 1034 -1251 -501 1387 -1524 -612 -1092 31 516 -252 -530 743 682 644 -394 1523 919 1068 -169 -239 -331 -1515 -506 2022 1281 449 -432
862 -1222 -353 -845 602 -788 -457 391 707 -901 191 844 -271 137 333 378 -229 231 -48 -426 677 -927 -331 1079 855 -2353 -350 -748 1754 1081 -1016 608 38 -873 -1458 -712 1328 1034 -1251 -501 1387 -1524 -612 -1092 31 516 -252 -530 743 682 644 -394 1523 919 1068 -169 -239 -331 -1515 -506 2022 1281 449 -432
862 -1222 -353 -845 602 -788 -457 391 707 -901 191 844 -271 137 333 378 -229 231 -48 -426 677 -927 -331 1079 855 -2353 -350 -748 1754 1081 -1016 608 38 -873 -1458 -712 1328 1034 -1251 -501 1387 -1524 -612 -1092 31 516 -252 -530 743 682 644 -394 1523 919 1068 -169 -239 -331 -1515 -506 2022 1281 449 -432
862 -1222 -353 -845 602 -788 -457 391 707 -901 191 844 -271 137 333 378 -229 231 -48 -426 677 -927 -331 1079 855 -2353 -350 -748 1754 1081 -1016 608 38 -873 -1458 -712 1328 1034 -1251 -501 1387 -1524 -612 -1092 31 516 -252 -530 743 682 644 -394 1523 919 1068 -169 -239 -331 -1515 -506 2022 1281 449 -432
862 -1222 -353 -845 602 -788 -457 391 707 -901 191 844 -271 137 333 378 -229 231 -48 -426 677 -927 -331 1079 855 -2353 -350 -748 1754 1081 -1016 608 38 -873 -1458 -712 1328 1034 -1251 -501 1387 -1524 -612 -1092 31 516 -252 -530 743 682 644 -394 1523 919 1068 -169 -239 -331 -1515 -506 2022 1281 449 -432
862 -1222 -353 -845 602 -788 -457 391 707 -901 191 844 -271 137 333 378 -229 231 -48 -426 677 -927 -331 1079 855 -2353 -350 -748 1754 1081 -1016 608 38 -873 -1458 -712 1328 1034 -1251 -501 1387 -1524 -612 -1092 31 516 -252 -530 743 682 644 -394 1523 919 1068 -169 -239 -331 -1515 -506 2022 1281 449 -432
862 -1222 -353 -845 602 -788 -457 391 707 -901 191 844 -271 137 333 378 -229 231 -48 -426 677 -927 -331 1079 855 -2353 -350 -748 1754 1081 -1016 608 38 -873 -1458 -712 1328 1034 -1251 -501 1387 -1524 -612 -1092 31 516 -252 -530 743 682 644 -394 1523 919 1068 -169 -239 -331 -1515 -506 2022 1281 449 -432
862 -1222 -353 -845 602 -788 -457 391 707 -901 191 844 -271 137 333 378 -229 231 -48 -426 677 -927 -331 1079 855 -2353 -350 -748 1754 1081 -1016 608 38 -873 -1458 -712 1328 1034 -1251 -501 1387 -1524 -612 -1092 31 516 -252 -530 743 682 644 -394 1523 919 1068 -169 -239 -331 -1515 -506 2022 1281 449 -432
862 -1222 -353 -845 602 -788 -457 391 707 -901 191 844 -271 137 333 378 -229 231 -48 -426 677 -927 -331 1079 855 -2353 -350 -748 1754 1081 -1016 608 38 -873 -1458 -712 1328 1034 -1251 -501 1387 -1524 -612 -1092 31 516 -252 -530 743 682 644 -394 1523 919 1068 -169 -239 -331 -1515 -506 2022 1281 449 -432
862 -1222 -353 -845 602 -788 -457 391 707 -901 191 844 -271 137 333 378 -229 231 -48 -426 677 -927 -331 1079 855 -2353 -350 -748 1754 1081 -1016 608 38 -873 -1458 -712 1328 1034 -1251 -501 1387 -1524 -612 -1092 31 516 -252 -530 743 682 644 -394 1523 919 1068 -169 -239 -331 -1515 -506 2022 1281 449 -432
862 -1222 -353 -845 602 -788 -457 391 707 -901 191 844 -271 137 333 378 -229 231 -48 -426 677 -927 -331 1079 855 -2353 -350 -748 1754 1081 -1016 608 38 -873 -1458 -712 1328 1034 -1251 -501 1387 -1524 -612 -1092 31 516 -252 -530 743 682 644 -394 1523 919 1068 -169 -239 -331 -1515 -506 2022 1281 449 -432
862 -1222 -353 -845 602 -788 -457 391 707 -901 191 844 -271 137 333 378 -229 231 -48 -426 677 -927 -331 1079 855 -2353 -350 -748 1754 1081 -1016 608 38 -873 -1458 -712 1328 1034 -1251 -501 1387 -1524 -612 -1092 31 516 -252 -530 743 682 644 -394 1523 919 1068 -169 -239 -331 -1515 -506 2022 1281 449 -432
862 -1222 -353 -845 602 -788 -457 391 707 -901 191 844 -271 137 333 378 -229 231 -48 -426 677 -927 -331 1079 855 -2353 -350 -748 1754 1081 -1016 608 38 -873 -1458 -712 1328 1034 -1251 -501 1387 -1524 -612 -1092 31 516 -252 -530 743 682 644 -394 1523 919 1068 -169 -239 -331 -1515 -506 2022 1281 449 -432
862 -1222 -353 -845 602 -788 -457 391 707 -901 191 844 -271 137 333 378 -229 231 -48 -426 677 -927 -331 1079 855 -2353 -350 -748 1754 1081 -1016 608 38 -873 -1458 -712 1328 1034 -1251 -501 1387 -1524 -612 -1092 31 516 -252 -530 743 682 644 -394 1523 919 1068 -169 -239 -331 -1515 -506 2022 1281 449 -432
862 -1222 -353 -845 602 -788 -457 391 707 -901 191 844 -271 137 333 378 -229 231 -48 -426 677 -927 -331 1079 855 -2353 -350 -748 1754 1081 -1016 608 38 -873 -1458 -712 1328 1034 -1251 -501 1387 -1524 -612 -1092 31 516 -252 -530 743 682 644 -394 1523 919 1068 -169 -239 -331 -1515 -506 2022 1281 449 -432
862 -1222 -353 -845 602 -788 -457 391 707 -901 191 844 -271 137 333 378 -229 231 -48 -426 677 -927 -331 1079 855 -2353 -350 -748 1754 1081 -1016 608 38 -873 -1458 -712 1328 1034 -1251 -501 1387 -1524 -612 -1092 31 516 -252 -530 743 682 644 -394 1523 919 1068 -169 -239 -331 -1515 -506 2022 1281 449 -432
862 -1222 -353 -845 602 -788 -457 391 707 -901 191 844 -271 137 333 378 -229 231 -48 -426 677 -927 -331 1079 855 -2353 -350 -748 1754 1081 -1016 608 38 -873 -1458 -712 1328 1034 -1251 -501 1387 -1524 -612 -1092 31 516 -252 -530 743 682 644 -394 1523 919 1068 -169 -239 -331 -1515 -506 2022 1281 449 -432
862 -1222 -353 -845 602 -788 -457 391 707 -901 191 844 -271 137 333 378 -229 231 -48 -426 677 -927 -331 1079 855 -2353 -350 -748 1754 1081 -1016 608 38 -873 -1458 -712 1328 1034 -1251 -501 1387 -1524 -612 -1092 31 516 -252 -530 743 682 644 -394 1523 919 1068 -169 -239 -331 -1515 -506 2022 1281 449 -432
