-13 18 -7 11 -13 9 5 12 3 -2 -1 24 -9 -8 -26 -12 35 -3 12 1 30 14 -22 -16 11 12 -3 -17 -28 -1 -5 6 17 -8 4 1 -19 -19 -21 -15 -13 -24 -118 -26 3 -36 -3 13 -13 -18 -25 3 -7 -3 5 -4 -7 11 18 -4 19 20 -6 -5
1 -5 -21 3 -26 27 29 16 18 6 -17 25 3 -26 -10 -21 24 -19 1 27 0 13 -45 -4 5 14 -29 -22 1 21 -70 25 26 -19 -28 41 -28 -1 4 -31 -18 -39 5 -9 1 -34 -24 -2 4 -44 -15 19 -16 -8 -18 -26 -27 -15 58 -1 14 18 -17 15
5 -2 -2 -6 -17 6 18 16 8 2 -14 34 -3 -37 -11 -25 20 -30 15 34 -7 10 -44 -9 6 18 -31 -38 2 18 -50 13 32 -17 1 21 -17 -13 10 -36 -20 -35 -10 -18 -10 -31 -26 3 1 -42 -9 20 -17 -5 -7 -35 -25 -4 54 -6 15 12 -3 5
11 19 -9 -11 -12 4 45 21 13 6 -35 24 -10 -25 -30 -33 11 -26 30 36 5 14 -34 -43 8 12 0 -26 -6 15 -41 44 27 -11 -8 19 -7 -18 -21 -38 -26 -28 0 -23 -25 -48 -26 7 15 -54 -16 8 -22 2 -12 -10 -11 -6 54 -14 12 21 -21 18
-2 21 -18 8 -17 5 31 16 12 9 -18 27 -20 4 -45 -28 20 -27 4 18 27 -4 -27 -36 -9 14 -11 -13 -18 6 -43 24 29 -18 -4 19 3 -24 -7 -16 -35 -33 -10 -29 -22 -53 -19 7 2 -27 -16 0 -26 6 0 -32 -27 -7 66 6 7 9 -31 -10
0 31 -13 -7 -18 0 31 29 4 0 -22 10 -21 -6 -26 -34 22 -20 8 19 34 5 -32 -26 -4 7 -17 -10 -9 1 -41 19 24 -24 12 14 -14 -16 -2 -13 -48 -23 -11 -24 -31 -58 -28 29 1 -42 -23 13 -13 10 -7 -30 -21 -17 65 1 -1 12 -20 -7
12 34 -13 -9 -4 -2 24 22 27 9 -30 24 -19 3 -35 -42 23 -15 12 36 34 -2 -35 -32 -1 15 -7 -9 -16 11 -50 27 18 -20 5 24 -20 -13 1 -15 -37 -16 -7 -28 -11 -44 -24 20 -12 -46 -20 26 -22 5 -7 -9 -11 -18 61 -2 6 8 -15 -2
0 38 -18 -14 8 -6 44 14 32 -7 -24 18 -17 10 -34 -31 37 -15 23 35 24 9 -31 -34 -7 26 -10 -15 0 13 -42 22 37 -21 13 30 -25 -1 13 -15 -20 -33 -17 -14 -13 -42 -5 6 5 -43 -22 9 -15 -4 -10 -12 -3 -5 30 -19 -17 30 1 -7
15 21 -20 2 -8 5 42 -5 1 0 -26 34 -18 -27 -14 -28 36 -23 22 39 4 -4 -5 -22 -21 13 -7 -6 -17 22 -47 20 32 -22 5 10 -8 -3 15 -16 -12 -41 -9 -16 -12 -49 -1 16 -12 -20 -7 24 -4 -4 -21 -14 0 8 61 -3 10 25 -20 27
10 17 -7 -9 6 -14 35 11 22 6 -36 21 -2 -22 -33 -11 52 -17 17 46 14 11 -4 -27 -16 13 -11 -22 -10 25 -36 33 13 -47 -24 32 -7 -15 -13 -26 -5 -57 8 -9 -23 -37 -12 12 -2 -25 -3 14 -17 -8 -22 -18 -14 1 65 2 22 33 -22 24
12 5 -17 -5 -3 8 40 12 5 1 -16 21 -12 -35 -15 -22 30 -18 10 30 4 1 -1 -21 -21 20 -14 -17 -19 24 -39 14 24 -37 2 17 -9 10 9 -25 -16 -32 1 -12 -17 -37 6 13 -5 -32 -3 24 3 -9 -36 -7 0 1 64 1 15 21 -23 32
9 23 -22 7 -20 -12 29 22 30 8 -19 21 -30 -38 -16 -7 16 -18 24 27 8 9 -10 -23 -23 11 -12 -15 -17 16 -18 16 17 -21 17 24 1 -8 2 -22 -23 -32 -19 -19 -18 -35 -8 20 -10 -22 1 21 5 -14 -26 5 -16 8 47 -18 5 22 -25 27
4 7 -12 -3 -16 -12 38 18 20 -9 -19 31 -21 -46 -40 1 13 -21 27 30 21 1 -13 -30 -10 22 -7 -10 -17 2 -45 37 17 -31 -9 15 1 -22 -18 -38 -26 -58 6 -44 -3 -40 -15 11 20 -33 -19 27 -7 -12 -32 7 -12 6 49 -20 -3 9 -33 29
4 5 -33 3 -19 -5 50 19 24 -9 -9 31 -24 -24 -29 10 22 -24 19 23 46 -4 -28 -32 -10 23 7 -4 -6 -8 -18 14 27 -34 1 37 -10 -25 1 -23 -17 -41 -6 -18 5 -38 -15 14 5 -29 -24 17 -3 -16 -13 5 -8 9 48 -15 -5 23 -25 4
7 22 -17 1 -13 -19 31 18 10 5 -11 31 -1 -30 -39 6 27 -26 17 36 27 10 -21 -15 -18 24 -1 6 -8 11 -16 17 15 -49 -10 32 -7 -28 -18 -35 -5 -49 8 -31 -13 -21 -17 18 -9 -19 -2 3 -12 -3 -34 2 -4 10 45 -11 32 24 -27 21
8 18 -22 0 -5 -13 30 23 7 -3 -8 25 -2 -32 -47 -3 12 -15 24 34 30 6 -29 -26 -10 25 0 -19 9 14 -16 17 24 -38 15 19 -30 -15 -21 -21 -9 -35 -1 -50 -5 -34 -12 -2 -9 -32 6 20 0 -2 -35 14 16 18 32 -9 22 17 -27 24
18 3 -36 -3 -16 6 31 17 9 6 7 28 -29 -16 -35 -29 14 -10 8 29 41 3 -10 -29 -9 9 12 -16 -8 26 -17 16 31 -25 7 25 -14 -39 -7 -13 -21 -59 10 -53 3 -35 4 4 -15 1 5 8 -9 -20 -14 8 3 1 30 -30 14 10 -32 21
8 16 -26 -12 4 -2 37 18 13 -15 -2 35 -2 -40 -44 -14 17 -7 22 26 36 26 -17 -24 -2 14 11 -16 -35 26 -13 3 28 -21 17 22 -17 -25 -11 -15 -21 -65 18 -48 -6 -33 -8 -10 -12 -12 11 23 -22 -20 -41 1 0 1 34 -17 10 11 -22 18
13 6 -26 1 -8 -5 21 21 6 3 17 23 -22 -31 -34 -11 10 -9 8 17 37 18 -26 -9 -4 6 -1 -8 -3 34 -21 16 10 -28 15 15 -32 -22 -1 -7 -28 -44 2 -47 -16 -41 -9 9 -21 -6 -1 18 3 -31 -25 16 1 -4 26 -19 18 6 -8 22
2 18 -18 12 -15 -15 47 24 18 3 15 32 -15 -38 -45 -30 16 -18 21 8 47 -9 -24 -22 -4 9 2 -20 -17 15 -14 11 24 -8 6 25 -24 -20 -12 -14 -10 -61 -6 -66 -8 -32 -12 14 -3 -19 -4 38 3 -12 -26 10 7 -6 35 -10 6 14 -19 28
7 14 -21 5 2 -8 42 26 40 -11 19 29 -8 -9 -34 -15 30 -13 25 11 34 10 -24 -13 -2 19 -8 -17 -12 21 -13 7 24 -32 15 26 -14 -22 8 -20 -7 -60 -13 -45 -2 -32 4 4 11 -25 -2 28 -9 -9 -22 7 8 11 21 -18 12 27 -14 32
-5 3 -27 11 -14 -8 41 24 32 -8 30 37 -14 -27 -35 -16 22 -27 18 24 11 16 -41 -4 -5 9 8 3 -11 36 -29 16 15 -16 -11 4 -15 -31 -5 -25 -14 -54 -3 -38 -10 -41 -16 5 -11 -31 -14 14 -14 1 -23 -15 2 11 13 -6 22 24 -24 13
-11 16 -3 13 -13 -9 37 22 18 -1 15 33 -8 -18 -48 -12 19 -19 3 13 18 21 -28 -3 -1 18 -14 -25 -28 24 -25 19 26 -35 2 9 -25 -32 -26 -5 -28 -45 -37 -37 -2 -57 -27 17 -24 -32 -27 10 -15 -4 -19 -13 -2 6 17 -1 26 12 -13 6
-11 18 -31 14 -11 -10 43 13 16 -7 16 29 -10 -30 -56 -20 14 -32 8 27 0 -1 -33 13 -16 14 -9 -28 -45 27 -37 32 37 -32 -2 7 -40 -34 -14 -25 -26 -44 -2 -34 -16 -35 -27 15 -18 -32 -18 6 -8 -1 -20 -13 -14 -8 13 -7 31 15 -25 12
-5 25 -31 16 -4 -23 40 24 7 -1 11 18 2 -23 -38 -5 1 -12 -6 30 -20 6 -44 11 -10 10 -8 -25 -31 16 -38 26 32 -24 -8 12 -36 -26 -7 -20 -26 -43 -5 -24 -27 -31 -28 19 -13 -20 -6 2 -8 -3 -15 -19 -17 -11 10 11 32 17 -23 19
-16 34 -30 13 -13 -23 40 20 -5 -7 -3 18 -19 -19 -35 -18 0 -19 12 39 -9 2 -34 0 -6 16 -2 -24 -50 21 -26 37 22 -5 -3 6 -41 -27 -34 -39 -24 -34 -10 -23 -19 -29 -13 5 13 -40 -1 9 -12 6 -4 5 5 -20 -1 -9 24 18 -21 30
-24 30 -26 22 -22 -21 36 8 2 1 3 26 -25 9 -43 -17 12 -23 1 24 21 -15 -35 -6 -9 12 -6 -13 -57 4 -31 13 21 -1 -7 12 -27 -34 -16 -16 -35 -40 -7 -27 -25 -39 -14 1 -4 -9 -8 7 -19 7 16 -28 -15 -32 22 7 21 18 -22 -7
-29 29 -20 16 -25 -32 29 20 6 -12 0 5 -23 -3 -21 -15 18 -25 -4 21 28 1 -40 -1 -5 -2 -11 -9 -51 2 -34 2 17 -8 5 -1 -43 -20 -18 -3 -45 -30 -9 -25 -29 -45 -25 22 -2 -18 -10 14 -5 1 7 -24 -8 -40 12 2 8 15 -18 -3
-12 37 -25 32 -13 -39 27 12 32 -10 2 21 -19 3 -28 -30 21 -21 -2 24 18 -8 -33 2 -1 4 -1 -14 -51 9 -37 10 12 3 1 14 -43 -19 -18 -14 -29 -26 -10 -25 -11 -35 -18 2 -4 -36 -9 25 -11 -10 5 -6 1 -40 9 1 25 14 -17 -2
-16 36 -22 20 -3 -45 45 19 29 -22 2 21 -16 19 -34 -18 32 -20 9 22 -4 4 -35 4 -7 18 -8 -18 -37 7 -29 15 27 -6 19 16 -33 -4 -6 -8 -17 -32 -21 -7 -4 -32 -4 -1 14 -44 -25 9 -13 -4 4 -6 -1 -23 -14 -12 9 33 -9 0
0 23 -31 35 -19 -25 47 -3 -3 -12 -9 37 -16 -10 -22 -6 30 -15 4 31 -28 -6 -11 24 -23 1 -8 -8 -61 18 -42 20 30 -13 22 3 -21 -4 -12 -9 -12 -49 -7 -23 -9 -43 2 7 8 -23 -14 19 -9 5 -11 -17 -8 -15 16 12 33 25 -27 34
4 12 -29 20 -22 -22 40 12 -9 -12 1 28 -18 -7 -14 -11 25 -7 -4 18 -15 2 6 24 -17 17 -19 -19 -64 16 -26 9 21 -28 23 5 -14 2 -8 -17 -8 -26 -5 -15 -12 -32 4 2 3 -31 -17 20 -1 -4 -16 -6 -6 -26 17 10 39 20 -29 35
-2 28 -29 28 -39 -34 29 20 19 -1 -21 18 -33 -14 -19 10 18 -4 7 20 -22 9 -20 13 -17 5 -16 -16 -51 3 -15 21 21 -17 29 13 -11 -12 -10 -14 -18 -22 -25 -5 -23 -30 -10 14 -5 -20 -8 14 1 -6 -17 7 -11 -12 16 -8 23 26 -26 26
5 29 -20 13 -22 -38 26 19 5 -11 -15 18 -18 2 -37 7 21 4 2 26 -8 3 -26 5 -5 8 -10 -18 -42 8 -22 33 20 -25 19 11 -21 -31 -31 -33 -4 -35 -20 -20 -5 -30 -12 -19 5 -38 -28 20 1 0 -21 8 -1 -29 4 -2 24 8 -31 21
14 8 -32 18 -26 -27 28 13 -4 -4 -21 28 -33 31 -38 -18 18 7 -12 23 14 4 -15 -2 -22 -6 4 -27 -53 -1 -21 29 41 -27 15 9 -13 -38 -20 -9 -28 -46 5 -34 5 -41 -2 0 -10 -9 -14 0 -5 -12 3 -5 -9 -28 9 -32 31 15 -42 7
8 21 -31 5 -13 -31 29 12 -2 -22 -31 31 -13 6 -41 4 22 7 -5 17 -3 27 -29 0 -15 6 -8 -30 -69 -1 -21 18 37 -27 22 8 -19 -24 -21 -14 -28 -47 13 -27 -1 -36 -11 -19 -6 -14 -16 10 -13 -6 -23 -6 -16 -32 11 -15 30 10 -30 8
12 17 -21 11 -21 -39 23 9 -13 -10 -21 22 -25 18 -29 4 13 8 -13 8 16 18 -28 8 -16 -6 -2 -18 -40 5 -25 32 26 -30 22 -4 -25 -16 -18 5 -33 -28 -1 -32 -6 -43 -8 5 -23 -8 -15 5 11 -23 -10 7 -6 -30 9 -19 29 9 -23 11
2 26 -12 21 -27 -45 46 14 -7 -2 -38 30 -25 13 -46 -1 27 5 -3 0 17 -8 -30 6 -8 2 -4 -38 -50 -16 -23 30 33 -15 19 17 -23 -11 -32 -6 -14 -47 -11 -36 7 -34 -6 3 -4 -18 -23 26 14 -2 -12 0 -11 -42 22 -17 25 13 -28 10
6 16 -18 19 -12 -35 44 13 21 -12 -23 28 -19 26 -31 10 32 5 8 8 7 12 -28 9 -6 9 -7 -29 -42 -9 -20 21 22 -37 19 16 -16 -17 -11 -9 -6 -49 -15 -26 6 -37 8 3 10 -24 -13 19 -1 -9 -7 -5 -4 -26 9 -22 26 26 -24 16
-1 -1 -11 26 -19 -34 46 15 18 -20 -21 32 -7 11 -26 20 33 1 7 7 -11 27 -41 32 2 2 8 -13 -26 5 -20 41 17 -23 -8 3 -5 -15 -20 -11 -14 -53 1 -20 17 -39 -6 9 -12 -20 -24 10 5 -2 -11 -23 -10 -23 13 -13 46 17 -45 3
-4 13 3 24 -14 -8 38 21 4 -2 -6 32 1 -5 -44 4 25 -9 -4 -4 5 18 -29 22 16 19 -10 -36 -29 11 -10 27 22 -25 4 2 -24 -15 -35 -6 -19 -45 -45 -29 11 -52 -17 12 -23 -21 -37 7 -7 2 -12 -7 1 -1 13 -4 32 10 -18 -1
20 13 -23 18 0 10 28 5 14 -5 -32 17 -6 1 -26 -10 28 -8 24 14 12 5 -32 3 -12 21 -25 -24 -37 25 -16 26 19 2 10 31 -23 -5 -28 -21 -23 -26 0 -30 -3 -48 11 10 -12 -30 -37 12 -11 4 -7 -7 -4 4 33 3 33 -5 -9 -1
20 13 -23 18 0 10 28 5 14 -5 -32 17 -6 1 -26 -10 28 -8 24 14 12 5 -32 3 -12 21 -25 -24 -37 25 -16 26 19 2 10 31 -23 -5 -28 -21 -23 -26 0 -30 -3 -48 11 10 -12 -30 -37 12 -11 4 -7 -7 -4 4 33 3 33 -5 -9 -1
20 13 -23 18 0 10 28 5 14 -5 -32 17 -6 1 -26 -10 28 -8 24 14 12 5 -32 3 -12 21 -25 -24 -37 25 -16 26 19 2 10 31 -23 -5 -28 -21 -23 -26 0 -30 -3 -48 11 10 -12 -30 -37 12 -11 4 -7 -7 -4 4 33 3 33 -5 -9 -1
20 13 -23 18 0 10 28 5 14 -5 -32 17 -6 1 -26 -10 28 -8 24 14 12 5 -32 3 -12 21 -25 -24 -37 25 -16 26 19 2 10 31 -23 -5 -28 -21 -23 -26 0 -30 -3 -48 11 10 -12 -30 -37 12 -11 4 -7 -7 -4 4 33 3 33 -5 -9 -1
20 13 -23 18 0 10 28 5 14 -5 -32 17 -6 1 -26 -10 28 -8 24 14 12 5 -32 3 -12 21 -25 -24 -37 25 -16 26 19 2 10 31 -23 -5 -28 -21 -23 -26 0 -30 -3 -48 11 10 -12 -30 -37 12 -11 4 -7 -7 -4 4 33 3 33 -5 -9 -1
20 13 -23 18 0 10 28 5 14 -5 -32 17 -6 1 -26 -10 28 -8 24 14 12 5 -32 3 -12 21 -25 -24 -37 25 -16 26 19 2 10 31 -23 -5 -28 -21 -23 -26 0 -30 -3 -48 11 10 -12 -30 -37 12 -11 4 -7 -7 -4 4 33 3 33 -5 -9 -1
20 13 -23 18 0 10 28 5 14 -5 -32 17 -6 1 -26 -10 28 -8 24 14 12 5 -32 3 -12 21 -25 -24 -37 25 -16 26 19 2 10 31 -23 -5 -28 -21 -23 -26 0 -30 -3 -48 11 10 -12 -30 -37 12 -11 4 -7 -7 -4 4 33 3 33 -5 -9 -1
20 13 -23 18 0 10 28 5 14 -5 -32 17 -6 1 -26 -10 28 -8 24 14 12 5 -32 3 -12 21 -25 -24 -37 25 -16 26 19 2 10 31 -23 -5 -28 -21 -23 -26 0 -30 -3 -48 11 10 -12 -30 -37 12 -11 4 -7 -7 -4 4 33 3 33 -5 -9 -1
20 13 -23 18 0 10 28 5 14 -5 -32 17 -6 1 -26 -10 28 -8 24 14 12 5 -32 3 -12 21 -25 -24 -37 25 -16 26 19 2 10 31 -23 -5 -28 -21 -23 -26 0 -30 -3 -48 11 10 -12 -30 -37 12 -11 4 -7 -7 -4 4 33 3 33 -5 -9 -1
20 13 -23 18 0 10 28 5 14 -5 -32 17 -6 1 -26 -10 28 -8 24 14 12 5 -32 3 -12 21 -25 -24 -37 25 -16 26 19 2 10 31 -23 -5 -28 -21 -23 -26 0 -30 -3 -48 11 10 -12 -30 -37 12 -11 4 -7 -7 -4 4 33 3 33 -5 -9 -1
20 13 -23 18 0 10 28 5 14 -5 -32 17 -6 1 -26 -10 28 -8 24 14 12 5 -32 3 -12 21 -25 -24 -37 25 -16 26 19 2 10 31 -23 -5 -28 -21 -23 -26 0 -30 -3 -48 11 10 -12 -30 -37 12 -11 4 -7 -7 -4 4 33 3 33 -5 -9 -1
20 13 -23 18 0 10 28 5 14 -5 -32 17 -6 1 -26 -10 28 -8 24 14 12 5 -32 3 -12 21 -25 -24 -37 25 -16 26 19 2 10 31 -23 -5 -28 -21 -23 -26 0 -30 -3 -48 11 10 -12 -30 -37 12 -11 4 -7 -7 -4 4 33 3 33 -5 -9 -1
20 13 -23 18 0 10 28 5 14 -5 -32 17 -6 1 -26 -10 28 -8 24 14 12 5 -32 3 -12 21 -25 -24 -37 25 -16 26 19 2 10 31 -23 -5 -28 -21 -23 -26 0 -30 -3 -48 11 10 -12 -30 -37 12 -11 4 -7 -7 -4 4 33 3 33 -5 -9 -1
20 13 -23 18 0 10 28 5 14 -5 -32 17 -6 1 -26 -10 28 -8 24 14 12 5 -32 3 -12 21 -25 -24 -37 25 -16 26 19 2 10 31 -23 -5 -28 -21 -23 -26 0 -30 -3 -48 11 10 -12 -30 -37 12 -11 4 -7 -7 -4 4 33 3 33 -5 -9 -1
20 13 -23 18 0 10 28 5 14 -5 -32 17 -6 1 -26 -10 28 -8 24 14 12 5 -32 3 -12 21 -25 -24 -37 25 -16 26 19 2 10 31 -23 -5 -28 -21 -23 -26 0 -30 -3 -48 11 10 -12 -30 -37 12 -11 4 -7 -7 -4 4 33 3 33 -5 -9 -1
20 13 -23 18 0 10 28 5 14 -5 -32 17 -6 1 -26 -10 28 -8 24 14 12 5 -32 3 -12 21 -25 -24 -37 25 -16 26 19 2 10 31 -23 -5 -28 -21 -23 -26 0 -30 -3 -48 11 10 -12 -30 -37 12 -11 4 -7 -7 -4 4 33 3 33 -5 -9 -1
20 13 -23 18 0 10 28 5 14 -5 -32 17 -6 1 -26 -10 28 -8 24 14 12 5 -32 3 -12 21 -25 -24 -37 25 -16 26 19 2 10 31 -23 -5 -28 -21 -23 -26 0 -30 -3 -48 11 10 -12 -30 -37 12 -11 4 -7 -7 -4 4 33 3 33 -5 -9 -1
20 13 -23 18 0 10 28 5 14 -5 -32 17 -6 1 -26 -10 28 -8 24 14 12 5 -32 3 -12 21 -25 -24 -37 25 -16 26 19 2 10 31 -23 -5 -28 -21 -23 -26 0 -30 -3 -48 11 10 -12 -30 -37 12 -11 4 -7 -7 -4 4 33 3 33 -5 -9 -1
20 13 -23 18 0 10 28 5 14 -5 -32 17 -6 1 -26 -10 28 -8 24 14 12 5 -32 3 -12 21 -25 -24 -37 25 -16 26 19 2 10 31 -23 -5 -28 -21 -23 -26 0 -30 -3 -48 11 10 -12 -30 -37 12 -11 4 -7 -7 -4 4 33 3 33 -5 -9 -1
20 13 -23 18 0 10 28 5 14 -5 -32 17 -6 1 -26 -10 28 -8 24 14 12 5 -32 3 -12 21 -25 -24 -37 25 -16 26 19 2 10 31 -23 -5 -28 -21 -23 -26 0 -30 -3 -48 11 10 -12 -30 -37 12 -11 4 -7 -7 -4 4 33 3 33 -5 -9 -1
20 13 -23 18 0 10 28 5 14 -5 -32 17 -6 1 -26 -10 28 -8 24 14 12 5 -32 3 -12 21 -25 -24 -37 25 -16 26 19 2 10 31 -23 -5 -28 -21 -23 -26 0 -30 -3 -48 11 10 -12 -30 -37 12 -11 4 -7 -7 -4 4 33 3 33 -5 -9 -1
20 13 -23 18 0 10 28 5 14 -5 -32 17 -6 1 -26 -10 28 -8 24 14 12 5 -32 3 -12 21 -25 -24 -37 25 -16 26 19 2 10 31 -23 -5 -28 -21 -23 -26 0 -30 -3 -48 11 10 -12 -30 -37 12 -11 4 -7 -7 -4 4 33 3 33 -5 -9 -1
20 13 -23 18 0 10 28 5 14 -5 -32 17 -6 1 -26 -10 28 -8 24 14 12 5 -32 3 -12 21 -25 -24 -37 25 -16 26 19 2 10 31 -23 -5 -28 -21 -23 -26 0 -30 -3 -48 11 10 -12 -30 -37 12 -11 4 -7 -7 -4 4 33 3 33 -5 -9 -1
20 13 -23 18 0 10 28 5 14 -5 -32 17 -6 1 -26 -10 28 -8 24 14 12 5 -32 3 -12 21 -25 -24 -37 25 -16 26 19 2 10 31 -23 -5 -28 -21 -23 -26 0 -30 -3 -48 11 10 -12 -30 -37 12 -11 4 -7 -7 -4 4 33 3 33 -5 -9 -1
20 13 -23 18 0 10 28 5 14 -5 -32 17 -6 1 -26 -10 28 -8 24 14 12 5 -32 3 -12 21 -25 -24 -37 25 -16 26 19 2 10 31 -23 -5 -28 -21 -23 -26 0 -30 -3 -48 11 10 -12 -30 -37 12 -11 4 -7 -7 -4 4 33 3 33 -5 -9 -1
20 13 -23 18 0 10 28 5 14 -5 -32 17 -6 1 -26 -10 28 -8 24 14 12 5 -32 3 -12 21 -25 -24 -37 25 -16 26 19 2 10 31 -23 -5 -28 -21 -23 -26 0 -30 -3 -48 11 10 -12 -30 -37 12 -11 4 -7 -7 -4 4 33 3 33 -5 -9 -1
20 13 -23 18 0 10 28 5 14 -5 -32 17 -6 1 -26 -10 28 -8 24 14 12 5 -32 3 -12 21 -25 -24 -37 25 -16 26 19 2 10 31 -23 -5 -28 -21 -23 -26 0 -30 -3 -48 11 10 -12 -30 -37 12 -11 4 -7 -7 -4 4 33 3 33 -5 -9 -1
20 13 -23 18 0 10 28 5 14 -5 -32 17 -6 1 -26 -10 28 -8 24 14 12 5 -32 3 -12 21 -25 -24 -37 25 -16 26 19 2 10 31 -23 -5 -28 -21 -23 -26 0 -30 -3 -48 11 10 -12 -30 -37 12 -11 4 -7 -7 -4 4 33 3 33 -5 -9 -1
20 13 -23 18 0 10 28 5 14 -5 -32 17 -6 1 -26 -10 28 -8 24 14 12 5 -32 3 -12 21 -25 -24 -37 25 -16 26 19 2 10 31 -23 -5 -28 -21 -23 -26 0 -30 -3 -48 11 10 -12 -30 -37 12 -11 4 -7 -7 -4 4 33 3 33 -5 -9 -1
20 13 -23 18 0 10 28 5 14 -5 -32 17 -6 1 -26 -10 28 -8 24 14 12 5 -32 3 -12 21 -25 -24 -37 25 -16 26 19 2 10 31 -23 -5 -28 -21 -23 -26 0 -30 -3 -48 11 10 -12 -30 -37 12 -11 4 -7 -7 -4 4 33 3 33 -5 -9 -1
20 13 -23 18 0 10 28 5 14 -5 -32 17 -6 1 -26 -10 28 -8 24 14 12 5 -32 3 -12 21 -25 -24 -37 25 -16 26 19 2 10 31 -23 -5 -28 -21 -23 -26 0 -30 -3 -48 11 10 -12 -30 -37 12 -11 4 -7 -7 -4 4 33 3 33 -5 -9 -1
20 13 -23 18 0 10 28 5 14 -5 -32 17 -6 1 -26 -10 28 -8 24 14 12 5 -32 3 -12 21 -25 -24 -37 25 -16 26 19 2 10 31 -23 -5 -28 -21 -23 -26 0 -30 -3 -48 11 10 -12 -30 -37 12 -11 4 -7 -7 -4 4 33 3 33 -5 -9 -1
20 13 -23 18 0 10 28 5 14 -5 -32 17 -6 1 -26 -10 28 -8 24 14 12 5 -32 3 -12 21 -25 -24 -37 25 -16 26 19 2 10 31 -23 -5 -28 -21 -23 -26 0 -30 -3 -48 11 10 -12 -30 -37 12 -11 4 -7 -7 -4 4 33 3 33 -5 -9 -1
20 13 -23 18 0 10 28 5 14 -5 -32 17 -6 1 -26 -10 28 -8 24 14 12 5 -32 3 -12 21 -25 -24 -37 25 -16 26 19 2 10 31 -23 -5 -28 -21 -23 -26 0 -30 -3 -48 11 10 -12 -30 -37 12 -11 4 -7 -7 -4 4 33 3 33 -5 -9 -1
20 13 -23 18 0 10 28 5 14 -5 -32 17 -6 1 -26 -10 28 -8 24 14 12 5 -32 3 -12 21 -25 -24 -37 25 -16 26 19 2 10 31 -23 -5 -28 -21 -23 -26 0 -30 -3 -48 11 10 -12 -30 -37 12 -11 4 -7 -7 -4 4 33 3 33 -5 -9 -1
20 13 -23 18 0 10 28 5 14 -5 -32 17 -6 1 -26 -10 28 -8 24 14 12 5 -32 3 -12 21 -25 -24 -37 25 -16 26 19 2 10 31 -23 -5 -28 -21 -23 -26 0 -30 -3 -48 11 10 -12 -30 -37 12 -11 4 -7 -7 -4 4 33 3 33 -5 -9 -1
20 13 -23 18 0 10 28 5 14 -5 -32 17 -6 1 -26 -10 28 -8 24 14 12 5 -32 3 -12 21 -25 -24 -37 25 -16 26 19 2 10 31 -23 -5 -28 -21 -23 -26 0 -30 -3 -48 11 10 -12 -30 -37 12 -11 4 -7 -7 -4 4 33 3 33 -5 -9 -1
20 13 -23 18 0 10 28 5 14 -5 -32 17 -6 1 -26 -10 28 -8 24 14 12 5 -32 3 -12 21 -25 -24 -37 25 -16 26 19 2 10 31 -23 -5 -28 -21 -23 -26 0 -30 -3 -48 11 10 -12 -30 -37 12 -11 4 -7 -7 -4 4 33 3 33 -5 -9 -1
20 13 -23 18 0 10 28 5 14 -5 -32 17 -6 1 -26 -10 28 -8 24 14 12 5 -32 3 -12 21 -25 -24 -37 25 -16 26 19 2 10 31 -23 -5 -28 -21 -23 -26 0 -30 -3 -48 11 10 -12 -30 -37 12 -11 4 -7 -7 -4 4 33 3 33 -5 -9 -1
20 13 -23 18 0 10 28 5 14 -5 -32 17 -6 1 -26 -10 28 -8 24 14 12 5 -32 3 -12 21 -25 -24 -37 25 -16 26 19 2 10 31 -23 -5 -28 -21 -23 -26 0 -30 -3 -48 11 10 -12 -30 -37 12 -11 4 -7 -7 -4 4 33 3 33 -5 -9 -1
20 13 -23 18 0 10 28 5 14 -5 -32 17 -6 1 -26 -10 28 -8 24 14 12 5 -32 3 -12 21 -25 -24 -37 25 -16 26 19 2 10 31 -23 -5 -28 -21 -23 -26 0 -30 -3 -48 11 10 -12 -30 -37 12 -11 4 -7 -7 -4 4 33 3 33 -5 -9 -1
20 13 -23 18 0 10 28 5 14 -5 -32 17 -6 1 -26 -10 28 -8 24 14 12 5 -32 3 -12 21 -25 -24 -37 25 -16 26 19 2 10 31 -23 -5 -28 -21 -23 -26 0 -30 -3 -48 11 10 -12 -30 -37 12 -11 4 -7 -7 -4 4 33 3 33 -5 -9 -1
20 13 -23 18 0 10 28 5 14 -5 -32 17 -6 1 -26 -10 28 -8 24 14 12 5 -32 3 -12 21 -25 -24 -37 25 -16 26 19 2 10 31 -23 -5 -28 -21 -23 -26 0 -30 -3 -48 11 10 -12 -30 -37 12 -11 4 -7 -7 -4 4 33 3 33 -5 -9 -1
20 13 -23 18 0 10 28 5 14 -5 -32 17 -6 1 -26 -10 28 -8 24 14 12 5 -32 3 -12 21 -25 -24 -37 25 -16 26 19 2 10 31 -23 -5 -28 -21 -23 -26 0 -30 -3 -48 11 10 -12 -30 -37 12 -11 4 -7 -7 -4 4 33 3 33 -5 -9 -1
20 13 -23 18 0 10 28 5 14 -5 -32 17 -6 1 -26 -10 28 -8 24 14 12 5 -32 3 -12 21 -25 -24 -37 25 -16 26 19 2 10 31 -23 -5 -28 -21 -23 -26 0 -30 -3 -48 11 10 -12 -30 -37 12 -11 4 -7 -7 -4 4 33 3 33 -5 -9 -1
20 13 -23 18 0 10 28 5 14 -5 -32 17 -6 1 -26 -10 28 -8 24 14 12 5 -32 3 -12 21 -25 -24 -37 25 -16 26 19 2 10 31 -23 -5 -28 -21 -23 -26 0 -30 -3 -48 11 10 -12 -30 -37 12 -11 4 -7 -7 -4 4 33 3 33 -5 -9 -1
20 13 -23 18 0 10 28 5 14 -5 -32 17 -6 1 -26 -10 28 -8 24 14 12 5 -32 3 -12 21 -25 -24 -37 25 -16 26 19 2 10 31 -23 -5 -28 -21 -23 -26 0 -30 -3 -48 11 10 -12 -30 -37 12 -11 4 -7 -7 -4 4 33 3 33 -5 -9 -1
20 13 -23 18 0 10 28 5 14 -5 -32 17 -6 1 -26 -10 28 -8 24 14 12 5 -32 3 -12 21 -25 -24 -37 25 -16 26 19 2 10 31 -23 -5 -28 -21 -23 -26 0 -30 -3 -48 11 10 -12 -30 -37 12 -11 4 -7 -7 -4 4 33 3 33 -5 -9 -1
20 13 -23 18 0 10 28 5 14 -5 -32 17 -6 1 -26 -10 28 -8 24 14 12 5 -32 3 -12 21 -25 -24 -37 25 -16 26 19 2 10 31 -23 -5 -28 -21 -23 -26 0 -30 -3 -48 11 10 -12 -30 -37 12 -11 4 -7 -7 -4 4 33 3 33 -5 -9 -1
20 13 -23 18 0 10 28 5 14 -5 -32 17 -6 1 -26 -10 28 -8 24 14 12 5 -32 3 -12 21 -25 -24 -37 25 -16 26 19 2 10 31 -23 -5 -28 -21 -23 -26 0 -30 -3 -48 11 10 -12 -30 -37 12 -11 4 -7 -7 -4 4 33 3 33 -5 -9 -1
20 13 -23 18 0 10 28 5 14 -5 -32 17 -6 1 -26 -10 28 -8 24 14 12 5 -32 3 -12 21 -25 -24 -37 25 -16 26 19 2 10 31 -23 -5 -28 -21 -23 -26 0 -30 -3 -48 11 10 -12 -30 -37 12 -11 4 -7 -7 -4 4 33 3 33 -5 -9 -1
20 13 -23 18 0 10 28 5 14 -5 -32 17 -6 1 -26 -10 28 -8 24 14 12 5 -32 3 -12 21 -25 -24 -37 25 -16 26 19 2 10 31 -23 -5 -28 -21 -23 -26 0 -30 -3 -48 11 10 -12 -30 -37 12 -11 4 -7 -7 -4 4 33 3 33 -5 -9 -1
20 13 -23 18 0 10 28 5 14 -5 -32 17 -6 1 -26 -10 28 -8 24 14 12 5 -32 3 -12 21 -25 -24 -37 25 -16 26 19 2 10 31 -23 -5 -28 -21 -23 -26 0 -30 -3 -48 11 10 -12 -30 -37 12 -11 4 -7 -7 -4 4 33 3 33 -5 -9 -1
20 13 -23 18 0 10 28 5 14 -5 -32 17 -6 1 -26 -10 28 -8 24 14 12 5 -32 3 -12 21 -25 -24 -37 25 -16 26 19 2 10 31 -23 -5 -28 -21 -23 -26 0 -30 -3 -48 11 10 -12 -30 -37 12 -11 4 -7 -7 -4 4 33 3 33 -5 -9 -1
20 13 -23 18 0 10 28 5 14 -5 -32 17 -6 1 -26 -10 28 -8 24 14 12 5 -32 3 -12 21 -25 -24 -37 25 -16 26 19 2 10 31 -23 -5 -28 -21 -23 -26 0 -30 -3 -48 11 10 -12 -30 -37 12 -11 4 -7 -7 -4 4 33 3 33 -5 -9 -1
20 13 -23 18 0 10 28 5 14 -5 -32 17 -6 1 -26 -10 28 -8 24 14 12 5 -32 3 -12 21 -25 -24 -37 25 -16 26 19 2 10 31 -23 -5 -28 -21 -23 -26 0 -30 -3 -48 11 10 -12 -30 -37 12 -11 4 -7 -7 -4 4 33 3 33 -5 -9 -1
20 13 -23 18 0 10 28 5 14 -5 -32 17 -6 1 -26 -10 28 -8 24 14 12 5 -32 3 -12 21 -25 -24 -37 25 -16 26 19 2 10 31 -23 -5 -28 -21 -23 -26 0 -30 -3 -48 11 10 -12 -30 -37 12 -11 4 -7 -7 -4 4 33 3 33 -5 -9 -1
20 13 -23 18 0 10 28 5 14 -5 -32 17 -6 1 -26 -10 28 -8 24 14 12 5 -32 3 -12 21 -25 -24 -37 25 -16 26 19 2 10 31 -23 -5 -28 -21 -23 -26 0 -30 -3 -48 11 10 -12 -30 -37 12 -11 4 -7 -7 -4 4 33 3 33 -5 -9 -1
20 13 -23 18 0 10 28 5 14 -5 -32 17 -6 1 -26 -10 28 -8 24 14 12 5 -32 3 -12 21 -25 -24 -37 25 -16 26 19 2 10 31 -23 -5 -28 -21 -23 -26 0 -30 -3 -48 11 10 -12 -30 -37 12 -11 4 -7 -7 -4 4 33 3 33 -5 -9 -1
20 13 -23 18 0 10 28 5 14 -5 -32 17 -6 1 -26 -10 28 -8 24 14 12 5 -32 3 -12 21 -25 -24 -37 25 -16 26 19 2 10 31 -23 -5 -28 -21 -23 -26 0 -30 -3 -48 11 10 -12 -30 -37 12 -11 4 -7 -7 -4 4 33 3 33 -5 -9 -1
20 13 -23 18 0 10 28 5 14 -5 -32 17 -6 1 -26 -10 28 -8 24 14 12 5 -32 3 -12 21 -25 -24 -37 25 -16 26 19 2 10 31 -23 -5 -28 -21 -23 -26 0 -30 -3 -48 11 10 -12 -30 -37 12 -11 4 -7 -7 -4 4 33 3 33 -5 -9 -1
20 13 -23 18 0 10 28 5 14 -5 -32 17 -6 1 -26 -10 28 -8 24 14 12 5 -32 3 -12 21 -25 -24 -37 25 -16 26 19 2 10 31 -23 -5 -28 -21 -23 -26 0 -30 -3 -48 11 10 -12 -30 -37 12 -11 4 -7 -7 -4 4 33 3 33 -5 -9 -1
20 13 -23 18 0 10 28 5 14 -5 -32 17 -6 1 -26 -10 28 -8 24 14 12 5 -32 3 -12 21 -25 -24 -37 25 -16 26 19 2 10 31 -23 -5 -28 -21 -23 -26 0 -30 -3 -48 11 10 -12 -30 -37 12 -11 4 -7 -7 -4 4 33 3 33 -5 -9 -1
20 13 -23 18 0 10 28 5 14 -5 -32 17 -6 1 -26 -10 28 -8 24 14 12 5 -32 3 -12 21 -25 -24 -37 25 -16 26 19 2 10 31 -23 -5 -28 -21 -23 -26 0 -30 -3 -48 11 10 -12 -30 -37 12 -11 4 -7 -7 -4 4 33 3 33 -5 -9 -1
20 13 -23 18 0 10 28 5 14 -5 -32 17 -6 1 -26 -10 28 -8 24 14 12 5 -32 3 -12 21 -25 -24 -37 25 -16 26 19 2 10 31 -23 -5 -28 -21 -23 -26 0 -30 -3 -48 11 10 -12 -30 -37 12 -11 4 -7 -7 -4 4 33 3 33 -5 -9 -1
20 13 -23 18 0 10 28 5 14 -5 -32 17 -6 1 -26 -10 28 -8 24 14 12 5 -32 3 -12 21 -25 -24 -37 25 -16 26 19 2 10 31 -23 -5 -28 -21 -23 -26 0 -30 -3 -48 11 10 -12 -30 -37 12 -11 4 -7 -7 -4 4 33 3 33 -5 -9 -1
20 13 -23 18 0 10 28 5 14 -5 -32 17 -6 1 -26 -10 28 -8 24 14 12 5 -32 3 -12 21 -25 -24 -37 25 -16 26 19 2 10 31 -23 -5 -28 -21 -23 -26 0 -30 -3 -48 11 10 -12 -30 -37 12 -11 4 -7 -7 -4 4 33 3 33 -5 -9 -1
20 13 -23 18 0 10 28 5 14 -5 -32 17 -6 1 -26 -10 28 -8 24 14 12 5 -32 3 -12 21 -25 -24 -37 25 -16 26 19 2 10 31 -23 -5 -28 -21 -23 -26 0 -30 -3 -48 11 10 -12 -30 -37 12 -11 4 -7 -7 -4 4 33 3 33 -5 -9 -1
20 13 -23 18 0 10 28 5 14 -5 -32 17 -6 1 -26 -10 28 -8 24 14 12 5 -32 3 -12 21 -25 -24 -37 25 -16 26 19 2 10 31 -23 -5 -28 -21 -23 -26 0 -30 -3 -48 11 10 -12 -30 -37 12 -11 4 -7 -7 -4 4 33 3 33 -5 -9 -1
20 13 -23 18 0 10 28 5 14 -5 -32 17 -6 1 -26 -10 28 -8 24 14 12 5 -32 3 -12 21 -25 -24 -37 25 -16 26 19 2 10 31 -23 -5 -28 -21 -23 -26 0 -30 -3 -48 11 10 -12 -30 -37 12 -11 4 -7 -7 -4 4 33 3 33 -5 -9 -1
20 13 -23 18 0 10 28 5 14 -5 -32 17 -6 1 -26 -10 28 -8 24 14 12 5 -32 3 -12 21 -25 -24 -37 25 -16 26 19 2 10 31 -23 -5 -28 -21 -23 -26 0 -30 -3 -48 11 10 -12 -30 -37 12 -11 4 -7 -7 -4 4 33 3 33 -5 -9 -1
20 13 -23 18 0 10 28 5 14 -5 -32 17 -6 1 -26 -10 28 -8 24 14 12 5 -32 3 -12 21 -25 -24 -37 25 -16 26 19 2 10 31 -23 -5 -28 -21 -23 -26 0 -30 -3 -48 11 10 -12 -30 -37 12 -11 4 -7 -7 -4 4 33 3 33 -5 -9 -1
20 13 -23 18 0 10 28 5 14 -5 -32 17 -6 1 -26 -10 28 -8 24 14 12 5 -32 3 -12 21 -25 -24 -37 25 -16 26 19 2 10 31 -23 -5 -28 -21 -23 -26 0 -30 -3 -48 11 10 -12 -30 -37 12 -11 4 -7 -7 -4 4 33 3 33 -5 -9 -1
20 13 -23 18 0 10 28 5 14 -5 -32 17 -6 1 -26 -10 28 -8 24 14 12 5 -32 3 -12 21 -25 -24 -37 25 -16 26 19 2 10 31 -23 -5 -28 -21 -23 -26 0 -30 -3 -48 11 10 -12 -30 -37 12 -11 4 -7 -7 -4 4 33 3 33 -5 -9 -1
20 13 -23 18 0 10 28 5 14 -5 -32 17 -6 1 -26 -10 28 -8 24 14 12 5 -32 3 -12 21 -25 -24 -37 25 -16 26 19 2 10 31 -23 -5 -28 -21 -23 -26 0 -30 -3 -48 11 10 -12 -30 -37 12 -11 4 -7 -7 -4 4 33 3 33 -5 -9 -1
20 13 -23 18 0 10 28 5 14 -5 -32 17 -6 1 -26 -10 28 -8 24 14 12 5 -32 3 -12 21 -25 -24 -37 25 -16 26 19 2 10 31 -23 -5 -28 -21 -23 -26 0 -30 -3 -48 11 10 -12 -30 -37 12 -11 4 -7 -7 -4 4 33 3 33 -5 -9 -1
20 13 -23 18 0 10 28 5 14 -5 -32 17 -6 1 -26 -10 28 -8 24 14 12 5 -32 3 -12 21 -25 -24 -37 25 -16 26 19 2 10 31 -23 -5 -28 -21 -23 -26 0 -30 -3 -48 11 10 -12 -30 -37 12 -11 4 -7 -7 -4 4 33 3 33 -5 -9 -1
20 13 -23 18 0 10 28 5 14 -5 -32 17 -6 1 -26 -10 28 -8 24 14 12 5 -32 3 -12 21 -25 -24 -37 25 -16 26 19 2 10 31 -23 -5 -28 -21 -23 -26 0 -30 -3 -48 11 10 -12 -30 -37 12 -11 4 -7 -7 -4 4 33 3 33 -5 -9 -1
20 13 -23 18 0 10 28 5 14 -5 -32 17 -6 1 -26 -10 28 -8 24 14 12 5 -32 3 -12 21 -25 -24 -37 25 -16 26 19 2 10 31 -23 -5 -28 -21 -23 -26 0 -30 -3 -48 11 10 -12 -30 -37 12 -11 4 -7 -7 -4 4 33 3 33 -5 -9 -1
20 13 -23 18 0 10 28 5 14 -5 -32 17 -6 1 -26 -10 28 -8 24 14 12 5 -32 3 -12 21 -25 -24 -37 25 -16 26 19 2 10 31 -23 -5 -28 -21 -23 -26 0 -30 -3 -48 11 10 -12 -30 -37 12 -11 4 -7 -7 -4 4 33 3 33 -5 -9 -1
20 13 -23 18 0 10 28 5 14 -5 -32 17 -6 1 -26 -10 28 -8 24 14 12 5 -32 3 -12 21 -25 -24 -37 25 -16 26 19 2 10 31 -23 -5 -28 -21 -23 -26 0 -30 -3 -48 11 10 -12 -30 -37 12 -11 4 -7 -7 -4 4 33 3 33 -5 -9 -1
20 13 -23 18 0 10 28 5 14 -5 -32 17 -6 1 -26 -10 28 -8 24 14 12 5 -32 3 -12 21 -25 -24 -37 25 -16 26 19 2 10 31 -23 -5 -28 -21 -23 -26 0 -30 -3 -48 11 10 -12 -30 -37 12 -11 4 -7 -7 -4 4 33 3 33 -5 -9 -1
20 13 -23 18 0 10 28 5 14 -5 -32 17 -6 1 -26 -10 28 -8 24 14 12 5 -32 3 -12 21 -25 -24 -37 25 -16 26 19 2 10 31 -23 -5 -28 -21 -23 -26 0 -30 -3 -48 11 10 -12 -30 -37 12 -11 4 -7 -7 -4 4 33 3 33 -5 -9 -1
20 13 -23 18 0 10 28 5 14 -5 -32 17 -6 1 -26 -10 28 -8 24 14 12 5 -32 3 -12 21 -25 -24 -37 25 -16 26 19 2 10 31 -23 -5 -28 -21 -23 -26 0 -30 -3 -48 11 10 -12 -30 -37 12 -11 4 -7 -7 -4 4 33 3 33 -5 -9 -1
20 13 -23 18 0 10 28 5 14 -5 -32 17 -6 1 -26 -10 28 -8 24 14 12 5 -32 3 -12 21 -25 -24 -37 25 -16 26 19 2 10 31 -23 -5 -28 -21 -23 -26 0 -30 -3 -48 11 10 -12 -30 -37 12 -11 4 -7 -7 -4 4 33 3 33 -5 -9 -1
20 13 -23 18 0 10 28 5 14 -5 -32 17 -6 1 -26 -10 28 -8 24 14 12 5 -32 3 -12 21 -25 -24 -37 25 -16 26 19 2 10 31 -23 -5 -28 -21 -23 -26 0 -30 -3 -48 11 10 -12 -30 -37 12 -11 4 -7 -7 -4 4 33 3 33 -5 -9 -1
20 13 -23 18 0 10 28 5 14 -5 -32 17 -6 1 -26 -10 28 -8 24 14 12 5 -32 3 -12 21 -25 -24 -37 25 -16 26 19 2 10 31 -23 -5 -28 -21 -23 -26 0 -30 -3 -48 11 10 -12 -30 -37 12 -11 4 -7 -7 -4 4 33 3 33 -5 -9 -1
