7 -15 -5 -17 -2 0 -11 -8 -8 -2 4 2 2 10 17 3 -4 4 -16 -3 6 -8 -2 -9 -5 -5 5 0 -8 -5 -3 2 1 -11 -11 13 8 14 16 -15 -13 -19 7 0 -1 -15 -4 14 -12 -6 -13 0 -10 12 9 1 -12 46 -7 2 -9 -17 -10 2
3 -13 0 -7 10 -10 -4 -7 -32 -8 0 -19 7 12 5 6 6 10 18 2 -3 4 4 33 -15 -5 0 -33 -34 0 -32 3 -29 1 11 9 -2 -10 10 1 -16 -19 -7 -9 7 1 -8 22 5 4 -5 -5 -11 1 15 4 -8 88 -13 -9 9 18 -5 2
0 -12 12 0 -8 -19 -8 -9 -37 6 9 -11 -9 18 -4 -3 -9 12 17 18 4 -6 0 20 -4 -2 12 -14 -43 2 -18 7 -2 7 17 7 -19 -10 -12 -3 -16 -10 -6 0 -2 0 -7 12 0 4 4 -8 -13 16 7 5 3 84 -16 -4 13 19 -7 15
4 -5 4 9 -1 -29 9 -16 -25 -34 -3 -13 0 13 -12 -3 -7 -7 11 8 15 9 7 28 -18 4 -5 -9 -27 -12 -23 10 -10 -9 4 4 1 7 10 -4 -1 -21 -21 16 9 -9 10 12 -5 0 -14 -5 4 9 8 -7 29 97 -5 5 1 10 -13 17
-3 -30 1 6 -11 -36 21 -11 -10 -14 2 1 5 8 15 9 -18 -2 4 8 25 -5 0 29 -21 -4 -14 18 -14 -1 -35 16 6 7 9 36 1 14 2 1 -9 -19 -25 8 -9 -1 6 15 -12 1 -2 -4 -7 11 5 -14 22 89 -4 11 -1 4 -5 -13
-6 1 -3 11 -7 -41 14 -30 -27 -2 -4 -6 0 16 -3 -4 3 2 -2 16 19 -11 2 22 -24 -11 -17 17 -21 1 -29 7 -8 10 -7 54 -4 -15 -7 18 4 -6 -31 12 -13 -1 12 17 -16 -12 -5 -2 -8 10 8 2 14 77 -14 -10 1 7 17 4
-2 -3 12 3 -9 -17 18 -15 -26 -5 -20 -9 1 15 -7 4 -4 0 4 8 3 -14 -5 15 -26 4 -23 3 -16 -9 -28 21 -27 14 22 77 7 -1 -6 -11 6 -13 -41 0 -11 -10 21 4 0 8 -6 3 -5 6 -2 -2 29 79 1 -7 6 8 -2 1
9 -7 8 4 4 10 -2 -23 -23 -5 -10 -15 8 6 1 -3 -17 8 1 -7 -5 -15 9 -2 -26 3 -3 -9 -15 2 -24 17 6 16 6 53 21 -18 8 4 5 -7 -12 20 12 0 40 3 -7 12 -4 12 6 1 11 -6 34 70 -12 -23 18 23 -11 11
0 -3 14 -4 -11 21 2 -18 -31 -2 5 -8 -8 -1 23 4 -2 7 -4 14 -12 -8 4 19 3 -2 11 -9 -14 -12 -6 12 -8 -5 -4 30 1 -5 -14 -18 13 -7 -22 7 5 -5 30 20 10 -18 -2 -9 -2 27 4 -22 31 77 11 -11 25 21 -8 -5
1 0 20 14 -16 45 11 -9 -41 1 8 -9 7 -6 12 19 -12 -9 5 -7 -2 3 7 25 0 -13 10 -38 9 0 -28 18 -13 4 10 18 -13 -20 13 -11 -4 -18 -12 -19 -6 -5 21 1 1 19 16 -22 2 26 -1 4 28 106 -13 -17 29 -1 -4 -14
-15 -3 5 15 -5 23 -4 -25 -33 1 12 3 -6 4 12 11 8 -2 -3 14 3 -15 -9 36 6 -2 22 -23 -9 2 -5 8 -9 -3 -2 18 4 -12 -8 -5 -1 -8 -13 -2 4 3 10 26 -3 -13 4 -11 -1 34 12 3 17 77 -9 -13 29 18 -19 -19
-15 -12 -4 -12 -9 20 -6 -9 -35 -4 8 -8 -9 10 1 -9 5 13 -6 17 8 -12 -8 43 -5 1 4 -3 -9 -16 1 1 10 -4 -1 10 -8 -3 2 -10 7 0 -1 -3 -13 10 21 14 -4 -15 12 -9 -7 25 -2 0 26 71 2 9 13 7 0 -1
-14 2 4 11 -8 -10 9 -21 -23 -32 5 -19 -13 -8 2 3 -9 -16 5 4 3 10 1 59 -14 12 -1 -1 18 -15 0 1 -8 -6 -3 0 15 7 24 -10 4 -19 3 7 9 -2 33 9 15 -6 -6 -16 -1 12 11 -22 34 96 -24 1 -7 15 -10 2
-6 -22 -5 3 -9 -26 3 -6 -25 -13 -1 -18 4 17 19 3 -6 -9 -4 -12 2 -4 8 49 -25 5 9 -8 12 -9 1 -12 3 10 -4 23 5 21 8 1 20 -13 -2 -1 -12 -2 19 5 -2 5 -7 4 -16 7 16 -22 24 88 -31 -1 -3 23 -4 2
12 0 16 14 -16 -14 1 -32 -18 -4 1 -21 -9 -4 15 -10 -14 -8 -12 1 -7 15 -9 51 -12 -12 20 2 29 -8 -1 9 2 21 0 41 -7 -14 17 -22 2 -3 3 -15 -6 -17 24 17 10 7 15 -19 -13 -7 3 -12 33 78 -7 -9 15 -5 -8 -4
6 -6 5 8 0 -10 -6 -36 -17 10 -11 -15 -4 2 5 -19 6 -12 -7 6 -6 19 -9 48 -14 -9 18 -5 16 -7 11 9 5 12 -4 37 21 -13 0 -21 0 -8 7 -9 10 -13 27 34 8 -6 20 -10 -1 -7 6 -8 31 63 -18 -7 8 -4 -31 2
-15 -9 -1 17 -12 -3 16 -19 -21 -14 -4 -11 -12 -4 16 -4 -22 -5 -6 10 -18 6 -11 52 -7 -6 4 -30 0 -9 -2 16 5 5 -3 60 9 21 9 -6 0 -12 14 2 -2 -17 16 14 -24 -10 2 -6 -1 -7 -9 -50 24 63 17 -3 -17 5 0 -14
-14 9 6 19 5 18 15 -40 -20 0 -4 -8 1 -2 -8 6 -26 -18 -5 13 -27 2 -31 44 -3 3 -2 -41 20 2 -9 17 17 -15 10 58 11 -15 3 -25 -4 -1 17 5 -3 -5 20 27 -27 10 27 7 -2 -4 16 -30 29 47 -6 1 -17 -2 -1 -6
-6 1 1 11 -5 2 15 -23 -14 7 -1 -1 -3 12 9 2 -16 -8 7 5 -31 -11 -2 40 -12 -8 10 -46 3 -10 -13 10 -1 15 -6 45 2 13 -7 -8 12 -6 19 -3 -12 -10 9 20 -26 -2 12 3 -9 -8 -7 -23 10 59 -16 -9 -9 21 11 -22
-13 -4 9 4 -7 14 8 -16 -12 1 1 -8 -8 6 1 3 1 -12 14 -1 -20 -4 -7 36 -18 11 -1 -45 -11 -10 -15 6 25 16 4 35 10 2 -8 -26 5 1 29 -12 -10 -15 27 22 -5 -4 8 5 -11 5 0 -15 18 73 -9 5 -9 4 -10 -1
4 9 5 -5 6 10 -4 -18 -8 11 1 -11 -7 5 12 2 -14 -4 7 -14 -12 -3 2 37 -17 12 3 -32 -15 -10 -14 1 27 5 1 20 9 3 3 -20 14 -6 42 -4 -6 1 33 18 -2 -10 16 7 -9 8 6 -19 17 74 -19 -3 5 11 -5 -1
13 13 8 -7 -4 -21 11 -7 5 7 3 3 -19 -19 12 10 -22 -14 -2 6 -28 8 12 52 6 6 13 -26 -20 -2 -15 11 2 8 0 11 -9 -14 7 -33 -5 -9 32 -20 -5 4 3 4 9 -17 11 12 -5 5 2 6 25 94 -12 1 9 7 4 9
14 9 10 -8 0 -18 1 -2 3 -14 -2 2 -4 2 4 -7 -11 -5 0 1 -19 -3 4 35 -5 6 13 2 -7 -2 -12 2 -6 -4 5 16 -12 -16 17 -9 -5 4 17 -13 13 13 10 5 -2 -2 -8 -3 -17 -7 1 11 16 69 9 17 1 9 7 -13
10 -2 0 -1 -1 -21 -6 -16 -4 0 8 1 6 -4 11 1 -4 -23 4 14 -15 6 16 25 -3 -2 13 21 -22 10 -9 8 -5 -1 18 39 -14 -18 19 -13 -13 0 24 -24 -28 2 1 20 -2 -9 -6 5 -14 -16 -3 9 27 94 0 17 6 9 7 -3
0 -1 6 0 5 -14 -14 -10 3 -2 0 11 7 2 15 -7 -9 -20 -3 13 -10 9 2 35 -1 6 -1 16 -32 3 -18 4 -19 -20 11 46 -12 2 8 -6 -12 2 15 -18 -5 4 -17 22 3 -15 0 10 0 -15 -7 20 21 77 -31 9 -5 20 6 5
1 -11 8 14 -7 -2 7 -19 -16 -28 6 -20 1 12 0 0 -1 -30 7 17 -21 18 -2 5 -18 1 -3 13 -40 -20 -10 2 -11 -9 3 46 3 9 15 0 7 -17 19 4 6 -3 -7 18 -3 -10 -4 12 -3 -41 15 9 20 75 -5 15 -11 10 -4 3
-2 -28 8 10 -12 18 16 -21 4 -15 -2 6 4 0 24 5 -9 -15 -1 16 -23 2 -6 -1 -13 -1 -9 2 -24 -7 -34 12 11 1 10 71 0 24 1 0 -9 -18 -12 5 -14 1 0 15 -12 1 -5 18 -10 -18 2 -3 21 73 -4 18 -18 -1 11 -9
-7 2 3 13 -15 24 13 -26 -6 -4 -5 -2 -6 5 11 -6 5 -14 -5 23 -36 -9 -6 -4 -17 -7 -11 -10 -19 -7 -35 0 -5 14 -8 51 -12 -7 -11 14 -1 1 -7 4 -11 -2 1 18 -17 -1 -4 24 -10 -17 2 11 15 67 -12 -8 -12 3 27 2
-3 -2 16 6 -18 46 16 -6 4 -11 -27 -6 -3 1 12 -2 6 -11 -4 21 -26 -14 -9 2 -28 9 -22 -19 -37 -18 -38 7 -11 18 21 21 0 -1 -5 -16 1 -6 6 -12 -14 -8 11 10 4 6 -1 29 -7 -5 -4 10 15 86 -1 3 -1 6 13 2
13 -6 16 8 -6 39 -9 -4 8 -1 -12 -10 -4 -1 16 -3 -16 -8 5 -1 -11 -16 5 -8 -16 3 2 9 -35 -6 -34 0 15 15 3 6 18 -16 8 3 12 -5 23 4 9 9 19 12 4 10 1 30 -1 -9 12 11 23 88 -12 -16 6 18 0 16
4 8 24 2 -8 34 3 -6 -9 3 -5 -6 -9 -11 36 3 -13 -9 -2 27 -20 -6 0 17 17 -7 15 28 -39 -13 -20 -8 -8 -6 0 -2 -1 -9 -14 -18 12 4 5 -4 -6 4 4 22 16 -13 3 17 0 3 14 -1 26 93 14 -12 15 11 0 -4
-3 13 19 25 -16 26 5 -13 -8 -1 -4 6 -13 -2 29 15 -3 -8 6 21 -3 -16 -5 24 23 -2 20 30 -36 -11 -7 -4 -7 -3 -2 0 -10 -8 -4 -2 16 -9 -1 -18 -8 -3 -6 15 3 -18 8 10 -3 17 -4 17 16 76 -8 -2 8 6 1 -11
-19 -12 0 -7 -20 23 -7 -9 -6 -8 -10 -7 -15 3 12 -9 4 6 -6 21 3 -15 -15 29 11 2 2 32 -33 -21 -1 -5 3 -3 -8 16 -11 -1 6 -5 6 4 -3 -9 -5 11 0 16 -6 -3 19 14 -10 4 4 13 12 65 5 10 7 6 13 7
0 4 9 12 -5 13 -2 -19 4 -33 -26 -15 -6 -7 11 -4 -11 -23 -1 4 0 9 -2 28 9 -14 6 40 -20 -22 1 7 -9 11 -12 19 16 3 21 -3 7 -3 -5 5 19 -11 9 17 4 -4 5 9 0 -16 4 11 26 71 -15 -2 -4 -5 -1 1
-15 -7 2 24 -24 22 18 -10 0 -23 -28 -11 -14 -4 27 -5 -28 -9 -9 15 1 -1 0 31 5 -14 3 33 -11 -16 -2 14 -4 9 -3 49 6 18 16 17 3 -18 -7 2 -4 -11 0 19 -24 -4 3 6 1 -15 -4 -32 21 69 15 -1 -22 8 18 -14
-15 12 3 25 5 35 19 -34 -4 -2 -35 -11 -10 0 12 9 -29 -18 0 16 -3 -5 -21 24 7 2 -10 31 7 1 -4 12 6 -6 7 61 11 -12 7 7 -5 -7 -3 8 2 -6 -1 28 -23 15 24 23 2 -10 18 -11 22 47 -2 1 -14 -1 14 -7
-10 1 0 18 -13 34 17 -13 -1 -7 -28 -4 -15 17 21 -3 -26 -12 5 3 -17 -20 4 18 4 -14 -3 16 10 -12 -5 8 -6 17 -14 53 -3 18 -9 14 9 -10 -11 -3 -6 -11 2 19 -26 4 16 9 -5 -18 -2 -11 11 63 -11 -10 -13 22 19 -15
-13 -1 10 6 -2 61 5 -15 -4 -2 -34 -12 -19 13 11 6 -13 -14 12 7 -6 -14 -6 13 4 5 -11 17 -3 -15 -1 3 14 12 3 49 15 9 -4 5 11 0 -10 -8 -6 -11 11 22 7 8 2 8 -4 -5 6 -8 8 76 -11 -2 -12 4 2 1
-3 7 4 -2 5 56 -3 -12 -5 5 -30 -16 -17 15 25 -2 -19 -3 1 -11 -13 -18 8 19 1 6 -5 6 -7 -14 -4 -8 15 8 2 28 13 14 2 8 23 -7 10 -6 -2 1 19 17 -1 2 13 13 -6 1 12 -6 10 77 -19 -8 3 11 7 4
11 13 8 0 2 53 12 -3 6 -2 -28 -4 -30 -14 14 13 -31 -14 -6 4 -19 -8 18 42 29 -3 3 -5 0 -9 9 -4 -1 12 -3 0 -9 -13 6 -2 0 -6 8 -27 -6 13 -3 7 14 -4 17 -5 4 1 5 6 1 109 -11 -17 6 7 19 9
16 8 17 -5 10 10 2 16 7 -13 -21 1 -13 14 9 -6 -12 -8 7 -1 -13 -2 -3 31 2 4 8 7 0 -11 1 -6 0 -1 6 8 -10 -12 13 4 7 -2 5 -12 11 16 -2 4 0 7 -4 -13 -14 -5 2 13 -2 66 3 7 7 2 3 -15
-8 1 12 -1 9 8 14 -22 -4 -2 -10 7 -6 -3 -15 -4 -2 6 -9 -15 -7 -2 -7 6 -18 8 2 4 -16 -6 15 -3 -17 7 12 7 8 -25 -1 -5 -1 7 0 5 -3 -4 -14 1 -7 9 -4 -7 7 -7 6 -3 13 85 -5 -1 11 6 1 -5
-8 1 12 -1 9 8 14 -22 -4 -2 -10 7 -6 -3 -15 -4 -2 6 -9 -15 -7 -2 -7 6 -18 8 2 4 -16 -6 15 -3 -17 7 12 7 8 -25 -1 -5 -1 7 0 5 -3 -4 -14 1 -7 9 -4 -7 7 -7 6 -3 13 85 -5 -1 11 6 1 -5
-8 1 12 -1 9 8 14 -22 -4 -2 -10 7 -6 -3 -15 -4 -2 6 -9 -15 -7 -2 -7 6 -18 8 2 4 -16 -6 15 -3 -17 7 12 7 8 -25 -1 -5 -1 7 0 5 -3 -4 -14 1 -7 9 -4 -7 7 -7 6 -3 13 85 -5 -1 11 6 1 -5
-8 1 12 -1 9 8 14 -22 -4 -2 -10 7 -6 -3 -15 -4 -2 6 -9 -15 -7 -2 -7 6 -18 8 2 4 -16 -6 15 -3 -17 7 12 7 8 -25 -1 -5 -1 7 0 5 -3 -4 -14 1 -7 9 -4 -7 7 -7 6 -3 13 85 -5 -1 11 6 1 -5
-8 1 12 -1 9 8 14 -22 -4 -2 -10 7 -6 -3 -15 -4 -2 6 -9 -15 -7 -2 -7 6 -18 8 2 4 -16 -6 15 -3 -17 7 12 7 8 -25 -1 -5 -1 7 0 5 -3 -4 -14 1 -7 9 -4 -7 7 -7 6 -3 13 85 -5 -1 11 6 1 -5
-8 1 12 -1 9 8 14 -22 -4 -2 -10 7 -6 -3 -15 -4 -2 6 -9 -15 -7 -2 -7 6 -18 8 2 4 -16 -6 15 -3 -17 7 12 7 8 -25 -1 -5 -1 7 0 5 -3 -4 -14 1 -7 9 -4 -7 7 -7 6 -3 13 85 -5 -1 11 6 1 -5
-8 1 12 -1 9 8 14 -22 -4 -2 -10 7 -6 -3 -15 -4 -2 6 -9 -15 -7 -2 -7 6 -18 8 2 4 -16 -6 15 -3 -17 7 12 7 8 -25 -1 -5 -1 7 0 5 -3 -4 -14 1 -7 9 -4 -7 7 -7 6 -3 13 85 -5 -1 11 6 1 -5
-8 1 12 -1 9 8 14 -22 -4 -2 -10 7 -6 -3 -15 -4 -2 6 -9 -15 -7 -2 -7 6 -18 8 2 4 -16 -6 15 -3 -17 7 12 7 8 -25 -1 -5 -1 7 0 5 -3 -4 -14 1 -7 9 -4 -7 7 -7 6 -3 13 85 -5 -1 11 6 1 -5
-8 1 12 -1 9 8 14 -22 -4 -2 -10 7 -6 -3 -15 -4 -2 6 -9 -15 -7 -2 -7 6 -18 8 2 4 -16 -6 15 -3 -17 7 12 7 8 -25 -1 -5 -1 7 0 5 -3 -4 -14 1 -7 9 -4 -7 7 -7 6 -3 13 85 -5 -1 11 6 1 -5
-8 1 12 -1 9 8 14 -22 -4 -2 -10 7 -6 -3 -15 -4 -2 6 -9 -15 -7 -2 -7 6 -18 8 2 4 -16 -6 15 -3 -17 7 12 7 8 -25 -1 -5 -1 7 0 5 -3 -4 -14 1 -7 9 -4 -7 7 -7 6 -3 13 85 -5 -1 11 6 1 -5
-8 1 12 -1 9 8 14 -22 -4 -2 -10 7 -6 -3 -15 -4 -2 6 -9 -15 -7 -2 -7 6 -18 8 2 4 -16 -6 15 -3 -17 7 12 7 8 -25 -1 -5 -1 7 0 5 -3 -4 -14 1 -7 9 -4 -7 7 -7 6 -3 13 85 -5 -1 11 6 1 -5
-8 1 12 -1 9 8 14 -22 -4 -2 -10 7 -6 -3 -15 -4 -2 6 -9 -15 -7 -2 -7 6 -18 8 2 4 -16 -6 15 -3 -17 7 12 7 8 -25 -1 -5 -1 7 0 5 -3 -4 -14 1 -7 9 -4 -7 7 -7 6 -3 13 85 -5 -1 11 6 1 -5
-8 1 12 -1 9 8 14 -22 -4 -2 -10 7 -6 -3 -15 -4 -2 6 -9 -15 -7 -2 -7 6 -18 8 2 4 -16 -6 15 -3 -17 7 12 7 8 -25 -1 -5 -1 7 0 5 -3 -4 -14 1 -7 9 -4 -7 7 -7 6 -3 13 85 -5 -1 11 6 1 -5
-8 1 12 -1 9 8 14 -22 -4 -2 -10 7 -6 -3 -15 -4 -2 6 -9 -15 -7 -2 -7 6 -18 8 2 4 -16 -6 15 -3 -17 7 12 7 8 -25 -1 -5 -1 7 0 5 -3 -4 -14 1 -7 9 -4 -7 7 -7 6 -3 13 85 -5 -1 11 6 1 -5
-8 1 12 -1 9 8 14 -22 -4 -2 -10 7 -6 -3 -15 -4 -2 6 -9 -15 -7 -2 -7 6 -18 8 2 4 -16 -6 15 -3 -17 7 12 7 8 -25 -1 -5 -1 7 0 5 -3 -4 -14 1 -7 9 -4 -7 7 -7 6 -3 13 85 -5 -1 11 6 1 -5
-8 1 12 -1 9 8 14 -22 -4 -2 -10 7 -6 -3 -15 -4 -2 6 -9 -15 -7 -2 -7 6 -18 8 2 4 -16 -6 15 -3 -17 7 12 7 8 -25 -1 -5 -1 7 0 5 -3 -4 -14 1 -7 9 -4 -7 7 -7 6 -3 13 85 -5 -1 11 6 1 -5
-8 1 12 -1 9 8 14 -22 -4 -2 -10 7 -6 -3 -15 -4 -2 6 -9 -15 -7 -2 -7 6 -18 8 2 4 -16 -6 15 -3 -17 7 12 7 8 -25 -1 -5 -1 7 0 5 -3 -4 -14 1 -7 9 -4 -7 7 -7 6 -3 13 85 -5 -1 11 6 1 -5
-8 1 12 -1 9 8 14 -22 -4 -2 -10 7 -6 -3 -15 -4 -2 6 -9 -15 -7 -2 -7 6 -18 8 2 4 -16 -6 15 -3 -17 7 12 7 8 -25 -1 -5 -1 7 0 5 -3 -4 -14 1 -7 9 -4 -7 7 -7 6 -3 13 85 -5 -1 11 6 1 -5
-8 1 12 -1 9 8 14 -22 -4 -2 -10 7 -6 -3 -15 -4 -2 6 -9 -15 -7 -2 -7 6 -18 8 2 4 -16 -6 15 -3 -17 7 12 7 8 -25 -1 -5 -1 7 0 5 -3 -4 -14 1 -7 9 -4 -7 7 -7 6 -3 13 85 -5 -1 11 6 1 -5
-8 1 12 -1 9 8 14 -22 -4 -2 -10 7 -6 -3 -15 -4 -2 6 -9 -15 -7 -2 -7 6 -18 8 2 4 -16 -6 15 -3 -17 7 12 7 8 -25 -1 -5 -1 7 0 5 -3 -4 -14 1 -7 9 -4 -7 7 -7 6 -3 13 85 -5 -1 11 6 1 -5
-8 1 12 -1 9 8 14 -22 -4 -2 -10 7 -6 -3 -15 -4 -2 6 -9 -15 -7 -2 -7 6 -18 8 2 4 -16 -6 15 -3 -17 7 12 7 8 -25 -1 -5 -1 7 0 5 -3 -4 -14 1 -7 9 -4 -7 7 -7 6 -3 13 85 -5 -1 11 6 1 -5
-8 1 12 -1 9 8 14 -22 -4 -2 -10 7 -6 -3 -15 -4 -2 6 -9 -15 -7 -2 -7 6 -18 8 2 4 -16 -6 15 -3 -17 7 12 7 8 -25 -1 -5 -1 7 0 5 -3 -4 -14 1 -7 9 -4 -7 7 -7 6 -3 13 85 -5 -1 11 6 1 -5
-8 1 12 -1 9 8 14 -22 -4 -2 -10 7 -6 -3 -15 -4 -2 6 -9 -15 -7 -2 -7 6 -18 8 2 4 -16 -6 15 -3 -17 7 12 7 8 -25 -1 -5 -1 7 0 5 -3 -4 -14 1 -7 9 -4 -7 7 -7 6 -3 13 85 -5 -1 11 6 1 -5
-8 1 12 -1 9 8 14 -22 -4 -2 -10 7 -6 -3 -15 -4 -2 6 -9 -15 -7 -2 -7 6 -18 8 2 4 -16 -6 15 -3 -17 7 12 7 8 -25 -1 -5 -1 7 0 5 -3 -4 -14 1 -7 9 -4 -7 7 -7 6 -3 13 85 -5 -1 11 6 1 -5
-8 1 12 -1 9 8 14 -22 -4 -2 -10 7 -6 -3 -15 -4 -2 6 -9 -15 -7 -2 -7 6 -18 8 2 4 -16 -6 15 -3 -17 7 12 7 8 -25 -1 -5 -1 7 0 5 -3 -4 -14 1 -7 9 -4 -7 7 -7 6 -3 13 85 -5 -1 11 6 1 -5
-8 1 12 -1 9 8 14 -22 -4 -2 -10 7 -6 -3 -15 -4 -2 6 -9 -15 -7 -2 -7 6 -18 8 2 4 -16 -6 15 -3 -17 7 12 7 8 -25 -1 -5 -1 7 0 5 -3 -4 -14 1 -7 9 -4 -7 7 -7 6 -3 13 85 -5 -1 11 6 1 -5
-8 1 12 -1 9 8 14 -22 -4 -2 -10 7 -6 -3 -15 -4 -2 6 -9 -15 -7 -2 -7 6 -18 8 2 4 -16 -6 15 -3 -17 7 12 7 8 -25 -1 -5 -1 7 0 5 -3 -4 -14 1 -7 9 -4 -7 7 -7 6 -3 13 85 -5 -1 11 6 1 -5
-8 1 12 -1 9 8 14 -22 -4 -2 -10 7 -6 -3 -15 -4 -2 6 -9 -15 -7 -2 -7 6 -18 8 2 4 -16 -6 15 -3 -17 7 12 7 8 -25 -1 -5 -1 7 0 5 -3 -4 -14 1 -7 9 -4 -7 7 -7 6 -3 13 85 -5 -1 11 6 1 -5
-8 1 12 -1 9 8 14 -22 -4 -2 -10 7 -6 -3 -15 -4 -2 6 -9 -15 -7 -2 -7 6 -18 8 2 4 -16 -6 15 -3 -17 7 12 7 8 -25 -1 -5 -1 7 0 5 -3 -4 -14 1 -7 9 -4 -7 7 -7 6 -3 13 85 -5 -1 11 6 1 -5
-8 1 12 -1 9 8 14 -22 -4 -2 -10 7 -6 -3 -15 -4 -2 6 -9 -15 -7 -2 -7 6 -18 8 2 4 -16 -6 15 -3 -17 7 12 7 8 -25 -1 -5 -1 7 0 5 -3 -4 -14 1 -7 9 -4 -7 7 -7 6 -3 13 85 -5 -1 11 6 1 -5
-8 1 12 -1 9 8 14 -22 -4 -2 -10 7 -6 -3 -15 -4 -2 6 -9 -15 -7 -2 -7 6 -18 8 2 4 -16 -6 15 -3 -17 7 12 7 8 -25 -1 -5 -1 7 0 5 -3 -4 -14 1 -7 9 -4 -7 7 -7 6 -3 13 85 -5 -1 11 6 1 -5
-8 1 12 -1 9 8 14 -22 -4 -2 -10 7 -6 -3 -15 -4 -2 6 -9 -15 -7 -2 -7 6 -18 8 2 4 -16 -6 15 -3 -17 7 12 7 8 -25 -1 -5 -1 7 0 5 -3 -4 -14 1 -7 9 -4 -7 7 -7 6 -3 13 85 -5 -1 11 6 1 -5
-8 1 12 -1 9 8 14 -22 -4 -2 -10 7 -6 -3 -15 -4 -2 6 -9 -15 -7 -2 -7 6 -18 8 2 4 -16 -6 15 -3 -17 7 12 7 8 -25 -1 -5 -1 7 0 5 -3 -4 -14 1 -7 9 -4 -7 7 -7 6 -3 13 85 -5 -1 11 6 1 -5
-8 1 12 -1 9 8 14 -22 -4 -2 -10 7 -6 -3 -15 -4 -2 6 -9 -15 -7 -2 -7 6 -18 8 2 4 -16 -6 15 -3 -17 7 12 7 8 -25 -1 -5 -1 7 0 5 -3 -4 -14 1 -7 9 -4 -7 7 -7 6 -3 13 85 -5 -1 11 6 1 -5
-8 1 12 -1 9 8 14 -22 -4 -2 -10 7 -6 -3 -15 -4 -2 6 -9 -15 -7 -2 -7 6 -18 8 2 4 -16 -6 15 -3 -17 7 12 7 8 -25 -1 -5 -1 7 0 5 -3 -4 -14 1 -7 9 -4 -7 7 -7 6 -3 13 85 -5 -1 11 6 1 -5
-8 1 12 -1 9 8 14 -22 -4 -2 -10 7 -6 -3 -15 -4 -2 6 -9 -15 -7 -2 -7 6 -18 8 2 4 -16 -6 15 -3 -17 7 12 7 8 -25 -1 -5 -1 7 0 5 -3 -4 -14 1 -7 9 -4 -7 7 -7 6 -3 13 85 -5 -1 11 6 1 -5
-8 1 12 -1 9 8 14 -22 -4 -2 -10 7 -6 -3 -15 -4 -2 6 -9 -15 -7 -2 -7 6 -18 8 2 4 -16 -6 15 -3 -17 7 12 7 8 -25 -1 -5 -1 7 0 5 -3 -4 -14 1 -7 9 -4 -7 7 -7 6 -3 13 85 -5 -1 11 6 1 -5
-8 1 12 -1 9 8 14 -22 -4 -2 -10 7 -6 -3 -15 -4 -2 6 -9 -15 -7 -2 -7 6 -18 8 2 4 -16 -6 15 -3 -17 7 12 7 8 -25 -1 -5 -1 7 0 5 -3 -4 -14 1 -7 9 -4 -7 7 -7 6 -3 13 85 -5 -1 11 6 1 -5
-8 1 12 -1 9 8 14 -22 -4 -2 -10 7 -6 -3 -15 -4 -2 6 -9 -15 -7 -2 -7 6 -18 8 2 4 -16 -6 15 -3 -17 7 12 7 8 -25 -1 -5 -1 7 0 5 -3 -4 -14 1 -7 9 -4 -7 7 -7 6 -3 13 85 -5 -1 11 6 1 -5
-8 1 12 -1 9 8 14 -22 -4 -2 -10 7 -6 -3 -15 -4 -2 6 -9 -15 -7 -2 -7 6 -18 8 2 4 -16 -6 15 -3 -17 7 12 7 8 -25 -1 -5 -1 7 0 5 -3 -4 -14 1 -7 9 -4 -7 7 -7 6 -3 13 85 -5 -1 11 6 1 -5
-8 1 12 -1 9 8 14 -22 -4 -2 -10 7 -6 -3 -15 -4 -2 6 -9 -15 -7 -2 -7 6 -18 8 2 4 -16 -6 15 -3 -17 7 12 7 8 -25 -1 -5 -1 7 0 5 -3 -4 -14 1 -7 9 -4 -7 7 -7 6 -3 13 85 -5 -1 11 6 1 -5
-8 1 12 -1 9 8 14 -22 -4 -2 -10 7 -6 -3 -15 -4 -2 6 -9 -15 -7 -2 -7 6 -18 8 2 4 -16 -6 15 -3 -17 7 12 7 8 -25 -1 -5 -1 7 0 5 -3 -4 -14 1 -7 9 -4 -7 7 -7 6 -3 13 85 -5 -1 11 6 1 -5
-8 1 12 -1 9 8 14 -22 -4 -2 -10 7 -6 -3 -15 -4 -2 6 -9 -15 -7 -2 -7 6 -18 8 2 4 -16 -6 15 -3 -17 7 12 7 8 -25 -1 -5 -1 7 0 5 -3 -4 -14 1 -7 9 -4 -7 7 -7 6 -3 13 85 -5 -1 11 6 1 -5
-8 1 12 -1 9 8 14 -22 -4 -2 -10 7 -6 -3 -15 -4 -2 6 -9 -15 -7 -2 -7 6 -18 8 2 4 -16 -6 15 -3 -17 7 12 7 8 -25 -1 -5 -1 7 0 5 -3 -4 -14 1 -7 9 -4 -7 7 -7 6 -3 13 85 -5 -1 11 6 1 -5
-8 1 12 -1 9 8 14 -22 -4 -2 -10 7 -6 -3 -15 -4 -2 6 -9 -15 -7 -2 -7 6 -18 8 2 4 -16 -6 15 -3 -17 7 12 7 8 -25 -1 -5 -1 7 0 5 -3 -4 -14 1 -7 9 -4 -7 7 -7 6 -3 13 85 -5 -1 11 6 1 -5
-8 1 12 -1 9 8 14 -22 -4 -2 -10 7 -6 -3 -15 -4 -2 6 -9 -15 -7 -2 -7 6 -18 8 2 4 -16 -6 15 -3 -17 7 12 7 8 -25 -1 -5 -1 7 0 5 -3 -4 -14 1 -7 9 -4 -7 7 -7 6 -3 13 85 -5 -1 11 6 1 -5
-8 1 12 -1 9 8 14 -22 -4 -2 -10 7 -6 -3 -15 -4 -2 6 -9 -15 -7 -2 -7 6 -18 8 2 4 -16 -6 15 -3 -17 7 12 7 8 -25 -1 -5 -1 7 0 5 -3 -4 -14 1 -7 9 -4 -7 7 -7 6 -3 13 85 -5 -1 11 6 1 -5
-8 1 12 -1 9 8 14 -22 -4 -2 -10 7 -6 -3 -15 -4 -2 6 -9 -15 -7 -2 -7 6 -18 8 2 4 -16 -6 15 -3 -17 7 12 7 8 -25 -1 -5 -1 7 0 5 -3 -4 -14 1 -7 9 -4 -7 7 -7 6 -3 13 85 -5 -1 11 6 1 -5
-8 1 12 -1 9 8 14 -22 -4 -2 -10 7 -6 -3 -15 -4 -2 6 -9 -15 -7 -2 -7 6 -18 8 2 4 -16 -6 15 -3 -17 7 12 7 8 -25 -1 -5 -1 7 0 5 -3 -4 -14 1 -7 9 -4 -7 7 -7 6 -3 13 85 -5 -1 11 6 1 -5
-8 1 12 -1 9 8 14 -22 -4 -2 -10 7 -6 -3 -15 -4 -2 6 -9 -15 -7 -2 -7 6 -18 8 2 4 -16 -6 15 -3 -17 7 12 7 8 -25 -1 -5 -1 7 0 5 -3 -4 -14 1 -7 9 -4 -7 7 -7 6 -3 13 85 -5 -1 11 6 1 -5
-8 1 12 -1 9 8 14 -22 -4 -2 -10 7 -6 -3 -15 -4 -2 6 -9 -15 -7 -2 -7 6 -18 8 2 4 -16 -6 15 -3 -17 7 12 7 8 -25 -1 -5 -1 7 0 5 -3 -4 -14 1 -7 9 -4 -7 7 -7 6 -3 13 85 -5 -1 11 6 1 -5
-8 1 12 -1 9 8 14 -22 -4 -2 -10 7 -6 -3 -15 -4 -2 6 -9 -15 -7 -2 -7 6 -18 8 2 4 -16 -6 15 -3 -17 7 12 7 8 -25 -1 -5 -1 7 0 5 -3 -4 -14 1 -7 9 -4 -7 7 -7 6 -3 13 85 -5 -1 11 6 1 -5
-8 1 12 -1 9 8 14 -22 -4 -2 -10 7 -6 -3 -15 -4 -2 6 -9 -15 -7 -2 -7 6 -18 8 2 4 -16 -6 15 -3 -17 7 12 7 8 -25 -1 -5 -1 7 0 5 -3 -4 -14 1 -7 9 -4 -7 7 -7 6 -3 13 85 -5 -1 11 6 1 -5
-8 1 12 -1 9 8 14 -22 -4 -2 -10 7 -6 -3 -15 -4 -2 6 -9 -15 -7 -2 -7 6 -18 8 2 4 -16 -6 15 -3 -17 7 12 7 8 -25 -1 -5 -1 7 0 5 -3 -4 -14 1 -7 9 -4 -7 7 -7 6 -3 13 85 -5 -1 11 6 1 -5
-8 1 12 -1 9 8 14 -22 -4 -2 -10 7 -6 -3 -15 -4 -2 6 -9 -15 -7 -2 -7 6 -18 8 2 4 -16 -6 15 -3 -17 7 12 7 8 -25 -1 -5 -1 7 0 5 -3 -4 -14 1 -7 9 -4 -7 7 -7 6 -3 13 85 -5 -1 11 6 1 -5
-8 1 12 -1 9 8 14 -22 -4 -2 -10 7 -6 -3 -15 -4 -2 6 -9 -15 -7 -2 -7 6 -18 8 2 4 -16 -6 15 -3 -17 7 12 7 8 -25 -1 -5 -1 7 0 5 -3 -4 -14 1 -7 9 -4 -7 7 -7 6 -3 13 85 -5 -1 11 6 1 -5
-8 1 12 -1 9 8 14 -22 -4 -2 -10 7 -6 -3 -15 -4 -2 6 -9 -15 -7 -2 -7 6 -18 8 2 4 -16 -6 15 -3 -17 7 12 7 8 -25 -1 -5 -1 7 0 5 -3 -4 -14 1 -7 9 -4 -7 7 -7 6 -3 13 85 -5 -1 11 6 1 -5
-8 1 12 -1 9 8 14 -22 -4 -2 -10 7 -6 -3 -15 -4 -2 6 -9 -15 -7 -2 -7 6 -18 8 2 4 -16 -6 15 -3 -17 7 12 7 8 -25 -1 -5 -1 7 0 5 -3 -4 -14 1 -7 9 -4 -7 7 -7 6 -3 13 85 -5 -1 11 6 1 -5
-8 1 12 -1 9 8 14 -22 -4 -2 -10 7 -6 -3 -15 -4 -2 6 -9 -15 -7 -2 -7 6 -18 8 2 4 -16 -6 15 -3 -17 7 12 7 8 -25 -1 -5 -1 7 0 5 -3 -4 -14 1 -7 9 -4 -7 7 -7 6 -3 13 85 -5 -1 11 6 1 -5
-8 1 12 -1 9 8 14 -22 -4 -2 -10 7 -6 -3 -15 -4 -2 6 -9 -15 -7 -2 -7 6 -18 8 2 4 -16 -6 15 -3 -17 7 12 7 8 -25 -1 -5 -1 7 0 5 -3 -4 -14 1 -7 9 -4 -7 7 -7 6 -3 13 85 -5 -1 11 6 1 -5
-8 1 12 -1 9 8 14 -22 -4 -2 -10 7 -6 -3 -15 -4 -2 6 -9 -15 -7 -2 -7 6 -18 8 2 4 -16 -6 15 -3 -17 7 12 7 8 -25 -1 -5 -1 7 0 5 -3 -4 -14 1 -7 9 -4 -7 7 -7 6 -3 13 85 -5 -1 11 6 1 -5
-8 1 12 -1 9 8 14 -22 -4 -2 -10 7 -6 -3 -15 -4 -2 6 -9 -15 -7 -2 -7 6 -18 8 2 4 -16 -6 15 -3 -17 7 12 7 8 -25 -1 -5 -1 7 0 5 -3 -4 -14 1 -7 9 -4 -7 7 -7 6 -3 13 85 -5 -1 11 6 1 -5
-8 1 12 -1 9 8 14 -22 -4 -2 -10 7 -6 -3 -15 -4 -2 6 -9 -15 -7 -2 -7 6 -18 8 2 4 -16 -6 15 -3 -17 7 12 7 8 -25 -1 -5 -1 7 0 5 -3 -4 -14 1 -7 9 -4 -7 7 -7 6 -3 13 85 -5 -1 11 6 1 -5
-8 1 12 -1 9 8 14 -22 -4 -2 -10 7 -6 -3 -15 -4 -2 6 -9 -15 -7 -2 -7 6 -18 8 2 4 -16 -6 15 -3 -17 7 12 7 8 -25 -1 -5 -1 7 0 5 -3 -4 -14 1 -7 9 -4 -7 7 -7 6 -3 13 85 -5 -1 11 6 1 -5
-8 1 12 -1 9 8 14 -22 -4 -2 -10 7 -6 -3 -15 -4 -2 6 -9 -15 -7 -2 -7 6 -18 8 2 4 -16 -6 15 -3 -17 7 12 7 8 -25 -1 -5 -1 7 0 5 -3 -4 -14 1 -7 9 -4 -7 7 -7 6 -3 13 85 -5 -1 11 6 1 -5
-8 1 12 -1 9 8 14 -22 -4 -2 -10 7 -6 -3 -15 -4 -2 6 -9 -15 -7 -2 -7 6 -18 8 2 4 -16 -6 15 -3 -17 7 12 7 8 -25 -1 -5 -1 7 0 5 -3 -4 -14 1 -7 9 -4 -7 7 -7 6 -3 13 85 -5 -1 11 6 1 -5
-8 1 12 -1 9 8 14 -22 -4 -2 -10 7 -6 -3 -15 -4 -2 6 -9 -15 -7 -2 -7 6 -18 8 2 4 -16 -6 15 -3 -17 7 12 7 8 -25 -1 -5 -1 7 0 5 -3 -4 -14 1 -7 9 -4 -7 7 -7 6 -3 13 85 -5 -1 11 6 1 -5
-8 1 12 -1 9 8 14 -22 -4 -2 -10 7 -6 -3 -15 -4 -2 6 -9 -15 -7 -2 -7 6 -18 8 2 4 -16 -6 15 -3 -17 7 12 7 8 -25 -1 -5 -1 7 0 5 -3 -4 -14 1 -7 9 -4 -7 7 -7 6 -3 13 85 -5 -1 11 6 1 -5
-8 1 12 -1 9 8 14 -22 -4 -2 -10 7 -6 -3 -15 -4 -2 6 -9 -15 -7 -2 -7 6 -18 8 2 4 -16 -6 15 -3 -17 7 12 7 8 -25 -1 -5 -1 7 0 5 -3 -4 -14 1 -7 9 -4 -7 7 -7 6 -3 13 85 -5 -1 11 6 1 -5
-8 1 12 -1 9 8 14 -22 -4 -2 -10 7 -6 -3 -15 -4 -2 6 -9 -15 -7 -2 -7 6 -18 8 2 4 -16 -6 15 -3 -17 7 12 7 8 -25 -1 -5 -1 7 0 5 -3 -4 -14 1 -7 9 -4 -7 7 -7 6 -3 13 85 -5 -1 11 6 1 -5
-8 1 12 -1 9 8 14 -22 -4 -2 -10 7 -6 -3 -15 -4 -2 6 -9 -15 -7 -2 -7 6 -18 8 2 4 -16 -6 15 -3 -17 7 12 7 8 -25 -1 -5 -1 7 0 5 -3 -4 -14 1 -7 9 -4 -7 7 -7 6 -3 13 85 -5 -1 11 6 1 -5
-8 1 12 -1 9 8 14 -22 -4 -2 -10 7 -6 -3 -15 -4 -2 6 -9 -15 -7 -2 -7 6 -18 8 2 4 -16 -6 15 -3 -17 7 12 7 8 -25 -1 -5 -1 7 0 5 -3 -4 -14 1 -7 9 -4 -7 7 -7 6 -3 13 85 -5 -1 11 6 1 -5
-8 1 12 -1 9 8 14 -22 -4 -2 -10 7 -6 -3 -15 -4 -2 6 -9 -15 -7 -2 -7 6 -18 8 2 4 -16 -6 15 -3 -17 7 12 7 8 -25 -1 -5 -1 7 0 5 -3 -4 -14 1 -7 9 -4 -7 7 -7 6 -3 13 85 -5 -1 11 6 1 -5
-8 1 12 -1 9 8 14 -22 -4 -2 -10 7 -6 -3 -15 -4 -2 6 -9 -15 -7 -2 -7 6 -18 8 2 4 -16 -6 15 -3 -17 7 12 7 8 -25 -1 -5 -1 7 0 5 -3 -4 -14 1 -7 9 -4 -7 7 -7 6 -3 13 85 -5 -1 11 6 1 -5
-8 1 12 -1 9 8 14 -22 -4 -2 -10 7 -6 -3 -15 -4 -2 6 -9 -15 -7 -2 -7 6 -18 8 2 4 -16 -6 15 -3 -17 7 12 7 8 -25 -1 -5 -1 7 0 5 -3 -4 -14 1 -7 9 -4 -7 7 -7 6 -3 13 85 -5 -1 11 6 1 -5
-8 1 12 -1 9 8 14 -22 -4 -2 -10 7 -6 -3 -15 -4 -2 6 -9 -15 -7 -2 -7 6 -18 8 2 4 -16 -6 15 -3 -17 7 12 7 8 -25 -1 -5 -1 7 0 5 -3 -4 -14 1 -7 9 -4 -7 7 -7 6 -3 13 85 -5 -1 11 6 1 -5
-8 1 12 -1 9 8 14 -22 -4 -2 -10 7 -6 -3 -15 -4 -2 6 -9 -15 -7 -2 -7 6 -18 8 2 4 -16 -6 15 -3 -17 7 12 7 8 -25 -1 -5 -1 7 0 5 -3 -4 -14 1 -7 9 -4 -7 7 -7 6 -3 13 85 -5 -1 11 6 1 -5
-8 1 12 -1 9 8 14 -22 -4 -2 -10 7 -6 -3 -15 -4 -2 6 -9 -15 -7 -2 -7 6 -18 8 2 4 -16 -6 15 -3 -17 7 12 7 8 -25 -1 -5 -1 7 0 5 -3 -4 -14 1 -7 9 -4 -7 7 -7 6 -3 13 85 -5 -1 11 6 1 -5
-8 1 12 -1 9 8 14 -22 -4 -2 -10 7 -6 -3 -15 -4 -2 6 -9 -15 -7 -2 -7 6 -18 8 2 4 -16 -6 15 -3 -17 7 12 7 8 -25 -1 -5 -1 7 0 5 -3 -4 -14 1 -7 9 -4 -7 7 -7 6 -3 13 85 -5 -1 11 6 1 -5
-8 1 12 -1 9 8 14 -22 -4 -2 -10 7 -6 -3 -15 -4 -2 6 -9 -15 -7 -2 -7 6 -18 8 2 4 -16 -6 15 -3 -17 7 12 7 8 -25 -1 -5 -1 7 0 5 -3 -4 -14 1 -7 9 -4 -7 7 -7 6 -3 13 85 -5 -1 11 6 1 -5
-8 1 12 -1 9 8 14 -22 -4 -2 -10 7 -6 -3 -15 -4 -2 6 -9 -15 -7 -2 -7 6 -18 8 2 4 -16 -6 15 -3 -17 7 12 7 8 -25 -1 -5 -1 7 0 5 -3 -4 -14 1 -7 9 -4 -7 7 -7 6 -3 13 85 -5 -1 11 6 1 -5
-8 1 12 -1 9 8 14 -22 -4 -2 -10 7 -6 -3 -15 -4 -2 6 -9 -15 -7 -2 -7 6 -18 8 2 4 -16 -6 15 -3 -17 7 12 7 8 -25 -1 -5 -1 7 0 5 -3 -4 -14 1 -7 9 -4 -7 7 -7 6 -3 13 85 -5 -1 11 6 1 -5
-8 1 12 -1 9 8 14 -22 -4 -2 -10 7 -6 -3 -15 -4 -2 6 -9 -15 -7 -2 -7 6 -18 8 2 4 -16 -6 15 -3 -17 7 12 7 8 -25 -1 -5 -1 7 0 5 -3 -4 -14 1 -7 9 -4 -7 7 -7 6 -3 13 85 -5 -1 11 6 1 -5
-8 1 12 -1 9 8 14 -22 -4 -2 -10 7 -6 -3 -15 -4 -2 6 -9 -15 -7 -2 -7 6 -18 8 2 4 -16 -6 15 -3 -17 7 12 7 8 -25 -1 -5 -1 7 0 5 -3 -4 -14 1 -7 9 -4 -7 7 -7 6 -3 13 85 -5 -1 11 6 1 -5
-8 1 12 -1 9 8 14 -22 -4 -2 -10 7 -6 -3 -15 -4 -2 6 -9 -15 -7 -2 -7 6 -18 8 2 4 -16 -6 15 -3 -17 7 12 7 8 -25 -1 -5 -1 7 0 5 -3 -4 -14 1 -7 9 -4 -7 7 -7 6 -3 13 85 -5 -1 11 6 1 -5
-8 1 12 -1 9 8 14 -22 -4 -2 -10 7 -6 -3 -15 -4 -2 6 -9 -15 -7 -2 -7 6 -18 8 2 4 -16 -6 15 -3 -17 7 12 7 8 -25 -1 -5 -1 7 0 5 -3 -4 -14 1 -7 9 -4 -7 7 -7 6 -3 13 85 -5 -1 11 6 1 -5
-8 1 12 -1 9 8 14 -22 -4 -2 -10 7 -6 -3 -15 -4 -2 6 -9 -15 -7 -2 -7 6 -18 8 2 4 -16 -6 15 -3 -17 7 12 7 8 -25 -1 -5 -1 7 0 5 -3 -4 -14 1 -7 9 -4 -7 7 -7 6 -3 13 85 -5 -1 11 6 1 -5
