3 8 4 -7 0 2 1 10 5 -5 8 0 -3 10 11 -39 12 -8 -4 12 2 -4 8 6 3 -5 1 4 -75 -11 -4 -1 2 -8 -8 -3 3 12 7 -1 -1 -1 1 1 0 -15 -1 2 14 -1 47 3 48 -6 -4 -4 -13 3 2 0 4 -16 8 -5
-3 11 25 13 -2 -6 -9 28 5 17 8 -13 -3 29 26 4 16 -3 -4 14 3 -20 0 20 4 0 -4 -5 -5 -14 -6 7 -2 -19 -21 -9 21 30 20 -5 -8 -13 6 0 15 21 13 -4 18 -23 -29 -2 3 -39 -8 4 37 4 -13 -6 -14 1 -8 -3
-8 9 19 3 5 -3 1 23 13 18 10 0 9 17 11 9 19 -2 -6 10 0 -32 -2 20 -1 2 -1 -10 -19 -14 -7 -1 9 -17 -6 -11 5 29 22 0 -3 -9 -2 1 9 15 5 -7 16 -21 -19 4 15 -19 0 1 25 -2 -13 1 -9 9 -10 -4
-6 3 18 -2 0 4 -7 22 19 6 11 -4 2 4 7 -11 22 -13 -8 36 5 -21 27 7 0 -5 0 -17 -8 -6 1 11 -3 -2 -11 -9 1 17 4 11 1 -9 -14 23 9 4 2 -4 28 -21 -8 -5 7 -13 -2 1 34 6 -10 4 -1 2 -4 -2
-6 9 27 3 3 15 -7 27 3 -4 11 -9 15 23 4 -37 9 0 -4 13 5 -8 17 20 10 -11 10 -9 1 -13 -5 -8 -12 -9 -5 3 10 12 0 20 2 -1 -3 18 4 -7 3 4 29 -26 -6 1 -4 -32 -1 -7 26 8 0 13 -10 -1 -8 4
-14 -2 17 -4 -4 9 3 23 5 -7 18 -4 12 18 7 -39 11 -7 -8 31 7 -14 11 9 7 -12 -2 -15 0 -12 2 -8 -1 -11 4 1 7 3 3 6 4 -7 -10 16 5 -5 -1 -10 23 -19 -1 -7 -4 -22 -1 1 22 1 -4 8 -2 -1 -2 -5
2 8 18 -6 -4 10 12 25 16 -5 5 -4 12 22 8 -32 22 -10 -14 24 2 1 14 5 17 -6 8 -22 -2 -12 4 -6 -10 -8 1 0 -6 10 -8 4 5 -4 -10 6 14 1 8 -16 31 -6 -5 -1 -7 -22 -6 3 28 6 -1 0 2 -5 -10 5
-4 -6 28 -1 1 -6 2 17 18 2 11 14 8 15 4 -26 23 -1 -4 41 8 -23 14 8 14 -12 7 -12 -5 8 -18 6 -2 -9 0 -10 4 2 9 -15 -14 -12 -15 12 18 -6 3 -11 25 -6 -3 -3 10 -5 -18 -2 19 0 -13 4 0 -11 -8 9
7 -6 11 -10 10 8 6 15 -6 8 17 1 5 11 -15 4 9 -12 -14 28 12 -32 1 15 2 -2 -1 -19 -10 -17 -13 15 17 -1 10 2 -13 9 -3 -5 3 -10 5 12 1 2 6 -18 18 -19 -9 11 4 -8 1 -1 29 8 -1 -1 -1 -26 0 0
-4 15 19 7 0 7 2 22 7 -12 20 -5 5 26 8 7 30 -5 -19 22 -4 -16 15 12 10 -5 13 -16 -9 -9 -4 -2 8 -7 -22 -6 -5 10 0 -8 -15 -8 4 4 4 -8 14 -9 21 -20 -19 0 4 -36 -1 -20 28 0 -9 6 0 -11 3 -12
10 -2 10 -1 9 5 7 24 11 -7 20 5 14 7 -10 9 11 -10 -13 20 12 -27 -2 19 -6 2 2 -13 -4 -17 -15 -2 11 1 -1 -2 0 12 2 -9 6 -14 5 5 -3 0 10 -18 19 -35 -18 -4 1 -14 4 -20 33 1 -11 -7 12 -26 2 -5
5 -7 -4 12 9 4 1 29 18 -15 5 -5 14 11 -15 -8 5 -1 -2 16 8 -24 10 4 11 -11 10 -6 -11 -10 -5 4 -3 -3 3 3 -7 9 1 -19 5 -3 7 -2 4 2 -6 -8 32 -23 -7 4 3 -6 4 5 27 -6 -11 -7 10 -16 -8 -7
-4 6 23 1 1 3 -7 27 21 -7 8 1 0 2 11 -16 15 -20 -8 34 4 -28 22 -3 2 -6 -3 -12 -4 -7 1 11 4 -9 -7 -3 -1 15 4 3 -4 -11 -3 14 12 3 3 -1 21 -13 -16 -10 0 -26 -2 -1 33 1 -7 -8 -3 -24 -3 -6
-1 2 23 5 -3 2 -9 8 31 5 9 2 -4 5 7 -36 11 -8 -5 27 9 -23 16 8 -4 -5 6 -4 -4 6 2 7 0 5 -2 -2 5 6 2 -2 -11 -15 -8 18 14 10 2 -4 15 -15 -5 -1 5 -15 -16 -6 21 4 -9 5 -3 -8 -7 3
-8 11 23 2 -4 11 -7 24 14 -10 5 -3 -13 3 -3 -7 21 -6 -19 21 1 -29 31 7 4 -16 0 -10 -3 -6 -3 3 0 -7 -16 -1 -2 6 6 0 -7 -3 9 14 8 -12 10 4 19 -17 -28 1 -4 -31 -1 -10 29 1 -12 3 -8 -13 -8 -11
-4 1 15 2 9 6 -7 23 22 -4 0 -7 2 -8 3 -17 17 0 -20 28 11 -30 24 3 7 -9 1 -6 -2 -8 -7 19 -3 5 -4 -8 1 5 8 -7 -7 -13 -2 8 4 0 6 -1 20 -9 -14 -2 8 -19 -7 1 22 -7 -11 2 3 -20 -11 -3
-2 22 11 9 1 -2 -11 11 18 -2 11 -11 0 4 -14 -18 21 -5 -9 36 14 -20 24 -1 2 -2 -1 -13 12 -4 1 -9 9 13 13 -3 9 15 -2 -2 1 -19 -5 3 1 5 1 -2 29 -11 -12 -7 -11 -26 -9 -17 18 5 -11 -16 -1 -8 0 -7
2 0 9 0 10 -13 -15 21 15 -2 -1 -7 -8 9 -1 -11 12 -21 -21 31 8 -15 21 10 2 -9 5 -7 2 -5 4 8 1 1 -12 0 -1 10 -1 3 -8 -6 -6 1 5 8 4 -6 21 -17 -19 -10 -10 -41 -4 -12 14 -1 -9 -8 1 -16 -4 -8
7 16 12 18 -1 -8 -13 10 17 -8 9 -10 5 4 -8 -18 15 -4 -8 31 18 -21 27 -3 5 -10 -1 -3 -3 5 -2 3 1 12 18 -2 6 13 1 0 -10 -17 -5 2 9 13 3 0 22 -11 -13 -9 -4 -24 -13 -12 9 5 -10 -11 -7 -1 -6 -5
10 8 17 -8 4 3 4 5 22 -8 7 -1 2 14 -15 -41 11 -3 -8 32 14 -29 25 8 17 -15 14 -9 -6 2 -9 6 -6 -4 -1 -7 -1 4 6 -13 0 -9 -2 2 2 -3 3 7 25 -11 -7 -3 -8 -15 -14 3 18 -3 -2 1 -5 2 -3 -9
2 24 15 8 1 0 1 19 11 -5 19 -5 -3 15 -6 -24 6 -9 -7 41 6 -27 23 11 1 -13 -8 -4 -1 -11 -5 13 -1 -6 4 -7 0 14 7 -5 -9 -21 -10 6 -2 -7 6 -4 36 -8 0 -11 0 -20 -11 2 25 8 1 -5 -5 0 -1 -15
3 22 16 7 3 -4 -4 12 5 -4 21 3 11 18 13 -12 23 -1 -17 10 2 -5 11 14 6 -17 4 -17 -21 -23 -3 1 -3 -7 -14 -11 -2 10 -1 3 0 -2 3 5 11 9 4 -6 15 -16 -20 6 0 -39 3 -4 20 14 -11 12 -5 -9 2 -14
-3 -4 -6 -1 -12 4 -5 24 -7 10 11 5 1 9 22 -10 17 18 -6 9 -2 -4 14 12 5 -8 -5 -3 -28 -6 -20 5 -2 -9 -4 3 -18 13 6 -1 5 -9 5 7 22 13 0 -6 55 -20 -13 -7 -9 -24 -2 -14 17 8 1 -6 0 -7 2 -4
4 0 7 -3 -6 10 -7 14 -7 17 9 -4 0 18 16 -2 13 -7 -18 8 -8 -6 21 2 13 -15 8 -4 -17 4 -20 -6 4 -5 -12 6 1 8 -7 4 -7 -9 2 9 10 13 -13 0 38 -14 -20 -5 -1 -28 1 -15 33 4 -3 3 4 -14 7 -3
-8 12 20 3 -18 7 -4 13 2 0 23 -2 6 22 -13 8 30 3 -14 9 -12 -19 13 10 19 6 18 -17 -17 -8 -6 -1 11 -23 -18 1 9 20 4 17 0 -5 -8 19 -1 17 3 -13 20 -11 -28 8 15 -26 -13 -4 34 2 -12 -2 -14 2 3 -8
-7 3 10 -3 5 9 -6 12 15 9 6 7 -7 2 4 -11 17 -26 -7 29 4 -19 24 -6 8 5 0 -13 -11 -4 -3 9 0 -8 -11 -1 2 10 7 4 -1 -11 -22 21 0 5 -1 -9 21 -4 -8 -11 26 -8 4 -5 21 -2 -10 4 3 -16 -4 0
-9 8 16 0 1 24 -9 30 -4 -4 11 -3 11 22 -4 -36 5 -10 -1 5 0 -3 11 20 10 -7 14 -15 8 -7 -6 -16 -12 -22 -7 11 8 8 4 14 3 -5 -13 27 -7 -2 3 1 30 -20 -5 -6 5 -31 -6 -5 22 8 5 15 -12 -3 -11 5
-11 2 6 -3 -7 11 3 23 -1 -11 18 -4 5 15 -6 -38 13 -13 -5 19 2 -2 3 1 7 -6 4 -9 2 -8 -2 -19 -5 -18 0 -3 4 -1 13 6 8 -15 -22 26 -7 -8 -3 -12 17 -11 -2 -11 6 -18 4 -2 15 6 5 5 -7 -3 3 -5
-1 12 11 -6 -5 13 5 19 8 -7 2 6 4 16 -10 -30 18 -19 -12 18 -5 7 8 -4 19 -4 11 -21 1 -7 -1 -8 -9 -15 -2 -3 -5 6 1 3 5 -7 -23 13 0 3 5 -14 26 -2 -3 -3 8 -17 -3 2 23 5 2 1 -3 -13 -8 -2
-3 -5 16 -6 -7 2 1 19 11 -2 9 22 -2 11 -8 -27 22 -13 -3 29 0 -16 14 -1 20 -6 8 -16 -5 7 -22 0 -3 -17 -7 -8 2 0 14 -15 1 -14 -23 17 9 -1 3 -7 21 -1 -5 -4 24 6 -12 0 11 0 -11 7 2 -11 -8 3
6 -6 2 -3 -3 10 6 19 -6 4 12 6 2 7 -19 9 11 -23 -15 23 2 -22 6 5 5 -2 1 -23 -4 -17 -19 6 18 -4 2 -2 -7 2 5 -9 10 -11 -16 15 6 1 12 -19 16 -15 -15 0 13 -8 3 -7 23 10 -6 -11 3 -22 -7 -9
10 -4 3 0 -7 15 5 19 1 -2 13 12 9 7 -21 12 7 -19 -9 11 4 -26 5 7 3 -3 8 -21 -1 -21 -16 1 10 -5 -11 9 1 8 2 -17 13 -12 -8 5 -2 -6 2 -21 21 -18 -16 -7 19 -9 10 -25 24 1 -3 -19 14 -24 -4 -11
11 -3 -4 10 1 10 1 27 10 -16 6 2 2 12 -28 -2 6 -5 -9 5 -2 -19 8 4 20 -8 6 -6 -13 -13 -14 0 5 -13 -6 -1 -4 12 5 -21 6 -5 -2 6 5 4 -5 -13 22 -15 -12 2 16 4 10 -5 24 -7 -13 -12 11 -17 -8 -9
-14 8 16 8 7 -4 -2 20 12 -6 1 7 0 0 -2 -17 11 -17 -8 25 -4 -31 24 -8 2 -16 6 -8 -9 -11 -6 7 3 -8 -4 -3 8 2 14 -8 -13 -20 -26 14 11 11 1 6 22 13 -12 3 27 -9 -15 5 4 6 0 -1 -12 -9 -9 0
-3 24 4 11 -3 -1 -12 13 7 -2 12 0 -7 4 -27 -15 20 -16 -12 24 10 -16 18 -12 7 0 8 -12 17 -4 -10 -16 18 6 6 -3 11 17 0 0 7 -19 -14 3 4 12 -2 -3 24 -1 -15 -13 -3 -20 -7 -19 11 1 -9 -14 4 -13 -9 -12
3 1 2 -5 4 -7 -17 19 13 -1 -2 1 -15 9 -13 -4 9 -32 -20 16 7 -9 25 -4 11 -11 6 -4 5 -6 -3 0 3 -3 -16 -3 0 11 4 2 -1 -5 -20 10 4 7 -4 -7 19 -5 -20 -17 0 -30 -4 -9 7 -2 -10 -8 2 -19 -13 -9
6 18 1 21 -7 2 -8 12 7 0 8 0 -6 1 -23 -17 18 -9 -9 19 14 -13 25 -14 6 -4 4 -3 7 2 -8 -7 8 4 12 2 10 11 4 2 1 -19 -13 10 3 20 0 0 20 -3 -13 -11 1 -18 -10 -17 2 3 -10 -14 -3 -5 -11 -4
12 8 8 -7 4 5 1 7 13 -7 10 6 -6 14 -28 -37 7 -12 -6 26 11 -22 23 -3 20 -15 23 -12 -6 5 -18 -2 -1 -10 -12 -10 2 8 11 -8 6 -13 -17 10 0 6 1 12 22 1 -10 -4 7 -8 -11 9 12 -5 -4 -5 -3 2 -12 -5
-3 20 9 12 -2 6 2 17 2 -5 18 4 -9 14 -16 -19 9 -17 -10 28 1 -24 17 0 9 -12 -4 -4 -4 -10 -12 8 2 -13 0 -10 -1 10 7 -2 2 -22 -21 10 -1 -2 -1 0 27 -3 -3 -11 7 -13 -6 0 21 9 1 -4 -3 -4 -9 -9
0 23 15 14 -1 2 -11 8 -2 -6 22 5 6 18 1 -5 16 -9 -12 2 -4 2 8 2 10 -13 13 -14 -20 -20 -14 -3 -6 -10 -20 -15 -3 12 4 2 11 -6 -13 8 13 13 10 0 10 -14 -19 1 14 -28 5 -2 17 12 -5 9 -3 -8 1 -15
-7 -5 -13 -4 -11 7 -4 21 -21 2 10 -2 0 5 14 -9 12 15 -4 4 -5 -2 12 1 11 2 -4 0 -33 3 -17 4 -3 -10 -3 1 -14 18 4 1 8 -9 -4 8 14 9 0 -2 53 -12 -8 -13 6 -15 -6 -10 11 3 4 -6 2 -8 2 -6
9 0 8 -4 6 -10 -4 9 14 5 11 -8 -1 9 8 -6 13 -15 -14 19 -3 0 21 10 17 -3 6 -13 -10 -10 -8 -7 8 -14 0 -2 -7 9 8 5 5 0 -10 14 5 -12 9 0 27 5 -9 -13 6 -22 -14 -7 4 5 -5 6 4 -28 4 -4
9 0 8 -4 6 -10 -4 9 14 5 11 -8 -1 9 8 -6 13 -15 -14 19 -3 0 21 10 17 -3 6 -13 -10 -10 -8 -7 8 -14 0 -2 -7 9 8 5 5 0 -10 14 5 -12 9 0 27 5 -9 -13 6 -22 -14 -7 4 5 -5 6 4 -28 4 -4
9 0 8 -4 6 -10 -4 9 14 5 11 -8 -1 9 8 -6 13 -15 -14 19 -3 0 21 10 17 -3 6 -13 -10 -10 -8 -7 8 -14 0 -2 -7 9 8 5 5 0 -10 14 5 -12 9 0 27 5 -9 -13 6 -22 -14 -7 4 5 -5 6 4 -28 4 -4
9 0 8 -4 6 -10 -4 9 14 5 11 -8 -1 9 8 -6 13 -15 -14 19 -3 0 21 10 17 -3 6 -13 -10 -10 -8 -7 8 -14 0 -2 -7 9 8 5 5 0 -10 14 5 -12 9 0 27 5 -9 -13 6 -22 -14 -7 4 5 -5 6 4 -28 4 -4
9 0 8 -4 6 -10 -4 9 14 5 11 -8 -1 9 8 -6 13 -15 -14 19 -3 0 21 10 17 -3 6 -13 -10 -10 -8 -7 8 -14 0 -2 -7 9 8 5 5 0 -10 14 5 -12 9 0 27 5 -9 -13 6 -22 -14 -7 4 5 -5 6 4 -28 4 -4
9 0 8 -4 6 -10 -4 9 14 5 11 -8 -1 9 8 -6 13 -15 -14 19 -3 0 21 10 17 -3 6 -13 -10 -10 -8 -7 8 -14 0 -2 -7 9 8 5 5 0 -10 14 5 -12 9 0 27 5 -9 -13 6 -22 -14 -7 4 5 -5 6 4 -28 4 -4
9 0 8 -4 6 -10 -4 9 14 5 11 -8 -1 9 8 -6 13 -15 -14 19 -3 0 21 10 17 -3 6 -13 -10 -10 -8 -7 8 -14 0 -2 -7 9 8 5 5 0 -10 14 5 -12 9 0 27 5 -9 -13 6 -22 -14 -7 4 5 -5 6 4 -28 4 -4
9 0 8 -4 6 -10 -4 9 14 5 11 -8 -1 9 8 -6 13 -15 -14 19 -3 0 21 10 17 -3 6 -13 -10 -10 -8 -7 8 -14 0 -2 -7 9 8 5 5 0 -10 14 5 -12 9 0 27 5 -9 -13 6 -22 -14 -7 4 5 -5 6 4 -28 4 -4
9 0 8 -4 6 -10 -4 9 14 5 11 -8 -1 9 8 -6 13 -15 -14 19 -3 0 21 10 17 -3 6 -13 -10 -10 -8 -7 8 -14 0 -2 -7 9 8 5 5 0 -10 14 5 -12 9 0 27 5 -9 -13 6 -22 -14 -7 4 5 -5 6 4 -28 4 -4
9 0 8 -4 6 -10 -4 9 14 5 11 -8 -1 9 8 -6 13 -15 -14 19 -3 0 21 10 17 -3 6 -13 -10 -10 -8 -7 8 -14 0 -2 -7 9 8 5 5 0 -10 14 5 -12 9 0 27 5 -9 -13 6 -22 -14 -7 4 5 -5 6 4 -28 4 -4
9 0 8 -4 6 -10 -4 9 14 5 11 -8 -1 9 8 -6 13 -15 -14 19 -3 0 21 10 17 -3 6 -13 -10 -10 -8 -7 8 -14 0 -2 -7 9 8 5 5 0 -10 14 5 -12 9 0 27 5 -9 -13 6 -22 -14 -7 4 5 -5 6 4 -28 4 -4
9 0 8 -4 6 -10 -4 9 14 5 11 -8 -1 9 8 -6 13 -15 -14 19 -3 0 21 10 17 -3 6 -13 -10 -10 -8 -7 8 -14 0 -2 -7 9 8 5 5 0 -10 14 5 -12 9 0 27 5 -9 -13 6 -22 -14 -7 4 5 -5 6 4 -28 4 -4
9 0 8 -4 6 -10 -4 9 14 5 11 -8 -1 9 8 -6 13 -15 -14 19 -3 0 21 10 17 -3 6 -13 -10 -10 -8 -7 8 -14 0 -2 -7 9 8 5 5 0 -10 14 5 -12 9 0 27 5 -9 -13 6 -22 -14 -7 4 5 -5 6 4 -28 4 -4
9 0 8 -4 6 -10 -4 9 14 5 11 -8 -1 9 8 -6 13 -15 -14 19 -3 0 21 10 17 -3 6 -13 -10 -10 -8 -7 8 -14 0 -2 -7 9 8 5 5 0 -10 14 5 -12 9 0 27 5 -9 -13 6 -22 -14 -7 4 5 -5 6 4 -28 4 -4
9 0 8 -4 6 -10 -4 9 14 5 11 -8 -1 9 8 -6 13 -15 -14 19 -3 0 21 10 17 -3 6 -13 -10 -10 -8 -7 8 -14 0 -2 -7 9 8 5 5 0 -10 14 5 -12 9 0 27 5 -9 -13 6 -22 -14 -7 4 5 -5 6 4 -28 4 -4
9 0 8 -4 6 -10 -4 9 14 5 11 -8 -1 9 8 -6 13 -15 -14 19 -3 0 21 10 17 -3 6 -13 -10 -10 -8 -7 8 -14 0 -2 -7 9 8 5 5 0 -10 14 5 -12 9 0 27 5 -9 -13 6 -22 -14 -7 4 5 -5 6 4 -28 4 -4
9 0 8 -4 6 -10 -4 9 14 5 11 -8 -1 9 8 -6 13 -15 -14 19 -3 0 21 10 17 -3 6 -13 -10 -10 -8 -7 8 -14 0 -2 -7 9 8 5 5 0 -10 14 5 -12 9 0 27 5 -9 -13 6 -22 -14 -7 4 5 -5 6 4 -28 4 -4
9 0 8 -4 6 -10 -4 9 14 5 11 -8 -1 9 8 -6 13 -15 -14 19 -3 0 21 10 17 -3 6 -13 -10 -10 -8 -7 8 -14 0 -2 -7 9 8 5 5 0 -10 14 5 -12 9 0 27 5 -9 -13 6 -22 -14 -7 4 5 -5 6 4 -28 4 -4
9 0 8 -4 6 -10 -4 9 14 5 11 -8 -1 9 8 -6 13 -15 -14 19 -3 0 21 10 17 -3 6 -13 -10 -10 -8 -7 8 -14 0 -2 -7 9 8 5 5 0 -10 14 5 -12 9 0 27 5 -9 -13 6 -22 -14 -7 4 5 -5 6 4 -28 4 -4
9 0 8 -4 6 -10 -4 9 14 5 11 -8 -1 9 8 -6 13 -15 -14 19 -3 0 21 10 17 -3 6 -13 -10 -10 -8 -7 8 -14 0 -2 -7 9 8 5 5 0 -10 14 5 -12 9 0 27 5 -9 -13 6 -22 -14 -7 4 5 -5 6 4 -28 4 -4
9 0 8 -4 6 -10 -4 9 14 5 11 -8 -1 9 8 -6 13 -15 -14 19 -3 0 21 10 17 -3 6 -13 -10 -10 -8 -7 8 -14 0 -2 -7 9 8 5 5 0 -10 14 5 -12 9 0 27 5 -9 -13 6 -22 -14 -7 4 5 -5 6 4 -28 4 -4
9 0 8 -4 6 -10 -4 9 14 5 11 -8 -1 9 8 -6 13 -15 -14 19 -3 0 21 10 17 -3 6 -13 -10 -10 -8 -7 8 -14 0 -2 -7 9 8 5 5 0 -10 14 5 -12 9 0 27 5 -9 -13 6 -22 -14 -7 4 5 -5 6 4 -28 4 -4
9 0 8 -4 6 -10 -4 9 14 5 11 -8 -1 9 8 -6 13 -15 -14 19 -3 0 21 10 17 -3 6 -13 -10 -10 -8 -7 8 -14 0 -2 -7 9 8 5 5 0 -10 14 5 -12 9 0 27 5 -9 -13 6 -22 -14 -7 4 5 -5 6 4 -28 4 -4
9 0 8 -4 6 -10 -4 9 14 5 11 -8 -1 9 8 -6 13 -15 -14 19 -3 0 21 10 17 -3 6 -13 -10 -10 -8 -7 8 -14 0 -2 -7 9 8 5 5 0 -10 14 5 -12 9 0 27 5 -9 -13 6 -22 -14 -7 4 5 -5 6 4 -28 4 -4
9 0 8 -4 6 -10 -4 9 14 5 11 -8 -1 9 8 -6 13 -15 -14 19 -3 0 21 10 17 -3 6 -13 -10 -10 -8 -7 8 -14 0 -2 -7 9 8 5 5 0 -10 14 5 -12 9 0 27 5 -9 -13 6 -22 -14 -7 4 5 -5 6 4 -28 4 -4
9 0 8 -4 6 -10 -4 9 14 5 11 -8 -1 9 8 -6 13 -15 -14 19 -3 0 21 10 17 -3 6 -13 -10 -10 -8 -7 8 -14 0 -2 -7 9 8 5 5 0 -10 14 5 -12 9 0 27 5 -9 -13 6 -22 -14 -7 4 5 -5 6 4 -28 4 -4
9 0 8 -4 6 -10 -4 9 14 5 11 -8 -1 9 8 -6 13 -15 -14 19 -3 0 21 10 17 -3 6 -13 -10 -10 -8 -7 8 -14 0 -2 -7 9 8 5 5 0 -10 14 5 -12 9 0 27 5 -9 -13 6 -22 -14 -7 4 5 -5 6 4 -28 4 -4
9 0 8 -4 6 -10 -4 9 14 5 11 -8 -1 9 8 -6 13 -15 -14 19 -3 0 21 10 17 -3 6 -13 -10 -10 -8 -7 8 -14 0 -2 -7 9 8 5 5 0 -10 14 5 -12 9 0 27 5 -9 -13 6 -22 -14 -7 4 5 -5 6 4 -28 4 -4
9 0 8 -4 6 -10 -4 9 14 5 11 -8 -1 9 8 -6 13 -15 -14 19 -3 0 21 10 17 -3 6 -13 -10 -10 -8 -7 8 -14 0 -2 -7 9 8 5 5 0 -10 14 5 -12 9 0 27 5 -9 -13 6 -22 -14 -7 4 5 -5 6 4 -28 4 -4
9 0 8 -4 6 -10 -4 9 14 5 11 -8 -1 9 8 -6 13 -15 -14 19 -3 0 21 10 17 -3 6 -13 -10 -10 -8 -7 8 -14 0 -2 -7 9 8 5 5 0 -10 14 5 -12 9 0 27 5 -9 -13 6 -22 -14 -7 4 5 -5 6 4 -28 4 -4
9 0 8 -4 6 -10 -4 9 14 5 11 -8 -1 9 8 -6 13 -15 -14 19 -3 0 21 10 17 -3 6 -13 -10 -10 -8 -7 8 -14 0 -2 -7 9 8 5 5 0 -10 14 5 -12 9 0 27 5 -9 -13 6 -22 -14 -7 4 5 -5 6 4 -28 4 -4
9 0 8 -4 6 -10 -4 9 14 5 11 -8 -1 9 8 -6 13 -15 -14 19 -3 0 21 10 17 -3 6 -13 -10 -10 -8 -7 8 -14 0 -2 -7 9 8 5 5 0 -10 14 5 -12 9 0 27 5 -9 -13 6 -22 -14 -7 4 5 -5 6 4 -28 4 -4
9 0 8 -4 6 -10 -4 9 14 5 11 -8 -1 9 8 -6 13 -15 -14 19 -3 0 21 10 17 -3 6 -13 -10 -10 -8 -7 8 -14 0 -2 -7 9 8 5 5 0 -10 14 5 -12 9 0 27 5 -9 -13 6 -22 -14 -7 4 5 -5 6 4 -28 4 -4
9 0 8 -4 6 -10 -4 9 14 5 11 -8 -1 9 8 -6 13 -15 -14 19 -3 0 21 10 17 -3 6 -13 -10 -10 -8 -7 8 -14 0 -2 -7 9 8 5 5 0 -10 14 5 -12 9 0 27 5 -9 -13 6 -22 -14 -7 4 5 -5 6 4 -28 4 -4
9 0 8 -4 6 -10 -4 9 14 5 11 -8 -1 9 8 -6 13 -15 -14 19 -3 0 21 10 17 -3 6 -13 -10 -10 -8 -7 8 -14 0 -2 -7 9 8 5 5 0 -10 14 5 -12 9 0 27 5 -9 -13 6 -22 -14 -7 4 5 -5 6 4 -28 4 -4
9 0 8 -4 6 -10 -4 9 14 5 11 -8 -1 9 8 -6 13 -15 -14 19 -3 0 21 10 17 -3 6 -13 -10 -10 -8 -7 8 -14 0 -2 -7 9 8 5 5 0 -10 14 5 -12 9 0 27 5 -9 -13 6 -22 -14 -7 4 5 -5 6 4 -28 4 -4
9 0 8 -4 6 -10 -4 9 14 5 11 -8 -1 9 8 -6 13 -15 -14 19 -3 0 21 10 17 -3 6 -13 -10 -10 -8 -7 8 -14 0 -2 -7 9 8 5 5 0 -10 14 5 -12 9 0 27 5 -9 -13 6 -22 -14 -7 4 5 -5 6 4 -28 4 -4
9 0 8 -4 6 -10 -4 9 14 5 11 -8 -1 9 8 -6 13 -15 -14 19 -3 0 21 10 17 -3 6 -13 -10 -10 -8 -7 8 -14 0 -2 -7 9 8 5 5 0 -10 14 5 -12 9 0 27 5 -9 -13 6 -22 -14 -7 4 5 -5 6 4 -28 4 -4
9 0 8 -4 6 -10 -4 9 14 5 11 -8 -1 9 8 -6 13 -15 -14 19 -3 0 21 10 17 -3 6 -13 -10 -10 -8 -7 8 -14 0 -2 -7 9 8 5 5 0 -10 14 5 -12 9 0 27 5 -9 -13 6 -22 -14 -7 4 5 -5 6 4 -28 4 -4
9 0 8 -4 6 -10 -4 9 14 5 11 -8 -1 9 8 -6 13 -15 -14 19 -3 0 21 10 17 -3 6 -13 -10 -10 -8 -7 8 -14 0 -2 -7 9 8 5 5 0 -10 14 5 -12 9 0 27 5 -9 -13 6 -22 -14 -7 4 5 -5 6 4 -28 4 -4
9 0 8 -4 6 -10 -4 9 14 5 11 -8 -1 9 8 -6 13 -15 -14 19 -3 0 21 10 17 -3 6 -13 -10 -10 -8 -7 8 -14 0 -2 -7 9 8 5 5 0 -10 14 5 -12 9 0 27 5 -9 -13 6 -22 -14 -7 4 5 -5 6 4 -28 4 -4
9 0 8 -4 6 -10 -4 9 14 5 11 -8 -1 9 8 -6 13 -15 -14 19 -3 0 21 10 17 -3 6 -13 -10 -10 -8 -7 8 -14 0 -2 -7 9 8 5 5 0 -10 14 5 -12 9 0 27 5 -9 -13 6 -22 -14 -7 4 5 -5 6 4 -28 4 -4
9 0 8 -4 6 -10 -4 9 14 5 11 -8 -1 9 8 -6 13 -15 -14 19 -3 0 21 10 17 -3 6 -13 -10 -10 -8 -7 8 -14 0 -2 -7 9 8 5 5 0 -10 14 5 -12 9 0 27 5 -9 -13 6 -22 -14 -7 4 5 -5 6 4 -28 4 -4
9 0 8 -4 6 -10 -4 9 14 5 11 -8 -1 9 8 -6 13 -15 -14 19 -3 0 21 10 17 -3 6 -13 -10 -10 -8 -7 8 -14 0 -2 -7 9 8 5 5 0 -10 14 5 -12 9 0 27 5 -9 -13 6 -22 -14 -7 4 5 -5 6 4 -28 4 -4
9 0 8 -4 6 -10 -4 9 14 5 11 -8 -1 9 8 -6 13 -15 -14 19 -3 0 21 10 17 -3 6 -13 -10 -10 -8 -7 8 -14 0 -2 -7 9 8 5 5 0 -10 14 5 -12 9 0 27 5 -9 -13 6 -22 -14 -7 4 5 -5 6 4 -28 4 -4
9 0 8 -4 6 -10 -4 9 14 5 11 -8 -1 9 8 -6 13 -15 -14 19 -3 0 21 10 17 -3 6 -13 -10 -10 -8 -7 8 -14 0 -2 -7 9 8 5 5 0 -10 14 5 -12 9 0 27 5 -9 -13 6 -22 -14 -7 4 5 -5 6 4 -28 4 -4
9 0 8 -4 6 -10 -4 9 14 5 11 -8 -1 9 8 -6 13 -15 -14 19 -3 0 21 10 17 -3 6 -13 -10 -10 -8 -7 8 -14 0 -2 -7 9 8 5 5 0 -10 14 5 -12 9 0 27 5 -9 -13 6 -22 -14 -7 4 5 -5 6 4 -28 4 -4
9 0 8 -4 6 -10 -4 9 14 5 11 -8 -1 9 8 -6 13 -15 -14 19 -3 0 21 10 17 -3 6 -13 -10 -10 -8 -7 8 -14 0 -2 -7 9 8 5 5 0 -10 14 5 -12 9 0 27 5 -9 -13 6 -22 -14 -7 4 5 -5 6 4 -28 4 -4
9 0 8 -4 6 -10 -4 9 14 5 11 -8 -1 9 8 -6 13 -15 -14 19 -3 0 21 10 17 -3 6 -13 -10 -10 -8 -7 8 -14 0 -2 -7 9 8 5 5 0 -10 14 5 -12 9 0 27 5 -9 -13 6 -22 -14 -7 4 5 -5 6 4 -28 4 -4
9 0 8 -4 6 -10 -4 9 14 5 11 -8 -1 9 8 -6 13 -15 -14 19 -3 0 21 10 17 -3 6 -13 -10 -10 -8 -7 8 -14 0 -2 -7 9 8 5 5 0 -10 14 5 -12 9 0 27 5 -9 -13 6 -22 -14 -7 4 5 -5 6 4 -28 4 -4
9 0 8 -4 6 -10 -4 9 14 5 11 -8 -1 9 8 -6 13 -15 -14 19 -3 0 21 10 17 -3 6 -13 -10 -10 -8 -7 8 -14 0 -2 -7 9 8 5 5 0 -10 14 5 -12 9 0 27 5 -9 -13 6 -22 -14 -7 4 5 -5 6 4 -28 4 -4
9 0 8 -4 6 -10 -4 9 14 5 11 -8 -1 9 8 -6 13 -15 -14 19 -3 0 21 10 17 -3 6 -13 -10 -10 -8 -7 8 -14 0 -2 -7 9 8 5 5 0 -10 14 5 -12 9 0 27 5 -9 -13 6 -22 -14 -7 4 5 -5 6 4 -28 4 -4
9 0 8 -4 6 -10 -4 9 14 5 11 -8 -1 9 8 -6 13 -15 -14 19 -3 0 21 10 17 -3 6 -13 -10 -10 -8 -7 8 -14 0 -2 -7 9 8 5 5 0 -10 14 5 -12 9 0 27 5 -9 -13 6 -22 -14 -7 4 5 -5 6 4 -28 4 -4
9 0 8 -4 6 -10 -4 9 14 5 11 -8 -1 9 8 -6 13 -15 -14 19 -3 0 21 10 17 -3 6 -13 -10 -10 -8 -7 8 -14 0 -2 -7 9 8 5 5 0 -10 14 5 -12 9 0 27 5 -9 -13 6 -22 -14 -7 4 5 -5 6 4 -28 4 -4
9 0 8 -4 6 -10 -4 9 14 5 11 -8 -1 9 8 -6 13 -15 -14 19 -3 0 21 10 17 -3 6 -13 -10 -10 -8 -7 8 -14 0 -2 -7 9 8 5 5 0 -10 14 5 -12 9 0 27 5 -9 -13 6 -22 -14 -7 4 5 -5 6 4 -28 4 -4
9 0 8 -4 6 -10 -4 9 14 5 11 -8 -1 9 8 -6 13 -15 -14 19 -3 0 21 10 17 -3 6 -13 -10 -10 -8 -7 8 -14 0 -2 -7 9 8 5 5 0 -10 14 5 -12 9 0 27 5 -9 -13 6 -22 -14 -7 4 5 -5 6 4 -28 4 -4
9 0 8 -4 6 -10 -4 9 14 5 11 -8 -1 9 8 -6 13 -15 -14 19 -3 0 21 10 17 -3 6 -13 -10 -10 -8 -7 8 -14 0 -2 -7 9 8 5 5 0 -10 14 5 -12 9 0 27 5 -9 -13 6 -22 -14 -7 4 5 -5 6 4 -28 4 -4
9 0 8 -4 6 -10 -4 9 14 5 11 -8 -1 9 8 -6 13 -15 -14 19 -3 0 21 10 17 -3 6 -13 -10 -10 -8 -7 8 -14 0 -2 -7 9 8 5 5 0 -10 14 5 -12 9 0 27 5 -9 -13 6 -22 -14 -7 4 5 -5 6 4 -28 4 -4
9 0 8 -4 6 -10 -4 9 14 5 11 -8 -1 9 8 -6 13 -15 -14 19 -3 0 21 10 17 -3 6 -13 -10 -10 -8 -7 8 -14 0 -2 -7 9 8 5 5 0 -10 14 5 -12 9 0 27 5 -9 -13 6 -22 -14 -7 4 5 -5 6 4 -28 4 -4
9 0 8 -4 6 -10 -4 9 14 5 11 -8 -1 9 8 -6 13 -15 -14 19 -3 0 21 10 17 -3 6 -13 -10 -10 -8 -7 8 -14 0 -2 -7 9 8 5 5 0 -10 14 5 -12 9 0 27 5 -9 -13 6 -22 -14 -7 4 5 -5 6 4 -28 4 -4
9 0 8 -4 6 -10 -4 9 14 5 11 -8 -1 9 8 -6 13 -15 -14 19 -3 0 21 10 17 -3 6 -13 -10 -10 -8 -7 8 -14 0 -2 -7 9 8 5 5 0 -10 14 5 -12 9 0 27 5 -9 -13 6 -22 -14 -7 4 5 -5 6 4 -28 4 -4
9 0 8 -4 6 -10 -4 9 14 5 11 -8 -1 9 8 -6 13 -15 -14 19 -3 0 21 10 17 -3 6 -13 -10 -10 -8 -7 8 -14 0 -2 -7 9 8 5 5 0 -10 14 5 -12 9 0 27 5 -9 -13 6 -22 -14 -7 4 5 -5 6 4 -28 4 -4
9 0 8 -4 6 -10 -4 9 14 5 11 -8 -1 9 8 -6 13 -15 -14 19 -3 0 21 10 17 -3 6 -13 -10 -10 -8 -7 8 -14 0 -2 -7 9 8 5 5 0 -10 14 5 -12 9 0 27 5 -9 -13 6 -22 -14 -7 4 5 -5 6 4 -28 4 -4
9 0 8 -4 6 -10 -4 9 14 5 11 -8 -1 9 8 -6 13 -15 -14 19 -3 0 21 10 17 -3 6 -13 -10 -10 -8 -7 8 -14 0 -2 -7 9 8 5 5 0 -10 14 5 -12 9 0 27 5 -9 -13 6 -22 -14 -7 4 5 -5 6 4 -28 4 -4
9 0 8 -4 6 -10 -4 9 14 5 11 -8 -1 9 8 -6 13 -15 -14 19 -3 0 21 10 17 -3 6 -13 -10 -10 -8 -7 8 -14 0 -2 -7 9 8 5 5 0 -10 14 5 -12 9 0 27 5 -9 -13 6 -22 -14 -7 4 5 -5 6 4 -28 4 -4
9 0 8 -4 6 -10 -4 9 14 5 11 -8 -1 9 8 -6 13 -15 -14 19 -3 0 21 10 17 -3 6 -13 -10 -10 -8 -7 8 -14 0 -2 -7 9 8 5 5 0 -10 14 5 -12 9 0 27 5 -9 -13 6 -22 -14 -7 4 5 -5 6 4 -28 4 -4
9 0 8 -4 6 -10 -4 9 14 5 11 -8 -1 9 8 -6 13 -15 -14 19 -3 0 21 10 17 -3 6 -13 -10 -10 -8 -7 8 -14 0 -2 -7 9 8 5 5 0 -10 14 5 -12 9 0 27 5 -9 -13 6 -22 -14 -7 4 5 -5 6 4 -28 4 -4
9 0 8 -4 6 -10 -4 9 14 5 11 -8 -1 9 8 -6 13 -15 -14 19 -3 0 21 10 17 -3 6 -13 -10 -10 -8 -7 8 -14 0 -2 -7 9 8 5 5 0 -10 14 5 -12 9 0 27 5 -9 -13 6 -22 -14 -7 4 5 -5 6 4 -28 4 -4
9 0 8 -4 6 -10 -4 9 14 5 11 -8 -1 9 8 -6 13 -15 -14 19 -3 0 21 10 17 -3 6 -13 -10 -10 -8 -7 8 -14 0 -2 -7 9 8 5 5 0 -10 14 5 -12 9 0 27 5 -9 -13 6 -22 -14 -7 4 5 -5 6 4 -28 4 -4
9 0 8 -4 6 -10 -4 9 14 5 11 -8 -1 9 8 -6 13 -15 -14 19 -3 0 21 10 17 -3 6 -13 -10 -10 -8 -7 8 -14 0 -2 -7 9 8 5 5 0 -10 14 5 -12 9 0 27 5 -9 -13 6 -22 -14 -7 4 5 -5 6 4 -28 4 -4
9 0 8 -4 6 -10 -4 9 14 5 11 -8 -1 9 8 -6 13 -15 -14 19 -3 0 21 10 17 -3 6 -13 -10 -10 -8 -7 8 -14 0 -2 -7 9 8 5 5 0 -10 14 5 -12 9 0 27 5 -9 -13 6 -22 -14 -7 4 5 -5 6 4 -28 4 -4
9 0 8 -4 6 -10 -4 9 14 5 11 -8 -1 9 8 -6 13 -15 -14 19 -3 0 21 10 17 -3 6 -13 -10 -10 -8 -7 8 -14 0 -2 -7 9 8 5 5 0 -10 14 5 -12 9 0 27 5 -9 -13 6 -22 -14 -7 4 5 -5 6 4 -28 4 -4
9 0 8 -4 6 -10 -4 9 14 5 11 -8 -1 9 8 -6 13 -15 -14 19 -3 0 21 10 17 -3 6 -13 -10 -10 -8 -7 8 -14 0 -2 -7 9 8 5 5 0 -10 14 5 -12 9 0 27 5 -9 -13 6 -22 -14 -7 4 5 -5 6 4 -28 4 -4
9 0 8 -4 6 -10 -4 9 14 5 11 -8 -1 9 8 -6 13 -15 -14 19 -3 0 21 10 17 -3 6 -13 -10 -10 -8 -7 8 -14 0 -2 -7 9 8 5 5 0 -10 14 5 -12 9 0 27 5 -9 -13 6 -22 -14 -7 4 5 -5 6 4 -28 4 -4
9 0 8 -4 6 -10 -4 9 14 5 11 -8 -1 9 8 -6 13 -15 -14 19 -3 0 21 10 17 -3 6 -13 -10 -10 -8 -7 8 -14 0 -2 -7 9 8 5 5 0 -10 14 5 -12 9 0 27 5 -9 -13 6 -22 -14 -7 4 5 -5 6 4 -28 4 -4
9 0 8 -4 6 -10 -4 9 14 5 11 -8 -1 9 8 -6 13 -15 -14 19 -3 0 21 10 17 -3 6 -13 -10 -10 -8 -7 8 -14 0 -2 -7 9 8 5 5 0 -10 14 5 -12 9 0 27 5 -9 -13 6 -22 -14 -7 4 5 -5 6 4 -28 4 -4
9 0 8 -4 6 -10 -4 9 14 5 11 -8 -1 9 8 -6 13 -15 -14 19 -3 0 21 10 17 -3 6 -13 -10 -10 -8 -7 8 -14 0 -2 -7 9 8 5 5 0 -10 14 5 -12 9 0 27 5 -9 -13 6 -22 -14 -7 4 5 -5 6 4 -28 4 -4
9 0 8 -4 6 -10 -4 9 14 5 11 -8 -1 9 8 -6 13 -15 -14 19 -3 0 21 10 17 -3 6 -13 -10 -10 -8 -7 8 -14 0 -2 -7 9 8 5 5 0 -10 14 5 -12 9 0 27 5 -9 -13 6 -22 -14 -7 4 5 -5 6 4 -28 4 -4
9 0 8 -4 6 -10 -4 9 14 5 11 -8 -1 9 8 -6 13 -15 -14 19 -3 0 21 10 17 -3 6 -13 -10 -10 -8 -7 8 -14 0 -2 -7 9 8 5 5 0 -10 14 5 -12 9 0 27 5 -9 -13 6 -22 -14 -7 4 5 -5 6 4 -28 4 -4
9 0 8 -4 6 -10 -4 9 14 5 11 -8 -1 9 8 -6 13 -15 -14 19 -3 0 21 10 17 -3 6 -13 -10 -10 -8 -7 8 -14 0 -2 -7 9 8 5 5 0 -10 14 5 -12 9 0 27 5 -9 -13 6 -22 -14 -7 4 5 -5 6 4 -28 4 -4
9 0 8 -4 6 -10 -4 9 14 5 11 -8 -1 9 8 -6 13 -15 -14 19 -3 0 21 10 17 -3 6 -13 -10 -10 -8 -7 8 -14 0 -2 -7 9 8 5 5 0 -10 14 5 -12 9 0 27 5 -9 -13 6 -22 -14 -7 4 5 -5 6 4 -28 4 -4
9 0 8 -4 6 -10 -4 9 14 5 11 -8 -1 9 8 -6 13 -15 -14 19 -3 0 21 10 17 -3 6 -13 -10 -10 -8 -7 8 -14 0 -2 -7 9 8 5 5 0 -10 14 5 -12 9 0 27 5 -9 -13 6 -22 -14 -7 4 5 -5 6 4 -28 4 -4
9 0 8 -4 6 -10 -4 9 14 5 11 -8 -1 9 8 -6 13 -15 -14 19 -3 0 21 10 17 -3 6 -13 -10 -10 -8 -7 8 -14 0 -2 -7 9 8 5 5 0 -10 14 5 -12 9 0 27 5 -9 -13 6 -22 -14 -7 4 5 -5 6 4 -28 4 -4
9 0 8 -4 6 -10 -4 9 14 5 11 -8 -1 9 8 -6 13 -15 -14 19 -3 0 21 10 17 -3 6 -13 -10 -10 -8 -7 8 -14 0 -2 -7 9 8 5 5 0 -10 14 5 -12 9 0 27 5 -9 -13 6 -22 -14 -7 4 5 -5 6 4 -28 4 -4
9 0 8 -4 6 -10 -4 9 14 5 11 -8 -1 9 8 -6 13 -15 -14 19 -3 0 21 10 17 -3 6 -13 -10 -10 -8 -7 8 -14 0 -2 -7 9 8 5 5 0 -10 14 5 -12 9 0 27 5 -9 -13 6 -22 -14 -7 4 5 -5 6 4 -28 4 -4
9 0 8 -4 6 -10 -4 9 14 5 11 -8 -1 9 8 -6 13 -15 -14 19 -3 0 21 10 17 -3 6 -13 -10 -10 -8 -7 8 -14 0 -2 -7 9 8 5 5 0 -10 14 5 -12 9 0 27 5 -9 -13 6 -22 -14 -7 4 5 -5 6 4 -28 4 -4
9 0 8 -4 6 -10 -4 9 14 5 11 -8 -1 9 8 -6 13 -15 -14 19 -3 0 21 10 17 -3 6 -13 -10 -10 -8 -7 8 -14 0 -2 -7 9 8 5 5 0 -10 14 5 -12 9 0 27 5 -9 -13 6 -22 -14 -7 4 5 -5 6 4 -28 4 -4
