-2 109 -8 -8 4 -2 9 -2 8 1 -11 -6 -1 -2 15 5 -10 -3 2 2 -3 -67 2 -5 8 -21 2 -10 11 2 -6 -8 -4 -2 -12 4 0 3 -1 -8 2 1 13 5 5 1 5 4 18 -11 -14 -15 8 3 2 -11 -3 -1 1 -2 20 4 7 4
17 67 -4 1 -15 -15 -11 2 12 9 1 22 -17 24 7 -3 -1 17 -2 -4 -21 12 -17 -5 -3 7 -9 -1 23 0 4 -25 -2 3 4 24 -6 -2 1 20 -14 -4 -2 -7 15 -20 6 -12 -7 -10 -8 -6 26 16 -8 -41 8 6 29 0 12 23 -10 -2
16 71 2 18 -24 -12 -22 17 0 0 6 39 -19 -5 12 -13 32 17 -4 -6 -8 -6 -5 4 -16 4 -20 5 14 -2 14 -28 5 11 -3 7 9 -7 1 44 -12 -7 6 17 5 -18 2 -3 -3 1 -18 10 29 17 -10 -26 6 28 29 8 7 6 6 -15
8 44 -33 -8 -3 0 -11 19 1 9 14 2 -8 -6 37 4 13 -8 -4 -2 -25 -2 8 4 -18 -10 -4 -16 19 0 -9 -7 -7 8 14 5 -2 4 -4 17 16 -2 5 4 13 -14 14 -20 11 -8 -13 -2 35 3 5 -18 2 9 2 -7 3 -15 11 -8
23 45 -25 -9 -13 3 -5 -10 5 13 -9 1 3 3 -6 -14 15 -11 25 -14 -19 2 -1 -12 7 -24 -6 6 12 3 5 -20 -11 -2 -1 16 2 -4 -15 7 31 10 5 -2 2 -21 3 7 -3 5 -21 -8 15 -5 3 -19 3 3 8 -9 16 15 5 -11
11 55 -18 0 -6 -10 -12 -11 -11 8 -2 16 -8 16 -5 -5 1 12 36 -17 -23 -5 -17 -4 -6 -5 -8 7 21 10 20 -2 9 4 8 3 27 -2 -4 25 1 4 2 -4 8 -22 10 2 -15 3 1 7 18 2 -17 -22 0 7 10 -1 29 10 -8 -33
7 48 -10 -16 8 -10 -4 -1 -5 26 5 -8 -7 -3 6 -8 18 -2 -1 -6 -18 -6 -2 -20 3 -30 -5 10 14 -11 7 -2 7 14 1 1 17 0 0 16 15 5 12 1 24 -11 -9 0 11 3 0 -9 38 12 -4 -21 17 0 5 -18 6 4 0 -5
15 54 -19 -8 -7 -21 -9 6 -3 17 3 3 -6 14 0 3 19 -6 6 -25 -18 -8 -6 -6 -7 14 -9 14 15 13 17 7 5 18 31 -12 16 -3 -3 20 -19 2 31 -7 17 -23 3 -7 6 -9 2 -1 5 7 -22 -32 12 24 12 -5 3 6 -9 -21
9 53 -16 -8 7 1 -11 -10 -9 6 10 18 7 -3 2 -10 3 -15 15 -11 -15 1 -7 -12 -3 4 2 5 4 -10 12 -5 5 12 28 21 13 13 4 15 21 -14 7 8 -8 -20 9 12 11 -6 -9 12 17 3 7 -32 20 14 13 -12 0 13 -4 -16
-7 43 -24 -11 4 2 2 7 -9 -1 13 13 -4 -10 18 13 8 15 5 7 -13 -5 -11 -7 -8 -18 -7 -16 40 0 -18 8 -17 13 15 4 3 2 0 22 7 -5 21 -13 -5 -10 -15 1 -6 0 -22 -6 14 4 -4 -21 10 11 7 15 -4 9 -8 1
3 53 -11 -27 -3 4 -5 7 0 7 12 5 0 9 -5 -1 17 -5 13 -11 11 6 0 -12 -10 -3 12 -1 22 -6 12 -21 1 12 16 10 7 4 -1 23 19 -15 8 10 3 -19 3 7 -17 -2 -22 7 19 4 9 -12 18 20 15 -8 -10 23 -3 -2
16 59 -24 5 -20 -11 -14 -5 -7 14 -8 35 -13 -4 -15 7 22 3 -6 -8 -13 1 0 -10 -11 10 -16 10 25 10 49 12 27 23 21 -8 19 -8 6 28 -3 -6 -2 -1 18 0 2 3 10 2 -1 10 34 1 3 -15 26 9 25 7 -1 9 -23 -15
6 35 -28 10 -7 -6 -16 6 1 10 5 5 -6 -16 19 4 11 1 -6 4 -24 1 3 5 -27 -13 -3 -9 30 8 -9 -8 -4 10 12 10 2 6 -5 16 6 10 11 -8 5 -20 18 -16 19 1 -15 -12 35 7 1 -1 3 11 9 -13 4 -6 14 0
19 57 -10 18 -11 -21 -15 -11 0 12 -4 1 -3 11 0 7 12 13 25 -19 -13 -6 -10 -7 -13 14 -11 -5 6 19 0 -3 -7 15 31 -1 16 -1 7 24 -16 11 25 4 5 -23 7 -3 10 -5 -7 11 16 10 -21 -22 3 17 26 -3 7 11 -5 -15
4 39 -12 10 -10 -3 -1 5 3 6 8 21 -9 -5 8 12 2 8 5 -5 -20 1 -26 -17 3 -12 -12 -6 39 7 0 8 -13 1 16 7 -1 -5 4 8 -10 -2 26 -10 -13 -14 0 0 0 2 -5 -17 18 -2 -8 -23 1 9 24 3 -10 13 -9 -14
-2 41 -10 5 -10 -7 -3 12 4 1 -1 4 -10 -1 1 22 7 -13 7 -4 -20 4 8 -8 -3 -14 -9 1 32 9 -1 -10 3 -12 10 15 -8 -3 5 6 -12 -5 17 -3 6 -24 9 -17 -4 -4 0 -12 10 0 -6 -20 -18 9 20 -12 -7 11 4 -18
12 38 -17 9 -10 5 -4 19 2 10 -1 -5 -18 0 3 4 -11 -18 5 -15 8 6 0 -28 -28 -3 -21 10 9 15 2 2 -9 0 -4 -3 -5 -1 -9 25 10 -6 16 9 -2 -16 -5 -17 16 -5 -13 12 36 -2 -21 -9 -8 0 14 -8 -3 35 -4 -10
-4 30 -15 -20 4 1 18 12 3 2 -12 -8 7 1 20 8 -2 -11 -1 -5 12 4 11 -14 4 -20 -4 -4 50 3 -10 -2 -19 13 -3 0 6 2 -4 30 17 -7 12 -2 5 -4 -1 -29 4 -9 14 -23 21 8 -9 -7 -13 3 15 -13 -11 18 33 -18
8 50 2 6 -12 -8 -16 10 -4 11 9 7 -19 -6 -18 2 8 -15 3 -10 -2 1 -2 -13 -21 13 -26 17 12 19 19 7 -4 4 3 -16 4 6 13 29 -15 2 5 -10 -3 -20 -1 -27 2 -1 -1 17 20 6 -23 -20 1 4 18 3 7 27 -7 -31
10 54 -15 0 2 -9 -10 -3 -2 29 11 7 -10 9 -1 6 14 -8 -7 -20 -17 -10 -4 -7 -27 8 -12 -3 11 22 -6 -2 6 11 4 -12 12 11 -6 18 -7 0 17 3 2 -9 2 -19 13 -6 -14 -1 17 4 -17 -21 -10 8 26 -3 2 23 0 -16
7 58 -30 -5 2 -13 -1 -8 1 33 10 15 -17 12 -10 -3 5 -6 -3 -5 -9 -6 -6 -14 -32 12 -14 8 21 7 14 0 9 6 4 -22 21 -2 -23 25 -7 -7 9 -1 10 -13 8 -13 0 -1 -8 -19 25 12 -23 -27 15 17 17 4 0 17 -7 -25
22 64 -4 -10 -7 0 -2 5 -9 16 -4 10 3 13 7 -3 10 5 -2 0 -31 -9 -20 0 6 -21 2 5 21 1 -23 -31 -23 11 1 2 9 5 -9 28 -11 -5 9 -11 16 -2 -7 -5 -9 11 -2 -5 6 16 0 -23 5 16 16 1 -8 -1 -2 -4
10 100 -15 -2 -2 1 -23 -2 -5 13 9 32 -17 -4 -13 -8 4 9 4 -15 -18 -10 -9 -18 5 -6 -10 9 19 5 15 -1 1 3 12 9 9 3 14 37 -5 -3 -8 -4 12 -5 -3 -7 -21 -11 6 9 36 6 -15 -19 27 13 19 3 -11 12 -10 -13
19 84 -5 -15 1 2 -29 6 -1 1 7 15 4 -8 -6 3 4 -14 0 -11 -26 -6 -12 -15 -11 -19 -12 5 16 6 -9 -10 -14 2 7 13 24 -3 -8 34 -14 8 0 5 8 -4 -6 1 -6 -12 0 12 20 6 -16 -19 15 6 24 12 -2 7 -15 -7
29 76 5 -6 -29 -8 -14 -2 -7 6 12 22 -2 9 -3 -2 9 9 7 0 -19 -1 -3 -12 -17 -5 -10 20 32 0 24 -21 -15 3 16 3 7 -10 -6 24 -31 9 7 6 -1 -7 2 -7 -10 -6 12 5 39 29 -7 -49 12 5 23 13 -1 7 -1 -22
18 49 -23 -1 -7 -1 -13 16 -4 13 5 12 -5 -9 29 4 12 -13 -5 4 -29 -2 8 4 -17 -1 -1 -6 19 0 -8 -8 -4 8 12 0 7 -6 -9 8 1 2 15 9 14 -18 13 -10 10 0 -14 -8 31 1 4 -22 -3 4 1 -11 11 -12 8 3
22 42 -30 -5 -16 0 1 -7 2 15 -11 -1 6 4 -13 -14 14 -6 29 -16 -25 1 4 -8 5 -23 -12 3 16 1 7 -18 -7 2 0 14 9 -7 -15 6 27 10 6 -3 9 -20 9 6 -3 12 -24 -9 12 -7 -2 -16 4 1 3 -9 15 16 6 -17
10 51 -21 3 -9 -6 -8 -8 -15 14 -8 10 -12 20 -4 -4 2 14 32 -14 -18 -6 -14 -4 -5 -8 1 7 15 9 16 -8 10 8 7 1 28 1 -5 21 -9 8 -7 -2 9 -26 14 2 -12 6 -4 5 10 3 -17 -16 -3 6 5 4 36 5 -4 -31
6 47 -13 -13 2 -12 -7 -3 -3 35 1 -9 -10 -8 4 -8 14 1 -5 -5 -20 -4 -5 -16 7 -17 1 11 5 -5 10 -8 11 18 4 2 18 -2 1 17 6 2 10 7 25 -14 -7 -3 5 13 1 -7 36 14 -5 -27 14 -5 2 -14 13 2 0 -12
17 59 -14 -8 -12 -17 -2 -2 -12 24 2 5 -8 16 1 7 23 -2 11 -23 -19 -10 -7 -1 -1 16 -4 14 16 13 13 1 4 22 27 -14 19 -2 -4 20 -13 6 28 2 17 -25 5 -4 2 0 -3 1 11 5 -16 -27 8 19 8 -9 9 -2 -10 -22
7 55 -16 -9 11 -4 -15 -9 -6 15 13 21 4 2 2 0 7 -10 7 -11 -14 3 -8 -10 7 0 12 4 9 -9 16 2 4 10 26 20 16 11 9 24 16 -11 8 4 0 -17 10 9 3 -2 -11 6 19 -3 4 -39 19 3 14 -15 7 3 4 -20
-12 51 -15 -32 8 -1 -4 2 -7 10 8 2 -6 2 -13 -5 22 2 7 -1 11 5 -6 -12 -9 1 21 -7 20 -11 8 -18 0 20 13 1 16 -3 -6 24 24 -4 3 7 7 -9 5 16 -23 -6 -17 20 23 3 3 -9 26 21 15 -11 -2 30 -2 3
11 60 -13 4 -13 -9 -16 -5 -1 21 -14 39 -9 -9 -15 5 23 12 -9 -6 -14 5 1 -15 -9 13 -6 16 25 7 53 -1 29 27 20 -8 21 -6 13 28 -1 -4 -3 3 20 1 2 8 10 2 0 14 36 -5 3 -24 21 13 24 3 -10 13 -21 -15
1 64 -4 25 -16 -14 -19 21 -10 18 0 -2 -6 -6 2 2 5 1 7 7 -18 3 7 11 -27 -2 -10 9 32 -4 7 -4 11 -5 18 0 -6 2 -18 3 -16 -5 14 -1 -9 -5 4 -13 1 -1 -12 13 20 18 -10 -27 -19 6 19 14 24 11 2 -11
14 41 -18 -1 -10 2 -6 18 -4 16 -4 -3 -17 3 -6 4 -6 -13 6 -17 10 11 -3 -27 -23 2 -18 11 8 17 4 8 -5 11 2 -5 -5 0 -8 28 8 0 15 6 1 -19 -11 -18 15 -4 -10 7 42 -2 -13 -10 -3 0 10 -8 -4 34 -3 -11
7 30 -9 -15 5 -2 24 12 -1 4 -15 -5 11 2 14 3 -7 -5 -2 -10 11 7 12 -8 6 -21 5 -1 48 10 -3 3 -14 18 3 -2 11 -1 -7 25 12 -3 13 1 7 -6 1 -18 9 -4 18 -19 22 4 -6 -4 -11 1 12 -14 -6 19 34 -16
7 56 -1 4 -11 -5 -22 8 -11 19 5 8 -20 -5 -22 7 5 -11 7 -7 -1 8 -4 -17 -24 15 -25 18 8 18 25 13 -4 9 6 -19 2 3 20 30 -13 7 1 -4 -4 -18 -6 -24 -7 -1 1 17 28 7 -13 -17 4 2 13 0 7 21 0 -27
13 53 -18 -2 -3 -8 -14 0 -1 28 6 6 -3 6 7 7 21 -3 -10 -20 -11 -8 -3 -7 -28 8 -15 -5 8 23 -10 0 6 9 2 -11 16 10 -9 19 -11 -1 17 -2 -1 -9 -2 -23 11 -1 -18 0 18 5 -21 -18 -12 3 24 -1 11 22 2 -16
6 62 -28 -6 -2 -12 -3 -12 -4 28 5 12 -9 6 -9 -3 8 6 -5 -2 -9 -2 -8 -7 -21 18 -11 8 14 12 9 4 7 12 5 -21 21 -1 -19 25 -6 -3 1 -9 8 -13 3 -10 -5 2 -7 -12 16 14 -26 -31 21 21 16 2 9 17 -7 -22
22 62 -3 -9 -11 -5 -2 6 -13 18 -6 14 8 11 6 2 7 20 -4 0 -24 -7 -17 4 2 -20 8 10 18 -1 -25 -27 -17 9 -9 4 9 4 -8 24 -15 2 7 -15 19 1 -9 -3 -10 15 0 -7 4 14 2 -21 -4 6 17 1 2 -7 -5 1
12 109 -10 -3 -9 2 -14 -7 -17 12 13 42 -17 -9 -14 -10 9 13 8 -12 -9 -6 -2 -7 -2 2 -4 5 15 -4 9 3 6 10 10 -5 11 7 24 32 -10 -3 -16 -8 12 -14 1 -5 -17 0 9 14 32 16 -8 -19 26 7 11 -4 -8 19 -5 -10
28 87 -11 4 -7 -11 -28 -7 -4 33 14 31 -17 -3 -27 -5 24 13 11 -14 -25 -23 -14 -16 1 16 1 4 7 -7 10 -1 2 10 17 -6 7 -6 9 40 0 3 1 -9 10 -18 1 2 -13 -4 1 13 36 15 -3 -35 33 0 6 -8 4 4 -6 -14
28 87 -11 4 -7 -11 -28 -7 -4 33 14 31 -17 -3 -27 -5 24 13 11 -14 -25 -23 -14 -16 1 16 1 4 7 -7 10 -1 2 10 17 -6 7 -6 9 40 0 3 1 -9 10 -18 1 2 -13 -4 1 13 36 15 -3 -35 33 0 6 -8 4 4 -6 -14
28 87 -11 4 -7 -11 -28 -7 -4 33 14 31 -17 -3 -27 -5 24 13 11 -14 -25 -23 -14 -16 1 16 1 4 7 -7 10 -1 2 10 17 -6 7 -6 9 40 0 3 1 -9 10 -18 1 2 -13 -4 1 13 36 15 -3 -35 33 0 6 -8 4 4 -6 -14
28 87 -11 4 -7 -11 -28 -7 -4 33 14 31 -17 -3 -27 -5 24 13 11 -14 -25 -23 -14 -16 1 16 1 4 7 -7 10 -1 2 10 17 -6 7 -6 9 40 0 3 1 -9 10 -18 1 2 -13 -4 1 13 36 15 -3 -35 33 0 6 -8 4 4 -6 -14
28 87 -11 4 -7 -11 -28 -7 -4 33 14 31 -17 -3 -27 -5 24 13 11 -14 -25 -23 -14 -16 1 16 1 4 7 -7 10 -1 2 10 17 -6 7 -6 9 40 0 3 1 -9 10 -18 1 2 -13 -4 1 13 36 15 -3 -35 33 0 6 -8 4 4 -6 -14
28 87 -11 4 -7 -11 -28 -7 -4 33 14 31 -17 -3 -27 -5 24 13 11 -14 -25 -23 -14 -16 1 16 1 4 7 -7 10 -1 2 10 17 -6 7 -6 9 40 0 3 1 -9 10 -18 1 2 -13 -4 1 13 36 15 -3 -35 33 0 6 -8 4 4 -6 -14
28 87 -11 4 -7 -11 -28 -7 -4 33 14 31 -17 -3 -27 -5 24 13 11 -14 -25 -23 -14 -16 1 16 1 4 7 -7 10 -1 2 10 17 -6 7 -6 9 40 0 3 1 -9 10 -18 1 2 -13 -4 1 13 36 15 -3 -35 33 0 6 -8 4 4 -6 -14
28 87 -11 4 -7 -11 -28 -7 -4 33 14 31 -17 -3 -27 -5 24 13 11 -14 -25 -23 -14 -16 1 16 1 4 7 -7 10 -1 2 10 17 -6 7 -6 9 40 0 3 1 -9 10 -18 1 2 -13 -4 1 13 36 15 -3 -35 33 0 6 -8 4 4 -6 -14
28 87 -11 4 -7 -11 -28 -7 -4 33 14 31 -17 -3 -27 -5 24 13 11 -14 -25 -23 -14 -16 1 16 1 4 7 -7 10 -1 2 10 17 -6 7 -6 9 40 0 3 1 -9 10 -18 1 2 -13 -4 1 13 36 15 -3 -35 33 0 6 -8 4 4 -6 -14
28 87 -11 4 -7 -11 -28 -7 -4 33 14 31 -17 -3 -27 -5 24 13 11 -14 -25 -23 -14 -16 1 16 1 4 7 -7 10 -1 2 10 17 -6 7 -6 9 40 0 3 1 -9 10 -18 1 2 -13 -4 1 13 36 15 -3 -35 33 0 6 -8 4 4 -6 -14
28 87 -11 4 -7 -11 -28 -7 -4 33 14 31 -17 -3 -27 -5 24 13 11 -14 -25 -23 -14 -16 1 16 1 4 7 -7 10 -1 2 10 17 -6 7 -6 9 40 0 3 1 -9 10 -18 1 2 -13 -4 1 13 36 15 -3 -35 33 0 6 -8 4 4 -6 -14
28 87 -11 4 -7 -11 -28 -7 -4 33 14 31 -17 -3 -27 -5 24 13 11 -14 -25 -23 -14 -16 1 16 1 4 7 -7 10 -1 2 10 17 -6 7 -6 9 40 0 3 1 -9 10 -18 1 2 -13 -4 1 13 36 15 -3 -35 33 0 6 -8 4 4 -6 -14
28 87 -11 4 -7 -11 -28 -7 -4 33 14 31 -17 -3 -27 -5 24 13 11 -14 -25 -23 -14 -16 1 16 1 4 7 -7 10 -1 2 10 17 -6 7 -6 9 40 0 3 1 -9 10 -18 1 2 -13 -4 1 13 36 15 -3 -35 33 0 6 -8 4 4 -6 -14
28 87 -11 4 -7 -11 -28 -7 -4 33 14 31 -17 -3 -27 -5 24 13 11 -14 -25 -23 -14 -16 1 16 1 4 7 -7 10 -1 2 10 17 -6 7 -6 9 40 0 3 1 -9 10 -18 1 2 -13 -4 1 13 36 15 -3 -35 33 0 6 -8 4 4 -6 -14
28 87 -11 4 -7 -11 -28 -7 -4 33 14 31 -17 -3 -27 -5 24 13 11 -14 -25 -23 -14 -16 1 16 1 4 7 -7 10 -1 2 10 17 -6 7 -6 9 40 0 3 1 -9 10 -18 1 2 -13 -4 1 13 36 15 -3 -35 33 0 6 -8 4 4 -6 -14
28 87 -11 4 -7 -11 -28 -7 -4 33 14 31 -17 -3 -27 -5 24 13 11 -14 -25 -23 -14 -16 1 16 1 4 7 -7 10 -1 2 10 17 -6 7 -6 9 40 0 3 1 -9 10 -18 1 2 -13 -4 1 13 36 15 -3 -35 33 0 6 -8 4 4 -6 -14
28 87 -11 4 -7 -11 -28 -7 -4 33 14 31 -17 -3 -27 -5 24 13 11 -14 -25 -23 -14 -16 1 16 1 4 7 -7 10 -1 2 10 17 -6 7 -6 9 40 0 3 1 -9 10 -18 1 2 -13 -4 1 13 36 15 -3 -35 33 0 6 -8 4 4 -6 -14
28 87 -11 4 -7 -11 -28 -7 -4 33 14 31 -17 -3 -27 -5 24 13 11 -14 -25 -23 -14 -16 1 16 1 4 7 -7 10 -1 2 10 17 -6 7 -6 9 40 0 3 1 -9 10 -18 1 2 -13 -4 1 13 36 15 -3 -35 33 0 6 -8 4 4 -6 -14
28 87 -11 4 -7 -11 -28 -7 -4 33 14 31 -17 -3 -27 -5 24 13 11 -14 -25 -23 -14 -16 1 16 1 4 7 -7 10 -1 2 10 17 -6 7 -6 9 40 0 3 1 -9 10 -18 1 2 -13 -4 1 13 36 15 -3 -35 33 0 6 -8 4 4 -6 -14
28 87 -11 4 -7 -11 -28 -7 -4 33 14 31 -17 -3 -27 -5 24 13 11 -14 -25 -23 -14 -16 1 16 1 4 7 -7 10 -1 2 10 17 -6 7 -6 9 40 0 3 1 -9 10 -18 1 2 -13 -4 1 13 36 15 -3 -35 33 0 6 -8 4 4 -6 -14
28 87 -11 4 -7 -11 -28 -7 -4 33 14 31 -17 -3 -27 -5 24 13 11 -14 -25 -23 -14 -16 1 16 1 4 7 -7 10 -1 2 10 17 -6 7 -6 9 40 0 3 1 -9 10 -18 1 2 -13 -4 1 13 36 15 -3 -35 33 0 6 -8 4 4 -6 -14
28 87 -11 4 -7 -11 -28 -7 -4 33 14 31 -17 -3 -27 -5 24 13 11 -14 -25 -23 -14 -16 1 16 1 4 7 -7 10 -1 2 10 17 -6 7 -6 9 40 0 3 1 -9 10 -18 1 2 -13 -4 1 13 36 15 -3 -35 33 0 6 -8 4 4 -6 -14
28 87 -11 4 -7 -11 -28 -7 -4 33 14 31 -17 -3 -27 -5 24 13 11 -14 -25 -23 -14 -16 1 16 1 4 7 -7 10 -1 2 10 17 -6 7 -6 9 40 0 3 1 -9 10 -18 1 2 -13 -4 1 13 36 15 -3 -35 33 0 6 -8 4 4 -6 -14
28 87 -11 4 -7 -11 -28 -7 -4 33 14 31 -17 -3 -27 -5 24 13 11 -14 -25 -23 -14 -16 1 16 1 4 7 -7 10 -1 2 10 17 -6 7 -6 9 40 0 3 1 -9 10 -18 1 2 -13 -4 1 13 36 15 -3 -35 33 0 6 -8 4 4 -6 -14
28 87 -11 4 -7 -11 -28 -7 -4 33 14 31 -17 -3 -27 -5 24 13 11 -14 -25 -23 -14 -16 1 16 1 4 7 -7 10 -1 2 10 17 -6 7 -6 9 40 0 3 1 -9 10 -18 1 2 -13 -4 1 13 36 15 -3 -35 33 0 6 -8 4 4 -6 -14
28 87 -11 4 -7 -11 -28 -7 -4 33 14 31 -17 -3 -27 -5 24 13 11 -14 -25 -23 -14 -16 1 16 1 4 7 -7 10 -1 2 10 17 -6 7 -6 9 40 0 3 1 -9 10 -18 1 2 -13 -4 1 13 36 15 -3 -35 33 0 6 -8 4 4 -6 -14
28 87 -11 4 -7 -11 -28 -7 -4 33 14 31 -17 -3 -27 -5 24 13 11 -14 -25 -23 -14 -16 1 16 1 4 7 -7 10 -1 2 10 17 -6 7 -6 9 40 0 3 1 -9 10 -18 1 2 -13 -4 1 13 36 15 -3 -35 33 0 6 -8 4 4 -6 -14
28 87 -11 4 -7 -11 -28 -7 -4 33 14 31 -17 -3 -27 -5 24 13 11 -14 -25 -23 -14 -16 1 16 1 4 7 -7 10 -1 2 10 17 -6 7 -6 9 40 0 3 1 -9 10 -18 1 2 -13 -4 1 13 36 15 -3 -35 33 0 6 -8 4 4 -6 -14
28 87 -11 4 -7 -11 -28 -7 -4 33 14 31 -17 -3 -27 -5 24 13 11 -14 -25 -23 -14 -16 1 16 1 4 7 -7 10 -1 2 10 17 -6 7 -6 9 40 0 3 1 -9 10 -18 1 2 -13 -4 1 13 36 15 -3 -35 33 0 6 -8 4 4 -6 -14
28 87 -11 4 -7 -11 -28 -7 -4 33 14 31 -17 -3 -27 -5 24 13 11 -14 -25 -23 -14 -16 1 16 1 4 7 -7 10 -1 2 10 17 -6 7 -6 9 40 0 3 1 -9 10 -18 1 2 -13 -4 1 13 36 15 -3 -35 33 0 6 -8 4 4 -6 -14
28 87 -11 4 -7 -11 -28 -7 -4 33 14 31 -17 -3 -27 -5 24 13 11 -14 -25 -23 -14 -16 1 16 1 4 7 -7 10 -1 2 10 17 -6 7 -6 9 40 0 3 1 -9 10 -18 1 2 -13 -4 1 13 36 15 -3 -35 33 0 6 -8 4 4 -6 -14
28 87 -11 4 -7 -11 -28 -7 -4 33 14 31 -17 -3 -27 -5 24 13 11 -14 -25 -23 -14 -16 1 16 1 4 7 -7 10 -1 2 10 17 -6 7 -6 9 40 0 3 1 -9 10 -18 1 2 -13 -4 1 13 36 15 -3 -35 33 0 6 -8 4 4 -6 -14
28 87 -11 4 -7 -11 -28 -7 -4 33 14 31 -17 -3 -27 -5 24 13 11 -14 -25 -23 -14 -16 1 16 1 4 7 -7 10 -1 2 10 17 -6 7 -6 9 40 0 3 1 -9 10 -18 1 2 -13 -4 1 13 36 15 -3 -35 33 0 6 -8 4 4 -6 -14
28 87 -11 4 -7 -11 -28 -7 -4 33 14 31 -17 -3 -27 -5 24 13 11 -14 -25 -23 -14 -16 1 16 1 4 7 -7 10 -1 2 10 17 -6 7 -6 9 40 0 3 1 -9 10 -18 1 2 -13 -4 1 13 36 15 -3 -35 33 0 6 -8 4 4 -6 -14
28 87 -11 4 -7 -11 -28 -7 -4 33 14 31 -17 -3 -27 -5 24 13 11 -14 -25 -23 -14 -16 1 16 1 4 7 -7 10 -1 2 10 17 -6 7 -6 9 40 0 3 1 -9 10 -18 1 2 -13 -4 1 13 36 15 -3 -35 33 0 6 -8 4 4 -6 -14
28 87 -11 4 -7 -11 -28 -7 -4 33 14 31 -17 -3 -27 -5 24 13 11 -14 -25 -23 -14 -16 1 16 1 4 7 -7 10 -1 2 10 17 -6 7 -6 9 40 0 3 1 -9 10 -18 1 2 -13 -4 1 13 36 15 -3 -35 33 0 6 -8 4 4 -6 -14
28 87 -11 4 -7 -11 -28 -7 -4 33 14 31 -17 -3 -27 -5 24 13 11 -14 -25 -23 -14 -16 1 16 1 4 7 -7 10 -1 2 10 17 -6 7 -6 9 40 0 3 1 -9 10 -18 1 2 -13 -4 1 13 36 15 -3 -35 33 0 6 -8 4 4 -6 -14
28 87 -11 4 -7 -11 -28 -7 -4 33 14 31 -17 -3 -27 -5 24 13 11 -14 -25 -23 -14 -16 1 16 1 4 7 -7 10 -1 2 10 17 -6 7 -6 9 40 0 3 1 -9 10 -18 1 2 -13 -4 1 13 36 15 -3 -35 33 0 6 -8 4 4 -6 -14
28 87 -11 4 -7 -11 -28 -7 -4 33 14 31 -17 -3 -27 -5 24 13 11 -14 -25 -23 -14 -16 1 16 1 4 7 -7 10 -1 2 10 17 -6 7 -6 9 40 0 3 1 -9 10 -18 1 2 -13 -4 1 13 36 15 -3 -35 33 0 6 -8 4 4 -6 -14
28 87 -11 4 -7 -11 -28 -7 -4 33 14 31 -17 -3 -27 -5 24 13 11 -14 -25 -23 -14 -16 1 16 1 4 7 -7 10 -1 2 10 17 -6 7 -6 9 40 0 3 1 -9 10 -18 1 2 -13 -4 1 13 36 15 -3 -35 33 0 6 -8 4 4 -6 -14
28 87 -11 4 -7 -11 -28 -7 -4 33 14 31 -17 -3 -27 -5 24 13 11 -14 -25 -23 -14 -16 1 16 1 4 7 -7 10 -1 2 10 17 -6 7 -6 9 40 0 3 1 -9 10 -18 1 2 -13 -4 1 13 36 15 -3 -35 33 0 6 -8 4 4 -6 -14
28 87 -11 4 -7 -11 -28 -7 -4 33 14 31 -17 -3 -27 -5 24 13 11 -14 -25 -23 -14 -16 1 16 1 4 7 -7 10 -1 2 10 17 -6 7 -6 9 40 0 3 1 -9 10 -18 1 2 -13 -4 1 13 36 15 -3 -35 33 0 6 -8 4 4 -6 -14
28 87 -11 4 -7 -11 -28 -7 -4 33 14 31 -17 -3 -27 -5 24 13 11 -14 -25 -23 -14 -16 1 16 1 4 7 -7 10 -1 2 10 17 -6 7 -6 9 40 0 3 1 -9 10 -18 1 2 -13 -4 1 13 36 15 -3 -35 33 0 6 -8 4 4 -6 -14
28 87 -11 4 -7 -11 -28 -7 -4 33 14 31 -17 -3 -27 -5 24 13 11 -14 -25 -23 -14 -16 1 16 1 4 7 -7 10 -1 2 10 17 -6 7 -6 9 40 0 3 1 -9 10 -18 1 2 -13 -4 1 13 36 15 -3 -35 33 0 6 -8 4 4 -6 -14
28 87 -11 4 -7 -11 -28 -7 -4 33 14 31 -17 -3 -27 -5 24 13 11 -14 -25 -23 -14 -16 1 16 1 4 7 -7 10 -1 2 10 17 -6 7 -6 9 40 0 3 1 -9 10 -18 1 2 -13 -4 1 13 36 15 -3 -35 33 0 6 -8 4 4 -6 -14
28 87 -11 4 -7 -11 -28 -7 -4 33 14 31 -17 -3 -27 -5 24 13 11 -14 -25 -23 -14 -16 1 16 1 4 7 -7 10 -1 2 10 17 -6 7 -6 9 40 0 3 1 -9 10 -18 1 2 -13 -4 1 13 36 15 -3 -35 33 0 6 -8 4 4 -6 -14
28 87 -11 4 -7 -11 -28 -7 -4 33 14 31 -17 -3 -27 -5 24 13 11 -14 -25 -23 -14 -16 1 16 1 4 7 -7 10 -1 2 10 17 -6 7 -6 9 40 0 3 1 -9 10 -18 1 2 -13 -4 1 13 36 15 -3 -35 33 0 6 -8 4 4 -6 -14
28 87 -11 4 -7 -11 -28 -7 -4 33 14 31 -17 -3 -27 -5 24 13 11 -14 -25 -23 -14 -16 1 16 1 4 7 -7 10 -1 2 10 17 -6 7 -6 9 40 0 3 1 -9 10 -18 1 2 -13 -4 1 13 36 15 -3 -35 33 0 6 -8 4 4 -6 -14
28 87 -11 4 -7 -11 -28 -7 -4 33 14 31 -17 -3 -27 -5 24 13 11 -14 -25 -23 -14 -16 1 16 1 4 7 -7 10 -1 2 10 17 -6 7 -6 9 40 0 3 1 -9 10 -18 1 2 -13 -4 1 13 36 15 -3 -35 33 0 6 -8 4 4 -6 -14
28 87 -11 4 -7 -11 -28 -7 -4 33 14 31 -17 -3 -27 -5 24 13 11 -14 -25 -23 -14 -16 1 16 1 4 7 -7 10 -1 2 10 17 -6 7 -6 9 40 0 3 1 -9 10 -18 1 2 -13 -4 1 13 36 15 -3 -35 33 0 6 -8 4 4 -6 -14
28 87 -11 4 -7 -11 -28 -7 -4 33 14 31 -17 -3 -27 -5 24 13 11 -14 -25 -23 -14 -16 1 16 1 4 7 -7 10 -1 2 10 17 -6 7 -6 9 40 0 3 1 -9 10 -18 1 2 -13 -4 1 13 36 15 -3 -35 33 0 6 -8 4 4 -6 -14
28 87 -11 4 -7 -11 -28 -7 -4 33 14 31 -17 -3 -27 -5 24 13 11 -14 -25 -23 -14 -16 1 16 1 4 7 -7 10 -1 2 10 17 -6 7 -6 9 40 0 3 1 -9 10 -18 1 2 -13 -4 1 13 36 15 -3 -35 33 0 6 -8 4 4 -6 -14
28 87 -11 4 -7 -11 -28 -7 -4 33 14 31 -17 -3 -27 -5 24 13 11 -14 -25 -23 -14 -16 1 16 1 4 7 -7 10 -1 2 10 17 -6 7 -6 9 40 0 3 1 -9 10 -18 1 2 -13 -4 1 13 36 15 -3 -35 33 0 6 -8 4 4 -6 -14
28 87 -11 4 -7 -11 -28 -7 -4 33 14 31 -17 -3 -27 -5 24 13 11 -14 -25 -23 -14 -16 1 16 1 4 7 -7 10 -1 2 10 17 -6 7 -6 9 40 0 3 1 -9 10 -18 1 2 -13 -4 1 13 36 15 -3 -35 33 0 6 -8 4 4 -6 -14
28 87 -11 4 -7 -11 -28 -7 -4 33 14 31 -17 -3 -27 -5 24 13 11 -14 -25 -23 -14 -16 1 16 1 4 7 -7 10 -1 2 10 17 -6 7 -6 9 40 0 3 1 -9 10 -18 1 2 -13 -4 1 13 36 15 -3 -35 33 0 6 -8 4 4 -6 -14
28 87 -11 4 -7 -11 -28 -7 -4 33 14 31 -17 -3 -27 -5 24 13 11 -14 -25 -23 -14 -16 1 16 1 4 7 -7 10 -1 2 10 17 -6 7 -6 9 40 0 3 1 -9 10 -18 1 2 -13 -4 1 13 36 15 -3 -35 33 0 6 -8 4 4 -6 -14
28 87 -11 4 -7 -11 -28 -7 -4 33 14 31 -17 -3 -27 -5 24 13 11 -14 -25 -23 -14 -16 1 16 1 4 7 -7 10 -1 2 10 17 -6 7 -6 9 40 0 3 1 -9 10 -18 1 2 -13 -4 1 13 36 15 -3 -35 33 0 6 -8 4 4 -6 -14
28 87 -11 4 -7 -11 -28 -7 -4 33 14 31 -17 -3 -27 -5 24 13 11 -14 -25 -23 -14 -16 1 16 1 4 7 -7 10 -1 2 10 17 -6 7 -6 9 40 0 3 1 -9 10 -18 1 2 -13 -4 1 13 36 15 -3 -35 33 0 6 -8 4 4 -6 -14
28 87 -11 4 -7 -11 -28 -7 -4 33 14 31 -17 -3 -27 -5 24 13 11 -14 -25 -23 -14 -16 1 16 1 4 7 -7 10 -1 2 10 17 -6 7 -6 9 40 0 3 1 -9 10 -18 1 2 -13 -4 1 13 36 15 -3 -35 33 0 6 -8 4 4 -6 -14
28 87 -11 4 -7 -11 -28 -7 -4 33 14 31 -17 -3 -27 -5 24 13 11 -14 -25 -23 -14 -16 1 16 1 4 7 -7 10 -1 2 10 17 -6 7 -6 9 40 0 3 1 -9 10 -18 1 2 -13 -4 1 13 36 15 -3 -35 33 0 6 -8 4 4 -6 -14
28 87 -11 4 -7 -11 -28 -7 -4 33 14 31 -17 -3 -27 -5 24 13 11 -14 -25 -23 -14 -16 1 16 1 4 7 -7 10 -1 2 10 17 -6 7 -6 9 40 0 3 1 -9 10 -18 1 2 -13 -4 1 13 36 15 -3 -35 33 0 6 -8 4 4 -6 -14
28 87 -11 4 -7 -11 -28 -7 -4 33 14 31 -17 -3 -27 -5 24 13 11 -14 -25 -23 -14 -16 1 16 1 4 7 -7 10 -1 2 10 17 -6 7 -6 9 40 0 3 1 -9 10 -18 1 2 -13 -4 1 13 36 15 -3 -35 33 0 6 -8 4 4 -6 -14
28 87 -11 4 -7 -11 -28 -7 -4 33 14 31 -17 -3 -27 -5 24 13 11 -14 -25 -23 -14 -16 1 16 1 4 7 -7 10 -1 2 10 17 -6 7 -6 9 40 0 3 1 -9 10 -18 1 2 -13 -4 1 13 36 15 -3 -35 33 0 6 -8 4 4 -6 -14
28 87 -11 4 -7 -11 -28 -7 -4 33 14 31 -17 -3 -27 -5 24 13 11 -14 -25 -23 -14 -16 1 16 1 4 7 -7 10 -1 2 10 17 -6 7 -6 9 40 0 3 1 -9 10 -18 1 2 -13 -4 1 13 36 15 -3 -35 33 0 6 -8 4 4 -6 -14
28 87 -11 4 -7 -11 -28 -7 -4 33 14 31 -17 -3 -27 -5 24 13 11 -14 -25 -23 -14 -16 1 16 1 4 7 -7 10 -1 2 10 17 -6 7 -6 9 40 0 3 1 -9 10 -18 1 2 -13 -4 1 13 36 15 -3 -35 33 0 6 -8 4 4 -6 -14
28 87 -11 4 -7 -11 -28 -7 -4 33 14 31 -17 -3 -27 -5 24 13 11 -14 -25 -23 -14 -16 1 16 1 4 7 -7 10 -1 2 10 17 -6 7 -6 9 40 0 3 1 -9 10 -18 1 2 -13 -4 1 13 36 15 -3 -35 33 0 6 -8 4 4 -6 -14
28 87 -11 4 -7 -11 -28 -7 -4 33 14 31 -17 -3 -27 -5 24 13 11 -14 -25 -23 -14 -16 1 16 1 4 7 -7 10 -1 2 10 17 -6 7 -6 9 40 0 3 1 -9 10 -18 1 2 -13 -4 1 13 36 15 -3 -35 33 0 6 -8 4 4 -6 -14
28 87 -11 4 -7 -11 -28 -7 -4 33 14 31 -17 -3 -27 -5 24 13 11 -14 -25 -23 -14 -16 1 16 1 4 7 -7 10 -1 2 10 17 -6 7 -6 9 40 0 3 1 -9 10 -18 1 2 -13 -4 1 13 36 15 -3 -35 33 0 6 -8 4 4 -6 -14
28 87 -11 4 -7 -11 -28 -7 -4 33 14 31 -17 -3 -27 -5 24 13 11 -14 -25 -23 -14 -16 1 16 1 4 7 -7 10 -1 2 10 17 -6 7 -6 9 40 0 3 1 -9 10 -18 1 2 -13 -4 1 13 36 15 -3 -35 33 0 6 -8 4 4 -6 -14
28 87 -11 4 -7 -11 -28 -7 -4 33 14 31 -17 -3 -27 -5 24 13 11 -14 -25 -23 -14 -16 1 16 1 4 7 -7 10 -1 2 10 17 -6 7 -6 9 40 0 3 1 -9 10 -18 1 2 -13 -4 1 13 36 15 -3 -35 33 0 6 -8 4 4 -6 -14
28 87 -11 4 -7 -11 -28 -7 -4 33 14 31 -17 -3 -27 -5 24 13 11 -14 -25 -23 -14 -16 1 16 1 4 7 -7 10 -1 2 10 17 -6 7 -6 9 40 0 3 1 -9 10 -18 1 2 -13 -4 1 13 36 15 -3 -35 33 0 6 -8 4 4 -6 -14
28 87 -11 4 -7 -11 -28 -7 -4 33 14 31 -17 -3 -27 -5 24 13 11 -14 -25 -23 -14 -16 1 16 1 4 7 -7 10 -1 2 10 17 -6 7 -6 9 40 0 3 1 -9 10 -18 1 2 -13 -4 1 13 36 15 -3 -35 33 0 6 -8 4 4 -6 -14
28 87 -11 4 -7 -11 -28 -7 -4 33 14 31 -17 -3 -27 -5 24 13 11 -14 -25 -23 -14 -16 1 16 1 4 7 -7 10 -1 2 10 17 -6 7 -6 9 40 0 3 1 -9 10 -18 1 2 -13 -4 1 13 36 15 -3 -35 33 0 6 -8 4 4 -6 -14
28 87 -11 4 -7 -11 -28 -7 -4 33 14 31 -17 -3 -27 -5 24 13 11 -14 -25 -23 -14 -16 1 16 1 4 7 -7 10 -1 2 10 17 -6 7 -6 9 40 0 3 1 -9 10 -18 1 2 -13 -4 1 13 36 15 -3 -35 33 0 6 -8 4 4 -6 -14
28 87 -11 4 -7 -11 -28 -7 -4 33 14 31 -17 -3 -27 -5 24 13 11 -14 -25 -23 -14 -16 1 16 1 4 7 -7 10 -1 2 10 17 -6 7 -6 9 40 0 3 1 -9 10 -18 1 2 -13 -4 1 13 36 15 -3 -35 33 0 6 -8 4 4 -6 -14
28 87 -11 4 -7 -11 -28 -7 -4 33 14 31 -17 -3 -27 -5 24 13 11 -14 -25 -23 -14 -16 1 16 1 4 7 -7 10 -1 2 10 17 -6 7 -6 9 40 0 3 1 -9 10 -18 1 2 -13 -4 1 13 36 15 -3 -35 33 0 6 -8 4 4 -6 -14
28 87 -11 4 -7 -11 -28 -7 -4 33 14 31 -17 -3 -27 -5 24 13 11 -14 -25 -23 -14 -16 1 16 1 4 7 -7 10 -1 2 10 17 -6 7 -6 9 40 0 3 1 -9 10 -18 1 2 -13 -4 1 13 36 15 -3 -35 33 0 6 -8 4 4 -6 -14
28 87 -11 4 -7 -11 -28 -7 -4 33 14 31 -17 -3 -27 -5 24 13 11 -14 -25 -23 -14 -16 1 16 1 4 7 -7 10 -1 2 10 17 -6 7 -6 9 40 0 3 1 -9 10 -18 1 2 -13 -4 1 13 36 15 -3 -35 33 0 6 -8 4 4 -6 -14
28 87 -11 4 -7 -11 -28 -7 -4 33 14 31 -17 -3 -27 -5 24 13 11 -14 -25 -23 -14 -16 1 16 1 4 7 -7 10 -1 2 10 17 -6 7 -6 9 40 0 3 1 -9 10 -18 1 2 -13 -4 1 13 36 15 -3 -35 33 0 6 -8 4 4 -6 -14
28 87 -11 4 -7 -11 -28 -7 -4 33 14 31 -17 -3 -27 -5 24 13 11 -14 -25 -23 -14 -16 1 16 1 4 7 -7 10 -1 2 10 17 -6 7 -6 9 40 0 3 1 -9 10 -18 1 2 -13 -4 1 13 36 15 -3 -35 33 0 6 -8 4 4 -6 -14
28 87 -11 4 -7 -11 -28 -7 -4 33 14 31 -17 -3 -27 -5 24 13 11 -14 -25 -23 -14 -16 1 16 1 4 7 -7 10 -1 2 10 17 -6 7 -6 9 40 0 3 1 -9 10 -18 1 2 -13 -4 1 13 36 15 -3 -35 33 0 6 -8 4 4 -6 -14
28 87 -11 4 -7 -11 -28 -7 -4 33 14 31 -17 -3 -27 -5 24 13 11 -14 -25 -23 -14 -16 1 16 1 4 7 -7 10 -1 2 10 17 -6 7 -6 9 40 0 3 1 -9 10 -18 1 2 -13 -4 1 13 36 15 -3 -35 33 0 6 -8 4 4 -6 -14
28 87 -11 4 -7 -11 -28 -7 -4 33 14 31 -17 -3 -27 -5 24 13 11 -14 -25 -23 -14 -16 1 16 1 4 7 -7 10 -1 2 10 17 -6 7 -6 9 40 0 3 1 -9 10 -18 1 2 -13 -4 1 13 36 15 -3 -35 33 0 6 -8 4 4 -6 -14
28 87 -11 4 -7 -11 -28 -7 -4 33 14 31 -17 -3 -27 -5 24 13 11 -14 -25 -23 -14 -16 1 16 1 4 7 -7 10 -1 2 10 17 -6 7 -6 9 40 0 3 1 -9 10 -18 1 2 -13 -4 1 13 36 15 -3 -35 33 0 6 -8 4 4 -6 -14
28 87 -11 4 -7 -11 -28 -7 -4 33 14 31 -17 -3 -27 -5 24 13 11 -14 -25 -23 -14 -16 1 16 1 4 7 -7 10 -1 2 10 17 -6 7 -6 9 40 0 3 1 -9 10 -18 1 2 -13 -4 1 13 36 15 -3 -35 33 0 6 -8 4 4 -6 -14
28 87 -11 4 -7 -11 -28 -7 -4 33 14 31 -17 -3 -27 -5 24 13 11 -14 -25 -23 -14 -16 1 16 1 4 7 -7 10 -1 2 10 17 -6 7 -6 9 40 0 3 1 -9 10 -18 1 2 -13 -4 1 13 36 15 -3 -35 33 0 6 -8 4 4 -6 -14
28 87 -11 4 -7 -11 -28 -7 -4 33 14 31 -17 -3 -27 -5 24 13 11 -14 -25 -23 -14 -16 1 16 1 4 7 -7 10 -1 2 10 17 -6 7 -6 9 40 0 3 1 -9 10 -18 1 2 -13 -4 1 13 36 15 -3 -35 33 0 6 -8 4 4 -6 -14
