4 3 -2 12 -1 5 2 -14 6 14 -11 2 0 -1 3 -14 8 -5 4 -3 -8 -7 -11 1 21 4 4 -14 -5 16 10 7 0 -24 -9 -3 7 -1 -10 -10 17 -20 2 -15 11 1 -24 12 3 -3 -17 11 9 -1 -1 1 1 1 4 12 -4 49 6 -3
-2 41 12 3 12 -20 -31 -10 -29 -1 10 19 4 3 15 -9 -41 1 -1 -15 -7 -51 -11 -3 11 5 -8 -14 13 -12 2 -34 13 -15 2 2 -4 13 20 -12 19 9 11 -7 18 -4 0 -20 -13 11 15 15 6 20 0 2 5 -31 -1 -11 1 68 6 16
-8 44 13 19 -2 -5 -27 -18 -27 -3 -5 -2 5 22 8 -18 -48 7 12 -3 0 -35 -5 -12 6 -8 -8 0 7 -7 1 -29 13 -12 7 -1 9 13 8 -7 19 8 3 -5 8 -17 13 -10 -37 7 20 10 25 23 -5 7 1 -13 -5 -6 17 58 -3 -1
-9 24 10 -4 -9 9 -11 -6 -27 -20 -9 2 -24 4 -17 -22 -3 18 21 1 12 -1 16 -8 13 20 1 -8 8 2 12 -20 19 0 2 5 7 3 21 4 24 15 0 0 -24 -10 0 -18 -7 -4 2 26 15 10 -1 21 5 4 -8 -5 -17 47 -3 8
-1 51 24 15 -15 -2 -15 0 1 -24 22 3 -30 13 -3 15 24 15 20 -3 6 -20 2 10 28 5 2 1 21 13 27 -19 2 -9 15 -6 1 2 13 14 9 -6 11 -11 0 -2 13 -5 -2 16 3 13 7 14 5 -34 9 -15 -22 15 -20 51 0 -1
-4 31 14 -8 -2 14 -16 5 -4 -15 -12 -7 -20 9 -7 7 17 15 13 3 -6 -13 2 -6 17 10 4 -16 22 5 27 -22 -5 -8 26 -1 14 4 4 9 18 -9 18 -14 14 -1 4 -3 -12 1 2 11 -4 7 15 -21 16 6 -29 -21 -23 62 2 16
-2 19 10 -6 -2 -7 -23 -16 -5 -11 -18 2 -45 -10 4 -3 20 10 7 9 22 -6 9 -2 28 -4 18 -18 5 11 0 -6 16 10 0 5 5 -6 14 16 5 4 13 5 11 -22 -2 -11 15 -5 -6 23 1 28 -13 6 16 0 -15 8 -6 57 -5 -4
-6 32 5 -14 0 -9 -7 7 -1 -10 0 -9 -2 -11 -11 -14 7 15 9 8 3 -5 24 -13 28 14 5 -18 16 -5 23 -3 11 2 22 6 5 15 9 9 25 15 13 -7 -8 -17 -5 -6 -8 2 -17 10 22 14 -9 -3 31 12 -10 -9 -14 54 -1 10
-12 46 15 -5 -18 13 -11 -7 -12 -4 -13 1 -28 12 -9 -17 -32 -1 21 7 10 -8 -6 -18 35 -11 2 -4 -6 -8 16 5 15 4 19 -17 20 4 -16 3 19 19 21 8 -10 3 7 -1 -23 -15 1 15 6 14 0 26 6 13 3 3 -6 50 9 31
2 21 16 21 2 -10 -20 -10 0 -6 7 9 -18 10 -3 6 -15 -7 -12 -11 11 -24 3 6 6 -2 -13 -12 12 5 10 -26 13 -22 26 22 -5 -9 -7 6 22 32 9 -24 6 7 4 -14 -1 -25 19 0 -1 4 0 3 14 8 3 10 0 83 -1 18
-4 40 7 3 -9 3 -13 -11 -18 -1 -10 4 -20 7 14 -17 -19 -1 7 10 2 -20 -8 -1 40 2 -14 -12 8 -4 14 -16 11 0 20 4 23 -8 -8 5 15 19 27 -3 -10 5 1 -2 -23 -19 13 16 -4 11 -1 19 4 6 12 15 -6 49 6 20
-12 37 6 -21 -27 8 -4 -15 -21 -3 2 -1 -28 -12 15 -20 -11 1 3 10 3 -19 -6 -13 34 7 -2 4 -7 2 5 -17 3 -11 16 -5 20 -5 -9 -1 12 29 31 7 -26 -16 6 -10 -16 -14 -8 23 8 0 -6 6 1 0 -12 2 10 53 1 1
-15 21 -1 -11 -18 14 -9 -14 -15 -14 -10 2 -26 6 -3 -23 -4 14 11 5 16 3 10 -12 23 23 6 -12 6 -17 4 -23 10 -2 12 -4 13 9 22 5 16 22 15 15 -17 -11 2 -9 -2 7 6 23 5 6 -6 18 4 0 -8 -13 -21 50 -1 9
-14 42 4 -21 -9 11 -4 4 -10 -8 -22 -4 -2 18 -9 -11 6 -2 -3 8 0 -9 17 -19 25 23 21 -3 6 -17 18 -9 0 -2 4 1 21 26 23 -5 34 22 10 17 3 -36 13 -14 -11 8 -22 13 11 -3 -16 -3 28 7 -5 -36 -34 54 -18 12
-18 32 7 17 -1 -7 -19 8 13 -10 5 17 -21 16 -4 2 -15 -5 -6 -9 19 -19 5 3 7 10 -6 -9 1 -2 -7 -36 8 -16 22 11 16 4 9 -8 28 31 19 -8 -15 -4 8 8 7 -8 10 11 5 7 -9 9 22 5 -9 -2 -2 81 3 -1
-20 22 7 0 1 12 -16 -2 -16 -12 6 2 -16 6 2 -13 -5 -7 -1 -14 5 -9 -5 -9 27 13 16 -17 -6 5 11 -21 4 7 16 -4 12 0 10 9 12 27 28 -7 -17 8 -9 10 -5 -13 -5 26 7 10 -6 31 6 12 -2 -16 -3 57 -5 13
-12 44 9 -12 -26 6 -33 -8 -26 -27 -18 -4 2 0 8 2 0 -35 15 -4 -3 -27 2 -8 21 6 -6 -19 15 3 28 1 -8 -16 9 1 34 -14 0 -11 37 30 11 35 -22 0 8 4 -23 1 -25 20 -9 -1 -41 28 14 -7 11 -8 33 67 1 7
-8 20 19 3 -15 12 -26 8 -25 -8 2 -3 -22 2 -3 -1 -4 -18 22 -4 14 2 -14 -6 13 16 0 -19 4 5 23 5 15 6 10 10 23 -16 13 11 25 25 16 21 -29 3 -4 -5 -15 -8 -10 20 -11 -10 -11 23 10 -10 7 -10 -1 49 6 2
-9 41 24 1 -26 8 -23 -1 -21 -17 -14 -4 -2 0 4 1 -2 -28 17 -14 2 -19 -5 -15 7 0 0 -19 12 2 27 14 -3 4 1 8 36 -17 0 -19 28 29 8 23 -50 1 2 3 -32 -7 -14 25 4 -5 -15 33 20 -13 20 -18 11 70 4 16
-16 48 5 -6 -18 10 -9 -5 -1 -36 -12 0 3 -9 14 -4 15 -4 10 -25 5 -6 0 1 30 17 12 -8 21 -8 28 -2 7 -4 -2 6 12 12 5 -4 18 28 9 14 -18 -16 3 0 -25 -7 -24 37 28 11 -5 -1 17 8 5 -8 14 52 11 -1
-13 42 17 -22 -17 14 -29 2 -21 -13 -4 -5 0 -18 5 -15 -5 -1 11 -24 18 -10 10 1 23 10 -6 -7 18 -5 32 -1 13 14 4 9 -5 -4 -2 -24 37 26 21 7 -11 -7 1 20 -18 -33 6 15 17 0 -13 11 4 -9 4 1 15 56 -4 17
-13 26 0 0 6 -17 -9 12 2 -2 4 36 -21 -8 17 8 -10 -9 2 -11 8 -7 -9 1 8 -5 -15 -2 17 3 -4 -11 2 -11 21 26 13 20 5 -1 20 20 3 -10 -12 -2 21 5 -5 6 18 -21 -8 7 -13 22 6 -7 -12 3 0 73 -6 14
-3 55 -15 -7 -13 -5 -27 -3 1 -18 3 20 -11 7 5 9 -22 -3 -3 -2 7 -1 1 0 21 6 4 5 23 -13 3 4 -3 -9 -4 -12 12 5 -3 4 22 19 -20 7 2 11 18 3 -4 -2 2 -7 2 12 -10 -3 10 -19 -21 -12 -7 65 5 7
-16 37 -5 3 -14 -11 -10 6 -7 -9 11 5 -21 -4 6 1 -8 1 0 -19 -7 6 -5 -6 5 -9 3 10 19 11 16 -23 -7 -17 8 5 3 7 8 -13 24 8 -2 2 -4 5 1 -3 2 -2 -10 -2 0 13 -2 9 7 -11 -6 12 -16 62 7 18
-23 49 23 18 -3 -20 -10 1 -14 -8 2 22 3 23 3 -6 -34 1 -10 2 8 -22 -14 3 -6 -14 4 12 5 -1 25 -35 -17 -14 10 24 12 13 14 -13 26 9 -1 5 13 -13 -9 -3 -22 2 21 -1 34 12 11 18 16 -2 0 -12 -3 69 -7 6
3 17 8 -6 -8 7 -6 -15 -20 -15 -7 -6 -15 12 -16 -15 -2 19 11 6 18 5 14 5 14 26 -2 -2 10 -1 8 -23 1 6 2 4 11 0 9 -1 19 10 -3 11 -17 -1 -1 -13 -5 -3 5 19 22 12 -9 28 13 14 4 -3 -10 47 -3 8
-4 61 19 7 -16 0 -19 -5 5 -28 20 2 -29 25 -3 18 27 15 18 -2 4 -12 7 14 24 10 0 2 15 8 30 -23 -6 -7 16 -9 2 -1 8 9 7 -9 11 -13 -4 -2 14 -5 -5 14 -2 11 14 8 9 -28 9 -7 -28 19 -20 45 -11 0
-3 27 10 -10 -2 14 -7 10 -5 1 -13 -11 -12 8 1 5 21 18 8 2 -9 0 -2 0 13 11 -3 -15 14 3 27 -22 -11 -6 14 -6 16 0 0 2 13 -12 24 -14 8 -3 1 -1 -4 7 0 6 -6 -5 20 -12 11 15 -37 -10 -21 55 -4 8
-5 22 15 -10 -4 0 -17 -16 -1 -7 -12 -2 -35 -10 9 -3 22 12 5 13 18 2 7 3 30 -7 11 -14 -1 9 1 -7 5 7 -5 2 15 -1 5 12 4 2 12 1 7 -18 -4 -7 14 5 -8 20 5 19 -3 13 16 6 -17 10 -9 53 -9 -1
-5 37 -1 -9 1 1 -5 0 -6 -2 -1 -9 3 -8 -10 -8 8 19 2 7 1 -4 16 -6 26 16 2 -17 5 -6 22 -8 -4 7 18 7 7 18 4 5 23 7 13 -6 -10 -13 -1 -3 -3 6 -20 9 25 10 -6 3 29 14 -14 -6 -13 51 -2 8
-4 42 6 -5 -12 11 -12 -12 -13 -3 -16 1 -28 6 -8 -13 -32 3 13 5 8 5 -9 -15 29 -7 -1 4 -4 -10 17 -7 8 3 13 -15 20 -1 -16 4 19 21 17 3 -21 1 11 4 -13 -8 0 12 -1 8 0 27 -1 10 -3 3 -10 51 9 23
-4 40 5 8 -10 13 -12 -22 -21 -6 -10 3 -33 7 6 -13 -25 -1 4 10 14 -11 -5 5 36 7 -3 -11 -2 -13 20 -13 2 -7 12 -12 26 -8 -20 -4 -4 28 24 -2 -14 3 7 6 -23 -11 11 14 -1 5 4 18 -7 15 6 19 -8 53 9 24
-10 37 2 -15 -26 4 0 -25 -24 7 -7 -3 -27 -6 16 -14 -17 7 0 11 14 -19 -13 1 33 -2 -10 9 -11 1 8 -15 5 -4 11 -7 16 -5 -15 3 9 22 22 0 -33 -8 4 4 -14 -7 -14 15 12 -8 4 6 -3 2 -13 12 11 63 7 7
5 27 24 -1 -10 2 -23 -9 -15 -8 -12 -15 4 7 -6 -13 -4 -3 -5 -15 17 15 5 -10 23 6 -9 1 21 -14 17 -18 12 7 19 -16 3 6 2 -9 22 10 12 2 -3 -12 15 19 -4 5 1 17 25 2 -2 25 11 -9 -5 -22 17 54 1 5
-10 40 16 -6 -25 5 -29 -5 -22 -18 -18 -8 -3 -1 12 -1 -2 -26 14 -10 -2 -16 2 -2 17 -1 -5 -21 7 1 31 10 -9 -17 11 0 34 -22 -10 -15 29 28 7 31 -25 3 6 6 -20 6 -26 18 -9 -9 -37 27 6 -8 1 -3 35 71 2 10
-9 25 13 -2 -18 5 -17 1 -25 0 -4 -6 -13 2 -7 1 -11 -17 15 -5 10 9 -5 0 9 11 -2 -16 1 1 20 1 2 5 7 2 17 -14 7 0 16 27 11 27 -28 -5 -2 -5 -14 -2 -9 16 -13 -8 -7 30 5 -3 10 -8 5 51 4 6
-5 47 22 9 -22 6 -20 -3 -18 -11 -15 3 -6 6 13 9 0 -25 15 -11 1 -13 2 -7 8 5 -1 -18 1 6 26 14 -9 3 -8 10 30 -20 -2 -28 23 25 7 22 -46 0 -2 11 -27 -1 -21 21 2 -12 -14 33 8 -8 9 -11 12 67 6 17
-15 43 7 -8 -21 16 -5 -9 -5 -33 -16 -4 6 -4 13 -4 12 -3 8 -24 8 8 1 3 25 26 5 -11 14 -11 30 -4 2 -8 -2 10 7 14 -1 -15 13 25 9 16 -20 -17 2 0 -19 2 -27 31 29 7 -3 8 15 10 5 -13 26 45 14 -6
-12 40 17 -10 -18 4 -23 4 -22 -6 -9 -16 -1 -15 0 -11 -9 2 5 -15 20 -7 13 6 19 2 -9 -9 13 -5 28 -3 9 15 4 1 4 -2 -11 -30 34 19 13 2 -11 -5 0 25 -12 -29 11 7 11 -4 -2 13 1 -12 4 3 8 57 -3 15
-12 23 5 -1 5 -15 -3 8 3 12 2 23 -17 2 17 13 -9 -6 4 -9 7 -7 -7 11 4 -7 -17 -3 12 1 0 -8 -1 -6 17 23 13 10 -3 -3 19 16 9 -15 -9 -5 21 10 -11 9 21 -19 -9 5 -2 20 8 6 -10 3 1 71 -3 9
10 57 -16 -18 -17 -7 -21 -16 2 -10 0 14 -8 10 12 8 -27 -11 -2 4 4 7 7 9 22 6 -2 9 19 -12 6 14 0 -7 -21 -16 7 2 -2 5 12 18 -20 14 -4 8 23 10 2 0 -3 -12 12 7 -2 -3 -6 -12 -27 -9 -1 59 -3 8
-3 13 -5 0 3 2 0 -25 17 4 3 -7 -6 2 -2 -9 -9 1 17 -2 2 0 -19 7 20 11 0 0 8 14 12 -12 4 6 5 -5 2 4 -10 6 27 7 3 2 7 2 -2 0 -3 0 1 7 1 9 -14 16 5 -5 8 7 -16 41 3 -3
-3 13 -5 0 3 2 0 -25 17 4 3 -7 -6 2 -2 -9 -9 1 17 -2 2 0 -19 7 20 11 0 0 8 14 12 -12 4 6 5 -5 2 4 -10 6 27 7 3 2 7 2 -2 0 -3 0 1 7 1 9 -14 16 5 -5 8 7 -16 41 3 -3
-3 13 -5 0 3 2 0 -25 17 4 3 -7 -6 2 -2 -9 -9 1 17 -2 2 0 -19 7 20 11 0 0 8 14 12 -12 4 6 5 -5 2 4 -10 6 27 7 3 2 7 2 -2 0 -3 0 1 7 1 9 -14 16 5 -5 8 7 -16 41 3 -3
-3 13 -5 0 3 2 0 -25 17 4 3 -7 -6 2 -2 -9 -9 1 17 -2 2 0 -19 7 20 11 0 0 8 14 12 -12 4 6 5 -5 2 4 -10 6 27 7 3 2 7 2 -2 0 -3 0 1 7 1 9 -14 16 5 -5 8 7 -16 41 3 -3
-3 13 -5 0 3 2 0 -25 17 4 3 -7 -6 2 -2 -9 -9 1 17 -2 2 0 -19 7 20 11 0 0 8 14 12 -12 4 6 5 -5 2 4 -10 6 27 7 3 2 7 2 -2 0 -3 0 1 7 1 9 -14 16 5 -5 8 7 -16 41 3 -3
-3 13 -5 0 3 2 0 -25 17 4 3 -7 -6 2 -2 -9 -9 1 17 -2 2 0 -19 7 20 11 0 0 8 14 12 -12 4 6 5 -5 2 4 -10 6 27 7 3 2 7 2 -2 0 -3 0 1 7 1 9 -14 16 5 -5 8 7 -16 41 3 -3
-3 13 -5 0 3 2 0 -25 17 4 3 -7 -6 2 -2 -9 -9 1 17 -2 2 0 -19 7 20 11 0 0 8 14 12 -12 4 6 5 -5 2 4 -10 6 27 7 3 2 7 2 -2 0 -3 0 1 7 1 9 -14 16 5 -5 8 7 -16 41 3 -3
-3 13 -5 0 3 2 0 -25 17 4 3 -7 -6 2 -2 -9 -9 1 17 -2 2 0 -19 7 20 11 0 0 8 14 12 -12 4 6 5 -5 2 4 -10 6 27 7 3 2 7 2 -2 0 -3 0 1 7 1 9 -14 16 5 -5 8 7 -16 41 3 -3
-3 13 -5 0 3 2 0 -25 17 4 3 -7 -6 2 -2 -9 -9 1 17 -2 2 0 -19 7 20 11 0 0 8 14 12 -12 4 6 5 -5 2 4 -10 6 27 7 3 2 7 2 -2 0 -3 0 1 7 1 9 -14 16 5 -5 8 7 -16 41 3 -3
-3 13 -5 0 3 2 0 -25 17 4 3 -7 -6 2 -2 -9 -9 1 17 -2 2 0 -19 7 20 11 0 0 8 14 12 -12 4 6 5 -5 2 4 -10 6 27 7 3 2 7 2 -2 0 -3 0 1 7 1 9 -14 16 5 -5 8 7 -16 41 3 -3
-3 13 -5 0 3 2 0 -25 17 4 3 -7 -6 2 -2 -9 -9 1 17 -2 2 0 -19 7 20 11 0 0 8 14 12 -12 4 6 5 -5 2 4 -10 6 27 7 3 2 7 2 -2 0 -3 0 1 7 1 9 -14 16 5 -5 8 7 -16 41 3 -3
-3 13 -5 0 3 2 0 -25 17 4 3 -7 -6 2 -2 -9 -9 1 17 -2 2 0 -19 7 20 11 0 0 8 14 12 -12 4 6 5 -5 2 4 -10 6 27 7 3 2 7 2 -2 0 -3 0 1 7 1 9 -14 16 5 -5 8 7 -16 41 3 -3
-3 13 -5 0 3 2 0 -25 17 4 3 -7 -6 2 -2 -9 -9 1 17 -2 2 0 -19 7 20 11 0 0 8 14 12 -12 4 6 5 -5 2 4 -10 6 27 7 3 2 7 2 -2 0 -3 0 1 7 1 9 -14 16 5 -5 8 7 -16 41 3 -3
-3 13 -5 0 3 2 0 -25 17 4 3 -7 -6 2 -2 -9 -9 1 17 -2 2 0 -19 7 20 11 0 0 8 14 12 -12 4 6 5 -5 2 4 -10 6 27 7 3 2 7 2 -2 0 -3 0 1 7 1 9 -14 16 5 -5 8 7 -16 41 3 -3
-3 13 -5 0 3 2 0 -25 17 4 3 -7 -6 2 -2 -9 -9 1 17 -2 2 0 -19 7 20 11 0 0 8 14 12 -12 4 6 5 -5 2 4 -10 6 27 7 3 2 7 2 -2 0 -3 0 1 7 1 9 -14 16 5 -5 8 7 -16 41 3 -3
-3 13 -5 0 3 2 0 -25 17 4 3 -7 -6 2 -2 -9 -9 1 17 -2 2 0 -19 7 20 11 0 0 8 14 12 -12 4 6 5 -5 2 4 -10 6 27 7 3 2 7 2 -2 0 -3 0 1 7 1 9 -14 16 5 -5 8 7 -16 41 3 -3
-3 13 -5 0 3 2 0 -25 17 4 3 -7 -6 2 -2 -9 -9 1 17 -2 2 0 -19 7 20 11 0 0 8 14 12 -12 4 6 5 -5 2 4 -10 6 27 7 3 2 7 2 -2 0 -3 0 1 7 1 9 -14 16 5 -5 8 7 -16 41 3 -3
-3 13 -5 0 3 2 0 -25 17 4 3 -7 -6 2 -2 -9 -9 1 17 -2 2 0 -19 7 20 11 0 0 8 14 12 -12 4 6 5 -5 2 4 -10 6 27 7 3 2 7 2 -2 0 -3 0 1 7 1 9 -14 16 5 -5 8 7 -16 41 3 -3
-3 13 -5 0 3 2 0 -25 17 4 3 -7 -6 2 -2 -9 -9 1 17 -2 2 0 -19 7 20 11 0 0 8 14 12 -12 4 6 5 -5 2 4 -10 6 27 7 3 2 7 2 -2 0 -3 0 1 7 1 9 -14 16 5 -5 8 7 -16 41 3 -3
-3 13 -5 0 3 2 0 -25 17 4 3 -7 -6 2 -2 -9 -9 1 17 -2 2 0 -19 7 20 11 0 0 8 14 12 -12 4 6 5 -5 2 4 -10 6 27 7 3 2 7 2 -2 0 -3 0 1 7 1 9 -14 16 5 -5 8 7 -16 41 3 -3
-3 13 -5 0 3 2 0 -25 17 4 3 -7 -6 2 -2 -9 -9 1 17 -2 2 0 -19 7 20 11 0 0 8 14 12 -12 4 6 5 -5 2 4 -10 6 27 7 3 2 7 2 -2 0 -3 0 1 7 1 9 -14 16 5 -5 8 7 -16 41 3 -3
-3 13 -5 0 3 2 0 -25 17 4 3 -7 -6 2 -2 -9 -9 1 17 -2 2 0 -19 7 20 11 0 0 8 14 12 -12 4 6 5 -5 2 4 -10 6 27 7 3 2 7 2 -2 0 -3 0 1 7 1 9 -14 16 5 -5 8 7 -16 41 3 -3
-3 13 -5 0 3 2 0 -25 17 4 3 -7 -6 2 -2 -9 -9 1 17 -2 2 0 -19 7 20 11 0 0 8 14 12 -12 4 6 5 -5 2 4 -10 6 27 7 3 2 7 2 -2 0 -3 0 1 7 1 9 -14 16 5 -5 8 7 -16 41 3 -3
-3 13 -5 0 3 2 0 -25 17 4 3 -7 -6 2 -2 -9 -9 1 17 -2 2 0 -19 7 20 11 0 0 8 14 12 -12 4 6 5 -5 2 4 -10 6 27 7 3 2 7 2 -2 0 -3 0 1 7 1 9 -14 16 5 -5 8 7 -16 41 3 -3
-3 13 -5 0 3 2 0 -25 17 4 3 -7 -6 2 -2 -9 -9 1 17 -2 2 0 -19 7 20 11 0 0 8 14 12 -12 4 6 5 -5 2 4 -10 6 27 7 3 2 7 2 -2 0 -3 0 1 7 1 9 -14 16 5 -5 8 7 -16 41 3 -3
-3 13 -5 0 3 2 0 -25 17 4 3 -7 -6 2 -2 -9 -9 1 17 -2 2 0 -19 7 20 11 0 0 8 14 12 -12 4 6 5 -5 2 4 -10 6 27 7 3 2 7 2 -2 0 -3 0 1 7 1 9 -14 16 5 -5 8 7 -16 41 3 -3
-3 13 -5 0 3 2 0 -25 17 4 3 -7 -6 2 -2 -9 -9 1 17 -2 2 0 -19 7 20 11 0 0 8 14 12 -12 4 6 5 -5 2 4 -10 6 27 7 3 2 7 2 -2 0 -3 0 1 7 1 9 -14 16 5 -5 8 7 -16 41 3 -3
-3 13 -5 0 3 2 0 -25 17 4 3 -7 -6 2 -2 -9 -9 1 17 -2 2 0 -19 7 20 11 0 0 8 14 12 -12 4 6 5 -5 2 4 -10 6 27 7 3 2 7 2 -2 0 -3 0 1 7 1 9 -14 16 5 -5 8 7 -16 41 3 -3
-3 13 -5 0 3 2 0 -25 17 4 3 -7 -6 2 -2 -9 -9 1 17 -2 2 0 -19 7 20 11 0 0 8 14 12 -12 4 6 5 -5 2 4 -10 6 27 7 3 2 7 2 -2 0 -3 0 1 7 1 9 -14 16 5 -5 8 7 -16 41 3 -3
-3 13 -5 0 3 2 0 -25 17 4 3 -7 -6 2 -2 -9 -9 1 17 -2 2 0 -19 7 20 11 0 0 8 14 12 -12 4 6 5 -5 2 4 -10 6 27 7 3 2 7 2 -2 0 -3 0 1 7 1 9 -14 16 5 -5 8 7 -16 41 3 -3
-3 13 -5 0 3 2 0 -25 17 4 3 -7 -6 2 -2 -9 -9 1 17 -2 2 0 -19 7 20 11 0 0 8 14 12 -12 4 6 5 -5 2 4 -10 6 27 7 3 2 7 2 -2 0 -3 0 1 7 1 9 -14 16 5 -5 8 7 -16 41 3 -3
-3 13 -5 0 3 2 0 -25 17 4 3 -7 -6 2 -2 -9 -9 1 17 -2 2 0 -19 7 20 11 0 0 8 14 12 -12 4 6 5 -5 2 4 -10 6 27 7 3 2 7 2 -2 0 -3 0 1 7 1 9 -14 16 5 -5 8 7 -16 41 3 -3
-3 13 -5 0 3 2 0 -25 17 4 3 -7 -6 2 -2 -9 -9 1 17 -2 2 0 -19 7 20 11 0 0 8 14 12 -12 4 6 5 -5 2 4 -10 6 27 7 3 2 7 2 -2 0 -3 0 1 7 1 9 -14 16 5 -5 8 7 -16 41 3 -3
-3 13 -5 0 3 2 0 -25 17 4 3 -7 -6 2 -2 -9 -9 1 17 -2 2 0 -19 7 20 11 0 0 8 14 12 -12 4 6 5 -5 2 4 -10 6 27 7 3 2 7 2 -2 0 -3 0 1 7 1 9 -14 16 5 -5 8 7 -16 41 3 -3
-3 13 -5 0 3 2 0 -25 17 4 3 -7 -6 2 -2 -9 -9 1 17 -2 2 0 -19 7 20 11 0 0 8 14 12 -12 4 6 5 -5 2 4 -10 6 27 7 3 2 7 2 -2 0 -3 0 1 7 1 9 -14 16 5 -5 8 7 -16 41 3 -3
-3 13 -5 0 3 2 0 -25 17 4 3 -7 -6 2 -2 -9 -9 1 17 -2 2 0 -19 7 20 11 0 0 8 14 12 -12 4 6 5 -5 2 4 -10 6 27 7 3 2 7 2 -2 0 -3 0 1 7 1 9 -14 16 5 -5 8 7 -16 41 3 -3
-3 13 -5 0 3 2 0 -25 17 4 3 -7 -6 2 -2 -9 -9 1 17 -2 2 0 -19 7 20 11 0 0 8 14 12 -12 4 6 5 -5 2 4 -10 6 27 7 3 2 7 2 -2 0 -3 0 1 7 1 9 -14 16 5 -5 8 7 -16 41 3 -3
-3 13 -5 0 3 2 0 -25 17 4 3 -7 -6 2 -2 -9 -9 1 17 -2 2 0 -19 7 20 11 0 0 8 14 12 -12 4 6 5 -5 2 4 -10 6 27 7 3 2 7 2 -2 0 -3 0 1 7 1 9 -14 16 5 -5 8 7 -16 41 3 -3
-3 13 -5 0 3 2 0 -25 17 4 3 -7 -6 2 -2 -9 -9 1 17 -2 2 0 -19 7 20 11 0 0 8 14 12 -12 4 6 5 -5 2 4 -10 6 27 7 3 2 7 2 -2 0 -3 0 1 7 1 9 -14 16 5 -5 8 7 -16 41 3 -3
-3 13 -5 0 3 2 0 -25 17 4 3 -7 -6 2 -2 -9 -9 1 17 -2 2 0 -19 7 20 11 0 0 8 14 12 -12 4 6 5 -5 2 4 -10 6 27 7 3 2 7 2 -2 0 -3 0 1 7 1 9 -14 16 5 -5 8 7 -16 41 3 -3
-3 13 -5 0 3 2 0 -25 17 4 3 -7 -6 2 -2 -9 -9 1 17 -2 2 0 -19 7 20 11 0 0 8 14 12 -12 4 6 5 -5 2 4 -10 6 27 7 3 2 7 2 -2 0 -3 0 1 7 1 9 -14 16 5 -5 8 7 -16 41 3 -3
-3 13 -5 0 3 2 0 -25 17 4 3 -7 -6 2 -2 -9 -9 1 17 -2 2 0 -19 7 20 11 0 0 8 14 12 -12 4 6 5 -5 2 4 -10 6 27 7 3 2 7 2 -2 0 -3 0 1 7 1 9 -14 16 5 -5 8 7 -16 41 3 -3
-3 13 -5 0 3 2 0 -25 17 4 3 -7 -6 2 -2 -9 -9 1 17 -2 2 0 -19 7 20 11 0 0 8 14 12 -12 4 6 5 -5 2 4 -10 6 27 7 3 2 7 2 -2 0 -3 0 1 7 1 9 -14 16 5 -5 8 7 -16 41 3 -3
-3 13 -5 0 3 2 0 -25 17 4 3 -7 -6 2 -2 -9 -9 1 17 -2 2 0 -19 7 20 11 0 0 8 14 12 -12 4 6 5 -5 2 4 -10 6 27 7 3 2 7 2 -2 0 -3 0 1 7 1 9 -14 16 5 -5 8 7 -16 41 3 -3
-3 13 -5 0 3 2 0 -25 17 4 3 -7 -6 2 -2 -9 -9 1 17 -2 2 0 -19 7 20 11 0 0 8 14 12 -12 4 6 5 -5 2 4 -10 6 27 7 3 2 7 2 -2 0 -3 0 1 7 1 9 -14 16 5 -5 8 7 -16 41 3 -3
-3 13 -5 0 3 2 0 -25 17 4 3 -7 -6 2 -2 -9 -9 1 17 -2 2 0 -19 7 20 11 0 0 8 14 12 -12 4 6 5 -5 2 4 -10 6 27 7 3 2 7 2 -2 0 -3 0 1 7 1 9 -14 16 5 -5 8 7 -16 41 3 -3
-3 13 -5 0 3 2 0 -25 17 4 3 -7 -6 2 -2 -9 -9 1 17 -2 2 0 -19 7 20 11 0 0 8 14 12 -12 4 6 5 -5 2 4 -10 6 27 7 3 2 7 2 -2 0 -3 0 1 7 1 9 -14 16 5 -5 8 7 -16 41 3 -3
-3 13 -5 0 3 2 0 -25 17 4 3 -7 -6 2 -2 -9 -9 1 17 -2 2 0 -19 7 20 11 0 0 8 14 12 -12 4 6 5 -5 2 4 -10 6 27 7 3 2 7 2 -2 0 -3 0 1 7 1 9 -14 16 5 -5 8 7 -16 41 3 -3
-3 13 -5 0 3 2 0 -25 17 4 3 -7 -6 2 -2 -9 -9 1 17 -2 2 0 -19 7 20 11 0 0 8 14 12 -12 4 6 5 -5 2 4 -10 6 27 7 3 2 7 2 -2 0 -3 0 1 7 1 9 -14 16 5 -5 8 7 -16 41 3 -3
-3 13 -5 0 3 2 0 -25 17 4 3 -7 -6 2 -2 -9 -9 1 17 -2 2 0 -19 7 20 11 0 0 8 14 12 -12 4 6 5 -5 2 4 -10 6 27 7 3 2 7 2 -2 0 -3 0 1 7 1 9 -14 16 5 -5 8 7 -16 41 3 -3
-3 13 -5 0 3 2 0 -25 17 4 3 -7 -6 2 -2 -9 -9 1 17 -2 2 0 -19 7 20 11 0 0 8 14 12 -12 4 6 5 -5 2 4 -10 6 27 7 3 2 7 2 -2 0 -3 0 1 7 1 9 -14 16 5 -5 8 7 -16 41 3 -3
-3 13 -5 0 3 2 0 -25 17 4 3 -7 -6 2 -2 -9 -9 1 17 -2 2 0 -19 7 20 11 0 0 8 14 12 -12 4 6 5 -5 2 4 -10 6 27 7 3 2 7 2 -2 0 -3 0 1 7 1 9 -14 16 5 -5 8 7 -16 41 3 -3
-3 13 -5 0 3 2 0 -25 17 4 3 -7 -6 2 -2 -9 -9 1 17 -2 2 0 -19 7 20 11 0 0 8 14 12 -12 4 6 5 -5 2 4 -10 6 27 7 3 2 7 2 -2 0 -3 0 1 7 1 9 -14 16 5 -5 8 7 -16 41 3 -3
-3 13 -5 0 3 2 0 -25 17 4 3 -7 -6 2 -2 -9 -9 1 17 -2 2 0 -19 7 20 11 0 0 8 14 12 -12 4 6 5 -5 2 4 -10 6 27 7 3 2 7 2 -2 0 -3 0 1 7 1 9 -14 16 5 -5 8 7 -16 41 3 -3
-3 13 -5 0 3 2 0 -25 17 4 3 -7 -6 2 -2 -9 -9 1 17 -2 2 0 -19 7 20 11 0 0 8 14 12 -12 4 6 5 -5 2 4 -10 6 27 7 3 2 7 2 -2 0 -3 0 1 7 1 9 -14 16 5 -5 8 7 -16 41 3 -3
-3 13 -5 0 3 2 0 -25 17 4 3 -7 -6 2 -2 -9 -9 1 17 -2 2 0 -19 7 20 11 0 0 8 14 12 -12 4 6 5 -5 2 4 -10 6 27 7 3 2 7 2 -2 0 -3 0 1 7 1 9 -14 16 5 -5 8 7 -16 41 3 -3
-3 13 -5 0 3 2 0 -25 17 4 3 -7 -6 2 -2 -9 -9 1 17 -2 2 0 -19 7 20 11 0 0 8 14 12 -12 4 6 5 -5 2 4 -10 6 27 7 3 2 7 2 -2 0 -3 0 1 7 1 9 -14 16 5 -5 8 7 -16 41 3 -3
-3 13 -5 0 3 2 0 -25 17 4 3 -7 -6 2 -2 -9 -9 1 17 -2 2 0 -19 7 20 11 0 0 8 14 12 -12 4 6 5 -5 2 4 -10 6 27 7 3 2 7 2 -2 0 -3 0 1 7 1 9 -14 16 5 -5 8 7 -16 41 3 -3
-3 13 -5 0 3 2 0 -25 17 4 3 -7 -6 2 -2 -9 -9 1 17 -2 2 0 -19 7 20 11 0 0 8 14 12 -12 4 6 5 -5 2 4 -10 6 27 7 3 2 7 2 -2 0 -3 0 1 7 1 9 -14 16 5 -5 8 7 -16 41 3 -3
-3 13 -5 0 3 2 0 -25 17 4 3 -7 -6 2 -2 -9 -9 1 17 -2 2 0 -19 7 20 11 0 0 8 14 12 -12 4 6 5 -5 2 4 -10 6 27 7 3 2 7 2 -2 0 -3 0 1 7 1 9 -14 16 5 -5 8 7 -16 41 3 -3
-3 13 -5 0 3 2 0 -25 17 4 3 -7 -6 2 -2 -9 -9 1 17 -2 2 0 -19 7 20 11 0 0 8 14 12 -12 4 6 5 -5 2 4 -10 6 27 7 3 2 7 2 -2 0 -3 0 1 7 1 9 -14 16 5 -5 8 7 -16 41 3 -3
-3 13 -5 0 3 2 0 -25 17 4 3 -7 -6 2 -2 -9 -9 1 17 -2 2 0 -19 7 20 11 0 0 8 14 12 -12 4 6 5 -5 2 4 -10 6 27 7 3 2 7 2 -2 0 -3 0 1 7 1 9 -14 16 5 -5 8 7 -16 41 3 -3
-3 13 -5 0 3 2 0 -25 17 4 3 -7 -6 2 -2 -9 -9 1 17 -2 2 0 -19 7 20 11 0 0 8 14 12 -12 4 6 5 -5 2 4 -10 6 27 7 3 2 7 2 -2 0 -3 0 1 7 1 9 -14 16 5 -5 8 7 -16 41 3 -3
-3 13 -5 0 3 2 0 -25 17 4 3 -7 -6 2 -2 -9 -9 1 17 -2 2 0 -19 7 20 11 0 0 8 14 12 -12 4 6 5 -5 2 4 -10 6 27 7 3 2 7 2 -2 0 -3 0 1 7 1 9 -14 16 5 -5 8 7 -16 41 3 -3
-3 13 -5 0 3 2 0 -25 17 4 3 -7 -6 2 -2 -9 -9 1 17 -2 2 0 -19 7 20 11 0 0 8 14 12 -12 4 6 5 -5 2 4 -10 6 27 7 3 2 7 2 -2 0 -3 0 1 7 1 9 -14 16 5 -5 8 7 -16 41 3 -3
-3 13 -5 0 3 2 0 -25 17 4 3 -7 -6 2 -2 -9 -9 1 17 -2 2 0 -19 7 20 11 0 0 8 14 12 -12 4 6 5 -5 2 4 -10 6 27 7 3 2 7 2 -2 0 -3 0 1 7 1 9 -14 16 5 -5 8 7 -16 41 3 -3
-3 13 -5 0 3 2 0 -25 17 4 3 -7 -6 2 -2 -9 -9 1 17 -2 2 0 -19 7 20 11 0 0 8 14 12 -12 4 6 5 -5 2 4 -10 6 27 7 3 2 7 2 -2 0 -3 0 1 7 1 9 -14 16 5 -5 8 7 -16 41 3 -3
-3 13 -5 0 3 2 0 -25 17 4 3 -7 -6 2 -2 -9 -9 1 17 -2 2 0 -19 7 20 11 0 0 8 14 12 -12 4 6 5 -5 2 4 -10 6 27 7 3 2 7 2 -2 0 -3 0 1 7 1 9 -14 16 5 -5 8 7 -16 41 3 -3
-3 13 -5 0 3 2 0 -25 17 4 3 -7 -6 2 -2 -9 -9 1 17 -2 2 0 -19 7 20 11 0 0 8 14 12 -12 4 6 5 -5 2 4 -10 6 27 7 3 2 7 2 -2 0 -3 0 1 7 1 9 -14 16 5 -5 8 7 -16 41 3 -3
-3 13 -5 0 3 2 0 -25 17 4 3 -7 -6 2 -2 -9 -9 1 17 -2 2 0 -19 7 20 11 0 0 8 14 12 -12 4 6 5 -5 2 4 -10 6 27 7 3 2 7 2 -2 0 -3 0 1 7 1 9 -14 16 5 -5 8 7 -16 41 3 -3
-3 13 -5 0 3 2 0 -25 17 4 3 -7 -6 2 -2 -9 -9 1 17 -2 2 0 -19 7 20 11 0 0 8 14 12 -12 4 6 5 -5 2 4 -10 6 27 7 3 2 7 2 -2 0 -3 0 1 7 1 9 -14 16 5 -5 8 7 -16 41 3 -3
-3 13 -5 0 3 2 0 -25 17 4 3 -7 -6 2 -2 -9 -9 1 17 -2 2 0 -19 7 20 11 0 0 8 14 12 -12 4 6 5 -5 2 4 -10 6 27 7 3 2 7 2 -2 0 -3 0 1 7 1 9 -14 16 5 -5 8 7 -16 41 3 -3
-3 13 -5 0 3 2 0 -25 17 4 3 -7 -6 2 -2 -9 -9 1 17 -2 2 0 -19 7 20 11 0 0 8 14 12 -12 4 6 5 -5 2 4 -10 6 27 7 3 2 7 2 -2 0 -3 0 1 7 1 9 -14 16 5 -5 8 7 -16 41 3 -3
-3 13 -5 0 3 2 0 -25 17 4 3 -7 -6 2 -2 -9 -9 1 17 -2 2 0 -19 7 20 11 0 0 8 14 12 -12 4 6 5 -5 2 4 -10 6 27 7 3 2 7 2 -2 0 -3 0 1 7 1 9 -14 16 5 -5 8 7 -16 41 3 -3
-3 13 -5 0 3 2 0 -25 17 4 3 -7 -6 2 -2 -9 -9 1 17 -2 2 0 -19 7 20 11 0 0 8 14 12 -12 4 6 5 -5 2 4 -10 6 27 7 3 2 7 2 -2 0 -3 0 1 7 1 9 -14 16 5 -5 8 7 -16 41 3 -3
-3 13 -5 0 3 2 0 -25 17 4 3 -7 -6 2 -2 -9 -9 1 17 -2 2 0 -19 7 20 11 0 0 8 14 12 -12 4 6 5 -5 2 4 -10 6 27 7 3 2 7 2 -2 0 -3 0 1 7 1 9 -14 16 5 -5 8 7 -16 41 3 -3
-3 13 -5 0 3 2 0 -25 17 4 3 -7 -6 2 -2 -9 -9 1 17 -2 2 0 -19 7 20 11 0 0 8 14 12 -12 4 6 5 -5 2 4 -10 6 27 7 3 2 7 2 -2 0 -3 0 1 7 1 9 -14 16 5 -5 8 7 -16 41 3 -3
-3 13 -5 0 3 2 0 -25 17 4 3 -7 -6 2 -2 -9 -9 1 17 -2 2 0 -19 7 20 11 0 0 8 14 12 -12 4 6 5 -5 2 4 -10 6 27 7 3 2 7 2 -2 0 -3 0 1 7 1 9 -14 16 5 -5 8 7 -16 41 3 -3
-3 13 -5 0 3 2 0 -25 17 4 3 -7 -6 2 -2 -9 -9 1 17 -2 2 0 -19 7 20 11 0 0 8 14 12 -12 4 6 5 -5 2 4 -10 6 27 7 3 2 7 2 -2 0 -3 0 1 7 1 9 -14 16 5 -5 8 7 -16 41 3 -3
-3 13 -5 0 3 2 0 -25 17 4 3 -7 -6 2 -2 -9 -9 1 17 -2 2 0 -19 7 20 11 0 0 8 14 12 -12 4 6 5 -5 2 4 -10 6 27 7 3 2 7 2 -2 0 -3 0 1 7 1 9 -14 16 5 -5 8 7 -16 41 3 -3
-3 13 -5 0 3 2 0 -25 17 4 3 -7 -6 2 -2 -9 -9 1 17 -2 2 0 -19 7 20 11 0 0 8 14 12 -12 4 6 5 -5 2 4 -10 6 27 7 3 2 7 2 -2 0 -3 0 1 7 1 9 -14 16 5 -5 8 7 -16 41 3 -3
-3 13 -5 0 3 2 0 -25 17 4 3 -7 -6 2 -2 -9 -9 1 17 -2 2 0 -19 7 20 11 0 0 8 14 12 -12 4 6 5 -5 2 4 -10 6 27 7 3 2 7 2 -2 0 -3 0 1 7 1 9 -14 16 5 -5 8 7 -16 41 3 -3
-3 13 -5 0 3 2 0 -25 17 4 3 -7 -6 2 -2 -9 -9 1 17 -2 2 0 -19 7 20 11 0 0 8 14 12 -12 4 6 5 -5 2 4 -10 6 27 7 3 2 7 2 -2 0 -3 0 1 7 1 9 -14 16 5 -5 8 7 -16 41 3 -3
-3 13 -5 0 3 2 0 -25 17 4 3 -7 -6 2 -2 -9 -9 1 17 -2 2 0 -19 7 20 11 0 0 8 14 12 -12 4 6 5 -5 2 4 -10 6 27 7 3 2 7 2 -2 0 -3 0 1 7 1 9 -14 16 5 -5 8 7 -16 41 3 -3
-3 13 -5 0 3 2 0 -25 17 4 3 -7 -6 2 -2 -9 -9 1 17 -2 2 0 -19 7 20 11 0 0 8 14 12 -12 4 6 5 -5 2 4 -10 6 27 7 3 2 7 2 -2 0 -3 0 1 7 1 9 -14 16 5 -5 8 7 -16 41 3 -3
-3 13 -5 0 3 2 0 -25 17 4 3 -7 -6 2 -2 -9 -9 1 17 -2 2 0 -19 7 20 11 0 0 8 14 12 -12 4 6 5 -5 2 4 -10 6 27 7 3 2 7 2 -2 0 -3 0 1 7 1 9 -14 16 5 -5 8 7 -16 41 3 -3
-3 13 -5 0 3 2 0 -25 17 4 3 -7 -6 2 -2 -9 -9 1 17 -2 2 0 -19 7 20 11 0 0 8 14 12 -12 4 6 5 -5 2 4 -10 6 27 7 3 2 7 2 -2 0 -3 0 1 7 1 9 -14 16 5 -5 8 7 -16 41 3 -3
