2 -122 12 5 24 10 -19 -5 -12 12 -13 -14 -11 3 -9 -1 -14 -13 -19 -13 -13 -13 11 9 17 8 -4 7 5 -18 -4 -29 -15 -22 -2 15 0 -3 0 1 -6 3 -19 -4 3 0 -21 7 9 -4 5 -14 2 -1 -4 15 -11 1 -4 -1 -10 -5 -9 3
1 -8 10 5 19 35 -20 -16 -14 25 -25 -1 -8 -13 2 -2 -9 -11 3 -14 -17 -24 28 11 -1 -8 -30 9 4 -21 -14 -34 -27 -29 -26 30 57 26 -17 4 -1 11 -13 -14 3 28 -26 -23 29 5 -15 -3 9 -2 -19 13 -32 -24 -3 -11 -25 26 6 -25
1 -22 14 12 27 41 -34 -19 -23 18 -22 -13 -15 -20 8 -15 -2 -9 -5 -17 -8 -12 33 6 -3 -5 -21 21 3 -12 -1 -29 -21 -29 -20 16 48 15 -15 8 -19 16 -25 -11 -3 26 -33 -13 18 4 -11 -6 18 -8 -19 10 -28 -12 2 -1 -26 19 -6 -7
4 -12 13 -3 25 41 -30 -28 -26 27 -20 -18 -17 3 4 -23 -16 -14 0 -21 -10 -15 19 -2 -3 -10 -20 21 -3 -10 -2 -31 -13 -23 -23 24 55 -4 -7 15 -15 0 -13 -21 7 32 -30 -14 23 -10 -2 -1 23 -7 -15 17 -39 7 -17 0 -10 4 -33 -10
17 -8 -3 12 15 16 -44 -23 -19 21 -19 -18 -12 14 8 -16 -11 -12 -14 -2 -10 -20 28 -5 12 -15 -27 19 -3 -10 -4 -22 -26 -17 -11 22 46 -17 1 19 -3 15 -26 -11 -15 32 -30 -13 12 -10 3 -1 6 7 -13 6 -29 -13 -19 -5 -24 -3 -16 -5
22 -11 4 5 27 29 -40 -24 -30 28 -21 -21 -19 5 3 -18 -11 -21 -7 -21 -19 -16 31 -1 -2 -13 -22 9 -2 -3 -4 -28 -14 -14 -11 29 42 -18 2 20 -13 19 -21 -8 -8 41 -36 -17 10 -22 9 -15 13 -7 -17 15 -27 -17 -9 3 -10 1 -18 -8
21 -1 5 3 28 7 -45 -26 -29 16 -23 -17 -8 -4 8 -19 -15 -11 2 -16 -18 -12 9 5 6 -6 -22 17 -10 -14 0 -37 -19 -16 -24 35 45 -20 -8 16 -7 9 -20 -17 7 21 -32 -25 14 -13 6 -6 25 -16 -17 8 -28 -1 -16 9 -10 -1 -18 -1
23 -10 -9 1 28 15 -36 -21 -35 39 -16 -40 -11 4 5 -23 -11 -17 -7 -23 -10 -17 14 -9 -8 8 -20 6 -9 -11 3 -29 -12 -9 -14 12 41 -7 -5 19 -12 -5 -16 -8 -8 36 -28 -20 18 -12 0 8 11 2 -13 27 -38 5 -18 -4 -18 1 -13 -9
2 -12 20 -4 33 18 -35 -30 -29 30 -24 -19 -25 -9 4 -31 -16 -20 -18 -15 -19 -17 -3 13 -10 4 -19 26 -14 -8 0 -37 -15 -6 -15 30 40 1 -1 23 -8 3 -19 6 3 47 -21 -10 18 -13 -4 4 22 -13 2 14 -36 3 -7 3 -12 9 -31 -3
4 -7 -2 -8 27 17 -36 -26 -8 19 -34 -17 -4 -23 -18 -28 -29 -18 0 -20 -8 -13 10 2 1 6 -17 27 -9 -8 7 -22 -8 -27 -23 23 44 9 12 6 -7 6 -2 0 4 38 -23 -31 36 -2 -16 -9 27 -4 -8 16 -36 -3 -1 6 -28 6 -14 -2
6 -9 20 -9 24 17 -32 -33 -20 17 -31 -15 -23 -11 -1 -32 -18 -18 -11 -18 -17 -19 -4 9 -10 -2 -12 30 -14 -15 2 -34 -17 -16 -14 22 38 7 -1 17 -10 16 -18 6 5 48 -23 -15 26 -14 -6 0 23 -4 8 3 -40 5 -13 3 -3 13 -25 -12
9 -18 18 3 26 17 -37 -23 -15 29 -26 -26 -20 -2 -6 -30 -10 -12 -11 -21 -22 -9 -3 14 -4 10 -11 28 -10 -4 8 -34 -8 -17 -5 26 41 -3 -12 12 3 8 -21 16 9 34 -12 -7 28 -4 0 4 13 -1 5 9 -36 4 -8 5 -3 12 -27 -3
3 -8 1 5 39 26 -39 -41 -20 21 -17 -21 -16 10 -7 -37 -19 -27 -9 -35 -8 -18 12 13 1 5 -15 30 -10 -13 7 -28 -13 -28 -6 34 53 -4 -10 10 -2 -5 -8 12 12 45 -3 -2 32 -15 -8 -2 11 -2 0 24 -37 -3 -14 -3 -9 15 -34 -6
5 -13 0 0 33 25 -26 -40 -22 31 -26 -27 -8 14 -10 -32 -16 -17 -11 -20 -2 -29 25 23 7 -2 -17 21 -1 -13 10 -26 -8 -24 -3 19 44 -4 -3 10 -8 -3 -7 11 -1 45 -3 5 17 -15 -5 -4 12 -4 1 20 -28 -5 -22 2 -14 0 -14 -13
12 -2 -3 -6 36 19 -37 -42 -5 12 -28 -6 1 3 -9 -32 -28 -17 -1 -34 -1 -14 17 8 12 17 -18 22 -3 -4 13 -26 -7 -33 0 27 45 -9 6 2 -5 -11 -15 22 11 28 3 0 30 -10 -11 -5 -2 -14 1 22 -28 7 -6 -5 -30 12 -11 -7
17 -3 1 -2 35 21 -27 -45 -10 23 -30 -14 -7 7 -9 -35 -16 -9 -8 -28 -14 -20 4 13 2 17 -11 18 -13 -8 6 -25 -9 -20 -6 19 49 -13 4 7 -7 3 -16 14 13 19 5 6 29 -17 -11 6 6 -17 6 20 -40 2 1 -9 -11 3 -23 -9
19 6 0 1 31 17 -6 -40 -4 19 -39 -11 -25 2 -16 -34 -20 -4 8 -28 -24 -23 4 -12 0 12 4 16 -15 1 9 -16 -30 -27 -14 33 40 -20 -12 11 -6 4 -28 17 7 19 1 -3 35 -13 -7 -18 9 -21 -1 -1 -38 18 -15 -3 -16 10 1 3
13 1 -2 11 34 8 -16 -41 9 20 -38 -17 -24 -5 -4 -38 -12 4 6 -25 -19 -11 -3 -9 10 10 -12 34 -10 -7 4 -22 -26 -34 -15 32 38 -17 -2 9 7 1 -33 26 8 18 -6 8 32 -9 -17 -13 6 -22 -2 8 -46 18 -15 0 -17 14 -13 -11
12 -4 -3 0 36 18 -8 -37 4 22 -38 -19 -25 -11 -4 -26 -20 4 -1 -34 -28 -12 -2 -12 2 11 4 24 -11 1 0 -9 -28 -25 -18 19 36 -7 -17 9 -15 8 -24 21 8 22 -8 0 34 -9 -9 -11 0 -25 9 2 -43 2 -12 -5 -16 13 5 -1
6 -7 -5 2 26 21 -23 -40 -16 38 -28 -30 -21 0 -17 -38 -19 -1 -4 -12 -33 -1 3 -10 12 5 -6 24 -11 -4 -1 -30 -20 -36 -8 19 39 -25 -6 15 -7 5 -16 21 8 28 -18 24 41 1 -14 -5 13 -15 5 -3 -40 7 -11 -7 -15 6 -3 5
23 -14 5 7 27 15 -29 -32 -24 38 -35 -32 -10 -6 0 -28 -16 -11 1 -34 -24 -17 6 -3 4 22 -10 21 -16 -4 8 -32 -19 -19 -2 22 45 -7 -5 9 -12 -7 -23 13 10 21 -7 21 37 -11 -22 -12 -3 -3 6 2 -40 1 -28 1 -9 5 0 -14
1 -21 -2 1 24 32 -42 -26 -13 29 -9 -16 -6 -4 -8 -25 -25 -8 -18 -28 -12 -9 14 -2 21 -1 6 41 -2 -9 5 -27 -10 -27 -5 13 41 -12 -3 8 0 -10 -9 25 3 28 -34 19 41 -11 -17 -22 -2 -19 5 1 -30 -7 -2 -2 -14 28 -9 3
13 -61 6 3 26 36 -25 -7 -8 21 -14 -20 -14 -1 6 -14 -22 -15 -15 -16 -4 -14 19 2 17 -3 0 22 2 -19 6 -26 -11 -27 -16 19 31 -7 1 0 -7 -4 -18 23 3 23 -26 11 45 -8 -12 -8 2 -11 -6 17 -32 -1 -9 2 -14 13 -20 -6
18 -22 3 -1 37 21 -37 -14 -6 36 -16 -17 -13 -7 13 -13 -17 -10 -20 -22 -8 -24 26 2 35 8 7 22 2 -29 7 -24 -12 -17 -11 22 42 -36 -3 4 -3 -1 -11 28 10 16 -15 11 59 -8 -27 -21 13 -14 2 6 -24 -4 -14 2 -32 12 -14 -9
8 -21 14 -3 31 29 -36 -3 -17 26 -14 -4 -15 -7 13 -3 -9 -21 -13 -19 -27 -17 29 11 10 0 2 27 10 -14 6 -32 -17 -18 -14 19 31 -22 0 4 7 7 -22 34 6 26 -12 15 48 -7 -36 3 3 -3 1 23 -30 -14 -11 5 -22 11 -1 -1
4 -19 9 3 30 24 -32 -6 -23 26 -16 -23 -17 5 21 -4 -11 -18 -12 -22 -14 -11 13 7 4 7 12 21 5 -26 6 -26 -8 -16 -15 15 24 -43 -4 13 -8 -2 -6 32 9 21 -16 24 51 -15 -17 -5 6 -8 6 15 -40 0 -13 -1 -14 5 -16 -4
10 -2 -4 15 13 5 -38 -7 -15 22 -19 -28 -10 15 18 1 -6 -15 -14 6 -9 -21 21 -2 17 -7 -7 17 14 -2 -5 -14 -20 -9 -12 19 19 -50 1 11 -3 9 -25 25 -12 26 -31 21 37 -9 -13 -2 -4 11 -8 8 -31 -13 -18 -8 -21 0 -3 -3
15 -8 -2 6 21 16 -38 -5 -24 32 -22 -36 -18 14 11 -1 -9 -24 -8 -15 -25 -11 26 4 7 -8 6 12 8 4 -10 -17 -10 -2 -8 23 12 -42 2 10 -15 8 -24 29 -3 27 -35 19 42 -16 -11 -19 -1 -7 -5 10 -23 -15 -11 -2 -7 6 -6 -11
10 -5 -4 2 16 10 -51 1 -22 22 -25 -32 -12 8 19 4 -9 -20 2 -12 -20 -10 4 14 13 -3 7 24 9 -8 1 -26 -13 -11 -11 34 20 -43 -9 2 -9 6 -18 21 21 5 -27 16 48 -12 -20 -14 12 -15 -5 5 -29 -6 -20 -2 -8 3 -8 -2
13 -14 -14 2 30 22 -41 12 -28 39 -14 -45 -14 9 19 12 -8 -26 -10 -18 -11 -12 8 -2 -2 12 0 13 10 -15 8 -29 -11 -7 -4 4 14 -33 -6 2 -12 -4 -19 18 2 17 -19 15 45 -12 -21 -1 -3 7 9 23 -36 4 -20 -5 -17 4 -5 -10
-5 -11 16 -5 33 27 -41 5 -26 31 -19 -22 -26 -3 19 17 -19 -31 -13 -19 -15 -18 -7 11 -5 6 1 29 2 -16 7 -33 -10 -2 0 22 8 -27 -6 5 -6 2 -21 37 3 35 -21 19 52 -19 -26 -4 6 -5 13 2 -43 1 -8 -1 -11 18 -19 -9
8 -11 15 -10 24 23 -43 2 -22 24 -26 -14 -22 -5 15 17 -18 -32 -12 -26 -11 -14 -6 7 -3 6 6 25 7 -24 9 -28 -9 -16 1 15 6 -24 -5 3 -3 8 -26 30 12 28 -19 9 48 -13 -23 -9 7 1 21 0 -44 -1 -12 10 0 5 -14 -10
17 -23 19 -2 25 28 -34 10 -16 31 -23 -29 -27 -7 10 14 -9 -22 -7 -23 -16 -2 -5 19 -3 12 -4 25 6 -10 12 -30 -7 -22 4 10 5 -25 -13 1 5 -2 -29 28 22 29 -18 5 47 -12 -13 4 -3 9 15 3 -40 -3 -1 3 -9 5 -18 -6
12 -19 6 2 44 26 -37 3 -14 28 -24 -26 -15 3 25 19 -9 -35 0 -34 -8 -6 22 4 -4 14 -11 15 3 -20 15 -21 -6 -12 -7 15 15 -29 -2 -5 -14 -16 -16 25 7 28 -11 7 48 -12 -19 0 -3 4 22 11 -27 -16 -5 -7 -6 -1 -10 4
16 9 -3 -1 32 20 -10 1 -3 13 -37 -16 -28 4 1 23 -20 -25 9 -28 -21 -10 8 -11 0 7 -3 19 1 -4 17 -13 -32 -16 -9 31 6 -47 -10 -5 -9 -7 -31 33 7 13 -5 -7 53 -16 -10 -18 -2 -22 5 -6 -33 13 -14 -1 -17 -11 -2 8
16 9 1 3 39 14 -17 -1 8 16 -32 -17 -21 4 18 22 -13 -24 11 -23 -14 0 4 -5 2 16 -19 35 5 -22 12 -18 -30 -22 -11 28 6 -40 -6 -7 4 -3 -37 43 16 11 -14 -2 45 -16 -17 -11 -8 -24 2 6 -35 9 -10 -2 -17 -8 -14 -6
11 5 2 1 32 15 -7 -1 6 15 -37 -20 -27 1 5 25 -21 -18 -4 -26 -29 -1 6 -11 0 11 -12 26 0 -1 6 -1 -25 -20 -13 18 0 -37 -16 -7 -18 1 -33 36 14 19 -8 -8 47 -12 -14 -16 -5 -29 4 -5 -31 -1 -16 -5 -17 -13 -1 1
11 -2 -4 1 31 21 -18 -3 -17 29 -25 -31 -25 7 0 30 -16 -30 -1 -4 -31 -2 9 -3 7 1 -29 28 3 -14 12 -24 -19 -29 -7 14 -2 -47 -8 -14 -6 -1 -20 27 8 28 -25 7 53 -2 -12 -6 2 -8 5 -9 -30 8 -10 -5 -17 -23 -9 8
27 -13 2 7 26 21 -24 -2 -24 29 -30 -38 -14 -4 17 24 -19 -34 2 -31 -20 -7 15 3 1 18 -25 26 2 -9 13 -22 -22 -14 1 13 8 -25 -8 -18 -19 -13 -29 28 13 27 -15 5 51 -17 -25 -17 -9 3 9 1 -35 2 -29 2 -12 -14 -8 -13
1 -12 -2 -2 28 36 -28 -3 -15 16 -14 -22 -10 -2 8 31 -23 -46 -20 -25 -14 -6 11 -4 17 -2 -30 45 12 -12 22 -22 -8 -21 -3 11 1 -26 -11 -30 -1 -9 -12 24 3 33 -32 5 54 -16 -16 -27 -7 -10 6 -3 -19 -9 -5 -6 -11 4 -10 2
6 -69 5 -3 19 46 -18 1 -8 12 -10 -22 -11 2 16 13 -18 -28 -10 -17 -5 -10 10 2 17 -2 -11 18 6 -23 12 -18 -14 -26 -17 6 2 -8 -8 -19 -13 -8 -26 15 -2 20 -27 4 49 -6 -5 -9 -2 -6 -5 14 -22 1 -3 0 -6 1 -13 -2
-1 -31 7 15 30 24 -33 -12 -24 27 -29 -4 -17 -2 3 4 -11 -32 -9 -13 -23 -11 7 7 18 10 -29 17 16 -24 5 -39 -11 -20 -19 15 17 10 3 16 -14 -2 -26 6 2 5 -40 -1 42 -15 4 -20 12 5 -10 16 -25 4 -5 -2 -13 -12 -11 10
-1 -31 7 15 30 24 -33 -12 -24 27 -29 -4 -17 -2 3 4 -11 -32 -9 -13 -23 -11 7 7 18 10 -29 17 16 -24 5 -39 -11 -20 -19 15 17 10 3 16 -14 -2 -26 6 2 5 -40 -1 42 -15 4 -20 12 5 -10 16 -25 4 -5 -2 -13 -12 -11 10
-1 -31 7 15 30 24 -33 -12 -24 27 -29 -4 -17 -2 3 4 -11 -32 -9 -13 -23 -11 7 7 18 10 -29 17 16 -24 5 -39 -11 -20 -19 15 17 10 3 16 -14 -2 -26 6 2 5 -40 -1 42 -15 4 -20 12 5 -10 16 -25 4 -5 -2 -13 -12 -11 10
-1 -31 7 15 30 24 -33 -12 -24 27 -29 -4 -17 -2 3 4 -11 -32 -9 -13 -23 -11 7 7 18 10 -29 17 16 -24 5 -39 -11 -20 -19 15 17 10 3 16 -14 -2 -26 6 2 5 -40 -1 42 -15 4 -20 12 5 -10 16 -25 4 -5 -2 -13 -12 -11 10
-1 -31 7 15 30 24 -33 -12 -24 27 -29 -4 -17 -2 3 4 -11 -32 -9 -13 -23 -11 7 7 18 10 -29 17 16 -24 5 -39 -11 -20 -19 15 17 10 3 16 -14 -2 -26 6 2 5 -40 -1 42 -15 4 -20 12 5 -10 16 -25 4 -5 -2 -13 -12 -11 10
-1 -31 7 15 30 24 -33 -12 -24 27 -29 -4 -17 -2 3 4 -11 -32 -9 -13 -23 -11 7 7 18 10 -29 17 16 -24 5 -39 -11 -20 -19 15 17 10 3 16 -14 -2 -26 6 2 5 -40 -1 42 -15 4 -20 12 5 -10 16 -25 4 -5 -2 -13 -12 -11 10
-1 -31 7 15 30 24 -33 -12 -24 27 -29 -4 -17 -2 3 4 -11 -32 -9 -13 -23 -11 7 7 18 10 -29 17 16 -24 5 -39 -11 -20 -19 15 17 10 3 16 -14 -2 -26 6 2 5 -40 -1 42 -15 4 -20 12 5 -10 16 -25 4 -5 -2 -13 -12 -11 10
-1 -31 7 15 30 24 -33 -12 -24 27 -29 -4 -17 -2 3 4 -11 -32 -9 -13 -23 -11 7 7 18 10 -29 17 16 -24 5 -39 -11 -20 -19 15 17 10 3 16 -14 -2 -26 6 2 5 -40 -1 42 -15 4 -20 12 5 -10 16 -25 4 -5 -2 -13 -12 -11 10
-1 -31 7 15 30 24 -33 -12 -24 27 -29 -4 -17 -2 3 4 -11 -32 -9 -13 -23 -11 7 7 18 10 -29 17 16 -24 5 -39 -11 -20 -19 15 17 10 3 16 -14 -2 -26 6 2 5 -40 -1 42 -15 4 -20 12 5 -10 16 -25 4 -5 -2 -13 -12 -11 10
-1 -31 7 15 30 24 -33 -12 -24 27 -29 -4 -17 -2 3 4 -11 -32 -9 -13 -23 -11 7 7 18 10 -29 17 16 -24 5 -39 -11 -20 -19 15 17 10 3 16 -14 -2 -26 6 2 5 -40 -1 42 -15 4 -20 12 5 -10 16 -25 4 -5 -2 -13 -12 -11 10
-1 -31 7 15 30 24 -33 -12 -24 27 -29 -4 -17 -2 3 4 -11 -32 -9 -13 -23 -11 7 7 18 10 -29 17 16 -24 5 -39 -11 -20 -19 15 17 10 3 16 -14 -2 -26 6 2 5 -40 -1 42 -15 4 -20 12 5 -10 16 -25 4 -5 -2 -13 -12 -11 10
-1 -31 7 15 30 24 -33 -12 -24 27 -29 -4 -17 -2 3 4 -11 -32 -9 -13 -23 -11 7 7 18 10 -29 17 16 -24 5 -39 -11 -20 -19 15 17 10 3 16 -14 -2 -26 6 2 5 -40 -1 42 -15 4 -20 12 5 -10 16 -25 4 -5 -2 -13 -12 -11 10
-1 -31 7 15 30 24 -33 -12 -24 27 -29 -4 -17 -2 3 4 -11 -32 -9 -13 -23 -11 7 7 18 10 -29 17 16 -24 5 -39 -11 -20 -19 15 17 10 3 16 -14 -2 -26 6 2 5 -40 -1 42 -15 4 -20 12 5 -10 16 -25 4 -5 -2 -13 -12 -11 10
-1 -31 7 15 30 24 -33 -12 -24 27 -29 -4 -17 -2 3 4 -11 -32 -9 -13 -23 -11 7 7 18 10 -29 17 16 -24 5 -39 -11 -20 -19 15 17 10 3 16 -14 -2 -26 6 2 5 -40 -1 42 -15 4 -20 12 5 -10 16 -25 4 -5 -2 -13 -12 -11 10
-1 -31 7 15 30 24 -33 -12 -24 27 -29 -4 -17 -2 3 4 -11 -32 -9 -13 -23 -11 7 7 18 10 -29 17 16 -24 5 -39 -11 -20 -19 15 17 10 3 16 -14 -2 -26 6 2 5 -40 -1 42 -15 4 -20 12 5 -10 16 -25 4 -5 -2 -13 -12 -11 10
-1 -31 7 15 30 24 -33 -12 -24 27 -29 -4 -17 -2 3 4 -11 -32 -9 -13 -23 -11 7 7 18 10 -29 17 16 -24 5 -39 -11 -20 -19 15 17 10 3 16 -14 -2 -26 6 2 5 -40 -1 42 -15 4 -20 12 5 -10 16 -25 4 -5 -2 -13 -12 -11 10
-1 -31 7 15 30 24 -33 -12 -24 27 -29 -4 -17 -2 3 4 -11 -32 -9 -13 -23 -11 7 7 18 10 -29 17 16 -24 5 -39 -11 -20 -19 15 17 10 3 16 -14 -2 -26 6 2 5 -40 -1 42 -15 4 -20 12 5 -10 16 -25 4 -5 -2 -13 -12 -11 10
-1 -31 7 15 30 24 -33 -12 -24 27 -29 -4 -17 -2 3 4 -11 -32 -9 -13 -23 -11 7 7 18 10 -29 17 16 -24 5 -39 -11 -20 -19 15 17 10 3 16 -14 -2 -26 6 2 5 -40 -1 42 -15 4 -20 12 5 -10 16 -25 4 -5 -2 -13 -12 -11 10
-1 -31 7 15 30 24 -33 -12 -24 27 -29 -4 -17 -2 3 4 -11 -32 -9 -13 -23 -11 7 7 18 10 -29 17 16 -24 5 -39 -11 -20 -19 15 17 10 3 16 -14 -2 -26 6 2 5 -40 -1 42 -15 4 -20 12 5 -10 16 -25 4 -5 -2 -13 -12 -11 10
-1 -31 7 15 30 24 -33 -12 -24 27 -29 -4 -17 -2 3 4 -11 -32 -9 -13 -23 -11 7 7 18 10 -29 17 16 -24 5 -39 -11 -20 -19 15 17 10 3 16 -14 -2 -26 6 2 5 -40 -1 42 -15 4 -20 12 5 -10 16 -25 4 -5 -2 -13 -12 -11 10
-1 -31 7 15 30 24 -33 -12 -24 27 -29 -4 -17 -2 3 4 -11 -32 -9 -13 -23 -11 7 7 18 10 -29 17 16 -24 5 -39 -11 -20 -19 15 17 10 3 16 -14 -2 -26 6 2 5 -40 -1 42 -15 4 -20 12 5 -10 16 -25 4 -5 -2 -13 -12 -11 10
-1 -31 7 15 30 24 -33 -12 -24 27 -29 -4 -17 -2 3 4 -11 -32 -9 -13 -23 -11 7 7 18 10 -29 17 16 -24 5 -39 -11 -20 -19 15 17 10 3 16 -14 -2 -26 6 2 5 -40 -1 42 -15 4 -20 12 5 -10 16 -25 4 -5 -2 -13 -12 -11 10
-1 -31 7 15 30 24 -33 -12 -24 27 -29 -4 -17 -2 3 4 -11 -32 -9 -13 -23 -11 7 7 18 10 -29 17 16 -24 5 -39 -11 -20 -19 15 17 10 3 16 -14 -2 -26 6 2 5 -40 -1 42 -15 4 -20 12 5 -10 16 -25 4 -5 -2 -13 -12 -11 10
-1 -31 7 15 30 24 -33 -12 -24 27 -29 -4 -17 -2 3 4 -11 -32 -9 -13 -23 -11 7 7 18 10 -29 17 16 -24 5 -39 -11 -20 -19 15 17 10 3 16 -14 -2 -26 6 2 5 -40 -1 42 -15 4 -20 12 5 -10 16 -25 4 -5 -2 -13 -12 -11 10
-1 -31 7 15 30 24 -33 -12 -24 27 -29 -4 -17 -2 3 4 -11 -32 -9 -13 -23 -11 7 7 18 10 -29 17 16 -24 5 -39 -11 -20 -19 15 17 10 3 16 -14 -2 -26 6 2 5 -40 -1 42 -15 4 -20 12 5 -10 16 -25 4 -5 -2 -13 -12 -11 10
-1 -31 7 15 30 24 -33 -12 -24 27 -29 -4 -17 -2 3 4 -11 -32 -9 -13 -23 -11 7 7 18 10 -29 17 16 -24 5 -39 -11 -20 -19 15 17 10 3 16 -14 -2 -26 6 2 5 -40 -1 42 -15 4 -20 12 5 -10 16 -25 4 -5 -2 -13 -12 -11 10
-1 -31 7 15 30 24 -33 -12 -24 27 -29 -4 -17 -2 3 4 -11 -32 -9 -13 -23 -11 7 7 18 10 -29 17 16 -24 5 -39 -11 -20 -19 15 17 10 3 16 -14 -2 -26 6 2 5 -40 -1 42 -15 4 -20 12 5 -10 16 -25 4 -5 -2 -13 -12 -11 10
-1 -31 7 15 30 24 -33 -12 -24 27 -29 -4 -17 -2 3 4 -11 -32 -9 -13 -23 -11 7 7 18 10 -29 17 16 -24 5 -39 -11 -20 -19 15 17 10 3 16 -14 -2 -26 6 2 5 -40 -1 42 -15 4 -20 12 5 -10 16 -25 4 -5 -2 -13 -12 -11 10
-1 -31 7 15 30 24 -33 -12 -24 27 -29 -4 -17 -2 3 4 -11 -32 -9 -13 -23 -11 7 7 18 10 -29 17 16 -24 5 -39 -11 -20 -19 15 17 10 3 16 -14 -2 -26 6 2 5 -40 -1 42 -15 4 -20 12 5 -10 16 -25 4 -5 -2 -13 -12 -11 10
-1 -31 7 15 30 24 -33 -12 -24 27 -29 -4 -17 -2 3 4 -11 -32 -9 -13 -23 -11 7 7 18 10 -29 17 16 -24 5 -39 -11 -20 -19 15 17 10 3 16 -14 -2 -26 6 2 5 -40 -1 42 -15 4 -20 12 5 -10 16 -25 4 -5 -2 -13 -12 -11 10
-1 -31 7 15 30 24 -33 -12 -24 27 -29 -4 -17 -2 3 4 -11 -32 -9 -13 -23 -11 7 7 18 10 -29 17 16 -24 5 -39 -11 -20 -19 15 17 10 3 16 -14 -2 -26 6 2 5 -40 -1 42 -15 4 -20 12 5 -10 16 -25 4 -5 -2 -13 -12 -11 10
-1 -31 7 15 30 24 -33 -12 -24 27 -29 -4 -17 -2 3 4 -11 -32 -9 -13 -23 -11 7 7 18 10 -29 17 16 -24 5 -39 -11 -20 -19 15 17 10 3 16 -14 -2 -26 6 2 5 -40 -1 42 -15 4 -20 12 5 -10 16 -25 4 -5 -2 -13 -12 -11 10
-1 -31 7 15 30 24 -33 -12 -24 27 -29 -4 -17 -2 3 4 -11 -32 -9 -13 -23 -11 7 7 18 10 -29 17 16 -24 5 -39 -11 -20 -19 15 17 10 3 16 -14 -2 -26 6 2 5 -40 -1 42 -15 4 -20 12 5 -10 16 -25 4 -5 -2 -13 -12 -11 10
-1 -31 7 15 30 24 -33 -12 -24 27 -29 -4 -17 -2 3 4 -11 -32 -9 -13 -23 -11 7 7 18 10 -29 17 16 -24 5 -39 -11 -20 -19 15 17 10 3 16 -14 -2 -26 6 2 5 -40 -1 42 -15 4 -20 12 5 -10 16 -25 4 -5 -2 -13 -12 -11 10
-1 -31 7 15 30 24 -33 -12 -24 27 -29 -4 -17 -2 3 4 -11 -32 -9 -13 -23 -11 7 7 18 10 -29 17 16 -24 5 -39 -11 -20 -19 15 17 10 3 16 -14 -2 -26 6 2 5 -40 -1 42 -15 4 -20 12 5 -10 16 -25 4 -5 -2 -13 -12 -11 10
-1 -31 7 15 30 24 -33 -12 -24 27 -29 -4 -17 -2 3 4 -11 -32 -9 -13 -23 -11 7 7 18 10 -29 17 16 -24 5 -39 -11 -20 -19 15 17 10 3 16 -14 -2 -26 6 2 5 -40 -1 42 -15 4 -20 12 5 -10 16 -25 4 -5 -2 -13 -12 -11 10
-1 -31 7 15 30 24 -33 -12 -24 27 -29 -4 -17 -2 3 4 -11 -32 -9 -13 -23 -11 7 7 18 10 -29 17 16 -24 5 -39 -11 -20 -19 15 17 10 3 16 -14 -2 -26 6 2 5 -40 -1 42 -15 4 -20 12 5 -10 16 -25 4 -5 -2 -13 -12 -11 10
-1 -31 7 15 30 24 -33 -12 -24 27 -29 -4 -17 -2 3 4 -11 -32 -9 -13 -23 -11 7 7 18 10 -29 17 16 -24 5 -39 -11 -20 -19 15 17 10 3 16 -14 -2 -26 6 2 5 -40 -1 42 -15 4 -20 12 5 -10 16 -25 4 -5 -2 -13 -12 -11 10
-1 -31 7 15 30 24 -33 -12 -24 27 -29 -4 -17 -2 3 4 -11 -32 -9 -13 -23 -11 7 7 18 10 -29 17 16 -24 5 -39 -11 -20 -19 15 17 10 3 16 -14 -2 -26 6 2 5 -40 -1 42 -15 4 -20 12 5 -10 16 -25 4 -5 -2 -13 -12 -11 10
-1 -31 7 15 30 24 -33 -12 -24 27 -29 -4 -17 -2 3 4 -11 -32 -9 -13 -23 -11 7 7 18 10 -29 17 16 -24 5 -39 -11 -20 -19 15 17 10 3 16 -14 -2 -26 6 2 5 -40 -1 42 -15 4 -20 12 5 -10 16 -25 4 -5 -2 -13 -12 -11 10
-1 -31 7 15 30 24 -33 -12 -24 27 -29 -4 -17 -2 3 4 -11 -32 -9 -13 -23 -11 7 7 18 10 -29 17 16 -24 5 -39 -11 -20 -19 15 17 10 3 16 -14 -2 -26 6 2 5 -40 -1 42 -15 4 -20 12 5 -10 16 -25 4 -5 -2 -13 -12 -11 10
-1 -31 7 15 30 24 -33 -12 -24 27 -29 -4 -17 -2 3 4 -11 -32 -9 -13 -23 -11 7 7 18 10 -29 17 16 -24 5 -39 -11 -20 -19 15 17 10 3 16 -14 -2 -26 6 2 5 -40 -1 42 -15 4 -20 12 5 -10 16 -25 4 -5 -2 -13 -12 -11 10
-1 -31 7 15 30 24 -33 -12 -24 27 -29 -4 -17 -2 3 4 -11 -32 -9 -13 -23 -11 7 7 18 10 -29 17 16 -24 5 -39 -11 -20 -19 15 17 10 3 16 -14 -2 -26 6 2 5 -40 -1 42 -15 4 -20 12 5 -10 16 -25 4 -5 -2 -13 -12 -11 10
-1 -31 7 15 30 24 -33 -12 -24 27 -29 -4 -17 -2 3 4 -11 -32 -9 -13 -23 -11 7 7 18 10 -29 17 16 -24 5 -39 -11 -20 -19 15 17 10 3 16 -14 -2 -26 6 2 5 -40 -1 42 -15 4 -20 12 5 -10 16 -25 4 -5 -2 -13 -12 -11 10
-1 -31 7 15 30 24 -33 -12 -24 27 -29 -4 -17 -2 3 4 -11 -32 -9 -13 -23 -11 7 7 18 10 -29 17 16 -24 5 -39 -11 -20 -19 15 17 10 3 16 -14 -2 -26 6 2 5 -40 -1 42 -15 4 -20 12 5 -10 16 -25 4 -5 -2 -13 -12 -11 10
-1 -31 7 15 30 24 -33 -12 -24 27 -29 -4 -17 -2 3 4 -11 -32 -9 -13 -23 -11 7 7 18 10 -29 17 16 -24 5 -39 -11 -20 -19 15 17 10 3 16 -14 -2 -26 6 2 5 -40 -1 42 -15 4 -20 12 5 -10 16 -25 4 -5 -2 -13 -12 -11 10
-1 -31 7 15 30 24 -33 -12 -24 27 -29 -4 -17 -2 3 4 -11 -32 -9 -13 -23 -11 7 7 18 10 -29 17 16 -24 5 -39 -11 -20 -19 15 17 10 3 16 -14 -2 -26 6 2 5 -40 -1 42 -15 4 -20 12 5 -10 16 -25 4 -5 -2 -13 -12 -11 10
-1 -31 7 15 30 24 -33 -12 -24 27 -29 -4 -17 -2 3 4 -11 -32 -9 -13 -23 -11 7 7 18 10 -29 17 16 -24 5 -39 -11 -20 -19 15 17 10 3 16 -14 -2 -26 6 2 5 -40 -1 42 -15 4 -20 12 5 -10 16 -25 4 -5 -2 -13 -12 -11 10
-1 -31 7 15 30 24 -33 -12 -24 27 -29 -4 -17 -2 3 4 -11 -32 -9 -13 -23 -11 7 7 18 10 -29 17 16 -24 5 -39 -11 -20 -19 15 17 10 3 16 -14 -2 -26 6 2 5 -40 -1 42 -15 4 -20 12 5 -10 16 -25 4 -5 -2 -13 -12 -11 10
-1 -31 7 15 30 24 -33 -12 -24 27 -29 -4 -17 -2 3 4 -11 -32 -9 -13 -23 -11 7 7 18 10 -29 17 16 -24 5 -39 -11 -20 -19 15 17 10 3 16 -14 -2 -26 6 2 5 -40 -1 42 -15 4 -20 12 5 -10 16 -25 4 -5 -2 -13 -12 -11 10
-1 -31 7 15 30 24 -33 -12 -24 27 -29 -4 -17 -2 3 4 -11 -32 -9 -13 -23 -11 7 7 18 10 -29 17 16 -24 5 -39 -11 -20 -19 15 17 10 3 16 -14 -2 -26 6 2 5 -40 -1 42 -15 4 -20 12 5 -10 16 -25 4 -5 -2 -13 -12 -11 10
-1 -31 7 15 30 24 -33 -12 -24 27 -29 -4 -17 -2 3 4 -11 -32 -9 -13 -23 -11 7 7 18 10 -29 17 16 -24 5 -39 -11 -20 -19 15 17 10 3 16 -14 -2 -26 6 2 5 -40 -1 42 -15 4 -20 12 5 -10 16 -25 4 -5 -2 -13 -12 -11 10
-1 -31 7 15 30 24 -33 -12 -24 27 -29 -4 -17 -2 3 4 -11 -32 -9 -13 -23 -11 7 7 18 10 -29 17 16 -24 5 -39 -11 -20 -19 15 17 10 3 16 -14 -2 -26 6 2 5 -40 -1 42 -15 4 -20 12 5 -10 16 -25 4 -5 -2 -13 -12 -11 10
-1 -31 7 15 30 24 -33 -12 -24 27 -29 -4 -17 -2 3 4 -11 -32 -9 -13 -23 -11 7 7 18 10 -29 17 16 -24 5 -39 -11 -20 -19 15 17 10 3 16 -14 -2 -26 6 2 5 -40 -1 42 -15 4 -20 12 5 -10 16 -25 4 -5 -2 -13 -12 -11 10
-1 -31 7 15 30 24 -33 -12 -24 27 -29 -4 -17 -2 3 4 -11 -32 -9 -13 -23 -11 7 7 18 10 -29 17 16 -24 5 -39 -11 -20 -19 15 17 10 3 16 -14 -2 -26 6 2 5 -40 -1 42 -15 4 -20 12 5 -10 16 -25 4 -5 -2 -13 -12 -11 10
-1 -31 7 15 30 24 -33 -12 -24 27 -29 -4 -17 -2 3 4 -11 -32 -9 -13 -23 -11 7 7 18 10 -29 17 16 -24 5 -39 -11 -20 -19 15 17 10 3 16 -14 -2 -26 6 2 5 -40 -1 42 -15 4 -20 12 5 -10 16 -25 4 -5 -2 -13 -12 -11 10
-1 -31 7 15 30 24 -33 -12 -24 27 -29 -4 -17 -2 3 4 -11 -32 -9 -13 -23 -11 7 7 18 10 -29 17 16 -24 5 -39 -11 -20 -19 15 17 10 3 16 -14 -2 -26 6 2 5 -40 -1 42 -15 4 -20 12 5 -10 16 -25 4 -5 -2 -13 -12 -11 10
-1 -31 7 15 30 24 -33 -12 -24 27 -29 -4 -17 -2 3 4 -11 -32 -9 -13 -23 -11 7 7 18 10 -29 17 16 -24 5 -39 -11 -20 -19 15 17 10 3 16 -14 -2 -26 6 2 5 -40 -1 42 -15 4 -20 12 5 -10 16 -25 4 -5 -2 -13 -12 -11 10
-1 -31 7 15 30 24 -33 -12 -24 27 -29 -4 -17 -2 3 4 -11 -32 -9 -13 -23 -11 7 7 18 10 -29 17 16 -24 5 -39 -11 -20 -19 15 17 10 3 16 -14 -2 -26 6 2 5 -40 -1 42 -15 4 -20 12 5 -10 16 -25 4 -5 -2 -13 -12 -11 10
-1 -31 7 15 30 24 -33 -12 -24 27 -29 -4 -17 -2 3 4 -11 -32 -9 -13 -23 -11 7 7 18 10 -29 17 16 -24 5 -39 -11 -20 -19 15 17 10 3 16 -14 -2 -26 6 2 5 -40 -1 42 -15 4 -20 12 5 -10 16 -25 4 -5 -2 -13 -12 -11 10
-1 -31 7 15 30 24 -33 -12 -24 27 -29 -4 -17 -2 3 4 -11 -32 -9 -13 -23 -11 7 7 18 10 -29 17 16 -24 5 -39 -11 -20 -19 15 17 10 3 16 -14 -2 -26 6 2 5 -40 -1 42 -15 4 -20 12 5 -10 16 -25 4 -5 -2 -13 -12 -11 10
-1 -31 7 15 30 24 -33 -12 -24 27 -29 -4 -17 -2 3 4 -11 -32 -9 -13 -23 -11 7 7 18 10 -29 17 16 -24 5 -39 -11 -20 -19 15 17 10 3 16 -14 -2 -26 6 2 5 -40 -1 42 -15 4 -20 12 5 -10 16 -25 4 -5 -2 -13 -12 -11 10
-1 -31 7 15 30 24 -33 -12 -24 27 -29 -4 -17 -2 3 4 -11 -32 -9 -13 -23 -11 7 7 18 10 -29 17 16 -24 5 -39 -11 -20 -19 15 17 10 3 16 -14 -2 -26 6 2 5 -40 -1 42 -15 4 -20 12 5 -10 16 -25 4 -5 -2 -13 -12 -11 10
-1 -31 7 15 30 24 -33 -12 -24 27 -29 -4 -17 -2 3 4 -11 -32 -9 -13 -23 -11 7 7 18 10 -29 17 16 -24 5 -39 -11 -20 -19 15 17 10 3 16 -14 -2 -26 6 2 5 -40 -1 42 -15 4 -20 12 5 -10 16 -25 4 -5 -2 -13 -12 -11 10
-1 -31 7 15 30 24 -33 -12 -24 27 -29 -4 -17 -2 3 4 -11 -32 -9 -13 -23 -11 7 7 18 10 -29 17 16 -24 5 -39 -11 -20 -19 15 17 10 3 16 -14 -2 -26 6 2 5 -40 -1 42 -15 4 -20 12 5 -10 16 -25 4 -5 -2 -13 -12 -11 10
-1 -31 7 15 30 24 -33 -12 -24 27 -29 -4 -17 -2 3 4 -11 -32 -9 -13 -23 -11 7 7 18 10 -29 17 16 -24 5 -39 -11 -20 -19 15 17 10 3 16 -14 -2 -26 6 2 5 -40 -1 42 -15 4 -20 12 5 -10 16 -25 4 -5 -2 -13 -12 -11 10
-1 -31 7 15 30 24 -33 -12 -24 27 -29 -4 -17 -2 3 4 -11 -32 -9 -13 -23 -11 7 7 18 10 -29 17 16 -24 5 -39 -11 -20 -19 15 17 10 3 16 -14 -2 -26 6 2 5 -40 -1 42 -15 4 -20 12 5 -10 16 -25 4 -5 -2 -13 -12 -11 10
-1 -31 7 15 30 24 -33 -12 -24 27 -29 -4 -17 -2 3 4 -11 -32 -9 -13 -23 -11 7 7 18 10 -29 17 16 -24 5 -39 -11 -20 -19 15 17 10 3 16 -14 -2 -26 6 2 5 -40 -1 42 -15 4 -20 12 5 -10 16 -25 4 -5 -2 -13 -12 -11 10
-1 -31 7 15 30 24 -33 -12 -24 27 -29 -4 -17 -2 3 4 -11 -32 -9 -13 -23 -11 7 7 18 10 -29 17 16 -24 5 -39 -11 -20 -19 15 17 10 3 16 -14 -2 -26 6 2 5 -40 -1 42 -15 4 -20 12 5 -10 16 -25 4 -5 -2 -13 -12 -11 10
-1 -31 7 15 30 24 -33 -12 -24 27 -29 -4 -17 -2 3 4 -11 -32 -9 -13 -23 -11 7 7 18 10 -29 17 16 -24 5 -39 -11 -20 -19 15 17 10 3 16 -14 -2 -26 6 2 5 -40 -1 42 -15 4 -20 12 5 -10 16 -25 4 -5 -2 -13 -12 -11 10
-1 -31 7 15 30 24 -33 -12 -24 27 -29 -4 -17 -2 3 4 -11 -32 -9 -13 -23 -11 7 7 18 10 -29 17 16 -24 5 -39 -11 -20 -19 15 17 10 3 16 -14 -2 -26 6 2 5 -40 -1 42 -15 4 -20 12 5 -10 16 -25 4 -5 -2 -13 -12 -11 10
-1 -31 7 15 30 24 -33 -12 -24 27 -29 -4 -17 -2 3 4 -11 -32 -9 -13 -23 -11 7 7 18 10 -29 17 16 -24 5 -39 -11 -20 -19 15 17 10 3 16 -14 -2 -26 6 2 5 -40 -1 42 -15 4 -20 12 5 -10 16 -25 4 -5 -2 -13 -12 -11 10
-1 -31 7 15 30 24 -33 -12 -24 27 -29 -4 -17 -2 3 4 -11 -32 -9 -13 -23 -11 7 7 18 10 -29 17 16 -24 5 -39 -11 -20 -19 15 17 10 3 16 -14 -2 -26 6 2 5 -40 -1 42 -15 4 -20 12 5 -10 16 -25 4 -5 -2 -13 -12 -11 10
-1 -31 7 15 30 24 -33 -12 -24 27 -29 -4 -17 -2 3 4 -11 -32 -9 -13 -23 -11 7 7 18 10 -29 17 16 -24 5 -39 -11 -20 -19 15 17 10 3 16 -14 -2 -26 6 2 5 -40 -1 42 -15 4 -20 12 5 -10 16 -25 4 -5 -2 -13 -12 -11 10
-1 -31 7 15 30 24 -33 -12 -24 27 -29 -4 -17 -2 3 4 -11 -32 -9 -13 -23 -11 7 7 18 10 -29 17 16 -24 5 -39 -11 -20 -19 15 17 10 3 16 -14 -2 -26 6 2 5 -40 -1 42 -15 4 -20 12 5 -10 16 -25 4 -5 -2 -13 -12 -11 10
-1 -31 7 15 30 24 -33 -12 -24 27 -29 -4 -17 -2 3 4 -11 -32 -9 -13 -23 -11 7 7 18 10 -29 17 16 -24 5 -39 -11 -20 -19 15 17 10 3 16 -14 -2 -26 6 2 5 -40 -1 42 -15 4 -20 12 5 -10 16 -25 4 -5 -2 -13 -12 -11 10
-1 -31 7 15 30 24 -33 -12 -24 27 -29 -4 -17 -2 3 4 -11 -32 -9 -13 -23 -11 7 7 18 10 -29 17 16 -24 5 -39 -11 -20 -19 15 17 10 3 16 -14 -2 -26 6 2 5 -40 -1 42 -15 4 -20 12 5 -10 16 -25 4 -5 -2 -13 -12 -11 10
-1 -31 7 15 30 24 -33 -12 -24 27 -29 -4 -17 -2 3 4 -11 -32 -9 -13 -23 -11 7 7 18 10 -29 17 16 -24 5 -39 -11 -20 -19 15 17 10 3 16 -14 -2 -26 6 2 5 -40 -1 42 -15 4 -20 12 5 -10 16 -25 4 -5 -2 -13 -12 -11 10
-1 -31 7 15 30 24 -33 -12 -24 27 -29 -4 -17 -2 3 4 -11 -32 -9 -13 -23 -11 7 7 18 10 -29 17 16 -24 5 -39 -11 -20 -19 15 17 10 3 16 -14 -2 -26 6 2 5 -40 -1 42 -15 4 -20 12 5 -10 16 -25 4 -5 -2 -13 -12 -11 10
-1 -31 7 15 30 24 -33 -12 -24 27 -29 -4 -17 -2 3 4 -11 -32 -9 -13 -23 -11 7 7 18 10 -29 17 16 -24 5 -39 -11 -20 -19 15 17 10 3 16 -14 -2 -26 6 2 5 -40 -1 42 -15 4 -20 12 5 -10 16 -25 4 -5 -2 -13 -12 -11 10
-1 -31 7 15 30 24 -33 -12 -24 27 -29 -4 -17 -2 3 4 -11 -32 -9 -13 -23 -11 7 7 18 10 -29 17 16 -24 5 -39 -11 -20 -19 15 17 10 3 16 -14 -2 -26 6 2 5 -40 -1 42 -15 4 -20 12 5 -10 16 -25 4 -5 -2 -13 -12 -11 10
-1 -31 7 15 30 24 -33 -12 -24 27 -29 -4 -17 -2 3 4 -11 -32 -9 -13 -23 -11 7 7 18 10 -29 17 16 -24 5 -39 -11 -20 -19 15 17 10 3 16 -14 -2 -26 6 2 5 -40 -1 42 -15 4 -20 12 5 -10 16 -25 4 -5 -2 -13 -12 -11 10
-1 -31 7 15 30 24 -33 -12 -24 27 -29 -4 -17 -2 3 4 -11 -32 -9 -13 -23 -11 7 7 18 10 -29 17 16 -24 5 -39 -11 -20 -19 15 17 10 3 16 -14 -2 -26 6 2 5 -40 -1 42 -15 4 -20 12 5 -10 16 -25 4 -5 -2 -13 -12 -11 10
-1 -31 7 15 30 24 -33 -12 -24 27 -29 -4 -17 -2 3 4 -11 -32 -9 -13 -23 -11 7 7 18 10 -29 17 16 -24 5 -39 -11 -20 -19 15 17 10 3 16 -14 -2 -26 6 2 5 -40 -1 42 -15 4 -20 12 5 -10 16 -25 4 -5 -2 -13 -12 -11 10
-1 -31 7 15 30 24 -33 -12 -24 27 -29 -4 -17 -2 3 4 -11 -32 -9 -13 -23 -11 7 7 18 10 -29 17 16 -24 5 -39 -11 -20 -19 15 17 10 3 16 -14 -2 -26 6 2 5 -40 -1 42 -15 4 -20 12 5 -10 16 -25 4 -5 -2 -13 -12 -11 10
-1 -31 7 15 30 24 -33 -12 -24 27 -29 -4 -17 -2 3 4 -11 -32 -9 -13 -23 -11 7 7 18 10 -29 17 16 -24 5 -39 -11 -20 -19 15 17 10 3 16 -14 -2 -26 6 2 5 -40 -1 42 -15 4 -20 12 5 -10 16 -25 4 -5 -2 -13 -12 -11 10
-1 -31 7 15 30 24 -33 -12 -24 27 -29 -4 -17 -2 3 4 -11 -32 -9 -13 -23 -11 7 7 18 10 -29 17 16 -24 5 -39 -11 -20 -19 15 17 10 3 16 -14 -2 -26 6 2 5 -40 -1 42 -15 4 -20 12 5 -10 16 -25 4 -5 -2 -13 -12 -11 10
