-10 -50 18 8 12 -3 -13 -1 0 6 -6 -8 4 9 -15 3 -11 6 -2 -2 -16 -6 1 -12 -11 0 -1 -8 -9 -14 -9 -13 -12 -4 8 6 -7 5 2 -6 -8 7 -4 -2 -9 0 1 -6 11 2 -7 -6 0 0 -2 6 3 -4 4 4 -9 -5 16 -3
8 -83 -20 -3 -4 13 1 -21 6 3 9 4 15 -15 7 -1 -6 8 12 4 10 -3 23 -5 18 9 -14 23 1 23 -2 -4 -3 -7 -15 13 44 -11 -12 8 1 1 4 3 3 29 15 -31 11 6 -30 16 19 -10 10 22 -6 -15 7 16 -22 20 4 -8
1 -76 -4 -3 12 2 -4 -21 2 6 -5 -1 -2 -26 0 -9 -9 6 17 -6 0 -9 23 4 -7 5 -9 19 1 -1 6 -5 3 -1 -5 2 24 -7 8 7 -3 -4 5 8 6 30 16 -18 9 6 -35 21 14 -11 4 15 -2 -13 4 0 -21 26 -6 -3
-6 -73 -11 -15 5 1 2 -27 -6 20 5 -9 -1 4 -7 -13 6 -2 16 3 4 4 4 4 -5 1 -3 17 -8 13 8 4 0 1 -18 3 34 -33 13 4 5 -1 4 6 8 40 30 -9 9 5 -23 11 6 -6 10 11 -24 3 -4 2 11 22 -24 -4
8 -84 -21 0 -12 -15 -15 -22 -6 18 -2 -13 -1 22 -17 -8 6 3 0 18 -9 -1 1 -10 10 -10 -23 14 -14 10 2 8 -4 8 0 16 27 -38 2 1 9 13 -4 3 -7 31 13 -1 17 -2 -15 -9 4 0 -12 23 -7 -7 10 -4 -2 13 -23 -9
10 -84 -13 10 -5 -3 -5 -27 -7 15 -5 -19 2 20 -12 -14 11 8 10 6 -16 -8 10 -11 -9 3 -17 2 -11 11 11 -3 2 13 3 26 29 -27 3 1 5 8 3 2 -2 28 15 -2 13 -10 -17 -8 8 -4 5 16 1 -16 1 -11 15 16 -27 -10
-3 -87 -4 -1 -1 -8 -19 -30 -4 25 -4 -12 -1 9 -8 -5 3 15 15 17 -6 6 -2 2 0 -5 -10 23 -15 12 3 -2 10 16 3 24 34 -39 5 0 0 -1 3 4 15 10 40 -14 13 -2 -8 -2 11 -10 0 11 1 1 -12 3 4 18 -28 -5
13 -78 -9 1 12 0 -17 -22 -21 29 10 -9 2 21 -4 -8 1 2 10 0 -1 -7 6 -15 -12 19 -10 5 -10 7 12 -4 3 20 15 2 36 -22 10 3 -10 -9 7 5 -1 28 34 1 11 2 -14 12 1 -5 5 13 -8 -7 -12 9 10 11 -19 -9
5 -80 10 -11 -7 2 0 -28 0 25 0 9 -14 -10 -3 -7 -3 5 0 -5 -10 -13 -15 -7 -6 -3 13 0 0 -5 14 -16 10 13 6 13 16 -20 1 -2 -4 -1 10 22 13 37 33 -9 17 -13 -20 13 -9 -3 15 -1 -23 4 -12 3 8 25 4 -18
14 -94 -11 2 -8 6 4 -31 1 25 -16 23 6 -33 -6 -12 4 -8 0 -8 -8 -8 12 -1 12 12 -12 22 -16 -15 4 -6 13 -2 12 6 14 -14 15 13 -2 -12 4 22 8 13 35 -7 28 -5 -17 8 6 -7 26 8 -8 1 -16 37 -1 41 -1 4
4 -81 3 -13 -6 -3 4 -28 -3 17 -2 15 -22 -9 -11 -8 -5 2 -17 -6 -10 -11 -17 -12 -6 13 10 5 3 -2 10 -8 12 10 9 13 9 -19 5 3 -3 3 6 20 15 31 24 -5 19 -2 -29 7 -1 -7 18 1 -25 -3 -17 6 4 35 0 -22
-3 -76 24 2 14 3 0 -17 9 28 3 1 -11 -1 -13 4 -1 16 -3 -15 -9 -3 -20 1 -5 16 0 13 -2 3 19 -8 32 -4 10 8 11 -31 -2 0 5 0 5 13 17 23 14 14 19 1 -22 11 0 -2 20 5 -14 9 9 -12 -2 26 0 -24
-17 -84 -9 -15 6 6 -10 -35 3 4 0 -7 3 5 -16 1 -1 5 7 -10 -4 -10 -10 4 7 15 2 15 -8 19 15 -3 3 -9 -3 -8 28 -52 2 0 8 -4 19 9 8 21 22 30 14 -2 -25 14 -9 8 21 15 -14 -1 -2 3 0 29 0 -7
-11 -86 -11 -8 20 6 -8 -30 -4 21 -8 -4 9 16 -21 -2 5 7 12 -14 -9 -23 -1 -1 5 16 8 5 1 12 3 -2 7 -4 13 6 25 -40 4 1 -5 -9 18 -5 -1 17 26 32 11 -6 -23 3 -2 0 15 29 -10 -16 -4 11 3 14 0 -12
-2 -89 -20 -1 -6 14 -12 -23 4 15 -27 12 19 -12 -13 5 2 -3 15 -18 -8 -17 6 -6 15 27 -10 20 -10 -2 -2 -14 -3 -4 21 14 14 -28 5 11 3 -17 5 13 14 -5 17 29 23 -5 -30 28 -10 -6 18 17 -3 4 -4 8 -15 32 0 9
-17 -83 -4 -1 12 -4 -2 -18 -4 26 -15 5 11 -1 -16 10 -10 6 6 -22 -7 -14 -15 -7 10 29 2 16 -1 14 -6 -14 -8 1 22 8 18 -37 3 12 1 -14 -2 -4 14 7 35 24 17 -12 -30 25 -16 -6 22 3 -11 2 12 -4 -3 18 5 -7
-13 -89 -8 -5 8 -2 9 -16 6 20 -18 3 -9 7 -24 17 5 23 10 -14 -6 -4 -6 -17 10 9 26 1 1 15 17 -1 -5 -16 19 23 17 -49 -4 9 -3 0 1 1 11 10 29 13 16 -6 -28 -3 -15 -25 16 -21 -10 20 -3 -6 -11 12 18 19
-13 -72 -6 2 8 -1 -2 -4 10 17 -17 -1 -14 9 -9 16 9 25 14 -5 0 10 -14 -19 10 18 9 23 -1 3 10 -7 -11 -12 8 13 17 -48 3 12 2 -4 -14 8 5 7 37 21 11 -7 -28 5 -17 -12 23 -22 -12 23 1 4 -11 26 9 4
-7 -86 -8 7 17 -6 -1 -4 6 23 -12 4 -8 7 -3 20 -1 24 14 -10 -13 -3 -2 -21 0 15 15 4 -7 9 14 -3 -1 -13 1 12 15 -41 -6 9 -10 -7 -9 6 4 1 27 8 9 0 -30 -13 -10 -25 15 -23 -15 10 -8 -4 -15 10 19 22
-4 -91 -2 0 7 -8 -1 -11 -5 37 3 4 -1 14 -16 27 -4 23 23 7 -17 -4 -9 -21 1 7 5 -1 1 5 -1 -3 -5 -12 11 6 15 -69 10 20 5 -2 7 12 12 7 18 24 16 7 -28 10 -3 -14 15 -21 -12 12 1 -7 2 6 9 5
6 -86 10 11 19 -13 -11 -6 -1 29 -10 -8 13 8 -13 21 -8 20 14 -13 -21 -6 -3 -11 6 33 -10 4 1 2 6 -17 -18 -2 8 -1 24 -45 7 5 3 -13 1 2 8 9 9 17 15 -3 -33 1 -13 -12 19 -22 -19 4 -19 5 -2 -1 16 -8
-4 -83 -12 -17 10 -12 -11 5 15 27 5 -2 3 -10 -2 32 3 20 -1 -9 3 5 13 -14 -3 1 -9 6 1 -6 4 2 -7 26 11 1 7 -50 4 8 0 -1 11 9 5 2 2 -2 20 -9 -27 -10 -4 -13 22 7 6 9 -8 2 -2 26 16 -5
-4 -71 -14 0 17 -8 -5 4 -4 15 1 1 10 -6 -10 21 -9 9 10 -2 2 -11 -5 -3 -5 2 -1 2 9 5 15 5 3 1 11 -7 0 -31 -9 -7 -12 -3 2 -2 -10 13 -1 -3 19 9 -8 -1 2 -1 10 -4 7 -11 -3 2 -13 9 9 3
4 -80 -23 -10 -4 -4 -2 18 9 18 -11 -3 4 -5 14 40 1 -7 27 4 -3 -8 4 6 13 10 -9 -6 11 5 23 14 0 3 7 -10 3 -43 -22 -1 -5 -1 0 12 -4 16 6 0 27 -1 -15 -1 -1 -3 25 -2 13 5 0 11 -6 11 -1 -7
8 -70 -23 -9 5 7 -6 22 -14 -3 -15 12 -14 -19 17 33 12 -16 12 9 11 -6 23 -3 25 14 -24 16 9 3 14 -13 -1 6 -5 -1 9 -29 -8 -10 8 -8 -4 11 8 2 -7 -8 41 -3 -27 3 8 -5 16 7 6 -23 12 -6 -7 9 -3 -13
-10 -63 -1 -4 -1 11 -9 18 0 11 0 -3 -12 16 16 46 7 -33 5 3 4 -5 -3 -1 -2 3 -4 2 5 1 13 4 -4 -1 -9 1 5 -40 5 -11 5 -2 6 13 10 20 14 1 31 3 -15 9 -7 -6 5 6 -19 1 -1 9 -3 -3 -13 1
4 -76 -11 3 -10 2 -19 17 -5 19 -4 -10 -6 34 -1 42 10 -20 -4 22 1 -2 2 -12 9 -4 -19 8 2 0 5 6 -3 7 8 10 7 -48 5 -1 12 10 -6 -4 -6 17 6 7 28 -3 -10 -7 -2 3 -6 22 -1 -7 15 -6 -7 -6 -19 -1
13 -73 -2 5 0 13 -13 12 -2 14 -12 -13 -7 37 10 41 10 -13 5 5 -16 0 14 -8 -1 1 -17 -8 4 1 5 -2 -1 14 12 24 3 -44 4 -6 -1 3 -2 3 -3 4 14 0 26 -9 -9 -12 -5 -4 9 9 8 -11 6 -10 8 -1 -18 0
8 -75 4 2 5 5 -23 5 -5 19 -9 -5 -7 27 15 52 2 -10 10 8 -7 10 -3 5 6 -1 -22 12 2 2 4 -5 2 11 9 15 7 -62 11 -4 -1 -8 1 2 11 -7 23 -6 17 -8 0 0 3 -9 8 6 10 1 -6 10 2 -3 -15 3
6 -73 -1 9 23 -1 -10 7 -15 23 7 -6 -4 33 9 48 4 -16 5 1 -3 -3 4 -5 -18 22 -29 -1 4 2 7 -2 1 20 12 -5 -1 -38 12 -12 -9 -12 3 -1 2 17 9 -4 18 0 -9 4 1 2 6 13 -2 -2 -12 14 8 -7 -7 -2
-4 -71 13 -4 -9 6 3 3 -8 20 -12 9 -9 7 6 56 1 -15 -1 0 -13 -11 -13 -3 -18 4 -17 4 11 6 17 -4 2 19 7 5 -21 -22 -5 -23 -13 -5 8 13 8 33 12 -13 18 -20 -13 4 -6 7 11 -6 -13 9 -6 8 0 14 12 -17
-5 -71 14 -5 -5 2 3 -2 1 7 -17 18 -31 -3 1 49 -4 -20 -19 -3 -20 -16 -13 -13 -10 19 -13 5 22 -4 19 -7 15 13 7 11 -23 -16 -1 -22 -10 -2 -1 9 12 25 9 -14 15 -4 -16 -2 -5 3 14 -10 -12 4 -8 15 8 16 4 -22
-7 -74 29 1 12 8 -1 0 0 23 -5 6 -16 5 -5 45 7 -2 -7 -8 -18 -2 -12 1 -11 23 -28 11 10 1 13 -2 27 -3 12 3 -16 -20 -2 -23 8 0 -3 1 12 22 9 -2 16 -3 -14 15 1 4 20 3 3 13 6 -12 -2 3 -6 -17
-18 -76 10 -9 30 5 -3 -9 7 25 -15 2 0 4 4 47 14 -16 8 -15 -2 -13 5 -20 -5 36 -25 8 -1 5 19 -5 4 5 1 -8 -3 -20 1 -29 2 -20 -14 -10 -3 12 19 -4 13 2 -9 15 -6 3 22 -3 6 1 8 -1 7 -1 4 0
-9 -79 -3 -4 8 -2 24 -20 7 12 -26 3 -14 12 -13 53 12 -8 9 -7 -8 1 -7 -13 1 16 -9 9 3 14 32 7 3 -12 8 20 -7 -29 -4 -29 -1 -4 -7 -10 6 7 27 -7 12 -3 -10 -7 -15 -20 8 -19 -7 19 -2 -7 -9 -10 5 22
-12 -68 -4 0 8 12 18 -14 15 7 -27 -1 -14 12 -1 50 16 -4 9 2 -3 12 -12 -15 3 19 -23 20 8 -4 16 2 -3 -7 4 9 -5 -22 -1 -28 3 -7 -20 -6 7 12 32 -4 9 -3 -14 -3 -15 -10 13 -20 2 24 4 0 -11 -1 -4 6
-6 -77 -2 8 20 4 21 -16 10 19 -24 4 -17 15 -4 48 5 -3 11 -2 -17 2 -5 -19 -1 15 -16 8 -2 9 29 3 5 -10 5 10 -9 -20 -7 -25 -14 -4 -13 -11 8 -4 32 -7 8 7 -14 -16 -10 -17 9 -18 -2 19 -1 -3 -10 -8 5 27
2 -81 5 0 7 18 16 -25 1 31 -7 3 -7 22 -6 48 7 -4 22 15 -20 -4 -12 -22 -3 6 -35 4 2 5 15 -1 0 -6 13 1 -7 -37 5 -20 8 -6 3 -20 12 -2 22 1 10 6 -7 5 -6 -4 6 -19 -7 15 6 -5 1 -19 -2 4
9 -82 14 8 14 7 2 -17 -3 20 -11 -2 8 16 -4 41 -3 -2 10 -11 -21 -3 -5 -7 0 31 -38 7 10 -5 15 -12 -15 0 11 -1 3 -21 10 -28 6 -12 -5 -20 8 4 12 4 8 -5 -20 -5 -12 -8 11 -17 -13 5 -17 4 -4 -20 13 -4
7 -81 -5 -19 4 17 10 -28 15 23 1 17 -5 -4 10 39 9 4 -5 -4 -2 9 8 -13 -3 3 -46 1 14 -7 17 4 -8 23 11 -4 -16 -25 -4 -24 -5 -6 11 -25 -2 -7 1 -8 2 -11 -7 -13 0 -10 10 9 8 10 -5 7 2 14 27 7
-6 -62 -7 -1 16 6 2 -16 -10 18 -4 16 4 -7 -5 22 -3 4 1 0 -1 -5 -11 -5 -3 -1 -9 -4 14 5 8 7 4 6 7 -7 -20 -19 -12 -16 -12 -8 1 -25 -12 6 -7 -4 3 5 1 -7 9 -5 0 -1 12 -8 -3 0 -9 -2 19 4
0 -68 -10 5 -1 -2 -6 -31 3 9 9 10 0 6 0 17 1 1 6 1 -4 10 -15 0 -18 6 -4 8 1 5 7 2 -4 10 6 1 -1 7 -4 3 -1 -4 9 -6 6 12 0 -10 14 -9 -12 -3 2 0 -1 2 -5 -8 -2 4 -2 -3 -3 -2
0 -68 -10 5 -1 -2 -6 -31 3 9 9 10 0 6 0 17 1 1 6 1 -4 10 -15 0 -18 6 -4 8 1 5 7 2 -4 10 6 1 -1 7 -4 3 -1 -4 9 -6 6 12 0 -10 14 -9 -12 -3 2 0 -1 2 -5 -8 -2 4 -2 -3 -3 -2
0 -68 -10 5 -1 -2 -6 -31 3 9 9 10 0 6 0 17 1 1 6 1 -4 10 -15 0 -18 6 -4 8 1 5 7 2 -4 10 6 1 -1 7 -4 3 -1 -4 9 -6 6 12 0 -10 14 -9 -12 -3 2 0 -1 2 -5 -8 -2 4 -2 -3 -3 -2
0 -68 -10 5 -1 -2 -6 -31 3 9 9 10 0 6 0 17 1 1 6 1 -4 10 -15 0 -18 6 -4 8 1 5 7 2 -4 10 6 1 -1 7 -4 3 -1 -4 9 -6 6 12 0 -10 14 -9 -12 -3 2 0 -1 2 -5 -8 -2 4 -2 -3 -3 -2
0 -68 -10 5 -1 -2 -6 -31 3 9 9 10 0 6 0 17 1 1 6 1 -4 10 -15 0 -18 6 -4 8 1 5 7 2 -4 10 6 1 -1 7 -4 3 -1 -4 9 -6 6 12 0 -10 14 -9 -12 -3 2 0 -1 2 -5 -8 -2 4 -2 -3 -3 -2
0 -68 -10 5 -1 -2 -6 -31 3 9 9 10 0 6 0 17 1 1 6 1 -4 10 -15 0 -18 6 -4 8 1 5 7 2 -4 10 6 1 -1 7 -4 3 -1 -4 9 -6 6 12 0 -10 14 -9 -12 -3 2 0 -1 2 -5 -8 -2 4 -2 -3 -3 -2
0 -68 -10 5 -1 -2 -6 -31 3 9 9 10 0 6 0 17 1 1 6 1 -4 10 -15 0 -18 6 -4 8 1 5 7 2 -4 10 6 1 -1 7 -4 3 -1 -4 9 -6 6 12 0 -10 14 -9 -12 -3 2 0 -1 2 -5 -8 -2 4 -2 -3 -3 -2
0 -68 -10 5 -1 -2 -6 -31 3 9 9 10 0 6 0 17 1 1 6 1 -4 10 -15 0 -18 6 -4 8 1 5 7 2 -4 10 6 1 -1 7 -4 3 -1 -4 9 -6 6 12 0 -10 14 -9 -12 -3 2 0 -1 2 -5 -8 -2 4 -2 -3 -3 -2
0 -68 -10 5 -1 -2 -6 -31 3 9 9 10 0 6 0 17 1 1 6 1 -4 10 -15 0 -18 6 -4 8 1 5 7 2 -4 10 6 1 -1 7 -4 3 -1 -4 9 -6 6 12 0 -10 14 -9 -12 -3 2 0 -1 2 -5 -8 -2 4 -2 -3 -3 -2
0 -68 -10 5 -1 -2 -6 -31 3 9 9 10 0 6 0 17 1 1 6 1 -4 10 -15 0 -18 6 -4 8 1 5 7 2 -4 10 6 1 -1 7 -4 3 -1 -4 9 -6 6 12 0 -10 14 -9 -12 -3 2 0 -1 2 -5 -8 -2 4 -2 -3 -3 -2
0 -68 -10 5 -1 -2 -6 -31 3 9 9 10 0 6 0 17 1 1 6 1 -4 10 -15 0 -18 6 -4 8 1 5 7 2 -4 10 6 1 -1 7 -4 3 -1 -4 9 -6 6 12 0 -10 14 -9 -12 -3 2 0 -1 2 -5 -8 -2 4 -2 -3 -3 -2
0 -68 -10 5 -1 -2 -6 -31 3 9 9 10 0 6 0 17 1 1 6 1 -4 10 -15 0 -18 6 -4 8 1 5 7 2 -4 10 6 1 -1 7 -4 3 -1 -4 9 -6 6 12 0 -10 14 -9 -12 -3 2 0 -1 2 -5 -8 -2 4 -2 -3 -3 -2
0 -68 -10 5 -1 -2 -6 -31 3 9 9 10 0 6 0 17 1 1 6 1 -4 10 -15 0 -18 6 -4 8 1 5 7 2 -4 10 6 1 -1 7 -4 3 -1 -4 9 -6 6 12 0 -10 14 -9 -12 -3 2 0 -1 2 -5 -8 -2 4 -2 -3 -3 -2
0 -68 -10 5 -1 -2 -6 -31 3 9 9 10 0 6 0 17 1 1 6 1 -4 10 -15 0 -18 6 -4 8 1 5 7 2 -4 10 6 1 -1 7 -4 3 -1 -4 9 -6 6 12 0 -10 14 -9 -12 -3 2 0 -1 2 -5 -8 -2 4 -2 -3 -3 -2
0 -68 -10 5 -1 -2 -6 -31 3 9 9 10 0 6 0 17 1 1 6 1 -4 10 -15 0 -18 6 -4 8 1 5 7 2 -4 10 6 1 -1 7 -4 3 -1 -4 9 -6 6 12 0 -10 14 -9 -12 -3 2 0 -1 2 -5 -8 -2 4 -2 -3 -3 -2
0 -68 -10 5 -1 -2 -6 -31 3 9 9 10 0 6 0 17 1 1 6 1 -4 10 -15 0 -18 6 -4 8 1 5 7 2 -4 10 6 1 -1 7 -4 3 -1 -4 9 -6 6 12 0 -10 14 -9 -12 -3 2 0 -1 2 -5 -8 -2 4 -2 -3 -3 -2
0 -68 -10 5 -1 -2 -6 -31 3 9 9 10 0 6 0 17 1 1 6 1 -4 10 -15 0 -18 6 -4 8 1 5 7 2 -4 10 6 1 -1 7 -4 3 -1 -4 9 -6 6 12 0 -10 14 -9 -12 -3 2 0 -1 2 -5 -8 -2 4 -2 -3 -3 -2
0 -68 -10 5 -1 -2 -6 -31 3 9 9 10 0 6 0 17 1 1 6 1 -4 10 -15 0 -18 6 -4 8 1 5 7 2 -4 10 6 1 -1 7 -4 3 -1 -4 9 -6 6 12 0 -10 14 -9 -12 -3 2 0 -1 2 -5 -8 -2 4 -2 -3 -3 -2
0 -68 -10 5 -1 -2 -6 -31 3 9 9 10 0 6 0 17 1 1 6 1 -4 10 -15 0 -18 6 -4 8 1 5 7 2 -4 10 6 1 -1 7 -4 3 -1 -4 9 -6 6 12 0 -10 14 -9 -12 -3 2 0 -1 2 -5 -8 -2 4 -2 -3 -3 -2
0 -68 -10 5 -1 -2 -6 -31 3 9 9 10 0 6 0 17 1 1 6 1 -4 10 -15 0 -18 6 -4 8 1 5 7 2 -4 10 6 1 -1 7 -4 3 -1 -4 9 -6 6 12 0 -10 14 -9 -12 -3 2 0 -1 2 -5 -8 -2 4 -2 -3 -3 -2
0 -68 -10 5 -1 -2 -6 -31 3 9 9 10 0 6 0 17 1 1 6 1 -4 10 -15 0 -18 6 -4 8 1 5 7 2 -4 10 6 1 -1 7 -4 3 -1 -4 9 -6 6 12 0 -10 14 -9 -12 -3 2 0 -1 2 -5 -8 -2 4 -2 -3 -3 -2
0 -68 -10 5 -1 -2 -6 -31 3 9 9 10 0 6 0 17 1 1 6 1 -4 10 -15 0 -18 6 -4 8 1 5 7 2 -4 10 6 1 -1 7 -4 3 -1 -4 9 -6 6 12 0 -10 14 -9 -12 -3 2 0 -1 2 -5 -8 -2 4 -2 -3 -3 -2
0 -68 -10 5 -1 -2 -6 -31 3 9 9 10 0 6 0 17 1 1 6 1 -4 10 -15 0 -18 6 -4 8 1 5 7 2 -4 10 6 1 -1 7 -4 3 -1 -4 9 -6 6 12 0 -10 14 -9 -12 -3 2 0 -1 2 -5 -8 -2 4 -2 -3 -3 -2
0 -68 -10 5 -1 -2 -6 -31 3 9 9 10 0 6 0 17 1 1 6 1 -4 10 -15 0 -18 6 -4 8 1 5 7 2 -4 10 6 1 -1 7 -4 3 -1 -4 9 -6 6 12 0 -10 14 -9 -12 -3 2 0 -1 2 -5 -8 -2 4 -2 -3 -3 -2
0 -68 -10 5 -1 -2 -6 -31 3 9 9 10 0 6 0 17 1 1 6 1 -4 10 -15 0 -18 6 -4 8 1 5 7 2 -4 10 6 1 -1 7 -4 3 -1 -4 9 -6 6 12 0 -10 14 -9 -12 -3 2 0 -1 2 -5 -8 -2 4 -2 -3 -3 -2
0 -68 -10 5 -1 -2 -6 -31 3 9 9 10 0 6 0 17 1 1 6 1 -4 10 -15 0 -18 6 -4 8 1 5 7 2 -4 10 6 1 -1 7 -4 3 -1 -4 9 -6 6 12 0 -10 14 -9 -12 -3 2 0 -1 2 -5 -8 -2 4 -2 -3 -3 -2
0 -68 -10 5 -1 -2 -6 -31 3 9 9 10 0 6 0 17 1 1 6 1 -4 10 -15 0 -18 6 -4 8 1 5 7 2 -4 10 6 1 -1 7 -4 3 -1 -4 9 -6 6 12 0 -10 14 -9 -12 -3 2 0 -1 2 -5 -8 -2 4 -2 -3 -3 -2
0 -68 -10 5 -1 -2 -6 -31 3 9 9 10 0 6 0 17 1 1 6 1 -4 10 -15 0 -18 6 -4 8 1 5 7 2 -4 10 6 1 -1 7 -4 3 -1 -4 9 -6 6 12 0 -10 14 -9 -12 -3 2 0 -1 2 -5 -8 -2 4 -2 -3 -3 -2
0 -68 -10 5 -1 -2 -6 -31 3 9 9 10 0 6 0 17 1 1 6 1 -4 10 -15 0 -18 6 -4 8 1 5 7 2 -4 10 6 1 -1 7 -4 3 -1 -4 9 -6 6 12 0 -10 14 -9 -12 -3 2 0 -1 2 -5 -8 -2 4 -2 -3 -3 -2
0 -68 -10 5 -1 -2 -6 -31 3 9 9 10 0 6 0 17 1 1 6 1 -4 10 -15 0 -18 6 -4 8 1 5 7 2 -4 10 6 1 -1 7 -4 3 -1 -4 9 -6 6 12 0 -10 14 -9 -12 -3 2 0 -1 2 -5 -8 -2 4 -2 -3 -3 -2
0 -68 -10 5 -1 -2 -6 -31 3 9 9 10 0 6 0 17 1 1 6 1 -4 10 -15 0 -18 6 -4 8 1 5 7 2 -4 10 6 1 -1 7 -4 3 -1 -4 9 -6 6 12 0 -10 14 -9 -12 -3 2 0 -1 2 -5 -8 -2 4 -2 -3 -3 -2
0 -68 -10 5 -1 -2 -6 -31 3 9 9 10 0 6 0 17 1 1 6 1 -4 10 -15 0 -18 6 -4 8 1 5 7 2 -4 10 6 1 -1 7 -4 3 -1 -4 9 -6 6 12 0 -10 14 -9 -12 -3 2 0 -1 2 -5 -8 -2 4 -2 -3 -3 -2
0 -68 -10 5 -1 -2 -6 -31 3 9 9 10 0 6 0 17 1 1 6 1 -4 10 -15 0 -18 6 -4 8 1 5 7 2 -4 10 6 1 -1 7 -4 3 -1 -4 9 -6 6 12 0 -10 14 -9 -12 -3 2 0 -1 2 -5 -8 -2 4 -2 -3 -3 -2
0 -68 -10 5 -1 -2 -6 -31 3 9 9 10 0 6 0 17 1 1 6 1 -4 10 -15 0 -18 6 -4 8 1 5 7 2 -4 10 6 1 -1 7 -4 3 -1 -4 9 -6 6 12 0 -10 14 -9 -12 -3 2 0 -1 2 -5 -8 -2 4 -2 -3 -3 -2
0 -68 -10 5 -1 -2 -6 -31 3 9 9 10 0 6 0 17 1 1 6 1 -4 10 -15 0 -18 6 -4 8 1 5 7 2 -4 10 6 1 -1 7 -4 3 -1 -4 9 -6 6 12 0 -10 14 -9 -12 -3 2 0 -1 2 -5 -8 -2 4 -2 -3 -3 -2
0 -68 -10 5 -1 -2 -6 -31 3 9 9 10 0 6 0 17 1 1 6 1 -4 10 -15 0 -18 6 -4 8 1 5 7 2 -4 10 6 1 -1 7 -4 3 -1 -4 9 -6 6 12 0 -10 14 -9 -12 -3 2 0 -1 2 -5 -8 -2 4 -2 -3 -3 -2
0 -68 -10 5 -1 -2 -6 -31 3 9 9 10 0 6 0 17 1 1 6 1 -4 10 -15 0 -18 6 -4 8 1 5 7 2 -4 10 6 1 -1 7 -4 3 -1 -4 9 -6 6 12 0 -10 14 -9 -12 -3 2 0 -1 2 -5 -8 -2 4 -2 -3 -3 -2
0 -68 -10 5 -1 -2 -6 -31 3 9 9 10 0 6 0 17 1 1 6 1 -4 10 -15 0 -18 6 -4 8 1 5 7 2 -4 10 6 1 -1 7 -4 3 -1 -4 9 -6 6 12 0 -10 14 -9 -12 -3 2 0 -1 2 -5 -8 -2 4 -2 -3 -3 -2
0 -68 -10 5 -1 -2 -6 -31 3 9 9 10 0 6 0 17 1 1 6 1 -4 10 -15 0 -18 6 -4 8 1 5 7 2 -4 10 6 1 -1 7 -4 3 -1 -4 9 -6 6 12 0 -10 14 -9 -12 -3 2 0 -1 2 -5 -8 -2 4 -2 -3 -3 -2
0 -68 -10 5 -1 -2 -6 -31 3 9 9 10 0 6 0 17 1 1 6 1 -4 10 -15 0 -18 6 -4 8 1 5 7 2 -4 10 6 1 -1 7 -4 3 -1 -4 9 -6 6 12 0 -10 14 -9 -12 -3 2 0 -1 2 -5 -8 -2 4 -2 -3 -3 -2
0 -68 -10 5 -1 -2 -6 -31 3 9 9 10 0 6 0 17 1 1 6 1 -4 10 -15 0 -18 6 -4 8 1 5 7 2 -4 10 6 1 -1 7 -4 3 -1 -4 9 -6 6 12 0 -10 14 -9 -12 -3 2 0 -1 2 -5 -8 -2 4 -2 -3 -3 -2
0 -68 -10 5 -1 -2 -6 -31 3 9 9 10 0 6 0 17 1 1 6 1 -4 10 -15 0 -18 6 -4 8 1 5 7 2 -4 10 6 1 -1 7 -4 3 -1 -4 9 -6 6 12 0 -10 14 -9 -12 -3 2 0 -1 2 -5 -8 -2 4 -2 -3 -3 -2
0 -68 -10 5 -1 -2 -6 -31 3 9 9 10 0 6 0 17 1 1 6 1 -4 10 -15 0 -18 6 -4 8 1 5 7 2 -4 10 6 1 -1 7 -4 3 -1 -4 9 -6 6 12 0 -10 14 -9 -12 -3 2 0 -1 2 -5 -8 -2 4 -2 -3 -3 -2
0 -68 -10 5 -1 -2 -6 -31 3 9 9 10 0 6 0 17 1 1 6 1 -4 10 -15 0 -18 6 -4 8 1 5 7 2 -4 10 6 1 -1 7 -4 3 -1 -4 9 -6 6 12 0 -10 14 -9 -12 -3 2 0 -1 2 -5 -8 -2 4 -2 -3 -3 -2
0 -68 -10 5 -1 -2 -6 -31 3 9 9 10 0 6 0 17 1 1 6 1 -4 10 -15 0 -18 6 -4 8 1 5 7 2 -4 10 6 1 -1 7 -4 3 -1 -4 9 -6 6 12 0 -10 14 -9 -12 -3 2 0 -1 2 -5 -8 -2 4 -2 -3 -3 -2
0 -68 -10 5 -1 -2 -6 -31 3 9 9 10 0 6 0 17 1 1 6 1 -4 10 -15 0 -18 6 -4 8 1 5 7 2 -4 10 6 1 -1 7 -4 3 -1 -4 9 -6 6 12 0 -10 14 -9 -12 -3 2 0 -1 2 -5 -8 -2 4 -2 -3 -3 -2
0 -68 -10 5 -1 -2 -6 -31 3 9 9 10 0 6 0 17 1 1 6 1 -4 10 -15 0 -18 6 -4 8 1 5 7 2 -4 10 6 1 -1 7 -4 3 -1 -4 9 -6 6 12 0 -10 14 -9 -12 -3 2 0 -1 2 -5 -8 -2 4 -2 -3 -3 -2
0 -68 -10 5 -1 -2 -6 -31 3 9 9 10 0 6 0 17 1 1 6 1 -4 10 -15 0 -18 6 -4 8 1 5 7 2 -4 10 6 1 -1 7 -4 3 -1 -4 9 -6 6 12 0 -10 14 -9 -12 -3 2 0 -1 2 -5 -8 -2 4 -2 -3 -3 -2
0 -68 -10 5 -1 -2 -6 -31 3 9 9 10 0 6 0 17 1 1 6 1 -4 10 -15 0 -18 6 -4 8 1 5 7 2 -4 10 6 1 -1 7 -4 3 -1 -4 9 -6 6 12 0 -10 14 -9 -12 -3 2 0 -1 2 -5 -8 -2 4 -2 -3 -3 -2
0 -68 -10 5 -1 -2 -6 -31 3 9 9 10 0 6 0 17 1 1 6 1 -4 10 -15 0 -18 6 -4 8 1 5 7 2 -4 10 6 1 -1 7 -4 3 -1 -4 9 -6 6 12 0 -10 14 -9 -12 -3 2 0 -1 2 -5 -8 -2 4 -2 -3 -3 -2
0 -68 -10 5 -1 -2 -6 -31 3 9 9 10 0 6 0 17 1 1 6 1 -4 10 -15 0 -18 6 -4 8 1 5 7 2 -4 10 6 1 -1 7 -4 3 -1 -4 9 -6 6 12 0 -10 14 -9 -12 -3 2 0 -1 2 -5 -8 -2 4 -2 -3 -3 -2
0 -68 -10 5 -1 -2 -6 -31 3 9 9 10 0 6 0 17 1 1 6 1 -4 10 -15 0 -18 6 -4 8 1 5 7 2 -4 10 6 1 -1 7 -4 3 -1 -4 9 -6 6 12 0 -10 14 -9 -12 -3 2 0 -1 2 -5 -8 -2 4 -2 -3 -3 -2
0 -68 -10 5 -1 -2 -6 -31 3 9 9 10 0 6 0 17 1 1 6 1 -4 10 -15 0 -18 6 -4 8 1 5 7 2 -4 10 6 1 -1 7 -4 3 -1 -4 9 -6 6 12 0 -10 14 -9 -12 -3 2 0 -1 2 -5 -8 -2 4 -2 -3 -3 -2
0 -68 -10 5 -1 -2 -6 -31 3 9 9 10 0 6 0 17 1 1 6 1 -4 10 -15 0 -18 6 -4 8 1 5 7 2 -4 10 6 1 -1 7 -4 3 -1 -4 9 -6 6 12 0 -10 14 -9 -12 -3 2 0 -1 2 -5 -8 -2 4 -2 -3 -3 -2
0 -68 -10 5 -1 -2 -6 -31 3 9 9 10 0 6 0 17 1 1 6 1 -4 10 -15 0 -18 6 -4 8 1 5 7 2 -4 10 6 1 -1 7 -4 3 -1 -4 9 -6 6 12 0 -10 14 -9 -12 -3 2 0 -1 2 -5 -8 -2 4 -2 -3 -3 -2
0 -68 -10 5 -1 -2 -6 -31 3 9 9 10 0 6 0 17 1 1 6 1 -4 10 -15 0 -18 6 -4 8 1 5 7 2 -4 10 6 1 -1 7 -4 3 -1 -4 9 -6 6 12 0 -10 14 -9 -12 -3 2 0 -1 2 -5 -8 -2 4 -2 -3 -3 -2
0 -68 -10 5 -1 -2 -6 -31 3 9 9 10 0 6 0 17 1 1 6 1 -4 10 -15 0 -18 6 -4 8 1 5 7 2 -4 10 6 1 -1 7 -4 3 -1 -4 9 -6 6 12 0 -10 14 -9 -12 -3 2 0 -1 2 -5 -8 -2 4 -2 -3 -3 -2
0 -68 -10 5 -1 -2 -6 -31 3 9 9 10 0 6 0 17 1 1 6 1 -4 10 -15 0 -18 6 -4 8 1 5 7 2 -4 10 6 1 -1 7 -4 3 -1 -4 9 -6 6 12 0 -10 14 -9 -12 -3 2 0 -1 2 -5 -8 -2 4 -2 -3 -3 -2
0 -68 -10 5 -1 -2 -6 -31 3 9 9 10 0 6 0 17 1 1 6 1 -4 10 -15 0 -18 6 -4 8 1 5 7 2 -4 10 6 1 -1 7 -4 3 -1 -4 9 -6 6 12 0 -10 14 -9 -12 -3 2 0 -1 2 -5 -8 -2 4 -2 -3 -3 -2
0 -68 -10 5 -1 -2 -6 -31 3 9 9 10 0 6 0 17 1 1 6 1 -4 10 -15 0 -18 6 -4 8 1 5 7 2 -4 10 6 1 -1 7 -4 3 -1 -4 9 -6 6 12 0 -10 14 -9 -12 -3 2 0 -1 2 -5 -8 -2 4 -2 -3 -3 -2
0 -68 -10 5 -1 -2 -6 -31 3 9 9 10 0 6 0 17 1 1 6 1 -4 10 -15 0 -18 6 -4 8 1 5 7 2 -4 10 6 1 -1 7 -4 3 -1 -4 9 -6 6 12 0 -10 14 -9 -12 -3 2 0 -1 2 -5 -8 -2 4 -2 -3 -3 -2
0 -68 -10 5 -1 -2 -6 -31 3 9 9 10 0 6 0 17 1 1 6 1 -4 10 -15 0 -18 6 -4 8 1 5 7 2 -4 10 6 1 -1 7 -4 3 -1 -4 9 -6 6 12 0 -10 14 -9 -12 -3 2 0 -1 2 -5 -8 -2 4 -2 -3 -3 -2
0 -68 -10 5 -1 -2 -6 -31 3 9 9 10 0 6 0 17 1 1 6 1 -4 10 -15 0 -18 6 -4 8 1 5 7 2 -4 10 6 1 -1 7 -4 3 -1 -4 9 -6 6 12 0 -10 14 -9 -12 -3 2 0 -1 2 -5 -8 -2 4 -2 -3 -3 -2
0 -68 -10 5 -1 -2 -6 -31 3 9 9 10 0 6 0 17 1 1 6 1 -4 10 -15 0 -18 6 -4 8 1 5 7 2 -4 10 6 1 -1 7 -4 3 -1 -4 9 -6 6 12 0 -10 14 -9 -12 -3 2 0 -1 2 -5 -8 -2 4 -2 -3 -3 -2
0 -68 -10 5 -1 -2 -6 -31 3 9 9 10 0 6 0 17 1 1 6 1 -4 10 -15 0 -18 6 -4 8 1 5 7 2 -4 10 6 1 -1 7 -4 3 -1 -4 9 -6 6 12 0 -10 14 -9 -12 -3 2 0 -1 2 -5 -8 -2 4 -2 -3 -3 -2
0 -68 -10 5 -1 -2 -6 -31 3 9 9 10 0 6 0 17 1 1 6 1 -4 10 -15 0 -18 6 -4 8 1 5 7 2 -4 10 6 1 -1 7 -4 3 -1 -4 9 -6 6 12 0 -10 14 -9 -12 -3 2 0 -1 2 -5 -8 -2 4 -2 -3 -3 -2
0 -68 -10 5 -1 -2 -6 -31 3 9 9 10 0 6 0 17 1 1 6 1 -4 10 -15 0 -18 6 -4 8 1 5 7 2 -4 10 6 1 -1 7 -4 3 -1 -4 9 -6 6 12 0 -10 14 -9 -12 -3 2 0 -1 2 -5 -8 -2 4 -2 -3 -3 -2
0 -68 -10 5 -1 -2 -6 -31 3 9 9 10 0 6 0 17 1 1 6 1 -4 10 -15 0 -18 6 -4 8 1 5 7 2 -4 10 6 1 -1 7 -4 3 -1 -4 9 -6 6 12 0 -10 14 -9 -12 -3 2 0 -1 2 -5 -8 -2 4 -2 -3 -3 -2
0 -68 -10 5 -1 -2 -6 -31 3 9 9 10 0 6 0 17 1 1 6 1 -4 10 -15 0 -18 6 -4 8 1 5 7 2 -4 10 6 1 -1 7 -4 3 -1 -4 9 -6 6 12 0 -10 14 -9 -12 -3 2 0 -1 2 -5 -8 -2 4 -2 -3 -3 -2
0 -68 -10 5 -1 -2 -6 -31 3 9 9 10 0 6 0 17 1 1 6 1 -4 10 -15 0 -18 6 -4 8 1 5 7 2 -4 10 6 1 -1 7 -4 3 -1 -4 9 -6 6 12 0 -10 14 -9 -12 -3 2 0 -1 2 -5 -8 -2 4 -2 -3 -3 -2
0 -68 -10 5 -1 -2 -6 -31 3 9 9 10 0 6 0 17 1 1 6 1 -4 10 -15 0 -18 6 -4 8 1 5 7 2 -4 10 6 1 -1 7 -4 3 -1 -4 9 -6 6 12 0 -10 14 -9 -12 -3 2 0 -1 2 -5 -8 -2 4 -2 -3 -3 -2
0 -68 -10 5 -1 -2 -6 -31 3 9 9 10 0 6 0 17 1 1 6 1 -4 10 -15 0 -18 6 -4 8 1 5 7 2 -4 10 6 1 -1 7 -4 3 -1 -4 9 -6 6 12 0 -10 14 -9 -12 -3 2 0 -1 2 -5 -8 -2 4 -2 -3 -3 -2
0 -68 -10 5 -1 -2 -6 -31 3 9 9 10 0 6 0 17 1 1 6 1 -4 10 -15 0 -18 6 -4 8 1 5 7 2 -4 10 6 1 -1 7 -4 3 -1 -4 9 -6 6 12 0 -10 14 -9 -12 -3 2 0 -1 2 -5 -8 -2 4 -2 -3 -3 -2
0 -68 -10 5 -1 -2 -6 -31 3 9 9 10 0 6 0 17 1 1 6 1 -4 10 -15 0 -18 6 -4 8 1 5 7 2 -4 10 6 1 -1 7 -4 3 -1 -4 9 -6 6 12 0 -10 14 -9 -12 -3 2 0 -1 2 -5 -8 -2 4 -2 -3 -3 -2
0 -68 -10 5 -1 -2 -6 -31 3 9 9 10 0 6 0 17 1 1 6 1 -4 10 -15 0 -18 6 -4 8 1 5 7 2 -4 10 6 1 -1 7 -4 3 -1 -4 9 -6 6 12 0 -10 14 -9 -12 -3 2 0 -1 2 -5 -8 -2 4 -2 -3 -3 -2
0 -68 -10 5 -1 -2 -6 -31 3 9 9 10 0 6 0 17 1 1 6 1 -4 10 -15 0 -18 6 -4 8 1 5 7 2 -4 10 6 1 -1 7 -4 3 -1 -4 9 -6 6 12 0 -10 14 -9 -12 -3 2 0 -1 2 -5 -8 -2 4 -2 -3 -3 -2
0 -68 -10 5 -1 -2 -6 -31 3 9 9 10 0 6 0 17 1 1 6 1 -4 10 -15 0 -18 6 -4 8 1 5 7 2 -4 10 6 1 -1 7 -4 3 -1 -4 9 -6 6 12 0 -10 14 -9 -12 -3 2 0 -1 2 -5 -8 -2 4 -2 -3 -3 -2
0 -68 -10 5 -1 -2 -6 -31 3 9 9 10 0 6 0 17 1 1 6 1 -4 10 -15 0 -18 6 -4 8 1 5 7 2 -4 10 6 1 -1 7 -4 3 -1 -4 9 -6 6 12 0 -10 14 -9 -12 -3 2 0 -1 2 -5 -8 -2 4 -2 -3 -3 -2
0 -68 -10 5 -1 -2 -6 -31 3 9 9 10 0 6 0 17 1 1 6 1 -4 10 -15 0 -18 6 -4 8 1 5 7 2 -4 10 6 1 -1 7 -4 3 -1 -4 9 -6 6 12 0 -10 14 -9 -12 -3 2 0 -1 2 -5 -8 -2 4 -2 -3 -3 -2
0 -68 -10 5 -1 -2 -6 -31 3 9 9 10 0 6 0 17 1 1 6 1 -4 10 -15 0 -18 6 -4 8 1 5 7 2 -4 10 6 1 -1 7 -4 3 -1 -4 9 -6 6 12 0 -10 14 -9 -12 -3 2 0 -1 2 -5 -8 -2 4 -2 -3 -3 -2
0 -68 -10 5 -1 -2 -6 -31 3 9 9 10 0 6 0 17 1 1 6 1 -4 10 -15 0 -18 6 -4 8 1 5 7 2 -4 10 6 1 -1 7 -4 3 -1 -4 9 -6 6 12 0 -10 14 -9 -12 -3 2 0 -1 2 -5 -8 -2 4 -2 -3 -3 -2
0 -68 -10 5 -1 -2 -6 -31 3 9 9 10 0 6 0 17 1 1 6 1 -4 10 -15 0 -18 6 -4 8 1 5 7 2 -4 10 6 1 -1 7 -4 3 -1 -4 9 -6 6 12 0 -10 14 -9 -12 -3 2 0 -1 2 -5 -8 -2 4 -2 -3 -3 -2
0 -68 -10 5 -1 -2 -6 -31 3 9 9 10 0 6 0 17 1 1 6 1 -4 10 -15 0 -18 6 -4 8 1 5 7 2 -4 10 6 1 -1 7 -4 3 -1 -4 9 -6 6 12 0 -10 14 -9 -12 -3 2 0 -1 2 -5 -8 -2 4 -2 -3 -3 -2
0 -68 -10 5 -1 -2 -6 -31 3 9 9 10 0 6 0 17 1 1 6 1 -4 10 -15 0 -18 6 -4 8 1 5 7 2 -4 10 6 1 -1 7 -4 3 -1 -4 9 -6 6 12 0 -10 14 -9 -12 -3 2 0 -1 2 -5 -8 -2 4 -2 -3 -3 -2
0 -68 -10 5 -1 -2 -6 -31 3 9 9 10 0 6 0 17 1 1 6 1 -4 10 -15 0 -18 6 -4 8 1 5 7 2 -4 10 6 1 -1 7 -4 3 -1 -4 9 -6 6 12 0 -10 14 -9 -12 -3 2 0 -1 2 -5 -8 -2 4 -2 -3 -3 -2
0 -68 -10 5 -1 -2 -6 -31 3 9 9 10 0 6 0 17 1 1 6 1 -4 10 -15 0 -18 6 -4 8 1 5 7 2 -4 10 6 1 -1 7 -4 3 -1 -4 9 -6 6 12 0 -10 14 -9 -12 -3 2 0 -1 2 -5 -8 -2 4 -2 -3 -3 -2
0 -68 -10 5 -1 -2 -6 -31 3 9 9 10 0 6 0 17 1 1 6 1 -4 10 -15 0 -18 6 -4 8 1 5 7 2 -4 10 6 1 -1 7 -4 3 -1 -4 9 -6 6 12 0 -10 14 -9 -12 -3 2 0 -1 2 -5 -8 -2 4 -2 -3 -3 -2
