3 1 -12 7 -4 9 4 8 6 -1 4 4 -1 7 18 -1 -8 -3 5 14 -5 0 -8 -9 -12 3 9 -3 -6 14 12 -6 -2 -13 -4 7 6 -4 4 -3 1 -3 7 -2 -1 16 4 -7 6 -5 -2 -2 8 -4 -1 -6 -5 -4 -12 3 -11 2 -6 0
-21 -8 7 6 -10 3 -2 39 -8 -12 19 -25 3 -23 10 28 -18 -7 -2 -9 7 4 23 0 -7 -21 -14 21 -25 38 3 -27 -18 -16 11 17 7 -22 -1 -10 14 -10 19 18 -4 -17 4 -26 8 1 17 -22 23 8 9 8 -15 6 -2 16 8 8 3 -31
-13 24 37 20 -13 20 -23 21 -12 18 37 4 15 -14 36 13 -14 7 -10 -1 6 2 6 7 -13 -28 -7 13 -34 28 21 -3 -2 -32 -11 20 11 -1 13 -7 -18 -6 11 2 3 10 -22 -6 -1 2 -16 21 32 -7 18 3 -31 19 2 6 48 28 5 -7
-24 -9 6 32 -10 11 -10 -11 -12 18 22 0 26 12 23 15 5 -24 1 1 -2 3 -9 -1 0 -2 8 1 -21 16 3 -15 3 11 -12 27 -2 -6 10 -15 -7 -20 18 6 2 23 -10 3 -7 7 25 3 9 20 -12 -19 -6 -2 15 -24 24 -16 1 15
-27 13 -35 27 -31 11 -35 2 -41 43 9 7 8 -15 9 -2 -16 -36 2 6 -38 27 -11 6 13 28 27 4 -8 32 -34 2 -31 10 4 16 6 16 -2 -26 45 -6 0 34 10 -11 -35 21 28 16 68 5 50 36 -17 22 -24 -6 16 11 -43 0 -36 40
-22 9 -33 18 -44 -11 -29 22 -48 17 -1 6 22 3 37 -21 3 -26 10 -14 -21 9 29 -17 9 -21 31 17 -16 42 5 -19 -10 -1 -2 41 26 17 18 -2 43 21 8 42 -8 5 -13 39 5 20 21 0 31 16 5 -8 -9 -20 23 -29 -44 9 40 2
-29 55 -25 16 17 -4 48 25 -29 32 15 61 3 6 27 22 -59 4 -10 26 -47 2 -27 3 6 2 11 -26 -1 37 21 19 -19 -29 -3 -19 8 -6 17 -40 -3 -9 29 23 33 28 -27 30 33 -1 -14 15 -16 14 -11 13 20 -18 17 -15 -33 2 10 23
-31 4 3 28 -42 1 25 -26 -40 -9 -12 24 31 -1 4 -16 -14 -16 -17 -14 -14 34 22 -2 15 11 55 8 -23 46 8 -10 14 18 2 30 25 -18 16 -13 -8 -28 42 39 9 57 -10 17 -17 -5 1 6 13 14 -14 5 -26 11 -4 -23 -4 -25 32 18
-23 7 10 22 9 14 4 -6 -6 31 0 14 16 1 2 13 -8 -5 -4 -2 10 16 2 -17 -13 -22 9 -9 -2 25 6 -8 12 0 -15 23 3 -3 18 -1 -9 -27 30 0 -14 4 -38 -20 5 35 4 32 4 11 -19 7 -30 -8 -12 -10 10 -5 -26 -5
21 8 -10 50 20 -10 0 3 -30 6 37 -10 18 -8 17 -23 -13 5 -13 -29 -15 -8 -24 67 -7 -17 11 -28 -25 25 21 -28 20 2 20 17 20 -26 3 21 9 2 25 -16 -5 -3 38 13 19 -15 -6 -4 -5 -3 0 32 -35 1 9 6 17 23 12 6
-16 1 8 30 7 6 -6 -8 16 38 -3 17 -1 -2 15 13 23 -6 1 -12 17 9 7 -9 -24 -16 19 -2 -11 18 14 17 0 12 -1 20 8 -9 20 10 4 -24 36 6 -10 30 -24 -9 37 30 10 12 17 1 -29 10 -25 7 -12 2 14 3 -23 7
-28 -4 16 18 -21 12 15 15 14 19 -4 10 -3 -2 20 7 -7 17 29 17 3 3 -1 6 -5 -14 19 -2 -5 15 15 -2 8 -20 -13 1 11 3 24 14 44 -4 16 -12 7 18 -10 -38 26 15 5 9 10 -2 -8 6 -21 13 2 -5 0 -17 0 19
-19 -10 -11 13 -18 9 -10 13 -19 15 1 12 4 -2 4 -17 5 -8 -9 -16 9 9 14 3 -31 -11 21 -9 -25 13 17 1 15 -4 -12 -7 31 13 45 -2 14 7 9 -15 20 32 -12 -38 1 -1 -6 4 19 15 -17 23 14 -10 -1 14 3 0 -13 -6
-1 -4 5 16 -15 20 -28 -19 -62 12 -18 9 56 -5 3 -12 5 -12 -19 -51 -20 -13 28 -29 -8 -12 12 -14 -61 53 -11 -18 10 16 17 14 39 6 29 2 42 -34 10 12 3 7 -6 -57 -8 5 -12 6 11 17 -2 11 7 3 -3 15 1 -5 26 3
28 0 -24 28 -5 2 -2 16 -16 -6 1 -2 13 16 7 -21 -20 -48 11 -14 1 10 -11 32 -14 -14 1 -34 -30 13 35 -16 28 -14 14 -25 42 11 34 -1 -1 19 -11 -16 5 -14 15 -40 16 -19 -19 2 5 -27 1 36 -28 -4 14 -21 -1 10 0 -15
-6 14 -6 17 -27 3 -23 -7 -25 29 -2 12 2 12 20 -2 -4 -17 -20 -17 3 29 14 18 -23 -1 19 -25 -23 32 10 -1 27 -17 -4 -3 37 27 33 -3 -12 10 3 -18 1 10 -5 -18 11 5 2 -27 16 -6 -12 16 3 -15 15 21 -5 -1 -4 -23
6 -17 -5 -7 -6 7 -29 -22 4 5 -24 49 4 -13 17 -6 26 -23 34 -15 17 6 -21 2 4 7 6 -3 -9 42 34 28 27 4 -10 -16 33 53 33 -27 -12 6 16 -15 9 23 -4 -36 16 -16 -7 -11 27 4 -5 -1 -8 -16 6 6 32 -36 7 -49
-7 -17 -10 2 -7 -13 -8 -23 -17 9 -8 11 1 4 37 3 13 -4 15 -19 25 29 -21 -5 5 -5 29 -2 -6 10 16 20 27 -14 -13 -3 4 29 32 -7 0 25 17 -38 9 4 -8 -42 11 -5 -24 -13 32 15 -20 17 -9 -13 -10 -6 19 -30 -23 6
-18 -6 8 9 -25 -11 -36 -13 22 -1 -14 20 9 -13 24 -4 39 13 31 -34 12 2 -33 -3 8 -37 15 15 -14 19 42 40 10 -5 -12 -9 29 34 27 -24 6 0 6 -32 13 20 10 -54 9 -23 -17 -43 50 30 9 22 -34 -28 -28 2 52 -38 9 -18
12 -16 -25 6 6 -6 -9 -34 -7 -6 -36 32 33 -1 33 -14 10 41 13 -27 9 -13 -12 5 12 28 -13 21 -36 63 -26 17 0 7 14 -53 11 57 32 -5 -18 -16 -27 15 33 61 -3 -13 -4 -3 10 -30 39 24 -27 37 -16 -32 14 10 -4 -2 14 -56
3 8 4 23 -26 -30 -15 2 13 14 -18 35 23 17 28 6 -3 43 41 -16 41 -1 -26 36 -4 36 20 18 -28 76 8 27 39 -12 6 -26 24 39 53 -15 -18 -3 -3 -2 15 22 -6 -31 13 -8 -34 -41 59 30 -5 25 -19 -32 7 16 20 -33 5 -8
-1 10 1 0 26 -6 14 -7 -21 4 32 -13 -4 5 5 9 -1 -27 -7 -10 -2 4 -22 38 -42 -33 3 9 -47 -18 12 -10 54 -4 10 -24 2 -15 24 40 12 -14 -15 10 9 -19 35 -14 -1 5 -15 -7 6 -44 10 6 -13 -27 16 -5 41 19 23 16
-1 -2 1 -1 -1 -2 1 0 0 2 4 -1 -1 -3 1 -3 2 0 2 0 1 -1 1 -1 1 0 -2 1 -1 -1 0 4 1 0 1 0 1 2 0 -1 0 -1 2 0 0 -1 0 2 -1 2 1 0 0 0 1 0 -1 3 2 3 -1 0 2 -2
-11 17 6 -2 9 15 -16 20 -21 15 37 -14 7 3 -4 1 -25 -30 5 14 -8 24 -19 -4 0 -2 0 24 -5 22 31 -12 34 -12 10 23 2 -4 10 34 -23 1 19 -27 -2 -15 -15 -18 -10 -23 -8 -9 23 24 12 -9 -19 -12 -10 -11 16 25 -21 0
4 22 15 23 32 20 -20 48 -7 6 60 18 13 1 -2 4 -34 -10 21 24 7 20 -7 4 -3 -22 -10 29 -34 24 26 -30 21 -19 11 31 17 -7 17 28 -12 5 8 -28 0 -2 5 -12 -3 3 -13 -11 27 24 -17 -4 -26 -15 -3 -7 9 24 -16 -3
-10 17 2 17 6 17 -8 -2 -19 0 23 9 2 7 19 -8 -16 -13 4 11 -10 8 -21 5 -1 -12 4 36 -8 28 12 -17 24 -5 4 21 19 -15 0 30 -19 7 1 -35 -10 12 -23 -3 0 -6 1 0 23 13 -13 -32 6 -18 23 7 41 4 -28 -13
-21 14 -34 25 -6 4 -32 12 -44 20 11 8 21 -15 15 -9 -19 -30 -16 15 -45 25 -15 -10 26 34 39 39 4 58 -28 -5 -12 6 8 22 7 12 -6 -18 27 5 1 12 31 -24 -46 12 40 8 61 15 43 47 -19 8 -25 -23 5 4 -38 13 -27 19
-7 15 -28 2 -29 -8 -36 23 -59 18 4 -3 13 -6 0 -10 -12 -33 7 30 -15 12 17 -6 0 -16 29 55 -2 56 7 -28 21 1 -4 46 21 7 12 6 28 5 5 24 -4 -13 -29 30 8 24 5 8 29 19 -4 -26 -8 -32 17 -35 -28 26 41 5
-16 53 -38 17 39 -3 35 33 -18 29 22 42 6 -20 11 3 -55 -7 -13 47 -50 14 -34 25 18 -20 5 16 15 52 18 13 6 -34 6 -27 28 -24 8 -4 -15 -13 34 7 42 8 -30 -17 4 -13 -33 5 -1 15 -22 0 3 1 6 -8 -8 30 -18 27
-13 17 -13 3 -17 -12 20 -16 -43 -12 5 26 30 1 -7 -22 -4 -21 -11 4 -33 25 -4 -8 5 1 35 39 -9 61 20 -18 25 1 13 36 25 -7 11 16 -4 -15 32 4 15 33 -36 8 -24 -18 3 -22 24 18 -3 -14 -14 -6 -11 -15 12 10 21 8
-28 15 9 8 22 9 -14 13 7 21 21 12 2 -6 14 -3 -7 16 -8 6 5 28 10 -14 -22 -21 21 19 14 34 12 -12 28 -19 -7 26 -5 -18 5 27 -10 -17 22 -18 -15 -3 -31 -19 17 17 -15 15 13 4 -20 -13 -9 -3 -6 5 21 -1 -41 -9
5 6 4 9 22 1 -29 23 12 19 19 -3 10 2 3 -6 11 8 -2 10 13 26 5 -7 -17 -27 25 11 -3 41 28 -3 16 -7 4 47 3 0 -6 32 -9 -18 16 -38 -16 -1 -30 -30 26 10 -3 -10 12 2 -25 -7 -29 -3 -16 -4 10 11 -8 6
-25 22 1 8 1 13 11 17 11 4 13 20 -5 12 11 5 -15 25 18 41 -8 34 -21 6 2 -25 10 42 11 27 33 -1 23 -24 -4 2 16 -6 9 28 14 3 20 -47 31 -6 -28 -19 18 4 9 8 17 -12 -19 -14 -7 9 17 -18 -3 5 -15 3
28 13 19 1 0 38 -15 14 -17 8 19 15 4 -17 -9 -16 -15 -16 7 -1 -6 20 3 -37 -24 2 40 35 -20 21 9 -21 39 -30 2 23 33 8 27 23 -4 -14 9 -36 11 19 -23 -16 -8 -15 -4 -15 36 8 -30 -19 -7 -24 0 19 6 28 -10 -8
9 12 -15 -15 19 -3 -31 -5 -6 5 3 44 -10 -20 15 -7 8 -10 29 4 5 21 -47 -9 -1 -8 17 26 13 39 38 34 36 -19 2 -9 36 42 31 -25 -16 41 27 -37 6 -5 -12 -31 2 -17 -5 -25 30 16 -1 4 -13 -23 -28 8 38 -19 5 -49
-2 10 -9 -9 1 3 -15 8 -14 -4 10 15 -13 2 4 3 -6 -9 10 3 12 21 -43 -8 -11 -28 32 34 8 23 21 6 37 -26 -3 3 19 16 1 6 -28 13 25 -53 8 -15 -30 -42 -6 -8 -13 -29 22 8 -15 -3 -4 -21 -8 -5 18 -9 -23 0
7 9 2 -1 -9 -1 -42 -7 -13 -3 -6 26 0 -27 6 -3 23 11 34 0 8 6 -41 7 18 -40 35 44 -3 36 41 49 35 8 17 6 37 36 31 1 -10 -8 13 -44 23 6 8 -31 -4 -30 -3 -61 55 24 1 16 -19 -30 -33 -5 29 -7 12 -27
12 1 -28 0 17 -9 -17 -15 -1 -17 -19 43 26 -11 33 -11 -7 25 -3 -8 9 22 -30 -4 12 26 -13 50 -40 72 -25 22 -7 0 2 -29 33 51 22 -10 -31 -32 -22 7 31 48 6 -35 -8 2 -5 -33 43 23 -28 10 -18 -38 -11 0 -7 -10 17 -37
-6 45 -8 10 -6 -14 -14 0 21 -5 -6 42 29 0 -8 3 -35 22 27 16 38 17 -24 -1 -8 3 34 36 -1 81 3 15 46 -20 2 -19 18 24 38 -4 -51 5 10 -18 13 8 -19 -37 11 -25 -47 -57 48 1 -18 10 -27 -52 12 16 24 -16 -25 7
11 21 13 -6 24 8 9 -7 -12 18 26 -2 -16 5 2 0 -4 1 14 -1 -8 -1 -11 35 -42 -24 6 20 -46 5 12 -9 62 -17 8 -6 -7 -15 20 33 -3 -23 -10 -11 18 -31 24 -29 2 7 -16 -12 27 -33 16 -1 1 -3 27 3 27 35 16 13
-1 -2 1 1 -2 0 -1 2 0 3 5 0 0 -3 0 1 1 -2 1 -2 1 -1 2 -2 -1 2 0 1 3 -1 -1 3 1 0 -1 1 1 1 0 -1 0 -1 2 0 0 -2 -2 2 -2 2 0 3 -1 -2 2 -2 -1 0 0 4 0 0 1 -2
2 -17 27 1 -3 29 -49 0 1 18 14 -18 10 19 9 -2 3 15 18 -7 7 -15 -4 3 -9 0 -7 15 -30 -1 1 9 4 21 17 6 1 4 34 -6 15 -12 12 1 10 19 -18 -28 -43 15 -2 -27 -3 5 -40 1 27 10 3 -9 -8 -11 -6 18
2 -17 27 1 -3 29 -49 0 1 18 14 -18 10 19 9 -2 3 15 18 -7 7 -15 -4 3 -9 0 -7 15 -30 -1 1 9 4 21 17 6 1 4 34 -6 15 -12 12 1 10 19 -18 -28 -43 15 -2 -27 -3 5 -40 1 27 10 3 -9 -8 -11 -6 18
2 -17 27 1 -3 29 -49 0 1 18 14 -18 10 19 9 -2 3 15 18 -7 7 -15 -4 3 -9 0 -7 15 -30 -1 1 9 4 21 17 6 1 4 34 -6 15 -12 12 1 10 19 -18 -28 -43 15 -2 -27 -3 5 -40 1 27 10 3 -9 -8 -11 -6 18
2 -17 27 1 -3 29 -49 0 1 18 14 -18 10 19 9 -2 3 15 18 -7 7 -15 -4 3 -9 0 -7 15 -30 -1 1 9 4 21 17 6 1 4 34 -6 15 -12 12 1 10 19 -18 -28 -43 15 -2 -27 -3 5 -40 1 27 10 3 -9 -8 -11 -6 18
2 -17 27 1 -3 29 -49 0 1 18 14 -18 10 19 9 -2 3 15 18 -7 7 -15 -4 3 -9 0 -7 15 -30 -1 1 9 4 21 17 6 1 4 34 -6 15 -12 12 1 10 19 -18 -28 -43 15 -2 -27 -3 5 -40 1 27 10 3 -9 -8 -11 -6 18
2 -17 27 1 -3 29 -49 0 1 18 14 -18 10 19 9 -2 3 15 18 -7 7 -15 -4 3 -9 0 -7 15 -30 -1 1 9 4 21 17 6 1 4 34 -6 15 -12 12 1 10 19 -18 -28 -43 15 -2 -27 -3 5 -40 1 27 10 3 -9 -8 -11 -6 18
2 -17 27 1 -3 29 -49 0 1 18 14 -18 10 19 9 -2 3 15 18 -7 7 -15 -4 3 -9 0 -7 15 -30 -1 1 9 4 21 17 6 1 4 34 -6 15 -12 12 1 10 19 -18 -28 -43 15 -2 -27 -3 5 -40 1 27 10 3 -9 -8 -11 -6 18
2 -17 27 1 -3 29 -49 0 1 18 14 -18 10 19 9 -2 3 15 18 -7 7 -15 -4 3 -9 0 -7 15 -30 -1 1 9 4 21 17 6 1 4 34 -6 15 -12 12 1 10 19 -18 -28 -43 15 -2 -27 -3 5 -40 1 27 10 3 -9 -8 -11 -6 18
2 -17 27 1 -3 29 -49 0 1 18 14 -18 10 19 9 -2 3 15 18 -7 7 -15 -4 3 -9 0 -7 15 -30 -1 1 9 4 21 17 6 1 4 34 -6 15 -12 12 1 10 19 -18 -28 -43 15 -2 -27 -3 5 -40 1 27 10 3 -9 -8 -11 -6 18
2 -17 27 1 -3 29 -49 0 1 18 14 -18 10 19 9 -2 3 15 18 -7 7 -15 -4 3 -9 0 -7 15 -30 -1 1 9 4 21 17 6 1 4 34 -6 15 -12 12 1 10 19 -18 -28 -43 15 -2 -27 -3 5 -40 1 27 10 3 -9 -8 -11 -6 18
2 -17 27 1 -3 29 -49 0 1 18 14 -18 10 19 9 -2 3 15 18 -7 7 -15 -4 3 -9 0 -7 15 -30 -1 1 9 4 21 17 6 1 4 34 -6 15 -12 12 1 10 19 -18 -28 -43 15 -2 -27 -3 5 -40 1 27 10 3 -9 -8 -11 -6 18
2 -17 27 1 -3 29 -49 0 1 18 14 -18 10 19 9 -2 3 15 18 -7 7 -15 -4 3 -9 0 -7 15 -30 -1 1 9 4 21 17 6 1 4 34 -6 15 -12 12 1 10 19 -18 -28 -43 15 -2 -27 -3 5 -40 1 27 10 3 -9 -8 -11 -6 18
2 -17 27 1 -3 29 -49 0 1 18 14 -18 10 19 9 -2 3 15 18 -7 7 -15 -4 3 -9 0 -7 15 -30 -1 1 9 4 21 17 6 1 4 34 -6 15 -12 12 1 10 19 -18 -28 -43 15 -2 -27 -3 5 -40 1 27 10 3 -9 -8 -11 -6 18
2 -17 27 1 -3 29 -49 0 1 18 14 -18 10 19 9 -2 3 15 18 -7 7 -15 -4 3 -9 0 -7 15 -30 -1 1 9 4 21 17 6 1 4 34 -6 15 -12 12 1 10 19 -18 -28 -43 15 -2 -27 -3 5 -40 1 27 10 3 -9 -8 -11 -6 18
2 -17 27 1 -3 29 -49 0 1 18 14 -18 10 19 9 -2 3 15 18 -7 7 -15 -4 3 -9 0 -7 15 -30 -1 1 9 4 21 17 6 1 4 34 -6 15 -12 12 1 10 19 -18 -28 -43 15 -2 -27 -3 5 -40 1 27 10 3 -9 -8 -11 -6 18
2 -17 27 1 -3 29 -49 0 1 18 14 -18 10 19 9 -2 3 15 18 -7 7 -15 -4 3 -9 0 -7 15 -30 -1 1 9 4 21 17 6 1 4 34 -6 15 -12 12 1 10 19 -18 -28 -43 15 -2 -27 -3 5 -40 1 27 10 3 -9 -8 -11 -6 18
2 -17 27 1 -3 29 -49 0 1 18 14 -18 10 19 9 -2 3 15 18 -7 7 -15 -4 3 -9 0 -7 15 -30 -1 1 9 4 21 17 6 1 4 34 -6 15 -12 12 1 10 19 -18 -28 -43 15 -2 -27 -3 5 -40 1 27 10 3 -9 -8 -11 -6 18
2 -17 27 1 -3 29 -49 0 1 18 14 -18 10 19 9 -2 3 15 18 -7 7 -15 -4 3 -9 0 -7 15 -30 -1 1 9 4 21 17 6 1 4 34 -6 15 -12 12 1 10 19 -18 -28 -43 15 -2 -27 -3 5 -40 1 27 10 3 -9 -8 -11 -6 18
2 -17 27 1 -3 29 -49 0 1 18 14 -18 10 19 9 -2 3 15 18 -7 7 -15 -4 3 -9 0 -7 15 -30 -1 1 9 4 21 17 6 1 4 34 -6 15 -12 12 1 10 19 -18 -28 -43 15 -2 -27 -3 5 -40 1 27 10 3 -9 -8 -11 -6 18
2 -17 27 1 -3 29 -49 0 1 18 14 -18 10 19 9 -2 3 15 18 -7 7 -15 -4 3 -9 0 -7 15 -30 -1 1 9 4 21 17 6 1 4 34 -6 15 -12 12 1 10 19 -18 -28 -43 15 -2 -27 -3 5 -40 1 27 10 3 -9 -8 -11 -6 18
2 -17 27 1 -3 29 -49 0 1 18 14 -18 10 19 9 -2 3 15 18 -7 7 -15 -4 3 -9 0 -7 15 -30 -1 1 9 4 21 17 6 1 4 34 -6 15 -12 12 1 10 19 -18 -28 -43 15 -2 -27 -3 5 -40 1 27 10 3 -9 -8 -11 -6 18
2 -17 27 1 -3 29 -49 0 1 18 14 -18 10 19 9 -2 3 15 18 -7 7 -15 -4 3 -9 0 -7 15 -30 -1 1 9 4 21 17 6 1 4 34 -6 15 -12 12 1 10 19 -18 -28 -43 15 -2 -27 -3 5 -40 1 27 10 3 -9 -8 -11 -6 18
2 -17 27 1 -3 29 -49 0 1 18 14 -18 10 19 9 -2 3 15 18 -7 7 -15 -4 3 -9 0 -7 15 -30 -1 1 9 4 21 17 6 1 4 34 -6 15 -12 12 1 10 19 -18 -28 -43 15 -2 -27 -3 5 -40 1 27 10 3 -9 -8 -11 -6 18
2 -17 27 1 -3 29 -49 0 1 18 14 -18 10 19 9 -2 3 15 18 -7 7 -15 -4 3 -9 0 -7 15 -30 -1 1 9 4 21 17 6 1 4 34 -6 15 -12 12 1 10 19 -18 -28 -43 15 -2 -27 -3 5 -40 1 27 10 3 -9 -8 -11 -6 18
2 -17 27 1 -3 29 -49 0 1 18 14 -18 10 19 9 -2 3 15 18 -7 7 -15 -4 3 -9 0 -7 15 -30 -1 1 9 4 21 17 6 1 4 34 -6 15 -12 12 1 10 19 -18 -28 -43 15 -2 -27 -3 5 -40 1 27 10 3 -9 -8 -11 -6 18
2 -17 27 1 -3 29 -49 0 1 18 14 -18 10 19 9 -2 3 15 18 -7 7 -15 -4 3 -9 0 -7 15 -30 -1 1 9 4 21 17 6 1 4 34 -6 15 -12 12 1 10 19 -18 -28 -43 15 -2 -27 -3 5 -40 1 27 10 3 -9 -8 -11 -6 18
2 -17 27 1 -3 29 -49 0 1 18 14 -18 10 19 9 -2 3 15 18 -7 7 -15 -4 3 -9 0 -7 15 -30 -1 1 9 4 21 17 6 1 4 34 -6 15 -12 12 1 10 19 -18 -28 -43 15 -2 -27 -3 5 -40 1 27 10 3 -9 -8 -11 -6 18
2 -17 27 1 -3 29 -49 0 1 18 14 -18 10 19 9 -2 3 15 18 -7 7 -15 -4 3 -9 0 -7 15 -30 -1 1 9 4 21 17 6 1 4 34 -6 15 -12 12 1 10 19 -18 -28 -43 15 -2 -27 -3 5 -40 1 27 10 3 -9 -8 -11 -6 18
2 -17 27 1 -3 29 -49 0 1 18 14 -18 10 19 9 -2 3 15 18 -7 7 -15 -4 3 -9 0 -7 15 -30 -1 1 9 4 21 17 6 1 4 34 -6 15 -12 12 1 10 19 -18 -28 -43 15 -2 -27 -3 5 -40 1 27 10 3 -9 -8 -11 -6 18
2 -17 27 1 -3 29 -49 0 1 18 14 -18 10 19 9 -2 3 15 18 -7 7 -15 -4 3 -9 0 -7 15 -30 -1 1 9 4 21 17 6 1 4 34 -6 15 -12 12 1 10 19 -18 -28 -43 15 -2 -27 -3 5 -40 1 27 10 3 -9 -8 -11 -6 18
2 -17 27 1 -3 29 -49 0 1 18 14 -18 10 19 9 -2 3 15 18 -7 7 -15 -4 3 -9 0 -7 15 -30 -1 1 9 4 21 17 6 1 4 34 -6 15 -12 12 1 10 19 -18 -28 -43 15 -2 -27 -3 5 -40 1 27 10 3 -9 -8 -11 -6 18
2 -17 27 1 -3 29 -49 0 1 18 14 -18 10 19 9 -2 3 15 18 -7 7 -15 -4 3 -9 0 -7 15 -30 -1 1 9 4 21 17 6 1 4 34 -6 15 -12 12 1 10 19 -18 -28 -43 15 -2 -27 -3 5 -40 1 27 10 3 -9 -8 -11 -6 18
2 -17 27 1 -3 29 -49 0 1 18 14 -18 10 19 9 -2 3 15 18 -7 7 -15 -4 3 -9 0 -7 15 -30 -1 1 9 4 21 17 6 1 4 34 -6 15 -12 12 1 10 19 -18 -28 -43 15 -2 -27 -3 5 -40 1 27 10 3 -9 -8 -11 -6 18
2 -17 27 1 -3 29 -49 0 1 18 14 -18 10 19 9 -2 3 15 18 -7 7 -15 -4 3 -9 0 -7 15 -30 -1 1 9 4 21 17 6 1 4 34 -6 15 -12 12 1 10 19 -18 -28 -43 15 -2 -27 -3 5 -40 1 27 10 3 -9 -8 -11 -6 18
2 -17 27 1 -3 29 -49 0 1 18 14 -18 10 19 9 -2 3 15 18 -7 7 -15 -4 3 -9 0 -7 15 -30 -1 1 9 4 21 17 6 1 4 34 -6 15 -12 12 1 10 19 -18 -28 -43 15 -2 -27 -3 5 -40 1 27 10 3 -9 -8 -11 -6 18
2 -17 27 1 -3 29 -49 0 1 18 14 -18 10 19 9 -2 3 15 18 -7 7 -15 -4 3 -9 0 -7 15 -30 -1 1 9 4 21 17 6 1 4 34 -6 15 -12 12 1 10 19 -18 -28 -43 15 -2 -27 -3 5 -40 1 27 10 3 -9 -8 -11 -6 18
2 -17 27 1 -3 29 -49 0 1 18 14 -18 10 19 9 -2 3 15 18 -7 7 -15 -4 3 -9 0 -7 15 -30 -1 1 9 4 21 17 6 1 4 34 -6 15 -12 12 1 10 19 -18 -28 -43 15 -2 -27 -3 5 -40 1 27 10 3 -9 -8 -11 -6 18
2 -17 27 1 -3 29 -49 0 1 18 14 -18 10 19 9 -2 3 15 18 -7 7 -15 -4 3 -9 0 -7 15 -30 -1 1 9 4 21 17 6 1 4 34 -6 15 -12 12 1 10 19 -18 -28 -43 15 -2 -27 -3 5 -40 1 27 10 3 -9 -8 -11 -6 18
2 -17 27 1 -3 29 -49 0 1 18 14 -18 10 19 9 -2 3 15 18 -7 7 -15 -4 3 -9 0 -7 15 -30 -1 1 9 4 21 17 6 1 4 34 -6 15 -12 12 1 10 19 -18 -28 -43 15 -2 -27 -3 5 -40 1 27 10 3 -9 -8 -11 -6 18
2 -17 27 1 -3 29 -49 0 1 18 14 -18 10 19 9 -2 3 15 18 -7 7 -15 -4 3 -9 0 -7 15 -30 -1 1 9 4 21 17 6 1 4 34 -6 15 -12 12 1 10 19 -18 -28 -43 15 -2 -27 -3 5 -40 1 27 10 3 -9 -8 -11 -6 18
2 -17 27 1 -3 29 -49 0 1 18 14 -18 10 19 9 -2 3 15 18 -7 7 -15 -4 3 -9 0 -7 15 -30 -1 1 9 4 21 17 6 1 4 34 -6 15 -12 12 1 10 19 -18 -28 -43 15 -2 -27 -3 5 -40 1 27 10 3 -9 -8 -11 -6 18
2 -17 27 1 -3 29 -49 0 1 18 14 -18 10 19 9 -2 3 15 18 -7 7 -15 -4 3 -9 0 -7 15 -30 -1 1 9 4 21 17 6 1 4 34 -6 15 -12 12 1 10 19 -18 -28 -43 15 -2 -27 -3 5 -40 1 27 10 3 -9 -8 -11 -6 18
2 -17 27 1 -3 29 -49 0 1 18 14 -18 10 19 9 -2 3 15 18 -7 7 -15 -4 3 -9 0 -7 15 -30 -1 1 9 4 21 17 6 1 4 34 -6 15 -12 12 1 10 19 -18 -28 -43 15 -2 -27 -3 5 -40 1 27 10 3 -9 -8 -11 -6 18
2 -17 27 1 -3 29 -49 0 1 18 14 -18 10 19 9 -2 3 15 18 -7 7 -15 -4 3 -9 0 -7 15 -30 -1 1 9 4 21 17 6 1 4 34 -6 15 -12 12 1 10 19 -18 -28 -43 15 -2 -27 -3 5 -40 1 27 10 3 -9 -8 -11 -6 18
2 -17 27 1 -3 29 -49 0 1 18 14 -18 10 19 9 -2 3 15 18 -7 7 -15 -4 3 -9 0 -7 15 -30 -1 1 9 4 21 17 6 1 4 34 -6 15 -12 12 1 10 19 -18 -28 -43 15 -2 -27 -3 5 -40 1 27 10 3 -9 -8 -11 -6 18
2 -17 27 1 -3 29 -49 0 1 18 14 -18 10 19 9 -2 3 15 18 -7 7 -15 -4 3 -9 0 -7 15 -30 -1 1 9 4 21 17 6 1 4 34 -6 15 -12 12 1 10 19 -18 -28 -43 15 -2 -27 -3 5 -40 1 27 10 3 -9 -8 -11 -6 18
2 -17 27 1 -3 29 -49 0 1 18 14 -18 10 19 9 -2 3 15 18 -7 7 -15 -4 3 -9 0 -7 15 -30 -1 1 9 4 21 17 6 1 4 34 -6 15 -12 12 1 10 19 -18 -28 -43 15 -2 -27 -3 5 -40 1 27 10 3 -9 -8 -11 -6 18
2 -17 27 1 -3 29 -49 0 1 18 14 -18 10 19 9 -2 3 15 18 -7 7 -15 -4 3 -9 0 -7 15 -30 -1 1 9 4 21 17 6 1 4 34 -6 15 -12 12 1 10 19 -18 -28 -43 15 -2 -27 -3 5 -40 1 27 10 3 -9 -8 -11 -6 18
2 -17 27 1 -3 29 -49 0 1 18 14 -18 10 19 9 -2 3 15 18 -7 7 -15 -4 3 -9 0 -7 15 -30 -1 1 9 4 21 17 6 1 4 34 -6 15 -12 12 1 10 19 -18 -28 -43 15 -2 -27 -3 5 -40 1 27 10 3 -9 -8 -11 -6 18
2 -17 27 1 -3 29 -49 0 1 18 14 -18 10 19 9 -2 3 15 18 -7 7 -15 -4 3 -9 0 -7 15 -30 -1 1 9 4 21 17 6 1 4 34 -6 15 -12 12 1 10 19 -18 -28 -43 15 -2 -27 -3 5 -40 1 27 10 3 -9 -8 -11 -6 18
2 -17 27 1 -3 29 -49 0 1 18 14 -18 10 19 9 -2 3 15 18 -7 7 -15 -4 3 -9 0 -7 15 -30 -1 1 9 4 21 17 6 1 4 34 -6 15 -12 12 1 10 19 -18 -28 -43 15 -2 -27 -3 5 -40 1 27 10 3 -9 -8 -11 -6 18
2 -17 27 1 -3 29 -49 0 1 18 14 -18 10 19 9 -2 3 15 18 -7 7 -15 -4 3 -9 0 -7 15 -30 -1 1 9 4 21 17 6 1 4 34 -6 15 -12 12 1 10 19 -18 -28 -43 15 -2 -27 -3 5 -40 1 27 10 3 -9 -8 -11 -6 18
2 -17 27 1 -3 29 -49 0 1 18 14 -18 10 19 9 -2 3 15 18 -7 7 -15 -4 3 -9 0 -7 15 -30 -1 1 9 4 21 17 6 1 4 34 -6 15 -12 12 1 10 19 -18 -28 -43 15 -2 -27 -3 5 -40 1 27 10 3 -9 -8 -11 -6 18
2 -17 27 1 -3 29 -49 0 1 18 14 -18 10 19 9 -2 3 15 18 -7 7 -15 -4 3 -9 0 -7 15 -30 -1 1 9 4 21 17 6 1 4 34 -6 15 -12 12 1 10 19 -18 -28 -43 15 -2 -27 -3 5 -40 1 27 10 3 -9 -8 -11 -6 18
2 -17 27 1 -3 29 -49 0 1 18 14 -18 10 19 9 -2 3 15 18 -7 7 -15 -4 3 -9 0 -7 15 -30 -1 1 9 4 21 17 6 1 4 34 -6 15 -12 12 1 10 19 -18 -28 -43 15 -2 -27 -3 5 -40 1 27 10 3 -9 -8 -11 -6 18
2 -17 27 1 -3 29 -49 0 1 18 14 -18 10 19 9 -2 3 15 18 -7 7 -15 -4 3 -9 0 -7 15 -30 -1 1 9 4 21 17 6 1 4 34 -6 15 -12 12 1 10 19 -18 -28 -43 15 -2 -27 -3 5 -40 1 27 10 3 -9 -8 -11 -6 18
2 -17 27 1 -3 29 -49 0 1 18 14 -18 10 19 9 -2 3 15 18 -7 7 -15 -4 3 -9 0 -7 15 -30 -1 1 9 4 21 17 6 1 4 34 -6 15 -12 12 1 10 19 -18 -28 -43 15 -2 -27 -3 5 -40 1 27 10 3 -9 -8 -11 -6 18
2 -17 27 1 -3 29 -49 0 1 18 14 -18 10 19 9 -2 3 15 18 -7 7 -15 -4 3 -9 0 -7 15 -30 -1 1 9 4 21 17 6 1 4 34 -6 15 -12 12 1 10 19 -18 -28 -43 15 -2 -27 -3 5 -40 1 27 10 3 -9 -8 -11 -6 18
2 -17 27 1 -3 29 -49 0 1 18 14 -18 10 19 9 -2 3 15 18 -7 7 -15 -4 3 -9 0 -7 15 -30 -1 1 9 4 21 17 6 1 4 34 -6 15 -12 12 1 10 19 -18 -28 -43 15 -2 -27 -3 5 -40 1 27 10 3 -9 -8 -11 -6 18
2 -17 27 1 -3 29 -49 0 1 18 14 -18 10 19 9 -2 3 15 18 -7 7 -15 -4 3 -9 0 -7 15 -30 -1 1 9 4 21 17 6 1 4 34 -6 15 -12 12 1 10 19 -18 -28 -43 15 -2 -27 -3 5 -40 1 27 10 3 -9 -8 -11 -6 18
2 -17 27 1 -3 29 -49 0 1 18 14 -18 10 19 9 -2 3 15 18 -7 7 -15 -4 3 -9 0 -7 15 -30 -1 1 9 4 21 17 6 1 4 34 -6 15 -12 12 1 10 19 -18 -28 -43 15 -2 -27 -3 5 -40 1 27 10 3 -9 -8 -11 -6 18
2 -17 27 1 -3 29 -49 0 1 18 14 -18 10 19 9 -2 3 15 18 -7 7 -15 -4 3 -9 0 -7 15 -30 -1 1 9 4 21 17 6 1 4 34 -6 15 -12 12 1 10 19 -18 -28 -43 15 -2 -27 -3 5 -40 1 27 10 3 -9 -8 -11 -6 18
2 -17 27 1 -3 29 -49 0 1 18 14 -18 10 19 9 -2 3 15 18 -7 7 -15 -4 3 -9 0 -7 15 -30 -1 1 9 4 21 17 6 1 4 34 -6 15 -12 12 1 10 19 -18 -28 -43 15 -2 -27 -3 5 -40 1 27 10 3 -9 -8 -11 -6 18
2 -17 27 1 -3 29 -49 0 1 18 14 -18 10 19 9 -2 3 15 18 -7 7 -15 -4 3 -9 0 -7 15 -30 -1 1 9 4 21 17 6 1 4 34 -6 15 -12 12 1 10 19 -18 -28 -43 15 -2 -27 -3 5 -40 1 27 10 3 -9 -8 -11 -6 18
2 -17 27 1 -3 29 -49 0 1 18 14 -18 10 19 9 -2 3 15 18 -7 7 -15 -4 3 -9 0 -7 15 -30 -1 1 9 4 21 17 6 1 4 34 -6 15 -12 12 1 10 19 -18 -28 -43 15 -2 -27 -3 5 -40 1 27 10 3 -9 -8 -11 -6 18
2 -17 27 1 -3 29 -49 0 1 18 14 -18 10 19 9 -2 3 15 18 -7 7 -15 -4 3 -9 0 -7 15 -30 -1 1 9 4 21 17 6 1 4 34 -6 15 -12 12 1 10 19 -18 -28 -43 15 -2 -27 -3 5 -40 1 27 10 3 -9 -8 -11 -6 18
2 -17 27 1 -3 29 -49 0 1 18 14 -18 10 19 9 -2 3 15 18 -7 7 -15 -4 3 -9 0 -7 15 -30 -1 1 9 4 21 17 6 1 4 34 -6 15 -12 12 1 10 19 -18 -28 -43 15 -2 -27 -3 5 -40 1 27 10 3 -9 -8 -11 -6 18
2 -17 27 1 -3 29 -49 0 1 18 14 -18 10 19 9 -2 3 15 18 -7 7 -15 -4 3 -9 0 -7 15 -30 -1 1 9 4 21 17 6 1 4 34 -6 15 -12 12 1 10 19 -18 -28 -43 15 -2 -27 -3 5 -40 1 27 10 3 -9 -8 -11 -6 18
2 -17 27 1 -3 29 -49 0 1 18 14 -18 10 19 9 -2 3 15 18 -7 7 -15 -4 3 -9 0 -7 15 -30 -1 1 9 4 21 17 6 1 4 34 -6 15 -12 12 1 10 19 -18 -28 -43 15 -2 -27 -3 5 -40 1 27 10 3 -9 -8 -11 -6 18
2 -17 27 1 -3 29 -49 0 1 18 14 -18 10 19 9 -2 3 15 18 -7 7 -15 -4 3 -9 0 -7 15 -30 -1 1 9 4 21 17 6 1 4 34 -6 15 -12 12 1 10 19 -18 -28 -43 15 -2 -27 -3 5 -40 1 27 10 3 -9 -8 -11 -6 18
2 -17 27 1 -3 29 -49 0 1 18 14 -18 10 19 9 -2 3 15 18 -7 7 -15 -4 3 -9 0 -7 15 -30 -1 1 9 4 21 17 6 1 4 34 -6 15 -12 12 1 10 19 -18 -28 -43 15 -2 -27 -3 5 -40 1 27 10 3 -9 -8 -11 -6 18
2 -17 27 1 -3 29 -49 0 1 18 14 -18 10 19 9 -2 3 15 18 -7 7 -15 -4 3 -9 0 -7 15 -30 -1 1 9 4 21 17 6 1 4 34 -6 15 -12 12 1 10 19 -18 -28 -43 15 -2 -27 -3 5 -40 1 27 10 3 -9 -8 -11 -6 18
2 -17 27 1 -3 29 -49 0 1 18 14 -18 10 19 9 -2 3 15 18 -7 7 -15 -4 3 -9 0 -7 15 -30 -1 1 9 4 21 17 6 1 4 34 -6 15 -12 12 1 10 19 -18 -28 -43 15 -2 -27 -3 5 -40 1 27 10 3 -9 -8 -11 -6 18
2 -17 27 1 -3 29 -49 0 1 18 14 -18 10 19 9 -2 3 15 18 -7 7 -15 -4 3 -9 0 -7 15 -30 -1 1 9 4 21 17 6 1 4 34 -6 15 -12 12 1 10 19 -18 -28 -43 15 -2 -27 -3 5 -40 1 27 10 3 -9 -8 -11 -6 18
2 -17 27 1 -3 29 -49 0 1 18 14 -18 10 19 9 -2 3 15 18 -7 7 -15 -4 3 -9 0 -7 15 -30 -1 1 9 4 21 17 6 1 4 34 -6 15 -12 12 1 10 19 -18 -28 -43 15 -2 -27 -3 5 -40 1 27 10 3 -9 -8 -11 -6 18
2 -17 27 1 -3 29 -49 0 1 18 14 -18 10 19 9 -2 3 15 18 -7 7 -15 -4 3 -9 0 -7 15 -30 -1 1 9 4 21 17 6 1 4 34 -6 15 -12 12 1 10 19 -18 -28 -43 15 -2 -27 -3 5 -40 1 27 10 3 -9 -8 -11 -6 18
2 -17 27 1 -3 29 -49 0 1 18 14 -18 10 19 9 -2 3 15 18 -7 7 -15 -4 3 -9 0 -7 15 -30 -1 1 9 4 21 17 6 1 4 34 -6 15 -12 12 1 10 19 -18 -28 -43 15 -2 -27 -3 5 -40 1 27 10 3 -9 -8 -11 -6 18
2 -17 27 1 -3 29 -49 0 1 18 14 -18 10 19 9 -2 3 15 18 -7 7 -15 -4 3 -9 0 -7 15 -30 -1 1 9 4 21 17 6 1 4 34 -6 15 -12 12 1 10 19 -18 -28 -43 15 -2 -27 -3 5 -40 1 27 10 3 -9 -8 -11 -6 18
2 -17 27 1 -3 29 -49 0 1 18 14 -18 10 19 9 -2 3 15 18 -7 7 -15 -4 3 -9 0 -7 15 -30 -1 1 9 4 21 17 6 1 4 34 -6 15 -12 12 1 10 19 -18 -28 -43 15 -2 -27 -3 5 -40 1 27 10 3 -9 -8 -11 -6 18
2 -17 27 1 -3 29 -49 0 1 18 14 -18 10 19 9 -2 3 15 18 -7 7 -15 -4 3 -9 0 -7 15 -30 -1 1 9 4 21 17 6 1 4 34 -6 15 -12 12 1 10 19 -18 -28 -43 15 -2 -27 -3 5 -40 1 27 10 3 -9 -8 -11 -6 18
2 -17 27 1 -3 29 -49 0 1 18 14 -18 10 19 9 -2 3 15 18 -7 7 -15 -4 3 -9 0 -7 15 -30 -1 1 9 4 21 17 6 1 4 34 -6 15 -12 12 1 10 19 -18 -28 -43 15 -2 -27 -3 5 -40 1 27 10 3 -9 -8 -11 -6 18
2 -17 27 1 -3 29 -49 0 1 18 14 -18 10 19 9 -2 3 15 18 -7 7 -15 -4 3 -9 0 -7 15 -30 -1 1 9 4 21 17 6 1 4 34 -6 15 -12 12 1 10 19 -18 -28 -43 15 -2 -27 -3 5 -40 1 27 10 3 -9 -8 -11 -6 18
2 -17 27 1 -3 29 -49 0 1 18 14 -18 10 19 9 -2 3 15 18 -7 7 -15 -4 3 -9 0 -7 15 -30 -1 1 9 4 21 17 6 1 4 34 -6 15 -12 12 1 10 19 -18 -28 -43 15 -2 -27 -3 5 -40 1 27 10 3 -9 -8 -11 -6 18
2 -17 27 1 -3 29 -49 0 1 18 14 -18 10 19 9 -2 3 15 18 -7 7 -15 -4 3 -9 0 -7 15 -30 -1 1 9 4 21 17 6 1 4 34 -6 15 -12 12 1 10 19 -18 -28 -43 15 -2 -27 -3 5 -40 1 27 10 3 -9 -8 -11 -6 18
2 -17 27 1 -3 29 -49 0 1 18 14 -18 10 19 9 -2 3 15 18 -7 7 -15 -4 3 -9 0 -7 15 -30 -1 1 9 4 21 17 6 1 4 34 -6 15 -12 12 1 10 19 -18 -28 -43 15 -2 -27 -3 5 -40 1 27 10 3 -9 -8 -11 -6 18
2 -17 27 1 -3 29 -49 0 1 18 14 -18 10 19 9 -2 3 15 18 -7 7 -15 -4 3 -9 0 -7 15 -30 -1 1 9 4 21 17 6 1 4 34 -6 15 -12 12 1 10 19 -18 -28 -43 15 -2 -27 -3 5 -40 1 27 10 3 -9 -8 -11 -6 18
2 -17 27 1 -3 29 -49 0 1 18 14 -18 10 19 9 -2 3 15 18 -7 7 -15 -4 3 -9 0 -7 15 -30 -1 1 9 4 21 17 6 1 4 34 -6 15 -12 12 1 10 19 -18 -28 -43 15 -2 -27 -3 5 -40 1 27 10 3 -9 -8 -11 -6 18
