-3450
-3138
-4207
-1382
-4821
-3504
-6505
-3200
-7024
-6243
-1876
-2603
-8477
-1954
-571
-8428
-5617
-1652
-4155
-3186
-2102
-1954
-2303
-7111
-6328
-1354
-598
-2658
-4399
-4077
-5560
-4535
-2005
-2237
-2860
-1917
-6964
-1887
-7011
-4106
-3051
-4122
-2053
-4362
-4068
-931
-1395
-6342
-2405
-2159
-5031
-2944
-4031
-2925
-3684
-6334
-5191
-3892
-1285
-3658
-4549
-3178
-5074
-3537
-5751
-3505
-1527
-4982
-2247
-4233
-6677
-4133
-3048
-10356
-1816
-6750
-1482
-4791
-4050
-3570
-3887
-6030
-492
-3146
-2808
-2918
-2108
-5573
-3778
-2777
-1062
-3792
-3155
-1722
-2263
-4453
-5216
-4837
-3077
-2235
-4197
-4222
-5727
-784
-4507
-1658
-1581
-981
-2555
-940
-4674
-4022
-919
-1742
-1246
-5492
-1692
-730
-2209
-5901
-6196
-6321
-5104
-2593
-2062
-1681
-1673
-4708
-3780
-3966
-3620
-2138
-4036
-1622
-2173
-4732
-1779
-5209
-1557
-3653
-3139
-2391
-1862
-1314
-6113
-1457
-6468
-3141
-2264
-4015
-2384
-6013
-4845
-2721
-2316
-3113
-3895
-5941
-11832
-1201
-3942
-5546
-4923
-3620
-2354
-5089
-2918
-5043
-1910
-2651
-2588
-5218
-2365
-2263
-4731
-6503
-2038
-3557
-5705
-6653
-6606
-3606
-8228
-2574
-4324
-2946
-2417
-4258
-5153
-2102
-5124
-6046
-3407
-3563
-1468
-3646
-1580
-2195
-6079
-8014
-3944
-10096
-4631
-2247
-4071
-4169
-3220
-5232
-1796
-1867
-4747
-1712
-4284
-2757
-4563
-5291
-3686
-1626
-4696
-2222
-2448
-5801
-2203
-1049
-1982
-1801
-6787
-4021
-10724
-1727
-2204
-3361
-6027
-4874
-4377
-5963
-5771
-1411
-4656
-1720
-4673
-4030
-2434
-7960
-8034
-2351
-3419
-4349
-9691
-2918
-4925
-5163
-6948
-5723
-2324
-5602
-3106
-5092
-2563
-2393
-1917
-2403
-4333
-3496
-3550
-5039
-2539
-4473
-4506
-3355
-4686
-3325
-3610
-6074
-5722
-2158
-3002
-3832
-3485
-2306
-4240
-7609
-3356
-2804
-5369
-4334
-4643
-1553
-839
-3600
-4021
-2763
-2502
-4087
-4166
-4591
-8966
-4176
-4892
-2892
-5894
-3357
-1463
-1456
-7034
-2587
-3860
-4941
-2989
-4676
-590
-470
-4127
-3304
-5003
-2851
-6878
-3635
-4244
-6194
-3596
-3935
-3060
-1212
-6051
-3820
-3897
-6720
-2877
-9360
-8036
-4061
-2577
-3794
-4875
-2865
-3755
-5895
-2470
-1552
-1980
-2142
-1252
-7252
-3449
-2236
-6765
-1828
-315
-5305
-4477
-3256
-2202
-5391
-2245
-1240
-1602
-2425
-7467
-2679
-4739
-5596
-5195
-2545
-4361
-3210
-5569
-3446
-5235
-5490
-3178
-4066
-4983
-4004
-13172
-2002
-3760
-2251
-5136
-3090
-6256
-6521
-1320
-1808
-2135
-3152
-1115
-3524
-1047
-3268
-8786
-2978
-1338
-14452
-3200
-3829
-4692
-6592
-3906
-2052
-3242
-4240
-2177
-1704
-1458
-1710
-4507
-3361
-1642
-2144
-3441
-3108
-5183
-4834
-5253
-1336
-8482
-4509
-4470
-1514
-5219
-4751
-2924
-6968
-2907
-3125
-8749
-3074
-4963
-848
-3951
-2142
-1681
-2301
-6293
-4418
-1536
-2397
-5684
-1756
-2929
-4394
-2340
-4009
-4306
-6001
-3913
-2338
-4071
-602
-1453
-1650
-9224
-1478
-4297
-4136
-8660
-4907
-4248
-1815
-3779
-4504
-5238
-6010
-5920
-3987
-4050
-6705
-3572
-8056
-7229
-3123
-5758
-3493
-4962
-9850
-3014
-11627
-3430
-3140
-404
-2497
-5749
-2398
-1976
-2379
-1854
-3215
-4279
-4619
-3064
-1855
-4529
-3432
-4369
-4537
-1590
-5768
-2360
-2373
-4833
-1941
-4600
-1898
-1058
-1485
-4539
-1699
-3982
-2088
-2586
-1056
-2862
-1853
-4109
-5506
-3235
-3234
-7297
-5230
-3729
-1976
-5100
-3223
-4409
-6873
-3240
-5272
-3022
-1041
-4123
-2400
-2103
-5578
-12236
-2181
-2972
-5513
-2447
-4183
-2536
-2148
-3237
-2223
-1884
-5454
-1817
-3460
-7981
-2434
-2248
-8240
-2327
-2865
-3162
-3904
-4845
-787
-1428
-2104
-2311
-4339
-1365
-4626
-2362
-4981
-4528
-3830
-7062
-5871
-6502
-6241
-4190
-3666
-885
-4268
-3378
-4613
-3520
-4524
-5446
-2138
-4973
-1845
-2103
-2157
-3153
-5160
-4958
-2679
-6235
-3498
-2076
-2638
-5548
-3335
-3394
-3889
-4825
-4557
-3485
-4199
-4482
-3128
-3842
-4084
-2663
-6992
-6741
-3752
-4373
-9022
-1243
-1550
-8187
-3012
-1774
-7049
-2943
-1983
-2841
-2700
-1864
-2321
-3532
-1443
-3266
-4879
-4119
-5205
-4009
-3925
-3203
-1728
-2603
-2174
-1870
-3192
-4459
-3954
-3712
-3858
-5748
-1551
-2222
-2966
-2330
-2742
-4024
-1397
-2337
-2001
-4230
-1667
-3466
-6019
-2805
-3684
-3543
-2171
-2823
-1925
-5323
-2010
-4697
-4634
-5236
-4233
-7402
-5364
-1858
-3449
-604
-2304
-3514
-1682
-2922
-2166
-1733
-1011
-1741
-3295
-4367
-1251
-762
-5709
-2690
-5889
-1324
-5307
-2819
-5634
-3420
-7832
-5954
-6416
-2268
-3336
-1880
-1582
-4319
-2136
-1473
-3501
-6698
-5578
-1486
-3308
-3457
-3838
-4966
-1716
-3764
-1036
-3337
-2673
-5793
-2297
-8850
-1687
-3429
-2135
-6601
-2573
-3626
-3081
-6899
-1748
-3307
-2727
-4560
-8445
-3295
-1757
-3271
-2642
-2393
-2606
-5372
-1407
-4553
-2660
-3143
-3845
-5291
-3654
-3427
-2959
-9323
-3177
-5786
-4333
-1751
-6206
-4468
-1465
-1873
-3298
-5312
-4646
-5072
-3445
-2239
-2203
-4915
-2565
-11212
-6108
-4961
-4517
-3209
-3689
-4326
-1522
-4411
-3278
-5561
-4956
-4812
-3701
-3115
-15912
-4338
-11602
-1380
-5328
-3837
-8559
-4445
-5614
-2852
-1894
-4178
-2125
-3034
-2993
-4793
-2314
-4509
-3222
-4501
-2289
-2923
-2952
-1926
-2528
-3227
-2320
-4383
-2243
-4247
-2942
-2294
-4089
-5544
-2981
-4283
-3647
-2162
-2195
-9939
-2954
-3461
-3178
-2755
-2374
-6182
-2549
-2265
-3670
-1145
-4677
-2351
-8443
-2599
-5966
-2453
-4666
-1962
-3286
-2089
-3546
-2243
-1884
-4403
-5873
-4922
-3650
-1164
-3016
-6616
-7409
-4578
-3201
-2041
-3403
-1875
-3001
-4112
-5211
-7975
-2686
-4320
-3698
-1637
-3055
-3046
-2953
-5547
-3189
-6523
-5505
-6086
-3710
-3795
-2291
-3280
-2037
-1496
-7181
-4310
-2427
-1916
-2638
-2252
-4861
-4660
-6122
-2377
-3019
-2842
-2305
-4230
-3860
-612
-3546
-1987
-2068
-3493
-981
-1433
-787
-11318
-6913
-2860
-2176
-2678
-1964
-4302
-3092
-4633
-5971
-3255
-4122
-7367
-4363
-9864
-3769
-6047
-3914
-453
-2657
-1901
-3095
-1897
-942
-7735
-2205
-3728
-2253
-3386
-1009
-4482
-3252
-2416
-1397
-5070
-6319
-11383
-5666
-4962
-5342
-1882
-6887
-6744
-7138
-2149
-2296
-6192
-6676
-2321
-4449
-5258
-1599
-1569
-1598
-1442
-2717
-6044
-4089
-4264
-5193
-3241
-5999
-1315
-9519
-6119
-3598
-2254
-3537
-2594
-1558
-1436
-2378
-6015
-5357
-2655
-2110
-2240
-2775
-2390
-4244
-4883
-1418
-3508
-2351
-2066
-3461
-9689
-6588
-4405
-2611
-5855
-3459
-2512
-6084
-2046
-6446
-2362
-8971
-2335
-4465
-3733
-4448
-2048
-1965
-4305
-4591
-5672
-3677
-3400
-4127
-2491
-4392
-3834
-1576
-2719
-6499
-2685
-2419
-5298
-2702
-4588
-5447
-4282
-4679
-7210
-4638
-6415
-3021
-3941
-5723
-9628
-4626
-4724
-1812
-3772
-5877
-2811
-1838
-7849
-3290
-338
-6232
-2684
-2378
-2223
-1880
-2234
-2534
-4495
-1898
-3961
-2612
-9073
-7359
-3691
-4811
-858
-3918
-3891
-5995
-1406
-6079
-1606
-3461
-1559
-2709
-2066
-3979
-4199
-8575
-2332
-3203
-5668
-946
-5013
-3787
-6051
-6301
-2034
-3710
-1982
-2429
-5902
-2848
-3524
-3443
-2813
-7226
-5602
-4362
-4223
-5885
-5222
-2809
-6701
-3533
-674
-6276
-2115
-640
-5436
-3327
-1270
-8624
-4536
-3328
-1130
-8311
-2143
-4933
-2222
-2410
-7967
-5296
-6948
-2808
-12911
-5707
-2933
-2348
-3617
-3213
-1787
-3042
-2677
-4996
-788
-3329
-3132
-1603
-5732
-5235
-3044
-3210
-5997
-1405
-2438
-2446
-3124
-647
-2864
-2814
-3118
-8220
-2482
-6630
-2588
-1562
-2919
-4975
-3767
-1356
-2873
-3458
-2262
-1682
-2274
-2328
-4374
-1558
-2775
-12211
-2931
-2752
-4166
-3110
-1920
-3866
-3775
-2179
-6774
-1579
-6022
-1685
-5652
-2191
-9055
-4112
-11937
-1654
-3584
-1679
-5383
-3458
-4442
-3733
-3364
-999
-2614
-2071
-3883
-2337
-2103
-1068
-3588
-5283
-2231
-5899
-5764
-15340
-4004
-3997
-1636
-1958
-1896
-3863
-1380
-2341
-3722
-4909
-1299
-1944
-3727
-5200
-3241
-3461
-4353
-3546
-8461
-2890
-5163
-1476
-3838
-5936
-2794
-2503
-4566
-5142
-2982
-8016
-3699
-778
-6871
-3371
-2252
-2185
-8091
-3179
-5578
-3053
-7403
-1656
-1391
-3810
-6405
-2061
-4125
-3377
-3349
-7482
-2731
-3299
-3423
-2316
-5149
-1775
-4137
-3632
-2530
-5002
-7890
-4152
-2732
-3865
-1614
-3740
-3769
-4959
-2530
-475
-1945
-2024
-10445
-2421
-7322
-1599
-3556
-4618
-1223
-4180
-3665
-4963
-4943
-4688
-1436
-4726
-3101
-1376
-3223
-4018
-1892
-4320
-2478
-3703
-4626
-3540
-4651
-7744
-9826
-3234
-3973
-1731
-2816
-2727
-6163
-1757
-3351
-2033
-5365
-5179
-6440
-2054
-4881
-1103
-2401
-384
-3985
-3856
-2656
-7105
-7283
-588
-1538
-5518
-1262
-5977
-2852
-3423
-1524
-808
-2612
-2400
-3013
-5653
-5814
-2861
-2192
-4652
-4366
-4760
-2308
-3741
-2400
-1712
-2208
-6542
-2327
-2974
-6937
-4066
-1150
-3554
-1181
-3694
-2099
-1710
-4057
-3504
-2702
-7011
-2143
-3652
-2184
-3096
-5397
-1479
-2783
-3342
-1367
-4456
-2282
-1995
-3150
-3966
-1562
-1417
-3820
-2188
-4868
-3844
-2910
-3564
-3888
-14168
-3727
-7549
-596
-2393
-2244
-2364
-4601
-1723
-3649
-6139
-2015
-3527
-4616
-10353
-2166
-1313
-2749
-1502
-4884
-5723
-2229
-5474
-5223
-1634
-1975
-1192
-3837
-610
-2924
-4461
-1274
-4434
-3406
-3518
-3172
-4133
-2363
-4428
-2616
-1560
-6665
-5432
-3262
-2667
-3822
-4301
-6721
-4631
-2978
-4475
-3643
-3304
-2970
-3393
-1804
-6015
-2623
-2838
-2401
-1705
-611
-3152
-8607
-2347
-4503
-2591
-5694
-4210
-4461
-4126
-566
-1465
-1930
-1118
-3665
-4805
-1392
-5790
-1506
-5190
-3603
-3983
-2168
-1470
-2339
-8224
-2129
-8158
-2161
-5572
-4745
-1970
-2414
-3322
-4251
-1001
-2415
-6777
-5724
-6540
-4798
-6245
-3288
-3679
-4007
-3130
-4339
-6140
-3205
-2293
-3401
-1768
-3383
-4024
-5571
-1950
-3715
-2097
-960
-2394
-3241
-18226
-3117
-4727
-4474
-3610
-5818
-6415
-2179
-2825
-2370
-1386
-7267
-4937
-2087
-2177
-1125
-2418
-1739
-4532
-2550
-9631
-2341
-2076
-6293
-1870
-1738
-5399
-6027
-7053
-2433
-2293
-2120
-4771
-5098
-4161
-4562
-4302
-1921
-2573
-1729
-6201
-3545
-5684
-6255
-2497
-2047
-6282
-6030
-3010
-1933
-1214
-3661
-2125
-3202
-4579
-7447
-2236
-2338
-3499
-2181
-1853
-2028
-3814
-4206
-4497
-4406
-2786
-3851
-4005
-1717
-1697
-1049
-1338
-1384
-3372
-4260
-800
-3257
-2296
-1794
-4195
-3894
-4087
-676
-2254
-2428
-633
-6826
-605
-4557
-3090
-3492
-5278
-2935
-8152
-3101
-3334
-5305
-2378
-4337
-7396
-2903
-4697
-3087
-1815
-3796
-1852
-3605
-3243
-2043
-4470
-3670
-583
-8338
-2397
-3340
-3511
-3266
-2897
-2244
-2886
-2476
-3017
-6048
-4537
-2113
-2171
-742
-1533
-2938
-4609
-1844
-1577
-2746
-1756
-2734
-1656
-7198
-646
-1285
-5033
-3811
-6139
-3041
-3390
-7930
-602
-1491
-4157
-1488
-3600
-2397
-3009
-5957
-1924
-1320
-3403
-2128
-2310
-2359
-1956
-4484
-2423
-4476
-529
-374
-3560
-2284
-2082
-1841
-6510
-2990
-3959
-1550
-1870
-2433
-3360
-4138
-4008
-1553
-6231
-2401
-1296
-1312
-7571
-1410
-1297
-2804
-4786
-2361
-5920
-1942
-2186
-7439
-3717
-2342
-2345
-5347
-1334
-6175
-836
-5563
-2709
-4819
-6011
-2254
-4954
-6171
-6167
-4862
-2918
-2515
-1566
-3990
-2059
-1198
-2329
-4283
-5490
-8813
-3492
-3502
-2270
-2833
-7789
-3689
-2439
-3057
-4367
-2316
-5820
-5039
-651
-4787
-3965
-547
-10249
-3433
-8060
-1360
-6058
-4068
-2195
-1977
-1691
-3691
-1031
-2272
-1631
-6882
-8555
-1755
-3880
-3817
-2360
-3494
-3668
-1150
-3216
-2915
-1774
-3792
-7075
-2526
-5763
-1419
-1630
-2412
-3736
-2325
-2130
-3035
-4182
-3511
-4778
-4910
-2381
-7315
-5128
-3959
-2192
-1860
-7089
-3222
-4334
-3478
-4304
-5593
-7448
-2171
-9691
-1520
-4125
-3002
-6896
-2855
-9995
-5378
-2893
-3301
-2178
-5871
-4017
-1374
-1676
-3078
-4506
-920
-5647
-3110
-3793
-5320
-1718
-3283
-2473
-2902
-5861
-4846
-4137
-5482
-5962
-1453
-3223
-3023
-3457
-4935
-2319
-2551
-2592
-4598
-2328
-2059
-1356
-2316
-1620
-2173
-1321
-2208
-8554
-3215
-4655
-3535
-2926
-5581
-1720
-3672
-1310
-3252
-1983
-1258
-4003
-6788
-4008
-3448
-13328
-4812
-1829
-3658
-4268
-2349
-1318
-1500
-5138
-3014
-11263
-2590
-2142
-3407
-2361
-1543
-5513
-4920
-1815
-3191
-4623
-2436
-3450
-3501
-4072
-5400
-3262
-889
-4504
-2935
-1251
-2211
-5085
-5739
-4204
-2254
-6902
-2106
-1765
-2353
-1668
-4419
-7573
-4628
-1288
-3165
-3927
-4335
-1945
-2348
-1703
-2905
-9115
-3170
-5431
-3388
-5392
-4359
-3538
-1314
-2960
-2656
-3607
-3964
-2235
-1409
-8305
-4973
-7546
-4105
-3197
-2859
-3080
-4022
-2314
-5151
-7845
-2164
-2161
-2964
-7057
-1931
-3773
-4230
-3707
-3099
-2286
-3899
-1294
-3732
-6512
-2425
-6280
-4198
-3902
-5355
-1967
-3159
-1133
-2303
-1419
-3369
-5414
-3175
-604
-2416
-2614
-992
-3592
-3101
-2162
-2076
-1869
-7822
-6765
-2747
-4036
-6168
-5357
-5336
-2110
-3042
-3926
-2673
-3327
-3800
-4889
-2314
-1886
-2513
-3278
-2370
-1206
-3007
-5073
-2491
-5375
-2950
-4816
-3117
-1706
-2617
-2357
-6601
-2200
-6240
-1916
-5395
-2058
-6403
-3052
-4149
-4539
-3271
-3201
-4576
-1298
-2191
-7722
-6706
-3147
-5918
-6387
-3229
-1513
-1027
-2912
-1680
-1614
-1595
-2562
-2930
-953
-5659
-2987
-4014
-2337
-4065
-3713
-5139
-6777
-1547
-481
-4530
-3863
-1304
-4449
-3998
-4391
-3249
-2804
-3073
-1935
-3595
-2219
-4816
-6753
-3134
-3898
-2137
-352
-2997
-2423
-2631
-2423
-7190
-2862
-3521
-3331
-5686
-1743
-3121
-829
-5609
-5348
-4364
-5088
-3293
-4318
-7888
-10107
-1772
-4087
-4830
-4846
-3487
-5778
-4520
-2547
-2289
-7072
-5510
-2960
-1339
-2677
-1551
-3536
-5411
-2699
-6962
-4226
-1468
-3853
-2149
-5660
-2265
-1345
-578
-3862
-2616
-4081
-1824
-3466
-2013
-4575
-4429
-3674
-4576
-2134
-2326
-3394
-2734
-9400
-5275
-4857
-4896
-6107
-1893
-2123
-2448
-2484
-2457
-4355
-4126
-6757
-4103
-2699
-2693
-2881
-3898
-2031
-4987
-3401
-2241
-8164
-4643
-3127
-8156
-3769
-2006
-3172
-3667
-579
-3525
-4983
-3986
-1882
-5317
-3210
-4687
-4198
-4836
-6699
-1508
-1947
-1704
-6433
-5468
-6613
-2101
-2978
-11964
-10342
-4881
-1165
-3147
-4172
-3910
-5961
-2357
-1839
-3311
-5178
-2385
-3201
-4037
-1466
-5696
-911
-1505
-1738
-5262
-3777
-13782
-2875
-1894
-3817
-4053
-3056
-2172
-1679
-6189
-1582
-4504
-4384
-2444
-3151
-2357
-1608
-3290
-4839
-1550
-3349
-4389
-2411
-7030
-2823
-3698
-2153
-2852
-4863
-2898
-2587
-1567
-2445
-2466
-3249
-645
-2442
-5423
-5061
-3377
-1943
-3414
-4700
-7490
-3374
-5207
-2068
-1506
-3049
-2626
-3454
-1308
-9051
-3627
-5374
-5716
-4250
-2358
-4325
-6047
-3510
-1501
-6962
-2520
-1793
-4114
-7971
-4498
-9078
-6096
-5099
-4714
-3334
-1989
-8630
-4227
-1796
-6576
-1429
-3450
-3260
-2694
-3909
-3155
-703
-3380
-4163
-6337
-2161
-8891
-3869
-6772
-9674
-3234
-2310
-3821
-2719
-7604
-7375
-1367
-2939
-2092
-7306
-2407
-5626
-3305
-3346
-10724
-3525
-2283
-2545
-6602
-13668
-7063
-1588
-4389
-3226
-3665
-2209
-2280
-3451
-10136
-4984
-1774
-1897
-3006
-2817
-2381
-3588
-3170
-3189
-3779
-3321
-6926
-6953
-1604
-5636
-3224
-3878
-1090
-7898
-3111
-6252
-5573
-4445
-9693
-1997
-3881
-2158
-2138
-2616
-5413
-2119
-1795
-2225
-3367
-13039
-4670
-3885
-2290
-623
-1816
-3675
-3791
-4033
-2519
-4533
-3661
-2898
-1446
-4923
-6818
-1807
-1960
-2828
-7734
-3990
-3870
-3088
-2045
-2980
-4190
-3355
-2234
-4696
-1770
-2755
-4299
-8032
-4105
-3744
-3557
-3412
-4718
-3247
-8428
-4454
-3080
-14181
-2094
-3921
-5125
-4241
-4528
-2791
-3192
-3331
-2945
-4130
-5006
-2288
-3008
-3071
-4381
-4971
-947
-3009
-2559
-3978
-6345
-2848
-3113
-2489
-906
-4311
-3904
-5165
-6691
-5111
-3574
-1006
-2640
-4404
-5445
-1259
-2525
-3239
-1796
-1819
-3034
-2051
-2355
-2792
-2860
-1931
-1346
-2472
-6372
-11297
-1715
-1894
-3667
-439
-2755
-6346
-4093
-3536
-5765
-3000
-7471
-2964
-2225
-6444
-2262
-1767
-4221
-1748
-1072
-4273
-3671
-1820
-4239
-2774
-2189
-1230
-3729
-5056
-2219
-2359
-6693
-3671
-5640
-3953
-5496
-11146
-2884
-3859
-1721
-3217
-8649
-2137
-3217
-4889
-3881
-5816
-2423
-3178
-4886
-4735
-4822
-3921
-2247
-1229
-2261
-2384
-2013
-2437
-5468
-3051
-3343
-2059
-5632
-4644
-7076
-8625
-3009
-4538
-6694
-3213
-4219
-12121
-8504
-2431
-2423
-7191
-3497
-6257
-5510
-6051
-1440
-5493
-1113
-2191
-5402
-6020
-3364
-7380
-6785
-2248
-1729
-3855
-1209
-1462
-3627
-4601
-2650
-1615
-3228
-3327
-3129
-1456
-3897
-4017
-4949
-4109
-3784
-5732
-6021
-8589
-1982
-3700
-7220
-4698
-3310
-3207
-3214
-3659
-2931
-3194
-4308
-5390
-3960
-3490
-2185
-2207
-5095
-2338
-1896
-2457
-3452
-1873
-6565
-2058
-2767
-2955
-2982
-2987
-4173
-5533
-4915
-2421
-1716
-4340
-9204
-3097
-2432
-6419
-4268
-4418
-3609
-2577
-5423
-2740
-8859
-8073
-3654
-2351
-4914
-3473
-3867
-4592
-3465
-3169
-2207
-3734
-3102
-3009
-2040
-6142
-1784
-4889
-3033
-2244
-3339
-5205
-2250
-1498
-2389
-2119
-4169
-3601
-1576
-3127
-3074
-2122
-4270
-1880
-2676
-2128
-3308
-1747
-7020
-6240
-1780
-3968
-3155
-2082
-1966
-4466
-688
-3688
-5404
-10414
-2377
-2795
-2250
-5724
-4994
-6005
-5492
-4084
-7065
-2839
-4948
-3646
-4593
-2353
-4345
-4247
-3551
-4549
-2683
-5273
-6863
-7770
-1761
-4003
-3701
-1849
-2456
-6513
-2316
-2086
-8765
-4031
-4938
-1920
-4168
-1481
-6108
-2331
-2298
-1019
-6895
-2013
-2871
-3490
-2858
-3045
-925
-4542
-4469
-2916
-1910
-5877
-2272
-4063
-3158
-3579
-1330
-675
-6207
-4931
-6242
-5946
-1432
-1970
-4959
-1297
-2791
-3217
-3381
-6641
-2903
-1805
-4337
-5100
-2423
-5878
-2017
-4934
-1868
-2403
-879
-4112
-4401
-3239
-1868
-2642
-6973
-2193
-2798
-3761
-10415
-4157
-2600
-1767
-3892
-1196
-3863
-2924
-3525
-4077
-3549
-3410
-4459
-2165
-2419
-644
-4601
-3322
-5056
-827
-2173
-4006
-4260
-1183
-8141
-3895
-5009
-604
-3956
-4109
-5369
-2350
-7812
-4941
-2423
-3523
-3540
-4138
-2043
-4717
-4748
-5118
-3637
-1980
-5252
-4514
-3792
-4007
-4994
-3216
-2943
-3046
-1458
-2965
-4768
-2881
-5366
-2057
-3258
-2859
-1662
-3677
-2067
-2009
-3718
-4624
-1783
-2030
-5260
-2115
-7175
-6731
-1525
-2115
-2466
-3510
-3841
-2948
-2673
-2374
-2745
-3921
-2442
-4509
-5086
-5823
-1698
-10619
-4626
-7798
-2988
-5019
-1436
-2163
-5781
-2245
-2442
-2233
-1707
-1832
-3281
-3003
-4457
-2989
-3935
-2856
-3580
-1037
-3212
-8174
-1618
-1291
-2202
-1720
-2399
-4733
-2675
-6636
-3184
-408
-3989
-2100
-3663
-3503
-5339
-3650
-5082
-1684
-3241
-2316
-1397
-4477
-6784
-3408
-1567
-2761
-1732
-4316
-4254
-3422
-2668
-3517
-3808
-2091
-4368
-2359
-7812
-7775
-918
-3872
-4493
-3647
-4322
-10525
-1527
-2691
-6900
-2770
-3600
-3377
-3169
-1540
-3527
-1578
-7199
-5338
-4638
-1107
-2836
-11244
-3768
-3441
-2764
-5151
-4682
-1257
-4313
-5903
-5075
-4066
-6050
-780
-2624
-5903
-2747
-4793
-2998
-8587
-5713
-2466
-9525
-3183
-6355
-3333
-5897
-3332
-5291
-1290
-4336
-3351
-2320
-1441
-1891
-2095
-2186
-4168
-6987
-6305
-2787
-4359
-5031
-4088
-3095
-3529
-2804
-4441
-8873
-3685
-2463
-2420
-1912
-3856
-5828
-11374
-1917
-2203
-3149
-1868
-3650
-5153
-1631
-3769
-4171
-3020
-4025
-3798
-4030
-4733
-5014
-1879
-4152
-4757
-1426
-4361
-6321
-1965
-1839
-4820
-7545
-1631
-1881
-7084
-4958
-3158
-5046
-5525
-2776
-3980
-7746
-3022
-4297
-2423
-1601
-3553
-4318
-8900
-1236
-986
-5887
-7009
-1861
-3246
-4633
-2091
-1305
-5385
-2368
-3182
-4913
-1367
-2113
-3803
-1767
-3887
-2974
-2884
-2346
-5426
-3563
-1871
-2309
-4643
-4695
-2425
-5105
-4880
-4188
-2394
-2431
-2710
-3909
-2068
-1656
-3620
-7863
-2030
-5282
-2601
-3139
-2323
-6303
-2762
-2130
-3992
-3978
-9654
-10707
-5045
-4419
-5280
-2573
-2077
-3752
-5131
-5836
-10277
-1603
-5773
-2398
-4198
-3948
-3051
-3392
-1992
-3476
-3166
