-7103
-10416
-4439
-7653
-8774
-7707
-4958
-9913
-6906
-9856
-6585
-7406
-9611
-5990
-7792
-8760
-7983
-5484
-3240
-6849
-9160
-10026
-8340
-9721
-7633
-7184
-5492
-6270
-5522
-11133
-8304
-10732
-8357
-4117
-7247
-5559
-9832
-7218
-5503
-9718
-7728
-8149
-9519
-9997
-3347
-10990
-5773
-7084
-9656
-8360
-7174
-9142
-7100
-9810
-8022
-9864
-7219
-7915
-6297
-6225
-7725
-6630
-8761
-7456
-7204
-2664
-6317
-5516
-8423
-5114
-6910
-4106
-7570
-5612
-7264
-7992
-9476
-7386
-7371
-10490
-9010
-8579
-7898
-8683
-7257
-13357
-8323
-7914
-9908
-7580
-5660
-4797
-8169
-5683
-5708
-7169
-8448
-5943
-7991
-2680
-6900
-3968
-10694
-11498
-10924
-10446
-10072
-8228
-7255
-7957
-6417
-7271
-6065
-5213
-9576
-6612
-10525
-3413
-8464
-6965
-9181
-5800
-7950
-7841
-5285
-8341
-9025
-10658
-6976
-8908
-4653
-5463
-3251
-5793
-9754
-6025
-13950
-8162
-8842
-5436
-7864
-6435
-8756
-10077
-7368
-7005
-11893
-6159
-13147
-4896
-8637
-6652
-7332
-10809
-9993
-9343
-8179
-7312
-8383
-7519
-10986
-10929
-6118
-9837
-6664
-7949
-8537
-5671
-10767
-8543
-8396
-6519
-5512
-7253
-4923
-5508
-5585
-5574
-9001
-6399
-5520
-6888
-10861
-9406
-6967
-11322
-6479
-3902
-6900
-5263
-9248
-6002
-9596
-8132
-8963
-7437
-6837
-9881
-5426
-3021
-5894
-10579
-10204
-8972
-10365
-7642
-7949
-8349
-4504
-6999
-7377
-14795
-7447
-10088
-2226
-6885
-8617
-7991
-5432
-6663
-6922
-7838
-9028
-5466
-7293
-10297
-6841
-6983
-6377
-7056
-6014
-8900
-13988
-9281
-10246
-8917
-8893
-8348
-3317
-7153
-12085
-6286
-5849
-8286
-10046
-9113
-6446
-2525
-8839
-8622
-11515
-10023
-4140
-7873
-7388
-7094
-8181
-8280
-7557
-6077
-7624
-11462
-7163
-3942
-9175
-8627
-4247
-6452
-7869
-7819
-7447
-5966
-7973
-6502
-4270
-5511
-10427
-11396
-8971
-7590
-6495
-8546
-6409
-10119
-5814
-6858
-7606
-5936
-5915
-6456
-7957
-9599
-5911
-7595
-9692
-6343
-11142
-9044
-6128
-9320
-7042
-8014
-6014
-8741
-10420
-9737
-5757
-10702
-6485
-4341
-6292
-8199
-8486
-9400
-8462
-5083
-9160
-10897
-6037
-5299
-6969
-10474
-8986
-6550
-8347
-7385
-9073
-7716
-4952
-6409
-8600
-5328
-8354
-7910
-4851
-8617
-6043
-7934
-7841
-10627
-7601
-8748
-8257
-4543
-8883
-6048
-6914
-5141
-11091
-9169
-9103
-13882
-7086
-8070
-8092
-8015
-6199
-5148
-6821
-6692
-5886
-4352
-8089
-6885
-4810
-9003
-3851
-10403
-6111
-10069
-9767
-5412
-10986
-6507
-7504
-8756
-7547
-5855
-7243
-9789
-12669
-8613
-5286
-5702
-9062
-4612
-9048
-8637
-7226
-8861
-9145
-7184
-10004
-8827
-8017
-5448
-7278
-6554
-9277
-8761
-10594
-4189
-7927
-7018
-5725
-6781
-7047
-6522
-7130
-4570
-9455
-9517
-6982
-7387
-8505
-9893
-8188
-10458
-5059
-7493
-6995
-7514
-6647
-9499
-6779
-9279
-6943
-7107
-7589
-6306
-6262
-8360
-6594
-8361
-10652
-6125
-7581
-6708
-8092
-7107
-7613
-6762
-7103
-5888
-7508
-5781
-5980
-12720
-6764
-5164
-4797
-8049
-6169
-8560
-10369
-9890
-9534
-10198
-5579
-5892
-8370
-7912
-7043
-4731
-5143
-11301
-6385
-6082
-5011
-6357
-11609
-5996
-11095
-4026
-7567
-6745
-10814
-8923
-8035
-10765
-5517
-7027
-7608
-14092
-5492
-9999
-5246
-7532
-9109
-9864
-8353
-5178
-7628
-3618
-5273
-7531
-6786
-8051
-5943
-7871
-7652
-7407
-8407
-5590
-12085
-8803
-9471
-8585
-5583
-10403
-8811
-7293
-4240
-10988
-7643
-7434
-9021
-7635
-8903
-7258
-6235
-8046
-6497
-8674
-9475
-6900
-10777
-10045
-5263
-5785
-9273
-8033
-11871
-6655
-5776
-8435
-4595
-5403
-7734
-5534
-10418
-10254
-7850
-9106
-5907
-8629
-8998
-7964
-7921
-6015
-5835
-5946
-4587
-12425
-7025
-7258
-9400
-7780
-7601
-5818
-7154
-7091
-5156
-6392
-10479
-9985
-8298
-6679
-8642
-6042
-3506
-10685
-7746
-6085
-6339
-7610
-10193
-6112
-8455
-7907
-3824
-3017
-11943
-6437
-4470
-6031
-8495
-6849
-6719
-9712
-7252
-10702
-8585
-9802
-9749
-7675
-5741
-14594
-7164
-9157
-7139
-6480
-10843
-9773
-8049
-8801
-5067
-8607
-7431
-7876
-7273
-7062
-9909
-7658
-7599
-11309
-7630
-6855
-9439
-8370
-8133
-4676
-4000
-6236
-2820
-4724
-9755
-7331
-7931
-3261
-7137
-8484
-8095
-7487
-9077
-7392
-6887
-5573
-4610
-7707
-6285
-5139
-9547
-6653
-8433
-7212
-7379
-5869
-7446
-12757
-6523
-9239
-8632
-10966
-9418
-4747
-9588
-7353
-9450
-8167
-7375
-10703
-6814
-12537
-6243
-5767
-6066
-5843
-5376
-7590
-8987
-9167
-6186
-8444
-6563
-7851
-7998
-6618
-7459
-3516
-5443
-5826
-5383
-8844
-10188
-10995
-7133
-4291
-9658
-5628
-8738
-5963
-7350
-7558
-7070
-7434
-9108
-5471
-9772
-5396
-5725
-6140
-8464
-5934
-7922
-6302
-8452
-5672
-9654
-3799
-10750
-8093
-5275
-8771
-5781
-7688
-7517
-9672
-7348
-6143
-5467
-7835
-6663
-8181
-5523
-6148
-6240
-7969
-7576
-12686
-4026
-6952
-9308
-4893
-10127
-9461
-6927
-4904
-8377
-10979
-7056
-9662
-8334
-7779
-6683
-8456
-7188
-8965
-10939
-7930
-11351
-9274
-7106
-6585
-10941
-9459
-5703
-6907
-3105
-8378
-2453
-7400
-7397
-9180
-8849
-7824
-8800
-6621
-12323
-8519
-9454
-8808
-10139
-4636
-7595
-5901
-5915
-7165
-5259
-9918
-10200
-5940
-4935
-6211
-6446
-7061
-2714
-9447
-8849
-10951
-9985
-6308
-9504
-5585
-6462
-9892
-9859
-6805
-4790
-10939
-8741
-6752
-7110
-7203
-7701
-8370
-5589
-7938
-7110
-7828
-7598
-8471
-12817
-7374
-5032
-5579
-11300
-6910
-6374
-9223
-5781
-6537
-7986
-5779
-7527
-11886
-4451
-8978
-7382
-11748
-8625
-4544
-6266
-5835
-9955
-8999
-7134
-9888
-7017
-10174
-6730
-9319
-5493
-4748
-10129
-7911
-11467
-7033
-11922
-6325
-10664
-8065
-7203
-6745
-7973
-9309
-7960
-9833
-6009
-7839
-9720
-6581
-5309
-7417
-9550
-6596
-6531
-9909
-7030
-4987
-8691
-3084
-7865
-13125
-11114
-6345
-5273
-9843
-8258
-7762
-7678
-6233
-7960
-8062
-4623
-5564
-5373
-6776
-8956
-11623
-6896
-7854
-11259
-5204
-6539
-11491
-4064
-5956
-5914
-7029
-8675
-8303
-9892
-8516
-5962
-10056
-5868
-8155
-7891
-8056
-11567
-9294
-7560
-6009
-7629
-8157
-4731
-5916
-7559
-6663
-8746
-7744
-11425
-6597
-6739
-5499
-7310
-9324
-8354
-3820
-10633
-7069
-6964
-6746
-5708
-4831
-8049
-7056
-7438
-5491
-6732
-9302
-6315
-8324
-10692
-9958
-6583
-6759
-8619
-4896
-8780
-7849
-7003
-9276
-9554
-11124
-6971
-9313
-6610
-7297
-13675
-8672
-7466
-5612
-11731
-9092
-7645
-11691
-8116
-8008
-9593
-10228
-7843
-6306
-5870
-6646
-9319
-9716
-8499
-7226
-7220
-7484
-6206
-8920
-11948
-7109
-8257
-5291
-5302
-9704
-10762
-11475
-6910
-10746
-6370
-9814
-8880
-8906
-8350
-6486
-4852
-9250
-9018
-7914
-8039
-5633
-8660
-11175
-7224
-5607
-8395
-9043
-9520
-6375
-8920
-8013
-9107
-6976
-7351
-9049
-12699
-10808
-10281
-8220
-10727
-9156
-7993
-5669
-7807
-8241
-6631
-6723
-4995
-9046
-6607
-9613
-7641
-10175
-8306
-2641
-5624
-7390
-6825
-6498
-7684
-5748
-7316
-7202
-6661
-7332
-8965
-9184
-4716
-8759
-8254
-10529
-7160
-5713
-4833
-7326
-5125
-10359
-9455
-9101
-6985
-10078
-10370
-8034
-3990
-10246
-8473
-5080
-5762
-8419
-6967
-10427
-9988
-5699
-7200
-10264
-8629
-9961
-10188
-7452
-5973
-6316
-8441
-5096
-4899
-8670
-5012
-6140
-5899
-9767
-7335
-8264
-9853
-11925
-3798
-8107
-9664
-5659
-8847
-6510
-8947
-6399
-9741
-7661
-8245
-11980
-6560
-5332
-5321
-8487
-8971
-9591
-4292
-10253
-8971
-9966
-7142
-7875
-5996
-8292
-6124
-9136
-6702
-7450
-7429
-8438
-10843
-7343
-7580
-11234
-10566
-3697
-9087
-10938
-7109
-11062
-9181
-5204
-8014
-6351
-5659
-8196
-7724
-9552
-7200
-5683
-7212
-6392
-6295
-7671
-14668
-11057
-5167
-4607
-4436
-7215
-8896
-6872
-5541
-5734
-7578
-8450
-13037
-6778
-6537
-7203
-11020
-3863
-7260
-6643
-5548
-6176
-5024
-6954
-9167
-8364
-8195
-7511
-6936
-7699
-7752
-13602
-5504
-8067
-4453
-7908
-10651
-6980
-7542
-6926
-9104
-6960
-5064
-9705
-7631
-9504
-6006
-9249
-8304
-6572
-7201
-11024
-7514
-9459
-6972
-6694
-7600
-6854
-9801
-10968
-7526
-5168
-9452
-11177
-6787
-9662
-13234
-6994
-12419
-12776
-6751
-9801
-7131
-4891
-15983
-7534
-10761
-4974
-7527
-4783
-5494
-8332
-10508
-8716
-4681
-8298
-6722
-9952
-6354
-9651
-4687
-8872
-9865
-6583
-6969
-10687
-9282
-7765
-9277
-8273
-7723
-5835
-6552
-10569
-7324
-5821
-8214
-6617
-7578
-8456
-9454
-3715
-8206
-7582
-7632
-11025
-8905
-7145
-7846
-10892
-5925
-5032
-5834
-5010
-9465
-5926
-8456
-6035
-6062
-8062
-5688
-8012
-7247
-7440
-6532
-9053
-11072
-15085
-4476
-8647
-6793
-10471
-7665
-7091
-10319
-7739
-9171
-6112
-8373
-9434
-7185
-7383
-5605
-7957
-10139
-7007
-10285
-11486
-11646
-5761
-10204
-7635
-2970
-8067
-5821
-9542
-8902
-6084
-7211
-8453
-7981
-8564
-9269
-12050
-5615
-7194
-6588
-6938
-3957
-5837
-6344
-5557
-8832
-8099
-7756
-6416
-8350
-5200
-5752
-7482
-9634
-7276
-4662
-10672
-10354
-6849
-9139
-7009
-7555
-5292
-7687
-8803
-10734
-7782
-9816
-6790
-8796
-8624
-8165
-7381
-7652
-7306
-10361
-6553
-6971
-5956
-9067
-6363
-8512
-7465
-6992
-3945
-10083
-13705
-4328
-8173
-6023
-7810
-2993
-8963
-8049
-8492
-10237
-9499
-10186
-11663
-7914
-7399
-4803
-8167
-7057
-9833
-6798
-9220
-8323
-10223
-7983
-12285
-9502
-8650
-5931
-7348
-8491
-5994
-6089
-13153
-7984
-7715
-8610
-6022
-6638
-10384
-6748
-6407
-6324
-4547
-8998
-7327
-6848
-7022
-8560
-8078
-8238
-8734
-8396
-8224
-8315
-9292
-6376
-9368
-6993
-13054
-6214
-7784
-8082
-7308
-7513
-7992
-5260
-9011
-8027
-8306
-11276
-6495
-5628
-7349
-7769
-5442
-4783
-10177
-10952
-5907
-11832
-9436
-5161
-7881
-6640
-6288
-9924
-5518
-11816
-6718
-8694
-5998
-7732
-6047
-12021
-5079
-6601
-7921
-11731
-8521
-7763
-7883
-7007
-5927
-7181
-9779
-7666
-5761
-5675
-8144
-6565
-8228
-3911
-7740
-8274
-5603
-7516
-6068
-7683
-6814
-7293
-8779
-5967
-8119
-8077
-9956
-7401
-7462
-7618
-8940
-7556
-7543
-9459
-7191
-5903
-4766
-11784
-8879
-9368
-6688
-7879
-7854
-7592
-9529
-7409
-7671
-7710
-10219
-7932
-4314
-8990
-9030
-7706
-5112
-7533
-10443
-8454
-7333
-8097
-6434
-6071
-11542
-5408
-6419
-9448
-5816
-9772
-7420
-8197
-8065
-9290
-7223
-5786
-4159
-4630
-7066
-6540
-10019
-7438
-7474
-9026
-5896
-5811
-5476
-6014
-5229
-9510
-5192
-9443
-4862
-7420
-5228
-5084
-8780
-5424
-8771
-4931
-9674
-6795
-9733
-5119
-7275
-5655
-6533
-9666
-11753
-7329
-4139
-9365
-6850
-7318
-6853
-7238
-5963
-4874
-11803
-7275
-6268
-8193
-6528
-5570
-4372
-7629
-10026
-10147
-7046
-6904
-9127
-8464
-5944
-6076
-7240
-6917
-7263
-8012
-7428
-5271
-7520
-7890
-9651
-12789
-5769
-8276
-14095
-7716
-4381
-7023
-6909
-10843
-5115
-6470
-4926
-8048
-6739
-11447
-5711
-7569
-7449
-7932
-10481
-5430
-5934
-8678
-7799
-8069
-9995
-5304
-7201
-11793
-10020
-6085
-8510
-7096
-6969
-9645
-9562
-4318
-8085
-6215
-9420
-10469
-7064
-7943
-7060
-7558
-9071
-7306
-4656
-6737
-11495
-4751
-10880
-5963
-7970
-10690
-6581
-6486
-8482
-9293
-7189
-8006
-6675
-7717
-8972
-10448
-10207
-6910
-3099
-6771
-5428
-12783
-6326
-5625
-7098
-7840
-5905
-7217
-3755
-4556
-6731
-11109
-8135
-7534
-9598
-7866
-4650
-6728
-14455
-5072
-12915
-8856
-8683
-4785
-10598
-9953
-7921
-9026
-7028
-8413
-7356
-7822
-5866
-6438
-6400
-9608
-4290
-11461
-5985
-9543
-9249
-10364
-6727
-7126
-8157
-4225
-8747
-7799
-7155
-6554
-7237
-7255
-7542
-2287
-5391
-8841
-6809
-8762
-8757
-5659
-6776
-7036
-8662
-6335
-8220
-6945
-3935
-10170
-7497
-6996
-9011
-10812
-6135
-8014
-6314
-8052
-5663
-6019
-7685
-8350
-5461
-6119
-6475
-8248
-5868
-7387
-3991
-5643
-9269
-6520
-11222
-6938
-5617
-5696
-7314
-6521
-5944
-6795
-9993
-6361
-5726
-11232
-7199
-6200
-11213
-10430
-4811
-11004
-6517
-11900
-9273
-12655
-7908
-8423
-9304
-7685
-8297
-7445
-5664
-6866
-3372
-6702
-6399
-9248
-8490
-7673
-5517
-7244
-10106
-4369
-8491
-7870
-9004
-10770
-7462
-9051
-9061
-6954
-9270
-5931
-10074
-10855
-9057
-9027
-8537
-9633
-8942
-12962
-4734
-6198
-6720
-10296
-12465
-4408
-7843
-8739
-7194
-5513
-6045
-7853
-7685
-6256
-10907
-7996
-8522
-9079
-9276
-5625
-9570
-10317
-7244
-8206
-5781
-7776
-9664
-7773
-9372
-10863
-9535
-6672
-6013
-7057
-5366
-12318
-7000
-5617
-9545
-5930
-10736
-8822
-10645
-7999
-2717
-9810
-10592
-8032
-6815
-5915
-5392
-6882
-9725
-5216
-6536
-4828
-10132
-5092
-8893
-5646
-11420
-4958
-6742
-11446
-6871
-7687
-7247
-6792
-5114
-10408
-7747
-7766
-7592
-8247
-5773
-7388
-4255
-5182
-5261
-6157
-9255
-8973
-6808
-6194
-8475
-8485
-5817
-9159
-6893
-7678
-10052
-11460
-7108
-8184
-9576
-8694
-10182
-7849
-6684
-10165
-10700
-9834
-9425
-6053
-6834
-7992
-5662
-5005
-11897
-8137
-9811
-8527
-6686
-4979
-8702
-5337
-4559
-8820
-5217
-9094
-6429
-6314
-8634
-7399
-4899
-8484
-8920
-9806
-6668
-7519
-11616
-5171
-7108
-5806
-6339
-5562
-8757
-7331
-5085
-8128
-8148
-7279
-7010
-6615
-7655
-7812
-11701
-6032
-8292
-10768
-7127
-9934
-9539
-8297
-7660
-8272
-9195
-7768
-6135
-7815
-11613
-8563
-6435
-6522
-10473
-8180
-10415
-11184
-7255
-8050
-9042
-5593
-7751
-6849
-9773
-10530
-8107
-8734
-5772
-7132
-8512
-9184
-7372
-8047
-7421
-9632
-6963
-6360
-3386
-4829
-5687
-6479
-7548
-9373
-9585
-6503
-8597
-5671
-5482
-8998
-7043
-4897
-10170
-10706
-6644
-9393
-12740
-7730
-4276
-4833
-5971
-8712
-3868
-6752
-5773
-4841
-8456
-9924
-9097
-7472
-12308
-7664
-9979
-8974
-6232
-8064
-5660
-5381
-11186
-10801
-8207
-7122
-6038
-10452
-9845
-7157
-9623
-4723
-8477
-3953
-6730
-7035
-7826
-8062
-4084
-6000
-5084
-7981
-8356
-7385
-10660
-8158
-7778
-10012
-8377
-9997
-6833
-8892
-6956
-8238
-7906
-5785
-5144
-7408
-11463
-5568
-6430
-7866
-6904
-4667
-7385
-7654
-9577
-9829
-5735
-10883
-9236
-6723
-7151
-7997
-5239
-13587
-7572
-8020
-5815
-7293
-6569
-3758
-4649
-8870
-6262
-8818
-8048
-5733
-10504
-8297
-6045
-8944
-7407
-6877
-5657
-11746
-6444
-9549
-6746
-5531
-6443
-8401
-10532
-7637
-6755
-8581
-6764
-6020
-7388
-7761
-12799
-11679
-7614
-10372
-8146
-8228
-5868
-5957
-8705
-8399
-5981
-7865
-9342
-5486
-8082
-9883
-5224
-5237
-7447
-8299
-5800
-5709
-10000
-10094
-8123
-6275
-8421
-6556
-8521
-8351
-9054
-10693
-11203
-6613
-4908
-6682
-9092
-10421
-7152
-3310
-2969
-9465
-9785
-6473
-11973
-8094
-5596
-8869
-6581
-5748
-5616
-7067
-7514
-6373
-10557
-6503
-9521
-8429
-3248
-9909
-8133
-5871
-8229
-6709
-12439
-6585
-9336
-9233
-8923
-6558
-7004
-8840
-9616
-8034
-12519
-6521
-6675
-6657
-12282
-8081
-7669
-10759
-10851
-5291
-5733
-8114
-7176
-8675
-8312
-8723
-6765
-11375
-8131
-7221
-7726
-7355
-5200
-10000
-5810
-7184
-8438
-8686
-5837
-4026
-9240
-5671
-6843
-10572
-10276
-8761
-5977
-8317
-12549
-10605
-6997
-7166
-5677
-4831
-8792
-8496
-11096
-7982
-4319
-9314
-5986
-7925
-7792
-10102
-6756
-6708
-8199
-5575
-4918
-5214
-6725
-4525
-3948
-13664
-8042
-8573
-9487
-7242
-8685
-9816
-8325
-11263
-7933
-7152
-4961
-7606
-4783
-6900
-8720
-9380
-6602
-6615
-13696
-4727
-7407
-7992
-5724
-8748
-7478
-8150
-9400
-6267
-5698
-8585
-7772
-8686
-5548
-6998
-8438
-7981
-2458
-8225
-7355
-9010
-8212
-8474
-8700
-8520
-7073
-6598
-7369
-6229
-6446
-4553
-6370
-7448
-4484
-8513
-4010
-11032
-5692
-4862
-5852
-6524
-8321
-9734
-13466
-7354
-7866
-5771
-9904
-8403
-9117
-9325
-6804
-9273
-7036
-9467
-5958
-9488
-8256
-2761
-7175
-8481
-9094
-9577
-5056
-11497
-5731
-8802
-5871
-6887
-8601
-6998
-7996
-9527
-11381
-6238
-15491
-8932
-9240
-10643
-7442
-8558
-8651
-8521
-8344
-7829
-5277
-5323
-9210
-9817
-4298
-7042
-3471
-7011
-12385
-7578
-7929
-6003
-12228
-7865
-11098
-10705
-5988
-6632
-5882
-4968
-7608
-6726
-6733
-10791
-9239
-3304
-9731
-11759
-7537
-10541
-8049
-10131
-10302
-5299
-8001
-5689
-6062
-4259
-8246
-10679
-7368
-10048
-8783
-7346
-8807
-7308
-8213
-9372
-4797
-5364
-7886
-10619
-7947
-10886
-5783
-8965
-7838
-7073
-6940
-9753
-5486
-5500
-12543
-11519
-8031
-8052
-9084
-10802
-7248
-7335
-8421
-7384
-6663
-6990
-7383
-12973
-9051
-8287
-6723
-7266
-8166
-9742
-7513
-10075
-7840
-5086
-8389
-5768
-5736
-6904
-7577
-9291
-8227
-9871
-8332
-7334
-8201
-8089
-8088
-2997
-11137
-8131
-11234
-5856
-8099
-6740
-11914
-10953
-11462
-7576
-7721
-8380
-13454
-8557
-7221
-9658
-13450
-6445
-14791
-9703
-4890
-10907
-6446
-8182
-8009
-8795
-6891
-8669
-7658
-10518
-5104
-8251
-8400
-9914
-9963
-7737
-6903
-9758
-5730
-8121
-9185
-9381
-11630
-13717
-5315
-9325
-8667
-10428
-9182
-8407
-8664
-3835
-9976
-9446
-12028
-7091
-8977
-5007
-4443
-8999
-7767
-6962
-8181
-7577
-7630
-9466
-5531
-9676
-10157
-4951
-6636
-8532
-6066
-8393
-8183
-7533
-5311
-5341
-8958
-9402
-7266
-10539
-9417
-10022
-9570
-4425
-8983
-4409
-9305
-6889
-6018
-8212
-8856
-6785
-9299
-7161
-6513
-6054
-9720
-8879
-11072
-11037
-3450
-5761
-6470
-7679
-9814
-12904
-7518
-7411
-7935
-7844
-5224
-11747
-4846
-6355
-8736
-6481
-4978
-7076
-6687
-6572
-3462
-10418
-7340
-10012
-11716
-6991
-5866
-9118
-11697
-8922
-7666
-9940
-7062
-14060
-8023
-9385
-9482
-7168
-13661
-6595
-9210
-8599
-6642
-8860
-7386
-10036
-8073
-9657
-11040
-8514
-7465
-4177
-8277
-6375
-8177
-5374
-6545
-6079
-5400
-8058
-8087
-11281
-7373
-7127
-5699
-3315
-8090
-9028
-6395
-7351
-8502
-5898
-4696
-13230
-6904
-8446
-5807
-3718
-11374
-7855
-6602
-10342
-9111
-5873
-7425
-6654
-9017
-7878
-7856
-11129
-5526
-9416
-6121
-5760
-4819
-6366
-6901
-3057
-9736
-7595
-8162
-7311
-7278
-6365
-4223
-9458
-7501
-8942
-8380
-9523
-9173
-6382
-11134
-4738
-8794
-7139
-10884
-8457
-7105
-6930
-6530
-9674
-8188
-8573
-8536
-9283
-5541
-8553
-7020
-9097
-6949
-8885
-7286
-9618
-3933
-8730
-8844
-8192
-8554
-5534
-8915
-9164
-5576
-6019
-8094
-5570
-7591
-5937
-7879
-11052
-7715
-8456
-7960
-7249
-7868
-6007
-7870
-9374
-9405
-8971
-4183
-8217
-10528
-2928
-6662
-8262
-5946
-8769
-6426
-7114
-9594
-4923
-4323
-8087
-10644
-6658
-10193
-7166
-8891
-10241
-5938
-8258
-7728
-7195
-7386
-6497
-6450
-5277
-9357
-8613
-9389
-6762
-5212
-10934
-5455
-9262
-8007
-9612
-9214
-5956
-10986
-7881
-11135
-10432
-9891
-5707
-8657
-8499
-6382
-7452
-5438
-7109
-6304
-9586
-7873
-6932
-5159
-11475
-4147
-6632
-9964
-6578
-10387
-7604
-12737
-13846
-5760
-5573
-4683
-7999
-9387
-6846
-6271
-7019
-7888
-6356
-11117
-9564
-10030
-3701
-11778
-7740
-6129
-5770
-6979
-6258
-7319
-10623
-11378
-5718
-4857
-9723
-3787
-8536
-10234
-6058
-8858
-9048
-8109
-11257
-8001
-4495
-8586
-12462
-8523
-8144
-7672
-6619
-12819
-11080
-8563
-6732
-7972
-9617
-6014
-8126
-9821
-9101
-6082
-9579
-8995
-6183
-7293
-10299
-9207
-8387
-5260
-7434
-8716
-7172
-8536
-6277
-7626
-8193
-10092
-8419
-6579
-8417
-5106
-7521
-7223
-6007
-11744
-8993
-5625
-5961
-3112
-4934
-10551
-5970
-5716
-9159
-7727
-7619
-7102
-6277
-6651
-6983
-9609
-5989
-5676
-7132
-8196
-4291
-5739
-9338
-10627
-7729
-10028
-7114
-6038
-12705
-8835
-6064
-6847
-7398
-9406
-7763
-5860
-7999
-8454
-5015
-9976
-6652
-7558
-5570
-10811
-7460
-6377
-7906
-9567
-6422
-8464
-7651
-7004
-6892
-8856
-8664
-11039
-7846
-8832
-7030
-7740
-4931
-9696
-7095
-5809
-10994
-9991
-7227
-9800
-8800
-6027
-6715
-5998
-9166
-7145
-6402
-5861
-4207
-7577
-7961
-10467
-12668
-7818
-6163
-5737
-9439
-8691
-2311
-7908
-7740
-10458
-6500
-10825
-7042
-6812
-6979
-6153
-10158
-6250
-5487
-9395
-10620
-5460
-11036
-11678
-3011
-5645
-12304
-9354
-8074
-6057
-9657
-5795
-6894
-7030
-8553
-6041
-5327
-6375
-12466
-8056
-5853
-5917
-4355
-7766
-7106
-7484
-11639
-7810
-4557
-9747
-6020
-7164
-8840
-5785
-8023
-8224
-3487
-5764
-7794
-5672
-4902
-4923
-6175
-5622
-7104
-8308
-7396
-8949
-8068
-11376
-7740
-11134
-5261
-12701
-10395
-10102
-9415
-6982
-7556
-5999
-12863
-7768
-11415
-6753
-11122
-6052
-8827
-9475
-11081
-9494
-7373
-11331
-6392
-5078
-7071
-4570
