-55819316
-120031576
-21800876
-64795220
-85168112
-65708184
-27192152
-108717120
-52759540
-107469400
-47975316
-60687312
-102189928
-39692220
-67174152
-84892648
-70505712
-33274964
-11614795
-51896652
-92826304
-111208104
-76946840
-104555832
-64450672
-57105024
-33363494
-43493872
-33728788
-137120752
-76283992
-127431088
-77262304
-18749094
-58100816
-34192048
-106958080
-57639840
-33497492
-104495944
-66078892
-73466616
-100242032
-110577080
-12389615
-133625288
-36865044
-55518484
-103154568
-77315896
-56936216
-92467408
-55767840
-106473944
-71203648
-107658544
-57656568
-69307080
-43864948
-42872196
-66015740
-48634360
-84913624
-61506064
-57423352
-7852100
-44152756
-33656012
-78495528
-28935738
-52825760
-18645830
-63399128
-34841140
-58379548
-70668200
-99337920
-60358892
-60109908
-121741080
-89810888
-81435688
-69018408
-83421848
-58263608
-197382864
-76634256
-69300152
-108607592
-63567680
-35444084
-25451342
-73823408
-35727528
-36050180
-56860688
-78952064
-39068864
-70645592
-7941727
-52675448
-17417662
-126529416
-146259232
-132028000
-120732424
-112240408
-74891864
-58234980
-70052136
-45552344
-58493640
-40695212
-30064882
-101447232
-48369020
-122565784
-12887493
-79255776
-53671060
-93253816
-37216032
-69930976
-68019624
-30894564
-76977904
-90121792
-125666240
-53836800
-87783464
-23954676
-33017146
-11692025
-37121736
-105263792
-40161560
-215304352
-73700688
-86503680
-32689068
-68423824
-45810704
-84815400
-112349496
-60064264
-54292516
-156490848
-41971624
-191239504
-26520110
-82522616
-48958804
-59469348
-129254168
-110480584
-96577856
-74016000
-59157776
-77748624
-62547512
-133535872
-132144624
-41413860
-107056344
-49132628
-69910224
-80633384
-35580756
-128250176
-80743840
-77982936
-47008852
-33608892
-58204488
-26814508
-33568528
-34504328
-34373204
-89641952
-45300300
-33708264
-52487628
-130520216
-97878816
-53701604
-141824480
-46447060
-16838794
-52677892
-30646918
-94627288
-39854748
-101879112
-73160600
-88878208
-61196556
-51721580
-108016352
-32564874
-10096187
-38430516
-123815416
-115203888
-89060312
-118857840
-64618608
-69901720
-77125440
-22439282
-54197884
-60207984
-242180688
-61353960
-112596912
-5478379
-52449572
-82153480
-70641936
-32647998
-49113980
-53011592
-67960136
-90184096
-33050720
-58839852
-117298128
-51782572
-53952932
-44993356
-55079784
-40011872
-87636888
-216490816
-95309408
-116146992
-87965216
-87493632
-77094416
-12169755
-56613664
-161582640
-43709604
-37846984
-75963160
-111650784
-91882816
-45973848
-7054484
-86443040
-82236208
-146712672
-111144520
-18956422
-68575208
-60379964
-55682388
-74054096
-75849136
-63175752
-40853224
-64306800
-145361920
-56768380
-17190594
-93133408
-82337232
-19954640
-46050104
-68507240
-67640952
-61350312
-39377860
-70336168
-46766236
-20173688
-33602340
-120291712
-143689168
-89047456
-63742504
-46676164
-80810368
-45441240
-113290992
-37391032
-52038988
-63997636
-38976288
-38700708
-46114108
-70054928
-101949104
-38657356
-63822244
-103920832
-44504248
-137364032
-90493608
-41539596
-96103256
-54855000
-71062816
-40006672
-84533208
-120118336
-104884336
-36665056
-126727640
-46523844
-20847580
-43804040
-74370320
-79671712
-97765368
-79228056
-28577208
-92826184
-131381312
-40314792
-31059722
-53735696
-121379320
-89339416
-47467924
-77083128
-60341772
-91072088
-65867644
-27126146
-45445324
-81819792
-31410456
-77219888
-69229328
-26028394
-82152840
-40399672
-69636104
-68020368
-124951312
-63921452
-84662072
-75431368
-22835316
-87295784
-40466796
-52883300
-29238586
-136091936
-93022672
-91672032
-213205792
-55550116
-72052456
-72447456
-71080312
-42510572
-29312794
-51478328
-49547604
-38331576
-20954590
-72388008
-52436340
-25599736
-89672488
-16406549
-119735952
-41309412
-112166776
-105546376
-32396990
-133541864
-46844376
-62302500
-84814960
-63010040
-37920892
-58044424
-106020656
-177579824
-82068696
-30909924
-35974880
-90858832
-23526948
-90576832
-82525816
-57762304
-86876112
-92522224
-57096280
-110730912
-86200192
-71102544
-32840862
-58599028
-47514788
-95216968
-84922232
-124173928
-19409686
-69519144
-54484000
-36254212
-50873000
-54936036
-47062104
-56238748
-23099194
-98906440
-100214688
-53927984
-60367916
-80028080
-108274440
-74173512
-121000440
-28316726
-62114716
-54131312
-62457948
-48883844
-99821088
-50842200
-95255584
-53333588
-55883976
-63721508
-43997436
-43380336
-77327544
-48109064
-77338184
-125533416
-41501348
-63591528
-49787952
-72448352
-55880496
-64116316
-50590312
-55809564
-38356860
-62372844
-36977860
-39565456
-179016928
-50614780
-29496318
-25452148
-71670016
-42103228
-81063264
-118956768
-108211808
-100572800
-115059320
-34435912
-38408204
-77506528
-69257072
-54877392
-24755854
-29263532
-141291392
-45105768
-40924548
-27781160
-44707904
-149095248
-39770976
-136203104
-17930444
-63345180
-50329956
-129386856
-88079144
-71419552
-128220816
-33676148
-54628676
-64030324
-219711840
-33365858
-110606352
-30440412
-62766100
-91794408
-107641360
-77200184
-29663278
-64372892
-14477081
-30764806
-62748116
-50953160
-71713648
-39077352
-68545984
-64786440
-60705068
-78195296
-34574184
-161589536
-85727544
-99233464
-81550448
-34478760
-119742880
-85886920
-58841696
-19890300
-133578888
-64630852
-61141696
-90041896
-64491232
-87686120
-58278732
-43002916
-71615528
-46696336
-83234520
-99334064
-52666372
-128509472
-111636544
-30645814
-37024516
-95144928
-71395872
-155923744
-48999164
-36912728
-78722672
-23362206
-32292216
-66177576
-33883668
-120081200
-116324624
-68168088
-91743624
-38604240
-82388272
-89581032
-70166248
-69419032
-40020084
-37664736
-39106840
-23280308
-170817712
-54600600
-58278924
-97760960
-66972756
-63927576
-37452452
-56623328
-55629900
-29411824
-45207292
-121495416
-110296752
-76172688
-49350932
-82636920
-40389040
-13595504
-126326408
-66375808
-40966008
-44449392
-64078220
-114958608
-41334508
-79082056
-69173872
-16172278
-10065449
-157819824
-45843428
-22099978
-40234912
-79845288
-51899248
-49947040
-104359752
-58179728
-126717632
-81540312
-106298048
-105155720
-65176592
-36464420
-235642624
-56785584
-92760424
-56386396
-46454924
-130088504
-105679496
-71677512
-85701456
-28401870
-81959472
-61084888
-68624552
-58519356
-55172492
-108629424
-64883032
-63892400
-141491696
-64403544
-51988192
-98579712
-77500456
-73186104
-24188942
-17699792
-43018976
-8796389
-24685170
-105273832
-59457396
-69596704
-11762559
-56355904
-79625584
-72494064
-62018136
-91154056
-60445852
-52476744
-34357216
-23508956
-65709992
-43699404
-29218722
-100844192
-48965684
-78674736
-57550668
-60232816
-38102336
-61341724
-180062496
-47070788
-94431632
-82441576
-133046992
-98136840
-24930004
-101714600
-59815532
-98795576
-73786232
-60166364
-126746400
-51372696
-173894992
-43115468
-36799620
-40706400
-37773252
-31977312
-63730028
-89358488
-92977688
-42331552
-78892488
-47655700
-68197640
-70776512
-48461448
-61558516
-13673023
-32772192
-37555432
-32059660
-86538520
-114830952
-133757616
-56287176
-20364494
-103197240
-35042944
-84471816
-39343320
-59763204
-63198392
-55306700
-61138328
-91772160
-33117912
-105655008
-32211312
-36260388
-41713680
-79263288
-38957676
-69434312
-43931784
-79037456
-35593716
-103110000
-15963293
-127853408
-72466816
-30783804
-85107160
-36969000
-65390456
-62513820
-103495368
-59736396
-41753032
-33062426
-67917312
-49117160
-74054704
-33739804
-41814300
-43077556
-70260120
-63501120
-178065664
-17930180
-53476060
-95859736
-26485346
-113461104
-99027152
-53088952
-26607576
-77628744
-133368240
-55085028
-103289192
-76838640
-66953940
-49410068
-79105776
-57167400
-88923480
-132396712
-69570208
-142561984
-95164256
-55865384
-47974084
-132437896
-98983856
-35976116
-52772832
-10665246
-77664184
-6655551
-60582196
-60536316
-93227216
-86635552
-67729144
-85672936
-48498880
-168016736
-80283400
-98885208
-85826824
-113727792
-23780876
-63826136
-38519164
-38711968
-56789432
-30602108
-108829128
-115109080
-39036948
-26940720
-42680380
-45966304
-55166416
-8149608
-98747048
-86627512
-132671808
-110313176
-44015140
-99943144
-34511400
-46195920
-108265528
-107540752
-51235264
-25379578
-132388016
-84528208
-50442448
-55922192
-57407588
-65618656
-77500528
-34562672
-69714680
-55925752
-67789872
-63866828
-79390296
-181756912
-60151196
-28012012
-34432436
-141280000
-52829916
-44941128
-94110800
-36975724
-47281820
-70566096
-36946496
-62672616
-156315696
-21916326
-89169240
-60288988
-152711408
-82296536
-22843646
-43442092
-37669784
-109649440
-89590680
-56308504
-108164176
-54470624
-114531736
-50105276
-96078672
-33379016
-24938638
-113519648
-69237480
-145492944
-54716800
-157258976
-44264020
-125815472
-71964624
-57398476
-50332776
-70336632
-95870312
-70106280
-106964856
-39944368
-67992528
-104531576
-47921200
-31179408
-60860552
-100903480
-48125960
-47183284
-108631216
-54682000
-27507952
-83576048
-10518376
-68439768
-190581072
-136656144
-44542764
-30753870
-107181200
-75447280
-66648664
-65213904
-42977396
-70105552
-71909888
-23643018
-34246808
-31942562
-50799388
-88734152
-149478896
-52605988
-68244952
-140253904
-29957544
-47311744
-146088528
-18268448
-39247328
-38690380
-54664964
-83265192
-76274672
-108264752
-80235040
-39328408
-111870272
-38093584
-73574728
-68884240
-71797624
-148032544
-95574024
-63239388
-39948556
-64390116
-73616904
-24758282
-38717384
-63217976
-49109216
-84621720
-66354228
-144416016
-48153048
-50240672
-33457132
-59125512
-96174416
-77214344
-16141509
-125083664
-55286756
-53650076
-50345536
-36049856
-25818684
-71675496
-55074900
-61210748
-33361474
-50133792
-95727232
-44112840
-76651016
-126474752
-109700624
-47946892
-50540508
-82195872
-26515064
-85293176
-68152752
-54255684
-95191344
-100994248
-136904736
-53757360
-95957232
-48341280
-58914300
-206906352
-83204632
-61665904
-34848344
-152245408
-91462152
-64654728
-151230320
-72873528
-70944728
-101813208
-115745304
-68055376
-43998640
-38121804
-48870304
-96089704
-104448336
-79917128
-57760176
-57677316
-61965872
-42614748
-88038208
-157937792
-55913400
-75422576
-30974314
-31102142
-104191216
-128141480
-145684352
-52825804
-127750592
-44896228
-106569144
-87239432
-87744120
-77128832
-46537968
-26043534
-94672096
-89970344
-69291616
-71504512
-35104956
-82966088
-138165488
-57732832
-34780960
-77978896
-90473224
-100276544
-44967072
-88026744
-71036976
-91764080
-53836360
-59776988
-90603480
-178421504
-129242696
-116942656
-74759416
-127305096
-92750376
-70689112
-35555436
-67438008
-75145120
-48647492
-49998224
-27605852
-90524752
-48300132
-102237184
-64601988
-114537528
-76329952
-7712066
-34989844
-60421516
-51528812
-46712816
-65319284
-36554688
-59218768
-57381788
-49084528
-59472712
-88923208
-93313592
-24605392
-84871360
-75370944
-122644400
-56715352
-36103156
-25835156
-59370828
-29061018
-118734376
-98905224
-91638784
-53972784
-112368616
-118982144
-71409704
-17607168
-116142976
-79435608
-28545410
-36725360
-78413768
-53695612
-120286192
-110371792
-35934364
-57357608
-116551144
-82387832
-109768208
-114827936
-61437740
-39473536
-44133012
-78832248
-28733446
-26551726
-83166728
-27791562
-41707396
-38502736
-105531584
-59523800
-75551280
-107408336
-157335440
-15959534
-72716296
-103336680
-35422596
-86587904
-46879800
-88555800
-45295228
-104985392
-64924284
-75214096
-158785456
-47602412
-31450640
-31326436
-79695776
-89038184
-101764288
-20381146
-116303448
-89038368
-109890304
-56437140
-68606416
-39777400
-76074008
-41487928
-92336304
-49692668
-61409540
-61053232
-78776920
-130086712
-59649624
-63573920
-139618272
-123526648
-15115102
-91353160
-132379320
-55907204
-135389728
-93255472
-29961470
-71050184
-44626968
-35423696
-74309936
-66001704
-100937496
-57354100
-35728772
-57550708
-45199116
-43838688
-65100108
-238054864
-135256944
-29537374
-23483378
-21768016
-57585780
-87552064
-52251156
-33969656
-36376376
-63537996
-78987648
-188038400
-50831828
-47270716
-57396568
-134367424
-16507347
-58318184
-48825972
-34048944
-42201408
-27922446
-53494752
-92962944
-77388296
-74303520
-62410080
-53222324
-65585428
-66492188
-204705136
-33509564
-71994968
-21933472
-69184496
-125504232
-53897416
-62929148
-53070004
-91693464
-53585544
-28370200
-104204296
-64428716
-99925512
-39902724
-94640608
-76283320
-47776544
-57374132
-134455456
-62463356
-98984704
-53779648
-49577764
-63894720
-51972480
-106281552
-133106080
-62671716
-29541928
-98838512
-138223392
-50959220
-103294488
-193787504
-54110252
-170637760
-180585024
-50418112
-106270144
-56263608
-26459306
-282628736
-62794100
-128122088
-27364998
-62682368
-25309416
-33387516
-76799272
-122174304
-84046248
-24240148
-76187896
-49994672
-109588776
-44658688
-103041648
-24305968
-87090424
-107673752
-47946088
-53724520
-126365440
-95324808
-66698892
-95209184
-75725232
-65982984
-37669064
-47489388
-123593752
-59350740
-37488724
-74652808
-48435656
-63528276
-79107696
-98880320
-15269910
-74500944
-63599736
-64443608
-134480688
-87741392
-56474208
-68106208
-131263208
-38835124
-28011780
-37648900
-27770278
-99109688
-38847952
-79107920
-40286732
-40651148
-71902456
-35788880
-71022296
-58102492
-61243516
-47200988
-90666744
-135630224
-251772352
-22162800
-82724280
-51047340
-121313264
-65005236
-55633624
-117808448
-66264084
-93049992
-41324228
-77559360
-98462664
-57111636
-60298308
-34760236
-70052464
-113744696
-54311864
-117024792
-145952416
-150064416
-36721364
-115204312
-64488220
-9758353
-71997232
-37482792
-100727352
-87665568
-40952104
-57524204
-79046200
-70464976
-81150064
-95048768
-160652576
-34877820
-57258272
-48013276
-53247588
-17318638
-37692072
-44520580
-34167448
-86303488
-72574136
-66554916
-45541804
-77137152
-29918648
-36598396
-61931528
-102683952
-58573580
-24039252
-126005440
-118609304
-51896420
-92409496
-54342708
-63147168
-30983366
-65381044
-85733104
-127465248
-66992596
-106594240
-50999100
-85592848
-82285256
-73755624
-60276176
-64782324
-59047872
-118770400
-47512556
-53761628
-39238356
-90949880
-44796524
-80159392
-61645776
-54093420
-17213438
-112473152
-207803616
-20723374
-73894456
-40128580
-67488416
-9910237
-88878464
-71674872
-79789448
-115947480
-99838840
-114797432
-150496928
-69296328
-60567636
-25518348
-73792640
-55096384
-106967640
-51118932
-94052912
-76644992
-115629160
-70499928
-166987520
-99902512
-82779552
-38920832
-59732492
-79759976
-39749932
-41015772
-191402112
-70518264
-65851244
-82015496
-40118252
-48740664
-119295400
-50379712
-45412324
-44249064
-22873468
-89569352
-59387528
-51883720
-54544416
-81068688
-72196504
-75076560
-84396728
-77984536
-74828528
-76493840
-95515856
-44973848
-97101016
-54098488
-188538640
-42725508
-67025700
-72271152
-59081800
-62450372
-70661880
-30602694
-89841200
-71288208
-76330048
-140683680
-46676200
-35037888
-59757712
-66775932
-32758504
-25307462
-114583720
-132700784
-38601256
-154879440
-98512848
-29471132
-68722392
-48775076
-43747452
-108957176
-33685760
-154479472
-49936216
-83628680
-39807004
-66146164
-40453152
-159890752
-28533310
-48204876
-69406744
-152269696
-80320776
-66670796
-68744144
-54322716
-38859976
-57044608
-105793344
-65015428
-36713068
-35632784
-73381808
-47677980
-74906744
-16920090
-66277788
-75732352
-34734844
-62503484
-40734236
-65300912
-51365936
-58849064
-85277352
-39388176
-72925136
-72174632
-109669976
-60595448
-61599900
-64211424
-88426688
-63166680
-62940372
-98991152
-57208952
-38544872
-25126464
-153631664
-87221528
-97087944
-49491596
-68685120
-68245376
-63770836
-100461888
-60733716
-65106888
-65770032
-115534800
-69599472
-20590444
-89425064
-90210672
-65700248
-28908608
-62784092
-120664904
-79077304
-59492500
-72526872
-45803704
-40769068
-147401376
-32359938
-45582412
-98764760
-37424880
-105655656
-60909340
-74329968
-71957232
-95475352
-57726328
-37034608
-19134260
-23710182
-55244504
-47314992
-111058288
-61209640
-61799624
-90133080
-38453900
-37360924
-33169366
-40011312
-30245982
-100057152
-29817708
-98654888
-26148792
-60907428
-30240030
-28590038
-85278440
-32552212
-85107088
-26894204
-103531504
-51076968
-104799176
-28992630
-58556628
-35374760
-47223864
-103363464
-152823632
-59424700
-18950928
-97041424
-51916444
-59255856
-51956840
-57958612
-39341716
-26281320
-154131152
-58559072
-43458044
-74268616
-47142060
-34318596
-21141736
-64384332
-111209312
-113916944
-54924052
-52732492
-92161144
-79265880
-39086860
-40840136
-57991024
-52937828
-58362832
-71010264
-61049452
-30736672
-62566752
-68865728
-103054440
-180973120
-36814880
-75780552
-219819616
-65864972
-21229094
-54560616
-52807220
-130068824
-28946242
-46318136
-26847990
-71656112
-50236972
-144969296
-36084424
-63385268
-61383612
-69614200
-121547880
-32622918
-38952560
-83310720
-67290688
-72041592
-110529992
-31120460
-57371852
-153864880
-111086768
-40968416
-80127248
-55705284
-53734052
-102919232
-101160368
-20622822
-72310528
-42726784
-98179088
-121251344
-55213000
-69797680
-55138932
-63196016
-91028056
-59054508
-23977548
-50219120
-146204256
-24968380
-130964400
-39338848
-70275712
-126431088
-47921544
-46541216
-79600736
-95553808
-57180920
-70912104
-49295172
-65889264
-89053344
-120783376
-115260728
-52820180
-10620502
-50715188
-32589172
-180786656
-44271980
-34998448
-55746040
-67994384
-38580060
-57631408
-15593635
-22961896
-50127728
-136537344
-73223544
-62795532
-101920472
-68451496
-23915106
-50077816
-231171920
-28464018
-184544704
-86776232
-83423008
-25327110
-124267944
-109609856
-69415416
-90141296
-54645896
-78298480
-59860940
-67692360
-38064468
-45851072
-45316232
-102139744
-20359310
-145325408
-39628560
-100749088
-94634960
-118828768
-50061752
-56176376
-73610872
-19742310
-84649984
-67300856
-56631112
-47518440
-57943916
-58239464
-62930456
-5783616
-32146748
-86473304
-51293280
-84940896
-84836272
-35427424
-50801488
-54768824
-83006936
-44401844
-74752488
-53359696
-17124860
-114441528
-62177160
-54150004
-89843880
-129326880
-41635112
-71050528
-44111148
-71734624
-35478308
-40073120
-65342264
-77144032
-32995426
-41421544
-46382268
-75262040
-38096260
-60370872
-17617262
-35233832
-95044704
-47030164
-139340240
-53252152
-34903900
-35893584
-59175476
-47042608
-39086580
-51077196
-110493736
-44761188
-36274464
-139577328
-57343516
-42525908
-139115536
-120348824
-25608278
-133959584
-46984324
-156680768
-95127264
-177182176
-69182288
-78486928
-95769000
-65336344
-76160928
-61328108
-35492816
-52160280
-12576195
-49689284
-45297456
-94617216
-79744760
-65134756
-33670420
-58056304
-112990256
-21115430
-79772984
-68529872
-89698776
-128324080
-61601336
-90637072
-90829432
-53493840
-95069960
-38911864
-112276624
-130365512
-90754824
-90144824
-80634856
-102676176
-88456000
-185896720
-24792400
-42500064
-49954436
-117292224
-171921920
-21494126
-68047336
-84485160
-57258664
-33620704
-40426132
-68232448
-65345540
-43302144
-131626880
-70726896
-80347952
-91189344
-95201664
-35006784
-101318648
-117770216
-58047728
-74491248
-36971832
-66897712
-103322432
-66846148
-97177824
-130570632
-100590368
-49248120
-40002744
-55093008
-31858518
-167877712
-54206472
-34907036
-100800360
-38897588
-127533432
-86106936
-125365384
-70797000
-8162265
-106462632
-124130992
-71373992
-51377456
-38700544
-32158638
-52404876
-104641072
-30092814
-47255624
-25784938
-113586952
-28685328
-87491880
-35265788
-144298656
-27190406
-50293020
-144938800
-52233348
-65366452
-58110184
-51034672
-28931422
-119853088
-66402920
-66719196
-63762452
-75250824
-36870008
-60383020
-20032472
-29711188
-30616204
-41941756
-94771400
-89083560
-51274144
-42449096
-79473728
-79658984
-37434620
-92808560
-52572312
-65226696
-111785528
-145310672
-55903228
-74097264
-101460888
-83628072
-114705096
-68163984
-49429228
-114323072
-126669648
-107002992
-98276392
-40528048
-51668960
-70665176
-35467324
-27712406
-156600032
-73250320
-106494248
-80441984
-49458088
-27430168
-83782192
-31508476
-22991554
-86067648
-30106654
-91493360
-45723644
-44107764
-82480792
-60571176
-26554536
-79639872
-88039184
-106392600
-49190740
-62554264
-149287648
-29584410
-55897904
-37291040
-44450476
-34224556
-84846456
-59462276
-28602490
-73098304
-73445120
-58615080
-54368880
-48413576
-64826016
-67524656
-151486800
-40247528
-76077880
-128284552
-56195812
-109187928
-100677376
-76163352
-64911480
-75706160
-93540192
-66750900
-41640636
-67573216
-149219648
-81133112
-45809008
-47059164
-121351576
-74028008
-120016648
-138391856
-58232768
-71694904
-90446352
-34606512
-66468740
-51901036
-105675416
-122683336
-72714448
-84403200
-36860092
-56278604
-80165480
-93316840
-60132940
-71639024
-60934280
-102636480
-53639912
-44752484
-12679979
-25800286
-35783452
-46447196
-63034564
-97201424
-101641112
-46792008
-81764256
-35584204
-33247554
-89572176
-54879400
-26529212
-114438160
-126807824
-48839008
-97620328
-179576128
-66115928
-20221908
-25842814
-39441208
-83979152
-16548033
-50441716
-36872424
-25924552
-79113624
-108960880
-91566304
-61761188
-167594976
-64983584
-110176040
-89089184
-42972648
-71938552
-35442988
-32036160
-138436960
-129078976
-74523712
-56110160
-40334508
-120877008
-107243992
-56670032
-102456520
-24679026
-79507064
-17286544
-50111536
-54750612
-67765424
-71900608
-18454076
-39829696
-28597312
-70467416
-77247992
-60329700
-125734184
-73636600
-66928020
-110905152
-77644752
-110562520
-51649064
-87482792
-53526896
-75088432
-69143992
-37027068
-29270806
-60715236
-145373232
-34301400
-45745036
-68462760
-52733484
-24092068
-60345524
-64806264
-101466024
-106896720
-36384956
-131039000
-94377528
-50010588
-56579264
-70747224
-30359358
-204238272
-63440000
-71169032
-37409820
-58849688
-47740996
-15625791
-23905280
-87046520
-43385752
-86027400
-71661584
-36355732
-122076248
-76162552
-40428952
-88500424
-60695236
-52316356
-35404400
-152658320
-45938048
-100878216
-50346320
-33843772
-45919616
-78077696
-122721912
-64518316
-50483060
-81468016
-50621292
-40093908
-60391680
-66633296
-181255904
-150913216
-64134964
-119021672
-73418296
-74896608
-38089316
-39263916
-83842832
-78054544
-39569240
-68439896
-96555688
-33300650
-72273080
-108062656
-30195066
-30335910
-61349860
-76206200
-37210084
-36056364
-110627536
-112729784
-73005120
-43558064
-78448104
-47547816
-80338376
-77164272
-90685728
-126508944
-138858016
-48377840
-26643052
-49395516
-91454528
-120145776
-56590264
-12115660
-9752037
-99125464
-105931360
-46358536
-158601056
-72481664
-34644972
-87018744
-47916644
-36549648
-34892008
-55250336
-62457416
-44933656
-123298088
-46792120
-100285888
-78599880
-11666027
-108636424
-73173296
-38135656
-74924848
-49801704
-171180096
-47967428
-96437024
-94326128
-88083488
-47585472
-54267672
-86459608
-102305888
-71412008
-173414480
-47040216
-49296632
-49028468
-166903648
-72249136
-65075420
-128072672
-130282408
-30967704
-36359256
-72830128
-56977824
-83253368
-76436240
-84187928
-50625464
-143162400
-73151008
-57689920
-66046752
-59854388
-29908300
-110639328
-37345192
-57102412
-78768904
-83473464
-37689864
-17925974
-94451928
-35578572
-51806316
-123662072
-116821912
-84924216
-39527976
-76526672
-174242832
-124437368
-54160224
-56806348
-35655628
-25820130
-85526824
-79866912
-136224976
-70493880
-20635950
-95978768
-39641860
-69492592
-67175656
-112917024
-50491620
-49781356
-74376112
-34387440
-26754824
-30076856
-50030960
-22646178
-17245496
-206570128
-71550200
-81320456
-99575080
-58025572
-83452080
-106595392
-76669352
-140350128
-69624312
-56591460
-27227804
-64006716
-25312292
-52668972
-84127288
-97333896
-48218664
-48411612
-207529184
-24723022
-60691696
-70658688
-36251136
-84668976
-61864312
-73481432
-97760040
-43451796
-35919696
-81547920
-66829044
-83476952
-34057456
-54176836
-78763456
-70463656
-6681242
-74848408
-59843456
-89815144
-74600232
-79437976
-83742368
-80309248
-55342600
-48155452
-60084072
-42930996
-45968848
-22930684
-44894100
-61367680
-22243618
-80183616
-17791580
-134650864
-35840020
-26153442
-37892188
-47083388
-76608624
-104830144
-200637408
-59832880
-68459248
-36849660
-108515280
-78115744
-91965816
-96201592
-51209420
-95141296
-54775116
-99161344
-39277672
-99603808
-75408416
-8434576
-56952172
-79585576
-91504656
-101467488
-28281290
-146238736
-36336940
-85706872
-38135448
-52481584
-81854128
-54173580
-70741408
-100412544
-143314128
-43052944
-265491328
-88266800
-94462152
-125323864
-61275872
-81027232
-82800440
-80325840
-77031136
-67809792
-30804792
-31351426
-93841200
-106631072
-20434702
-54859564
-13323920
-54385816
-169697648
-63536184
-69547536
-39860316
-165428176
-68436912
-136257664
-126790416
-39669224
-48661768
-38272324
-27308950
-64037124
-50051392
-50147464
-128833096
-94442792
-12076124
-104766776
-152997040
-62845360
-122934080
-71678952
-113551248
-117428088
-31064196
-70832224
-35809984
-40651548
-20064662
-75231352
-126180928
-60052436
-111710000
-85337848
-59700968
-85804792
-59086576
-74634272
-97167648
-25455820
-31833964
-68800064
-124767336
-69867672
-131104696
-36997412
-88922096
-67959936
-55351628
-53291932
-105249712
-33297686
-33459764
-174066848
-146810560
-71354168
-71728400
-91297952
-129106520
-58122556
-59517632
-78450536
-60324104
-49116592
-54056092
-60300088
-186206800
-90637272
-75970656
-50007072
-58407736
-73767960
-104999176
-62452788
-112300376
-68007080
-28613662
-77866104
-36808536
-36399000
-52739620
-63523476
-95506392
-74889824
-107791976
-76807888
-59509952
-74416000
-72389376
-72374528
-9934976
-137221120
-73149808
-139627184
-37933964
-72575240
-50262600
-157038784
-132740192
-145355536
-63498988
-65947332
-77688272
-200275232
-81013072
-57693908
-103203992
-200153088
-45961140
-242044592
-104171856
-26447696
-131624984
-45969944
-74063112
-70960304
-85574600
-52527612
-83139472
-64876264
-122408488
-28823240
-75318984
-78069656
-108735064
-109811288
-66229592
-52711764
-105353568
-36328804
-72965296
-93331808
-97371888
-149639072
-208187392
-31251844
-96209600
-83115056
-120311400
-93282816
-78200408
-83039448
-16273317
-110115704
-98718904
-160065504
-55626360
-89166152
-27730490
-21833532
-89602192
-66735968
-53621972
-74046712
-63521856
-64401100
-99137256
-33846664
-103576632
-114130656
-27111898
-48713408
-80536576
-40712868
-77936472
-74079992
-62781044
-31205402
-31557914
-88773272
-97799496
-58410492
-122882672
-98120168
-111125768
-101332784
-21660242
-89286712
-21505236
-95800328
-52500072
-40069156
-74601520
-86769536
-50927744
-95673080
-56733284
-46933904
-40551840
-104526296
-87221560
-135628480
-134766528
-13169338
-36715108
-46315752
-65241944
-106551320
-184241488
-62538668
-60759540
-69652752
-68072896
-30193088
-152681840
-25977428
-44678820
-84428576
-46472728
-27417032
-55391044
-49477220
-47781492
-13254573
-120081272
-59607632
-110906512
-151877936
-54070716
-38069800
-91979808
-151386400
-88064896
-65021440
-109308008
-55181452
-218725472
-71205632
-97452280
-99461752
-56850120
-206479552
-48113868
-93847464
-81799752
-48804296
-86840704
-60348788
-111431712
-72099608
-103181712
-134839392
-80206304
-61657756
-19304964
-75793408
-44957116
-73969632
-31949168
-47394572
-40888620
-32259442
-71840936
-72359088
-140812320
-60141268
-56199152
-35926748
-12154200
-72413984
-90177176
-45245996
-59788488
-79980680
-38487084
-24391644
-193658624
-52733536
-78923928
-37309744
-15294641
-143119200
-68261136
-48214212
-118333336
-91831560
-38153032
-60985900
-48983760
-89958720
-68665688
-68274792
-137039488
-33784260
-98084112
-41452752
-36710548
-25686468
-44833848
-52694720
-10336653
-104863856
-63817472
-73702840
-59129952
-58594168
-44822380
-19729196
-98971080
-62249140
-88457488
-77694152
-100327864
-93085872
-45065712
-137166112
-24835038
-85564016
-56380632
-131059152
-79132896
-55846908
-53127952
-47178456
-103550328
-74168664
-81309976
-80613384
-95349896
-33967772
-80927864
-54516704
-91549136
-53417864
-87349296
-58731800
-102341864
-17112758
-84325976
-86543472
-74249384
-80947320
-33882088
-87927400
-92901792
-34391140
-40080760
-72473792
-34328428
-63758960
-38999756
-68673984
-135145184
-65850296
-79100928
-70099696
-58128100
-68481416
-39922972
-68527968
-97222608
-97872128
-89038776
-19353508
-74701872
-122638960
-9482489
-49100700
-75511528
-39119780
-85070536
-45680484
-55993804
-101840568
-26806778
-20676252
-72360832
-125337296
-49043804
-114947952
-56815808
-87452336
-116029048
-39009448
-75454376
-66066460
-57267732
-60355172
-46697620
-46023620
-30810518
-96861280
-82065584
-97527640
-50592608
-30054802
-132264360
-32923434
-94905392
-70930928
-102209432
-93919976
-39241868
-133530832
-68720520
-137176304
-120393304
-108238072
-36026356
-82905384
-79907880
-45065320
-61438116
-32719602
-55905880
-43960680
-101672592
-68568328
-53168268
-29439306
-145677248
-19026942
-48661496
-109847240
-47870600
-119370608
-63976828
-179492336
-212103312
-36698980
-34355960
-24256570
-70787744
-97486416
-51849336
-43510364
-54507204
-68840168
-44696592
-136731616
-101192704
-111305520
-15154657
-153487584
-66272768
-41558692
-36830172
-53878456
-43330076
-59268316
-124849680
-143230224
-36166112
-26099144
-104597376
-15862294
-80608568
-115878072
-40596248
-86816816
-90584112
-72742544
-140204256
-70823424
-22349100
-81568680
-171814480
-80370064
-73378712
-65115676
-48471800
-181817712
-135823728
-81121832
-50133460
-70308128
-102334384
-40007312
-73058880
-106701416
-91636768
-40917320
-101528048
-89521040
-42290428
-58850836
-117359944
-93782104
-77820520
-30611264
-61146812
-84042944
-56904056
-80607712
-43585664
-64348780
-74261216
-112686536
-78427392
-47883844
-78378288
-28837232
-62581252
-57724300
-39924272
-152596944
-89471664
-35009812
-39311560
-10711709
-26932556
-123157088
-39429480
-36140944
-92812776
-66056800
-64221764
-55804604
-43589432
-48935376
-53952648
-102160088
-39678188
-35647468
-56280316
-74311376
-20367536
-36438228
-96479584
-124955592
-66095552
-111259944
-55990484
-40339012
-178593328
-86359552
-40685244
-51862912
-60543792
-97873512
-66666136
-37987196
-70782024
-79071088
-27825694
-110100872
-48952396
-63202880
-34316624
-129314232
-61571212
-44989304
-69147440
-101260624
-45620620
-79256576
-64758684
-54271888
-52543496
-86767600
-83044904
-134824192
-68115016
-86301960
-54677032
-66279840
-26903574
-104010216
-55684644
-37335064
-133732936
-110436848
-57787660
-106250832
-85668088
-40192480
-49890648
-39800856
-92951408
-56472700
-45346688
-38008020
-19576702
-63512656
-70123288
-121222904
-177551312
-67627296
-42016296
-36409364
-98567896
-83566960
-5907343
-69194744
-66277992
-121001856
-46738136
-129646880
-54866732
-51343052
-53885956
-41881024
-114162680
-43212032
-33304206
-97662456
-124786856
-32982244
-134747664
-150889008
-10026271
-35257196
-167500928
-96798040
-72114752
-40583744
-103171080
-37152132
-52582604
-54680700
-80940976
-40374028
-31396086
-44964492
-171929376
-71795568
-37895668
-38729000
-20979846
-66720884
-55862432
-61970056
-149891456
-67491392
-22971334
-105118616
-40093596
-56784036
-86459008
-37023156
-71215272
-74828504
-13447978
-36760860
-67212464
-35597180
-26588072
-26807850
-42182932
-34961352
-55839428
-76358984
-60513620
-88611872
-72018640
-143185184
-66270060
-137165488
-30625530
-178493360
-119558048
-112905032
-98069328
-53929444
-63162132
-39817676
-183072112
-66751396
-144160848
-50445996
-136852192
-40522428
-86204920
-99329352
-135858688
-99714776
-60148428
-142045824
-45202748
-28528352
-55320064
-23107234
