-7246
-8635
-10186
-10115
-14723
-12593
-11069
-13503
-11064
-12929
-8999
-12253
-12868
-10006
-10535
-8504
-9624
-9560
-10229
-12491
-13014
-11937
-11065
-10976
-10108
-7897
-10561
-10417
-9960
-11785
-12237
-10606
-8363
-6333
-8331
-11919
-10117
-10102
-12089
-9694
-7292
-10668
-7188
-11747
-9085
-11723
-11374
-11154
-11437
-11566
-14064
-8899
-12635
-13406
-8534
-9848
-9694
-9469
-13450
-9914
-10394
-8400
-11438
-11470
-11250
-10185
-15262
-12385
-12856
-15458
-8589
-11415
-11545
-9324
-6885
-11869
-12891
-10945
-11470
-10521
-8581
-11925
-9866
-10833
-9307
-9214
-12250
-14393
-11286
-12256
-10570
-9174
-9382
-10432
-11926
-13931
-11324
-9654
-12660
-10238
-11474
-6844
-11528
-11295
-13824
-8893
-10971
-9644
-11984
-9566
-12488
-10022
-11937
-10891
-10362
-11750
-9589
-10718
-12098
-7845
-13135
-13037
-12908
-10289
-11500
-12579
-13850
-10842
-10932
-10611
-9986
-6814
-11797
-9725
-11178
-10461
-6968
-9661
-12045
-15937
-13110
-10330
-12478
-10788
-10442
-7899
-11142
-12039
-12647
-8117
-14543
-13319
-12893
-12932
-11822
-7383
-8054
-11162
-10014
-8111
-10785
-12899
-13419
-10078
-12056
-8190
-10594
-12799
-8381
-14300
-13252
-10359
-11706
-5773
-11153
-10582
-6390
-8475
-10403
-12549
-9211
-10215
-10364
-13222
-11662
-13053
-11235
-12428
-11229
-8759
-12707
-10199
-12527
-12319
-9915
-12697
-6298
-9558
-11003
-7807
-7812
-9888
-11218
-8820
-13542
-9692
-8250
-11757
-11191
-12246
-9506
-11246
-11755
-11994
-11882
-8891
-10410
-10335
-10837
-11128
-12258
-10190
-10118
-11013
-12660
-12247
-12805
-10565
-11670
-13195
-9634
-12651
-13977
-9514
-10707
-11603
-12060
-12229
-14226
-11327
-8522
-10461
-10963
-12871
-12100
-8962
-11908
-11198
-11198
-10675
-10776
-12203
-11015
-11292
-8076
-13038
-12872
-10483
-6313
-11978
-10819
-11341
-12375
-12628
-11906
-10970
-10760
-11491
-10507
-12881
-10312
-14134
-12177
-8208
-11406
-9363
-13970
-10259
-10961
-11393
-12790
-8527
-11324
-10953
-10783
-13259
-9050
-10796
-10366
-13079
-9866
-10806
-10895
-11804
-11746
-13130
-12731
-11600
-10579
-7902
-13863
-10056
-11647
-9236
-11739
-11859
-11791
-13445
-11507
-11941
-11613
-10733
-12187
-11259
-12683
-12386
-7201
-12781
-9149
-9235
-14253
-11570
-11032
-11694
-10752
-7641
-12249
-12343
-8067
-12384
-7956
-11492
-9876
-9735
-14345
-9514
-10968
-9042
-8291
-10622
-11197
-12972
-11353
-10955
-8770
-10311
-9954
-12034
-8930
-12802
-11975
-11026
-12732
-10213
-7163
-10409
-12079
-9283
-12169
-11512
-12382
-10533
-11772
-11880
-10207
-10882
-12408
-10122
-11246
-12462
-12023
-10869
-10140
-11383
-14823
-13155
-11816
-7229
-9778
-7855
-12134
-10041
-11014
-12172
-9617
-12958
-10963
-11035
-12736
-7605
-9679
-13460
-13377
-12553
-9134
-10766
-12129
-12467
-9874
-9680
-12422
-11627
-11108
-8949
-10626
-9644
-10854
-13581
-9632
-11387
-8743
-10260
-10741
-10189
-12922
-11615
-10369
-11239
-12454
-8950
-12441
-12589
-11564
-10372
-9707
-13796
-13358
-10949
-10507
-10954
-13352
-10458
-11016
-11484
-9390
-8802
-13811
-13261
-12705
-10294
-11419
-11659
-8299
-12391
-10979
-7428
-9067
-12828
-12551
-11450
-13022
-9889
-11387
-9239
-11532
-10986
-9374
-7406
-12465
-11938
-10264
-11473
-11159
-10026
-11156
-9029
-11774
-11232
-13957
-10821
-9412
-10273
-9956
-7499
-11035
-12087
-14227
-8168
-11407
-12441
-11110
-7591
-9875
-13322
-12829
-8348
-12149
-11215
-11125
-12930
-11161
-11257
-12400
-9419
-12649
-9062
-12994
-8813
-11964
-8688
-10214
-8157
-12875
-8932
-13779
-11906
-11080
-11257
-15589
-9770
-11377
-11870
-9179
-7994
-12712
-11666
-10488
-13409
-11050
-11764
-9105
-9281
-14111
-13672
-8228
-12583
-8272
-10112
-10709
-8801
-10746
-12911
-6849
-10579
-8164
-10626
-9969
-12134
-10381
-12212
-11313
-15268
-13744
-9316
-10886
-10208
-10669
-12910
-12296
-11409
-13620
-11120
-7239
-13215
-10887
-10238
-9749
-13615
-9442
-9096
-12365
-12182
-11261
-10691
-10151
-10243
-7635
-10322
-7686
-10196
-9473
-14289
-12208
-11226
-10816
-9997
-11837
-9141
-10556
-8042
-14891
-9222
-12171
-11627
-10522
-11202
-11257
-8490
-10834
-12572
-11449
-11596
-11896
-9607
-11809
-11401
-9556
-9208
-10772
-10743
-9106
-11464
-6563
-10401
-6761
-10076
-11493
-8773
-10073
-13375
-11677
-10981
-9776
-12014
-9896
-9654
-9402
-10875
-10008
-10788
-14266
-11142
-6515
-12021
-12959
-7050
-13340
-4345
-13676
-8395
-8055
-11191
-14826
-11867
-13354
-13354
-11106
-12687
-12964
-11000
-4275
-10610
-10787
-11601
-8927
-8069
-10365
-11074
-12768
-12527
-14953
-11241
-11965
-8883
-11295
-9122
-10689
-11936
-14196
-13614
-12319
-11454
-12159
-8769
-11766
-9546
-10407
-10529
-14406
-6567
-9256
-11666
-12738
-12614
-12509
-7950
-13135
-9090
-10084
-12629
-11444
-12142
-8254
-10733
-12026
-10531
-9062
-10643
-11353
-10691
-9674
-7788
-6855
-9151
-11792
-12152
-12768
-10806
-11365
-10937
-11109
-12606
-8626
-12744
-8702
-12634
-10484
-7937
-10216
-10743
-10875
-12076
-11567
-11031
-9130
-9763
-10423
-11215
-6816
-9803
-10180
-12117
-11618
-7923
-7760
-12427
-11614
-12729
-12747
-8407
-9393
-11939
-8649
-12838
-11354
-12241
-10149
-12969
-11041
-12348
-15747
-14606
-12573
-8906
-9606
-13297
-11602
-8556
-13241
-11882
-9257
-10808
-9408
-11999
-12297
-13110
-6690
-9819
-6523
-10201
-11368
-5915
-11834
-10824
-7561
-11967
-10176
-10526
-13273
-10921
-12785
-9774
-11407
-14524
-11867
-11239
-11849
-11144
-11033
-9055
-12117
-11362
-10969
-13253
-11223
-10903
-11259
-7375
-11612
-12591
-9177
-11881
-11131
-10438
-6662
-11237
-9783
-9966
-12082
-10665
-14201
-10599
-12498
-12320
-10349
-12107
-12265
-11669
-13237
-10222
-12142
-12684
-9717
-13404
-10810
-10025
-11908
-11647
-6364
-9983
-11071
-11582
-13222
-10399
-7677
-12125
-13311
-10895
-14700
-11011
-10813
-12374
-10047
-11588
-11899
-12145
-12593
-9503
-11623
-10044
-13110
-16263
-11012
-9836
-10414
-10164
-9916
-10420
-13164
-11270
-10471
-9169
-10834
-11300
-8457
-12284
-11684
-8181
-11817
-12968
-12343
-9465
-12452
-11584
-9493
-11976
-7114
-13126
-10189
-9226
-8450
-7544
-8667
-8695
-12588
-11985
-10533
-9680
-12324
-14344
-10575
-11827
-11395
-11426
-15238
-10994
-13719
-11105
-11850
-13366
-12959
-10720
-11915
-9783
-10761
-10727
-13276
-8940
-11846
-12682
-13044
-11647
-10720
-12732
-12669
-10167
-13022
-11381
-7573
-13851
-12344
-8429
-10905
-9879
-12405
-11602
-10153
-11389
-13707
-10510
-10756
-11961
-11924
-12100
-9810
-8012
-6093
-10949
-7928
-8999
-10827
-10756
-7516
-10641
-12281
-11505
-11488
-12374
-9548
-10685
-10898
-12620
-11238
-12965
-12817
-11532
-9784
-9475
-12599
-13089
-13160
-12039
-11933
-7289
-10768
-11647
-10348
-9983
-11239
-10581
-12039
-10792
-11496
-14559
-10656
-10166
-13951
-9547
-9298
-10257
-15169
-11272
-13025
-10107
-11289
-11209
-11025
-11322
-13086
-13019
-8486
-9405
-8090
-9493
-12234
-14796
-9631
-10359
-12943
-13618
-9912
-7468
-12875
-11505
-11500
-11138
-10743
-12184
-10075
-13021
-14611
-12026
-13330
-11344
-10552
-7887
-12905
-12163
-10817
-10164
-12327
-10705
-12398
-8922
-11474
-6648
-11636
-12521
-8795
-12043
-10361
-12132
-10075
-7996
-13058
-6346
-8829
-9468
-12024
-12429
-11273
-14043
-11654
-14031
-10953
-9729
-12075
-11216
-7950
-12171
-7767
-6957
-11392
-11967
-11725
-8788
-6948
-11634
-8895
-10912
-11377
-12375
-10436
-10583
-15676
-11075
-7882
-9941
-10448
-10614
-12434
-11736
-11546
-11290
-9824
-8952
-11223
-11668
-7961
-14050
-8484
-6870
-12376
-11473
-10502
-12015
-8487
-10554
-10936
-12948
-12016
-8787
-12013
-7680
-10121
-12022
-11638
-14225
-12467
-10597
-10409
-12719
-9300
-12106
-10317
-9801
-10555
-14213
-12698
-12321
-10532
-6087
-12424
-10337
-11117
-11409
-11441
-12341
-12779
-8704
-11383
-11787
-11743
-9520
-11295
-12297
-11472
-9906
-12168
-10789
-10139
-9171
-14031
-10874
-11007
-14583
-11825
-11685
-7681
-8924
-12473
-8301
-10673
-11766
-9511
-11968
-10864
-9535
-13734
-12202
-11161
-8822
-12694
-12851
-10997
-10253
-10764
-8091
-9287
-7602
-10210
-11302
-11480
-9584
-8792
-9714
-11156
-12262
-10927
-9361
-11845
-5515
-12971
-9916
-9882
-11928
-10808
-9833
-11494
-12842
-9541
-6723
-10660
-10611
-11146
-10924
-7981
-10126
-9120
-11380
-9392
-12121
-10210
-10858
-10611
-10739
-12947
-9445
-9479
-11844
-8852
-9930
-12084
-12193
-9116
-11557
-11346
-10589
-11528
-10887
-13303
-9924
-11561
-12494
-9080
-12210
-10767
-12739
-12292
-8112
-10154
-10045
-11191
-12654
-12728
-11754
-12096
-11280
-11025
-11210
-12233
-11158
-13175
-12148
-10267
-12135
-12932
-11965
-12776
-11559
-10996
-8989
-9055
-10285
-9143
-9338
-10631
-10299
-11431
-13436
-11737
-10295
-11130
-10442
-11269
-10281
-11082
-11276
-12300
-11949
-10230
-6345
-8924
-10649
-10445
-12083
-8076
-10298
-10223
-10761
-7994
-6407
-11335
-10980
-10113
-11963
-7799
-10922
-11021
-8745
-7208
-11350
-12025
-12987
-12249
-8263
-8947
-12222
-11125
-12884
-9395
-12412
-10644
-9795
-16234
-8786
-11044
-13737
-11367
-7363
-9723
-10199
-9859
-11230
-11064
-12513
-13924
-10507
-11363
-12975
-11683
-12304
-10117
-10570
-10796
-13208
-12870
-10657
-11664
-11429
-12949
-12467
-9940
-8383
-11345
-9311
-7620
-11689
-10975
-13310
-10277
-9150
-9633
-14211
-11186
-14908
-8764
-12654
-8828
-15332
-13773
-12794
-9690
-11105
-11425
-11267
-7660
-12306
-10818
-11734
-11744
-11573
-11688
-7044
-12427
-10677
-10932
-11823
-8936
-12002
-10848
-10208
-13350
-11350
-11496
-7156
-10280
-8190
-13433
-10164
-11614
-11636
-9051
-11210
-13089
-11023
-12314
-14320
-11490
-12137
-9849
-11598
-12927
-12501
-8561
-10592
-12516
-10819
-7999
-10690
-8999
-12727
-10083
-11601
-10511
-12273
-12100
-14834
-11238
-14116
-9403
-12539
-12456
-7697
-12580
-9815
-12826
-9720
-13325
-10409
-11374
-9425
-10152
-12801
-12678
-9010
-12274
-6743
-13735
-10035
-12525
-12712
-14217
-11970
-7843
-12433
-12998
-9897
-11437
-11422
-13041
-11551
-10451
-11124
-11655
-9365
-14153
-10962
-8310
-15328
-11552
-11662
-12656
-7063
-9953
-12936
-12581
-10014
-12909
-12840
-11110
-14767
-6792
-12063
-10982
-11778
-8625
-9810
-10497
-12872
-12169
-12663
-11670
-12690
-10890
-11059
-12200
-9359
-11736
-5218
-9448
-14051
-10614
-9605
-12203
-12140
-9007
-10333
-10402
-9411
-8104
-12155
-10922
-11347
-9739
-9516
-8815
-10267
-9024
-10342
-11566
-9706
-10353
-11377
-10466
-10827
-9460
-10802
-9355
-7874
-11200
-12135
-10911
-13730
-12751
-7344
-12318
-9488
-10753
-10350
-10323
-12379
-8822
-11520
-10038
-11551
-11681
-11389
-10673
-11821
-11645
-11340
-8046
-9992
-8551
-8507
-6907
-11135
-9314
-6558
-10548
-8324
-11864
-13072
-11986
-7162
-8931
-10647
-11043
-12371
-12328
-10377
-13244
-9435
-11196
-9182
-11992
-9881
-13858
-14247
-10722
-9278
-13997
-10579
-10284
-13880
-10984
-11477
-11459
-11125
-10001
-7473
-10750
-13781
-11560
-11070
-9960
-11375
-10291
-12996
-6604
-8171
-8566
-11107
-12064
-10490
-8243
-13847
-9334
-12522
-12252
-11316
-10346
-10795
-13325
-10597
-9026
-11109
-11697
-10801
-6070
-10574
-10684
-12071
-7943
-8183
-7723
-11825
-7726
-10984
-12250
-9047
-10237
-13310
-8124
-11495
-10647
-11876
-8370
-11137
-10953
-8962
-11133
-7352
-10741
-12291
-12331
-10682
-13330
-10964
-12171
-10434
-9218
-13152
-11124
-9974
-10514
-12301
-8675
-10762
-11491
-12647
-6918
-7676
-11455
-13693
-13973
-9123
-10511
-8886
-11909
-9635
-10273
-12618
-9897
-9312
-11281
-6875
-13127
-11187
-9379
-7388
-6387
-11860
-11507
-9531
-10166
-11334
-10718
-8787
-11991
-11473
-11758
-11359
-11946
-12712
-11008
-11268
-14178
-12113
-9596
-13268
-11010
-10528
-10057
-12257
-13898
-12630
-12455
-11186
-9614
-13076
-11587
-9897
-10518
-11458
-10007
-8245
-9504
-13034
-10787
-10717
-15001
-10859
-7233
-11737
-10667
-10616
-11379
-8356
-9795
-8478
-13634
-5876
-12002
-12674
-6072
-8191
-9447
-8305
-7332
-11368
-12117
-11169
-12555
-10453
-12241
-12119
-8113
-9658
-12174
-12108
-10386
-10319
-12588
-13381
-10684
-10426
-11434
-12592
-9770
-11062
-12579
-11035
-8949
-8977
-11391
-9472
-12874
-11521
-12558
-10038
-7504
-12637
-10026
-11127
-7606
-13258
-8429
-10807
-11425
-11939
-12463
-9173
-11205
-12676
-16425
-12170
-10583
-12713
-8342
-9324
-12224
-10279
-11271
-13276
-10157
-12598
-10903
-13896
-7178
-11769
-12309
-11137
-12927
-8663
-8141
-8851
-12740
-10639
-10693
-14119
-11639
-11554
-13327
-9509
-9026
-11634
-9869
-11761
-10663
-9907
-11207
-12261
-11055
-7555
-12116
-12409
-12995
-8887
-12671
-11636
-9672
-12123
-11513
-12648
-10182
-7955
-10638
-9502
-13857
-11884
-5593
-12089
-7388
-11412
-8886
-11297
-10057
-11466
-10658
-13965
-12070
-14266
-10379
-12500
-9098
-12591
-10750
-9008
-14059
-10084
-10416
-10672
-7427
-11033
-9689
-12383
-12622
-10973
-10424
-9442
-11677
-6605
-9047
-10397
-15158
-9399
-12817
-6452
-9255
-12258
-12673
-13140
-10887
-12108
-9603
-13077
-10741
-10292
-9807
-13324
-7364
-11512
-11400
-10868
-13177
-12219
-11050
-11367
-13539
-13343
-12693
-13072
-9327
-13029
-8481
-11532
-11590
-12442
-11417
-6652
-9335
-10938
-13505
-10664
-12175
-11796
-11857
-9625
-10049
-12476
-12726
-10886
-14757
-10503
-13314
-9737
-11295
-11135
-10061
-14051
-11395
-10627
-11140
-9362
-9609
-14293
-10099
-12808
-11961
-14634
-7945
-11060
-9795
-10227
-11358
-12411
-11508
-9705
-13594
-14153
-10776
-11304
-9322
-11801
-10613
-11347
-9804
-12873
-14005
-9531
-13592
-11343
-11219
-12839
-12870
-10413
-5061
-12481
-12819
-9732
-10999
-14666
-10590
-11699
-11623
-8610
-10955
-8684
-10221
-10872
-9354
-10898
-12984
-10412
-14441
-8399
-12601
-12885
-12496
-14982
-12564
-10933
-8702
-11983
-11110
-11259
-14091
-11985
-10899
-12184
-12939
-10628
-10820
-11273
-13825
-11561
-12714
-11363
-11248
-11727
-13364
-11610
-15184
-11276
-13045
-12077
-9345
-10131
-11217
-10966
-13289
-12620
-9541
-9346
-12105
-14860
-12385
-12236
-6562
-12274
-11502
-11484
-10019
-9065
-10014
-10671
-10905
-11650
-12425
-13736
-9553
-10411
-11916
-10116
-10424
-13165
-10480
-9611
-10180
-12105
-10120
-10355
-12916
-10821
-14026
-11789
-10992
-10482
-8832
-10549
-7707
-11089
-9849
-7510
-12916
-11449
-10507
-13112
-13004
-8454
-11828
-13806
-11020
-9092
-11006
-10333
-10692
-13740
-11240
-12560
-12364
-11155
-11831
-9582
-11530
-9742
-11566
-11255
-16977
-9403
-14199
-7880
-9232
-12559
-9912
-9189
-10789
-8447
-13291
-10342
-10871
-12541
-12296
-12495
-11351
-10840
-10126
-9830
-15300
-10698
-8291
-12221
-10645
-9887
-13646
-12267
-8000
-10196
-10267
-11063
-12568
-10767
-8962
-11300
-7889
-10968
-12953
-11203
-13133
-11287
-10722
-9915
-12763
-12244
-7240
-12161
-12150
-12712
-11159
-15429
-10990
-10551
-10939
-9083
-11719
-11726
-9656
-10053
-11446
-10413
-11664
-11446
-6449
-10240
-8431
-13570
-7653
-13460
-10314
-6747
-11345
-11683
-11172
-12164
-9242
-11908
-13255
-10744
-7305
-10897
-8611
-10469
-7655
-9730
-14620
-10040
-6209
-11074
-10255
-7940
-12064
-10886
-11660
-11409
-9015
-12766
-10223
-9326
-10130
-8018
-15970
-7424
-12244
-11524
-10073
-9480
-10828
-9373
-12619
-9887
-10787
-10830
-7858
-9178
-11632
-12489
-13046
-10650
-11603
-13385
-11671
-12578
-14631
-7576
-13789
-13072
-13597
-10453
-9463
-13807
-11632
-9521
-12575
-10455
-12816
-13922
-7531
-11622
-13141
-12258
-14322
-10384
-11325
-10682
-13484
-9540
-14165
-11305
-12619
-9308
-9849
-11394
-9557
-10205
-8657
-11605
-11129
-9200
-10732
-6757
-13275
-9313
-10674
-11300
-7733
-9957
-10848
-12604
-8432
-10388
-13034
-11579
-10113
-12398
-7844
-8520
-11744
-12745
-12810
-9655
-10537
-11982
-9521
-7439
-8194
-12984
-12317
-12518
-13370
-10820
-9165
-11959
-10311
-10083
-9412
-12867
-11671
-6822
-11587
-11304
-11189
-11992
-10951
-14476
-8144
-12895
-9472
-11720
-11133
-12111
-10246
-14197
-10077
-8879
-12004
-7998
-12035
-10731
-11732
-10650
-10509
-13009
-10241
-12476
-14870
-10171
-8670
-11320
-10696
-9221
-14018
-9781
-13068
-13818
-9121
-9339
-12151
-12142
-8632
-9269
-13741
-13104
-14027
-6707
-12182
-11961
-11228
-13958
-11918
-10038
-11459
-10514
-13001
-10100
-12215
-12476
-9864
-8985
-10872
-8989
-10599
-10134
-9575
-12625
-12681
-11984
-12871
-10941
-11244
-12815
-6737
-11488
-12390
-11644
-12627
-12143
-10360
-9334
-9891
-10212
-10821
-8490
-7753
-7781
-10694
-9367
-10461
-11360
-14127
-8108
-11076
-11546
-7980
-10660
-10957
-10486
-10093
-11424
-12953
-12164
-11022
-8914
-9892
-10873
-12182
-13302
-11031
-11223
-11338
-12802
-11464
-9847
-12188
-11770
-14042
-11816
-13253
-9833
-13439
-9451
-10755
-12472
-9863
-13841
-9593
-10360
-6654
-10022
-12496
-11976
-11590
-11998
-13547
-10437
-10727
-10662
-10415
-10050
-12897
-11136
-11230
-12037
-12140
-12848
-10648
-12474
-10265
-12519
-8956
-10359
-9972
-6695
-12398
-10823
-12274
-12853
-8809
-13338
-10525
-10281
-12471
-11340
-13747
-6263
-8510
-13379
-13910
-9658
-10384
-8694
-11501
-14813
-11192
-10049
-7931
-11287
-13242
-11561
-11209
-13747
-13588
-10317
-8340
-12864
-7035
-10432
-13926
-11030
-8539
-11812
-12768
-10645
-8763
-7271
-11231
-7417
-7637
-13265
-13426
-12563
-5565
-12649
-10388
-12924
-10857
-11878
-9815
-11770
-11513
-11822
-11569
-11469
-7654
-12449
-11764
-7669
-12080
-13011
-9316
-11682
-9768
-10439
-9061
-6640
-7853
-12085
-11334
-9802
-10216
-9104
-12629
-9794
-7897
-10975
-12330
-13196
-10550
-10680
-9307
-11776
-11133
-11076
-12213
-8177
-11226
-8447
-9021
-12582
-10725
-8550
-10095
-11350
-9251
-12333
-11041
-6653
-11996
-12142
-11528
-8568
-11006
-12676
-6340
-10599
-7793
-11510
-11378
-11890
-11091
-12969
-7883
-13319
-10840
-10498
-11361
-7915
-7675
-12759
-10116
-8142
-12126
-12969
-13651
-9213
-6368
-11275
-10677
-10929
-12624
-10759
-12654
-12046
-11782
-11856
-10922
-11736
-13208
-10207
-11133
-12725
-9288
-9229
-7035
-11905
-12967
-12990
-10502
-11874
-11997
-10705
-10723
-9588
-11502
-14209
-12237
-9383
-12407
-8213
-8643
-9159
-12310
-11458
-10515
-11126
-11695
-12193
-9271
-10502
-12092
-10730
-10460
-11282
-11958
-10357
-13343
-10770
-11658
-9670
-10634
-11106
-10403
-10990
-12922
-12748
-6768
-11965
-11016
-11412
-13191
-12103
-10017
-12904
-10608
-12677
-10877
-13627
-13328
-12471
-11358
-11324
-10003
-15023
-13483
-11396
-10064
-13849
-11585
-11438
-11872
-11707
-9714
-12886
-11077
-7251
-11795
-12162
-10275
-11894
-10691
-12902
-12019
-12869
-11066
-11337
-14008
-8496
-10393
-12651
-9634
-11183
-8410
-10569
-14926
-13046
-11290
-10609
-12547
-12271
-6498
-14793
-7829
-8903
-11837
-11114
-12695
-12475
-8846
-11100
-9504
-9794
-12015
-11333
-9660
-12535
-13038
-11169
-11152
-10596
-11450
-12230
-11564
-10555
-11038
-6142
-10958
-11891
-10166
-10433
-12320
-11916
-12099
-9061
-8983
-9299
-12692
-12271
-9987
-12601
-11266
-10604
-10109
-10071
-11677
-12671
-11830
-11432
-10892
-11214
-10864
-14164
-14802
-11445
-12178
-6144
-12687
-6825
-11970
-13145
-10972
-8292
-12348
-10334
-9200
-11721
-13083
-13217
-10136
-11791
-9298
-11342
-10992
-9169
-13195
-12383
-6548
-14129
-10142
-11126
-6387
-12506
-13332
-12663
-10636
-9578
-10946
-10759
-11372
-12271
-14595
-13031
-11455
-11059
-10935
-9694
-9601
-10105
-8257
-7806
-8794
-8845
-12086
-11837
-12654
-8552
-11591
-9988
-11625
-9250
-13092
-13368
-6635
-10794
-10652
-5477
-10026
-10382
-11817
-9723
-10951
-12251
-12581
-12408
-11041
-11807
-7563
-9609
-9355
-11175
-12219
-12748
-8806
-11238
-10948
-14798
-10849
-9919
-11123
-12838
-10062
-13818
-11057
-12164
-10249
-11941
-9358
-11905
-11126
-9319
-13404
-12163
-10733
-7591
-8856
-9971
-10492
-12066
-5878
-4792
-16373
-8952
-10909
-9476
-9923
-9729
-9260
-10836
-11693
-11774
-11712
-9525
-10370
-7423
-12385
-12156
-9945
-13119
-12231
-10779
-11885
-7053
-11803
-11135
-11133
-11836
-10214
-12647
-10988
-11294
-9842
-10680
-11496
-12582
-11695
-11821
-12520
-8863
-10003
-10869
-12179
-14703
-14764
-12425
-10544
-10762
-10295
-12739
-11285
-10977
-10765
-11379
-11119
-14921
-8621
-8071
-10679
-10692
-10237
-9825
-12383
-13177
-10983
-11731
-13770
-11200
-12153
-8393
-9345
-8144
-9334
-7619
-11041
-5507
-11335
-12199
-10165
-10582
-12201
-12516
-11986
-9086
-11603
-11546
-9578
-8829
-12368
-12041
-11860
-8165
-5970
-9957
-12187
-10098
-8507
-8652
-11766
-8482
-8278
-13050
-10661
-12206
-12273
-9834
-11282
-10812
-8441
-11841
-8804
-11084
-11291
-7565
-11896
-11278
-10041
-13113
-10970
-11557
-12872
-10658
-12916
-7852
-9402
-11748
-11788
-13014
-12107
-8284
-10153
-10929
-13150
-10943
-8825
-11708
-12754
-10741
-10194
-11986
-11182
-10887
-12128
-11273
-11178
-11311
-12448
-9943
-12810
-9897
-9295
-12980
-12203
-7116
-7719
-9815
-11042
-10785
-10516
-9783
-12513
-10336
-9540
-10044
-8796
-12387
-12543
-11707
-12600
-12118
-12893
-12538
-11784
-8774
-12909
-13450
-12346
-11464
-6695
-12038
-13194
-13856
-7142
-10621
-13103
-13388
-10930
-12311
-11989
-13154
-12476
-10509
-12285
-10603
-11565
-13874
-9560
-9942
-10340
-11327
-10056
-10861
-11552
-11824
-12384
-11542
-6701
-12213
-9156
-10791
-9472
-9863
-8429
-13992
-6839
-11788
-7319
-6685
-6401
-10664
-12741
-10239
-9336
-10295
-8053
-10674
-11687
-10584
-9997
-7687
-11614
-11164
-10859
-9539
-13685
-12229
-9722
-9307
-13081
-9473
-12617
-11272
-9437
-11693
-9838
-10352
-10433
-8878
-15045
-11569
-13527
-12539
-15637
-11144
-9209
-10506
-10221
-9705
-11250
-11904
-11296
-6633
-11882
-11532
