6504027
4213997
665617
-1321861
2312468
5001194
5346289
1258403
2164727
1008185
4185426
1518618
3731244
1809889
1096456
3859971
-92664
4366775
-2382041
766881
3194135
5711044
1700852
956431
5056599
1483272
4281352
3335278
2280501
5675557
4633414
2421857
3334320
1052591
4060319
501012
3314694
3815885
-1278168
1939199
2951150
5224141
3577334
-326525
1341131
2167441
2958345
13978989
3029488
2460153
530784
3018693
5920715
5707693
4911308
-777715
7311001
1618219
553216
-968133
-2634369
1514710
750207
1229935
213761
3546224
3948868
2325847
6067309
4599053
3370161
1552256
2976612
5118484
1434025
7796413
1458602
19356426
6477179
-4403624
3228018
3499202
11027411
2819790
-2914140
2694370
4430507
1934253
4865113
1193648
1757049
3659930
1020829
1500241
2190643
147702
3843144
2014747
4444460
-1710976
-1370274
3044575
5234596
2782117
4535327
91853
3737547
-2438348
-2330331
2882432
23904808
-2169002
1855216
1220960
4303695
1035841
-1095588
1808970
3780184
-4063938
529334
5042966
3852989
1193138
4867354
-976284
2622291
4197265
3315249
-1133671
4172575
3615678
2694156
816114
1070793
1010753
3443160
3747648
2627624
3002548
906716
-1451067
3732062
4350324
-3946190
3676808
1303466
-2381336
3366506
2865195
4930889
3029039
1895450
1280401
2367423
2508138
300483
-1187085
5377337
-880064
1789730
-1685428
-151067
273826
-918680
2243865
4472891
-600761
407269
2313592
2688185
5647705
1141744
1434320
2661998
931119
2981082
2021361
2798614
1803051
-231870
1236404
409486
1824562
925593
3075317
3824690
5263843
2468939
3005078
2398645
2556661
-3542961
-909505
1914288
2893736
3148693
1922349
3146591
4772474
3835181
8645497
1966948
2901359
-3394732
4052018
2495861
-195975
2632309
-574376
6162240
-593106
2032668
2383164
3606502
5713050
1759203
21608556
-169047
5761732
5461
-2826709
-1011801
2499118
901337
536552
1645475
3418838
2067846
129095
1972975
5306220
2846790
2546334
3387009
3142361
4631169
3028820
185222
2697740
10752957
815848
1995263
1167261
3745618
638085
4140058
3271216
-166263
16092
5384150
-258566
3535340
1416467
1019962
2507853
4892064
1777260
1467282
2814
377903
6705260
-393556
985951
3268074
1460830
3034331
-64584
898675
8831504
43891
3894419
3773168
1295454
2223094
3332600
-469676
6368465
15930301
1990921
556231
1180034
6100235
1106472
2087053
2972859
140413
-152220
319844
2207259
-798646
5752986
1451660
2744321
1681801
3921640
4912949
2108924
4697242
511667
506342
-88479
520361
1604622
1121224
4399610
2209234
1077839
4167651
-1190867
2059179
2125052
502624
2751134
2412425
1141726
-676952
3221427
4466391
5794362
1144513
-3517640
128598
718004
4253787
840005
4940696
5457247
1837240
3791543
-1389796
2993569
71374
745952
3653853
3073713
-678396
3190540
809865
570692
3694201
727200
3903274
3261715
-610097
3676571
4143324
-6062967
2780382
4371836
-8600280
4107250
803361
2466134
4416796
4876874
4413844
-2540196
582469
2477740
3717868
-5191965
444513
2852796
4264148
3288793
3660285
2510064
4928810
1896290
3073498
1206067
4567152
3698747
2493966
4710308
735966
3935173
-703438
2567895
2621296
1892037
2372766
4064920
3646297
3392077
366959
327259
2558936
1089810
1613777
6010316
1973920
3109259
1501582
1670636
1350331
4298786
4173153
-1489196
1697716
2149906
383761
-136091
3926490
136278
4967806
4462527
3094021
11321042
208315
5109950
2341911
2290353
3044340
2071917
998758
7128027
1972332
463844
2292323
1090239
4109169
1058659
2140909
1699498
3409205
2914619
689467
4897441
-2971170
-460218
948545
-1056885
-245695
2814883
837876
3170580
5040801
1973238
3284382
567520
768747
3943817
1387870
712039
3442441
1409216
1899097
458673
1094715
1677024
145937
20582710
6214153
5587560
-1939396
2788682
2766102
5153622
5569164
1450062
5727169
2199122
-120039
-806209
-1019670
3479357
2247720
3242442
2090948
849652
2338448
5210708
3037484
3478366
2628931
3139179
168654
3590308
2068451
-602244
451115
3511987
3802568
2720223
3566543
3471400
3069094
446752
4379041
1972119
2810164
3169491
-301052
6251010
15663138
7395468
11371823
3083038
963758
2480416
4324960
-47446
153394
4222882
2546073
2254993
-1412202
1808539
1651937
-956086
4034088
-1630687
3437277
404118
4531593
3660802
2443836
-135553
1602211
1137010
3265890
3322376
2357871
2297
-1107864
3592055
-338181
3097737
1384622
61607
2433655
3287544
2513189
5578189
-1110192
4280960
-2716540
-688920
-257089
1842135
2306226
3770707
-2435698
3431189
-532771
3932785
1841791
-298598
748566
-9897291
2619921
722179
3805712
3167868
2460236
1517843
1821727
1559219
3389261
6159872
1321427
1180716
1962882
4685165
3902924
1597186
2112662
4408260
-14680314
-1099849
-2438392
-6469359
615157
2865441
3866266
-6124965
3471550
-2586563
4187682
33735
-1090681
3178010
447220
-1579648
2361037
5217297
31646680
4943489
1877759
3348579
4322911
-1055315
-47518
1752451
2739858
1329558
1647182
3121409
730717
2766019
4113686
4573237
2909235
2178773
1317410
-1540081
2688585
3563200
2356013
1589849
3532384
3129862
2997273
-1461488
1573763
1114777
2031662
-196295
2057760
3233589
1399607
1507235
11269063
1155400
5625774
2893854
1287218
2841509
3043328
4704758
3362448
4107119
2885804
5113761
1148343
1063896
5065859
3666017
603796
966788
3767029
4406633
4096642
1962172
-5673678
1636924
-1445617
4151094
3724544
1770123
7277921
2409626
2855683
-1690735
-6407602
2347040
2443041
-5367480
5095920
454263
1862388
-3332862
-4740725
506879
2840066
5254892
892278
2880090
3276919
2033282
1478396
1919165
1004096
2028377
7163759
2739712
2923927
61055
1527838
-1993371
356576
2660907
2840562
2357794
6037102
1122794
1666525
414239
-1247936
5369679
1743139
974975
3556905
872980
4541302
-2632051
4871651
3218887
3097857
913070
4028935
2726655
3938571
1878348
1543046
397536
6685244
1070739
1160637
2771950
357699
-4315093
4300768
604257
1242433
-863364
1375263
1127757
-1282114
2165995
-1281095
-2138414
3738754
1195697
1113257
1418354
-982387
1518876
5034110
1822261
1524978
2758413
1330943
6893467
-2769816
5529286
283661
4560302
4210474
-4733592
2177782
-251361
733085
2415339
4738317
-903346
2436713
1780761
4186146
2516896
5904575
5274314
1440645
2760016
2548676
-4272203
1668791
1815785
3024537
-713478
-1237513
2043586
-2473169
2926909
1934689
-2403513
