-6 -6 4 -3 -1 1 0 6 7 -4 11 -6 0 -6 7 5 -5 4 -6 7 -4 4 5 8 1 -1 11 -5 -3 -8 5 -2 3 1 -6 3 -1 9 10 4 3 5 -3 5 3 15 5 1 2 5 0 8 -5 -2 1 -5 -5 -3 5 2 0 -5 -2 6
-21 4 -3 -9 10 -29 5 -5 -1 -8 15 -16 -5 -7 18 2 8 14 -1 -2 16 18 3 9 1 8 31 5 -7 -7 -20 12 8 24 -12 7 11 -9 -3 10 -6 7 16 13 17 -18 3 1 8 8 22 18 -23 -5 23 -2 6 -17 -5 21 6 39 7 12
-21 -4 -9 8 7 -18 -12 -4 10 -1 17 1 11 3 26 9 17 23 1 2 10 17 -3 23 -3 1 17 4 -4 -22 -12 18 7 2 -9 -3 4 11 -2 6 -4 7 6 -11 5 -9 4 -4 13 -2 12 14 -12 -5 18 12 14 -14 1 9 1 19 4 -6
-5 -1 -9 9 8 -2 2 -18 6 -2 26 -12 11 5 7 7 10 12 6 20 8 13 3 15 -5 5 32 -18 -3 -13 1 19 18 5 -20 -10 -11 3 14 18 -2 -3 -2 -5 0 -5 8 -5 22 -3 -1 17 -22 -16 14 12 12 -6 -11 6 12 27 8 2
-5 3 -12 15 7 -2 -2 -14 1 7 10 -14 -2 13 0 -6 4 1 -3 10 -6 5 -12 14 4 2 44 2 6 -6 6 13 10 4 -10 -7 -7 9 16 7 -9 3 -4 0 9 14 9 3 32 -12 4 6 -30 -8 15 -4 12 -5 6 -6 15 15 2 12
2 2 -14 13 4 -2 -11 -14 6 8 4 -7 0 8 -11 0 15 -7 -3 14 -15 2 -1 20 0 0 53 5 3 -3 -4 7 22 4 -8 -11 9 7 26 7 -18 0 -8 0 4 2 -2 5 19 -12 15 6 -23 -4 12 2 17 -9 -7 4 13 16 -4 4
-7 -4 -22 7 7 -7 -6 -25 12 -6 28 -6 -13 19 -4 7 12 -8 -4 26 4 20 -6 29 -2 12 44 -19 1 -6 10 4 12 10 -8 0 -10 5 26 17 -10 1 -10 -5 12 11 -6 3 16 -5 16 7 -19 -10 16 5 4 1 -15 -7 14 14 12 0
3 2 -7 11 3 2 -8 -9 -14 -8 17 -21 -1 10 2 5 9 3 -8 21 3 -1 14 20 -6 9 46 -17 -4 -3 12 10 19 10 -17 -12 -1 8 16 17 -5 15 -5 0 0 9 -7 0 23 -11 2 20 -29 -6 19 15 18 -15 -21 -3 22 4 -4 4
4 -4 -7 8 -3 -9 -9 -17 3 1 16 -8 8 -6 17 -4 -1 10 -3 15 5 24 10 11 -1 6 41 -5 11 -21 -2 14 16 7 -12 -18 -2 -5 15 22 -10 -3 11 -7 1 -3 5 0 8 -7 13 19 -10 -25 1 5 15 4 -15 4 -2 8 7 -3
-6 -4 -9 14 -9 -3 6 10 11 4 22 0 -1 2 1 -22 2 -4 17 -12 -2 14 14 18 -2 3 44 1 5 -14 -1 -2 13 13 5 10 -17 10 9 0 10 7 0 14 -23 10 5 -3 1 -11 13 7 17 -2 8 6 -9 -2 -10 3 8 15 4 -11
-8 -5 -12 5 7 -9 -6 -16 11 3 27 -10 1 -16 16 -4 -3 6 -4 7 7 25 13 8 0 12 36 -9 6 -13 6 16 14 18 -5 -20 -5 8 16 24 -12 -2 5 -8 -7 6 11 -6 7 -7 21 9 -19 -13 -8 7 18 -8 -9 11 -1 -2 10 -1
-15 -4 -2 4 -8 -12 0 -17 15 11 14 0 6 2 8 -12 0 6 -9 25 -6 20 8 -5 9 -1 52 -11 9 -24 0 3 -4 10 9 -14 -8 1 -2 18 2 9 2 -5 -5 12 2 4 12 -5 9 10 -19 -8 8 13 8 -15 -22 6 12 17 15 -2
-16 -9 -3 -5 -2 -18 -5 -2 15 8 21 -13 5 14 -7 4 2 15 -14 3 3 14 6 7 15 0 30 2 1 -18 -1 10 11 26 -12 -21 -4 -18 5 10 13 -4 -3 0 -5 -2 7 -7 13 3 5 -1 -12 -7 13 15 10 -10 -24 8 -6 18 14 6
-14 -7 1 -13 -3 -29 -22 -7 16 0 19 -24 -3 9 0 -2 -4 23 -21 2 2 14 -9 8 12 -11 34 -1 -4 -15 4 16 13 18 -25 -22 6 -21 1 2 11 1 -8 5 -1 5 1 2 24 -8 21 -3 -37 9 19 19 24 -7 -15 1 0 11 9 10
-15 -9 -3 19 -18 -6 0 1 -1 8 25 -5 17 8 3 -16 0 4 4 0 -2 18 -6 15 11 -1 47 -3 13 -18 5 2 9 16 1 -2 -10 -6 12 1 26 1 1 4 -12 1 11 -1 7 2 27 1 9 4 3 6 0 -7 -12 -6 -6 19 15 -10
-13 3 -3 15 -2 -12 2 -6 11 15 12 -6 13 4 2 -5 1 19 -3 6 -8 12 -7 15 19 7 37 -10 12 -27 9 9 10 16 -11 -11 -4 -10 9 1 15 -10 -2 -1 -9 -10 2 -8 4 -5 16 16 -13 -6 18 12 1 -9 -25 3 7 19 16 -1
0 -4 -20 3 -19 -7 4 -21 0 16 31 -16 9 2 3 1 1 19 13 -3 3 19 -7 3 7 2 58 -14 11 4 -11 -2 6 4 -10 -10 -8 0 19 8 13 -11 1 -2 -6 0 13 -4 10 -4 10 12 -15 -15 16 -1 5 -1 -30 2 -1 12 -2 -14
-14 -6 -7 13 -6 8 6 -9 8 17 20 -3 16 5 -6 0 -11 19 2 6 -3 23 1 15 20 5 50 -21 17 -12 -2 4 2 12 -5 -18 -13 4 35 6 15 -8 -4 4 -8 2 20 -2 6 -3 10 13 -14 -19 25 5 7 -14 -22 14 7 10 1 -8
-15 -12 -16 9 -10 -10 7 -20 9 19 28 -12 12 -8 -1 1 -1 6 8 -4 1 16 -6 8 10 7 44 -19 3 -8 -6 13 2 -5 -13 -21 0 6 11 8 17 -6 -7 -1 -6 2 17 -6 8 -8 12 3 -34 -4 14 10 12 0 -38 -7 5 16 -8 -16
-8 -1 -1 20 -5 -8 -1 -20 -7 3 13 -30 8 7 10 -6 3 17 8 5 -4 17 -8 20 13 -13 46 -24 3 -2 -1 6 -7 -1 -9 -13 10 -5 22 1 15 1 -1 -11 -6 11 11 1 0 -10 10 12 -16 -7 24 4 4 -5 -26 0 4 5 -7 -2
-23 -3 -11 22 -1 -16 6 -13 -1 12 23 -19 10 12 1 -7 -1 9 11 13 -5 11 -2 15 19 4 49 -24 15 -18 -7 2 -5 10 -16 -15 5 -4 22 8 6 4 2 -4 2 1 5 8 11 -10 15 14 -21 -1 11 13 7 -12 -29 1 8 7 -3 7
-3 -1 5 7 -1 -11 -7 -12 7 19 14 3 17 -6 11 -12 -6 8 -6 0 0 25 -8 29 7 8 32 -12 9 -12 -3 0 19 19 4 2 9 5 11 -9 8 17 4 3 -13 -10 2 -1 2 7 9 -7 -2 -10 16 5 -15 -7 -5 7 0 12 10 -6
-3 0 0 -1 0 0 1 -1 -2 -1 -2 0 1 -2 1 0 4 -1 -1 0 -2 -1 1 1 1 -2 25 -1 9 -1 2 3 0 -1 -2 3 1 0 0 1 0 -1 0 -2 1 0 -1 -1 -1 1 0 -1 -2 1 0 0 0 1 0 -1 0 -1 0 -1
-10 -5 14 -9 10 -20 -8 11 -9 16 31 -18 -24 -10 4 2 3 14 -3 -11 2 18 14 -4 13 -22 41 -11 20 -32 -3 2 11 33 -27 7 -24 23 30 23 3 6 3 31 -13 -11 11 7 0 -8 -15 7 -3 -16 35 30 20 -8 -4 16 14 22 10 -7
-4 -4 8 4 15 -15 -9 -3 -15 5 28 -8 -12 1 -12 7 10 9 -25 -8 2 23 3 -11 6 -6 43 -5 5 -25 5 9 12 19 -17 3 -16 8 24 12 2 10 2 10 -2 -4 5 9 7 -12 -6 5 -6 -22 27 22 13 -8 1 5 10 26 -12 -19
-1 2 6 -13 1 -17 17 -6 -6 9 26 -19 -8 5 5 -12 2 6 0 -6 7 16 2 4 -4 -17 46 -14 6 -5 6 11 10 7 -9 -16 -12 1 21 7 1 18 -16 14 -10 1 3 -2 0 -11 -12 -1 -10 -25 17 9 24 -5 -9 17 12 26 -6 -14
-7 3 -1 -4 13 -26 11 -16 -21 7 24 -21 -3 5 6 -9 3 -4 -10 3 -7 13 -14 0 2 -1 61 -3 12 2 5 8 15 7 -24 -12 -7 -2 29 10 11 6 6 4 11 6 5 8 6 -19 -12 11 -36 -20 21 3 14 -11 18 -10 9 9 -7 -3
-13 -6 -1 -2 18 -18 5 -15 -13 13 10 -17 -7 -2 -11 -12 11 -8 -1 6 -20 14 -12 -1 2 -10 52 1 -4 13 -5 -3 11 7 -12 -11 2 -2 26 5 1 13 -1 8 5 3 3 8 1 -8 -3 8 -37 -14 11 1 29 -14 7 -5 11 10 -12 -6
-8 -8 4 -5 10 -25 7 -20 -2 3 27 -14 -7 13 7 5 17 -10 -18 8 14 20 -3 12 -2 5 57 -13 7 -5 2 0 0 15 -9 -1 -1 0 24 8 12 13 -10 -6 12 0 -13 2 6 -11 -1 12 -18 -22 9 4 14 -3 -6 -5 24 11 -2 -9
-2 -3 9 0 13 -18 -3 -7 -22 9 30 -21 0 1 11 -15 -1 -8 -11 3 -4 14 7 4 2 4 58 -17 1 5 1 11 16 6 -14 -10 10 -5 20 10 13 22 -2 3 3 8 5 -10 -1 -11 -12 3 -18 -15 17 12 25 -17 -10 0 19 4 -7 -2
-3 2 -2 -7 0 -15 1 -5 -3 13 17 -6 9 -3 13 -10 -1 11 -10 -2 9 20 12 -2 -2 3 39 -1 4 -7 -2 17 5 10 9 -8 -1 5 16 16 -11 2 0 7 -2 -1 -4 -5 -8 -6 -1 2 -13 -18 -6 5 17 -8 -6 1 7 -3 -5 -2
-15 9 4 -12 10 -23 1 -18 -6 7 23 -7 0 -7 7 -9 -8 6 -10 4 10 22 9 1 -2 9 45 -15 8 -2 12 21 9 22 2 -8 9 12 20 19 -4 -10 -3 5 -10 14 -2 -13 -11 -7 1 10 -28 -12 -14 0 22 -4 0 9 6 -4 5 -1
-8 8 12 -1 -6 -9 6 -9 -1 11 16 -10 9 6 2 -14 -7 -1 -17 11 -4 19 7 -6 11 -3 47 -10 3 -11 -4 5 -6 19 11 -11 2 -6 13 18 0 13 -2 -5 -1 1 4 12 -4 -5 -13 2 -16 -24 7 4 18 -16 -13 8 8 4 -2 -16
-18 6 5 -2 8 -25 2 4 -4 13 25 -16 6 -5 0 -3 -10 4 -16 0 -10 27 -8 -2 21 -1 50 4 3 -11 9 18 12 20 3 -20 5 -21 21 -5 5 6 -6 1 -1 5 3 -5 -2 -5 5 -6 -2 -11 18 14 14 -12 -12 3 3 16 -2 -19
-5 -8 -11 -6 -13 -29 9 -2 -13 27 25 -11 8 -7 2 5 3 20 -3 -2 -1 11 -4 -7 15 0 56 -10 4 -2 -2 9 1 7 10 -9 -4 3 11 4 23 4 -2 -1 -6 -1 7 -6 8 -4 3 0 -26 -17 24 5 9 -8 -21 -8 4 -6 -9 -26
-12 1 -1 -5 -1 -19 7 -8 -11 17 23 -7 3 -4 -3 -6 -2 12 -23 -2 -5 13 -5 0 16 0 48 -7 5 -9 1 15 2 9 10 -18 -3 5 26 0 16 6 -3 2 -7 0 7 -9 0 -3 -7 -1 -8 -20 13 13 20 -19 -12 1 6 4 4 -10
-15 -10 0 4 5 -19 7 -16 -1 23 24 -1 11 -12 10 -10 0 11 3 1 -2 17 -7 -6 4 3 58 -14 12 -5 -5 5 2 4 -7 -23 3 5 22 2 21 -4 -16 -3 0 -1 10 -16 4 -8 -5 3 -33 -12 21 12 25 1 -20 -3 -2 13 -9 -21
-10 -3 -5 4 -5 -17 1 -17 -8 7 14 -23 11 5 11 -8 3 16 -9 -4 -10 18 1 4 8 -9 54 -12 3 -7 2 5 -4 4 -4 -10 4 -6 23 -7 25 4 -10 -7 5 7 4 5 -14 -12 -4 7 -19 -4 20 7 5 -10 -14 0 9 3 -12 -13
-22 1 0 7 0 -20 15 -8 -22 21 25 -16 0 2 -4 -6 -2 7 -12 1 -5 11 -2 2 14 -2 57 -25 7 -13 1 3 -9 20 6 -13 4 2 22 2 19 11 -12 -5 1 11 2 4 0 -1 2 -1 -20 -17 15 8 20 -18 -17 -4 8 5 2 -8
-2 -1 13 4 -9 -16 -7 -19 13 18 29 0 10 -6 11 -3 -7 15 -4 -6 4 28 0 18 0 2 45 2 10 -14 -5 10 19 26 1 -3 -2 -1 16 -8 17 17 -6 -1 -21 -4 -4 -15 -1 16 2 6 5 -9 6 7 3 4 -17 7 12 16 12 -12
-2 0 0 -1 0 1 1 -1 -2 -2 -2 0 2 -2 1 1 2 -2 -1 1 -1 -2 1 0 1 -1 24 -1 9 0 0 3 0 0 -2 2 1 0 0 1 0 1 1 -1 0 1 -1 -1 0 0 1 -1 -1 1 0 -1 0 0 0 -1 0 0 0 -1
-3 -14 -6 11 19 12 3 17 0 -8 9 -16 3 -24 2 9 -16 2 -10 8 8 -4 -21 0 -2 -4 12 -23 10 3 -7 10 4 0 -31 -7 10 2 14 10 -11 17 11 13 1 -4 21 2 -8 -15 9 3 -12 -27 29 9 2 10 9 -6 -13 11 -16 5
-3 -14 -6 11 19 12 3 17 0 -8 9 -16 3 -24 2 9 -16 2 -10 8 8 -4 -21 0 -2 -4 12 -23 10 3 -7 10 4 0 -31 -7 10 2 14 10 -11 17 11 13 1 -4 21 2 -8 -15 9 3 -12 -27 29 9 2 10 9 -6 -13 11 -16 5
-3 -14 -6 11 19 12 3 17 0 -8 9 -16 3 -24 2 9 -16 2 -10 8 8 -4 -21 0 -2 -4 12 -23 10 3 -7 10 4 0 -31 -7 10 2 14 10 -11 17 11 13 1 -4 21 2 -8 -15 9 3 -12 -27 29 9 2 10 9 -6 -13 11 -16 5
-3 -14 -6 11 19 12 3 17 0 -8 9 -16 3 -24 2 9 -16 2 -10 8 8 -4 -21 0 -2 -4 12 -23 10 3 -7 10 4 0 -31 -7 10 2 14 10 -11 17 11 13 1 -4 21 2 -8 -15 9 3 -12 -27 29 9 2 10 9 -6 -13 11 -16 5
-3 -14 -6 11 19 12 3 17 0 -8 9 -16 3 -24 2 9 -16 2 -10 8 8 -4 -21 0 -2 -4 12 -23 10 3 -7 10 4 0 -31 -7 10 2 14 10 -11 17 11 13 1 -4 21 2 -8 -15 9 3 -12 -27 29 9 2 10 9 -6 -13 11 -16 5
-3 -14 -6 11 19 12 3 17 0 -8 9 -16 3 -24 2 9 -16 2 -10 8 8 -4 -21 0 -2 -4 12 -23 10 3 -7 10 4 0 -31 -7 10 2 14 10 -11 17 11 13 1 -4 21 2 -8 -15 9 3 -12 -27 29 9 2 10 9 -6 -13 11 -16 5
-3 -14 -6 11 19 12 3 17 0 -8 9 -16 3 -24 2 9 -16 2 -10 8 8 -4 -21 0 -2 -4 12 -23 10 3 -7 10 4 0 -31 -7 10 2 14 10 -11 17 11 13 1 -4 21 2 -8 -15 9 3 -12 -27 29 9 2 10 9 -6 -13 11 -16 5
-3 -14 -6 11 19 12 3 17 0 -8 9 -16 3 -24 2 9 -16 2 -10 8 8 -4 -21 0 -2 -4 12 -23 10 3 -7 10 4 0 -31 -7 10 2 14 10 -11 17 11 13 1 -4 21 2 -8 -15 9 3 -12 -27 29 9 2 10 9 -6 -13 11 -16 5
-3 -14 -6 11 19 12 3 17 0 -8 9 -16 3 -24 2 9 -16 2 -10 8 8 -4 -21 0 -2 -4 12 -23 10 3 -7 10 4 0 -31 -7 10 2 14 10 -11 17 11 13 1 -4 21 2 -8 -15 9 3 -12 -27 29 9 2 10 9 -6 -13 11 -16 5
-3 -14 -6 11 19 12 3 17 0 -8 9 -16 3 -24 2 9 -16 2 -10 8 8 -4 -21 0 -2 -4 12 -23 10 3 -7 10 4 0 -31 -7 10 2 14 10 -11 17 11 13 1 -4 21 2 -8 -15 9 3 -12 -27 29 9 2 10 9 -6 -13 11 -16 5
-3 -14 -6 11 19 12 3 17 0 -8 9 -16 3 -24 2 9 -16 2 -10 8 8 -4 -21 0 -2 -4 12 -23 10 3 -7 10 4 0 -31 -7 10 2 14 10 -11 17 11 13 1 -4 21 2 -8 -15 9 3 -12 -27 29 9 2 10 9 -6 -13 11 -16 5
-3 -14 -6 11 19 12 3 17 0 -8 9 -16 3 -24 2 9 -16 2 -10 8 8 -4 -21 0 -2 -4 12 -23 10 3 -7 10 4 0 -31 -7 10 2 14 10 -11 17 11 13 1 -4 21 2 -8 -15 9 3 -12 -27 29 9 2 10 9 -6 -13 11 -16 5
-3 -14 -6 11 19 12 3 17 0 -8 9 -16 3 -24 2 9 -16 2 -10 8 8 -4 -21 0 -2 -4 12 -23 10 3 -7 10 4 0 -31 -7 10 2 14 10 -11 17 11 13 1 -4 21 2 -8 -15 9 3 -12 -27 29 9 2 10 9 -6 -13 11 -16 5
-3 -14 -6 11 19 12 3 17 0 -8 9 -16 3 -24 2 9 -16 2 -10 8 8 -4 -21 0 -2 -4 12 -23 10 3 -7 10 4 0 -31 -7 10 2 14 10 -11 17 11 13 1 -4 21 2 -8 -15 9 3 -12 -27 29 9 2 10 9 -6 -13 11 -16 5
-3 -14 -6 11 19 12 3 17 0 -8 9 -16 3 -24 2 9 -16 2 -10 8 8 -4 -21 0 -2 -4 12 -23 10 3 -7 10 4 0 -31 -7 10 2 14 10 -11 17 11 13 1 -4 21 2 -8 -15 9 3 -12 -27 29 9 2 10 9 -6 -13 11 -16 5
-3 -14 -6 11 19 12 3 17 0 -8 9 -16 3 -24 2 9 -16 2 -10 8 8 -4 -21 0 -2 -4 12 -23 10 3 -7 10 4 0 -31 -7 10 2 14 10 -11 17 11 13 1 -4 21 2 -8 -15 9 3 -12 -27 29 9 2 10 9 -6 -13 11 -16 5
-3 -14 -6 11 19 12 3 17 0 -8 9 -16 3 -24 2 9 -16 2 -10 8 8 -4 -21 0 -2 -4 12 -23 10 3 -7 10 4 0 -31 -7 10 2 14 10 -11 17 11 13 1 -4 21 2 -8 -15 9 3 -12 -27 29 9 2 10 9 -6 -13 11 -16 5
-3 -14 -6 11 19 12 3 17 0 -8 9 -16 3 -24 2 9 -16 2 -10 8 8 -4 -21 0 -2 -4 12 -23 10 3 -7 10 4 0 -31 -7 10 2 14 10 -11 17 11 13 1 -4 21 2 -8 -15 9 3 -12 -27 29 9 2 10 9 -6 -13 11 -16 5
-3 -14 -6 11 19 12 3 17 0 -8 9 -16 3 -24 2 9 -16 2 -10 8 8 -4 -21 0 -2 -4 12 -23 10 3 -7 10 4 0 -31 -7 10 2 14 10 -11 17 11 13 1 -4 21 2 -8 -15 9 3 -12 -27 29 9 2 10 9 -6 -13 11 -16 5
-3 -14 -6 11 19 12 3 17 0 -8 9 -16 3 -24 2 9 -16 2 -10 8 8 -4 -21 0 -2 -4 12 -23 10 3 -7 10 4 0 -31 -7 10 2 14 10 -11 17 11 13 1 -4 21 2 -8 -15 9 3 -12 -27 29 9 2 10 9 -6 -13 11 -16 5
-3 -14 -6 11 19 12 3 17 0 -8 9 -16 3 -24 2 9 -16 2 -10 8 8 -4 -21 0 -2 -4 12 -23 10 3 -7 10 4 0 -31 -7 10 2 14 10 -11 17 11 13 1 -4 21 2 -8 -15 9 3 -12 -27 29 9 2 10 9 -6 -13 11 -16 5
-3 -14 -6 11 19 12 3 17 0 -8 9 -16 3 -24 2 9 -16 2 -10 8 8 -4 -21 0 -2 -4 12 -23 10 3 -7 10 4 0 -31 -7 10 2 14 10 -11 17 11 13 1 -4 21 2 -8 -15 9 3 -12 -27 29 9 2 10 9 -6 -13 11 -16 5
-3 -14 -6 11 19 12 3 17 0 -8 9 -16 3 -24 2 9 -16 2 -10 8 8 -4 -21 0 -2 -4 12 -23 10 3 -7 10 4 0 -31 -7 10 2 14 10 -11 17 11 13 1 -4 21 2 -8 -15 9 3 -12 -27 29 9 2 10 9 -6 -13 11 -16 5
-3 -14 -6 11 19 12 3 17 0 -8 9 -16 3 -24 2 9 -16 2 -10 8 8 -4 -21 0 -2 -4 12 -23 10 3 -7 10 4 0 -31 -7 10 2 14 10 -11 17 11 13 1 -4 21 2 -8 -15 9 3 -12 -27 29 9 2 10 9 -6 -13 11 -16 5
-3 -14 -6 11 19 12 3 17 0 -8 9 -16 3 -24 2 9 -16 2 -10 8 8 -4 -21 0 -2 -4 12 -23 10 3 -7 10 4 0 -31 -7 10 2 14 10 -11 17 11 13 1 -4 21 2 -8 -15 9 3 -12 -27 29 9 2 10 9 -6 -13 11 -16 5
-3 -14 -6 11 19 12 3 17 0 -8 9 -16 3 -24 2 9 -16 2 -10 8 8 -4 -21 0 -2 -4 12 -23 10 3 -7 10 4 0 -31 -7 10 2 14 10 -11 17 11 13 1 -4 21 2 -8 -15 9 3 -12 -27 29 9 2 10 9 -6 -13 11 -16 5
-3 -14 -6 11 19 12 3 17 0 -8 9 -16 3 -24 2 9 -16 2 -10 8 8 -4 -21 0 -2 -4 12 -23 10 3 -7 10 4 0 -31 -7 10 2 14 10 -11 17 11 13 1 -4 21 2 -8 -15 9 3 -12 -27 29 9 2 10 9 -6 -13 11 -16 5
-3 -14 -6 11 19 12 3 17 0 -8 9 -16 3 -24 2 9 -16 2 -10 8 8 -4 -21 0 -2 -4 12 -23 10 3 -7 10 4 0 -31 -7 10 2 14 10 -11 17 11 13 1 -4 21 2 -8 -15 9 3 -12 -27 29 9 2 10 9 -6 -13 11 -16 5
-3 -14 -6 11 19 12 3 17 0 -8 9 -16 3 -24 2 9 -16 2 -10 8 8 -4 -21 0 -2 -4 12 -23 10 3 -7 10 4 0 -31 -7 10 2 14 10 -11 17 11 13 1 -4 21 2 -8 -15 9 3 -12 -27 29 9 2 10 9 -6 -13 11 -16 5
-3 -14 -6 11 19 12 3 17 0 -8 9 -16 3 -24 2 9 -16 2 -10 8 8 -4 -21 0 -2 -4 12 -23 10 3 -7 10 4 0 -31 -7 10 2 14 10 -11 17 11 13 1 -4 21 2 -8 -15 9 3 -12 -27 29 9 2 10 9 -6 -13 11 -16 5
-3 -14 -6 11 19 12 3 17 0 -8 9 -16 3 -24 2 9 -16 2 -10 8 8 -4 -21 0 -2 -4 12 -23 10 3 -7 10 4 0 -31 -7 10 2 14 10 -11 17 11 13 1 -4 21 2 -8 -15 9 3 -12 -27 29 9 2 10 9 -6 -13 11 -16 5
-3 -14 -6 11 19 12 3 17 0 -8 9 -16 3 -24 2 9 -16 2 -10 8 8 -4 -21 0 -2 -4 12 -23 10 3 -7 10 4 0 -31 -7 10 2 14 10 -11 17 11 13 1 -4 21 2 -8 -15 9 3 -12 -27 29 9 2 10 9 -6 -13 11 -16 5
-3 -14 -6 11 19 12 3 17 0 -8 9 -16 3 -24 2 9 -16 2 -10 8 8 -4 -21 0 -2 -4 12 -23 10 3 -7 10 4 0 -31 -7 10 2 14 10 -11 17 11 13 1 -4 21 2 -8 -15 9 3 -12 -27 29 9 2 10 9 -6 -13 11 -16 5
-3 -14 -6 11 19 12 3 17 0 -8 9 -16 3 -24 2 9 -16 2 -10 8 8 -4 -21 0 -2 -4 12 -23 10 3 -7 10 4 0 -31 -7 10 2 14 10 -11 17 11 13 1 -4 21 2 -8 -15 9 3 -12 -27 29 9 2 10 9 -6 -13 11 -16 5
-3 -14 -6 11 19 12 3 17 0 -8 9 -16 3 -24 2 9 -16 2 -10 8 8 -4 -21 0 -2 -4 12 -23 10 3 -7 10 4 0 -31 -7 10 2 14 10 -11 17 11 13 1 -4 21 2 -8 -15 9 3 -12 -27 29 9 2 10 9 -6 -13 11 -16 5
-3 -14 -6 11 19 12 3 17 0 -8 9 -16 3 -24 2 9 -16 2 -10 8 8 -4 -21 0 -2 -4 12 -23 10 3 -7 10 4 0 -31 -7 10 2 14 10 -11 17 11 13 1 -4 21 2 -8 -15 9 3 -12 -27 29 9 2 10 9 -6 -13 11 -16 5
-3 -14 -6 11 19 12 3 17 0 -8 9 -16 3 -24 2 9 -16 2 -10 8 8 -4 -21 0 -2 -4 12 -23 10 3 -7 10 4 0 -31 -7 10 2 14 10 -11 17 11 13 1 -4 21 2 -8 -15 9 3 -12 -27 29 9 2 10 9 -6 -13 11 -16 5
-3 -14 -6 11 19 12 3 17 0 -8 9 -16 3 -24 2 9 -16 2 -10 8 8 -4 -21 0 -2 -4 12 -23 10 3 -7 10 4 0 -31 -7 10 2 14 10 -11 17 11 13 1 -4 21 2 -8 -15 9 3 -12 -27 29 9 2 10 9 -6 -13 11 -16 5
-3 -14 -6 11 19 12 3 17 0 -8 9 -16 3 -24 2 9 -16 2 -10 8 8 -4 -21 0 -2 -4 12 -23 10 3 -7 10 4 0 -31 -7 10 2 14 10 -11 17 11 13 1 -4 21 2 -8 -15 9 3 -12 -27 29 9 2 10 9 -6 -13 11 -16 5
-3 -14 -6 11 19 12 3 17 0 -8 9 -16 3 -24 2 9 -16 2 -10 8 8 -4 -21 0 -2 -4 12 -23 10 3 -7 10 4 0 -31 -7 10 2 14 10 -11 17 11 13 1 -4 21 2 -8 -15 9 3 -12 -27 29 9 2 10 9 -6 -13 11 -16 5
-3 -14 -6 11 19 12 3 17 0 -8 9 -16 3 -24 2 9 -16 2 -10 8 8 -4 -21 0 -2 -4 12 -23 10 3 -7 10 4 0 -31 -7 10 2 14 10 -11 17 11 13 1 -4 21 2 -8 -15 9 3 -12 -27 29 9 2 10 9 -6 -13 11 -16 5
-3 -14 -6 11 19 12 3 17 0 -8 9 -16 3 -24 2 9 -16 2 -10 8 8 -4 -21 0 -2 -4 12 -23 10 3 -7 10 4 0 -31 -7 10 2 14 10 -11 17 11 13 1 -4 21 2 -8 -15 9 3 -12 -27 29 9 2 10 9 -6 -13 11 -16 5
-3 -14 -6 11 19 12 3 17 0 -8 9 -16 3 -24 2 9 -16 2 -10 8 8 -4 -21 0 -2 -4 12 -23 10 3 -7 10 4 0 -31 -7 10 2 14 10 -11 17 11 13 1 -4 21 2 -8 -15 9 3 -12 -27 29 9 2 10 9 -6 -13 11 -16 5
-3 -14 -6 11 19 12 3 17 0 -8 9 -16 3 -24 2 9 -16 2 -10 8 8 -4 -21 0 -2 -4 12 -23 10 3 -7 10 4 0 -31 -7 10 2 14 10 -11 17 11 13 1 -4 21 2 -8 -15 9 3 -12 -27 29 9 2 10 9 -6 -13 11 -16 5
-3 -14 -6 11 19 12 3 17 0 -8 9 -16 3 -24 2 9 -16 2 -10 8 8 -4 -21 0 -2 -4 12 -23 10 3 -7 10 4 0 -31 -7 10 2 14 10 -11 17 11 13 1 -4 21 2 -8 -15 9 3 -12 -27 29 9 2 10 9 -6 -13 11 -16 5
-3 -14 -6 11 19 12 3 17 0 -8 9 -16 3 -24 2 9 -16 2 -10 8 8 -4 -21 0 -2 -4 12 -23 10 3 -7 10 4 0 -31 -7 10 2 14 10 -11 17 11 13 1 -4 21 2 -8 -15 9 3 -12 -27 29 9 2 10 9 -6 -13 11 -16 5
-3 -14 -6 11 19 12 3 17 0 -8 9 -16 3 -24 2 9 -16 2 -10 8 8 -4 -21 0 -2 -4 12 -23 10 3 -7 10 4 0 -31 -7 10 2 14 10 -11 17 11 13 1 -4 21 2 -8 -15 9 3 -12 -27 29 9 2 10 9 -6 -13 11 -16 5
-3 -14 -6 11 19 12 3 17 0 -8 9 -16 3 -24 2 9 -16 2 -10 8 8 -4 -21 0 -2 -4 12 -23 10 3 -7 10 4 0 -31 -7 10 2 14 10 -11 17 11 13 1 -4 21 2 -8 -15 9 3 -12 -27 29 9 2 10 9 -6 -13 11 -16 5
-3 -14 -6 11 19 12 3 17 0 -8 9 -16 3 -24 2 9 -16 2 -10 8 8 -4 -21 0 -2 -4 12 -23 10 3 -7 10 4 0 -31 -7 10 2 14 10 -11 17 11 13 1 -4 21 2 -8 -15 9 3 -12 -27 29 9 2 10 9 -6 -13 11 -16 5
-3 -14 -6 11 19 12 3 17 0 -8 9 -16 3 -24 2 9 -16 2 -10 8 8 -4 -21 0 -2 -4 12 -23 10 3 -7 10 4 0 -31 -7 10 2 14 10 -11 17 11 13 1 -4 21 2 -8 -15 9 3 -12 -27 29 9 2 10 9 -6 -13 11 -16 5
-3 -14 -6 11 19 12 3 17 0 -8 9 -16 3 -24 2 9 -16 2 -10 8 8 -4 -21 0 -2 -4 12 -23 10 3 -7 10 4 0 -31 -7 10 2 14 10 -11 17 11 13 1 -4 21 2 -8 -15 9 3 -12 -27 29 9 2 10 9 -6 -13 11 -16 5
-3 -14 -6 11 19 12 3 17 0 -8 9 -16 3 -24 2 9 -16 2 -10 8 8 -4 -21 0 -2 -4 12 -23 10 3 -7 10 4 0 -31 -7 10 2 14 10 -11 17 11 13 1 -4 21 2 -8 -15 9 3 -12 -27 29 9 2 10 9 -6 -13 11 -16 5
-3 -14 -6 11 19 12 3 17 0 -8 9 -16 3 -24 2 9 -16 2 -10 8 8 -4 -21 0 -2 -4 12 -23 10 3 -7 10 4 0 -31 -7 10 2 14 10 -11 17 11 13 1 -4 21 2 -8 -15 9 3 -12 -27 29 9 2 10 9 -6 -13 11 -16 5
-3 -14 -6 11 19 12 3 17 0 -8 9 -16 3 -24 2 9 -16 2 -10 8 8 -4 -21 0 -2 -4 12 -23 10 3 -7 10 4 0 -31 -7 10 2 14 10 -11 17 11 13 1 -4 21 2 -8 -15 9 3 -12 -27 29 9 2 10 9 -6 -13 11 -16 5
-3 -14 -6 11 19 12 3 17 0 -8 9 -16 3 -24 2 9 -16 2 -10 8 8 -4 -21 0 -2 -4 12 -23 10 3 -7 10 4 0 -31 -7 10 2 14 10 -11 17 11 13 1 -4 21 2 -8 -15 9 3 -12 -27 29 9 2 10 9 -6 -13 11 -16 5
-3 -14 -6 11 19 12 3 17 0 -8 9 -16 3 -24 2 9 -16 2 -10 8 8 -4 -21 0 -2 -4 12 -23 10 3 -7 10 4 0 -31 -7 10 2 14 10 -11 17 11 13 1 -4 21 2 -8 -15 9 3 -12 -27 29 9 2 10 9 -6 -13 11 -16 5
-3 -14 -6 11 19 12 3 17 0 -8 9 -16 3 -24 2 9 -16 2 -10 8 8 -4 -21 0 -2 -4 12 -23 10 3 -7 10 4 0 -31 -7 10 2 14 10 -11 17 11 13 1 -4 21 2 -8 -15 9 3 -12 -27 29 9 2 10 9 -6 -13 11 -16 5
-3 -14 -6 11 19 12 3 17 0 -8 9 -16 3 -24 2 9 -16 2 -10 8 8 -4 -21 0 -2 -4 12 -23 10 3 -7 10 4 0 -31 -7 10 2 14 10 -11 17 11 13 1 -4 21 2 -8 -15 9 3 -12 -27 29 9 2 10 9 -6 -13 11 -16 5
-3 -14 -6 11 19 12 3 17 0 -8 9 -16 3 -24 2 9 -16 2 -10 8 8 -4 -21 0 -2 -4 12 -23 10 3 -7 10 4 0 -31 -7 10 2 14 10 -11 17 11 13 1 -4 21 2 -8 -15 9 3 -12 -27 29 9 2 10 9 -6 -13 11 -16 5
-3 -14 -6 11 19 12 3 17 0 -8 9 -16 3 -24 2 9 -16 2 -10 8 8 -4 -21 0 -2 -4 12 -23 10 3 -7 10 4 0 -31 -7 10 2 14 10 -11 17 11 13 1 -4 21 2 -8 -15 9 3 -12 -27 29 9 2 10 9 -6 -13 11 -16 5
-3 -14 -6 11 19 12 3 17 0 -8 9 -16 3 -24 2 9 -16 2 -10 8 8 -4 -21 0 -2 -4 12 -23 10 3 -7 10 4 0 -31 -7 10 2 14 10 -11 17 11 13 1 -4 21 2 -8 -15 9 3 -12 -27 29 9 2 10 9 -6 -13 11 -16 5
-3 -14 -6 11 19 12 3 17 0 -8 9 -16 3 -24 2 9 -16 2 -10 8 8 -4 -21 0 -2 -4 12 -23 10 3 -7 10 4 0 -31 -7 10 2 14 10 -11 17 11 13 1 -4 21 2 -8 -15 9 3 -12 -27 29 9 2 10 9 -6 -13 11 -16 5
-3 -14 -6 11 19 12 3 17 0 -8 9 -16 3 -24 2 9 -16 2 -10 8 8 -4 -21 0 -2 -4 12 -23 10 3 -7 10 4 0 -31 -7 10 2 14 10 -11 17 11 13 1 -4 21 2 -8 -15 9 3 -12 -27 29 9 2 10 9 -6 -13 11 -16 5
-3 -14 -6 11 19 12 3 17 0 -8 9 -16 3 -24 2 9 -16 2 -10 8 8 -4 -21 0 -2 -4 12 -23 10 3 -7 10 4 0 -31 -7 10 2 14 10 -11 17 11 13 1 -4 21 2 -8 -15 9 3 -12 -27 29 9 2 10 9 -6 -13 11 -16 5
-3 -14 -6 11 19 12 3 17 0 -8 9 -16 3 -24 2 9 -16 2 -10 8 8 -4 -21 0 -2 -4 12 -23 10 3 -7 10 4 0 -31 -7 10 2 14 10 -11 17 11 13 1 -4 21 2 -8 -15 9 3 -12 -27 29 9 2 10 9 -6 -13 11 -16 5
-3 -14 -6 11 19 12 3 17 0 -8 9 -16 3 -24 2 9 -16 2 -10 8 8 -4 -21 0 -2 -4 12 -23 10 3 -7 10 4 0 -31 -7 10 2 14 10 -11 17 11 13 1 -4 21 2 -8 -15 9 3 -12 -27 29 9 2 10 9 -6 -13 11 -16 5
-3 -14 -6 11 19 12 3 17 0 -8 9 -16 3 -24 2 9 -16 2 -10 8 8 -4 -21 0 -2 -4 12 -23 10 3 -7 10 4 0 -31 -7 10 2 14 10 -11 17 11 13 1 -4 21 2 -8 -15 9 3 -12 -27 29 9 2 10 9 -6 -13 11 -16 5
-3 -14 -6 11 19 12 3 17 0 -8 9 -16 3 -24 2 9 -16 2 -10 8 8 -4 -21 0 -2 -4 12 -23 10 3 -7 10 4 0 -31 -7 10 2 14 10 -11 17 11 13 1 -4 21 2 -8 -15 9 3 -12 -27 29 9 2 10 9 -6 -13 11 -16 5
-3 -14 -6 11 19 12 3 17 0 -8 9 -16 3 -24 2 9 -16 2 -10 8 8 -4 -21 0 -2 -4 12 -23 10 3 -7 10 4 0 -31 -7 10 2 14 10 -11 17 11 13 1 -4 21 2 -8 -15 9 3 -12 -27 29 9 2 10 9 -6 -13 11 -16 5
-3 -14 -6 11 19 12 3 17 0 -8 9 -16 3 -24 2 9 -16 2 -10 8 8 -4 -21 0 -2 -4 12 -23 10 3 -7 10 4 0 -31 -7 10 2 14 10 -11 17 11 13 1 -4 21 2 -8 -15 9 3 -12 -27 29 9 2 10 9 -6 -13 11 -16 5
-3 -14 -6 11 19 12 3 17 0 -8 9 -16 3 -24 2 9 -16 2 -10 8 8 -4 -21 0 -2 -4 12 -23 10 3 -7 10 4 0 -31 -7 10 2 14 10 -11 17 11 13 1 -4 21 2 -8 -15 9 3 -12 -27 29 9 2 10 9 -6 -13 11 -16 5
-3 -14 -6 11 19 12 3 17 0 -8 9 -16 3 -24 2 9 -16 2 -10 8 8 -4 -21 0 -2 -4 12 -23 10 3 -7 10 4 0 -31 -7 10 2 14 10 -11 17 11 13 1 -4 21 2 -8 -15 9 3 -12 -27 29 9 2 10 9 -6 -13 11 -16 5
-3 -14 -6 11 19 12 3 17 0 -8 9 -16 3 -24 2 9 -16 2 -10 8 8 -4 -21 0 -2 -4 12 -23 10 3 -7 10 4 0 -31 -7 10 2 14 10 -11 17 11 13 1 -4 21 2 -8 -15 9 3 -12 -27 29 9 2 10 9 -6 -13 11 -16 5
-3 -14 -6 11 19 12 3 17 0 -8 9 -16 3 -24 2 9 -16 2 -10 8 8 -4 -21 0 -2 -4 12 -23 10 3 -7 10 4 0 -31 -7 10 2 14 10 -11 17 11 13 1 -4 21 2 -8 -15 9 3 -12 -27 29 9 2 10 9 -6 -13 11 -16 5
-3 -14 -6 11 19 12 3 17 0 -8 9 -16 3 -24 2 9 -16 2 -10 8 8 -4 -21 0 -2 -4 12 -23 10 3 -7 10 4 0 -31 -7 10 2 14 10 -11 17 11 13 1 -4 21 2 -8 -15 9 3 -12 -27 29 9 2 10 9 -6 -13 11 -16 5
-3 -14 -6 11 19 12 3 17 0 -8 9 -16 3 -24 2 9 -16 2 -10 8 8 -4 -21 0 -2 -4 12 -23 10 3 -7 10 4 0 -31 -7 10 2 14 10 -11 17 11 13 1 -4 21 2 -8 -15 9 3 -12 -27 29 9 2 10 9 -6 -13 11 -16 5
-3 -14 -6 11 19 12 3 17 0 -8 9 -16 3 -24 2 9 -16 2 -10 8 8 -4 -21 0 -2 -4 12 -23 10 3 -7 10 4 0 -31 -7 10 2 14 10 -11 17 11 13 1 -4 21 2 -8 -15 9 3 -12 -27 29 9 2 10 9 -6 -13 11 -16 5
-3 -14 -6 11 19 12 3 17 0 -8 9 -16 3 -24 2 9 -16 2 -10 8 8 -4 -21 0 -2 -4 12 -23 10 3 -7 10 4 0 -31 -7 10 2 14 10 -11 17 11 13 1 -4 21 2 -8 -15 9 3 -12 -27 29 9 2 10 9 -6 -13 11 -16 5
-3 -14 -6 11 19 12 3 17 0 -8 9 -16 3 -24 2 9 -16 2 -10 8 8 -4 -21 0 -2 -4 12 -23 10 3 -7 10 4 0 -31 -7 10 2 14 10 -11 17 11 13 1 -4 21 2 -8 -15 9 3 -12 -27 29 9 2 10 9 -6 -13 11 -16 5
-3 -14 -6 11 19 12 3 17 0 -8 9 -16 3 -24 2 9 -16 2 -10 8 8 -4 -21 0 -2 -4 12 -23 10 3 -7 10 4 0 -31 -7 10 2 14 10 -11 17 11 13 1 -4 21 2 -8 -15 9 3 -12 -27 29 9 2 10 9 -6 -13 11 -16 5
-3 -14 -6 11 19 12 3 17 0 -8 9 -16 3 -24 2 9 -16 2 -10 8 8 -4 -21 0 -2 -4 12 -23 10 3 -7 10 4 0 -31 -7 10 2 14 10 -11 17 11 13 1 -4 21 2 -8 -15 9 3 -12 -27 29 9 2 10 9 -6 -13 11 -16 5
-3 -14 -6 11 19 12 3 17 0 -8 9 -16 3 -24 2 9 -16 2 -10 8 8 -4 -21 0 -2 -4 12 -23 10 3 -7 10 4 0 -31 -7 10 2 14 10 -11 17 11 13 1 -4 21 2 -8 -15 9 3 -12 -27 29 9 2 10 9 -6 -13 11 -16 5
-3 -14 -6 11 19 12 3 17 0 -8 9 -16 3 -24 2 9 -16 2 -10 8 8 -4 -21 0 -2 -4 12 -23 10 3 -7 10 4 0 -31 -7 10 2 14 10 -11 17 11 13 1 -4 21 2 -8 -15 9 3 -12 -27 29 9 2 10 9 -6 -13 11 -16 5
-3 -14 -6 11 19 12 3 17 0 -8 9 -16 3 -24 2 9 -16 2 -10 8 8 -4 -21 0 -2 -4 12 -23 10 3 -7 10 4 0 -31 -7 10 2 14 10 -11 17 11 13 1 -4 21 2 -8 -15 9 3 -12 -27 29 9 2 10 9 -6 -13 11 -16 5
-3 -14 -6 11 19 12 3 17 0 -8 9 -16 3 -24 2 9 -16 2 -10 8 8 -4 -21 0 -2 -4 12 -23 10 3 -7 10 4 0 -31 -7 10 2 14 10 -11 17 11 13 1 -4 21 2 -8 -15 9 3 -12 -27 29 9 2 10 9 -6 -13 11 -16 5
-3 -14 -6 11 19 12 3 17 0 -8 9 -16 3 -24 2 9 -16 2 -10 8 8 -4 -21 0 -2 -4 12 -23 10 3 -7 10 4 0 -31 -7 10 2 14 10 -11 17 11 13 1 -4 21 2 -8 -15 9 3 -12 -27 29 9 2 10 9 -6 -13 11 -16 5
-3 -14 -6 11 19 12 3 17 0 -8 9 -16 3 -24 2 9 -16 2 -10 8 8 -4 -21 0 -2 -4 12 -23 10 3 -7 10 4 0 -31 -7 10 2 14 10 -11 17 11 13 1 -4 21 2 -8 -15 9 3 -12 -27 29 9 2 10 9 -6 -13 11 -16 5
