8 3 -5 6 -8 6 0 9 -1 5 7 -1 1 -1 -3 6 4 -9 5 -1 -3 -2 -4 7 -5 1 2 -5 5 2 2 1 8 10 -6 -1 4 5 -3 0 -5 -2 1 -3 1 -1 0 -3 3 6 -1 8 1 5 4 -2 -3 7 2 -3 -8 6 0 1
-16 9 -8 19 13 12 -4 11 -1 12 -1 4 -10 -16 -4 3 -6 -5 1 -3 5 8 -10 1 6 9 17 5 3 -4 -4 -15 -1 3 -3 12 7 -18 -2 -3 -8 -16 0 3 5 -5 -8 2 4 5 5 -5 -19 -11 3 -5 -10 6 2 -2 -5 -4 0 -2
-17 18 5 27 9 22 13 1 11 6 17 -15 -28 -4 -4 27 -1 1 -10 -5 -15 -8 -15 -5 23 11 10 30 -5 6 -10 -5 -29 -15 24 27 -2 -39 -12 11 -8 -6 -1 -1 -23 -2 -30 -9 -7 -25 -1 -30 -53 8 14 -4 -29 -5 3 6 7 -6 -13 -30
-9 3 12 40 6 30 17 5 9 8 -4 -5 -23 -20 9 15 -14 14 -2 -12 -3 -7 -10 -9 25 4 13 34 -1 -10 -11 -5 -18 -8 22 33 2 -31 -7 18 -3 2 -12 -8 -14 -8 -22 16 16 -22 25 -27 -31 8 19 -9 -13 -2 -9 10 3 2 -11 -32
-8 23 10 29 -10 36 -1 1 10 -1 0 -7 -21 -24 1 16 -4 -6 7 -21 -11 -10 2 -8 20 8 0 30 8 -10 -12 -6 -15 -15 21 23 3 -35 -15 3 4 -20 -3 -10 -14 -5 -18 6 -2 -13 18 -19 -35 -4 17 -10 -28 -7 -1 6 -3 3 -6 -20
-5 26 3 36 5 38 -8 7 13 1 15 -8 -21 -27 3 16 1 0 5 -22 -9 0 3 5 21 4 7 26 13 -10 -8 -10 -28 -11 11 32 3 -31 -15 7 -10 -10 -22 -12 -19 -10 -10 13 14 -16 15 -19 -22 1 18 -13 -18 -1 -5 1 3 -9 -4 -23
0 24 18 30 7 50 10 8 14 3 -7 -9 -11 -1 6 12 7 -6 -10 -13 -10 -7 5 -15 31 -4 5 42 1 -13 -12 -6 -36 -22 11 42 -3 -34 -22 9 -3 -12 -21 -7 -15 -6 -19 6 12 -16 0 -38 -24 1 40 -22 -6 0 3 11 4 -2 -2 -17
-12 11 32 39 1 34 16 6 6 1 -4 -4 -20 -12 -3 16 -14 0 0 -9 -7 -19 2 -19 19 -4 8 26 4 -5 -6 -5 -22 6 13 27 -4 -32 -17 12 0 -10 -26 -23 1 -26 -20 13 17 -17 12 -31 -21 4 12 -23 -8 1 4 13 0 -9 -13 -29
-6 21 4 44 16 25 10 0 0 3 -6 -9 -28 -9 -4 16 -2 5 -3 -9 -1 -1 -9 0 14 -2 3 37 -6 -2 -10 -15 -23 -1 21 13 -5 -20 -1 7 -9 0 -11 11 -20 9 -17 21 2 -19 8 -26 -42 3 13 -1 -13 -8 -4 1 2 -10 -2 -19
-6 28 -10 13 -3 23 20 16 -1 28 4 5 1 -13 9 21 2 -2 5 -1 -10 -4 -5 13 19 -6 15 16 3 -5 4 -11 1 -12 1 4 -1 -18 -15 8 4 1 -3 8 -13 7 -17 -5 5 7 -2 -12 -2 5 10 10 -22 -3 -2 8 -2 1 8 -15
2 29 -1 45 31 20 8 1 8 5 -3 -2 -18 0 -12 22 2 3 -4 3 -18 -6 -2 6 10 -4 4 34 -1 -3 2 -24 -12 -1 16 14 -8 -13 1 1 -20 -2 -9 7 -14 16 -1 17 -1 -21 5 -23 -44 7 18 -2 -8 -5 -10 -8 5 -1 -8 -25
2 22 -1 23 23 25 19 3 8 14 -5 -11 -19 -6 3 11 2 -3 -7 -4 -18 -2 -6 -14 39 8 7 39 2 -6 -2 -13 -9 -15 0 32 -7 -26 -20 -2 -2 -6 -17 -3 -19 5 -23 -6 0 -3 -5 -21 -23 -3 27 -10 -12 -9 -2 2 1 1 -4 -30
-8 8 20 28 22 37 12 -9 0 8 -3 -16 -23 -10 2 23 -3 7 -15 -4 0 -5 -5 -22 27 -3 7 43 4 -7 -2 -5 -21 1 21 25 17 -30 -23 0 -12 -9 -20 -9 -30 -2 -26 -12 7 -14 -2 -33 -48 0 10 4 -24 -14 -7 6 12 -2 -11 -36
0 15 15 29 17 24 15 -2 7 12 1 -15 -12 -30 4 21 8 -7 -24 -4 -10 -5 4 -24 31 -8 10 27 13 -17 2 -10 -15 2 22 23 7 -44 -25 4 -2 -21 -12 -3 -26 10 -22 -5 13 -12 -7 -30 -36 -10 12 -5 -21 -15 5 8 0 -5 -13 -31
-2 16 6 30 3 26 7 12 3 17 -11 -11 -20 -4 -2 17 5 5 -22 -3 -4 -10 -1 -4 19 1 14 33 7 -3 -6 -11 -2 -3 1 8 -7 -30 -26 0 -2 -13 -13 0 -28 6 -27 -14 -4 -11 -3 -32 -35 9 4 9 -32 -12 2 11 19 14 3 -26
-7 5 12 25 17 39 17 0 1 12 -4 -19 -36 -17 13 28 -2 9 -10 -13 -9 -3 -5 -16 30 0 6 41 1 -15 -12 -12 -19 1 11 21 7 -37 -23 10 -7 -8 -26 -8 -27 -6 -29 -15 2 -15 2 -38 -44 -8 14 -7 -27 -16 2 11 16 -5 2 -35
-10 15 28 19 12 40 -9 -21 3 7 5 -18 -21 -18 -7 19 7 6 -3 -17 2 2 2 -9 24 8 -13 33 7 -7 -17 -6 -18 -2 8 29 -5 -37 -10 13 -1 2 -24 -6 -16 -20 -31 -12 12 -16 1 -31 -20 -2 8 -9 -11 -2 -13 14 12 -13 7 -19
-8 17 10 26 15 43 11 -3 4 15 2 -20 -21 -13 2 23 -1 4 -13 -9 -1 7 -1 -16 21 9 6 42 5 -14 -6 -6 -6 -4 0 24 3 -24 -22 5 -11 -3 -15 -3 -20 -7 -40 -9 16 -5 1 -32 -37 2 16 6 -12 -13 -10 5 16 1 -2 -33
-6 21 11 25 15 30 11 -11 18 10 -1 -16 -21 -14 4 17 -3 -3 -4 -15 -2 7 4 -18 24 12 -13 31 4 2 -6 -3 -6 -6 6 24 -5 -28 -6 8 -10 2 -24 -4 -23 2 -25 1 9 -15 3 -26 -31 4 17 -9 -17 -6 -22 12 12 -8 -1 -21
-12 5 23 26 10 37 9 -19 10 -2 -1 -18 -21 -24 9 11 1 1 -3 -17 -3 0 -4 -11 20 3 3 21 11 -17 -18 -3 -4 -11 1 30 3 -29 -15 7 -9 -9 -17 1 -17 -25 -35 -23 9 -20 1 -29 -23 -2 0 4 -31 -10 -15 3 4 6 3 -30
3 13 26 27 11 44 4 -5 6 15 8 -13 -25 -24 1 15 -3 7 -6 -5 -4 19 4 -21 20 7 -6 43 -2 -12 -8 -3 -5 -9 2 24 2 -16 -9 3 -14 -5 -19 1 -10 -12 -31 -4 16 -9 -4 -30 -27 -1 9 14 -17 -1 1 0 11 3 1 -25
6 19 6 21 7 22 20 13 11 21 -11 -13 -17 -11 -3 16 -2 8 -5 -12 -10 -1 -18 -10 14 -3 22 31 10 0 -11 2 -1 -5 7 9 -6 -42 -40 3 -11 -7 -14 10 -18 3 -26 -2 -6 -11 9 -40 -31 5 5 2 -28 -11 2 12 -1 0 3 -29
-1 -2 0 0 0 1 0 -1 0 3 0 1 2 -2 -2 0 1 -1 2 2 -1 -1 2 2 0 0 1 1 -1 -1 -2 -1 -1 4 0 0 -3 -4 2 0 -1 0 1 5 0 1 3 -1 -1 1 -2 0 0 0 1 2 -4 1 -3 -2 1 0 4 0
-4 32 40 36 4 31 17 -3 14 12 -15 -26 -53 -34 2 25 -12 -6 -30 -11 -9 -4 -12 -22 27 17 18 39 -15 -2 -8 -19 -32 -15 -4 18 -7 -58 -33 12 -16 -2 -17 4 -8 -5 -26 4 1 -10 6 -28 -59 25 3 -1 -25 -21 19 4 -16 -1 -22 -28
-13 23 34 35 5 26 16 -10 7 18 -20 -19 -46 -35 12 25 -5 5 -33 -16 -1 1 -24 -15 25 -1 9 44 -14 -11 -14 -8 -31 -14 1 20 -3 -50 -29 22 -1 0 -26 0 -18 -7 -20 0 -9 -7 -4 -31 -38 31 15 -12 -18 -28 3 13 -19 -14 -17 -25
5 22 18 33 -1 21 18 -1 20 7 -11 -14 -30 -23 9 22 -13 11 -28 -28 -8 -12 -5 -20 25 3 5 39 -11 -2 -18 -16 -21 -4 -1 15 -11 -42 -28 14 -5 -7 -6 8 -5 -10 -26 8 9 -25 10 -34 -35 20 20 -8 -13 -21 4 16 -17 -8 -17 -13
-5 22 29 34 -7 32 2 -6 11 18 1 -1 -36 -20 14 32 -2 1 -11 -22 -18 -5 1 -18 27 14 8 43 0 -15 -17 -10 -19 -3 4 18 -3 -41 -22 10 -2 -19 -15 0 -13 -12 -23 -7 5 -21 5 -28 -33 9 13 -14 -25 -10 13 10 -17 -5 -3 -13
-4 25 12 28 -3 33 1 3 19 2 2 -5 -27 -21 0 16 -9 0 -11 -18 -4 4 4 1 15 12 6 28 12 -14 -17 -3 -22 -5 9 23 9 -37 -31 9 -10 -21 -16 -8 -10 -14 -13 1 22 -15 2 -20 -23 5 7 -12 -26 -11 22 6 -9 -6 -7 -10
-4 33 27 28 9 41 13 -8 15 24 -4 -5 -24 -6 1 16 9 -5 -22 -24 -14 -9 0 -20 30 2 9 28 4 -6 -15 -12 -32 -25 -6 26 -3 -39 -25 15 -9 -13 -15 4 3 -12 -7 2 17 -13 3 -34 -24 5 19 -10 -20 -4 9 19 -21 -1 -6 -12
-5 18 26 39 -3 23 12 2 5 1 -4 -7 -26 -6 7 23 -10 3 -18 -11 -8 -10 8 -19 13 -4 8 26 -8 -2 -16 -9 -20 -4 6 12 4 -32 -22 8 -3 -15 -21 -9 -8 -25 -21 3 14 -13 5 -24 -19 -1 18 -19 -11 -8 14 13 -11 -6 -13 -26
3 27 15 34 13 17 10 -5 16 8 -8 -4 -32 -6 -10 18 -12 8 -15 -10 -1 -8 -4 4 16 -4 7 31 -9 -9 -13 -10 -13 -5 13 7 6 -28 -7 3 -9 -9 -8 10 -7 -7 -4 12 4 -26 2 -26 -43 11 8 1 -12 -12 7 5 -10 2 -11 -7
2 35 11 39 15 5 3 1 18 6 1 2 -26 0 -18 21 0 -1 -18 1 -15 -12 1 2 17 -12 8 33 -8 -8 -5 -24 -11 0 12 7 -5 -24 2 2 -6 -6 -1 13 -6 4 4 15 5 -28 -6 -15 -43 9 12 -3 -12 -5 6 4 -5 5 -19 -8
3 22 8 22 6 17 17 -2 11 14 -5 -12 -32 -13 -3 15 3 14 -13 -13 -13 5 -2 1 37 2 11 38 2 -14 -8 -1 -7 -16 3 11 10 -26 -26 0 -14 -5 -5 -4 -6 -4 -10 2 -5 -12 -3 -15 -24 8 7 0 -20 -8 19 1 -10 9 -4 -13
-6 17 16 21 -2 35 19 -6 11 9 -5 -12 -41 -21 4 29 -18 18 -26 -17 -9 -3 7 -19 20 -2 15 43 -3 -13 -19 -12 -5 6 14 24 8 -37 -35 11 -5 -12 -13 -8 -36 -13 -24 -12 5 -22 -4 -32 -37 1 4 4 -31 -22 13 7 -9 -14 -12 -21
-11 23 28 20 10 39 13 -15 19 17 5 -21 -33 -12 -5 31 0 10 -18 -23 -7 -4 9 -13 28 18 -11 36 12 -2 -20 -3 -17 -2 11 16 3 -41 -22 7 0 -9 -18 -5 -25 -26 -28 -7 8 -19 -7 -34 -28 -4 2 1 -25 -8 10 15 -9 -7 -2 -15
-14 14 25 29 7 41 16 -12 20 16 -7 -22 -44 -16 5 27 -8 13 -38 -22 -8 -4 8 -13 26 -2 2 46 8 -13 -21 -9 -15 -1 2 23 8 -39 -29 8 -11 -9 -11 -4 -24 -24 -24 -8 9 -23 -1 -31 -42 7 2 -1 -32 -23 10 10 -10 -8 -17 -17
-15 20 25 12 4 24 18 -9 21 10 0 -20 -28 -13 -3 23 -2 9 -19 -16 -3 3 5 -14 27 14 -10 28 -1 2 -16 -10 -5 -3 16 17 5 -29 -22 15 2 3 -13 -3 -23 -9 -23 -8 13 -28 -9 -24 -32 13 13 -7 -22 -10 1 9 2 -2 -6 -18
-17 10 26 20 7 34 13 -12 8 6 0 -20 -18 -17 7 10 -4 12 -20 -21 -5 -6 8 -14 21 0 7 38 6 -7 -26 -5 -12 -3 5 15 6 -29 -19 14 -4 -17 -21 -2 -16 -27 -29 -21 10 -23 -10 -31 -27 3 2 -2 -30 -12 4 12 -13 -7 -2 -17
-6 25 33 26 8 39 11 -5 11 22 2 -13 -31 -17 0 24 -13 13 -22 -23 -12 2 7 -17 30 2 -3 43 7 -10 -20 -6 -9 -9 5 18 7 -37 -36 12 -5 -9 -16 -2 -16 -22 -19 -4 17 -17 -8 -32 -26 3 -1 2 -28 -13 8 12 -2 1 -15 -8
-7 12 -1 13 7 22 19 10 7 20 -7 -7 -23 -9 -3 20 -6 2 -17 -28 -12 -9 -6 -9 17 -8 14 27 11 0 -12 -3 -8 -2 -2 11 -8 -39 -41 7 0 -6 -17 5 -19 -5 -22 12 4 -4 -1 -42 -27 4 10 2 -26 -13 5 13 -10 -8 -3 -23
-1 -2 0 -1 0 1 0 -1 1 2 1 0 1 -2 -1 0 0 1 1 2 0 -1 2 2 -1 2 2 1 -1 0 -2 -1 0 3 0 0 -2 -4 2 0 -1 0 2 6 0 2 4 -1 -2 3 -1 1 1 -1 1 1 -5 1 -4 -2 1 1 4 0
-8 26 15 21 18 9 13 -3 -10 22 4 5 -14 -9 2 3 -3 -11 -8 -13 1 3 -17 4 -6 5 16 18 5 -18 -3 -17 24 1 -14 0 10 -26 -8 -5 -16 -7 13 5 -12 10 -23 -4 16 7 15 -10 -16 13 -9 -2 -21 8 3 -8 -5 22 0 4
-8 26 15 21 18 9 13 -3 -10 22 4 5 -14 -9 2 3 -3 -11 -8 -13 1 3 -17 4 -6 5 16 18 5 -18 -3 -17 24 1 -14 0 10 -26 -8 -5 -16 -7 13 5 -12 10 -23 -4 16 7 15 -10 -16 13 -9 -2 -21 8 3 -8 -5 22 0 4
-8 26 15 21 18 9 13 -3 -10 22 4 5 -14 -9 2 3 -3 -11 -8 -13 1 3 -17 4 -6 5 16 18 5 -18 -3 -17 24 1 -14 0 10 -26 -8 -5 -16 -7 13 5 -12 10 -23 -4 16 7 15 -10 -16 13 -9 -2 -21 8 3 -8 -5 22 0 4
-8 26 15 21 18 9 13 -3 -10 22 4 5 -14 -9 2 3 -3 -11 -8 -13 1 3 -17 4 -6 5 16 18 5 -18 -3 -17 24 1 -14 0 10 -26 -8 -5 -16 -7 13 5 -12 10 -23 -4 16 7 15 -10 -16 13 -9 -2 -21 8 3 -8 -5 22 0 4
-8 26 15 21 18 9 13 -3 -10 22 4 5 -14 -9 2 3 -3 -11 -8 -13 1 3 -17 4 -6 5 16 18 5 -18 -3 -17 24 1 -14 0 10 -26 -8 -5 -16 -7 13 5 -12 10 -23 -4 16 7 15 -10 -16 13 -9 -2 -21 8 3 -8 -5 22 0 4
-8 26 15 21 18 9 13 -3 -10 22 4 5 -14 -9 2 3 -3 -11 -8 -13 1 3 -17 4 -6 5 16 18 5 -18 -3 -17 24 1 -14 0 10 -26 -8 -5 -16 -7 13 5 -12 10 -23 -4 16 7 15 -10 -16 13 -9 -2 -21 8 3 -8 -5 22 0 4
-8 26 15 21 18 9 13 -3 -10 22 4 5 -14 -9 2 3 -3 -11 -8 -13 1 3 -17 4 -6 5 16 18 5 -18 -3 -17 24 1 -14 0 10 -26 -8 -5 -16 -7 13 5 -12 10 -23 -4 16 7 15 -10 -16 13 -9 -2 -21 8 3 -8 -5 22 0 4
-8 26 15 21 18 9 13 -3 -10 22 4 5 -14 -9 2 3 -3 -11 -8 -13 1 3 -17 4 -6 5 16 18 5 -18 -3 -17 24 1 -14 0 10 -26 -8 -5 -16 -7 13 5 -12 10 -23 -4 16 7 15 -10 -16 13 -9 -2 -21 8 3 -8 -5 22 0 4
-8 26 15 21 18 9 13 -3 -10 22 4 5 -14 -9 2 3 -3 -11 -8 -13 1 3 -17 4 -6 5 16 18 5 -18 -3 -17 24 1 -14 0 10 -26 -8 -5 -16 -7 13 5 -12 10 -23 -4 16 7 15 -10 -16 13 -9 -2 -21 8 3 -8 -5 22 0 4
-8 26 15 21 18 9 13 -3 -10 22 4 5 -14 -9 2 3 -3 -11 -8 -13 1 3 -17 4 -6 5 16 18 5 -18 -3 -17 24 1 -14 0 10 -26 -8 -5 -16 -7 13 5 -12 10 -23 -4 16 7 15 -10 -16 13 -9 -2 -21 8 3 -8 -5 22 0 4
-8 26 15 21 18 9 13 -3 -10 22 4 5 -14 -9 2 3 -3 -11 -8 -13 1 3 -17 4 -6 5 16 18 5 -18 -3 -17 24 1 -14 0 10 -26 -8 -5 -16 -7 13 5 -12 10 -23 -4 16 7 15 -10 -16 13 -9 -2 -21 8 3 -8 -5 22 0 4
-8 26 15 21 18 9 13 -3 -10 22 4 5 -14 -9 2 3 -3 -11 -8 -13 1 3 -17 4 -6 5 16 18 5 -18 -3 -17 24 1 -14 0 10 -26 -8 -5 -16 -7 13 5 -12 10 -23 -4 16 7 15 -10 -16 13 -9 -2 -21 8 3 -8 -5 22 0 4
-8 26 15 21 18 9 13 -3 -10 22 4 5 -14 -9 2 3 -3 -11 -8 -13 1 3 -17 4 -6 5 16 18 5 -18 -3 -17 24 1 -14 0 10 -26 -8 -5 -16 -7 13 5 -12 10 -23 -4 16 7 15 -10 -16 13 -9 -2 -21 8 3 -8 -5 22 0 4
-8 26 15 21 18 9 13 -3 -10 22 4 5 -14 -9 2 3 -3 -11 -8 -13 1 3 -17 4 -6 5 16 18 5 -18 -3 -17 24 1 -14 0 10 -26 -8 -5 -16 -7 13 5 -12 10 -23 -4 16 7 15 -10 -16 13 -9 -2 -21 8 3 -8 -5 22 0 4
-8 26 15 21 18 9 13 -3 -10 22 4 5 -14 -9 2 3 -3 -11 -8 -13 1 3 -17 4 -6 5 16 18 5 -18 -3 -17 24 1 -14 0 10 -26 -8 -5 -16 -7 13 5 -12 10 -23 -4 16 7 15 -10 -16 13 -9 -2 -21 8 3 -8 -5 22 0 4
-8 26 15 21 18 9 13 -3 -10 22 4 5 -14 -9 2 3 -3 -11 -8 -13 1 3 -17 4 -6 5 16 18 5 -18 -3 -17 24 1 -14 0 10 -26 -8 -5 -16 -7 13 5 -12 10 -23 -4 16 7 15 -10 -16 13 -9 -2 -21 8 3 -8 -5 22 0 4
-8 26 15 21 18 9 13 -3 -10 22 4 5 -14 -9 2 3 -3 -11 -8 -13 1 3 -17 4 -6 5 16 18 5 -18 -3 -17 24 1 -14 0 10 -26 -8 -5 -16 -7 13 5 -12 10 -23 -4 16 7 15 -10 -16 13 -9 -2 -21 8 3 -8 -5 22 0 4
-8 26 15 21 18 9 13 -3 -10 22 4 5 -14 -9 2 3 -3 -11 -8 -13 1 3 -17 4 -6 5 16 18 5 -18 -3 -17 24 1 -14 0 10 -26 -8 -5 -16 -7 13 5 -12 10 -23 -4 16 7 15 -10 -16 13 -9 -2 -21 8 3 -8 -5 22 0 4
-8 26 15 21 18 9 13 -3 -10 22 4 5 -14 -9 2 3 -3 -11 -8 -13 1 3 -17 4 -6 5 16 18 5 -18 -3 -17 24 1 -14 0 10 -26 -8 -5 -16 -7 13 5 -12 10 -23 -4 16 7 15 -10 -16 13 -9 -2 -21 8 3 -8 -5 22 0 4
-8 26 15 21 18 9 13 -3 -10 22 4 5 -14 -9 2 3 -3 -11 -8 -13 1 3 -17 4 -6 5 16 18 5 -18 -3 -17 24 1 -14 0 10 -26 -8 -5 -16 -7 13 5 -12 10 -23 -4 16 7 15 -10 -16 13 -9 -2 -21 8 3 -8 -5 22 0 4
-8 26 15 21 18 9 13 -3 -10 22 4 5 -14 -9 2 3 -3 -11 -8 -13 1 3 -17 4 -6 5 16 18 5 -18 -3 -17 24 1 -14 0 10 -26 -8 -5 -16 -7 13 5 -12 10 -23 -4 16 7 15 -10 -16 13 -9 -2 -21 8 3 -8 -5 22 0 4
-8 26 15 21 18 9 13 -3 -10 22 4 5 -14 -9 2 3 -3 -11 -8 -13 1 3 -17 4 -6 5 16 18 5 -18 -3 -17 24 1 -14 0 10 -26 -8 -5 -16 -7 13 5 -12 10 -23 -4 16 7 15 -10 -16 13 -9 -2 -21 8 3 -8 -5 22 0 4
-8 26 15 21 18 9 13 -3 -10 22 4 5 -14 -9 2 3 -3 -11 -8 -13 1 3 -17 4 -6 5 16 18 5 -18 -3 -17 24 1 -14 0 10 -26 -8 -5 -16 -7 13 5 -12 10 -23 -4 16 7 15 -10 -16 13 -9 -2 -21 8 3 -8 -5 22 0 4
-8 26 15 21 18 9 13 -3 -10 22 4 5 -14 -9 2 3 -3 -11 -8 -13 1 3 -17 4 -6 5 16 18 5 -18 -3 -17 24 1 -14 0 10 -26 -8 -5 -16 -7 13 5 -12 10 -23 -4 16 7 15 -10 -16 13 -9 -2 -21 8 3 -8 -5 22 0 4
-8 26 15 21 18 9 13 -3 -10 22 4 5 -14 -9 2 3 -3 -11 -8 -13 1 3 -17 4 -6 5 16 18 5 -18 -3 -17 24 1 -14 0 10 -26 -8 -5 -16 -7 13 5 -12 10 -23 -4 16 7 15 -10 -16 13 -9 -2 -21 8 3 -8 -5 22 0 4
-8 26 15 21 18 9 13 -3 -10 22 4 5 -14 -9 2 3 -3 -11 -8 -13 1 3 -17 4 -6 5 16 18 5 -18 -3 -17 24 1 -14 0 10 -26 -8 -5 -16 -7 13 5 -12 10 -23 -4 16 7 15 -10 -16 13 -9 -2 -21 8 3 -8 -5 22 0 4
-8 26 15 21 18 9 13 -3 -10 22 4 5 -14 -9 2 3 -3 -11 -8 -13 1 3 -17 4 -6 5 16 18 5 -18 -3 -17 24 1 -14 0 10 -26 -8 -5 -16 -7 13 5 -12 10 -23 -4 16 7 15 -10 -16 13 -9 -2 -21 8 3 -8 -5 22 0 4
-8 26 15 21 18 9 13 -3 -10 22 4 5 -14 -9 2 3 -3 -11 -8 -13 1 3 -17 4 -6 5 16 18 5 -18 -3 -17 24 1 -14 0 10 -26 -8 -5 -16 -7 13 5 -12 10 -23 -4 16 7 15 -10 -16 13 -9 -2 -21 8 3 -8 -5 22 0 4
-8 26 15 21 18 9 13 -3 -10 22 4 5 -14 -9 2 3 -3 -11 -8 -13 1 3 -17 4 -6 5 16 18 5 -18 -3 -17 24 1 -14 0 10 -26 -8 -5 -16 -7 13 5 -12 10 -23 -4 16 7 15 -10 -16 13 -9 -2 -21 8 3 -8 -5 22 0 4
-8 26 15 21 18 9 13 -3 -10 22 4 5 -14 -9 2 3 -3 -11 -8 -13 1 3 -17 4 -6 5 16 18 5 -18 -3 -17 24 1 -14 0 10 -26 -8 -5 -16 -7 13 5 -12 10 -23 -4 16 7 15 -10 -16 13 -9 -2 -21 8 3 -8 -5 22 0 4
-8 26 15 21 18 9 13 -3 -10 22 4 5 -14 -9 2 3 -3 -11 -8 -13 1 3 -17 4 -6 5 16 18 5 -18 -3 -17 24 1 -14 0 10 -26 -8 -5 -16 -7 13 5 -12 10 -23 -4 16 7 15 -10 -16 13 -9 -2 -21 8 3 -8 -5 22 0 4
-8 26 15 21 18 9 13 -3 -10 22 4 5 -14 -9 2 3 -3 -11 -8 -13 1 3 -17 4 -6 5 16 18 5 -18 -3 -17 24 1 -14 0 10 -26 -8 -5 -16 -7 13 5 -12 10 -23 -4 16 7 15 -10 -16 13 -9 -2 -21 8 3 -8 -5 22 0 4
-8 26 15 21 18 9 13 -3 -10 22 4 5 -14 -9 2 3 -3 -11 -8 -13 1 3 -17 4 -6 5 16 18 5 -18 -3 -17 24 1 -14 0 10 -26 -8 -5 -16 -7 13 5 -12 10 -23 -4 16 7 15 -10 -16 13 -9 -2 -21 8 3 -8 -5 22 0 4
-8 26 15 21 18 9 13 -3 -10 22 4 5 -14 -9 2 3 -3 -11 -8 -13 1 3 -17 4 -6 5 16 18 5 -18 -3 -17 24 1 -14 0 10 -26 -8 -5 -16 -7 13 5 -12 10 -23 -4 16 7 15 -10 -16 13 -9 -2 -21 8 3 -8 -5 22 0 4
-8 26 15 21 18 9 13 -3 -10 22 4 5 -14 -9 2 3 -3 -11 -8 -13 1 3 -17 4 -6 5 16 18 5 -18 -3 -17 24 1 -14 0 10 -26 -8 -5 -16 -7 13 5 -12 10 -23 -4 16 7 15 -10 -16 13 -9 -2 -21 8 3 -8 -5 22 0 4
-8 26 15 21 18 9 13 -3 -10 22 4 5 -14 -9 2 3 -3 -11 -8 -13 1 3 -17 4 -6 5 16 18 5 -18 -3 -17 24 1 -14 0 10 -26 -8 -5 -16 -7 13 5 -12 10 -23 -4 16 7 15 -10 -16 13 -9 -2 -21 8 3 -8 -5 22 0 4
-8 26 15 21 18 9 13 -3 -10 22 4 5 -14 -9 2 3 -3 -11 -8 -13 1 3 -17 4 -6 5 16 18 5 -18 -3 -17 24 1 -14 0 10 -26 -8 -5 -16 -7 13 5 -12 10 -23 -4 16 7 15 -10 -16 13 -9 -2 -21 8 3 -8 -5 22 0 4
-8 26 15 21 18 9 13 -3 -10 22 4 5 -14 -9 2 3 -3 -11 -8 -13 1 3 -17 4 -6 5 16 18 5 -18 -3 -17 24 1 -14 0 10 -26 -8 -5 -16 -7 13 5 -12 10 -23 -4 16 7 15 -10 -16 13 -9 -2 -21 8 3 -8 -5 22 0 4
-8 26 15 21 18 9 13 -3 -10 22 4 5 -14 -9 2 3 -3 -11 -8 -13 1 3 -17 4 -6 5 16 18 5 -18 -3 -17 24 1 -14 0 10 -26 -8 -5 -16 -7 13 5 -12 10 -23 -4 16 7 15 -10 -16 13 -9 -2 -21 8 3 -8 -5 22 0 4
-8 26 15 21 18 9 13 -3 -10 22 4 5 -14 -9 2 3 -3 -11 -8 -13 1 3 -17 4 -6 5 16 18 5 -18 -3 -17 24 1 -14 0 10 -26 -8 -5 -16 -7 13 5 -12 10 -23 -4 16 7 15 -10 -16 13 -9 -2 -21 8 3 -8 -5 22 0 4
-8 26 15 21 18 9 13 -3 -10 22 4 5 -14 -9 2 3 -3 -11 -8 -13 1 3 -17 4 -6 5 16 18 5 -18 -3 -17 24 1 -14 0 10 -26 -8 -5 -16 -7 13 5 -12 10 -23 -4 16 7 15 -10 -16 13 -9 -2 -21 8 3 -8 -5 22 0 4
-8 26 15 21 18 9 13 -3 -10 22 4 5 -14 -9 2 3 -3 -11 -8 -13 1 3 -17 4 -6 5 16 18 5 -18 -3 -17 24 1 -14 0 10 -26 -8 -5 -16 -7 13 5 -12 10 -23 -4 16 7 15 -10 -16 13 -9 -2 -21 8 3 -8 -5 22 0 4
-8 26 15 21 18 9 13 -3 -10 22 4 5 -14 -9 2 3 -3 -11 -8 -13 1 3 -17 4 -6 5 16 18 5 -18 -3 -17 24 1 -14 0 10 -26 -8 -5 -16 -7 13 5 -12 10 -23 -4 16 7 15 -10 -16 13 -9 -2 -21 8 3 -8 -5 22 0 4
-8 26 15 21 18 9 13 -3 -10 22 4 5 -14 -9 2 3 -3 -11 -8 -13 1 3 -17 4 -6 5 16 18 5 -18 -3 -17 24 1 -14 0 10 -26 -8 -5 -16 -7 13 5 -12 10 -23 -4 16 7 15 -10 -16 13 -9 -2 -21 8 3 -8 -5 22 0 4
-8 26 15 21 18 9 13 -3 -10 22 4 5 -14 -9 2 3 -3 -11 -8 -13 1 3 -17 4 -6 5 16 18 5 -18 -3 -17 24 1 -14 0 10 -26 -8 -5 -16 -7 13 5 -12 10 -23 -4 16 7 15 -10 -16 13 -9 -2 -21 8 3 -8 -5 22 0 4
-8 26 15 21 18 9 13 -3 -10 22 4 5 -14 -9 2 3 -3 -11 -8 -13 1 3 -17 4 -6 5 16 18 5 -18 -3 -17 24 1 -14 0 10 -26 -8 -5 -16 -7 13 5 -12 10 -23 -4 16 7 15 -10 -16 13 -9 -2 -21 8 3 -8 -5 22 0 4
-8 26 15 21 18 9 13 -3 -10 22 4 5 -14 -9 2 3 -3 -11 -8 -13 1 3 -17 4 -6 5 16 18 5 -18 -3 -17 24 1 -14 0 10 -26 -8 -5 -16 -7 13 5 -12 10 -23 -4 16 7 15 -10 -16 13 -9 -2 -21 8 3 -8 -5 22 0 4
-8 26 15 21 18 9 13 -3 -10 22 4 5 -14 -9 2 3 -3 -11 -8 -13 1 3 -17 4 -6 5 16 18 5 -18 -3 -17 24 1 -14 0 10 -26 -8 -5 -16 -7 13 5 -12 10 -23 -4 16 7 15 -10 -16 13 -9 -2 -21 8 3 -8 -5 22 0 4
-8 26 15 21 18 9 13 -3 -10 22 4 5 -14 -9 2 3 -3 -11 -8 -13 1 3 -17 4 -6 5 16 18 5 -18 -3 -17 24 1 -14 0 10 -26 -8 -5 -16 -7 13 5 -12 10 -23 -4 16 7 15 -10 -16 13 -9 -2 -21 8 3 -8 -5 22 0 4
-8 26 15 21 18 9 13 -3 -10 22 4 5 -14 -9 2 3 -3 -11 -8 -13 1 3 -17 4 -6 5 16 18 5 -18 -3 -17 24 1 -14 0 10 -26 -8 -5 -16 -7 13 5 -12 10 -23 -4 16 7 15 -10 -16 13 -9 -2 -21 8 3 -8 -5 22 0 4
-8 26 15 21 18 9 13 -3 -10 22 4 5 -14 -9 2 3 -3 -11 -8 -13 1 3 -17 4 -6 5 16 18 5 -18 -3 -17 24 1 -14 0 10 -26 -8 -5 -16 -7 13 5 -12 10 -23 -4 16 7 15 -10 -16 13 -9 -2 -21 8 3 -8 -5 22 0 4
-8 26 15 21 18 9 13 -3 -10 22 4 5 -14 -9 2 3 -3 -11 -8 -13 1 3 -17 4 -6 5 16 18 5 -18 -3 -17 24 1 -14 0 10 -26 -8 -5 -16 -7 13 5 -12 10 -23 -4 16 7 15 -10 -16 13 -9 -2 -21 8 3 -8 -5 22 0 4
-8 26 15 21 18 9 13 -3 -10 22 4 5 -14 -9 2 3 -3 -11 -8 -13 1 3 -17 4 -6 5 16 18 5 -18 -3 -17 24 1 -14 0 10 -26 -8 -5 -16 -7 13 5 -12 10 -23 -4 16 7 15 -10 -16 13 -9 -2 -21 8 3 -8 -5 22 0 4
-8 26 15 21 18 9 13 -3 -10 22 4 5 -14 -9 2 3 -3 -11 -8 -13 1 3 -17 4 -6 5 16 18 5 -18 -3 -17 24 1 -14 0 10 -26 -8 -5 -16 -7 13 5 -12 10 -23 -4 16 7 15 -10 -16 13 -9 -2 -21 8 3 -8 -5 22 0 4
-8 26 15 21 18 9 13 -3 -10 22 4 5 -14 -9 2 3 -3 -11 -8 -13 1 3 -17 4 -6 5 16 18 5 -18 -3 -17 24 1 -14 0 10 -26 -8 -5 -16 -7 13 5 -12 10 -23 -4 16 7 15 -10 -16 13 -9 -2 -21 8 3 -8 -5 22 0 4
-8 26 15 21 18 9 13 -3 -10 22 4 5 -14 -9 2 3 -3 -11 -8 -13 1 3 -17 4 -6 5 16 18 5 -18 -3 -17 24 1 -14 0 10 -26 -8 -5 -16 -7 13 5 -12 10 -23 -4 16 7 15 -10 -16 13 -9 -2 -21 8 3 -8 -5 22 0 4
-8 26 15 21 18 9 13 -3 -10 22 4 5 -14 -9 2 3 -3 -11 -8 -13 1 3 -17 4 -6 5 16 18 5 -18 -3 -17 24 1 -14 0 10 -26 -8 -5 -16 -7 13 5 -12 10 -23 -4 16 7 15 -10 -16 13 -9 -2 -21 8 3 -8 -5 22 0 4
-8 26 15 21 18 9 13 -3 -10 22 4 5 -14 -9 2 3 -3 -11 -8 -13 1 3 -17 4 -6 5 16 18 5 -18 -3 -17 24 1 -14 0 10 -26 -8 -5 -16 -7 13 5 -12 10 -23 -4 16 7 15 -10 -16 13 -9 -2 -21 8 3 -8 -5 22 0 4
-8 26 15 21 18 9 13 -3 -10 22 4 5 -14 -9 2 3 -3 -11 -8 -13 1 3 -17 4 -6 5 16 18 5 -18 -3 -17 24 1 -14 0 10 -26 -8 -5 -16 -7 13 5 -12 10 -23 -4 16 7 15 -10 -16 13 -9 -2 -21 8 3 -8 -5 22 0 4
-8 26 15 21 18 9 13 -3 -10 22 4 5 -14 -9 2 3 -3 -11 -8 -13 1 3 -17 4 -6 5 16 18 5 -18 -3 -17 24 1 -14 0 10 -26 -8 -5 -16 -7 13 5 -12 10 -23 -4 16 7 15 -10 -16 13 -9 -2 -21 8 3 -8 -5 22 0 4
-8 26 15 21 18 9 13 -3 -10 22 4 5 -14 -9 2 3 -3 -11 -8 -13 1 3 -17 4 -6 5 16 18 5 -18 -3 -17 24 1 -14 0 10 -26 -8 -5 -16 -7 13 5 -12 10 -23 -4 16 7 15 -10 -16 13 -9 -2 -21 8 3 -8 -5 22 0 4
-8 26 15 21 18 9 13 -3 -10 22 4 5 -14 -9 2 3 -3 -11 -8 -13 1 3 -17 4 -6 5 16 18 5 -18 -3 -17 24 1 -14 0 10 -26 -8 -5 -16 -7 13 5 -12 10 -23 -4 16 7 15 -10 -16 13 -9 -2 -21 8 3 -8 -5 22 0 4
-8 26 15 21 18 9 13 -3 -10 22 4 5 -14 -9 2 3 -3 -11 -8 -13 1 3 -17 4 -6 5 16 18 5 -18 -3 -17 24 1 -14 0 10 -26 -8 -5 -16 -7 13 5 -12 10 -23 -4 16 7 15 -10 -16 13 -9 -2 -21 8 3 -8 -5 22 0 4
-8 26 15 21 18 9 13 -3 -10 22 4 5 -14 -9 2 3 -3 -11 -8 -13 1 3 -17 4 -6 5 16 18 5 -18 -3 -17 24 1 -14 0 10 -26 -8 -5 -16 -7 13 5 -12 10 -23 -4 16 7 15 -10 -16 13 -9 -2 -21 8 3 -8 -5 22 0 4
-8 26 15 21 18 9 13 -3 -10 22 4 5 -14 -9 2 3 -3 -11 -8 -13 1 3 -17 4 -6 5 16 18 5 -18 -3 -17 24 1 -14 0 10 -26 -8 -5 -16 -7 13 5 -12 10 -23 -4 16 7 15 -10 -16 13 -9 -2 -21 8 3 -8 -5 22 0 4
-8 26 15 21 18 9 13 -3 -10 22 4 5 -14 -9 2 3 -3 -11 -8 -13 1 3 -17 4 -6 5 16 18 5 -18 -3 -17 24 1 -14 0 10 -26 -8 -5 -16 -7 13 5 -12 10 -23 -4 16 7 15 -10 -16 13 -9 -2 -21 8 3 -8 -5 22 0 4
-8 26 15 21 18 9 13 -3 -10 22 4 5 -14 -9 2 3 -3 -11 -8 -13 1 3 -17 4 -6 5 16 18 5 -18 -3 -17 24 1 -14 0 10 -26 -8 -5 -16 -7 13 5 -12 10 -23 -4 16 7 15 -10 -16 13 -9 -2 -21 8 3 -8 -5 22 0 4
-8 26 15 21 18 9 13 -3 -10 22 4 5 -14 -9 2 3 -3 -11 -8 -13 1 3 -17 4 -6 5 16 18 5 -18 -3 -17 24 1 -14 0 10 -26 -8 -5 -16 -7 13 5 -12 10 -23 -4 16 7 15 -10 -16 13 -9 -2 -21 8 3 -8 -5 22 0 4
-8 26 15 21 18 9 13 -3 -10 22 4 5 -14 -9 2 3 -3 -11 -8 -13 1 3 -17 4 -6 5 16 18 5 -18 -3 -17 24 1 -14 0 10 -26 -8 -5 -16 -7 13 5 -12 10 -23 -4 16 7 15 -10 -16 13 -9 -2 -21 8 3 -8 -5 22 0 4
-8 26 15 21 18 9 13 -3 -10 22 4 5 -14 -9 2 3 -3 -11 -8 -13 1 3 -17 4 -6 5 16 18 5 -18 -3 -17 24 1 -14 0 10 -26 -8 -5 -16 -7 13 5 -12 10 -23 -4 16 7 15 -10 -16 13 -9 -2 -21 8 3 -8 -5 22 0 4
-8 26 15 21 18 9 13 -3 -10 22 4 5 -14 -9 2 3 -3 -11 -8 -13 1 3 -17 4 -6 5 16 18 5 -18 -3 -17 24 1 -14 0 10 -26 -8 -5 -16 -7 13 5 -12 10 -23 -4 16 7 15 -10 -16 13 -9 -2 -21 8 3 -8 -5 22 0 4
-8 26 15 21 18 9 13 -3 -10 22 4 5 -14 -9 2 3 -3 -11 -8 -13 1 3 -17 4 -6 5 16 18 5 -18 -3 -17 24 1 -14 0 10 -26 -8 -5 -16 -7 13 5 -12 10 -23 -4 16 7 15 -10 -16 13 -9 -2 -21 8 3 -8 -5 22 0 4
-8 26 15 21 18 9 13 -3 -10 22 4 5 -14 -9 2 3 -3 -11 -8 -13 1 3 -17 4 -6 5 16 18 5 -18 -3 -17 24 1 -14 0 10 -26 -8 -5 -16 -7 13 5 -12 10 -23 -4 16 7 15 -10 -16 13 -9 -2 -21 8 3 -8 -5 22 0 4
-8 26 15 21 18 9 13 -3 -10 22 4 5 -14 -9 2 3 -3 -11 -8 -13 1 3 -17 4 -6 5 16 18 5 -18 -3 -17 24 1 -14 0 10 -26 -8 -5 -16 -7 13 5 -12 10 -23 -4 16 7 15 -10 -16 13 -9 -2 -21 8 3 -8 -5 22 0 4
-8 26 15 21 18 9 13 -3 -10 22 4 5 -14 -9 2 3 -3 -11 -8 -13 1 3 -17 4 -6 5 16 18 5 -18 -3 -17 24 1 -14 0 10 -26 -8 -5 -16 -7 13 5 -12 10 -23 -4 16 7 15 -10 -16 13 -9 -2 -21 8 3 -8 -5 22 0 4
-8 26 15 21 18 9 13 -3 -10 22 4 5 -14 -9 2 3 -3 -11 -8 -13 1 3 -17 4 -6 5 16 18 5 -18 -3 -17 24 1 -14 0 10 -26 -8 -5 -16 -7 13 5 -12 10 -23 -4 16 7 15 -10 -16 13 -9 -2 -21 8 3 -8 -5 22 0 4
-8 26 15 21 18 9 13 -3 -10 22 4 5 -14 -9 2 3 -3 -11 -8 -13 1 3 -17 4 -6 5 16 18 5 -18 -3 -17 24 1 -14 0 10 -26 -8 -5 -16 -7 13 5 -12 10 -23 -4 16 7 15 -10 -16 13 -9 -2 -21 8 3 -8 -5 22 0 4
-8 26 15 21 18 9 13 -3 -10 22 4 5 -14 -9 2 3 -3 -11 -8 -13 1 3 -17 4 -6 5 16 18 5 -18 -3 -17 24 1 -14 0 10 -26 -8 -5 -16 -7 13 5 -12 10 -23 -4 16 7 15 -10 -16 13 -9 -2 -21 8 3 -8 -5 22 0 4
-8 26 15 21 18 9 13 -3 -10 22 4 5 -14 -9 2 3 -3 -11 -8 -13 1 3 -17 4 -6 5 16 18 5 -18 -3 -17 24 1 -14 0 10 -26 -8 -5 -16 -7 13 5 -12 10 -23 -4 16 7 15 -10 -16 13 -9 -2 -21 8 3 -8 -5 22 0 4
-8 26 15 21 18 9 13 -3 -10 22 4 5 -14 -9 2 3 -3 -11 -8 -13 1 3 -17 4 -6 5 16 18 5 -18 -3 -17 24 1 -14 0 10 -26 -8 -5 -16 -7 13 5 -12 10 -23 -4 16 7 15 -10 -16 13 -9 -2 -21 8 3 -8 -5 22 0 4
-8 26 15 21 18 9 13 -3 -10 22 4 5 -14 -9 2 3 -3 -11 -8 -13 1 3 -17 4 -6 5 16 18 5 -18 -3 -17 24 1 -14 0 10 -26 -8 -5 -16 -7 13 5 -12 10 -23 -4 16 7 15 -10 -16 13 -9 -2 -21 8 3 -8 -5 22 0 4
-8 26 15 21 18 9 13 -3 -10 22 4 5 -14 -9 2 3 -3 -11 -8 -13 1 3 -17 4 -6 5 16 18 5 -18 -3 -17 24 1 -14 0 10 -26 -8 -5 -16 -7 13 5 -12 10 -23 -4 16 7 15 -10 -16 13 -9 -2 -21 8 3 -8 -5 22 0 4
-8 26 15 21 18 9 13 -3 -10 22 4 5 -14 -9 2 3 -3 -11 -8 -13 1 3 -17 4 -6 5 16 18 5 -18 -3 -17 24 1 -14 0 10 -26 -8 -5 -16 -7 13 5 -12 10 -23 -4 16 7 15 -10 -16 13 -9 -2 -21 8 3 -8 -5 22 0 4
-8 26 15 21 18 9 13 -3 -10 22 4 5 -14 -9 2 3 -3 -11 -8 -13 1 3 -17 4 -6 5 16 18 5 -18 -3 -17 24 1 -14 0 10 -26 -8 -5 -16 -7 13 5 -12 10 -23 -4 16 7 15 -10 -16 13 -9 -2 -21 8 3 -8 -5 22 0 4
-8 26 15 21 18 9 13 -3 -10 22 4 5 -14 -9 2 3 -3 -11 -8 -13 1 3 -17 4 -6 5 16 18 5 -18 -3 -17 24 1 -14 0 10 -26 -8 -5 -16 -7 13 5 -12 10 -23 -4 16 7 15 -10 -16 13 -9 -2 -21 8 3 -8 -5 22 0 4
-8 26 15 21 18 9 13 -3 -10 22 4 5 -14 -9 2 3 -3 -11 -8 -13 1 3 -17 4 -6 5 16 18 5 -18 -3 -17 24 1 -14 0 10 -26 -8 -5 -16 -7 13 5 -12 10 -23 -4 16 7 15 -10 -16 13 -9 -2 -21 8 3 -8 -5 22 0 4
-8 26 15 21 18 9 13 -3 -10 22 4 5 -14 -9 2 3 -3 -11 -8 -13 1 3 -17 4 -6 5 16 18 5 -18 -3 -17 24 1 -14 0 10 -26 -8 -5 -16 -7 13 5 -12 10 -23 -4 16 7 15 -10 -16 13 -9 -2 -21 8 3 -8 -5 22 0 4
