2 3 10 3 -4 -8 1 4 -3 2 -9 -1 1 1 -1 8 5 4 6 -4 3 1 4 -6 0 1 -5 2 6 0 1 0 -6 3 -7 -5 -4 4 1 -7 10 0 -7 2 2 4 5 -6 7 6 -5 -6 4 -4 -4 2 6 1 2 5 -3 -1 0 -3
11 -6 3 10 -23 7 -9 -4 4 -10 21 -12 -19 -7 9 9 2 -2 -5 -12 -5 -1 -5 -14 0 -17 -2 -2 10 -11 -19 10 0 17 0 -1 -11 -13 -7 -10 0 6 -15 -2 10 10 11 2 -23 0 -4 15 13 -20 3 8 11 -21 -1 -5 9 -8 -6 -13
4 10 -4 27 -11 -1 -20 2 3 -4 9 -14 -14 -8 8 5 -10 -1 2 -25 1 -12 5 0 -4 -10 6 -8 -7 -4 -2 -1 11 16 4 9 -28 -33 16 -8 19 11 -7 0 21 9 18 19 -13 -25 0 26 5 4 1 -3 6 -11 -5 8 8 -8 3 -5
25 14 1 15 0 4 -9 5 28 17 27 2 9 -4 -3 7 -2 -15 4 -24 -4 -6 5 11 -32 -9 -1 -9 -14 -6 -11 12 0 12 2 -4 -22 0 19 -10 8 11 -6 -1 13 18 7 2 -9 -29 -10 26 2 18 3 -1 9 -11 4 14 16 -11 -7 14
11 3 -7 9 15 6 -3 3 33 17 12 4 3 -18 1 8 -4 -15 10 -21 3 0 -6 11 -25 -7 8 -5 2 -7 -2 1 -14 1 -1 -1 -17 -1 4 -2 5 -3 -8 3 14 20 2 0 -9 -10 -13 14 12 1 -1 -10 8 -9 -4 4 8 -3 8 -5
-1 8 -1 12 9 13 0 -5 35 26 19 -1 -3 -18 11 8 -2 -5 -2 -27 -7 0 0 0 -30 -9 5 -5 -14 -4 -9 11 -7 9 0 13 -14 -5 20 -4 1 0 -6 2 19 12 10 3 -3 -8 -16 23 6 8 8 -13 1 -3 -5 11 2 -17 6 6
7 11 1 19 -1 -6 -8 8 31 18 22 -14 7 -11 4 15 -1 -1 -4 -21 8 -9 6 1 -30 -19 8 -17 -3 -10 5 9 -2 -1 -7 5 -19 6 0 -1 26 -5 -11 4 33 11 4 19 -5 -23 -12 23 -4 4 11 -5 13 3 -1 15 12 -13 2 15
16 17 13 3 3 -6 0 11 36 21 34 5 11 0 3 6 -3 -7 2 -14 -5 -9 6 7 -45 -11 2 -19 0 5 -17 11 -5 9 -1 -3 -26 4 18 -1 13 1 -9 11 14 23 8 0 -14 -19 -6 14 -2 7 14 -3 21 -10 10 20 20 -9 -2 6
15 11 7 18 -8 -3 -30 0 23 5 13 -15 -2 -16 -5 0 3 -8 2 -24 -8 -1 18 5 -23 -9 -7 -12 -2 -12 1 2 11 1 16 -1 -13 -8 17 4 9 4 -13 14 1 17 10 17 11 -38 -12 -1 -2 20 -4 18 12 -12 9 2 5 -20 -19 19
1 11 -1 19 3 -8 -7 -3 4 9 -18 -21 -13 -34 -17 23 7 -16 -8 -21 -8 14 8 -4 -2 4 -3 -7 12 -1 -10 1 -20 -11 10 -1 -13 -3 17 -13 0 -5 -20 3 3 -3 2 18 7 -2 2 13 15 4 -1 15 7 -5 1 13 11 -5 9 -4
19 10 11 6 -13 3 -18 11 15 10 14 -23 -4 -17 -3 7 6 -6 8 -41 -8 4 25 13 -11 -21 -18 -21 -6 -4 -1 -12 2 5 14 -5 -11 -17 9 -6 5 7 -4 15 -6 11 4 25 4 -30 -13 8 -4 20 -5 16 10 -9 13 2 -8 -17 -10 24
6 3 -2 11 -3 1 1 -10 13 11 19 -27 -10 -7 -1 0 7 1 11 -34 1 -13 9 6 -27 -6 -10 -17 -9 -13 -17 -2 5 -7 7 -1 -17 -7 18 18 -9 3 -4 11 8 13 -4 1 6 -18 -15 15 3 7 -7 2 16 -4 8 18 11 -8 -2 10
7 9 -11 4 5 -2 -20 -3 20 0 16 -26 -10 -23 3 0 -6 -3 8 -26 6 -6 3 8 -29 -10 -5 -1 -3 -19 -18 2 1 0 7 -2 -20 -8 0 7 0 2 -7 13 8 4 13 0 0 -15 -11 13 6 -10 -9 5 6 -12 13 15 3 -17 6 6
-6 -3 -6 -6 3 2 -15 -6 26 -6 19 -24 -14 -28 1 6 -11 -11 16 -16 11 -3 -3 4 -26 -1 -7 -6 5 -27 -14 6 14 2 7 -1 -19 -18 -8 4 -6 -18 -18 24 15 9 26 -3 -6 -11 -19 1 14 -6 -12 11 8 -15 12 15 -4 -3 10 9
4 3 0 21 9 -3 -17 -6 7 1 -1 -29 -19 -26 0 0 7 -9 14 -23 -10 9 1 -6 -10 6 4 -2 -1 -12 -15 -3 -10 -9 10 3 -14 -2 -9 -2 -19 -13 -6 13 21 4 -3 6 -10 -8 -4 9 9 -1 -12 6 7 6 2 11 13 -17 7 -9
12 7 -12 5 -5 -1 -22 5 7 -8 3 -26 -3 -18 2 -3 0 -3 13 -16 -3 -4 3 19 -36 -8 0 1 -11 -15 -26 10 -1 -4 4 6 -12 -13 2 8 -8 0 -9 3 19 11 7 4 2 -22 -13 18 1 1 -1 6 -1 -5 5 8 14 -10 4 3
10 -1 0 12 -3 15 -9 7 26 10 6 -34 -8 -19 5 3 9 -2 18 -30 6 3 6 20 -42 -19 7 -3 -5 -17 -14 9 -5 2 4 11 -7 6 6 10 -4 -15 6 13 12 9 6 9 -4 -26 -5 11 -3 0 -5 -10 -6 -5 -2 -11 23 -6 7 -16
14 9 -3 19 0 0 -11 7 23 15 8 -22 -6 -11 -2 4 10 -4 18 -30 -1 -4 2 6 -39 -21 -5 4 -10 -19 -19 12 3 -8 0 6 -5 8 9 10 -1 -1 -5 16 12 9 7 3 0 -31 1 14 6 1 -14 -5 -4 -4 7 1 20 -9 7 -9
8 4 -3 3 -6 11 -10 4 23 14 9 -19 -4 -18 6 10 12 -8 14 -30 5 10 10 14 -27 -12 -3 2 -4 -17 -15 11 4 2 -1 5 -9 -9 3 11 1 -8 14 16 14 -1 3 -5 2 -26 -13 3 0 23 -9 -6 -3 13 1 3 17 2 7 0
1 5 -8 -5 1 0 -6 12 26 -1 16 -22 -9 -11 -17 15 8 8 12 -32 8 -3 5 17 -41 -1 16 -10 -4 -17 -13 7 7 -8 0 16 -9 1 -2 6 11 1 1 18 14 11 8 6 -10 -25 -10 13 -5 0 -2 -3 0 9 -1 -12 30 -11 13 -13
14 13 -4 2 -1 -8 -14 24 22 6 19 -24 -5 -15 7 0 8 9 14 -29 -5 -2 -5 26 -38 -20 8 -10 -14 -13 -12 6 5 -11 -4 3 -3 -1 14 2 -9 7 -5 10 26 12 -3 7 2 -21 -3 11 1 2 3 -1 6 12 10 6 15 -14 1 -7
-1 23 0 8 6 -10 -17 -5 -6 5 2 -15 -4 -21 -15 -5 4 0 14 -29 2 0 0 6 -1 -6 -8 -9 -14 -10 -18 17 1 -10 5 -2 -15 -1 9 8 6 -8 -3 8 8 21 7 5 -8 -2 -14 19 4 6 -3 -3 21 13 6 11 16 -6 -13 -14
1 1 1 0 1 -3 2 1 1 0 1 1 0 -28 -1 2 0 1 0 2 0 -1 0 0 5 -2 0 1 -1 -1 0 1 -1 0 -1 -2 -2 0 -1 0 1 1 0 -1 -1 0 1 -1 -1 0 0 -1 0 1 -1 1 1 0 0 2 1 0 -1 -3
14 11 -14 29 1 6 -33 1 26 10 7 -10 0 -12 -8 21 15 2 -12 -35 -25 -42 -4 -4 -13 -4 0 10 0 -28 -20 31 -11 -17 -9 25 -31 -15 2 -9 25 -10 -6 -2 12 -13 17 4 -2 -10 22 30 19 1 -19 -30 2 -42 27 -11 -12 -25 -11 12
-1 13 -6 39 -1 6 -24 9 31 -3 5 -23 -9 -9 -8 12 6 -4 -8 -22 -23 -21 4 -10 -33 11 8 -3 -7 -23 -21 30 -3 -16 -12 24 -35 -28 2 12 32 -17 -18 10 31 9 15 11 -9 -17 19 28 13 -5 -11 -5 -1 -26 20 -5 8 -22 -21 3
16 5 -5 26 -3 8 -18 -3 30 17 8 -7 8 -12 0 -3 4 -10 -9 -37 -12 -23 2 -1 -4 6 7 -8 0 -18 -7 10 5 -15 6 22 -29 3 6 1 3 4 -5 0 19 8 18 1 -1 -18 6 22 19 12 -10 -14 -5 -25 22 11 2 -19 -10 11
16 -6 -4 13 10 8 -16 -3 40 7 14 3 3 -23 10 0 -1 -5 -8 -23 -2 -12 -3 15 -20 -2 6 -1 8 -14 -11 5 -12 -5 13 16 -26 4 8 21 1 -5 3 -1 21 7 10 -6 -6 -17 6 17 11 -3 3 -12 2 -25 11 -12 6 -18 -11 -9
2 0 -1 13 14 2 11 -5 37 20 15 7 5 -16 13 9 3 -1 -1 -30 -15 -10 -5 10 -19 -6 1 1 -6 -15 -5 9 -2 4 2 18 -19 -2 15 6 -4 -8 -4 -3 8 9 20 -6 4 -1 -3 17 18 5 9 -12 19 -8 9 0 2 -18 -9 -2
21 8 -3 16 -4 -1 -5 2 31 7 18 6 -2 -19 2 2 2 4 -11 -20 1 -16 -5 7 -11 -16 4 -19 4 -5 -16 3 -4 -6 5 17 -33 6 16 2 16 -5 -3 -2 19 15 15 3 -9 -18 2 17 9 2 0 -11 21 -11 10 -1 3 -17 -16 4
9 1 9 3 3 -8 -4 0 43 6 16 13 4 -11 8 0 -2 -7 -2 -24 -8 -16 8 10 -23 -1 5 -15 -4 -11 -13 6 -4 2 9 6 -22 10 8 12 7 0 -12 5 9 20 9 -5 -1 -15 4 0 13 11 1 -15 6 -10 17 10 4 -18 -8 9
13 3 3 11 -14 6 -21 -2 22 7 13 -8 -10 -12 -7 -5 9 -2 4 -30 -15 -9 4 6 1 -15 -4 -11 -8 -23 -3 3 7 -6 13 3 -19 -4 11 7 9 11 -6 4 1 13 14 5 5 -19 -3 -1 4 12 -4 -7 11 -21 14 1 -13 -24 -20 9
-1 -5 4 11 -16 -3 -14 4 22 15 14 -10 -2 -24 -3 -3 3 2 7 -38 -17 -4 10 4 7 -17 -10 -19 -2 -24 2 -5 6 0 25 5 -12 -5 2 5 2 11 -5 4 -14 7 10 11 10 -21 -10 8 9 20 -8 -5 5 -20 22 -1 -21 -20 -27 24
1 0 -7 8 0 3 -13 -14 23 8 1 -9 -11 -13 -7 -4 8 11 16 -39 -8 -13 1 14 -23 -4 10 -15 -18 -24 -14 1 8 -8 16 0 -23 3 22 18 -3 7 -8 5 3 14 2 -2 19 -3 -8 18 8 8 -1 -11 13 -7 11 10 -2 -29 -11 9
7 -2 -13 11 7 -8 -24 -6 37 5 12 -19 -17 -37 12 -1 -2 -13 12 -23 -2 -19 3 1 -25 -11 15 -7 -8 -38 -8 15 0 -4 17 9 -16 2 1 13 2 -2 -15 10 19 7 -3 -13 8 -5 1 7 19 -4 -19 -12 3 -21 13 7 4 -28 2 7
5 -7 -10 9 2 13 -11 -1 24 13 11 -15 -10 -25 3 2 14 9 6 -27 -5 -10 6 27 -25 -10 9 5 -4 -39 -17 7 -9 1 12 10 -21 6 7 15 3 -7 -2 3 7 17 12 -7 -2 -14 -9 12 2 5 -13 -17 -9 -10 2 -9 -3 -14 4 -4
18 -4 -13 13 8 8 -21 -4 31 6 15 -4 -11 -20 -1 -6 12 -2 15 -27 -9 -26 -5 11 -23 -15 6 5 -9 -36 -12 2 -2 0 7 16 -17 4 7 12 5 6 -7 -1 16 9 15 -11 2 -14 -6 16 7 -6 -19 -15 5 -17 15 0 -1 -28 -1 -3
2 -7 -6 6 5 -1 -10 6 24 9 7 -13 -8 -25 11 -1 14 -2 4 -26 2 4 16 22 -18 -6 -2 -6 -6 -28 -14 5 1 -4 8 14 -14 -7 4 7 -3 -1 2 5 6 9 12 -15 3 -14 3 11 -4 25 -20 -10 1 8 7 -1 6 -6 6 8
1 -10 -4 -1 -1 -4 -10 10 21 6 16 -9 -7 -23 -6 0 15 1 5 -27 -2 -8 8 6 -22 1 14 4 -4 -19 -10 4 4 -9 11 13 -11 2 4 12 2 -1 1 12 7 12 14 -7 -7 -15 0 9 -1 -2 -6 -1 5 0 9 1 6 -16 9 -3
6 -4 -4 3 7 -12 -11 14 33 4 19 -13 -5 -19 3 -7 19 8 10 -27 -12 -6 -4 17 -33 -12 14 -10 -11 -28 -13 9 9 -5 5 11 -14 9 17 12 4 4 -10 0 15 17 -2 -9 -1 -9 0 10 4 3 -8 -14 2 -5 19 3 9 -30 -5 -6
12 15 3 19 8 -21 -4 -4 0 13 5 -14 -12 -33 -15 -10 2 -7 8 -29 4 -6 -3 6 -9 -15 -6 -9 -7 -20 -14 17 10 -8 2 7 -18 0 16 9 12 -15 -18 16 2 20 7 1 -5 -7 -6 10 2 9 -5 -2 9 -1 7 9 12 -3 -7 -3
1 1 0 0 2 -2 1 1 1 0 1 1 1 -28 0 3 1 1 1 1 -1 -2 1 0 5 -2 0 2 -1 -2 1 2 -1 -1 -1 -2 -2 1 -1 1 1 1 0 -1 0 -1 0 -1 -1 0 0 0 0 1 -1 1 1 0 -1 1 2 1 0 -3
16 9 -8 2 9 -12 -10 -3 12 6 5 -15 10 -5 -10 25 -15 1 5 -12 -4 -7 -3 2 -6 0 -3 -2 6 -30 -3 12 10 -8 -21 -3 -9 15 -4 -15 22 1 0 4 8 -1 12 1 7 -21 -10 12 22 18 6 -1 16 -4 11 -10 9 -11 -13 -8
16 9 -8 2 9 -12 -10 -3 12 6 5 -15 10 -5 -10 25 -15 1 5 -12 -4 -7 -3 2 -6 0 -3 -2 6 -30 -3 12 10 -8 -21 -3 -9 15 -4 -15 22 1 0 4 8 -1 12 1 7 -21 -10 12 22 18 6 -1 16 -4 11 -10 9 -11 -13 -8
16 9 -8 2 9 -12 -10 -3 12 6 5 -15 10 -5 -10 25 -15 1 5 -12 -4 -7 -3 2 -6 0 -3 -2 6 -30 -3 12 10 -8 -21 -3 -9 15 -4 -15 22 1 0 4 8 -1 12 1 7 -21 -10 12 22 18 6 -1 16 -4 11 -10 9 -11 -13 -8
16 9 -8 2 9 -12 -10 -3 12 6 5 -15 10 -5 -10 25 -15 1 5 -12 -4 -7 -3 2 -6 0 -3 -2 6 -30 -3 12 10 -8 -21 -3 -9 15 -4 -15 22 1 0 4 8 -1 12 1 7 -21 -10 12 22 18 6 -1 16 -4 11 -10 9 -11 -13 -8
16 9 -8 2 9 -12 -10 -3 12 6 5 -15 10 -5 -10 25 -15 1 5 -12 -4 -7 -3 2 -6 0 -3 -2 6 -30 -3 12 10 -8 -21 -3 -9 15 -4 -15 22 1 0 4 8 -1 12 1 7 -21 -10 12 22 18 6 -1 16 -4 11 -10 9 -11 -13 -8
16 9 -8 2 9 -12 -10 -3 12 6 5 -15 10 -5 -10 25 -15 1 5 -12 -4 -7 -3 2 -6 0 -3 -2 6 -30 -3 12 10 -8 -21 -3 -9 15 -4 -15 22 1 0 4 8 -1 12 1 7 -21 -10 12 22 18 6 -1 16 -4 11 -10 9 -11 -13 -8
16 9 -8 2 9 -12 -10 -3 12 6 5 -15 10 -5 -10 25 -15 1 5 -12 -4 -7 -3 2 -6 0 -3 -2 6 -30 -3 12 10 -8 -21 -3 -9 15 -4 -15 22 1 0 4 8 -1 12 1 7 -21 -10 12 22 18 6 -1 16 -4 11 -10 9 -11 -13 -8
16 9 -8 2 9 -12 -10 -3 12 6 5 -15 10 -5 -10 25 -15 1 5 -12 -4 -7 -3 2 -6 0 -3 -2 6 -30 -3 12 10 -8 -21 -3 -9 15 -4 -15 22 1 0 4 8 -1 12 1 7 -21 -10 12 22 18 6 -1 16 -4 11 -10 9 -11 -13 -8
16 9 -8 2 9 -12 -10 -3 12 6 5 -15 10 -5 -10 25 -15 1 5 -12 -4 -7 -3 2 -6 0 -3 -2 6 -30 -3 12 10 -8 -21 -3 -9 15 -4 -15 22 1 0 4 8 -1 12 1 7 -21 -10 12 22 18 6 -1 16 -4 11 -10 9 -11 -13 -8
16 9 -8 2 9 -12 -10 -3 12 6 5 -15 10 -5 -10 25 -15 1 5 -12 -4 -7 -3 2 -6 0 -3 -2 6 -30 -3 12 10 -8 -21 -3 -9 15 -4 -15 22 1 0 4 8 -1 12 1 7 -21 -10 12 22 18 6 -1 16 -4 11 -10 9 -11 -13 -8
16 9 -8 2 9 -12 -10 -3 12 6 5 -15 10 -5 -10 25 -15 1 5 -12 -4 -7 -3 2 -6 0 -3 -2 6 -30 -3 12 10 -8 -21 -3 -9 15 -4 -15 22 1 0 4 8 -1 12 1 7 -21 -10 12 22 18 6 -1 16 -4 11 -10 9 -11 -13 -8
16 9 -8 2 9 -12 -10 -3 12 6 5 -15 10 -5 -10 25 -15 1 5 -12 -4 -7 -3 2 -6 0 -3 -2 6 -30 -3 12 10 -8 -21 -3 -9 15 -4 -15 22 1 0 4 8 -1 12 1 7 -21 -10 12 22 18 6 -1 16 -4 11 -10 9 -11 -13 -8
16 9 -8 2 9 -12 -10 -3 12 6 5 -15 10 -5 -10 25 -15 1 5 -12 -4 -7 -3 2 -6 0 -3 -2 6 -30 -3 12 10 -8 -21 -3 -9 15 -4 -15 22 1 0 4 8 -1 12 1 7 -21 -10 12 22 18 6 -1 16 -4 11 -10 9 -11 -13 -8
16 9 -8 2 9 -12 -10 -3 12 6 5 -15 10 -5 -10 25 -15 1 5 -12 -4 -7 -3 2 -6 0 -3 -2 6 -30 -3 12 10 -8 -21 -3 -9 15 -4 -15 22 1 0 4 8 -1 12 1 7 -21 -10 12 22 18 6 -1 16 -4 11 -10 9 -11 -13 -8
16 9 -8 2 9 -12 -10 -3 12 6 5 -15 10 -5 -10 25 -15 1 5 -12 -4 -7 -3 2 -6 0 -3 -2 6 -30 -3 12 10 -8 -21 -3 -9 15 -4 -15 22 1 0 4 8 -1 12 1 7 -21 -10 12 22 18 6 -1 16 -4 11 -10 9 -11 -13 -8
16 9 -8 2 9 -12 -10 -3 12 6 5 -15 10 -5 -10 25 -15 1 5 -12 -4 -7 -3 2 -6 0 -3 -2 6 -30 -3 12 10 -8 -21 -3 -9 15 -4 -15 22 1 0 4 8 -1 12 1 7 -21 -10 12 22 18 6 -1 16 -4 11 -10 9 -11 -13 -8
16 9 -8 2 9 -12 -10 -3 12 6 5 -15 10 -5 -10 25 -15 1 5 -12 -4 -7 -3 2 -6 0 -3 -2 6 -30 -3 12 10 -8 -21 -3 -9 15 -4 -15 22 1 0 4 8 -1 12 1 7 -21 -10 12 22 18 6 -1 16 -4 11 -10 9 -11 -13 -8
16 9 -8 2 9 -12 -10 -3 12 6 5 -15 10 -5 -10 25 -15 1 5 -12 -4 -7 -3 2 -6 0 -3 -2 6 -30 -3 12 10 -8 -21 -3 -9 15 -4 -15 22 1 0 4 8 -1 12 1 7 -21 -10 12 22 18 6 -1 16 -4 11 -10 9 -11 -13 -8
16 9 -8 2 9 -12 -10 -3 12 6 5 -15 10 -5 -10 25 -15 1 5 -12 -4 -7 -3 2 -6 0 -3 -2 6 -30 -3 12 10 -8 -21 -3 -9 15 -4 -15 22 1 0 4 8 -1 12 1 7 -21 -10 12 22 18 6 -1 16 -4 11 -10 9 -11 -13 -8
16 9 -8 2 9 -12 -10 -3 12 6 5 -15 10 -5 -10 25 -15 1 5 -12 -4 -7 -3 2 -6 0 -3 -2 6 -30 -3 12 10 -8 -21 -3 -9 15 -4 -15 22 1 0 4 8 -1 12 1 7 -21 -10 12 22 18 6 -1 16 -4 11 -10 9 -11 -13 -8
16 9 -8 2 9 -12 -10 -3 12 6 5 -15 10 -5 -10 25 -15 1 5 -12 -4 -7 -3 2 -6 0 -3 -2 6 -30 -3 12 10 -8 -21 -3 -9 15 -4 -15 22 1 0 4 8 -1 12 1 7 -21 -10 12 22 18 6 -1 16 -4 11 -10 9 -11 -13 -8
16 9 -8 2 9 -12 -10 -3 12 6 5 -15 10 -5 -10 25 -15 1 5 -12 -4 -7 -3 2 -6 0 -3 -2 6 -30 -3 12 10 -8 -21 -3 -9 15 -4 -15 22 1 0 4 8 -1 12 1 7 -21 -10 12 22 18 6 -1 16 -4 11 -10 9 -11 -13 -8
16 9 -8 2 9 -12 -10 -3 12 6 5 -15 10 -5 -10 25 -15 1 5 -12 -4 -7 -3 2 -6 0 -3 -2 6 -30 -3 12 10 -8 -21 -3 -9 15 -4 -15 22 1 0 4 8 -1 12 1 7 -21 -10 12 22 18 6 -1 16 -4 11 -10 9 -11 -13 -8
16 9 -8 2 9 -12 -10 -3 12 6 5 -15 10 -5 -10 25 -15 1 5 -12 -4 -7 -3 2 -6 0 -3 -2 6 -30 -3 12 10 -8 -21 -3 -9 15 -4 -15 22 1 0 4 8 -1 12 1 7 -21 -10 12 22 18 6 -1 16 -4 11 -10 9 -11 -13 -8
16 9 -8 2 9 -12 -10 -3 12 6 5 -15 10 -5 -10 25 -15 1 5 -12 -4 -7 -3 2 -6 0 -3 -2 6 -30 -3 12 10 -8 -21 -3 -9 15 -4 -15 22 1 0 4 8 -1 12 1 7 -21 -10 12 22 18 6 -1 16 -4 11 -10 9 -11 -13 -8
16 9 -8 2 9 -12 -10 -3 12 6 5 -15 10 -5 -10 25 -15 1 5 -12 -4 -7 -3 2 -6 0 -3 -2 6 -30 -3 12 10 -8 -21 -3 -9 15 -4 -15 22 1 0 4 8 -1 12 1 7 -21 -10 12 22 18 6 -1 16 -4 11 -10 9 -11 -13 -8
16 9 -8 2 9 -12 -10 -3 12 6 5 -15 10 -5 -10 25 -15 1 5 -12 -4 -7 -3 2 -6 0 -3 -2 6 -30 -3 12 10 -8 -21 -3 -9 15 -4 -15 22 1 0 4 8 -1 12 1 7 -21 -10 12 22 18 6 -1 16 -4 11 -10 9 -11 -13 -8
16 9 -8 2 9 -12 -10 -3 12 6 5 -15 10 -5 -10 25 -15 1 5 -12 -4 -7 -3 2 -6 0 -3 -2 6 -30 -3 12 10 -8 -21 -3 -9 15 -4 -15 22 1 0 4 8 -1 12 1 7 -21 -10 12 22 18 6 -1 16 -4 11 -10 9 -11 -13 -8
16 9 -8 2 9 -12 -10 -3 12 6 5 -15 10 -5 -10 25 -15 1 5 -12 -4 -7 -3 2 -6 0 -3 -2 6 -30 -3 12 10 -8 -21 -3 -9 15 -4 -15 22 1 0 4 8 -1 12 1 7 -21 -10 12 22 18 6 -1 16 -4 11 -10 9 -11 -13 -8
16 9 -8 2 9 -12 -10 -3 12 6 5 -15 10 -5 -10 25 -15 1 5 -12 -4 -7 -3 2 -6 0 -3 -2 6 -30 -3 12 10 -8 -21 -3 -9 15 -4 -15 22 1 0 4 8 -1 12 1 7 -21 -10 12 22 18 6 -1 16 -4 11 -10 9 -11 -13 -8
16 9 -8 2 9 -12 -10 -3 12 6 5 -15 10 -5 -10 25 -15 1 5 -12 -4 -7 -3 2 -6 0 -3 -2 6 -30 -3 12 10 -8 -21 -3 -9 15 -4 -15 22 1 0 4 8 -1 12 1 7 -21 -10 12 22 18 6 -1 16 -4 11 -10 9 -11 -13 -8
16 9 -8 2 9 -12 -10 -3 12 6 5 -15 10 -5 -10 25 -15 1 5 -12 -4 -7 -3 2 -6 0 -3 -2 6 -30 -3 12 10 -8 -21 -3 -9 15 -4 -15 22 1 0 4 8 -1 12 1 7 -21 -10 12 22 18 6 -1 16 -4 11 -10 9 -11 -13 -8
16 9 -8 2 9 -12 -10 -3 12 6 5 -15 10 -5 -10 25 -15 1 5 -12 -4 -7 -3 2 -6 0 -3 -2 6 -30 -3 12 10 -8 -21 -3 -9 15 -4 -15 22 1 0 4 8 -1 12 1 7 -21 -10 12 22 18 6 -1 16 -4 11 -10 9 -11 -13 -8
16 9 -8 2 9 -12 -10 -3 12 6 5 -15 10 -5 -10 25 -15 1 5 -12 -4 -7 -3 2 -6 0 -3 -2 6 -30 -3 12 10 -8 -21 -3 -9 15 -4 -15 22 1 0 4 8 -1 12 1 7 -21 -10 12 22 18 6 -1 16 -4 11 -10 9 -11 -13 -8
16 9 -8 2 9 -12 -10 -3 12 6 5 -15 10 -5 -10 25 -15 1 5 -12 -4 -7 -3 2 -6 0 -3 -2 6 -30 -3 12 10 -8 -21 -3 -9 15 -4 -15 22 1 0 4 8 -1 12 1 7 -21 -10 12 22 18 6 -1 16 -4 11 -10 9 -11 -13 -8
16 9 -8 2 9 -12 -10 -3 12 6 5 -15 10 -5 -10 25 -15 1 5 -12 -4 -7 -3 2 -6 0 -3 -2 6 -30 -3 12 10 -8 -21 -3 -9 15 -4 -15 22 1 0 4 8 -1 12 1 7 -21 -10 12 22 18 6 -1 16 -4 11 -10 9 -11 -13 -8
16 9 -8 2 9 -12 -10 -3 12 6 5 -15 10 -5 -10 25 -15 1 5 -12 -4 -7 -3 2 -6 0 -3 -2 6 -30 -3 12 10 -8 -21 -3 -9 15 -4 -15 22 1 0 4 8 -1 12 1 7 -21 -10 12 22 18 6 -1 16 -4 11 -10 9 -11 -13 -8
16 9 -8 2 9 -12 -10 -3 12 6 5 -15 10 -5 -10 25 -15 1 5 -12 -4 -7 -3 2 -6 0 -3 -2 6 -30 -3 12 10 -8 -21 -3 -9 15 -4 -15 22 1 0 4 8 -1 12 1 7 -21 -10 12 22 18 6 -1 16 -4 11 -10 9 -11 -13 -8
16 9 -8 2 9 -12 -10 -3 12 6 5 -15 10 -5 -10 25 -15 1 5 -12 -4 -7 -3 2 -6 0 -3 -2 6 -30 -3 12 10 -8 -21 -3 -9 15 -4 -15 22 1 0 4 8 -1 12 1 7 -21 -10 12 22 18 6 -1 16 -4 11 -10 9 -11 -13 -8
16 9 -8 2 9 -12 -10 -3 12 6 5 -15 10 -5 -10 25 -15 1 5 -12 -4 -7 -3 2 -6 0 -3 -2 6 -30 -3 12 10 -8 -21 -3 -9 15 -4 -15 22 1 0 4 8 -1 12 1 7 -21 -10 12 22 18 6 -1 16 -4 11 -10 9 -11 -13 -8
16 9 -8 2 9 -12 -10 -3 12 6 5 -15 10 -5 -10 25 -15 1 5 -12 -4 -7 -3 2 -6 0 -3 -2 6 -30 -3 12 10 -8 -21 -3 -9 15 -4 -15 22 1 0 4 8 -1 12 1 7 -21 -10 12 22 18 6 -1 16 -4 11 -10 9 -11 -13 -8
16 9 -8 2 9 -12 -10 -3 12 6 5 -15 10 -5 -10 25 -15 1 5 -12 -4 -7 -3 2 -6 0 -3 -2 6 -30 -3 12 10 -8 -21 -3 -9 15 -4 -15 22 1 0 4 8 -1 12 1 7 -21 -10 12 22 18 6 -1 16 -4 11 -10 9 -11 -13 -8
16 9 -8 2 9 -12 -10 -3 12 6 5 -15 10 -5 -10 25 -15 1 5 -12 -4 -7 -3 2 -6 0 -3 -2 6 -30 -3 12 10 -8 -21 -3 -9 15 -4 -15 22 1 0 4 8 -1 12 1 7 -21 -10 12 22 18 6 -1 16 -4 11 -10 9 -11 -13 -8
16 9 -8 2 9 -12 -10 -3 12 6 5 -15 10 -5 -10 25 -15 1 5 -12 -4 -7 -3 2 -6 0 -3 -2 6 -30 -3 12 10 -8 -21 -3 -9 15 -4 -15 22 1 0 4 8 -1 12 1 7 -21 -10 12 22 18 6 -1 16 -4 11 -10 9 -11 -13 -8
16 9 -8 2 9 -12 -10 -3 12 6 5 -15 10 -5 -10 25 -15 1 5 -12 -4 -7 -3 2 -6 0 -3 -2 6 -30 -3 12 10 -8 -21 -3 -9 15 -4 -15 22 1 0 4 8 -1 12 1 7 -21 -10 12 22 18 6 -1 16 -4 11 -10 9 -11 -13 -8
16 9 -8 2 9 -12 -10 -3 12 6 5 -15 10 -5 -10 25 -15 1 5 -12 -4 -7 -3 2 -6 0 -3 -2 6 -30 -3 12 10 -8 -21 -3 -9 15 -4 -15 22 1 0 4 8 -1 12 1 7 -21 -10 12 22 18 6 -1 16 -4 11 -10 9 -11 -13 -8
16 9 -8 2 9 -12 -10 -3 12 6 5 -15 10 -5 -10 25 -15 1 5 -12 -4 -7 -3 2 -6 0 -3 -2 6 -30 -3 12 10 -8 -21 -3 -9 15 -4 -15 22 1 0 4 8 -1 12 1 7 -21 -10 12 22 18 6 -1 16 -4 11 -10 9 -11 -13 -8
16 9 -8 2 9 -12 -10 -3 12 6 5 -15 10 -5 -10 25 -15 1 5 -12 -4 -7 -3 2 -6 0 -3 -2 6 -30 -3 12 10 -8 -21 -3 -9 15 -4 -15 22 1 0 4 8 -1 12 1 7 -21 -10 12 22 18 6 -1 16 -4 11 -10 9 -11 -13 -8
16 9 -8 2 9 -12 -10 -3 12 6 5 -15 10 -5 -10 25 -15 1 5 -12 -4 -7 -3 2 -6 0 -3 -2 6 -30 -3 12 10 -8 -21 -3 -9 15 -4 -15 22 1 0 4 8 -1 12 1 7 -21 -10 12 22 18 6 -1 16 -4 11 -10 9 -11 -13 -8
16 9 -8 2 9 -12 -10 -3 12 6 5 -15 10 -5 -10 25 -15 1 5 -12 -4 -7 -3 2 -6 0 -3 -2 6 -30 -3 12 10 -8 -21 -3 -9 15 -4 -15 22 1 0 4 8 -1 12 1 7 -21 -10 12 22 18 6 -1 16 -4 11 -10 9 -11 -13 -8
16 9 -8 2 9 -12 -10 -3 12 6 5 -15 10 -5 -10 25 -15 1 5 -12 -4 -7 -3 2 -6 0 -3 -2 6 -30 -3 12 10 -8 -21 -3 -9 15 -4 -15 22 1 0 4 8 -1 12 1 7 -21 -10 12 22 18 6 -1 16 -4 11 -10 9 -11 -13 -8
16 9 -8 2 9 -12 -10 -3 12 6 5 -15 10 -5 -10 25 -15 1 5 -12 -4 -7 -3 2 -6 0 -3 -2 6 -30 -3 12 10 -8 -21 -3 -9 15 -4 -15 22 1 0 4 8 -1 12 1 7 -21 -10 12 22 18 6 -1 16 -4 11 -10 9 -11 -13 -8
16 9 -8 2 9 -12 -10 -3 12 6 5 -15 10 -5 -10 25 -15 1 5 -12 -4 -7 -3 2 -6 0 -3 -2 6 -30 -3 12 10 -8 -21 -3 -9 15 -4 -15 22 1 0 4 8 -1 12 1 7 -21 -10 12 22 18 6 -1 16 -4 11 -10 9 -11 -13 -8
16 9 -8 2 9 -12 -10 -3 12 6 5 -15 10 -5 -10 25 -15 1 5 -12 -4 -7 -3 2 -6 0 -3 -2 6 -30 -3 12 10 -8 -21 -3 -9 15 -4 -15 22 1 0 4 8 -1 12 1 7 -21 -10 12 22 18 6 -1 16 -4 11 -10 9 -11 -13 -8
16 9 -8 2 9 -12 -10 -3 12 6 5 -15 10 -5 -10 25 -15 1 5 -12 -4 -7 -3 2 -6 0 -3 -2 6 -30 -3 12 10 -8 -21 -3 -9 15 -4 -15 22 1 0 4 8 -1 12 1 7 -21 -10 12 22 18 6 -1 16 -4 11 -10 9 -11 -13 -8
16 9 -8 2 9 -12 -10 -3 12 6 5 -15 10 -5 -10 25 -15 1 5 -12 -4 -7 -3 2 -6 0 -3 -2 6 -30 -3 12 10 -8 -21 -3 -9 15 -4 -15 22 1 0 4 8 -1 12 1 7 -21 -10 12 22 18 6 -1 16 -4 11 -10 9 -11 -13 -8
16 9 -8 2 9 -12 -10 -3 12 6 5 -15 10 -5 -10 25 -15 1 5 -12 -4 -7 -3 2 -6 0 -3 -2 6 -30 -3 12 10 -8 -21 -3 -9 15 -4 -15 22 1 0 4 8 -1 12 1 7 -21 -10 12 22 18 6 -1 16 -4 11 -10 9 -11 -13 -8
16 9 -8 2 9 -12 -10 -3 12 6 5 -15 10 -5 -10 25 -15 1 5 -12 -4 -7 -3 2 -6 0 -3 -2 6 -30 -3 12 10 -8 -21 -3 -9 15 -4 -15 22 1 0 4 8 -1 12 1 7 -21 -10 12 22 18 6 -1 16 -4 11 -10 9 -11 -13 -8
16 9 -8 2 9 -12 -10 -3 12 6 5 -15 10 -5 -10 25 -15 1 5 -12 -4 -7 -3 2 -6 0 -3 -2 6 -30 -3 12 10 -8 -21 -3 -9 15 -4 -15 22 1 0 4 8 -1 12 1 7 -21 -10 12 22 18 6 -1 16 -4 11 -10 9 -11 -13 -8
16 9 -8 2 9 -12 -10 -3 12 6 5 -15 10 -5 -10 25 -15 1 5 -12 -4 -7 -3 2 -6 0 -3 -2 6 -30 -3 12 10 -8 -21 -3 -9 15 -4 -15 22 1 0 4 8 -1 12 1 7 -21 -10 12 22 18 6 -1 16 -4 11 -10 9 -11 -13 -8
16 9 -8 2 9 -12 -10 -3 12 6 5 -15 10 -5 -10 25 -15 1 5 -12 -4 -7 -3 2 -6 0 -3 -2 6 -30 -3 12 10 -8 -21 -3 -9 15 -4 -15 22 1 0 4 8 -1 12 1 7 -21 -10 12 22 18 6 -1 16 -4 11 -10 9 -11 -13 -8
16 9 -8 2 9 -12 -10 -3 12 6 5 -15 10 -5 -10 25 -15 1 5 -12 -4 -7 -3 2 -6 0 -3 -2 6 -30 -3 12 10 -8 -21 -3 -9 15 -4 -15 22 1 0 4 8 -1 12 1 7 -21 -10 12 22 18 6 -1 16 -4 11 -10 9 -11 -13 -8
16 9 -8 2 9 -12 -10 -3 12 6 5 -15 10 -5 -10 25 -15 1 5 -12 -4 -7 -3 2 -6 0 -3 -2 6 -30 -3 12 10 -8 -21 -3 -9 15 -4 -15 22 1 0 4 8 -1 12 1 7 -21 -10 12 22 18 6 -1 16 -4 11 -10 9 -11 -13 -8
16 9 -8 2 9 -12 -10 -3 12 6 5 -15 10 -5 -10 25 -15 1 5 -12 -4 -7 -3 2 -6 0 -3 -2 6 -30 -3 12 10 -8 -21 -3 -9 15 -4 -15 22 1 0 4 8 -1 12 1 7 -21 -10 12 22 18 6 -1 16 -4 11 -10 9 -11 -13 -8
16 9 -8 2 9 -12 -10 -3 12 6 5 -15 10 -5 -10 25 -15 1 5 -12 -4 -7 -3 2 -6 0 -3 -2 6 -30 -3 12 10 -8 -21 -3 -9 15 -4 -15 22 1 0 4 8 -1 12 1 7 -21 -10 12 22 18 6 -1 16 -4 11 -10 9 -11 -13 -8
16 9 -8 2 9 -12 -10 -3 12 6 5 -15 10 -5 -10 25 -15 1 5 -12 -4 -7 -3 2 -6 0 -3 -2 6 -30 -3 12 10 -8 -21 -3 -9 15 -4 -15 22 1 0 4 8 -1 12 1 7 -21 -10 12 22 18 6 -1 16 -4 11 -10 9 -11 -13 -8
16 9 -8 2 9 -12 -10 -3 12 6 5 -15 10 -5 -10 25 -15 1 5 -12 -4 -7 -3 2 -6 0 -3 -2 6 -30 -3 12 10 -8 -21 -3 -9 15 -4 -15 22 1 0 4 8 -1 12 1 7 -21 -10 12 22 18 6 -1 16 -4 11 -10 9 -11 -13 -8
16 9 -8 2 9 -12 -10 -3 12 6 5 -15 10 -5 -10 25 -15 1 5 -12 -4 -7 -3 2 -6 0 -3 -2 6 -30 -3 12 10 -8 -21 -3 -9 15 -4 -15 22 1 0 4 8 -1 12 1 7 -21 -10 12 22 18 6 -1 16 -4 11 -10 9 -11 -13 -8
16 9 -8 2 9 -12 -10 -3 12 6 5 -15 10 -5 -10 25 -15 1 5 -12 -4 -7 -3 2 -6 0 -3 -2 6 -30 -3 12 10 -8 -21 -3 -9 15 -4 -15 22 1 0 4 8 -1 12 1 7 -21 -10 12 22 18 6 -1 16 -4 11 -10 9 -11 -13 -8
16 9 -8 2 9 -12 -10 -3 12 6 5 -15 10 -5 -10 25 -15 1 5 -12 -4 -7 -3 2 -6 0 -3 -2 6 -30 -3 12 10 -8 -21 -3 -9 15 -4 -15 22 1 0 4 8 -1 12 1 7 -21 -10 12 22 18 6 -1 16 -4 11 -10 9 -11 -13 -8
16 9 -8 2 9 -12 -10 -3 12 6 5 -15 10 -5 -10 25 -15 1 5 -12 -4 -7 -3 2 -6 0 -3 -2 6 -30 -3 12 10 -8 -21 -3 -9 15 -4 -15 22 1 0 4 8 -1 12 1 7 -21 -10 12 22 18 6 -1 16 -4 11 -10 9 -11 -13 -8
16 9 -8 2 9 -12 -10 -3 12 6 5 -15 10 -5 -10 25 -15 1 5 -12 -4 -7 -3 2 -6 0 -3 -2 6 -30 -3 12 10 -8 -21 -3 -9 15 -4 -15 22 1 0 4 8 -1 12 1 7 -21 -10 12 22 18 6 -1 16 -4 11 -10 9 -11 -13 -8
16 9 -8 2 9 -12 -10 -3 12 6 5 -15 10 -5 -10 25 -15 1 5 -12 -4 -7 -3 2 -6 0 -3 -2 6 -30 -3 12 10 -8 -21 -3 -9 15 -4 -15 22 1 0 4 8 -1 12 1 7 -21 -10 12 22 18 6 -1 16 -4 11 -10 9 -11 -13 -8
16 9 -8 2 9 -12 -10 -3 12 6 5 -15 10 -5 -10 25 -15 1 5 -12 -4 -7 -3 2 -6 0 -3 -2 6 -30 -3 12 10 -8 -21 -3 -9 15 -4 -15 22 1 0 4 8 -1 12 1 7 -21 -10 12 22 18 6 -1 16 -4 11 -10 9 -11 -13 -8
16 9 -8 2 9 -12 -10 -3 12 6 5 -15 10 -5 -10 25 -15 1 5 -12 -4 -7 -3 2 -6 0 -3 -2 6 -30 -3 12 10 -8 -21 -3 -9 15 -4 -15 22 1 0 4 8 -1 12 1 7 -21 -10 12 22 18 6 -1 16 -4 11 -10 9 -11 -13 -8
16 9 -8 2 9 -12 -10 -3 12 6 5 -15 10 -5 -10 25 -15 1 5 -12 -4 -7 -3 2 -6 0 -3 -2 6 -30 -3 12 10 -8 -21 -3 -9 15 -4 -15 22 1 0 4 8 -1 12 1 7 -21 -10 12 22 18 6 -1 16 -4 11 -10 9 -11 -13 -8
16 9 -8 2 9 -12 -10 -3 12 6 5 -15 10 -5 -10 25 -15 1 5 -12 -4 -7 -3 2 -6 0 -3 -2 6 -30 -3 12 10 -8 -21 -3 -9 15 -4 -15 22 1 0 4 8 -1 12 1 7 -21 -10 12 22 18 6 -1 16 -4 11 -10 9 -11 -13 -8
16 9 -8 2 9 -12 -10 -3 12 6 5 -15 10 -5 -10 25 -15 1 5 -12 -4 -7 -3 2 -6 0 -3 -2 6 -30 -3 12 10 -8 -21 -3 -9 15 -4 -15 22 1 0 4 8 -1 12 1 7 -21 -10 12 22 18 6 -1 16 -4 11 -10 9 -11 -13 -8
16 9 -8 2 9 -12 -10 -3 12 6 5 -15 10 -5 -10 25 -15 1 5 -12 -4 -7 -3 2 -6 0 -3 -2 6 -30 -3 12 10 -8 -21 -3 -9 15 -4 -15 22 1 0 4 8 -1 12 1 7 -21 -10 12 22 18 6 -1 16 -4 11 -10 9 -11 -13 -8
16 9 -8 2 9 -12 -10 -3 12 6 5 -15 10 -5 -10 25 -15 1 5 -12 -4 -7 -3 2 -6 0 -3 -2 6 -30 -3 12 10 -8 -21 -3 -9 15 -4 -15 22 1 0 4 8 -1 12 1 7 -21 -10 12 22 18 6 -1 16 -4 11 -10 9 -11 -13 -8
16 9 -8 2 9 -12 -10 -3 12 6 5 -15 10 -5 -10 25 -15 1 5 -12 -4 -7 -3 2 -6 0 -3 -2 6 -30 -3 12 10 -8 -21 -3 -9 15 -4 -15 22 1 0 4 8 -1 12 1 7 -21 -10 12 22 18 6 -1 16 -4 11 -10 9 -11 -13 -8
16 9 -8 2 9 -12 -10 -3 12 6 5 -15 10 -5 -10 25 -15 1 5 -12 -4 -7 -3 2 -6 0 -3 -2 6 -30 -3 12 10 -8 -21 -3 -9 15 -4 -15 22 1 0 4 8 -1 12 1 7 -21 -10 12 22 18 6 -1 16 -4 11 -10 9 -11 -13 -8
16 9 -8 2 9 -12 -10 -3 12 6 5 -15 10 -5 -10 25 -15 1 5 -12 -4 -7 -3 2 -6 0 -3 -2 6 -30 -3 12 10 -8 -21 -3 -9 15 -4 -15 22 1 0 4 8 -1 12 1 7 -21 -10 12 22 18 6 -1 16 -4 11 -10 9 -11 -13 -8
16 9 -8 2 9 -12 -10 -3 12 6 5 -15 10 -5 -10 25 -15 1 5 -12 -4 -7 -3 2 -6 0 -3 -2 6 -30 -3 12 10 -8 -21 -3 -9 15 -4 -15 22 1 0 4 8 -1 12 1 7 -21 -10 12 22 18 6 -1 16 -4 11 -10 9 -11 -13 -8
16 9 -8 2 9 -12 -10 -3 12 6 5 -15 10 -5 -10 25 -15 1 5 -12 -4 -7 -3 2 -6 0 -3 -2 6 -30 -3 12 10 -8 -21 -3 -9 15 -4 -15 22 1 0 4 8 -1 12 1 7 -21 -10 12 22 18 6 -1 16 -4 11 -10 9 -11 -13 -8
16 9 -8 2 9 -12 -10 -3 12 6 5 -15 10 -5 -10 25 -15 1 5 -12 -4 -7 -3 2 -6 0 -3 -2 6 -30 -3 12 10 -8 -21 -3 -9 15 -4 -15 22 1 0 4 8 -1 12 1 7 -21 -10 12 22 18 6 -1 16 -4 11 -10 9 -11 -13 -8
16 9 -8 2 9 -12 -10 -3 12 6 5 -15 10 -5 -10 25 -15 1 5 -12 -4 -7 -3 2 -6 0 -3 -2 6 -30 -3 12 10 -8 -21 -3 -9 15 -4 -15 22 1 0 4 8 -1 12 1 7 -21 -10 12 22 18 6 -1 16 -4 11 -10 9 -11 -13 -8
