11 -4 15 -1 1 13 1 -7 -8 13 -4 -7 4 9 7 -4 -3 9 3 16 -13 -4 -1 11 13 8 4 3 4 -6 -10 -3 -4 9 -2 -7 8 1 2 12 13 12 3 -4 1 5 -6 0 -6 1 5 4 -14 -3 -7 1 2 -10 -3 0 0 -6 -1 3
-14 -2 -10 0 1 7 12 4 -4 1 29 -22 -5 -9 -8 -10 22 9 29 4 16 -1 -6 4 -1 -7 3 6 17 -16 2 7 13 26 -12 4 4 10 -1 3 1 4 11 8 -12 4 7 -9 17 -2 21 16 -10 8 -22 -5 -8 -15 -6 -7 10 7 -12 -8
-10 14 10 -5 2 5 -1 0 -13 0 0 -5 -2 2 -8 -17 5 4 7 -9 17 -4 1 6 1 8 2 5 19 -25 -7 -13 -2 5 4 3 6 16 -10 1 3 6 10 8 -1 6 0 -15 14 2 13 17 -24 20 -11 -10 -3 -18 -7 5 17 -6 -14 8
-2 -3 21 3 7 11 -4 -9 8 4 9 -5 -13 -3 4 4 0 16 5 -18 19 -5 -4 5 1 6 3 0 8 -13 13 4 -5 7 -15 9 -8 8 6 4 -6 -5 7 7 -3 3 4 -8 16 17 6 10 -15 18 -18 -6 3 -4 -11 1 10 0 -10 0
5 9 7 4 0 0 -5 10 -4 -3 19 -12 9 -7 -6 22 -4 3 -18 26 -6 -13 -26 2 2 -10 -8 -4 -9 -12 26 -1 14 19 -12 6 -5 23 0 0 22 10 18 15 7 -7 22 -20 -13 2 -13 31 -14 0 14 -7 0 -19 1 -7 -11 -6 -2 0
8 6 3 9 -2 -13 -10 -4 -1 -17 -4 12 -23 -5 -11 14 -26 14 -1 37 -13 -25 -4 0 0 -2 0 12 -7 0 24 -11 6 19 7 -1 -4 -6 -6 14 -5 3 8 6 -3 11 -3 2 3 15 -20 21 1 13 -4 1 -12 -13 13 -8 -3 -3 11 12
-5 15 17 -6 2 18 12 -2 -17 -14 -20 15 6 -14 8 -10 -4 13 4 24 -5 -25 -10 2 5 -7 -1 -3 -6 2 16 -9 8 21 -1 33 10 7 -3 3 11 4 11 9 -12 -3 4 -6 5 5 2 2 -3 -3 -1 -21 -7 -7 4 7 -5 5 -21 -9
19 26 2 -15 -9 5 -17 0 -7 -18 6 4 -2 -21 3 4 -8 17 17 26 -6 0 9 -1 9 -17 -1 16 8 0 14 1 8 20 8 8 3 6 -6 -9 -7 8 13 6 -7 -5 0 5 4 2 16 12 7 18 4 -7 -8 -17 18 5 0 7 -5 8
11 3 23 -2 3 8 -9 -9 4 -6 -10 -9 -9 -9 30 -19 -1 5 15 4 5 -11 -15 14 7 3 11 16 27 -4 -5 -8 -3 13 -8 -6 8 19 -4 8 6 12 2 -1 10 -4 -4 8 -11 -1 1 1 -2 18 4 1 3 -16 3 6 11 -8 3 -5
5 -1 12 9 16 9 10 3 -14 2 10 -27 -11 5 14 -19 -10 23 -5 4 18 19 -2 3 7 -1 8 17 16 -7 -15 -3 -11 11 12 16 6 8 0 -23 -10 -10 0 -10 11 9 -4 6 -12 -4 -3 -1 -10 4 -8 5 0 -10 1 19 27 10 1 -1
10 6 1 -12 9 16 -1 -12 -16 6 4 -25 7 -7 -11 -12 -8 7 -15 2 13 -23 -5 25 5 6 7 1 21 -19 -8 -7 -15 24 -7 -8 27 26 2 12 27 15 16 -5 13 -6 7 -19 0 -3 4 4 -12 8 -5 -7 10 -21 2 7 8 1 -1 12
13 10 18 -10 -12 26 -27 -9 8 -8 -12 -14 -14 -12 26 -9 -10 17 0 7 -25 -11 -13 18 12 12 9 0 19 3 -6 4 -8 3 4 -10 -12 12 -2 5 0 9 11 8 9 -1 -3 -3 -6 21 8 15 14 15 -6 -14 1 -4 -9 -8 27 -20 -3 3
0 -3 26 1 6 14 -1 -5 8 4 6 -7 -19 -5 13 -4 2 10 2 -18 11 -7 -4 10 0 7 2 3 7 -12 7 2 -5 7 -8 6 -7 7 4 4 -7 -1 15 4 3 -3 7 -7 8 14 9 0 -11 16 -8 -5 -1 -3 -7 -7 13 -2 -4 -3
9 22 -3 5 -10 6 -22 1 -29 -29 0 -3 -12 -12 7 -1 -17 7 19 28 6 9 22 5 5 -9 -14 11 2 17 6 12 2 14 1 -11 -8 5 -17 -5 1 -1 7 4 -17 0 0 -1 -13 3 1 19 -5 19 4 -5 -15 -16 5 -21 12 -11 -13 4
1 3 13 14 19 17 -5 -1 -7 15 3 -24 -9 2 9 -20 -7 20 -6 15 21 20 -9 -1 4 1 11 16 16 -9 -14 -12 -16 6 16 20 5 8 5 -26 -7 -2 -3 -6 6 5 -4 5 -16 11 -3 -1 -7 14 -6 -2 0 -11 -2 14 25 12 4 -4
22 28 -2 -13 -12 17 -11 9 -23 0 -12 -7 -7 0 16 1 -15 5 -17 -2 9 -20 -1 25 2 12 -1 6 14 -9 -5 -16 -1 28 -17 5 -5 20 -10 10 15 7 25 5 6 -2 -9 -5 -3 13 8 -6 -11 3 -10 -8 5 -17 5 16 -10 -1 -17 4
2 15 30 2 -9 7 -20 -9 -17 -4 3 -23 -1 2 25 -12 -6 18 -27 16 -7 9 -9 15 -1 -2 3 9 21 -1 -4 -1 3 29 2 7 3 4 13 15 11 -4 10 -2 1 5 1 -7 -15 -3 15 4 7 3 5 -14 -8 -14 -14 13 -6 7 14 32
20 4 10 -4 -1 11 -7 5 -9 12 0 -11 -9 12 9 5 -6 11 -11 -2 12 0 -9 20 0 -9 9 12 5 -1 -16 -4 -14 19 -16 6 6 9 -2 2 8 10 13 -2 17 -10 -6 -2 -24 15 -3 -1 -8 7 -7 10 5 -26 0 10 5 -13 -5 17
0 -8 17 1 -4 4 -13 -3 -19 6 2 -5 -12 3 8 4 -2 0 -16 4 -16 -7 0 16 3 -11 17 9 14 -12 -3 -2 -8 30 -17 1 -4 11 23 2 7 10 12 7 -10 -13 -6 -13 -5 4 15 14 13 15 -5 -6 -6 -6 -19 -12 9 -5 10 24
8 22 14 -1 0 21 -16 12 -8 -14 -12 1 -6 -5 17 9 1 7 4 30 1 -14 -2 12 12 -30 -2 -10 15 -1 -2 -21 4 34 3 2 -10 26 -5 -26 15 4 9 13 5 -7 -8 1 -7 -1 5 10 15 12 -1 -7 -13 -12 -15 3 -14 -3 3 1
0 -1 13 3 -5 8 -22 9 -14 0 -6 -4 -14 -6 19 -2 -1 13 6 24 -5 -9 -3 18 -14 -26 23 4 8 -4 0 -16 -3 18 0 -9 9 16 12 20 -12 3 12 4 -13 -22 -6 -3 -4 -6 5 14 3 9 -13 -9 -4 -18 -7 -5 -5 4 -2 14
-11 15 11 15 15 20 4 -1 -1 10 -12 -18 -7 11 15 -17 -5 14 5 1 -2 -1 15 20 -5 7 20 17 16 -23 -4 -6 -11 1 7 -4 -12 8 5 11 22 0 11 -8 15 14 2 11 -6 16 0 4 -4 -2 -8 -7 5 -7 -1 13 9 -3 -11 6
-6 4 4 4 20 8 2 11 -4 -2 -6 -15 2 3 0 -8 -1 8 -4 4 -3 5 18 6 12 3 -11 9 3 -11 16 4 0 -2 2 8 -3 17 6 -7 6 6 8 2 11 -3 3 5 -3 6 7 2 -24 5 -17 16 8 -22 6 0 7 -12 -4 -9
-2 3 10 7 19 15 5 14 -7 7 0 -13 -5 -1 10 2 -4 15 -14 4 6 11 10 6 6 6 -6 15 3 -10 16 9 -12 -6 -1 13 -3 24 2 -9 8 20 -4 -15 -7 -1 -1 3 -10 5 9 4 -18 12 -24 15 0 -27 17 -3 11 -12 1 -9
1 9 11 -2 15 7 3 -3 -8 2 8 -25 -6 1 12 -4 4 13 13 -1 10 13 13 3 5 11 7 10 22 -3 -1 -6 -6 12 11 6 6 1 -9 -9 14 8 11 -1 -4 -15 -6 -12 -4 10 12 10 -12 6 -11 1 4 -22 3 1 4 10 -9 4
1 6 10 3 2 14 -10 -1 6 -3 1 -12 -17 -6 -2 2 3 19 -6 -25 13 3 -2 1 0 -3 5 5 16 -17 19 4 -7 3 -9 20 -7 10 8 -5 3 -1 2 1 -5 -13 0 3 5 17 -2 13 -19 19 -13 -1 -1 -8 -13 9 8 5 -7 1
5 10 5 2 -3 -1 -5 7 -5 -3 12 -13 6 -5 -8 24 -4 8 -22 27 -6 -11 -25 -2 1 -9 -6 -3 -5 -12 21 1 17 19 -7 10 -7 19 -2 -2 21 9 14 11 8 -14 20 -19 -7 -2 -10 30 -18 -1 14 -3 3 -16 0 -5 -14 -7 4 -4
9 8 1 9 -1 -9 -14 -4 -4 -20 -12 9 -25 -4 -11 18 -22 17 -5 36 -16 -25 -1 -2 -6 -3 2 12 -6 3 18 -13 7 15 12 1 -3 -13 -4 12 -4 2 7 7 0 6 -8 1 6 19 -20 19 -6 13 -2 3 -14 -12 15 -5 -5 0 15 11
0 16 16 -7 1 19 10 -8 -22 -13 -24 8 11 -13 9 -6 -2 12 6 24 -8 -21 -12 0 1 -5 1 -1 0 -3 9 -7 11 18 -5 35 7 1 -10 6 16 4 8 5 -10 -13 9 -5 3 10 6 -4 -7 0 4 -15 -6 -6 1 8 -10 7 -17 -4
25 23 4 -17 -7 5 -21 -2 -14 -14 0 -2 0 -19 8 10 -7 13 17 30 -8 2 12 -4 6 -19 -4 16 7 6 13 4 10 19 11 6 -1 6 -8 -13 -2 5 9 5 -5 -14 -1 1 4 3 20 13 1 21 8 -4 -2 -16 18 5 -3 6 -4 8
17 12 21 1 -2 14 -9 -6 -12 3 -8 -18 -1 0 16 -16 -4 6 7 9 5 -3 -14 14 -4 5 13 2 29 3 -18 -3 -8 8 2 -10 8 12 1 -2 20 20 3 -4 11 -3 -9 -6 -9 6 4 10 -7 18 9 4 6 -16 -1 3 4 -11 3 6
13 6 8 -16 10 17 -10 -11 -8 -9 -12 -3 1 8 -2 0 -14 10 -6 -10 -12 -9 -3 11 8 10 10 -12 19 -15 -19 0 -11 12 -11 0 20 22 -5 24 11 16 -1 11 -3 -4 -8 -21 5 6 18 5 -16 15 -9 5 6 -10 -3 -4 -9 -4 7 11
15 10 11 -13 -14 20 -28 -5 2 -4 -14 -15 -16 -14 26 -7 -12 17 3 5 -26 -10 -6 14 7 11 11 -4 17 1 -13 1 -6 -2 7 -11 -15 6 -3 0 -1 7 8 4 7 -7 -3 -4 -2 23 13 9 3 13 -2 -8 9 -4 -13 -12 25 -13 -4 3
-6 5 5 -13 6 17 -11 5 -18 -14 -2 2 -23 4 4 1 -17 15 9 3 10 -2 -1 -1 14 -7 7 -14 19 -14 1 -3 0 15 -2 -3 -7 3 9 0 -8 5 0 -5 2 -10 1 -1 4 11 -3 11 -8 14 -5 11 1 -24 12 -7 7 -14 7 9
6 17 26 1 -7 5 -19 -12 -25 -8 -1 -20 -8 -1 20 -9 -5 21 -27 17 -6 9 -4 12 -5 -5 -5 12 21 2 0 1 1 26 7 8 3 1 9 20 14 -3 9 -7 -1 3 3 -10 -13 -10 11 1 -2 5 12 -4 -10 -11 -11 11 -8 6 15 24
17 5 7 -7 0 18 -6 7 -12 11 -9 -8 -10 6 9 6 -4 11 -14 4 12 0 -10 16 0 -9 8 7 8 3 -16 -6 -11 23 -13 5 4 9 -3 1 7 10 4 -6 18 -12 -3 -4 -16 17 1 -2 -11 11 -2 14 8 -27 2 7 -2 -9 -1 18
2 -12 17 2 -6 5 -15 -1 -26 5 -2 -6 -12 2 11 8 2 3 -16 5 -17 -5 -3 16 3 -10 16 9 20 -10 -8 -2 -6 30 -18 -1 -9 10 12 10 8 13 5 1 -10 -20 -4 -12 -8 3 20 14 10 15 -1 2 -7 -3 -17 -14 7 -6 15 24
7 19 11 -3 0 20 -13 10 -9 -16 -14 0 -4 -7 19 10 2 6 6 31 1 -14 -2 15 12 -29 -5 -14 12 0 -4 -23 3 33 3 -1 -13 21 -3 -26 17 1 8 10 6 -12 -2 2 -7 0 8 10 12 12 2 2 -16 -11 -18 -1 -16 2 -1 -2
4 -3 9 -2 -9 9 -25 13 -19 -5 -10 -5 -18 -7 18 -1 1 15 6 23 -6 -11 -4 12 -11 -27 26 0 4 2 -4 -15 -4 9 1 -5 6 11 13 20 -8 2 10 0 -15 -26 -7 0 -1 -2 6 12 -2 9 -10 -7 -5 -14 -2 -4 -7 8 -1 14
-9 13 5 12 10 19 3 4 -3 8 -13 -16 -10 12 16 -15 -5 14 5 1 0 1 12 17 -4 4 20 16 15 -22 -9 -3 -11 1 7 -5 -14 8 6 10 24 0 2 -14 12 9 2 10 -4 17 3 7 -6 3 -5 -2 4 -11 -1 11 8 -4 -12 6
-4 2 0 3 16 6 -5 13 -8 -2 -12 -15 -1 6 -2 -2 2 13 -5 5 0 8 13 3 16 0 -15 7 9 -15 14 3 -1 -2 -1 11 -4 12 7 -6 7 3 6 0 11 -2 6 5 -2 7 7 -4 -25 9 -17 22 9 -16 7 -1 4 -11 -6 -10
7 4 15 3 -8 -5 3 -3 6 5 0 -4 -2 -5 6 -10 0 21 4 -18 -12 1 6 11 24 -4 8 19 20 -14 9 4 -3 3 -8 3 -7 1 5 6 -1 6 2 4 -3 4 -4 13 -6 5 4 -1 -27 -4 -5 8 -2 -12 -5 -2 5 -5 1 5
7 4 15 3 -8 -5 3 -3 6 5 0 -4 -2 -5 6 -10 0 21 4 -18 -12 1 6 11 24 -4 8 19 20 -14 9 4 -3 3 -8 3 -7 1 5 6 -1 6 2 4 -3 4 -4 13 -6 5 4 -1 -27 -4 -5 8 -2 -12 -5 -2 5 -5 1 5
7 4 15 3 -8 -5 3 -3 6 5 0 -4 -2 -5 6 -10 0 21 4 -18 -12 1 6 11 24 -4 8 19 20 -14 9 4 -3 3 -8 3 -7 1 5 6 -1 6 2 4 -3 4 -4 13 -6 5 4 -1 -27 -4 -5 8 -2 -12 -5 -2 5 -5 1 5
7 4 15 3 -8 -5 3 -3 6 5 0 -4 -2 -5 6 -10 0 21 4 -18 -12 1 6 11 24 -4 8 19 20 -14 9 4 -3 3 -8 3 -7 1 5 6 -1 6 2 4 -3 4 -4 13 -6 5 4 -1 -27 -4 -5 8 -2 -12 -5 -2 5 -5 1 5
7 4 15 3 -8 -5 3 -3 6 5 0 -4 -2 -5 6 -10 0 21 4 -18 -12 1 6 11 24 -4 8 19 20 -14 9 4 -3 3 -8 3 -7 1 5 6 -1 6 2 4 -3 4 -4 13 -6 5 4 -1 -27 -4 -5 8 -2 -12 -5 -2 5 -5 1 5
7 4 15 3 -8 -5 3 -3 6 5 0 -4 -2 -5 6 -10 0 21 4 -18 -12 1 6 11 24 -4 8 19 20 -14 9 4 -3 3 -8 3 -7 1 5 6 -1 6 2 4 -3 4 -4 13 -6 5 4 -1 -27 -4 -5 8 -2 -12 -5 -2 5 -5 1 5
7 4 15 3 -8 -5 3 -3 6 5 0 -4 -2 -5 6 -10 0 21 4 -18 -12 1 6 11 24 -4 8 19 20 -14 9 4 -3 3 -8 3 -7 1 5 6 -1 6 2 4 -3 4 -4 13 -6 5 4 -1 -27 -4 -5 8 -2 -12 -5 -2 5 -5 1 5
7 4 15 3 -8 -5 3 -3 6 5 0 -4 -2 -5 6 -10 0 21 4 -18 -12 1 6 11 24 -4 8 19 20 -14 9 4 -3 3 -8 3 -7 1 5 6 -1 6 2 4 -3 4 -4 13 -6 5 4 -1 -27 -4 -5 8 -2 -12 -5 -2 5 -5 1 5
7 4 15 3 -8 -5 3 -3 6 5 0 -4 -2 -5 6 -10 0 21 4 -18 -12 1 6 11 24 -4 8 19 20 -14 9 4 -3 3 -8 3 -7 1 5 6 -1 6 2 4 -3 4 -4 13 -6 5 4 -1 -27 -4 -5 8 -2 -12 -5 -2 5 -5 1 5
7 4 15 3 -8 -5 3 -3 6 5 0 -4 -2 -5 6 -10 0 21 4 -18 -12 1 6 11 24 -4 8 19 20 -14 9 4 -3 3 -8 3 -7 1 5 6 -1 6 2 4 -3 4 -4 13 -6 5 4 -1 -27 -4 -5 8 -2 -12 -5 -2 5 -5 1 5
7 4 15 3 -8 -5 3 -3 6 5 0 -4 -2 -5 6 -10 0 21 4 -18 -12 1 6 11 24 -4 8 19 20 -14 9 4 -3 3 -8 3 -7 1 5 6 -1 6 2 4 -3 4 -4 13 -6 5 4 -1 -27 -4 -5 8 -2 -12 -5 -2 5 -5 1 5
7 4 15 3 -8 -5 3 -3 6 5 0 -4 -2 -5 6 -10 0 21 4 -18 -12 1 6 11 24 -4 8 19 20 -14 9 4 -3 3 -8 3 -7 1 5 6 -1 6 2 4 -3 4 -4 13 -6 5 4 -1 -27 -4 -5 8 -2 -12 -5 -2 5 -5 1 5
7 4 15 3 -8 -5 3 -3 6 5 0 -4 -2 -5 6 -10 0 21 4 -18 -12 1 6 11 24 -4 8 19 20 -14 9 4 -3 3 -8 3 -7 1 5 6 -1 6 2 4 -3 4 -4 13 -6 5 4 -1 -27 -4 -5 8 -2 -12 -5 -2 5 -5 1 5
7 4 15 3 -8 -5 3 -3 6 5 0 -4 -2 -5 6 -10 0 21 4 -18 -12 1 6 11 24 -4 8 19 20 -14 9 4 -3 3 -8 3 -7 1 5 6 -1 6 2 4 -3 4 -4 13 -6 5 4 -1 -27 -4 -5 8 -2 -12 -5 -2 5 -5 1 5
7 4 15 3 -8 -5 3 -3 6 5 0 -4 -2 -5 6 -10 0 21 4 -18 -12 1 6 11 24 -4 8 19 20 -14 9 4 -3 3 -8 3 -7 1 5 6 -1 6 2 4 -3 4 -4 13 -6 5 4 -1 -27 -4 -5 8 -2 -12 -5 -2 5 -5 1 5
7 4 15 3 -8 -5 3 -3 6 5 0 -4 -2 -5 6 -10 0 21 4 -18 -12 1 6 11 24 -4 8 19 20 -14 9 4 -3 3 -8 3 -7 1 5 6 -1 6 2 4 -3 4 -4 13 -6 5 4 -1 -27 -4 -5 8 -2 -12 -5 -2 5 -5 1 5
7 4 15 3 -8 -5 3 -3 6 5 0 -4 -2 -5 6 -10 0 21 4 -18 -12 1 6 11 24 -4 8 19 20 -14 9 4 -3 3 -8 3 -7 1 5 6 -1 6 2 4 -3 4 -4 13 -6 5 4 -1 -27 -4 -5 8 -2 -12 -5 -2 5 -5 1 5
7 4 15 3 -8 -5 3 -3 6 5 0 -4 -2 -5 6 -10 0 21 4 -18 -12 1 6 11 24 -4 8 19 20 -14 9 4 -3 3 -8 3 -7 1 5 6 -1 6 2 4 -3 4 -4 13 -6 5 4 -1 -27 -4 -5 8 -2 -12 -5 -2 5 -5 1 5
7 4 15 3 -8 -5 3 -3 6 5 0 -4 -2 -5 6 -10 0 21 4 -18 -12 1 6 11 24 -4 8 19 20 -14 9 4 -3 3 -8 3 -7 1 5 6 -1 6 2 4 -3 4 -4 13 -6 5 4 -1 -27 -4 -5 8 -2 -12 -5 -2 5 -5 1 5
7 4 15 3 -8 -5 3 -3 6 5 0 -4 -2 -5 6 -10 0 21 4 -18 -12 1 6 11 24 -4 8 19 20 -14 9 4 -3 3 -8 3 -7 1 5 6 -1 6 2 4 -3 4 -4 13 -6 5 4 -1 -27 -4 -5 8 -2 -12 -5 -2 5 -5 1 5
7 4 15 3 -8 -5 3 -3 6 5 0 -4 -2 -5 6 -10 0 21 4 -18 -12 1 6 11 24 -4 8 19 20 -14 9 4 -3 3 -8 3 -7 1 5 6 -1 6 2 4 -3 4 -4 13 -6 5 4 -1 -27 -4 -5 8 -2 -12 -5 -2 5 -5 1 5
7 4 15 3 -8 -5 3 -3 6 5 0 -4 -2 -5 6 -10 0 21 4 -18 -12 1 6 11 24 -4 8 19 20 -14 9 4 -3 3 -8 3 -7 1 5 6 -1 6 2 4 -3 4 -4 13 -6 5 4 -1 -27 -4 -5 8 -2 -12 -5 -2 5 -5 1 5
7 4 15 3 -8 -5 3 -3 6 5 0 -4 -2 -5 6 -10 0 21 4 -18 -12 1 6 11 24 -4 8 19 20 -14 9 4 -3 3 -8 3 -7 1 5 6 -1 6 2 4 -3 4 -4 13 -6 5 4 -1 -27 -4 -5 8 -2 -12 -5 -2 5 -5 1 5
7 4 15 3 -8 -5 3 -3 6 5 0 -4 -2 -5 6 -10 0 21 4 -18 -12 1 6 11 24 -4 8 19 20 -14 9 4 -3 3 -8 3 -7 1 5 6 -1 6 2 4 -3 4 -4 13 -6 5 4 -1 -27 -4 -5 8 -2 -12 -5 -2 5 -5 1 5
7 4 15 3 -8 -5 3 -3 6 5 0 -4 -2 -5 6 -10 0 21 4 -18 -12 1 6 11 24 -4 8 19 20 -14 9 4 -3 3 -8 3 -7 1 5 6 -1 6 2 4 -3 4 -4 13 -6 5 4 -1 -27 -4 -5 8 -2 -12 -5 -2 5 -5 1 5
7 4 15 3 -8 -5 3 -3 6 5 0 -4 -2 -5 6 -10 0 21 4 -18 -12 1 6 11 24 -4 8 19 20 -14 9 4 -3 3 -8 3 -7 1 5 6 -1 6 2 4 -3 4 -4 13 -6 5 4 -1 -27 -4 -5 8 -2 -12 -5 -2 5 -5 1 5
7 4 15 3 -8 -5 3 -3 6 5 0 -4 -2 -5 6 -10 0 21 4 -18 -12 1 6 11 24 -4 8 19 20 -14 9 4 -3 3 -8 3 -7 1 5 6 -1 6 2 4 -3 4 -4 13 -6 5 4 -1 -27 -4 -5 8 -2 -12 -5 -2 5 -5 1 5
7 4 15 3 -8 -5 3 -3 6 5 0 -4 -2 -5 6 -10 0 21 4 -18 -12 1 6 11 24 -4 8 19 20 -14 9 4 -3 3 -8 3 -7 1 5 6 -1 6 2 4 -3 4 -4 13 -6 5 4 -1 -27 -4 -5 8 -2 -12 -5 -2 5 -5 1 5
7 4 15 3 -8 -5 3 -3 6 5 0 -4 -2 -5 6 -10 0 21 4 -18 -12 1 6 11 24 -4 8 19 20 -14 9 4 -3 3 -8 3 -7 1 5 6 -1 6 2 4 -3 4 -4 13 -6 5 4 -1 -27 -4 -5 8 -2 -12 -5 -2 5 -5 1 5
7 4 15 3 -8 -5 3 -3 6 5 0 -4 -2 -5 6 -10 0 21 4 -18 -12 1 6 11 24 -4 8 19 20 -14 9 4 -3 3 -8 3 -7 1 5 6 -1 6 2 4 -3 4 -4 13 -6 5 4 -1 -27 -4 -5 8 -2 -12 -5 -2 5 -5 1 5
7 4 15 3 -8 -5 3 -3 6 5 0 -4 -2 -5 6 -10 0 21 4 -18 -12 1 6 11 24 -4 8 19 20 -14 9 4 -3 3 -8 3 -7 1 5 6 -1 6 2 4 -3 4 -4 13 -6 5 4 -1 -27 -4 -5 8 -2 -12 -5 -2 5 -5 1 5
7 4 15 3 -8 -5 3 -3 6 5 0 -4 -2 -5 6 -10 0 21 4 -18 -12 1 6 11 24 -4 8 19 20 -14 9 4 -3 3 -8 3 -7 1 5 6 -1 6 2 4 -3 4 -4 13 -6 5 4 -1 -27 -4 -5 8 -2 -12 -5 -2 5 -5 1 5
7 4 15 3 -8 -5 3 -3 6 5 0 -4 -2 -5 6 -10 0 21 4 -18 -12 1 6 11 24 -4 8 19 20 -14 9 4 -3 3 -8 3 -7 1 5 6 -1 6 2 4 -3 4 -4 13 -6 5 4 -1 -27 -4 -5 8 -2 -12 -5 -2 5 -5 1 5
7 4 15 3 -8 -5 3 -3 6 5 0 -4 -2 -5 6 -10 0 21 4 -18 -12 1 6 11 24 -4 8 19 20 -14 9 4 -3 3 -8 3 -7 1 5 6 -1 6 2 4 -3 4 -4 13 -6 5 4 -1 -27 -4 -5 8 -2 -12 -5 -2 5 -5 1 5
7 4 15 3 -8 -5 3 -3 6 5 0 -4 -2 -5 6 -10 0 21 4 -18 -12 1 6 11 24 -4 8 19 20 -14 9 4 -3 3 -8 3 -7 1 5 6 -1 6 2 4 -3 4 -4 13 -6 5 4 -1 -27 -4 -5 8 -2 -12 -5 -2 5 -5 1 5
7 4 15 3 -8 -5 3 -3 6 5 0 -4 -2 -5 6 -10 0 21 4 -18 -12 1 6 11 24 -4 8 19 20 -14 9 4 -3 3 -8 3 -7 1 5 6 -1 6 2 4 -3 4 -4 13 -6 5 4 -1 -27 -4 -5 8 -2 -12 -5 -2 5 -5 1 5
7 4 15 3 -8 -5 3 -3 6 5 0 -4 -2 -5 6 -10 0 21 4 -18 -12 1 6 11 24 -4 8 19 20 -14 9 4 -3 3 -8 3 -7 1 5 6 -1 6 2 4 -3 4 -4 13 -6 5 4 -1 -27 -4 -5 8 -2 -12 -5 -2 5 -5 1 5
7 4 15 3 -8 -5 3 -3 6 5 0 -4 -2 -5 6 -10 0 21 4 -18 -12 1 6 11 24 -4 8 19 20 -14 9 4 -3 3 -8 3 -7 1 5 6 -1 6 2 4 -3 4 -4 13 -6 5 4 -1 -27 -4 -5 8 -2 -12 -5 -2 5 -5 1 5
7 4 15 3 -8 -5 3 -3 6 5 0 -4 -2 -5 6 -10 0 21 4 -18 -12 1 6 11 24 -4 8 19 20 -14 9 4 -3 3 -8 3 -7 1 5 6 -1 6 2 4 -3 4 -4 13 -6 5 4 -1 -27 -4 -5 8 -2 -12 -5 -2 5 -5 1 5
7 4 15 3 -8 -5 3 -3 6 5 0 -4 -2 -5 6 -10 0 21 4 -18 -12 1 6 11 24 -4 8 19 20 -14 9 4 -3 3 -8 3 -7 1 5 6 -1 6 2 4 -3 4 -4 13 -6 5 4 -1 -27 -4 -5 8 -2 -12 -5 -2 5 -5 1 5
7 4 15 3 -8 -5 3 -3 6 5 0 -4 -2 -5 6 -10 0 21 4 -18 -12 1 6 11 24 -4 8 19 20 -14 9 4 -3 3 -8 3 -7 1 5 6 -1 6 2 4 -3 4 -4 13 -6 5 4 -1 -27 -4 -5 8 -2 -12 -5 -2 5 -5 1 5
7 4 15 3 -8 -5 3 -3 6 5 0 -4 -2 -5 6 -10 0 21 4 -18 -12 1 6 11 24 -4 8 19 20 -14 9 4 -3 3 -8 3 -7 1 5 6 -1 6 2 4 -3 4 -4 13 -6 5 4 -1 -27 -4 -5 8 -2 -12 -5 -2 5 -5 1 5
7 4 15 3 -8 -5 3 -3 6 5 0 -4 -2 -5 6 -10 0 21 4 -18 -12 1 6 11 24 -4 8 19 20 -14 9 4 -3 3 -8 3 -7 1 5 6 -1 6 2 4 -3 4 -4 13 -6 5 4 -1 -27 -4 -5 8 -2 -12 -5 -2 5 -5 1 5
7 4 15 3 -8 -5 3 -3 6 5 0 -4 -2 -5 6 -10 0 21 4 -18 -12 1 6 11 24 -4 8 19 20 -14 9 4 -3 3 -8 3 -7 1 5 6 -1 6 2 4 -3 4 -4 13 -6 5 4 -1 -27 -4 -5 8 -2 -12 -5 -2 5 -5 1 5
7 4 15 3 -8 -5 3 -3 6 5 0 -4 -2 -5 6 -10 0 21 4 -18 -12 1 6 11 24 -4 8 19 20 -14 9 4 -3 3 -8 3 -7 1 5 6 -1 6 2 4 -3 4 -4 13 -6 5 4 -1 -27 -4 -5 8 -2 -12 -5 -2 5 -5 1 5
7 4 15 3 -8 -5 3 -3 6 5 0 -4 -2 -5 6 -10 0 21 4 -18 -12 1 6 11 24 -4 8 19 20 -14 9 4 -3 3 -8 3 -7 1 5 6 -1 6 2 4 -3 4 -4 13 -6 5 4 -1 -27 -4 -5 8 -2 -12 -5 -2 5 -5 1 5
7 4 15 3 -8 -5 3 -3 6 5 0 -4 -2 -5 6 -10 0 21 4 -18 -12 1 6 11 24 -4 8 19 20 -14 9 4 -3 3 -8 3 -7 1 5 6 -1 6 2 4 -3 4 -4 13 -6 5 4 -1 -27 -4 -5 8 -2 -12 -5 -2 5 -5 1 5
7 4 15 3 -8 -5 3 -3 6 5 0 -4 -2 -5 6 -10 0 21 4 -18 -12 1 6 11 24 -4 8 19 20 -14 9 4 -3 3 -8 3 -7 1 5 6 -1 6 2 4 -3 4 -4 13 -6 5 4 -1 -27 -4 -5 8 -2 -12 -5 -2 5 -5 1 5
7 4 15 3 -8 -5 3 -3 6 5 0 -4 -2 -5 6 -10 0 21 4 -18 -12 1 6 11 24 -4 8 19 20 -14 9 4 -3 3 -8 3 -7 1 5 6 -1 6 2 4 -3 4 -4 13 -6 5 4 -1 -27 -4 -5 8 -2 -12 -5 -2 5 -5 1 5
7 4 15 3 -8 -5 3 -3 6 5 0 -4 -2 -5 6 -10 0 21 4 -18 -12 1 6 11 24 -4 8 19 20 -14 9 4 -3 3 -8 3 -7 1 5 6 -1 6 2 4 -3 4 -4 13 -6 5 4 -1 -27 -4 -5 8 -2 -12 -5 -2 5 -5 1 5
7 4 15 3 -8 -5 3 -3 6 5 0 -4 -2 -5 6 -10 0 21 4 -18 -12 1 6 11 24 -4 8 19 20 -14 9 4 -3 3 -8 3 -7 1 5 6 -1 6 2 4 -3 4 -4 13 -6 5 4 -1 -27 -4 -5 8 -2 -12 -5 -2 5 -5 1 5
7 4 15 3 -8 -5 3 -3 6 5 0 -4 -2 -5 6 -10 0 21 4 -18 -12 1 6 11 24 -4 8 19 20 -14 9 4 -3 3 -8 3 -7 1 5 6 -1 6 2 4 -3 4 -4 13 -6 5 4 -1 -27 -4 -5 8 -2 -12 -5 -2 5 -5 1 5
7 4 15 3 -8 -5 3 -3 6 5 0 -4 -2 -5 6 -10 0 21 4 -18 -12 1 6 11 24 -4 8 19 20 -14 9 4 -3 3 -8 3 -7 1 5 6 -1 6 2 4 -3 4 -4 13 -6 5 4 -1 -27 -4 -5 8 -2 -12 -5 -2 5 -5 1 5
7 4 15 3 -8 -5 3 -3 6 5 0 -4 -2 -5 6 -10 0 21 4 -18 -12 1 6 11 24 -4 8 19 20 -14 9 4 -3 3 -8 3 -7 1 5 6 -1 6 2 4 -3 4 -4 13 -6 5 4 -1 -27 -4 -5 8 -2 -12 -5 -2 5 -5 1 5
7 4 15 3 -8 -5 3 -3 6 5 0 -4 -2 -5 6 -10 0 21 4 -18 -12 1 6 11 24 -4 8 19 20 -14 9 4 -3 3 -8 3 -7 1 5 6 -1 6 2 4 -3 4 -4 13 -6 5 4 -1 -27 -4 -5 8 -2 -12 -5 -2 5 -5 1 5
7 4 15 3 -8 -5 3 -3 6 5 0 -4 -2 -5 6 -10 0 21 4 -18 -12 1 6 11 24 -4 8 19 20 -14 9 4 -3 3 -8 3 -7 1 5 6 -1 6 2 4 -3 4 -4 13 -6 5 4 -1 -27 -4 -5 8 -2 -12 -5 -2 5 -5 1 5
7 4 15 3 -8 -5 3 -3 6 5 0 -4 -2 -5 6 -10 0 21 4 -18 -12 1 6 11 24 -4 8 19 20 -14 9 4 -3 3 -8 3 -7 1 5 6 -1 6 2 4 -3 4 -4 13 -6 5 4 -1 -27 -4 -5 8 -2 -12 -5 -2 5 -5 1 5
7 4 15 3 -8 -5 3 -3 6 5 0 -4 -2 -5 6 -10 0 21 4 -18 -12 1 6 11 24 -4 8 19 20 -14 9 4 -3 3 -8 3 -7 1 5 6 -1 6 2 4 -3 4 -4 13 -6 5 4 -1 -27 -4 -5 8 -2 -12 -5 -2 5 -5 1 5
7 4 15 3 -8 -5 3 -3 6 5 0 -4 -2 -5 6 -10 0 21 4 -18 -12 1 6 11 24 -4 8 19 20 -14 9 4 -3 3 -8 3 -7 1 5 6 -1 6 2 4 -3 4 -4 13 -6 5 4 -1 -27 -4 -5 8 -2 -12 -5 -2 5 -5 1 5
7 4 15 3 -8 -5 3 -3 6 5 0 -4 -2 -5 6 -10 0 21 4 -18 -12 1 6 11 24 -4 8 19 20 -14 9 4 -3 3 -8 3 -7 1 5 6 -1 6 2 4 -3 4 -4 13 -6 5 4 -1 -27 -4 -5 8 -2 -12 -5 -2 5 -5 1 5
7 4 15 3 -8 -5 3 -3 6 5 0 -4 -2 -5 6 -10 0 21 4 -18 -12 1 6 11 24 -4 8 19 20 -14 9 4 -3 3 -8 3 -7 1 5 6 -1 6 2 4 -3 4 -4 13 -6 5 4 -1 -27 -4 -5 8 -2 -12 -5 -2 5 -5 1 5
7 4 15 3 -8 -5 3 -3 6 5 0 -4 -2 -5 6 -10 0 21 4 -18 -12 1 6 11 24 -4 8 19 20 -14 9 4 -3 3 -8 3 -7 1 5 6 -1 6 2 4 -3 4 -4 13 -6 5 4 -1 -27 -4 -5 8 -2 -12 -5 -2 5 -5 1 5
7 4 15 3 -8 -5 3 -3 6 5 0 -4 -2 -5 6 -10 0 21 4 -18 -12 1 6 11 24 -4 8 19 20 -14 9 4 -3 3 -8 3 -7 1 5 6 -1 6 2 4 -3 4 -4 13 -6 5 4 -1 -27 -4 -5 8 -2 -12 -5 -2 5 -5 1 5
7 4 15 3 -8 -5 3 -3 6 5 0 -4 -2 -5 6 -10 0 21 4 -18 -12 1 6 11 24 -4 8 19 20 -14 9 4 -3 3 -8 3 -7 1 5 6 -1 6 2 4 -3 4 -4 13 -6 5 4 -1 -27 -4 -5 8 -2 -12 -5 -2 5 -5 1 5
7 4 15 3 -8 -5 3 -3 6 5 0 -4 -2 -5 6 -10 0 21 4 -18 -12 1 6 11 24 -4 8 19 20 -14 9 4 -3 3 -8 3 -7 1 5 6 -1 6 2 4 -3 4 -4 13 -6 5 4 -1 -27 -4 -5 8 -2 -12 -5 -2 5 -5 1 5
7 4 15 3 -8 -5 3 -3 6 5 0 -4 -2 -5 6 -10 0 21 4 -18 -12 1 6 11 24 -4 8 19 20 -14 9 4 -3 3 -8 3 -7 1 5 6 -1 6 2 4 -3 4 -4 13 -6 5 4 -1 -27 -4 -5 8 -2 -12 -5 -2 5 -5 1 5
7 4 15 3 -8 -5 3 -3 6 5 0 -4 -2 -5 6 -10 0 21 4 -18 -12 1 6 11 24 -4 8 19 20 -14 9 4 -3 3 -8 3 -7 1 5 6 -1 6 2 4 -3 4 -4 13 -6 5 4 -1 -27 -4 -5 8 -2 -12 -5 -2 5 -5 1 5
7 4 15 3 -8 -5 3 -3 6 5 0 -4 -2 -5 6 -10 0 21 4 -18 -12 1 6 11 24 -4 8 19 20 -14 9 4 -3 3 -8 3 -7 1 5 6 -1 6 2 4 -3 4 -4 13 -6 5 4 -1 -27 -4 -5 8 -2 -12 -5 -2 5 -5 1 5
7 4 15 3 -8 -5 3 -3 6 5 0 -4 -2 -5 6 -10 0 21 4 -18 -12 1 6 11 24 -4 8 19 20 -14 9 4 -3 3 -8 3 -7 1 5 6 -1 6 2 4 -3 4 -4 13 -6 5 4 -1 -27 -4 -5 8 -2 -12 -5 -2 5 -5 1 5
7 4 15 3 -8 -5 3 -3 6 5 0 -4 -2 -5 6 -10 0 21 4 -18 -12 1 6 11 24 -4 8 19 20 -14 9 4 -3 3 -8 3 -7 1 5 6 -1 6 2 4 -3 4 -4 13 -6 5 4 -1 -27 -4 -5 8 -2 -12 -5 -2 5 -5 1 5
7 4 15 3 -8 -5 3 -3 6 5 0 -4 -2 -5 6 -10 0 21 4 -18 -12 1 6 11 24 -4 8 19 20 -14 9 4 -3 3 -8 3 -7 1 5 6 -1 6 2 4 -3 4 -4 13 -6 5 4 -1 -27 -4 -5 8 -2 -12 -5 -2 5 -5 1 5
7 4 15 3 -8 -5 3 -3 6 5 0 -4 -2 -5 6 -10 0 21 4 -18 -12 1 6 11 24 -4 8 19 20 -14 9 4 -3 3 -8 3 -7 1 5 6 -1 6 2 4 -3 4 -4 13 -6 5 4 -1 -27 -4 -5 8 -2 -12 -5 -2 5 -5 1 5
7 4 15 3 -8 -5 3 -3 6 5 0 -4 -2 -5 6 -10 0 21 4 -18 -12 1 6 11 24 -4 8 19 20 -14 9 4 -3 3 -8 3 -7 1 5 6 -1 6 2 4 -3 4 -4 13 -6 5 4 -1 -27 -4 -5 8 -2 -12 -5 -2 5 -5 1 5
7 4 15 3 -8 -5 3 -3 6 5 0 -4 -2 -5 6 -10 0 21 4 -18 -12 1 6 11 24 -4 8 19 20 -14 9 4 -3 3 -8 3 -7 1 5 6 -1 6 2 4 -3 4 -4 13 -6 5 4 -1 -27 -4 -5 8 -2 -12 -5 -2 5 -5 1 5
7 4 15 3 -8 -5 3 -3 6 5 0 -4 -2 -5 6 -10 0 21 4 -18 -12 1 6 11 24 -4 8 19 20 -14 9 4 -3 3 -8 3 -7 1 5 6 -1 6 2 4 -3 4 -4 13 -6 5 4 -1 -27 -4 -5 8 -2 -12 -5 -2 5 -5 1 5
7 4 15 3 -8 -5 3 -3 6 5 0 -4 -2 -5 6 -10 0 21 4 -18 -12 1 6 11 24 -4 8 19 20 -14 9 4 -3 3 -8 3 -7 1 5 6 -1 6 2 4 -3 4 -4 13 -6 5 4 -1 -27 -4 -5 8 -2 -12 -5 -2 5 -5 1 5
7 4 15 3 -8 -5 3 -3 6 5 0 -4 -2 -5 6 -10 0 21 4 -18 -12 1 6 11 24 -4 8 19 20 -14 9 4 -3 3 -8 3 -7 1 5 6 -1 6 2 4 -3 4 -4 13 -6 5 4 -1 -27 -4 -5 8 -2 -12 -5 -2 5 -5 1 5
7 4 15 3 -8 -5 3 -3 6 5 0 -4 -2 -5 6 -10 0 21 4 -18 -12 1 6 11 24 -4 8 19 20 -14 9 4 -3 3 -8 3 -7 1 5 6 -1 6 2 4 -3 4 -4 13 -6 5 4 -1 -27 -4 -5 8 -2 -12 -5 -2 5 -5 1 5
7 4 15 3 -8 -5 3 -3 6 5 0 -4 -2 -5 6 -10 0 21 4 -18 -12 1 6 11 24 -4 8 19 20 -14 9 4 -3 3 -8 3 -7 1 5 6 -1 6 2 4 -3 4 -4 13 -6 5 4 -1 -27 -4 -5 8 -2 -12 -5 -2 5 -5 1 5
7 4 15 3 -8 -5 3 -3 6 5 0 -4 -2 -5 6 -10 0 21 4 -18 -12 1 6 11 24 -4 8 19 20 -14 9 4 -3 3 -8 3 -7 1 5 6 -1 6 2 4 -3 4 -4 13 -6 5 4 -1 -27 -4 -5 8 -2 -12 -5 -2 5 -5 1 5
7 4 15 3 -8 -5 3 -3 6 5 0 -4 -2 -5 6 -10 0 21 4 -18 -12 1 6 11 24 -4 8 19 20 -14 9 4 -3 3 -8 3 -7 1 5 6 -1 6 2 4 -3 4 -4 13 -6 5 4 -1 -27 -4 -5 8 -2 -12 -5 -2 5 -5 1 5
7 4 15 3 -8 -5 3 -3 6 5 0 -4 -2 -5 6 -10 0 21 4 -18 -12 1 6 11 24 -4 8 19 20 -14 9 4 -3 3 -8 3 -7 1 5 6 -1 6 2 4 -3 4 -4 13 -6 5 4 -1 -27 -4 -5 8 -2 -12 -5 -2 5 -5 1 5
7 4 15 3 -8 -5 3 -3 6 5 0 -4 -2 -5 6 -10 0 21 4 -18 -12 1 6 11 24 -4 8 19 20 -14 9 4 -3 3 -8 3 -7 1 5 6 -1 6 2 4 -3 4 -4 13 -6 5 4 -1 -27 -4 -5 8 -2 -12 -5 -2 5 -5 1 5
7 4 15 3 -8 -5 3 -3 6 5 0 -4 -2 -5 6 -10 0 21 4 -18 -12 1 6 11 24 -4 8 19 20 -14 9 4 -3 3 -8 3 -7 1 5 6 -1 6 2 4 -3 4 -4 13 -6 5 4 -1 -27 -4 -5 8 -2 -12 -5 -2 5 -5 1 5
7 4 15 3 -8 -5 3 -3 6 5 0 -4 -2 -5 6 -10 0 21 4 -18 -12 1 6 11 24 -4 8 19 20 -14 9 4 -3 3 -8 3 -7 1 5 6 -1 6 2 4 -3 4 -4 13 -6 5 4 -1 -27 -4 -5 8 -2 -12 -5 -2 5 -5 1 5
7 4 15 3 -8 -5 3 -3 6 5 0 -4 -2 -5 6 -10 0 21 4 -18 -12 1 6 11 24 -4 8 19 20 -14 9 4 -3 3 -8 3 -7 1 5 6 -1 6 2 4 -3 4 -4 13 -6 5 4 -1 -27 -4 -5 8 -2 -12 -5 -2 5 -5 1 5
7 4 15 3 -8 -5 3 -3 6 5 0 -4 -2 -5 6 -10 0 21 4 -18 -12 1 6 11 24 -4 8 19 20 -14 9 4 -3 3 -8 3 -7 1 5 6 -1 6 2 4 -3 4 -4 13 -6 5 4 -1 -27 -4 -5 8 -2 -12 -5 -2 5 -5 1 5
