-7 12 -10 -7 3 -26 -1 4 -9 -17 13 1 -13 8 5 12 -4 0 6 -8 2 -8 -9 -2 0 -2 -3 2 -12 -9 3 17 2 6 7 -6 4 4 2 11 6 -3 -4 0 7 -9 -1 4 -8 10 -17 -4 -9 2 -1 1 -5 0 -6 -11 2 -8 -21 -11
4 3 2 14 -3 -43 10 -3 -12 -18 1 1 -6 -10 5 4 -12 -7 1 23 13 12 -7 0 -6 -4 -13 10 3 -1 4 -5 -2 4 -3 -2 0 9 6 -4 -6 -2 2 -5 3 -13 4 -7 -5 -10 18 6 1 -3 -7 -4 -6 -10 -7 -6 -15 -4 -58 10
-10 -7 6 -1 -2 -41 1 -1 -30 -10 13 -8 -9 -22 5 5 -1 -12 3 18 12 6 1 -5 -10 -3 -13 5 0 4 4 7 11 13 -9 12 -7 8 7 0 9 0 -4 10 2 -1 4 -13 -1 1 13 -9 -4 4 7 0 -10 -4 5 16 -16 -8 -59 4
-1 10 0 9 -7 -25 -6 -8 -11 -5 0 5 -12 -11 6 12 10 -16 -6 18 12 9 -2 -8 -12 6 -16 -5 6 8 -10 15 -4 14 1 8 4 6 -9 -4 3 1 6 -3 -18 -8 4 -4 11 0 20 -7 10 0 -4 -5 -5 -11 8 38 -25 -8 -49 3
0 -2 -1 9 -3 -23 -12 -8 -8 -21 -2 -7 8 2 -3 6 -5 -12 3 -3 2 8 -14 -4 0 5 -15 -3 10 -4 7 34 -4 12 1 11 -3 4 -19 -6 2 -4 -7 5 -15 -8 11 6 15 8 19 -11 -2 -5 -12 -15 -6 -15 -5 31 -5 0 -36 9
2 1 -1 2 6 -28 -13 -1 -14 -8 5 8 -1 -3 -10 -9 -11 -10 -9 -3 5 5 -7 -12 0 -4 -26 9 11 -1 -1 47 -3 5 11 12 -7 7 -15 -8 -5 -9 -2 -6 -8 -10 -1 -12 15 0 24 -11 -8 -4 -5 -15 -15 -11 4 6 -7 -4 -28 0
8 -3 4 4 6 -25 -18 4 -13 -9 9 -6 6 -4 -1 -13 -12 -11 1 0 7 10 -7 -13 -4 4 -25 -1 8 -3 -3 46 0 1 0 12 1 0 -4 -4 4 -2 -10 -4 -20 -13 0 -8 12 5 33 -2 10 -6 6 0 -7 -4 8 -11 -15 3 -19 -5
8 -3 -1 5 -4 -39 -1 3 -12 1 11 8 10 -4 2 6 -13 -11 -9 12 -3 14 -14 -10 8 -4 -21 3 5 -7 8 33 0 -4 14 -2 2 10 -7 -1 0 -1 -7 -10 -15 -16 2 -11 0 7 26 -4 -10 -4 12 -4 -10 -11 5 -36 -12 -3 -26 -15
-4 0 4 22 4 -25 14 -1 -44 -6 7 6 9 -24 0 -18 -18 -23 -5 19 -14 29 4 -17 1 14 -21 -11 3 9 -2 14 -6 7 -2 -10 2 7 3 12 14 -10 -6 -22 -12 -3 -5 -4 -11 -1 16 14 -9 7 9 -5 7 -21 -13 -32 -18 -16 -22 -15
7 -19 0 10 6 -20 6 -7 -6 -18 2 3 3 -12 -1 -5 -5 -32 -1 10 1 42 -6 1 7 -1 -19 -4 2 -3 3 2 -2 10 6 2 5 4 4 -12 5 -10 3 -6 -22 -9 -6 1 16 -4 13 0 -5 8 13 -9 10 4 -2 -37 -11 10 -34 -16
2 -1 -2 21 5 -17 15 -5 -23 -4 -1 6 4 -12 -2 -5 0 -30 0 16 -8 36 -17 1 7 16 -23 -7 6 -4 -11 -6 1 21 -6 -6 5 6 0 -19 8 -1 -11 -14 -18 -4 13 -12 0 -2 -2 0 1 13 3 -1 0 -5 -12 -16 -16 1 -35 -16
-14 -9 -9 1 18 -22 2 -8 -25 1 11 5 -15 -14 6 2 -1 -45 13 -7 -5 24 -9 -9 3 9 -21 9 -8 -3 -2 4 9 23 -11 -5 0 10 -2 4 6 -1 1 -3 -7 -5 -1 17 6 -2 -1 -6 4 0 7 -16 -14 -3 -14 8 -7 -13 -28 2
-2 11 -4 11 -5 -13 -5 -14 -16 -4 2 7 -6 -9 4 6 10 -66 -8 9 10 15 -1 -9 4 3 -21 -5 -12 0 -13 8 0 12 8 8 -1 1 -6 -2 -3 0 6 0 -23 -11 -5 -2 8 5 -3 -5 7 0 5 -11 -3 -3 2 21 -15 -16 -29 -1
0 11 -2 7 -10 -26 -4 -18 -29 -10 5 2 0 -4 -8 4 -11 -51 1 4 9 0 0 -6 15 -2 -12 -3 -3 -11 3 30 -7 4 24 3 2 8 0 -10 8 -12 -2 -1 -19 -6 4 -7 6 5 3 -2 -5 -1 9 -8 -7 -13 3 5 -4 -1 -21 10
-2 -16 5 7 0 -20 -17 -20 -9 -13 1 9 6 -10 -3 -4 -3 -61 -1 2 -3 -1 -3 -3 11 -1 -17 -10 -9 -5 5 40 -5 8 4 3 7 1 6 -11 4 -11 2 -4 -22 -5 -7 3 14 -4 11 0 -5 -4 18 -9 6 6 -6 4 0 8 -6 12
-5 2 1 11 8 -11 -21 -13 -23 -6 -4 5 2 -10 5 -3 -5 -55 -11 6 -5 -5 9 -15 0 16 -24 -9 -12 -8 5 38 -6 15 18 -5 8 8 -8 -2 -6 -8 -7 -13 -9 2 3 -5 10 1 13 -4 -3 -1 8 -5 -1 -8 14 -21 -5 4 3 16
5 10 -5 3 21 -11 -2 -17 -4 -11 -1 -9 3 -4 -1 -1 -5 -27 -12 -15 -18 -1 5 -2 10 -4 -31 -17 -3 -2 -1 24 0 15 1 -3 4 3 -23 -9 -1 -3 -26 -7 -7 -6 -3 13 5 -4 13 0 1 -7 2 -12 3 -24 -8 -33 1 -1 6 19
0 -9 -1 23 11 -15 -15 -20 -8 -16 -4 -7 9 9 4 -3 -4 -29 -9 7 11 -3 7 -3 3 2 -24 -20 -20 -11 -12 24 -2 6 7 1 -2 -3 -16 0 1 6 -10 0 -3 0 3 -4 4 7 10 4 -2 -4 8 -8 -6 -13 2 -58 1 2 -8 10
11 0 0 11 14 -9 -5 -16 -14 -5 -3 0 -1 5 -12 1 -10 -21 -8 7 6 5 -4 -9 11 -3 -27 -1 -14 -7 -14 4 -6 6 -1 9 3 2 -18 -12 1 4 -16 8 0 -4 16 5 -1 6 3 -8 -14 -13 6 -11 -6 -18 5 -51 -2 6 -22 22
1 1 -7 5 5 -17 1 -17 -13 -7 -3 0 -2 -2 7 -3 -9 -21 -7 -3 0 13 -6 -11 7 6 -16 0 -10 -15 -2 -8 -6 14 3 3 -7 4 -18 -2 6 7 -5 4 -10 0 8 -3 1 12 1 -12 -17 -6 9 -5 -5 -15 -5 -35 4 3 -38 21
1 1 -4 10 -1 -21 -1 -18 -23 -3 2 3 4 4 -2 2 -5 -25 -4 3 2 16 -8 -16 4 -6 -8 -2 -21 -14 -8 -5 7 10 16 1 -9 9 -2 4 8 16 -22 -11 -20 -18 4 -4 -2 1 -1 8 -3 -3 10 -1 -8 -18 -11 -16 5 -2 -53 23
-4 -13 3 5 6 -26 -14 -17 -11 -16 -7 -5 6 -5 12 10 9 -25 -3 17 -7 0 2 0 0 5 1 10 -17 -13 -1 -1 -2 6 6 -1 10 7 17 8 -2 -6 -12 1 -14 -2 -5 4 -12 -7 -10 -1 -4 -7 12 1 2 -4 -6 4 0 6 -52 25
-5 -10 4 1 3 -25 -20 -26 -22 -19 -4 8 4 -5 8 0 7 -18 -8 18 -12 -1 3 -12 0 4 -1 7 -21 -7 5 19 -1 10 -7 0 2 3 3 10 -1 -1 2 -3 -9 -1 -6 5 -6 6 -6 -1 -7 9 8 -4 -4 -9 1 19 0 2 -46 37
-3 -13 5 2 -1 -23 -28 -28 -24 -19 1 6 2 -9 3 5 1 -7 -4 15 -8 -4 2 -10 -2 5 -1 6 -13 -10 0 37 -1 9 -3 2 3 11 -3 6 -3 -3 0 0 -6 -1 0 1 -4 8 -2 -6 -2 9 13 -1 -2 -15 7 10 -5 3 -36 39
-14 -4 11 6 13 -35 -35 -31 -29 -15 15 -5 2 3 0 8 5 6 -5 15 2 -8 5 -5 -11 -5 -1 -6 -29 -11 2 53 -5 12 11 0 -1 10 -3 3 -7 2 -6 10 -7 0 -5 8 3 -8 -1 -1 -6 6 13 3 -9 4 -13 -3 -5 1 -38 22
-4 2 3 9 -4 -11 -26 -35 -20 9 5 3 -15 -5 2 9 20 16 -5 18 5 -9 3 -6 -4 6 -2 -6 -10 3 -5 42 2 15 0 2 2 10 -9 -3 1 6 8 0 -15 -10 0 -3 0 0 13 -2 10 -1 1 -6 -10 -5 5 -16 -18 -10 -11 28
2 -6 -2 8 0 -9 -19 -27 -8 -21 4 -8 10 7 -2 6 -6 27 0 -4 -2 3 -13 -3 1 8 -8 -7 -2 -7 6 45 -6 13 1 5 -4 7 -18 -8 2 0 -8 7 -17 -6 9 5 13 8 6 -12 -1 -4 -10 -14 -6 -17 -2 -30 -3 0 -16 22
9 -1 -2 -1 12 -15 -9 -24 -15 -9 6 7 3 -1 -8 -13 -7 29 -11 -4 3 15 -7 -16 2 -4 -16 3 -4 -3 -4 25 -5 5 12 11 -5 4 -16 -6 -6 -6 1 -3 -9 -9 -2 -14 6 -3 1 -14 -10 -2 -4 -13 -16 -14 3 -40 -8 -7 -30 19
15 -5 5 6 11 -12 -7 -18 -11 -10 12 -8 6 5 -4 -12 -7 27 0 2 9 30 -4 -16 -4 7 -11 -2 -4 -9 -9 10 3 0 4 5 0 2 -1 -4 1 3 -12 0 -22 -16 0 -7 5 6 -7 -3 7 -7 8 4 -8 -5 9 -34 -12 7 -43 16
19 -4 -4 7 0 -20 4 -19 -10 1 15 7 10 0 -3 10 -12 20 -11 11 -3 27 -13 -12 4 -4 -8 2 -9 -9 3 5 -4 -2 16 -6 3 11 -7 -4 -4 1 -5 -8 -14 -18 4 -13 -3 7 -14 -2 -9 -6 16 -3 -11 -14 6 -19 -9 1 -54 8
10 -4 8 19 6 -9 7 -27 -36 -6 15 1 -1 -21 -1 -18 -10 13 -3 21 -4 29 -1 -15 -1 10 -7 -8 -6 5 -3 17 4 8 5 -11 12 9 7 -2 6 1 -5 -8 -7 -6 -11 -7 -10 8 -22 9 -9 7 7 -16 1 -14 -4 13 -12 -17 -45 13
9 -5 -8 20 7 4 4 -26 -23 -8 18 -3 -2 -10 -7 -6 1 7 -13 20 -8 29 -20 -9 -8 -2 -9 -5 2 -3 -6 25 3 14 -8 -6 0 6 -2 -15 5 8 -13 -8 -22 -6 8 -5 -1 0 -29 0 -6 10 1 0 -2 -1 -16 28 -15 2 -49 6
-11 -9 -6 1 23 -4 -2 -23 -25 3 30 5 -13 -6 8 8 -1 -1 10 -3 -9 19 -12 -9 -14 16 -4 9 -8 -4 -3 44 8 28 -9 -1 4 7 -1 6 4 2 8 -3 -9 -6 -3 14 5 -2 -15 -8 4 -2 6 -17 -14 -5 -14 20 -7 -13 -24 2
13 2 -8 7 6 0 -3 -24 -20 2 23 3 2 2 3 2 -1 -9 -16 21 2 10 3 -12 -10 18 -3 -15 -14 0 3 52 -7 7 11 -7 17 1 -9 8 0 0 -9 -8 -11 -20 3 -2 14 6 -9 1 -12 2 -5 -13 -4 -2 14 15 0 -4 -16 -1
20 10 -5 3 27 3 10 -29 -2 -12 19 -8 7 -3 -4 0 -7 1 -13 -10 -18 12 3 1 -2 -2 -16 -17 3 4 2 57 0 18 -3 -5 4 5 -20 -12 -4 -5 -26 -3 -7 -2 -3 7 7 -3 -2 1 0 -7 5 -13 5 -27 -5 -1 7 0 0 4
15 -9 -1 23 13 1 -2 -28 -6 -11 21 -7 10 9 4 1 -3 -7 -11 10 9 10 3 -3 -12 3 -4 -22 -8 -10 -14 65 2 7 6 1 -1 -2 -18 1 1 9 -9 0 -4 2 2 -3 0 11 0 4 -4 -5 11 -10 -4 -15 2 -20 4 3 -5 -11
23 -1 1 9 19 4 3 -21 -9 -4 23 -3 0 3 -11 4 -12 0 -12 10 3 11 -6 -12 -6 -5 -15 0 -8 -5 -14 50 -7 5 1 8 2 3 -17 -9 2 5 -15 10 3 -4 15 2 1 11 -3 -5 -12 -10 4 -13 -6 -17 6 -37 3 7 -5 -5
12 1 -5 5 6 0 17 -21 -9 -9 20 0 0 -2 2 1 -12 -8 -8 0 -3 21 -8 -12 -6 5 3 -4 -6 -13 -3 29 -6 12 5 6 -7 4 -17 -1 3 8 -6 5 -9 0 9 -2 1 16 -2 -12 -18 -6 11 -7 -6 -13 -4 -44 10 4 -18 -3
11 3 -5 9 4 -2 24 -24 -16 -2 24 5 6 1 -6 -1 -11 -18 -6 6 2 25 -9 -16 -10 -6 7 -5 -16 -12 -9 15 6 9 17 -3 -9 11 -2 4 9 16 -20 -8 -20 -15 4 -2 -5 -1 -8 9 -3 -1 10 -2 -9 -17 -8 -34 13 -1 -35 -3
5 -10 5 4 10 -6 26 -21 -6 -13 19 -8 9 -4 9 11 4 -27 -3 20 -9 20 2 5 -14 6 16 6 -9 -11 -3 3 -3 5 9 -4 12 8 15 8 -1 -3 -10 1 -17 -3 -3 3 -11 -4 -15 -2 -3 -6 11 0 3 -5 -4 -18 10 5 -40 -4
-1 -11 6 3 11 -3 25 -26 -15 -19 19 7 5 -6 5 4 -1 -34 -8 21 -15 10 2 -7 -16 5 17 3 -17 -2 3 13 1 6 -10 -3 3 1 4 9 -2 3 5 -1 -8 -2 -2 6 -4 9 -22 -3 -4 8 4 -4 -6 -8 5 -1 15 1 -40 13
-3 4 1 -7 -8 -9 10 -11 -9 25 4 -6 -8 -8 9 -6 -1 -5 -1 2 8 -1 -1 11 0 2 16 -10 7 -4 -3 -4 5 11 1 -15 11 14 -8 -3 6 -2 -8 -3 5 5 0 -6 -12 -5 6 5 9 7 -5 3 0 0 7 1 -10 -1 4 3
-3 4 1 -7 -8 -9 10 -11 -9 25 4 -6 -8 -8 9 -6 -1 -5 -1 2 8 -1 -1 11 0 2 16 -10 7 -4 -3 -4 5 11 1 -15 11 14 -8 -3 6 -2 -8 -3 5 5 0 -6 -12 -5 6 5 9 7 -5 3 0 0 7 1 -10 -1 4 3
-3 4 1 -7 -8 -9 10 -11 -9 25 4 -6 -8 -8 9 -6 -1 -5 -1 2 8 -1 -1 11 0 2 16 -10 7 -4 -3 -4 5 11 1 -15 11 14 -8 -3 6 -2 -8 -3 5 5 0 -6 -12 -5 6 5 9 7 -5 3 0 0 7 1 -10 -1 4 3
-3 4 1 -7 -8 -9 10 -11 -9 25 4 -6 -8 -8 9 -6 -1 -5 -1 2 8 -1 -1 11 0 2 16 -10 7 -4 -3 -4 5 11 1 -15 11 14 -8 -3 6 -2 -8 -3 5 5 0 -6 -12 -5 6 5 9 7 -5 3 0 0 7 1 -10 -1 4 3
-3 4 1 -7 -8 -9 10 -11 -9 25 4 -6 -8 -8 9 -6 -1 -5 -1 2 8 -1 -1 11 0 2 16 -10 7 -4 -3 -4 5 11 1 -15 11 14 -8 -3 6 -2 -8 -3 5 5 0 -6 -12 -5 6 5 9 7 -5 3 0 0 7 1 -10 -1 4 3
-3 4 1 -7 -8 -9 10 -11 -9 25 4 -6 -8 -8 9 -6 -1 -5 -1 2 8 -1 -1 11 0 2 16 -10 7 -4 -3 -4 5 11 1 -15 11 14 -8 -3 6 -2 -8 -3 5 5 0 -6 -12 -5 6 5 9 7 -5 3 0 0 7 1 -10 -1 4 3
-3 4 1 -7 -8 -9 10 -11 -9 25 4 -6 -8 -8 9 -6 -1 -5 -1 2 8 -1 -1 11 0 2 16 -10 7 -4 -3 -4 5 11 1 -15 11 14 -8 -3 6 -2 -8 -3 5 5 0 -6 -12 -5 6 5 9 7 -5 3 0 0 7 1 -10 -1 4 3
-3 4 1 -7 -8 -9 10 -11 -9 25 4 -6 -8 -8 9 -6 -1 -5 -1 2 8 -1 -1 11 0 2 16 -10 7 -4 -3 -4 5 11 1 -15 11 14 -8 -3 6 -2 -8 -3 5 5 0 -6 -12 -5 6 5 9 7 -5 3 0 0 7 1 -10 -1 4 3
-3 4 1 -7 -8 -9 10 -11 -9 25 4 -6 -8 -8 9 -6 -1 -5 -1 2 8 -1 -1 11 0 2 16 -10 7 -4 -3 -4 5 11 1 -15 11 14 -8 -3 6 -2 -8 -3 5 5 0 -6 -12 -5 6 5 9 7 -5 3 0 0 7 1 -10 -1 4 3
-3 4 1 -7 -8 -9 10 -11 -9 25 4 -6 -8 -8 9 -6 -1 -5 -1 2 8 -1 -1 11 0 2 16 -10 7 -4 -3 -4 5 11 1 -15 11 14 -8 -3 6 -2 -8 -3 5 5 0 -6 -12 -5 6 5 9 7 -5 3 0 0 7 1 -10 -1 4 3
-3 4 1 -7 -8 -9 10 -11 -9 25 4 -6 -8 -8 9 -6 -1 -5 -1 2 8 -1 -1 11 0 2 16 -10 7 -4 -3 -4 5 11 1 -15 11 14 -8 -3 6 -2 -8 -3 5 5 0 -6 -12 -5 6 5 9 7 -5 3 0 0 7 1 -10 -1 4 3
-3 4 1 -7 -8 -9 10 -11 -9 25 4 -6 -8 -8 9 -6 -1 -5 -1 2 8 -1 -1 11 0 2 16 -10 7 -4 -3 -4 5 11 1 -15 11 14 -8 -3 6 -2 -8 -3 5 5 0 -6 -12 -5 6 5 9 7 -5 3 0 0 7 1 -10 -1 4 3
-3 4 1 -7 -8 -9 10 -11 -9 25 4 -6 -8 -8 9 -6 -1 -5 -1 2 8 -1 -1 11 0 2 16 -10 7 -4 -3 -4 5 11 1 -15 11 14 -8 -3 6 -2 -8 -3 5 5 0 -6 -12 -5 6 5 9 7 -5 3 0 0 7 1 -10 -1 4 3
-3 4 1 -7 -8 -9 10 -11 -9 25 4 -6 -8 -8 9 -6 -1 -5 -1 2 8 -1 -1 11 0 2 16 -10 7 -4 -3 -4 5 11 1 -15 11 14 -8 -3 6 -2 -8 -3 5 5 0 -6 -12 -5 6 5 9 7 -5 3 0 0 7 1 -10 -1 4 3
-3 4 1 -7 -8 -9 10 -11 -9 25 4 -6 -8 -8 9 -6 -1 -5 -1 2 8 -1 -1 11 0 2 16 -10 7 -4 -3 -4 5 11 1 -15 11 14 -8 -3 6 -2 -8 -3 5 5 0 -6 -12 -5 6 5 9 7 -5 3 0 0 7 1 -10 -1 4 3
-3 4 1 -7 -8 -9 10 -11 -9 25 4 -6 -8 -8 9 -6 -1 -5 -1 2 8 -1 -1 11 0 2 16 -10 7 -4 -3 -4 5 11 1 -15 11 14 -8 -3 6 -2 -8 -3 5 5 0 -6 -12 -5 6 5 9 7 -5 3 0 0 7 1 -10 -1 4 3
-3 4 1 -7 -8 -9 10 -11 -9 25 4 -6 -8 -8 9 -6 -1 -5 -1 2 8 -1 -1 11 0 2 16 -10 7 -4 -3 -4 5 11 1 -15 11 14 -8 -3 6 -2 -8 -3 5 5 0 -6 -12 -5 6 5 9 7 -5 3 0 0 7 1 -10 -1 4 3
-3 4 1 -7 -8 -9 10 -11 -9 25 4 -6 -8 -8 9 -6 -1 -5 -1 2 8 -1 -1 11 0 2 16 -10 7 -4 -3 -4 5 11 1 -15 11 14 -8 -3 6 -2 -8 -3 5 5 0 -6 -12 -5 6 5 9 7 -5 3 0 0 7 1 -10 -1 4 3
-3 4 1 -7 -8 -9 10 -11 -9 25 4 -6 -8 -8 9 -6 -1 -5 -1 2 8 -1 -1 11 0 2 16 -10 7 -4 -3 -4 5 11 1 -15 11 14 -8 -3 6 -2 -8 -3 5 5 0 -6 -12 -5 6 5 9 7 -5 3 0 0 7 1 -10 -1 4 3
-3 4 1 -7 -8 -9 10 -11 -9 25 4 -6 -8 -8 9 -6 -1 -5 -1 2 8 -1 -1 11 0 2 16 -10 7 -4 -3 -4 5 11 1 -15 11 14 -8 -3 6 -2 -8 -3 5 5 0 -6 -12 -5 6 5 9 7 -5 3 0 0 7 1 -10 -1 4 3
-3 4 1 -7 -8 -9 10 -11 -9 25 4 -6 -8 -8 9 -6 -1 -5 -1 2 8 -1 -1 11 0 2 16 -10 7 -4 -3 -4 5 11 1 -15 11 14 -8 -3 6 -2 -8 -3 5 5 0 -6 -12 -5 6 5 9 7 -5 3 0 0 7 1 -10 -1 4 3
-3 4 1 -7 -8 -9 10 -11 -9 25 4 -6 -8 -8 9 -6 -1 -5 -1 2 8 -1 -1 11 0 2 16 -10 7 -4 -3 -4 5 11 1 -15 11 14 -8 -3 6 -2 -8 -3 5 5 0 -6 -12 -5 6 5 9 7 -5 3 0 0 7 1 -10 -1 4 3
-3 4 1 -7 -8 -9 10 -11 -9 25 4 -6 -8 -8 9 -6 -1 -5 -1 2 8 -1 -1 11 0 2 16 -10 7 -4 -3 -4 5 11 1 -15 11 14 -8 -3 6 -2 -8 -3 5 5 0 -6 -12 -5 6 5 9 7 -5 3 0 0 7 1 -10 -1 4 3
-3 4 1 -7 -8 -9 10 -11 -9 25 4 -6 -8 -8 9 -6 -1 -5 -1 2 8 -1 -1 11 0 2 16 -10 7 -4 -3 -4 5 11 1 -15 11 14 -8 -3 6 -2 -8 -3 5 5 0 -6 -12 -5 6 5 9 7 -5 3 0 0 7 1 -10 -1 4 3
-3 4 1 -7 -8 -9 10 -11 -9 25 4 -6 -8 -8 9 -6 -1 -5 -1 2 8 -1 -1 11 0 2 16 -10 7 -4 -3 -4 5 11 1 -15 11 14 -8 -3 6 -2 -8 -3 5 5 0 -6 -12 -5 6 5 9 7 -5 3 0 0 7 1 -10 -1 4 3
-3 4 1 -7 -8 -9 10 -11 -9 25 4 -6 -8 -8 9 -6 -1 -5 -1 2 8 -1 -1 11 0 2 16 -10 7 -4 -3 -4 5 11 1 -15 11 14 -8 -3 6 -2 -8 -3 5 5 0 -6 -12 -5 6 5 9 7 -5 3 0 0 7 1 -10 -1 4 3
-3 4 1 -7 -8 -9 10 -11 -9 25 4 -6 -8 -8 9 -6 -1 -5 -1 2 8 -1 -1 11 0 2 16 -10 7 -4 -3 -4 5 11 1 -15 11 14 -8 -3 6 -2 -8 -3 5 5 0 -6 -12 -5 6 5 9 7 -5 3 0 0 7 1 -10 -1 4 3
-3 4 1 -7 -8 -9 10 -11 -9 25 4 -6 -8 -8 9 -6 -1 -5 -1 2 8 -1 -1 11 0 2 16 -10 7 -4 -3 -4 5 11 1 -15 11 14 -8 -3 6 -2 -8 -3 5 5 0 -6 -12 -5 6 5 9 7 -5 3 0 0 7 1 -10 -1 4 3
-3 4 1 -7 -8 -9 10 -11 -9 25 4 -6 -8 -8 9 -6 -1 -5 -1 2 8 -1 -1 11 0 2 16 -10 7 -4 -3 -4 5 11 1 -15 11 14 -8 -3 6 -2 -8 -3 5 5 0 -6 -12 -5 6 5 9 7 -5 3 0 0 7 1 -10 -1 4 3
-3 4 1 -7 -8 -9 10 -11 -9 25 4 -6 -8 -8 9 -6 -1 -5 -1 2 8 -1 -1 11 0 2 16 -10 7 -4 -3 -4 5 11 1 -15 11 14 -8 -3 6 -2 -8 -3 5 5 0 -6 -12 -5 6 5 9 7 -5 3 0 0 7 1 -10 -1 4 3
-3 4 1 -7 -8 -9 10 -11 -9 25 4 -6 -8 -8 9 -6 -1 -5 -1 2 8 -1 -1 11 0 2 16 -10 7 -4 -3 -4 5 11 1 -15 11 14 -8 -3 6 -2 -8 -3 5 5 0 -6 -12 -5 6 5 9 7 -5 3 0 0 7 1 -10 -1 4 3
-3 4 1 -7 -8 -9 10 -11 -9 25 4 -6 -8 -8 9 -6 -1 -5 -1 2 8 -1 -1 11 0 2 16 -10 7 -4 -3 -4 5 11 1 -15 11 14 -8 -3 6 -2 -8 -3 5 5 0 -6 -12 -5 6 5 9 7 -5 3 0 0 7 1 -10 -1 4 3
-3 4 1 -7 -8 -9 10 -11 -9 25 4 -6 -8 -8 9 -6 -1 -5 -1 2 8 -1 -1 11 0 2 16 -10 7 -4 -3 -4 5 11 1 -15 11 14 -8 -3 6 -2 -8 -3 5 5 0 -6 -12 -5 6 5 9 7 -5 3 0 0 7 1 -10 -1 4 3
-3 4 1 -7 -8 -9 10 -11 -9 25 4 -6 -8 -8 9 -6 -1 -5 -1 2 8 -1 -1 11 0 2 16 -10 7 -4 -3 -4 5 11 1 -15 11 14 -8 -3 6 -2 -8 -3 5 5 0 -6 -12 -5 6 5 9 7 -5 3 0 0 7 1 -10 -1 4 3
-3 4 1 -7 -8 -9 10 -11 -9 25 4 -6 -8 -8 9 -6 -1 -5 -1 2 8 -1 -1 11 0 2 16 -10 7 -4 -3 -4 5 11 1 -15 11 14 -8 -3 6 -2 -8 -3 5 5 0 -6 -12 -5 6 5 9 7 -5 3 0 0 7 1 -10 -1 4 3
-3 4 1 -7 -8 -9 10 -11 -9 25 4 -6 -8 -8 9 -6 -1 -5 -1 2 8 -1 -1 11 0 2 16 -10 7 -4 -3 -4 5 11 1 -15 11 14 -8 -3 6 -2 -8 -3 5 5 0 -6 -12 -5 6 5 9 7 -5 3 0 0 7 1 -10 -1 4 3
-3 4 1 -7 -8 -9 10 -11 -9 25 4 -6 -8 -8 9 -6 -1 -5 -1 2 8 -1 -1 11 0 2 16 -10 7 -4 -3 -4 5 11 1 -15 11 14 -8 -3 6 -2 -8 -3 5 5 0 -6 -12 -5 6 5 9 7 -5 3 0 0 7 1 -10 -1 4 3
-3 4 1 -7 -8 -9 10 -11 -9 25 4 -6 -8 -8 9 -6 -1 -5 -1 2 8 -1 -1 11 0 2 16 -10 7 -4 -3 -4 5 11 1 -15 11 14 -8 -3 6 -2 -8 -3 5 5 0 -6 -12 -5 6 5 9 7 -5 3 0 0 7 1 -10 -1 4 3
-3 4 1 -7 -8 -9 10 -11 -9 25 4 -6 -8 -8 9 -6 -1 -5 -1 2 8 -1 -1 11 0 2 16 -10 7 -4 -3 -4 5 11 1 -15 11 14 -8 -3 6 -2 -8 -3 5 5 0 -6 -12 -5 6 5 9 7 -5 3 0 0 7 1 -10 -1 4 3
-3 4 1 -7 -8 -9 10 -11 -9 25 4 -6 -8 -8 9 -6 -1 -5 -1 2 8 -1 -1 11 0 2 16 -10 7 -4 -3 -4 5 11 1 -15 11 14 -8 -3 6 -2 -8 -3 5 5 0 -6 -12 -5 6 5 9 7 -5 3 0 0 7 1 -10 -1 4 3
-3 4 1 -7 -8 -9 10 -11 -9 25 4 -6 -8 -8 9 -6 -1 -5 -1 2 8 -1 -1 11 0 2 16 -10 7 -4 -3 -4 5 11 1 -15 11 14 -8 -3 6 -2 -8 -3 5 5 0 -6 -12 -5 6 5 9 7 -5 3 0 0 7 1 -10 -1 4 3
-3 4 1 -7 -8 -9 10 -11 -9 25 4 -6 -8 -8 9 -6 -1 -5 -1 2 8 -1 -1 11 0 2 16 -10 7 -4 -3 -4 5 11 1 -15 11 14 -8 -3 6 -2 -8 -3 5 5 0 -6 -12 -5 6 5 9 7 -5 3 0 0 7 1 -10 -1 4 3
-3 4 1 -7 -8 -9 10 -11 -9 25 4 -6 -8 -8 9 -6 -1 -5 -1 2 8 -1 -1 11 0 2 16 -10 7 -4 -3 -4 5 11 1 -15 11 14 -8 -3 6 -2 -8 -3 5 5 0 -6 -12 -5 6 5 9 7 -5 3 0 0 7 1 -10 -1 4 3
-3 4 1 -7 -8 -9 10 -11 -9 25 4 -6 -8 -8 9 -6 -1 -5 -1 2 8 -1 -1 11 0 2 16 -10 7 -4 -3 -4 5 11 1 -15 11 14 -8 -3 6 -2 -8 -3 5 5 0 -6 -12 -5 6 5 9 7 -5 3 0 0 7 1 -10 -1 4 3
-3 4 1 -7 -8 -9 10 -11 -9 25 4 -6 -8 -8 9 -6 -1 -5 -1 2 8 -1 -1 11 0 2 16 -10 7 -4 -3 -4 5 11 1 -15 11 14 -8 -3 6 -2 -8 -3 5 5 0 -6 -12 -5 6 5 9 7 -5 3 0 0 7 1 -10 -1 4 3
-3 4 1 -7 -8 -9 10 -11 -9 25 4 -6 -8 -8 9 -6 -1 -5 -1 2 8 -1 -1 11 0 2 16 -10 7 -4 -3 -4 5 11 1 -15 11 14 -8 -3 6 -2 -8 -3 5 5 0 -6 -12 -5 6 5 9 7 -5 3 0 0 7 1 -10 -1 4 3
-3 4 1 -7 -8 -9 10 -11 -9 25 4 -6 -8 -8 9 -6 -1 -5 -1 2 8 -1 -1 11 0 2 16 -10 7 -4 -3 -4 5 11 1 -15 11 14 -8 -3 6 -2 -8 -3 5 5 0 -6 -12 -5 6 5 9 7 -5 3 0 0 7 1 -10 -1 4 3
-3 4 1 -7 -8 -9 10 -11 -9 25 4 -6 -8 -8 9 -6 -1 -5 -1 2 8 -1 -1 11 0 2 16 -10 7 -4 -3 -4 5 11 1 -15 11 14 -8 -3 6 -2 -8 -3 5 5 0 -6 -12 -5 6 5 9 7 -5 3 0 0 7 1 -10 -1 4 3
-3 4 1 -7 -8 -9 10 -11 -9 25 4 -6 -8 -8 9 -6 -1 -5 -1 2 8 -1 -1 11 0 2 16 -10 7 -4 -3 -4 5 11 1 -15 11 14 -8 -3 6 -2 -8 -3 5 5 0 -6 -12 -5 6 5 9 7 -5 3 0 0 7 1 -10 -1 4 3
-3 4 1 -7 -8 -9 10 -11 -9 25 4 -6 -8 -8 9 -6 -1 -5 -1 2 8 -1 -1 11 0 2 16 -10 7 -4 -3 -4 5 11 1 -15 11 14 -8 -3 6 -2 -8 -3 5 5 0 -6 -12 -5 6 5 9 7 -5 3 0 0 7 1 -10 -1 4 3
-3 4 1 -7 -8 -9 10 -11 -9 25 4 -6 -8 -8 9 -6 -1 -5 -1 2 8 -1 -1 11 0 2 16 -10 7 -4 -3 -4 5 11 1 -15 11 14 -8 -3 6 -2 -8 -3 5 5 0 -6 -12 -5 6 5 9 7 -5 3 0 0 7 1 -10 -1 4 3
-3 4 1 -7 -8 -9 10 -11 -9 25 4 -6 -8 -8 9 -6 -1 -5 -1 2 8 -1 -1 11 0 2 16 -10 7 -4 -3 -4 5 11 1 -15 11 14 -8 -3 6 -2 -8 -3 5 5 0 -6 -12 -5 6 5 9 7 -5 3 0 0 7 1 -10 -1 4 3
-3 4 1 -7 -8 -9 10 -11 -9 25 4 -6 -8 -8 9 -6 -1 -5 -1 2 8 -1 -1 11 0 2 16 -10 7 -4 -3 -4 5 11 1 -15 11 14 -8 -3 6 -2 -8 -3 5 5 0 -6 -12 -5 6 5 9 7 -5 3 0 0 7 1 -10 -1 4 3
-3 4 1 -7 -8 -9 10 -11 -9 25 4 -6 -8 -8 9 -6 -1 -5 -1 2 8 -1 -1 11 0 2 16 -10 7 -4 -3 -4 5 11 1 -15 11 14 -8 -3 6 -2 -8 -3 5 5 0 -6 -12 -5 6 5 9 7 -5 3 0 0 7 1 -10 -1 4 3
-3 4 1 -7 -8 -9 10 -11 -9 25 4 -6 -8 -8 9 -6 -1 -5 -1 2 8 -1 -1 11 0 2 16 -10 7 -4 -3 -4 5 11 1 -15 11 14 -8 -3 6 -2 -8 -3 5 5 0 -6 -12 -5 6 5 9 7 -5 3 0 0 7 1 -10 -1 4 3
-3 4 1 -7 -8 -9 10 -11 -9 25 4 -6 -8 -8 9 -6 -1 -5 -1 2 8 -1 -1 11 0 2 16 -10 7 -4 -3 -4 5 11 1 -15 11 14 -8 -3 6 -2 -8 -3 5 5 0 -6 -12 -5 6 5 9 7 -5 3 0 0 7 1 -10 -1 4 3
-3 4 1 -7 -8 -9 10 -11 -9 25 4 -6 -8 -8 9 -6 -1 -5 -1 2 8 -1 -1 11 0 2 16 -10 7 -4 -3 -4 5 11 1 -15 11 14 -8 -3 6 -2 -8 -3 5 5 0 -6 -12 -5 6 5 9 7 -5 3 0 0 7 1 -10 -1 4 3
-3 4 1 -7 -8 -9 10 -11 -9 25 4 -6 -8 -8 9 -6 -1 -5 -1 2 8 -1 -1 11 0 2 16 -10 7 -4 -3 -4 5 11 1 -15 11 14 -8 -3 6 -2 -8 -3 5 5 0 -6 -12 -5 6 5 9 7 -5 3 0 0 7 1 -10 -1 4 3
-3 4 1 -7 -8 -9 10 -11 -9 25 4 -6 -8 -8 9 -6 -1 -5 -1 2 8 -1 -1 11 0 2 16 -10 7 -4 -3 -4 5 11 1 -15 11 14 -8 -3 6 -2 -8 -3 5 5 0 -6 -12 -5 6 5 9 7 -5 3 0 0 7 1 -10 -1 4 3
-3 4 1 -7 -8 -9 10 -11 -9 25 4 -6 -8 -8 9 -6 -1 -5 -1 2 8 -1 -1 11 0 2 16 -10 7 -4 -3 -4 5 11 1 -15 11 14 -8 -3 6 -2 -8 -3 5 5 0 -6 -12 -5 6 5 9 7 -5 3 0 0 7 1 -10 -1 4 3
-3 4 1 -7 -8 -9 10 -11 -9 25 4 -6 -8 -8 9 -6 -1 -5 -1 2 8 -1 -1 11 0 2 16 -10 7 -4 -3 -4 5 11 1 -15 11 14 -8 -3 6 -2 -8 -3 5 5 0 -6 -12 -5 6 5 9 7 -5 3 0 0 7 1 -10 -1 4 3
-3 4 1 -7 -8 -9 10 -11 -9 25 4 -6 -8 -8 9 -6 -1 -5 -1 2 8 -1 -1 11 0 2 16 -10 7 -4 -3 -4 5 11 1 -15 11 14 -8 -3 6 -2 -8 -3 5 5 0 -6 -12 -5 6 5 9 7 -5 3 0 0 7 1 -10 -1 4 3
-3 4 1 -7 -8 -9 10 -11 -9 25 4 -6 -8 -8 9 -6 -1 -5 -1 2 8 -1 -1 11 0 2 16 -10 7 -4 -3 -4 5 11 1 -15 11 14 -8 -3 6 -2 -8 -3 5 5 0 -6 -12 -5 6 5 9 7 -5 3 0 0 7 1 -10 -1 4 3
-3 4 1 -7 -8 -9 10 -11 -9 25 4 -6 -8 -8 9 -6 -1 -5 -1 2 8 -1 -1 11 0 2 16 -10 7 -4 -3 -4 5 11 1 -15 11 14 -8 -3 6 -2 -8 -3 5 5 0 -6 -12 -5 6 5 9 7 -5 3 0 0 7 1 -10 -1 4 3
-3 4 1 -7 -8 -9 10 -11 -9 25 4 -6 -8 -8 9 -6 -1 -5 -1 2 8 -1 -1 11 0 2 16 -10 7 -4 -3 -4 5 11 1 -15 11 14 -8 -3 6 -2 -8 -3 5 5 0 -6 -12 -5 6 5 9 7 -5 3 0 0 7 1 -10 -1 4 3
-3 4 1 -7 -8 -9 10 -11 -9 25 4 -6 -8 -8 9 -6 -1 -5 -1 2 8 -1 -1 11 0 2 16 -10 7 -4 -3 -4 5 11 1 -15 11 14 -8 -3 6 -2 -8 -3 5 5 0 -6 -12 -5 6 5 9 7 -5 3 0 0 7 1 -10 -1 4 3
-3 4 1 -7 -8 -9 10 -11 -9 25 4 -6 -8 -8 9 -6 -1 -5 -1 2 8 -1 -1 11 0 2 16 -10 7 -4 -3 -4 5 11 1 -15 11 14 -8 -3 6 -2 -8 -3 5 5 0 -6 -12 -5 6 5 9 7 -5 3 0 0 7 1 -10 -1 4 3
-3 4 1 -7 -8 -9 10 -11 -9 25 4 -6 -8 -8 9 -6 -1 -5 -1 2 8 -1 -1 11 0 2 16 -10 7 -4 -3 -4 5 11 1 -15 11 14 -8 -3 6 -2 -8 -3 5 5 0 -6 -12 -5 6 5 9 7 -5 3 0 0 7 1 -10 -1 4 3
-3 4 1 -7 -8 -9 10 -11 -9 25 4 -6 -8 -8 9 -6 -1 -5 -1 2 8 -1 -1 11 0 2 16 -10 7 -4 -3 -4 5 11 1 -15 11 14 -8 -3 6 -2 -8 -3 5 5 0 -6 -12 -5 6 5 9 7 -5 3 0 0 7 1 -10 -1 4 3
-3 4 1 -7 -8 -9 10 -11 -9 25 4 -6 -8 -8 9 -6 -1 -5 -1 2 8 -1 -1 11 0 2 16 -10 7 -4 -3 -4 5 11 1 -15 11 14 -8 -3 6 -2 -8 -3 5 5 0 -6 -12 -5 6 5 9 7 -5 3 0 0 7 1 -10 -1 4 3
-3 4 1 -7 -8 -9 10 -11 -9 25 4 -6 -8 -8 9 -6 -1 -5 -1 2 8 -1 -1 11 0 2 16 -10 7 -4 -3 -4 5 11 1 -15 11 14 -8 -3 6 -2 -8 -3 5 5 0 -6 -12 -5 6 5 9 7 -5 3 0 0 7 1 -10 -1 4 3
-3 4 1 -7 -8 -9 10 -11 -9 25 4 -6 -8 -8 9 -6 -1 -5 -1 2 8 -1 -1 11 0 2 16 -10 7 -4 -3 -4 5 11 1 -15 11 14 -8 -3 6 -2 -8 -3 5 5 0 -6 -12 -5 6 5 9 7 -5 3 0 0 7 1 -10 -1 4 3
-3 4 1 -7 -8 -9 10 -11 -9 25 4 -6 -8 -8 9 -6 -1 -5 -1 2 8 -1 -1 11 0 2 16 -10 7 -4 -3 -4 5 11 1 -15 11 14 -8 -3 6 -2 -8 -3 5 5 0 -6 -12 -5 6 5 9 7 -5 3 0 0 7 1 -10 -1 4 3
-3 4 1 -7 -8 -9 10 -11 -9 25 4 -6 -8 -8 9 -6 -1 -5 -1 2 8 -1 -1 11 0 2 16 -10 7 -4 -3 -4 5 11 1 -15 11 14 -8 -3 6 -2 -8 -3 5 5 0 -6 -12 -5 6 5 9 7 -5 3 0 0 7 1 -10 -1 4 3
-3 4 1 -7 -8 -9 10 -11 -9 25 4 -6 -8 -8 9 -6 -1 -5 -1 2 8 -1 -1 11 0 2 16 -10 7 -4 -3 -4 5 11 1 -15 11 14 -8 -3 6 -2 -8 -3 5 5 0 -6 -12 -5 6 5 9 7 -5 3 0 0 7 1 -10 -1 4 3
-3 4 1 -7 -8 -9 10 -11 -9 25 4 -6 -8 -8 9 -6 -1 -5 -1 2 8 -1 -1 11 0 2 16 -10 7 -4 -3 -4 5 11 1 -15 11 14 -8 -3 6 -2 -8 -3 5 5 0 -6 -12 -5 6 5 9 7 -5 3 0 0 7 1 -10 -1 4 3
-3 4 1 -7 -8 -9 10 -11 -9 25 4 -6 -8 -8 9 -6 -1 -5 -1 2 8 -1 -1 11 0 2 16 -10 7 -4 -3 -4 5 11 1 -15 11 14 -8 -3 6 -2 -8 -3 5 5 0 -6 -12 -5 6 5 9 7 -5 3 0 0 7 1 -10 -1 4 3
-3 4 1 -7 -8 -9 10 -11 -9 25 4 -6 -8 -8 9 -6 -1 -5 -1 2 8 -1 -1 11 0 2 16 -10 7 -4 -3 -4 5 11 1 -15 11 14 -8 -3 6 -2 -8 -3 5 5 0 -6 -12 -5 6 5 9 7 -5 3 0 0 7 1 -10 -1 4 3
-3 4 1 -7 -8 -9 10 -11 -9 25 4 -6 -8 -8 9 -6 -1 -5 -1 2 8 -1 -1 11 0 2 16 -10 7 -4 -3 -4 5 11 1 -15 11 14 -8 -3 6 -2 -8 -3 5 5 0 -6 -12 -5 6 5 9 7 -5 3 0 0 7 1 -10 -1 4 3
-3 4 1 -7 -8 -9 10 -11 -9 25 4 -6 -8 -8 9 -6 -1 -5 -1 2 8 -1 -1 11 0 2 16 -10 7 -4 -3 -4 5 11 1 -15 11 14 -8 -3 6 -2 -8 -3 5 5 0 -6 -12 -5 6 5 9 7 -5 3 0 0 7 1 -10 -1 4 3
-3 4 1 -7 -8 -9 10 -11 -9 25 4 -6 -8 -8 9 -6 -1 -5 -1 2 8 -1 -1 11 0 2 16 -10 7 -4 -3 -4 5 11 1 -15 11 14 -8 -3 6 -2 -8 -3 5 5 0 -6 -12 -5 6 5 9 7 -5 3 0 0 7 1 -10 -1 4 3
-3 4 1 -7 -8 -9 10 -11 -9 25 4 -6 -8 -8 9 -6 -1 -5 -1 2 8 -1 -1 11 0 2 16 -10 7 -4 -3 -4 5 11 1 -15 11 14 -8 -3 6 -2 -8 -3 5 5 0 -6 -12 -5 6 5 9 7 -5 3 0 0 7 1 -10 -1 4 3
-3 4 1 -7 -8 -9 10 -11 -9 25 4 -6 -8 -8 9 -6 -1 -5 -1 2 8 -1 -1 11 0 2 16 -10 7 -4 -3 -4 5 11 1 -15 11 14 -8 -3 6 -2 -8 -3 5 5 0 -6 -12 -5 6 5 9 7 -5 3 0 0 7 1 -10 -1 4 3
-3 4 1 -7 -8 -9 10 -11 -9 25 4 -6 -8 -8 9 -6 -1 -5 -1 2 8 -1 -1 11 0 2 16 -10 7 -4 -3 -4 5 11 1 -15 11 14 -8 -3 6 -2 -8 -3 5 5 0 -6 -12 -5 6 5 9 7 -5 3 0 0 7 1 -10 -1 4 3
-3 4 1 -7 -8 -9 10 -11 -9 25 4 -6 -8 -8 9 -6 -1 -5 -1 2 8 -1 -1 11 0 2 16 -10 7 -4 -3 -4 5 11 1 -15 11 14 -8 -3 6 -2 -8 -3 5 5 0 -6 -12 -5 6 5 9 7 -5 3 0 0 7 1 -10 -1 4 3
-3 4 1 -7 -8 -9 10 -11 -9 25 4 -6 -8 -8 9 -6 -1 -5 -1 2 8 -1 -1 11 0 2 16 -10 7 -4 -3 -4 5 11 1 -15 11 14 -8 -3 6 -2 -8 -3 5 5 0 -6 -12 -5 6 5 9 7 -5 3 0 0 7 1 -10 -1 4 3
-3 4 1 -7 -8 -9 10 -11 -9 25 4 -6 -8 -8 9 -6 -1 -5 -1 2 8 -1 -1 11 0 2 16 -10 7 -4 -3 -4 5 11 1 -15 11 14 -8 -3 6 -2 -8 -3 5 5 0 -6 -12 -5 6 5 9 7 -5 3 0 0 7 1 -10 -1 4 3
