0 7 5 6 -3 4 4 1 2 0 11 -1 12 -5 -15 2 4 3 -4 -8 -2 -10 -16 0 0 -42 10 -1 -4 -14 -2 -10 8 9 12 -3 7 -9 6 -11 -4 2 12 -10 -8 -2 -5 -4 -2 -2 -2 -1 8 7 3 10 2 0 11 7 9 -3 -9 -10
5 6 -24 -5 0 7 -1 22 2 10 -2 6 2 -16 -16 -11 -10 -1 2 -23 -10 -4 -20 -6 4 -42 -5 3 -7 0 7 -13 8 -6 7 0 -4 -5 20 9 3 12 13 9 7 -3 -3 5 -1 -8 3 4 -3 1 8 -1 -1 -28 -1 -3 0 4 12 -4
-7 3 -32 -7 -2 8 1 18 4 -1 -1 12 4 -22 -6 -9 -9 8 10 3 -8 -9 -16 -9 5 -42 5 -3 -2 3 4 -9 2 -9 6 6 -2 2 12 14 -1 9 14 9 -1 -7 0 14 3 -6 12 1 14 3 2 3 7 -26 4 2 -2 -1 -2 -8
-2 -4 -18 -1 7 19 -10 23 4 -1 1 0 -9 -28 -4 -8 -1 4 8 -2 -5 -3 -15 -5 3 -36 -4 5 -6 -8 6 2 11 -9 5 1 -2 -2 2 8 -4 6 2 12 -8 -8 6 5 4 -4 16 5 -3 -8 -2 -2 -1 -36 -9 11 5 -7 11 5
3 -8 -3 2 1 17 -7 20 -2 6 16 6 -16 -23 -9 -9 7 8 8 -8 -7 -1 -19 -6 4 -41 -4 10 -4 -3 3 -18 15 4 8 2 -2 1 18 -6 -8 8 15 2 7 -6 -1 4 -3 -1 9 0 6 12 -10 5 7 -22 7 11 -2 -4 6 -8
-4 -8 -18 13 -4 18 0 11 4 26 11 10 -6 -33 0 -11 -7 3 10 -8 1 -8 -17 2 6 -44 3 -3 7 -2 11 -17 13 -10 4 9 5 2 15 -8 3 1 10 -5 0 8 -9 6 -19 -4 -2 4 -2 12 8 0 10 -24 -3 3 4 -2 6 -4
-3 -6 -15 12 7 16 -1 7 -1 0 4 -8 -5 -32 -14 -12 -5 2 12 -13 7 1 -9 -3 8 -55 0 10 -4 3 10 -15 6 -17 -5 -5 12 -1 13 -11 1 8 12 6 2 -11 -6 15 -2 4 -3 -6 1 9 -5 1 2 -33 0 8 7 7 9 -9
-5 2 -7 7 2 7 2 5 10 17 -2 -4 -12 -23 -10 -10 -3 0 7 -7 -5 -2 -10 -6 5 -46 7 -7 2 -1 19 -35 5 -10 3 -2 2 11 8 -3 -4 -4 19 -1 4 -4 -7 7 1 -2 -3 8 6 -1 -2 -2 -1 -37 -7 2 2 1 12 -1
-22 11 -25 10 5 4 2 -10 0 13 2 5 -13 -20 -3 0 -14 -5 -11 1 -13 -5 -6 -9 -2 -47 1 2 -11 -8 13 -26 6 2 5 10 0 3 1 6 -23 6 6 -1 9 1 -6 4 5 -14 9 5 2 1 -6 0 -2 -27 -5 12 6 2 18 4
-8 4 -6 6 14 4 -8 -8 4 6 -3 12 -15 -12 -12 -15 -17 2 8 0 -10 -4 -7 -24 1 -49 3 -1 6 3 12 -33 7 -3 -8 6 -2 -5 15 -8 12 11 12 -2 13 6 -12 13 4 -7 15 -3 13 -1 -16 8 -4 -23 23 15 12 8 17 12
-24 3 -33 -1 13 -3 -7 -12 3 4 1 1 -7 -19 -8 3 -8 -3 -13 -6 -8 2 -8 -15 -2 -35 4 -4 -10 4 17 -20 6 15 6 3 -5 -7 3 -1 -16 1 8 7 3 -7 2 14 -2 -8 17 3 -1 6 -13 8 0 -17 0 14 5 1 11 11
-8 -9 -15 19 10 -1 -5 -11 6 6 10 11 -5 -31 -7 4 -8 0 2 2 -5 -15 -28 -2 5 -34 4 0 2 5 14 -32 -10 -12 -4 -14 11 -1 -1 -9 -9 4 -4 -1 -8 -5 -7 8 9 -11 11 -1 -5 14 -3 19 9 -4 -2 17 7 14 11 0
-14 -9 -9 9 5 0 -1 -18 6 -2 0 0 -8 -24 -2 -9 -3 1 7 -3 -2 -4 -24 1 0 -34 -2 2 -1 -10 12 -19 10 -5 0 0 6 1 -1 9 -7 2 2 12 -5 -6 -1 6 -1 -3 19 -5 2 -7 -4 -6 -3 -14 -5 27 9 -4 24 0
4 -16 3 12 2 -3 7 -8 -2 19 -1 -3 -5 -20 -15 -15 -8 9 19 -3 -6 -10 -24 6 -7 -42 -10 10 9 -1 20 -28 3 -12 10 1 -7 13 1 -1 -8 9 16 6 -2 -7 1 3 -3 0 5 1 8 -4 -1 -4 0 -15 -1 27 9 1 22 -9
4 -16 2 6 2 3 9 -13 -4 4 -1 2 -16 -12 2 -16 -19 -1 6 10 -1 -5 -22 -1 1 -41 8 2 5 3 9 -28 8 -4 -13 6 -1 -2 13 -6 10 11 12 1 5 8 -16 13 7 -3 18 -2 15 -3 -15 11 -11 -7 26 27 6 0 23 13
-4 -17 -15 11 10 -3 19 -19 -3 -4 2 4 -2 -10 2 -13 -3 -1 5 12 4 -5 -27 10 -2 -41 5 -2 -6 15 25 -23 14 5 -1 0 3 -5 -10 -9 -3 15 10 4 1 -10 -4 5 6 -5 -2 -3 2 11 -13 2 -11 -17 0 32 1 0 19 10
0 -6 -6 20 -3 -4 11 -8 -10 -1 9 -1 -10 -2 -10 -13 -7 0 8 7 10 -7 -24 5 3 -36 7 -1 -5 6 20 -30 9 5 3 14 2 2 -2 -16 0 3 17 10 6 4 -14 17 -8 -4 6 3 3 8 -18 8 -5 -3 -8 22 -7 -12 7 3
2 1 -8 9 -7 -3 9 -11 -4 -2 1 0 -20 5 4 -10 -16 -1 -7 -9 -7 -7 -23 11 10 -43 1 3 -6 10 14 -26 16 -8 3 3 11 -3 -10 -24 4 11 15 1 4 7 -17 7 -13 -11 8 4 3 0 -14 8 -4 -5 -5 17 -1 -11 15 3
-9 0 -13 13 6 -8 15 -8 2 11 11 -2 -14 -5 -17 -6 -25 9 -4 -3 2 -17 -26 11 9 -38 10 3 -5 12 4 -23 -4 -3 13 14 5 6 -8 -27 -1 10 -2 8 9 5 -14 19 0 -6 1 7 0 5 -14 11 -5 0 -11 20 -3 -14 2 -5
-2 1 -4 13 5 -6 0 5 -1 11 7 1 -3 1 -12 -14 -10 5 -2 -5 4 -5 -29 11 -2 -40 13 1 -7 7 8 -39 8 -12 12 -2 -3 3 4 -15 3 9 11 1 8 -13 -17 5 -3 -3 8 1 -1 1 0 6 7 -2 11 22 -11 -5 4 -9
-12 0 -1 8 7 -8 6 10 11 16 -13 -5 -9 -11 -9 -23 -6 14 -4 -5 7 -4 -30 19 2 -42 5 -6 -2 1 -3 -29 7 -19 5 0 -2 13 2 -12 -6 2 15 5 5 5 -23 12 10 -6 5 4 1 -2 -1 4 -9 -6 -5 25 -3 -5 2 -17
-2 -1 -12 2 -6 -4 -2 14 7 14 -4 2 1 0 -2 -4 -13 -2 -2 2 0 -6 -32 18 -11 -47 2 -3 -16 2 -10 -19 6 -2 3 -7 7 -16 1 -8 -12 2 8 8 1 3 -14 8 8 -11 6 -11 12 -19 -5 0 -9 1 8 17 -4 -4 -6 -9
-3 -18 -3 4 -14 -5 4 25 17 -1 2 4 2 -8 1 -3 -9 5 2 -6 -5 -3 -31 28 -1 -44 7 -4 -9 4 -4 -27 6 -3 5 6 3 -7 -7 -13 -1 2 -4 4 -2 -1 -14 0 7 -16 5 -2 17 -4 4 -1 -10 -4 3 26 -3 0 -9 11
-8 -27 -10 1 -12 -11 5 26 14 -1 0 2 -1 -10 0 -8 -8 4 0 0 -11 0 -20 27 -4 -44 7 -3 -8 7 -2 -12 0 -7 -4 2 4 -7 5 -24 2 10 -7 1 1 -3 -4 -4 11 -14 6 3 15 -6 5 -1 -8 -14 5 22 0 4 -8 15
-5 -23 -9 -14 -20 -13 3 22 -7 -4 12 0 -5 -1 -4 -15 -17 1 4 3 -1 2 -5 35 8 -46 -8 -5 -5 -9 7 -7 -4 2 7 1 -5 -9 1 -13 4 4 11 0 11 -3 0 7 -4 0 5 -4 16 -15 30 -6 -2 -17 -2 17 9 1 -6 11
-7 -20 -7 -4 2 -7 7 23 4 2 3 -8 -4 1 2 -4 -5 6 3 13 0 -3 1 31 3 -27 -4 11 -9 -7 -1 5 4 -3 2 -2 -8 -1 2 -22 -8 0 -8 4 -5 -12 7 8 11 -10 9 7 -1 -7 -3 2 2 -24 -6 22 -3 -13 -3 13
1 -15 4 -1 -2 -8 3 25 -3 9 17 5 -14 4 -10 -6 4 9 4 -4 -5 0 -1 17 6 -43 -7 11 -4 -6 1 -15 11 10 9 1 3 -1 21 -29 -2 5 13 -3 11 -5 -2 -3 -4 -2 4 0 2 12 -1 5 7 -14 2 16 -2 -4 -9 -6
-12 -9 -6 4 0 -6 5 23 3 21 11 5 -7 -3 -4 -8 -10 6 4 -5 1 -5 -8 25 1 -41 -1 -1 8 -4 9 -23 11 -6 5 8 6 2 13 -30 5 1 4 -5 2 8 -9 2 -13 -12 -2 5 -2 10 14 2 11 -11 -7 13 3 -7 -18 -3
-12 -8 1 1 13 -14 -5 26 5 -2 2 -15 -5 -9 -16 -10 -4 7 9 -15 7 1 -3 17 9 -47 3 10 -5 1 3 -16 7 -14 0 -1 13 2 8 -32 9 9 6 -1 1 -9 -4 10 -2 -9 3 -9 -3 6 10 -1 5 -13 1 15 4 2 -18 -7
-5 -4 4 -5 5 -19 -8 28 10 20 -2 -4 -10 -11 -14 -6 -2 3 3 -5 -3 -1 -5 11 2 -42 6 -6 1 -2 14 -30 5 -7 5 -1 2 13 5 -22 -1 -5 13 -6 8 -6 -5 5 -1 -8 -2 10 2 -5 13 -3 1 -17 -8 19 1 0 -21 -1
-19 -7 -7 -10 8 -23 -2 18 4 12 -4 10 -9 -21 1 -5 -9 -5 -12 2 -2 -4 4 11 2 -38 -9 -3 -13 -3 5 -11 1 6 10 12 -8 3 0 -14 -12 7 -1 -6 6 -1 -1 8 0 -18 15 3 -3 4 5 1 0 -12 -1 30 6 -3 -20 4
-14 -4 -12 -16 -3 -31 -3 17 -4 12 6 10 -13 -21 3 8 -12 -5 -18 -1 -8 10 6 -3 -16 -42 4 -9 -8 -5 9 -18 3 14 13 7 -2 -6 8 -13 -20 -4 1 -1 9 3 4 11 -1 -9 19 10 -4 -4 1 0 8 -3 -6 26 1 4 -35 5
-5 -16 7 9 0 -22 -2 16 6 5 7 14 -6 -34 5 1 -1 -4 2 7 -1 -11 4 4 5 -34 -2 1 5 5 12 -17 -12 -10 -5 -10 12 -4 4 -24 -3 3 -4 -3 -5 -8 -1 4 11 -11 10 0 -12 12 10 17 7 3 -2 21 7 9 -21 0
3 -8 18 -1 -7 -28 3 11 -4 0 6 10 -7 -23 2 -7 -9 -3 1 2 -9 -1 12 -1 -1 -34 -8 -1 -12 -13 3 -11 3 -4 10 1 9 3 -2 -14 1 5 1 0 8 -4 9 -2 -5 -7 6 1 6 0 0 -8 -3 -7 -5 25 5 -10 -3 10
0 -8 18 12 -14 -26 5 12 -8 0 10 -1 -11 -23 -8 -12 -3 2 10 8 7 0 7 -8 5 -38 3 -2 -4 3 20 -23 9 10 6 19 4 0 -1 -25 5 4 16 6 3 6 -9 16 -7 -8 5 5 0 7 -8 9 -6 4 -6 26 -9 -15 -21 3
-1 2 19 3 -17 -23 4 8 0 -6 0 -2 -20 -21 12 -12 -13 1 -8 -5 -3 -6 12 -8 8 -42 0 -1 -4 6 15 -16 15 -12 5 8 11 -5 -6 -33 1 14 13 -2 3 6 -9 6 -14 -13 9 3 -1 -2 -5 6 -2 4 -2 17 -2 -13 -9 3
-9 -3 5 6 -9 -30 17 5 -2 12 12 1 -13 -21 -11 -5 -18 12 -5 -1 6 -14 9 -9 11 -38 10 3 -4 9 10 -13 0 3 12 16 5 4 -7 -33 1 9 -1 6 8 3 -10 18 -3 -7 1 6 -4 4 -5 8 -3 2 -8 19 -4 -12 -20 -6
-1 7 18 12 -3 -28 7 9 -1 11 8 0 -3 -10 -11 -14 -7 10 -1 -8 5 -2 4 -8 0 -41 11 -2 -6 3 14 -33 8 -11 18 -2 -6 1 4 -23 4 11 11 -4 6 -10 -15 4 -5 -3 11 -1 -6 1 8 7 10 5 14 20 -12 -5 -5 -10
-10 14 21 10 2 -36 14 11 13 18 -13 -7 -8 -16 -9 -18 -7 15 -5 -1 8 -1 -2 -3 2 -42 5 -7 1 -1 5 -20 7 -15 6 -1 -1 12 0 -15 -4 3 13 2 8 3 -24 10 11 -8 2 -1 -3 -2 6 2 -8 4 0 25 -1 -4 -5 -17
-3 18 6 6 -4 -35 2 13 8 13 -10 2 3 -8 1 -2 -12 -2 -6 2 3 -3 -3 -15 -14 -44 0 -1 -16 1 -1 -13 10 -2 9 -6 10 -12 2 -11 -10 2 8 1 -1 3 -13 8 8 -12 5 -10 8 -19 2 -3 -10 14 9 17 -4 -4 -3 -9
2 -1 11 11 -11 -40 15 20 16 -3 -1 1 2 -12 2 1 -7 6 1 -6 1 -1 -11 -8 3 -43 2 0 -8 1 5 -17 2 -3 4 3 3 -7 -7 -12 2 0 -4 2 -5 -2 -19 -1 4 -17 3 -2 10 -5 16 -1 -12 20 3 25 -2 -1 -2 11
0 9 -1 -8 7 0 -7 1 -2 -5 14 -5 20 8 2 -7 -2 17 -7 14 -10 -1 5 -7 8 0 -5 6 -15 -11 -19 10 11 10 15 -11 20 4 7 1 -19 -1 -13 -6 -9 3 6 3 -11 2 8 -3 -2 7 -13 5 2 0 4 1 -1 -13 16 9
0 9 -1 -8 7 0 -7 1 -2 -5 14 -5 20 8 2 -7 -2 17 -7 14 -10 -1 5 -7 8 0 -5 6 -15 -11 -19 10 11 10 15 -11 20 4 7 1 -19 -1 -13 -6 -9 3 6 3 -11 2 8 -3 -2 7 -13 5 2 0 4 1 -1 -13 16 9
0 9 -1 -8 7 0 -7 1 -2 -5 14 -5 20 8 2 -7 -2 17 -7 14 -10 -1 5 -7 8 0 -5 6 -15 -11 -19 10 11 10 15 -11 20 4 7 1 -19 -1 -13 -6 -9 3 6 3 -11 2 8 -3 -2 7 -13 5 2 0 4 1 -1 -13 16 9
0 9 -1 -8 7 0 -7 1 -2 -5 14 -5 20 8 2 -7 -2 17 -7 14 -10 -1 5 -7 8 0 -5 6 -15 -11 -19 10 11 10 15 -11 20 4 7 1 -19 -1 -13 -6 -9 3 6 3 -11 2 8 -3 -2 7 -13 5 2 0 4 1 -1 -13 16 9
0 9 -1 -8 7 0 -7 1 -2 -5 14 -5 20 8 2 -7 -2 17 -7 14 -10 -1 5 -7 8 0 -5 6 -15 -11 -19 10 11 10 15 -11 20 4 7 1 -19 -1 -13 -6 -9 3 6 3 -11 2 8 -3 -2 7 -13 5 2 0 4 1 -1 -13 16 9
0 9 -1 -8 7 0 -7 1 -2 -5 14 -5 20 8 2 -7 -2 17 -7 14 -10 -1 5 -7 8 0 -5 6 -15 -11 -19 10 11 10 15 -11 20 4 7 1 -19 -1 -13 -6 -9 3 6 3 -11 2 8 -3 -2 7 -13 5 2 0 4 1 -1 -13 16 9
0 9 -1 -8 7 0 -7 1 -2 -5 14 -5 20 8 2 -7 -2 17 -7 14 -10 -1 5 -7 8 0 -5 6 -15 -11 -19 10 11 10 15 -11 20 4 7 1 -19 -1 -13 -6 -9 3 6 3 -11 2 8 -3 -2 7 -13 5 2 0 4 1 -1 -13 16 9
0 9 -1 -8 7 0 -7 1 -2 -5 14 -5 20 8 2 -7 -2 17 -7 14 -10 -1 5 -7 8 0 -5 6 -15 -11 -19 10 11 10 15 -11 20 4 7 1 -19 -1 -13 -6 -9 3 6 3 -11 2 8 -3 -2 7 -13 5 2 0 4 1 -1 -13 16 9
0 9 -1 -8 7 0 -7 1 -2 -5 14 -5 20 8 2 -7 -2 17 -7 14 -10 -1 5 -7 8 0 -5 6 -15 -11 -19 10 11 10 15 -11 20 4 7 1 -19 -1 -13 -6 -9 3 6 3 -11 2 8 -3 -2 7 -13 5 2 0 4 1 -1 -13 16 9
0 9 -1 -8 7 0 -7 1 -2 -5 14 -5 20 8 2 -7 -2 17 -7 14 -10 -1 5 -7 8 0 -5 6 -15 -11 -19 10 11 10 15 -11 20 4 7 1 -19 -1 -13 -6 -9 3 6 3 -11 2 8 -3 -2 7 -13 5 2 0 4 1 -1 -13 16 9
0 9 -1 -8 7 0 -7 1 -2 -5 14 -5 20 8 2 -7 -2 17 -7 14 -10 -1 5 -7 8 0 -5 6 -15 -11 -19 10 11 10 15 -11 20 4 7 1 -19 -1 -13 -6 -9 3 6 3 -11 2 8 -3 -2 7 -13 5 2 0 4 1 -1 -13 16 9
0 9 -1 -8 7 0 -7 1 -2 -5 14 -5 20 8 2 -7 -2 17 -7 14 -10 -1 5 -7 8 0 -5 6 -15 -11 -19 10 11 10 15 -11 20 4 7 1 -19 -1 -13 -6 -9 3 6 3 -11 2 8 -3 -2 7 -13 5 2 0 4 1 -1 -13 16 9
0 9 -1 -8 7 0 -7 1 -2 -5 14 -5 20 8 2 -7 -2 17 -7 14 -10 -1 5 -7 8 0 -5 6 -15 -11 -19 10 11 10 15 -11 20 4 7 1 -19 -1 -13 -6 -9 3 6 3 -11 2 8 -3 -2 7 -13 5 2 0 4 1 -1 -13 16 9
0 9 -1 -8 7 0 -7 1 -2 -5 14 -5 20 8 2 -7 -2 17 -7 14 -10 -1 5 -7 8 0 -5 6 -15 -11 -19 10 11 10 15 -11 20 4 7 1 -19 -1 -13 -6 -9 3 6 3 -11 2 8 -3 -2 7 -13 5 2 0 4 1 -1 -13 16 9
0 9 -1 -8 7 0 -7 1 -2 -5 14 -5 20 8 2 -7 -2 17 -7 14 -10 -1 5 -7 8 0 -5 6 -15 -11 -19 10 11 10 15 -11 20 4 7 1 -19 -1 -13 -6 -9 3 6 3 -11 2 8 -3 -2 7 -13 5 2 0 4 1 -1 -13 16 9
0 9 -1 -8 7 0 -7 1 -2 -5 14 -5 20 8 2 -7 -2 17 -7 14 -10 -1 5 -7 8 0 -5 6 -15 -11 -19 10 11 10 15 -11 20 4 7 1 -19 -1 -13 -6 -9 3 6 3 -11 2 8 -3 -2 7 -13 5 2 0 4 1 -1 -13 16 9
0 9 -1 -8 7 0 -7 1 -2 -5 14 -5 20 8 2 -7 -2 17 -7 14 -10 -1 5 -7 8 0 -5 6 -15 -11 -19 10 11 10 15 -11 20 4 7 1 -19 -1 -13 -6 -9 3 6 3 -11 2 8 -3 -2 7 -13 5 2 0 4 1 -1 -13 16 9
0 9 -1 -8 7 0 -7 1 -2 -5 14 -5 20 8 2 -7 -2 17 -7 14 -10 -1 5 -7 8 0 -5 6 -15 -11 -19 10 11 10 15 -11 20 4 7 1 -19 -1 -13 -6 -9 3 6 3 -11 2 8 -3 -2 7 -13 5 2 0 4 1 -1 -13 16 9
0 9 -1 -8 7 0 -7 1 -2 -5 14 -5 20 8 2 -7 -2 17 -7 14 -10 -1 5 -7 8 0 -5 6 -15 -11 -19 10 11 10 15 -11 20 4 7 1 -19 -1 -13 -6 -9 3 6 3 -11 2 8 -3 -2 7 -13 5 2 0 4 1 -1 -13 16 9
0 9 -1 -8 7 0 -7 1 -2 -5 14 -5 20 8 2 -7 -2 17 -7 14 -10 -1 5 -7 8 0 -5 6 -15 -11 -19 10 11 10 15 -11 20 4 7 1 -19 -1 -13 -6 -9 3 6 3 -11 2 8 -3 -2 7 -13 5 2 0 4 1 -1 -13 16 9
0 9 -1 -8 7 0 -7 1 -2 -5 14 -5 20 8 2 -7 -2 17 -7 14 -10 -1 5 -7 8 0 -5 6 -15 -11 -19 10 11 10 15 -11 20 4 7 1 -19 -1 -13 -6 -9 3 6 3 -11 2 8 -3 -2 7 -13 5 2 0 4 1 -1 -13 16 9
0 9 -1 -8 7 0 -7 1 -2 -5 14 -5 20 8 2 -7 -2 17 -7 14 -10 -1 5 -7 8 0 -5 6 -15 -11 -19 10 11 10 15 -11 20 4 7 1 -19 -1 -13 -6 -9 3 6 3 -11 2 8 -3 -2 7 -13 5 2 0 4 1 -1 -13 16 9
0 9 -1 -8 7 0 -7 1 -2 -5 14 -5 20 8 2 -7 -2 17 -7 14 -10 -1 5 -7 8 0 -5 6 -15 -11 -19 10 11 10 15 -11 20 4 7 1 -19 -1 -13 -6 -9 3 6 3 -11 2 8 -3 -2 7 -13 5 2 0 4 1 -1 -13 16 9
0 9 -1 -8 7 0 -7 1 -2 -5 14 -5 20 8 2 -7 -2 17 -7 14 -10 -1 5 -7 8 0 -5 6 -15 -11 -19 10 11 10 15 -11 20 4 7 1 -19 -1 -13 -6 -9 3 6 3 -11 2 8 -3 -2 7 -13 5 2 0 4 1 -1 -13 16 9
0 9 -1 -8 7 0 -7 1 -2 -5 14 -5 20 8 2 -7 -2 17 -7 14 -10 -1 5 -7 8 0 -5 6 -15 -11 -19 10 11 10 15 -11 20 4 7 1 -19 -1 -13 -6 -9 3 6 3 -11 2 8 -3 -2 7 -13 5 2 0 4 1 -1 -13 16 9
0 9 -1 -8 7 0 -7 1 -2 -5 14 -5 20 8 2 -7 -2 17 -7 14 -10 -1 5 -7 8 0 -5 6 -15 -11 -19 10 11 10 15 -11 20 4 7 1 -19 -1 -13 -6 -9 3 6 3 -11 2 8 -3 -2 7 -13 5 2 0 4 1 -1 -13 16 9
0 9 -1 -8 7 0 -7 1 -2 -5 14 -5 20 8 2 -7 -2 17 -7 14 -10 -1 5 -7 8 0 -5 6 -15 -11 -19 10 11 10 15 -11 20 4 7 1 -19 -1 -13 -6 -9 3 6 3 -11 2 8 -3 -2 7 -13 5 2 0 4 1 -1 -13 16 9
0 9 -1 -8 7 0 -7 1 -2 -5 14 -5 20 8 2 -7 -2 17 -7 14 -10 -1 5 -7 8 0 -5 6 -15 -11 -19 10 11 10 15 -11 20 4 7 1 -19 -1 -13 -6 -9 3 6 3 -11 2 8 -3 -2 7 -13 5 2 0 4 1 -1 -13 16 9
0 9 -1 -8 7 0 -7 1 -2 -5 14 -5 20 8 2 -7 -2 17 -7 14 -10 -1 5 -7 8 0 -5 6 -15 -11 -19 10 11 10 15 -11 20 4 7 1 -19 -1 -13 -6 -9 3 6 3 -11 2 8 -3 -2 7 -13 5 2 0 4 1 -1 -13 16 9
0 9 -1 -8 7 0 -7 1 -2 -5 14 -5 20 8 2 -7 -2 17 -7 14 -10 -1 5 -7 8 0 -5 6 -15 -11 -19 10 11 10 15 -11 20 4 7 1 -19 -1 -13 -6 -9 3 6 3 -11 2 8 -3 -2 7 -13 5 2 0 4 1 -1 -13 16 9
0 9 -1 -8 7 0 -7 1 -2 -5 14 -5 20 8 2 -7 -2 17 -7 14 -10 -1 5 -7 8 0 -5 6 -15 -11 -19 10 11 10 15 -11 20 4 7 1 -19 -1 -13 -6 -9 3 6 3 -11 2 8 -3 -2 7 -13 5 2 0 4 1 -1 -13 16 9
0 9 -1 -8 7 0 -7 1 -2 -5 14 -5 20 8 2 -7 -2 17 -7 14 -10 -1 5 -7 8 0 -5 6 -15 -11 -19 10 11 10 15 -11 20 4 7 1 -19 -1 -13 -6 -9 3 6 3 -11 2 8 -3 -2 7 -13 5 2 0 4 1 -1 -13 16 9
0 9 -1 -8 7 0 -7 1 -2 -5 14 -5 20 8 2 -7 -2 17 -7 14 -10 -1 5 -7 8 0 -5 6 -15 -11 -19 10 11 10 15 -11 20 4 7 1 -19 -1 -13 -6 -9 3 6 3 -11 2 8 -3 -2 7 -13 5 2 0 4 1 -1 -13 16 9
0 9 -1 -8 7 0 -7 1 -2 -5 14 -5 20 8 2 -7 -2 17 -7 14 -10 -1 5 -7 8 0 -5 6 -15 -11 -19 10 11 10 15 -11 20 4 7 1 -19 -1 -13 -6 -9 3 6 3 -11 2 8 -3 -2 7 -13 5 2 0 4 1 -1 -13 16 9
0 9 -1 -8 7 0 -7 1 -2 -5 14 -5 20 8 2 -7 -2 17 -7 14 -10 -1 5 -7 8 0 -5 6 -15 -11 -19 10 11 10 15 -11 20 4 7 1 -19 -1 -13 -6 -9 3 6 3 -11 2 8 -3 -2 7 -13 5 2 0 4 1 -1 -13 16 9
0 9 -1 -8 7 0 -7 1 -2 -5 14 -5 20 8 2 -7 -2 17 -7 14 -10 -1 5 -7 8 0 -5 6 -15 -11 -19 10 11 10 15 -11 20 4 7 1 -19 -1 -13 -6 -9 3 6 3 -11 2 8 -3 -2 7 -13 5 2 0 4 1 -1 -13 16 9
0 9 -1 -8 7 0 -7 1 -2 -5 14 -5 20 8 2 -7 -2 17 -7 14 -10 -1 5 -7 8 0 -5 6 -15 -11 -19 10 11 10 15 -11 20 4 7 1 -19 -1 -13 -6 -9 3 6 3 -11 2 8 -3 -2 7 -13 5 2 0 4 1 -1 -13 16 9
0 9 -1 -8 7 0 -7 1 -2 -5 14 -5 20 8 2 -7 -2 17 -7 14 -10 -1 5 -7 8 0 -5 6 -15 -11 -19 10 11 10 15 -11 20 4 7 1 -19 -1 -13 -6 -9 3 6 3 -11 2 8 -3 -2 7 -13 5 2 0 4 1 -1 -13 16 9
0 9 -1 -8 7 0 -7 1 -2 -5 14 -5 20 8 2 -7 -2 17 -7 14 -10 -1 5 -7 8 0 -5 6 -15 -11 -19 10 11 10 15 -11 20 4 7 1 -19 -1 -13 -6 -9 3 6 3 -11 2 8 -3 -2 7 -13 5 2 0 4 1 -1 -13 16 9
0 9 -1 -8 7 0 -7 1 -2 -5 14 -5 20 8 2 -7 -2 17 -7 14 -10 -1 5 -7 8 0 -5 6 -15 -11 -19 10 11 10 15 -11 20 4 7 1 -19 -1 -13 -6 -9 3 6 3 -11 2 8 -3 -2 7 -13 5 2 0 4 1 -1 -13 16 9
0 9 -1 -8 7 0 -7 1 -2 -5 14 -5 20 8 2 -7 -2 17 -7 14 -10 -1 5 -7 8 0 -5 6 -15 -11 -19 10 11 10 15 -11 20 4 7 1 -19 -1 -13 -6 -9 3 6 3 -11 2 8 -3 -2 7 -13 5 2 0 4 1 -1 -13 16 9
0 9 -1 -8 7 0 -7 1 -2 -5 14 -5 20 8 2 -7 -2 17 -7 14 -10 -1 5 -7 8 0 -5 6 -15 -11 -19 10 11 10 15 -11 20 4 7 1 -19 -1 -13 -6 -9 3 6 3 -11 2 8 -3 -2 7 -13 5 2 0 4 1 -1 -13 16 9
0 9 -1 -8 7 0 -7 1 -2 -5 14 -5 20 8 2 -7 -2 17 -7 14 -10 -1 5 -7 8 0 -5 6 -15 -11 -19 10 11 10 15 -11 20 4 7 1 -19 -1 -13 -6 -9 3 6 3 -11 2 8 -3 -2 7 -13 5 2 0 4 1 -1 -13 16 9
0 9 -1 -8 7 0 -7 1 -2 -5 14 -5 20 8 2 -7 -2 17 -7 14 -10 -1 5 -7 8 0 -5 6 -15 -11 -19 10 11 10 15 -11 20 4 7 1 -19 -1 -13 -6 -9 3 6 3 -11 2 8 -3 -2 7 -13 5 2 0 4 1 -1 -13 16 9
0 9 -1 -8 7 0 -7 1 -2 -5 14 -5 20 8 2 -7 -2 17 -7 14 -10 -1 5 -7 8 0 -5 6 -15 -11 -19 10 11 10 15 -11 20 4 7 1 -19 -1 -13 -6 -9 3 6 3 -11 2 8 -3 -2 7 -13 5 2 0 4 1 -1 -13 16 9
0 9 -1 -8 7 0 -7 1 -2 -5 14 -5 20 8 2 -7 -2 17 -7 14 -10 -1 5 -7 8 0 -5 6 -15 -11 -19 10 11 10 15 -11 20 4 7 1 -19 -1 -13 -6 -9 3 6 3 -11 2 8 -3 -2 7 -13 5 2 0 4 1 -1 -13 16 9
0 9 -1 -8 7 0 -7 1 -2 -5 14 -5 20 8 2 -7 -2 17 -7 14 -10 -1 5 -7 8 0 -5 6 -15 -11 -19 10 11 10 15 -11 20 4 7 1 -19 -1 -13 -6 -9 3 6 3 -11 2 8 -3 -2 7 -13 5 2 0 4 1 -1 -13 16 9
0 9 -1 -8 7 0 -7 1 -2 -5 14 -5 20 8 2 -7 -2 17 -7 14 -10 -1 5 -7 8 0 -5 6 -15 -11 -19 10 11 10 15 -11 20 4 7 1 -19 -1 -13 -6 -9 3 6 3 -11 2 8 -3 -2 7 -13 5 2 0 4 1 -1 -13 16 9
0 9 -1 -8 7 0 -7 1 -2 -5 14 -5 20 8 2 -7 -2 17 -7 14 -10 -1 5 -7 8 0 -5 6 -15 -11 -19 10 11 10 15 -11 20 4 7 1 -19 -1 -13 -6 -9 3 6 3 -11 2 8 -3 -2 7 -13 5 2 0 4 1 -1 -13 16 9
0 9 -1 -8 7 0 -7 1 -2 -5 14 -5 20 8 2 -7 -2 17 -7 14 -10 -1 5 -7 8 0 -5 6 -15 -11 -19 10 11 10 15 -11 20 4 7 1 -19 -1 -13 -6 -9 3 6 3 -11 2 8 -3 -2 7 -13 5 2 0 4 1 -1 -13 16 9
0 9 -1 -8 7 0 -7 1 -2 -5 14 -5 20 8 2 -7 -2 17 -7 14 -10 -1 5 -7 8 0 -5 6 -15 -11 -19 10 11 10 15 -11 20 4 7 1 -19 -1 -13 -6 -9 3 6 3 -11 2 8 -3 -2 7 -13 5 2 0 4 1 -1 -13 16 9
0 9 -1 -8 7 0 -7 1 -2 -5 14 -5 20 8 2 -7 -2 17 -7 14 -10 -1 5 -7 8 0 -5 6 -15 -11 -19 10 11 10 15 -11 20 4 7 1 -19 -1 -13 -6 -9 3 6 3 -11 2 8 -3 -2 7 -13 5 2 0 4 1 -1 -13 16 9
0 9 -1 -8 7 0 -7 1 -2 -5 14 -5 20 8 2 -7 -2 17 -7 14 -10 -1 5 -7 8 0 -5 6 -15 -11 -19 10 11 10 15 -11 20 4 7 1 -19 -1 -13 -6 -9 3 6 3 -11 2 8 -3 -2 7 -13 5 2 0 4 1 -1 -13 16 9
0 9 -1 -8 7 0 -7 1 -2 -5 14 -5 20 8 2 -7 -2 17 -7 14 -10 -1 5 -7 8 0 -5 6 -15 -11 -19 10 11 10 15 -11 20 4 7 1 -19 -1 -13 -6 -9 3 6 3 -11 2 8 -3 -2 7 -13 5 2 0 4 1 -1 -13 16 9
0 9 -1 -8 7 0 -7 1 -2 -5 14 -5 20 8 2 -7 -2 17 -7 14 -10 -1 5 -7 8 0 -5 6 -15 -11 -19 10 11 10 15 -11 20 4 7 1 -19 -1 -13 -6 -9 3 6 3 -11 2 8 -3 -2 7 -13 5 2 0 4 1 -1 -13 16 9
0 9 -1 -8 7 0 -7 1 -2 -5 14 -5 20 8 2 -7 -2 17 -7 14 -10 -1 5 -7 8 0 -5 6 -15 -11 -19 10 11 10 15 -11 20 4 7 1 -19 -1 -13 -6 -9 3 6 3 -11 2 8 -3 -2 7 -13 5 2 0 4 1 -1 -13 16 9
0 9 -1 -8 7 0 -7 1 -2 -5 14 -5 20 8 2 -7 -2 17 -7 14 -10 -1 5 -7 8 0 -5 6 -15 -11 -19 10 11 10 15 -11 20 4 7 1 -19 -1 -13 -6 -9 3 6 3 -11 2 8 -3 -2 7 -13 5 2 0 4 1 -1 -13 16 9
0 9 -1 -8 7 0 -7 1 -2 -5 14 -5 20 8 2 -7 -2 17 -7 14 -10 -1 5 -7 8 0 -5 6 -15 -11 -19 10 11 10 15 -11 20 4 7 1 -19 -1 -13 -6 -9 3 6 3 -11 2 8 -3 -2 7 -13 5 2 0 4 1 -1 -13 16 9
0 9 -1 -8 7 0 -7 1 -2 -5 14 -5 20 8 2 -7 -2 17 -7 14 -10 -1 5 -7 8 0 -5 6 -15 -11 -19 10 11 10 15 -11 20 4 7 1 -19 -1 -13 -6 -9 3 6 3 -11 2 8 -3 -2 7 -13 5 2 0 4 1 -1 -13 16 9
0 9 -1 -8 7 0 -7 1 -2 -5 14 -5 20 8 2 -7 -2 17 -7 14 -10 -1 5 -7 8 0 -5 6 -15 -11 -19 10 11 10 15 -11 20 4 7 1 -19 -1 -13 -6 -9 3 6 3 -11 2 8 -3 -2 7 -13 5 2 0 4 1 -1 -13 16 9
0 9 -1 -8 7 0 -7 1 -2 -5 14 -5 20 8 2 -7 -2 17 -7 14 -10 -1 5 -7 8 0 -5 6 -15 -11 -19 10 11 10 15 -11 20 4 7 1 -19 -1 -13 -6 -9 3 6 3 -11 2 8 -3 -2 7 -13 5 2 0 4 1 -1 -13 16 9
0 9 -1 -8 7 0 -7 1 -2 -5 14 -5 20 8 2 -7 -2 17 -7 14 -10 -1 5 -7 8 0 -5 6 -15 -11 -19 10 11 10 15 -11 20 4 7 1 -19 -1 -13 -6 -9 3 6 3 -11 2 8 -3 -2 7 -13 5 2 0 4 1 -1 -13 16 9
0 9 -1 -8 7 0 -7 1 -2 -5 14 -5 20 8 2 -7 -2 17 -7 14 -10 -1 5 -7 8 0 -5 6 -15 -11 -19 10 11 10 15 -11 20 4 7 1 -19 -1 -13 -6 -9 3 6 3 -11 2 8 -3 -2 7 -13 5 2 0 4 1 -1 -13 16 9
0 9 -1 -8 7 0 -7 1 -2 -5 14 -5 20 8 2 -7 -2 17 -7 14 -10 -1 5 -7 8 0 -5 6 -15 -11 -19 10 11 10 15 -11 20 4 7 1 -19 -1 -13 -6 -9 3 6 3 -11 2 8 -3 -2 7 -13 5 2 0 4 1 -1 -13 16 9
0 9 -1 -8 7 0 -7 1 -2 -5 14 -5 20 8 2 -7 -2 17 -7 14 -10 -1 5 -7 8 0 -5 6 -15 -11 -19 10 11 10 15 -11 20 4 7 1 -19 -1 -13 -6 -9 3 6 3 -11 2 8 -3 -2 7 -13 5 2 0 4 1 -1 -13 16 9
0 9 -1 -8 7 0 -7 1 -2 -5 14 -5 20 8 2 -7 -2 17 -7 14 -10 -1 5 -7 8 0 -5 6 -15 -11 -19 10 11 10 15 -11 20 4 7 1 -19 -1 -13 -6 -9 3 6 3 -11 2 8 -3 -2 7 -13 5 2 0 4 1 -1 -13 16 9
0 9 -1 -8 7 0 -7 1 -2 -5 14 -5 20 8 2 -7 -2 17 -7 14 -10 -1 5 -7 8 0 -5 6 -15 -11 -19 10 11 10 15 -11 20 4 7 1 -19 -1 -13 -6 -9 3 6 3 -11 2 8 -3 -2 7 -13 5 2 0 4 1 -1 -13 16 9
0 9 -1 -8 7 0 -7 1 -2 -5 14 -5 20 8 2 -7 -2 17 -7 14 -10 -1 5 -7 8 0 -5 6 -15 -11 -19 10 11 10 15 -11 20 4 7 1 -19 -1 -13 -6 -9 3 6 3 -11 2 8 -3 -2 7 -13 5 2 0 4 1 -1 -13 16 9
0 9 -1 -8 7 0 -7 1 -2 -5 14 -5 20 8 2 -7 -2 17 -7 14 -10 -1 5 -7 8 0 -5 6 -15 -11 -19 10 11 10 15 -11 20 4 7 1 -19 -1 -13 -6 -9 3 6 3 -11 2 8 -3 -2 7 -13 5 2 0 4 1 -1 -13 16 9
0 9 -1 -8 7 0 -7 1 -2 -5 14 -5 20 8 2 -7 -2 17 -7 14 -10 -1 5 -7 8 0 -5 6 -15 -11 -19 10 11 10 15 -11 20 4 7 1 -19 -1 -13 -6 -9 3 6 3 -11 2 8 -3 -2 7 -13 5 2 0 4 1 -1 -13 16 9
0 9 -1 -8 7 0 -7 1 -2 -5 14 -5 20 8 2 -7 -2 17 -7 14 -10 -1 5 -7 8 0 -5 6 -15 -11 -19 10 11 10 15 -11 20 4 7 1 -19 -1 -13 -6 -9 3 6 3 -11 2 8 -3 -2 7 -13 5 2 0 4 1 -1 -13 16 9
0 9 -1 -8 7 0 -7 1 -2 -5 14 -5 20 8 2 -7 -2 17 -7 14 -10 -1 5 -7 8 0 -5 6 -15 -11 -19 10 11 10 15 -11 20 4 7 1 -19 -1 -13 -6 -9 3 6 3 -11 2 8 -3 -2 7 -13 5 2 0 4 1 -1 -13 16 9
0 9 -1 -8 7 0 -7 1 -2 -5 14 -5 20 8 2 -7 -2 17 -7 14 -10 -1 5 -7 8 0 -5 6 -15 -11 -19 10 11 10 15 -11 20 4 7 1 -19 -1 -13 -6 -9 3 6 3 -11 2 8 -3 -2 7 -13 5 2 0 4 1 -1 -13 16 9
0 9 -1 -8 7 0 -7 1 -2 -5 14 -5 20 8 2 -7 -2 17 -7 14 -10 -1 5 -7 8 0 -5 6 -15 -11 -19 10 11 10 15 -11 20 4 7 1 -19 -1 -13 -6 -9 3 6 3 -11 2 8 -3 -2 7 -13 5 2 0 4 1 -1 -13 16 9
0 9 -1 -8 7 0 -7 1 -2 -5 14 -5 20 8 2 -7 -2 17 -7 14 -10 -1 5 -7 8 0 -5 6 -15 -11 -19 10 11 10 15 -11 20 4 7 1 -19 -1 -13 -6 -9 3 6 3 -11 2 8 -3 -2 7 -13 5 2 0 4 1 -1 -13 16 9
0 9 -1 -8 7 0 -7 1 -2 -5 14 -5 20 8 2 -7 -2 17 -7 14 -10 -1 5 -7 8 0 -5 6 -15 -11 -19 10 11 10 15 -11 20 4 7 1 -19 -1 -13 -6 -9 3 6 3 -11 2 8 -3 -2 7 -13 5 2 0 4 1 -1 -13 16 9
0 9 -1 -8 7 0 -7 1 -2 -5 14 -5 20 8 2 -7 -2 17 -7 14 -10 -1 5 -7 8 0 -5 6 -15 -11 -19 10 11 10 15 -11 20 4 7 1 -19 -1 -13 -6 -9 3 6 3 -11 2 8 -3 -2 7 -13 5 2 0 4 1 -1 -13 16 9
0 9 -1 -8 7 0 -7 1 -2 -5 14 -5 20 8 2 -7 -2 17 -7 14 -10 -1 5 -7 8 0 -5 6 -15 -11 -19 10 11 10 15 -11 20 4 7 1 -19 -1 -13 -6 -9 3 6 3 -11 2 8 -3 -2 7 -13 5 2 0 4 1 -1 -13 16 9
0 9 -1 -8 7 0 -7 1 -2 -5 14 -5 20 8 2 -7 -2 17 -7 14 -10 -1 5 -7 8 0 -5 6 -15 -11 -19 10 11 10 15 -11 20 4 7 1 -19 -1 -13 -6 -9 3 6 3 -11 2 8 -3 -2 7 -13 5 2 0 4 1 -1 -13 16 9
0 9 -1 -8 7 0 -7 1 -2 -5 14 -5 20 8 2 -7 -2 17 -7 14 -10 -1 5 -7 8 0 -5 6 -15 -11 -19 10 11 10 15 -11 20 4 7 1 -19 -1 -13 -6 -9 3 6 3 -11 2 8 -3 -2 7 -13 5 2 0 4 1 -1 -13 16 9
0 9 -1 -8 7 0 -7 1 -2 -5 14 -5 20 8 2 -7 -2 17 -7 14 -10 -1 5 -7 8 0 -5 6 -15 -11 -19 10 11 10 15 -11 20 4 7 1 -19 -1 -13 -6 -9 3 6 3 -11 2 8 -3 -2 7 -13 5 2 0 4 1 -1 -13 16 9
0 9 -1 -8 7 0 -7 1 -2 -5 14 -5 20 8 2 -7 -2 17 -7 14 -10 -1 5 -7 8 0 -5 6 -15 -11 -19 10 11 10 15 -11 20 4 7 1 -19 -1 -13 -6 -9 3 6 3 -11 2 8 -3 -2 7 -13 5 2 0 4 1 -1 -13 16 9
0 9 -1 -8 7 0 -7 1 -2 -5 14 -5 20 8 2 -7 -2 17 -7 14 -10 -1 5 -7 8 0 -5 6 -15 -11 -19 10 11 10 15 -11 20 4 7 1 -19 -1 -13 -6 -9 3 6 3 -11 2 8 -3 -2 7 -13 5 2 0 4 1 -1 -13 16 9
0 9 -1 -8 7 0 -7 1 -2 -5 14 -5 20 8 2 -7 -2 17 -7 14 -10 -1 5 -7 8 0 -5 6 -15 -11 -19 10 11 10 15 -11 20 4 7 1 -19 -1 -13 -6 -9 3 6 3 -11 2 8 -3 -2 7 -13 5 2 0 4 1 -1 -13 16 9
0 9 -1 -8 7 0 -7 1 -2 -5 14 -5 20 8 2 -7 -2 17 -7 14 -10 -1 5 -7 8 0 -5 6 -15 -11 -19 10 11 10 15 -11 20 4 7 1 -19 -1 -13 -6 -9 3 6 3 -11 2 8 -3 -2 7 -13 5 2 0 4 1 -1 -13 16 9
0 9 -1 -8 7 0 -7 1 -2 -5 14 -5 20 8 2 -7 -2 17 -7 14 -10 -1 5 -7 8 0 -5 6 -15 -11 -19 10 11 10 15 -11 20 4 7 1 -19 -1 -13 -6 -9 3 6 3 -11 2 8 -3 -2 7 -13 5 2 0 4 1 -1 -13 16 9
0 9 -1 -8 7 0 -7 1 -2 -5 14 -5 20 8 2 -7 -2 17 -7 14 -10 -1 5 -7 8 0 -5 6 -15 -11 -19 10 11 10 15 -11 20 4 7 1 -19 -1 -13 -6 -9 3 6 3 -11 2 8 -3 -2 7 -13 5 2 0 4 1 -1 -13 16 9
