2 -2 -1 -2 -8 1 5 1 -3 -3 -5 -2 -2 86 -8 2 -6 0 4 0 3 2 -4 -1 -2 9 33 2 7 0 1 -1 -2 6 4 45 -3 0 -2 37 -2 -4 -2 8 -2 3 4 6 -2 0 -6 9 6 -3 1 1 0 9 5 -7 -4 6 -2 0
6 -20 6 8 6 -3 0 -28 0 -7 -2 -5 7 10 0 2 18 -4 11 -13 10 -22 -2 16 -2 17 -5 -7 2 4 -2 -25 0 1 12 -6 5 -21 -16 -25 -5 10 -8 23 -15 2 -16 -5 -5 -10 16 -17 10 -1 -9 8 -4 -45 -1 -29 0 -2 7 -1
5 -14 7 0 -2 -6 0 -22 5 7 1 -6 13 13 3 7 17 0 26 -16 15 -12 9 22 -9 20 -17 -16 6 8 8 -26 -17 3 11 -3 7 -17 -16 -24 -4 -10 -6 14 0 6 -7 -4 -9 -5 12 -13 2 -4 7 -1 -7 -31 -1 -27 9 5 0 11
14 -12 2 -5 -5 -5 4 -25 3 -4 8 -1 3 20 5 0 14 -10 10 -5 9 -15 3 18 -5 18 -24 -18 3 5 -4 -22 -10 5 15 1 12 -6 -17 -31 -2 -1 -1 10 -9 5 -9 16 -6 -2 5 -2 1 8 1 0 -10 -41 -5 -28 1 -2 -4 -6
15 -13 6 3 0 -4 0 -6 -9 8 5 15 5 10 7 12 22 -9 1 4 4 -6 7 31 -23 11 -23 -5 3 12 -22 -17 -4 5 6 -3 7 1 -12 -24 -10 -1 -8 3 -8 -1 3 7 -4 -6 -2 -7 6 -8 18 -1 2 -32 -4 -21 -4 19 9 -3
7 -7 1 0 13 -5 -13 -11 -16 7 7 9 19 6 6 17 17 1 0 6 -5 -12 -6 24 5 13 -25 -11 -4 8 -5 -19 -2 24 7 -2 11 -3 -4 -21 -22 13 -25 -9 -18 6 3 -4 3 -1 -7 -7 10 -8 5 -9 2 -42 -16 -15 -5 7 -18 5
0 -15 -15 4 -5 4 0 -11 2 8 2 3 7 4 -12 23 30 -3 9 -11 3 -17 6 13 -5 2 -33 -13 -13 8 -14 -22 11 -1 11 1 2 -7 -17 -11 -10 13 0 3 -13 -4 8 1 -4 -16 -2 1 -10 2 3 6 -8 -44 -11 -12 -3 16 -12 -1
13 -15 -11 6 15 -9 -3 -6 -9 5 0 -10 -4 18 -4 18 21 8 5 -8 -4 -7 -9 8 -10 6 -28 -9 -9 2 1 -16 -1 5 12 -5 12 -21 -22 -6 -14 16 -7 1 -9 3 -10 -2 5 0 10 -11 5 -11 -2 -5 -9 -51 -17 4 -6 11 -10 6
-11 -8 0 2 -11 -18 -1 -5 -2 -5 -7 -13 17 19 7 18 37 12 33 -10 4 -27 -5 -24 -6 9 -32 -9 -5 8 -2 0 -1 2 4 -15 11 -29 -8 -14 -4 0 -10 4 -19 -6 -20 -20 6 2 0 0 6 -10 4 8 -5 -41 0 -3 -7 7 -8 3
4 -16 24 -1 0 -17 5 -8 12 -3 -3 -19 25 12 -6 18 27 5 18 -12 -4 -22 4 -26 3 9 -27 -9 -4 5 -15 -1 -3 0 12 -24 2 -19 -16 -19 -2 -6 5 4 -10 8 0 -11 2 -20 -7 -10 -2 -11 19 3 -11 -40 -16 8 -9 21 -2 2
0 -18 -3 13 -11 -17 0 -10 -11 1 -3 -14 15 19 12 4 24 -1 36 -17 -1 -9 4 -28 -15 6 -23 -8 -9 -3 -9 11 1 -3 -3 -21 9 -29 -8 -35 3 7 -9 9 -18 -5 -13 -18 -5 1 7 -11 -3 -6 11 7 -15 -37 5 3 -15 21 -4 6
5 -32 9 17 -9 -19 4 3 7 2 -6 -16 20 31 -15 13 25 12 14 0 -6 -20 3 -13 1 -4 -12 -11 -2 17 2 14 -3 22 11 -30 -3 -23 -6 -10 7 1 6 -11 -12 -3 13 -10 -7 -9 -4 10 8 -10 -10 16 3 -15 0 -10 -7 14 -15 5
13 -6 -8 -5 -4 -7 7 -3 6 -6 0 -7 7 26 -1 5 24 -5 3 -2 -16 -15 5 -18 -1 10 -30 -7 -3 3 -4 29 -5 5 11 -34 -17 -6 -12 -27 0 7 -2 -1 -10 9 -3 -7 -11 -1 -5 15 6 0 10 -3 -10 -32 -10 -9 -1 12 -1 -4
7 -12 -6 4 7 -7 8 0 -14 -4 0 -8 9 25 -6 16 23 -1 -4 -5 -25 -9 -2 1 0 5 -19 -6 -11 4 -1 31 8 -2 12 -27 -13 -8 -6 -6 -11 6 -7 -1 -5 4 -2 -5 -8 -6 10 -5 8 4 1 7 -14 -26 -10 -12 -16 19 4 3
7 -6 13 0 1 -13 8 6 12 -7 -6 -22 20 22 -4 20 17 5 20 -1 -28 -20 7 -5 0 4 -22 -13 -6 10 -11 36 -6 2 12 -33 -23 -8 -10 0 6 -4 7 -7 0 3 1 -14 2 -13 -14 -4 1 -6 19 2 -10 -25 -17 -21 -10 18 -3 0
8 -13 -16 15 -6 -12 4 0 -3 -7 -2 -5 10 10 -1 15 19 -8 6 -2 -21 -16 2 -1 -8 6 -12 -2 8 -2 -10 52 -3 6 4 -33 -23 -7 -5 0 0 20 -5 -5 -11 1 -7 -13 1 -5 -4 3 -3 -6 18 7 -15 -40 -10 -15 -6 24 -5 4
11 -4 11 -2 2 -2 7 15 -12 2 4 -9 16 -2 -6 8 34 0 -5 21 -20 -23 8 9 -15 11 -7 -1 1 10 -10 23 -12 6 -12 -25 -25 1 5 9 6 11 -12 7 -17 2 0 -20 6 0 -9 0 5 -29 29 11 -6 -19 -12 -10 -12 19 8 -16
17 1 -1 -4 9 -17 0 6 -8 -8 -15 -16 6 -11 -8 3 28 2 13 -9 -21 -5 0 1 4 7 1 0 2 8 -13 43 -11 8 6 -18 -26 -14 -14 6 -1 15 -7 4 -15 4 -4 -14 2 -11 -9 14 6 -11 19 9 -16 -34 -10 -14 -12 28 0 5
20 -20 4 9 -5 -10 3 6 -7 1 1 -7 19 -7 -2 4 18 -1 12 9 -22 -14 14 14 -4 11 16 -8 -4 0 -3 38 -13 16 6 -28 -12 -12 2 -1 -4 16 -9 -2 -8 3 -11 -10 3 -7 8 2 10 -15 16 10 -1 -23 -16 -2 -15 30 18 5
26 -10 -8 9 6 0 -16 -2 -6 1 -15 -9 4 9 0 1 26 15 11 -5 -19 -26 7 14 7 3 23 3 -6 -3 3 24 -14 9 10 -18 -18 -10 1 -5 -3 7 -19 11 -9 5 -6 -4 -11 -7 6 3 5 -3 10 -2 -16 -15 -10 -6 -4 23 -10 9
8 -12 -1 18 9 -8 -4 -2 -13 3 -3 -17 13 5 0 7 28 9 9 -5 -18 -10 15 20 1 13 18 -3 1 -8 3 29 -5 9 15 -15 -15 -6 6 -17 -11 8 -14 18 6 14 -4 3 7 24 5 10 4 -14 4 7 -3 -12 -24 -13 -3 9 -6 14
-4 -11 -9 16 7 -10 -2 3 3 1 -11 -32 6 7 -7 12 13 7 24 0 -3 -3 7 19 4 20 27 2 -4 11 -9 35 6 5 4 2 -20 -11 0 -26 -5 3 -1 11 1 9 1 3 -4 -3 19 2 1 -7 -6 5 -12 -13 -5 -33 10 13 -3 1
2 -13 -6 9 4 -5 1 5 -3 -2 -6 -20 0 6 -8 10 12 1 25 -3 -15 -11 -3 40 0 17 16 -4 -1 8 4 41 -10 5 8 3 -18 -14 -10 -26 -8 -2 -2 11 -8 -3 -7 11 -6 -2 0 14 10 -3 9 3 -7 -7 -4 -29 -1 20 -4 0
7 -8 -10 7 3 -11 0 7 -4 -3 -4 -18 8 1 -6 11 11 2 31 -9 -17 -14 -3 46 -1 25 14 -7 5 10 5 41 -10 2 15 18 -9 -14 -11 -27 -16 -1 -6 5 -11 -9 -2 9 -6 -6 1 7 12 -6 7 -2 -11 -7 -6 -29 4 19 -3 -3
7 -8 -12 11 15 -15 -5 4 3 -8 -6 -14 9 -12 -5 15 10 -1 25 0 -16 -11 1 45 8 25 8 0 10 8 5 42 -2 3 -3 37 -8 -24 -7 -28 -7 -7 -8 5 -2 -15 -1 10 -2 -17 13 10 11 -7 9 2 -5 -7 -2 -22 1 15 3 -4
16 -10 2 -1 3 -3 6 -3 11 -8 3 -15 9 -13 6 10 7 -4 20 -4 -10 -12 2 39 6 17 14 -12 7 3 1 44 -2 12 10 35 1 -8 -9 -15 2 1 -3 7 -4 -15 -1 22 1 1 4 4 6 -1 0 -2 -13 -14 -10 -17 9 9 -6 -2
13 -8 3 4 8 -3 -1 5 -4 1 -2 5 7 -19 6 5 20 -7 7 3 -11 -7 6 43 -21 12 9 -2 5 7 -22 23 -1 8 4 28 6 4 -8 -7 -11 3 -8 6 -6 -17 0 18 2 -4 2 -2 7 -9 19 -2 -2 -3 -11 -2 -4 31 11 -7
8 -5 3 6 13 -5 -12 7 -9 -1 -1 -4 14 -20 7 5 20 2 10 10 -20 -9 -5 38 11 13 20 -10 2 0 -4 17 -1 27 5 24 14 0 -3 -19 -19 7 -21 -2 -20 -5 -5 16 6 -1 -5 -3 10 -10 8 -7 -2 -4 -22 3 -3 19 -19 4
-1 -11 -14 6 -6 7 -5 2 6 10 -4 -7 6 -21 -12 3 22 1 12 -10 -10 -7 3 26 -3 4 14 -6 -9 0 -10 8 11 5 8 29 10 -4 -18 -25 -15 7 4 15 -12 -16 4 24 1 -12 10 6 -7 1 4 5 -8 8 -20 5 -7 30 -10 -1
7 -14 -14 8 12 -9 -5 3 -9 5 -3 -15 -3 -2 -1 -3 12 8 10 -5 -23 -2 -9 20 -7 5 11 -1 -11 -5 4 8 -2 10 12 29 17 -16 -19 -31 -18 8 -2 10 -8 -9 -16 26 6 5 18 -9 5 -7 -4 -2 -7 6 -19 8 -8 18 -5 4
-10 -9 1 -1 -18 -10 -5 2 8 -4 -1 -6 7 -8 0 7 20 16 32 -13 -16 -20 -3 6 -7 6 -7 -2 6 -1 1 23 -8 14 0 31 15 -8 -8 -42 -8 -3 -3 8 -5 -29 -24 22 12 -3 7 -1 6 -5 14 13 6 22 -5 -4 -9 13 -1 4
-4 -8 -4 13 -14 -11 0 -1 -9 13 3 -9 6 -11 16 -12 1 6 51 -17 -23 -1 4 -5 -4 3 -17 1 -18 -4 -4 22 -1 -1 -8 37 22 -20 -7 -54 1 -9 -3 13 -17 -27 -17 10 4 1 16 4 6 -2 7 4 -3 20 -4 -6 -7 25 -6 9
-1 -25 11 20 -10 -20 -3 4 13 5 -4 -8 15 3 -16 -3 1 9 16 3 -24 -11 0 -1 1 -10 -15 0 1 15 9 20 -5 24 12 27 22 -18 -3 -14 -1 -8 6 -6 -3 -21 6 18 -2 -9 2 5 9 -7 -19 18 7 28 -2 -3 -4 12 -17 4
-2 -9 -4 1 -8 -6 -5 2 0 8 1 2 3 3 -2 -6 2 2 4 -4 -36 -5 -6 -9 0 2 -30 3 -3 0 -1 33 4 7 9 28 16 -1 -12 -11 -7 0 -3 5 -4 -23 -15 28 14 -2 5 -3 8 -1 11 3 5 13 -16 -2 -4 -2 -6 -11
1 2 16 1 -8 -1 8 16 -8 13 8 3 12 -19 -7 -6 12 -2 -6 19 -33 -15 6 -4 -20 5 -37 9 4 6 -1 13 -9 5 -13 25 2 2 4 -8 -7 7 -14 15 -10 -10 -2 3 11 -4 -7 -8 7 -29 17 11 1 25 -15 4 -10 18 9 -18
13 6 6 2 -2 -17 -4 2 -5 4 -12 -2 -3 -21 -11 -10 3 3 14 -7 -40 5 -2 -16 -3 -6 -38 13 3 6 -7 27 -11 9 9 33 8 -10 -12 -5 -14 9 -6 7 -4 -12 -6 1 4 -11 -4 5 9 -11 8 8 -9 9 -13 2 -8 19 2 3
14 -14 6 9 -12 -9 3 3 -3 12 5 4 20 -20 -5 -8 -1 -1 7 3 -33 -6 15 -8 -10 2 -25 4 -5 -5 4 28 -13 15 3 18 15 -11 3 3 -10 14 -10 2 -3 -12 -13 -1 8 -12 10 -4 11 -15 8 10 5 17 -22 15 -14 24 16 2
22 -1 -3 10 -2 0 -21 -4 -4 10 -13 3 -1 -5 -3 -12 11 14 4 -10 -37 -16 7 -18 3 -5 -12 21 -7 -12 10 19 -11 10 6 16 3 -12 2 8 -15 8 -15 15 -2 -7 -6 -3 -7 -14 6 -5 7 0 1 0 -8 17 -15 15 -2 22 -11 6
4 -2 7 22 4 -7 -10 -7 -8 7 -7 -6 10 -8 -5 -12 11 7 2 -10 -32 1 14 -23 -3 5 -13 17 0 -15 10 25 -1 9 14 10 -4 -9 7 2 -22 10 -10 25 11 7 -4 -2 9 21 9 -2 5 -14 -6 9 5 27 -32 7 -1 8 -3 10
-9 -1 1 21 -1 -11 -9 -9 6 13 -12 -19 4 -1 -10 -8 3 8 15 -6 -24 9 4 -35 0 18 -7 26 -5 6 -1 26 5 4 3 18 -5 -15 -5 -5 -18 6 -1 23 6 2 -5 -7 -2 -7 25 -12 0 -7 -13 5 -2 22 -15 -10 13 8 0 0
-3 -1 4 13 -3 -5 -4 -11 3 9 -9 -8 -1 -2 -14 -20 2 -1 12 -7 -41 6 -6 -21 -1 17 -9 25 0 -3 9 35 -7 1 8 4 -11 -19 -12 2 -18 1 0 24 -2 -5 -7 -6 0 -8 9 0 12 1 -3 6 2 36 -11 -18 8 8 1 -2
2 -3 11 2 -7 1 12 -6 11 2 4 2 5 5 -6 24 -13 16 -4 -12 4 5 0 -18 24 23 17 6 9 7 -5 10 15 -1 -15 27 -14 -19 -5 -10 -8 -16 -10 1 -4 8 10 -9 -4 -2 3 2 5 -2 -15 -19 3 -13 -15 -5 13 -18 -15 9
2 -3 11 2 -7 1 12 -6 11 2 4 2 5 5 -6 24 -13 16 -4 -12 4 5 0 -18 24 23 17 6 9 7 -5 10 15 -1 -15 27 -14 -19 -5 -10 -8 -16 -10 1 -4 8 10 -9 -4 -2 3 2 5 -2 -15 -19 3 -13 -15 -5 13 -18 -15 9
2 -3 11 2 -7 1 12 -6 11 2 4 2 5 5 -6 24 -13 16 -4 -12 4 5 0 -18 24 23 17 6 9 7 -5 10 15 -1 -15 27 -14 -19 -5 -10 -8 -16 -10 1 -4 8 10 -9 -4 -2 3 2 5 -2 -15 -19 3 -13 -15 -5 13 -18 -15 9
2 -3 11 2 -7 1 12 -6 11 2 4 2 5 5 -6 24 -13 16 -4 -12 4 5 0 -18 24 23 17 6 9 7 -5 10 15 -1 -15 27 -14 -19 -5 -10 -8 -16 -10 1 -4 8 10 -9 -4 -2 3 2 5 -2 -15 -19 3 -13 -15 -5 13 -18 -15 9
2 -3 11 2 -7 1 12 -6 11 2 4 2 5 5 -6 24 -13 16 -4 -12 4 5 0 -18 24 23 17 6 9 7 -5 10 15 -1 -15 27 -14 -19 -5 -10 -8 -16 -10 1 -4 8 10 -9 -4 -2 3 2 5 -2 -15 -19 3 -13 -15 -5 13 -18 -15 9
2 -3 11 2 -7 1 12 -6 11 2 4 2 5 5 -6 24 -13 16 -4 -12 4 5 0 -18 24 23 17 6 9 7 -5 10 15 -1 -15 27 -14 -19 -5 -10 -8 -16 -10 1 -4 8 10 -9 -4 -2 3 2 5 -2 -15 -19 3 -13 -15 -5 13 -18 -15 9
2 -3 11 2 -7 1 12 -6 11 2 4 2 5 5 -6 24 -13 16 -4 -12 4 5 0 -18 24 23 17 6 9 7 -5 10 15 -1 -15 27 -14 -19 -5 -10 -8 -16 -10 1 -4 8 10 -9 -4 -2 3 2 5 -2 -15 -19 3 -13 -15 -5 13 -18 -15 9
2 -3 11 2 -7 1 12 -6 11 2 4 2 5 5 -6 24 -13 16 -4 -12 4 5 0 -18 24 23 17 6 9 7 -5 10 15 -1 -15 27 -14 -19 -5 -10 -8 -16 -10 1 -4 8 10 -9 -4 -2 3 2 5 -2 -15 -19 3 -13 -15 -5 13 -18 -15 9
2 -3 11 2 -7 1 12 -6 11 2 4 2 5 5 -6 24 -13 16 -4 -12 4 5 0 -18 24 23 17 6 9 7 -5 10 15 -1 -15 27 -14 -19 -5 -10 -8 -16 -10 1 -4 8 10 -9 -4 -2 3 2 5 -2 -15 -19 3 -13 -15 -5 13 -18 -15 9
2 -3 11 2 -7 1 12 -6 11 2 4 2 5 5 -6 24 -13 16 -4 -12 4 5 0 -18 24 23 17 6 9 7 -5 10 15 -1 -15 27 -14 -19 -5 -10 -8 -16 -10 1 -4 8 10 -9 -4 -2 3 2 5 -2 -15 -19 3 -13 -15 -5 13 -18 -15 9
2 -3 11 2 -7 1 12 -6 11 2 4 2 5 5 -6 24 -13 16 -4 -12 4 5 0 -18 24 23 17 6 9 7 -5 10 15 -1 -15 27 -14 -19 -5 -10 -8 -16 -10 1 -4 8 10 -9 -4 -2 3 2 5 -2 -15 -19 3 -13 -15 -5 13 -18 -15 9
2 -3 11 2 -7 1 12 -6 11 2 4 2 5 5 -6 24 -13 16 -4 -12 4 5 0 -18 24 23 17 6 9 7 -5 10 15 -1 -15 27 -14 -19 -5 -10 -8 -16 -10 1 -4 8 10 -9 -4 -2 3 2 5 -2 -15 -19 3 -13 -15 -5 13 -18 -15 9
2 -3 11 2 -7 1 12 -6 11 2 4 2 5 5 -6 24 -13 16 -4 -12 4 5 0 -18 24 23 17 6 9 7 -5 10 15 -1 -15 27 -14 -19 -5 -10 -8 -16 -10 1 -4 8 10 -9 -4 -2 3 2 5 -2 -15 -19 3 -13 -15 -5 13 -18 -15 9
2 -3 11 2 -7 1 12 -6 11 2 4 2 5 5 -6 24 -13 16 -4 -12 4 5 0 -18 24 23 17 6 9 7 -5 10 15 -1 -15 27 -14 -19 -5 -10 -8 -16 -10 1 -4 8 10 -9 -4 -2 3 2 5 -2 -15 -19 3 -13 -15 -5 13 -18 -15 9
2 -3 11 2 -7 1 12 -6 11 2 4 2 5 5 -6 24 -13 16 -4 -12 4 5 0 -18 24 23 17 6 9 7 -5 10 15 -1 -15 27 -14 -19 -5 -10 -8 -16 -10 1 -4 8 10 -9 -4 -2 3 2 5 -2 -15 -19 3 -13 -15 -5 13 -18 -15 9
2 -3 11 2 -7 1 12 -6 11 2 4 2 5 5 -6 24 -13 16 -4 -12 4 5 0 -18 24 23 17 6 9 7 -5 10 15 -1 -15 27 -14 -19 -5 -10 -8 -16 -10 1 -4 8 10 -9 -4 -2 3 2 5 -2 -15 -19 3 -13 -15 -5 13 -18 -15 9
2 -3 11 2 -7 1 12 -6 11 2 4 2 5 5 -6 24 -13 16 -4 -12 4 5 0 -18 24 23 17 6 9 7 -5 10 15 -1 -15 27 -14 -19 -5 -10 -8 -16 -10 1 -4 8 10 -9 -4 -2 3 2 5 -2 -15 -19 3 -13 -15 -5 13 -18 -15 9
2 -3 11 2 -7 1 12 -6 11 2 4 2 5 5 -6 24 -13 16 -4 -12 4 5 0 -18 24 23 17 6 9 7 -5 10 15 -1 -15 27 -14 -19 -5 -10 -8 -16 -10 1 -4 8 10 -9 -4 -2 3 2 5 -2 -15 -19 3 -13 -15 -5 13 -18 -15 9
2 -3 11 2 -7 1 12 -6 11 2 4 2 5 5 -6 24 -13 16 -4 -12 4 5 0 -18 24 23 17 6 9 7 -5 10 15 -1 -15 27 -14 -19 -5 -10 -8 -16 -10 1 -4 8 10 -9 -4 -2 3 2 5 -2 -15 -19 3 -13 -15 -5 13 -18 -15 9
2 -3 11 2 -7 1 12 -6 11 2 4 2 5 5 -6 24 -13 16 -4 -12 4 5 0 -18 24 23 17 6 9 7 -5 10 15 -1 -15 27 -14 -19 -5 -10 -8 -16 -10 1 -4 8 10 -9 -4 -2 3 2 5 -2 -15 -19 3 -13 -15 -5 13 -18 -15 9
2 -3 11 2 -7 1 12 -6 11 2 4 2 5 5 -6 24 -13 16 -4 -12 4 5 0 -18 24 23 17 6 9 7 -5 10 15 -1 -15 27 -14 -19 -5 -10 -8 -16 -10 1 -4 8 10 -9 -4 -2 3 2 5 -2 -15 -19 3 -13 -15 -5 13 -18 -15 9
2 -3 11 2 -7 1 12 -6 11 2 4 2 5 5 -6 24 -13 16 -4 -12 4 5 0 -18 24 23 17 6 9 7 -5 10 15 -1 -15 27 -14 -19 -5 -10 -8 -16 -10 1 -4 8 10 -9 -4 -2 3 2 5 -2 -15 -19 3 -13 -15 -5 13 -18 -15 9
2 -3 11 2 -7 1 12 -6 11 2 4 2 5 5 -6 24 -13 16 -4 -12 4 5 0 -18 24 23 17 6 9 7 -5 10 15 -1 -15 27 -14 -19 -5 -10 -8 -16 -10 1 -4 8 10 -9 -4 -2 3 2 5 -2 -15 -19 3 -13 -15 -5 13 -18 -15 9
2 -3 11 2 -7 1 12 -6 11 2 4 2 5 5 -6 24 -13 16 -4 -12 4 5 0 -18 24 23 17 6 9 7 -5 10 15 -1 -15 27 -14 -19 -5 -10 -8 -16 -10 1 -4 8 10 -9 -4 -2 3 2 5 -2 -15 -19 3 -13 -15 -5 13 -18 -15 9
2 -3 11 2 -7 1 12 -6 11 2 4 2 5 5 -6 24 -13 16 -4 -12 4 5 0 -18 24 23 17 6 9 7 -5 10 15 -1 -15 27 -14 -19 -5 -10 -8 -16 -10 1 -4 8 10 -9 -4 -2 3 2 5 -2 -15 -19 3 -13 -15 -5 13 -18 -15 9
2 -3 11 2 -7 1 12 -6 11 2 4 2 5 5 -6 24 -13 16 -4 -12 4 5 0 -18 24 23 17 6 9 7 -5 10 15 -1 -15 27 -14 -19 -5 -10 -8 -16 -10 1 -4 8 10 -9 -4 -2 3 2 5 -2 -15 -19 3 -13 -15 -5 13 -18 -15 9
2 -3 11 2 -7 1 12 -6 11 2 4 2 5 5 -6 24 -13 16 -4 -12 4 5 0 -18 24 23 17 6 9 7 -5 10 15 -1 -15 27 -14 -19 -5 -10 -8 -16 -10 1 -4 8 10 -9 -4 -2 3 2 5 -2 -15 -19 3 -13 -15 -5 13 -18 -15 9
2 -3 11 2 -7 1 12 -6 11 2 4 2 5 5 -6 24 -13 16 -4 -12 4 5 0 -18 24 23 17 6 9 7 -5 10 15 -1 -15 27 -14 -19 -5 -10 -8 -16 -10 1 -4 8 10 -9 -4 -2 3 2 5 -2 -15 -19 3 -13 -15 -5 13 -18 -15 9
2 -3 11 2 -7 1 12 -6 11 2 4 2 5 5 -6 24 -13 16 -4 -12 4 5 0 -18 24 23 17 6 9 7 -5 10 15 -1 -15 27 -14 -19 -5 -10 -8 -16 -10 1 -4 8 10 -9 -4 -2 3 2 5 -2 -15 -19 3 -13 -15 -5 13 -18 -15 9
2 -3 11 2 -7 1 12 -6 11 2 4 2 5 5 -6 24 -13 16 -4 -12 4 5 0 -18 24 23 17 6 9 7 -5 10 15 -1 -15 27 -14 -19 -5 -10 -8 -16 -10 1 -4 8 10 -9 -4 -2 3 2 5 -2 -15 -19 3 -13 -15 -5 13 -18 -15 9
2 -3 11 2 -7 1 12 -6 11 2 4 2 5 5 -6 24 -13 16 -4 -12 4 5 0 -18 24 23 17 6 9 7 -5 10 15 -1 -15 27 -14 -19 -5 -10 -8 -16 -10 1 -4 8 10 -9 -4 -2 3 2 5 -2 -15 -19 3 -13 -15 -5 13 -18 -15 9
2 -3 11 2 -7 1 12 -6 11 2 4 2 5 5 -6 24 -13 16 -4 -12 4 5 0 -18 24 23 17 6 9 7 -5 10 15 -1 -15 27 -14 -19 -5 -10 -8 -16 -10 1 -4 8 10 -9 -4 -2 3 2 5 -2 -15 -19 3 -13 -15 -5 13 -18 -15 9
2 -3 11 2 -7 1 12 -6 11 2 4 2 5 5 -6 24 -13 16 -4 -12 4 5 0 -18 24 23 17 6 9 7 -5 10 15 -1 -15 27 -14 -19 -5 -10 -8 -16 -10 1 -4 8 10 -9 -4 -2 3 2 5 -2 -15 -19 3 -13 -15 -5 13 -18 -15 9
2 -3 11 2 -7 1 12 -6 11 2 4 2 5 5 -6 24 -13 16 -4 -12 4 5 0 -18 24 23 17 6 9 7 -5 10 15 -1 -15 27 -14 -19 -5 -10 -8 -16 -10 1 -4 8 10 -9 -4 -2 3 2 5 -2 -15 -19 3 -13 -15 -5 13 -18 -15 9
2 -3 11 2 -7 1 12 -6 11 2 4 2 5 5 -6 24 -13 16 -4 -12 4 5 0 -18 24 23 17 6 9 7 -5 10 15 -1 -15 27 -14 -19 -5 -10 -8 -16 -10 1 -4 8 10 -9 -4 -2 3 2 5 -2 -15 -19 3 -13 -15 -5 13 -18 -15 9
2 -3 11 2 -7 1 12 -6 11 2 4 2 5 5 -6 24 -13 16 -4 -12 4 5 0 -18 24 23 17 6 9 7 -5 10 15 -1 -15 27 -14 -19 -5 -10 -8 -16 -10 1 -4 8 10 -9 -4 -2 3 2 5 -2 -15 -19 3 -13 -15 -5 13 -18 -15 9
2 -3 11 2 -7 1 12 -6 11 2 4 2 5 5 -6 24 -13 16 -4 -12 4 5 0 -18 24 23 17 6 9 7 -5 10 15 -1 -15 27 -14 -19 -5 -10 -8 -16 -10 1 -4 8 10 -9 -4 -2 3 2 5 -2 -15 -19 3 -13 -15 -5 13 -18 -15 9
2 -3 11 2 -7 1 12 -6 11 2 4 2 5 5 -6 24 -13 16 -4 -12 4 5 0 -18 24 23 17 6 9 7 -5 10 15 -1 -15 27 -14 -19 -5 -10 -8 -16 -10 1 -4 8 10 -9 -4 -2 3 2 5 -2 -15 -19 3 -13 -15 -5 13 -18 -15 9
2 -3 11 2 -7 1 12 -6 11 2 4 2 5 5 -6 24 -13 16 -4 -12 4 5 0 -18 24 23 17 6 9 7 -5 10 15 -1 -15 27 -14 -19 -5 -10 -8 -16 -10 1 -4 8 10 -9 -4 -2 3 2 5 -2 -15 -19 3 -13 -15 -5 13 -18 -15 9
2 -3 11 2 -7 1 12 -6 11 2 4 2 5 5 -6 24 -13 16 -4 -12 4 5 0 -18 24 23 17 6 9 7 -5 10 15 -1 -15 27 -14 -19 -5 -10 -8 -16 -10 1 -4 8 10 -9 -4 -2 3 2 5 -2 -15 -19 3 -13 -15 -5 13 -18 -15 9
2 -3 11 2 -7 1 12 -6 11 2 4 2 5 5 -6 24 -13 16 -4 -12 4 5 0 -18 24 23 17 6 9 7 -5 10 15 -1 -15 27 -14 -19 -5 -10 -8 -16 -10 1 -4 8 10 -9 -4 -2 3 2 5 -2 -15 -19 3 -13 -15 -5 13 -18 -15 9
2 -3 11 2 -7 1 12 -6 11 2 4 2 5 5 -6 24 -13 16 -4 -12 4 5 0 -18 24 23 17 6 9 7 -5 10 15 -1 -15 27 -14 -19 -5 -10 -8 -16 -10 1 -4 8 10 -9 -4 -2 3 2 5 -2 -15 -19 3 -13 -15 -5 13 -18 -15 9
2 -3 11 2 -7 1 12 -6 11 2 4 2 5 5 -6 24 -13 16 -4 -12 4 5 0 -18 24 23 17 6 9 7 -5 10 15 -1 -15 27 -14 -19 -5 -10 -8 -16 -10 1 -4 8 10 -9 -4 -2 3 2 5 -2 -15 -19 3 -13 -15 -5 13 -18 -15 9
2 -3 11 2 -7 1 12 -6 11 2 4 2 5 5 -6 24 -13 16 -4 -12 4 5 0 -18 24 23 17 6 9 7 -5 10 15 -1 -15 27 -14 -19 -5 -10 -8 -16 -10 1 -4 8 10 -9 -4 -2 3 2 5 -2 -15 -19 3 -13 -15 -5 13 -18 -15 9
2 -3 11 2 -7 1 12 -6 11 2 4 2 5 5 -6 24 -13 16 -4 -12 4 5 0 -18 24 23 17 6 9 7 -5 10 15 -1 -15 27 -14 -19 -5 -10 -8 -16 -10 1 -4 8 10 -9 -4 -2 3 2 5 -2 -15 -19 3 -13 -15 -5 13 -18 -15 9
2 -3 11 2 -7 1 12 -6 11 2 4 2 5 5 -6 24 -13 16 -4 -12 4 5 0 -18 24 23 17 6 9 7 -5 10 15 -1 -15 27 -14 -19 -5 -10 -8 -16 -10 1 -4 8 10 -9 -4 -2 3 2 5 -2 -15 -19 3 -13 -15 -5 13 -18 -15 9
2 -3 11 2 -7 1 12 -6 11 2 4 2 5 5 -6 24 -13 16 -4 -12 4 5 0 -18 24 23 17 6 9 7 -5 10 15 -1 -15 27 -14 -19 -5 -10 -8 -16 -10 1 -4 8 10 -9 -4 -2 3 2 5 -2 -15 -19 3 -13 -15 -5 13 -18 -15 9
2 -3 11 2 -7 1 12 -6 11 2 4 2 5 5 -6 24 -13 16 -4 -12 4 5 0 -18 24 23 17 6 9 7 -5 10 15 -1 -15 27 -14 -19 -5 -10 -8 -16 -10 1 -4 8 10 -9 -4 -2 3 2 5 -2 -15 -19 3 -13 -15 -5 13 -18 -15 9
2 -3 11 2 -7 1 12 -6 11 2 4 2 5 5 -6 24 -13 16 -4 -12 4 5 0 -18 24 23 17 6 9 7 -5 10 15 -1 -15 27 -14 -19 -5 -10 -8 -16 -10 1 -4 8 10 -9 -4 -2 3 2 5 -2 -15 -19 3 -13 -15 -5 13 -18 -15 9
2 -3 11 2 -7 1 12 -6 11 2 4 2 5 5 -6 24 -13 16 -4 -12 4 5 0 -18 24 23 17 6 9 7 -5 10 15 -1 -15 27 -14 -19 -5 -10 -8 -16 -10 1 -4 8 10 -9 -4 -2 3 2 5 -2 -15 -19 3 -13 -15 -5 13 -18 -15 9
2 -3 11 2 -7 1 12 -6 11 2 4 2 5 5 -6 24 -13 16 -4 -12 4 5 0 -18 24 23 17 6 9 7 -5 10 15 -1 -15 27 -14 -19 -5 -10 -8 -16 -10 1 -4 8 10 -9 -4 -2 3 2 5 -2 -15 -19 3 -13 -15 -5 13 -18 -15 9
2 -3 11 2 -7 1 12 -6 11 2 4 2 5 5 -6 24 -13 16 -4 -12 4 5 0 -18 24 23 17 6 9 7 -5 10 15 -1 -15 27 -14 -19 -5 -10 -8 -16 -10 1 -4 8 10 -9 -4 -2 3 2 5 -2 -15 -19 3 -13 -15 -5 13 -18 -15 9
2 -3 11 2 -7 1 12 -6 11 2 4 2 5 5 -6 24 -13 16 -4 -12 4 5 0 -18 24 23 17 6 9 7 -5 10 15 -1 -15 27 -14 -19 -5 -10 -8 -16 -10 1 -4 8 10 -9 -4 -2 3 2 5 -2 -15 -19 3 -13 -15 -5 13 -18 -15 9
2 -3 11 2 -7 1 12 -6 11 2 4 2 5 5 -6 24 -13 16 -4 -12 4 5 0 -18 24 23 17 6 9 7 -5 10 15 -1 -15 27 -14 -19 -5 -10 -8 -16 -10 1 -4 8 10 -9 -4 -2 3 2 5 -2 -15 -19 3 -13 -15 -5 13 -18 -15 9
2 -3 11 2 -7 1 12 -6 11 2 4 2 5 5 -6 24 -13 16 -4 -12 4 5 0 -18 24 23 17 6 9 7 -5 10 15 -1 -15 27 -14 -19 -5 -10 -8 -16 -10 1 -4 8 10 -9 -4 -2 3 2 5 -2 -15 -19 3 -13 -15 -5 13 -18 -15 9
2 -3 11 2 -7 1 12 -6 11 2 4 2 5 5 -6 24 -13 16 -4 -12 4 5 0 -18 24 23 17 6 9 7 -5 10 15 -1 -15 27 -14 -19 -5 -10 -8 -16 -10 1 -4 8 10 -9 -4 -2 3 2 5 -2 -15 -19 3 -13 -15 -5 13 -18 -15 9
2 -3 11 2 -7 1 12 -6 11 2 4 2 5 5 -6 24 -13 16 -4 -12 4 5 0 -18 24 23 17 6 9 7 -5 10 15 -1 -15 27 -14 -19 -5 -10 -8 -16 -10 1 -4 8 10 -9 -4 -2 3 2 5 -2 -15 -19 3 -13 -15 -5 13 -18 -15 9
2 -3 11 2 -7 1 12 -6 11 2 4 2 5 5 -6 24 -13 16 -4 -12 4 5 0 -18 24 23 17 6 9 7 -5 10 15 -1 -15 27 -14 -19 -5 -10 -8 -16 -10 1 -4 8 10 -9 -4 -2 3 2 5 -2 -15 -19 3 -13 -15 -5 13 -18 -15 9
2 -3 11 2 -7 1 12 -6 11 2 4 2 5 5 -6 24 -13 16 -4 -12 4 5 0 -18 24 23 17 6 9 7 -5 10 15 -1 -15 27 -14 -19 -5 -10 -8 -16 -10 1 -4 8 10 -9 -4 -2 3 2 5 -2 -15 -19 3 -13 -15 -5 13 -18 -15 9
2 -3 11 2 -7 1 12 -6 11 2 4 2 5 5 -6 24 -13 16 -4 -12 4 5 0 -18 24 23 17 6 9 7 -5 10 15 -1 -15 27 -14 -19 -5 -10 -8 -16 -10 1 -4 8 10 -9 -4 -2 3 2 5 -2 -15 -19 3 -13 -15 -5 13 -18 -15 9
2 -3 11 2 -7 1 12 -6 11 2 4 2 5 5 -6 24 -13 16 -4 -12 4 5 0 -18 24 23 17 6 9 7 -5 10 15 -1 -15 27 -14 -19 -5 -10 -8 -16 -10 1 -4 8 10 -9 -4 -2 3 2 5 -2 -15 -19 3 -13 -15 -5 13 -18 -15 9
2 -3 11 2 -7 1 12 -6 11 2 4 2 5 5 -6 24 -13 16 -4 -12 4 5 0 -18 24 23 17 6 9 7 -5 10 15 -1 -15 27 -14 -19 -5 -10 -8 -16 -10 1 -4 8 10 -9 -4 -2 3 2 5 -2 -15 -19 3 -13 -15 -5 13 -18 -15 9
2 -3 11 2 -7 1 12 -6 11 2 4 2 5 5 -6 24 -13 16 -4 -12 4 5 0 -18 24 23 17 6 9 7 -5 10 15 -1 -15 27 -14 -19 -5 -10 -8 -16 -10 1 -4 8 10 -9 -4 -2 3 2 5 -2 -15 -19 3 -13 -15 -5 13 -18 -15 9
2 -3 11 2 -7 1 12 -6 11 2 4 2 5 5 -6 24 -13 16 -4 -12 4 5 0 -18 24 23 17 6 9 7 -5 10 15 -1 -15 27 -14 -19 -5 -10 -8 -16 -10 1 -4 8 10 -9 -4 -2 3 2 5 -2 -15 -19 3 -13 -15 -5 13 -18 -15 9
2 -3 11 2 -7 1 12 -6 11 2 4 2 5 5 -6 24 -13 16 -4 -12 4 5 0 -18 24 23 17 6 9 7 -5 10 15 -1 -15 27 -14 -19 -5 -10 -8 -16 -10 1 -4 8 10 -9 -4 -2 3 2 5 -2 -15 -19 3 -13 -15 -5 13 -18 -15 9
2 -3 11 2 -7 1 12 -6 11 2 4 2 5 5 -6 24 -13 16 -4 -12 4 5 0 -18 24 23 17 6 9 7 -5 10 15 -1 -15 27 -14 -19 -5 -10 -8 -16 -10 1 -4 8 10 -9 -4 -2 3 2 5 -2 -15 -19 3 -13 -15 -5 13 -18 -15 9
2 -3 11 2 -7 1 12 -6 11 2 4 2 5 5 -6 24 -13 16 -4 -12 4 5 0 -18 24 23 17 6 9 7 -5 10 15 -1 -15 27 -14 -19 -5 -10 -8 -16 -10 1 -4 8 10 -9 -4 -2 3 2 5 -2 -15 -19 3 -13 -15 -5 13 -18 -15 9
2 -3 11 2 -7 1 12 -6 11 2 4 2 5 5 -6 24 -13 16 -4 -12 4 5 0 -18 24 23 17 6 9 7 -5 10 15 -1 -15 27 -14 -19 -5 -10 -8 -16 -10 1 -4 8 10 -9 -4 -2 3 2 5 -2 -15 -19 3 -13 -15 -5 13 -18 -15 9
2 -3 11 2 -7 1 12 -6 11 2 4 2 5 5 -6 24 -13 16 -4 -12 4 5 0 -18 24 23 17 6 9 7 -5 10 15 -1 -15 27 -14 -19 -5 -10 -8 -16 -10 1 -4 8 10 -9 -4 -2 3 2 5 -2 -15 -19 3 -13 -15 -5 13 -18 -15 9
2 -3 11 2 -7 1 12 -6 11 2 4 2 5 5 -6 24 -13 16 -4 -12 4 5 0 -18 24 23 17 6 9 7 -5 10 15 -1 -15 27 -14 -19 -5 -10 -8 -16 -10 1 -4 8 10 -9 -4 -2 3 2 5 -2 -15 -19 3 -13 -15 -5 13 -18 -15 9
2 -3 11 2 -7 1 12 -6 11 2 4 2 5 5 -6 24 -13 16 -4 -12 4 5 0 -18 24 23 17 6 9 7 -5 10 15 -1 -15 27 -14 -19 -5 -10 -8 -16 -10 1 -4 8 10 -9 -4 -2 3 2 5 -2 -15 -19 3 -13 -15 -5 13 -18 -15 9
2 -3 11 2 -7 1 12 -6 11 2 4 2 5 5 -6 24 -13 16 -4 -12 4 5 0 -18 24 23 17 6 9 7 -5 10 15 -1 -15 27 -14 -19 -5 -10 -8 -16 -10 1 -4 8 10 -9 -4 -2 3 2 5 -2 -15 -19 3 -13 -15 -5 13 -18 -15 9
2 -3 11 2 -7 1 12 -6 11 2 4 2 5 5 -6 24 -13 16 -4 -12 4 5 0 -18 24 23 17 6 9 7 -5 10 15 -1 -15 27 -14 -19 -5 -10 -8 -16 -10 1 -4 8 10 -9 -4 -2 3 2 5 -2 -15 -19 3 -13 -15 -5 13 -18 -15 9
2 -3 11 2 -7 1 12 -6 11 2 4 2 5 5 -6 24 -13 16 -4 -12 4 5 0 -18 24 23 17 6 9 7 -5 10 15 -1 -15 27 -14 -19 -5 -10 -8 -16 -10 1 -4 8 10 -9 -4 -2 3 2 5 -2 -15 -19 3 -13 -15 -5 13 -18 -15 9
2 -3 11 2 -7 1 12 -6 11 2 4 2 5 5 -6 24 -13 16 -4 -12 4 5 0 -18 24 23 17 6 9 7 -5 10 15 -1 -15 27 -14 -19 -5 -10 -8 -16 -10 1 -4 8 10 -9 -4 -2 3 2 5 -2 -15 -19 3 -13 -15 -5 13 -18 -15 9
2 -3 11 2 -7 1 12 -6 11 2 4 2 5 5 -6 24 -13 16 -4 -12 4 5 0 -18 24 23 17 6 9 7 -5 10 15 -1 -15 27 -14 -19 -5 -10 -8 -16 -10 1 -4 8 10 -9 -4 -2 3 2 5 -2 -15 -19 3 -13 -15 -5 13 -18 -15 9
2 -3 11 2 -7 1 12 -6 11 2 4 2 5 5 -6 24 -13 16 -4 -12 4 5 0 -18 24 23 17 6 9 7 -5 10 15 -1 -15 27 -14 -19 -5 -10 -8 -16 -10 1 -4 8 10 -9 -4 -2 3 2 5 -2 -15 -19 3 -13 -15 -5 13 -18 -15 9
2 -3 11 2 -7 1 12 -6 11 2 4 2 5 5 -6 24 -13 16 -4 -12 4 5 0 -18 24 23 17 6 9 7 -5 10 15 -1 -15 27 -14 -19 -5 -10 -8 -16 -10 1 -4 8 10 -9 -4 -2 3 2 5 -2 -15 -19 3 -13 -15 -5 13 -18 -15 9
2 -3 11 2 -7 1 12 -6 11 2 4 2 5 5 -6 24 -13 16 -4 -12 4 5 0 -18 24 23 17 6 9 7 -5 10 15 -1 -15 27 -14 -19 -5 -10 -8 -16 -10 1 -4 8 10 -9 -4 -2 3 2 5 -2 -15 -19 3 -13 -15 -5 13 -18 -15 9
2 -3 11 2 -7 1 12 -6 11 2 4 2 5 5 -6 24 -13 16 -4 -12 4 5 0 -18 24 23 17 6 9 7 -5 10 15 -1 -15 27 -14 -19 -5 -10 -8 -16 -10 1 -4 8 10 -9 -4 -2 3 2 5 -2 -15 -19 3 -13 -15 -5 13 -18 -15 9
2 -3 11 2 -7 1 12 -6 11 2 4 2 5 5 -6 24 -13 16 -4 -12 4 5 0 -18 24 23 17 6 9 7 -5 10 15 -1 -15 27 -14 -19 -5 -10 -8 -16 -10 1 -4 8 10 -9 -4 -2 3 2 5 -2 -15 -19 3 -13 -15 -5 13 -18 -15 9
2 -3 11 2 -7 1 12 -6 11 2 4 2 5 5 -6 24 -13 16 -4 -12 4 5 0 -18 24 23 17 6 9 7 -5 10 15 -1 -15 27 -14 -19 -5 -10 -8 -16 -10 1 -4 8 10 -9 -4 -2 3 2 5 -2 -15 -19 3 -13 -15 -5 13 -18 -15 9
2 -3 11 2 -7 1 12 -6 11 2 4 2 5 5 -6 24 -13 16 -4 -12 4 5 0 -18 24 23 17 6 9 7 -5 10 15 -1 -15 27 -14 -19 -5 -10 -8 -16 -10 1 -4 8 10 -9 -4 -2 3 2 5 -2 -15 -19 3 -13 -15 -5 13 -18 -15 9
2 -3 11 2 -7 1 12 -6 11 2 4 2 5 5 -6 24 -13 16 -4 -12 4 5 0 -18 24 23 17 6 9 7 -5 10 15 -1 -15 27 -14 -19 -5 -10 -8 -16 -10 1 -4 8 10 -9 -4 -2 3 2 5 -2 -15 -19 3 -13 -15 -5 13 -18 -15 9
2 -3 11 2 -7 1 12 -6 11 2 4 2 5 5 -6 24 -13 16 -4 -12 4 5 0 -18 24 23 17 6 9 7 -5 10 15 -1 -15 27 -14 -19 -5 -10 -8 -16 -10 1 -4 8 10 -9 -4 -2 3 2 5 -2 -15 -19 3 -13 -15 -5 13 -18 -15 9
2 -3 11 2 -7 1 12 -6 11 2 4 2 5 5 -6 24 -13 16 -4 -12 4 5 0 -18 24 23 17 6 9 7 -5 10 15 -1 -15 27 -14 -19 -5 -10 -8 -16 -10 1 -4 8 10 -9 -4 -2 3 2 5 -2 -15 -19 3 -13 -15 -5 13 -18 -15 9
2 -3 11 2 -7 1 12 -6 11 2 4 2 5 5 -6 24 -13 16 -4 -12 4 5 0 -18 24 23 17 6 9 7 -5 10 15 -1 -15 27 -14 -19 -5 -10 -8 -16 -10 1 -4 8 10 -9 -4 -2 3 2 5 -2 -15 -19 3 -13 -15 -5 13 -18 -15 9
