9 -7 8 -12 2 4 -2 -3 -6 -9 -27 9 -17 -5 15 -13 -29 9 15 1 10 5 -3 -18 19 0 -19 4 -2 -16 -21 21 6 5 -3 13 -5 -2 -21 0 -8 -6 -4 -22 -26 -14 17 5 -6 5 -2 16 3 31 16 -28 25 1 -1 -31 7 12 -3 -19
16 19 22 9 -22 -14 -2 0 22 10 -15 20 -17 -7 13 3 -3 9 13 -24 7 11 1 -33 7 18 15 19 10 -24 -8 15 10 7 -3 1 -6 -41 -4 0 6 1 -9 -18 4 -9 19 5 -6 0 3 28 -6 10 9 -42 29 -18 -10 -4 19 0 18 -4
15 10 40 6 -26 -21 -5 -8 22 -5 -7 31 -25 -15 11 -6 6 -17 7 -29 -15 -8 -5 -38 17 14 21 22 1 -12 -20 21 14 19 -9 -1 8 -47 3 -11 11 -3 -9 -19 25 16 18 7 -1 1 16 27 -3 3 7 -43 21 -10 -10 -15 9 22 15 18
9 2 32 -3 -18 -8 -5 -11 22 -20 -15 20 -19 -9 24 -2 -6 4 11 -17 -14 -12 2 -20 30 16 26 20 3 -7 -15 9 1 7 -3 4 -10 -37 7 -14 8 -11 -4 -20 14 14 15 5 -2 10 18 19 -13 -11 12 -31 24 -17 2 -8 2 25 7 16
1 2 41 -16 -33 -22 11 -4 9 -9 -15 16 -24 -19 9 -12 -4 -3 9 -16 -12 -24 2 -15 25 10 35 29 -4 -10 -5 -1 0 7 -14 1 7 -37 2 0 13 -2 -21 -15 30 2 8 6 -15 1 24 18 -4 -14 15 -32 21 -26 11 -2 10 24 8 20
6 5 40 8 -36 -26 4 -6 5 -8 -23 28 -29 -14 17 -6 6 3 13 -24 -12 -22 -8 -4 18 5 29 25 -9 -5 -7 -4 -1 -4 -10 -8 -3 -33 -10 -5 11 5 -1 -9 28 8 19 -3 -4 7 10 11 3 2 10 -32 24 -14 16 -17 0 33 11 15
11 6 38 3 -31 -18 1 -15 4 -18 -32 32 -35 -23 7 4 11 10 9 -9 -11 -12 -18 -20 29 6 38 30 11 -7 22 -2 -4 -5 3 -10 2 -39 -5 -9 -1 -23 4 1 32 -14 30 8 -20 14 19 35 3 2 8 -39 8 -17 4 -7 9 27 25 14
4 2 29 3 -23 -17 -4 -9 8 -13 -29 25 -34 -8 27 -2 4 5 14 -18 -13 -4 -17 -30 26 15 35 21 15 -9 5 -9 -1 2 -6 -1 -3 -26 -9 2 2 -16 18 -17 16 -2 19 7 -10 -1 18 24 -8 -7 16 -35 20 -16 1 -9 9 16 17 14
22 19 37 0 -26 -17 3 -9 17 -7 -19 20 -24 -12 22 1 6 -6 8 -18 -22 -13 -10 -25 30 9 28 23 15 -15 -7 -4 9 5 -5 5 6 -36 -5 -7 14 -20 6 -20 32 -1 18 19 -13 4 16 34 -6 -14 16 -43 12 -5 -14 -12 15 13 5 20
10 29 22 0 -23 -15 9 -5 12 -6 -13 1 -7 -29 11 23 8 -19 6 -10 -19 9 6 -36 6 9 10 11 34 1 -15 6 2 -20 7 5 2 -21 4 19 1 -43 -5 0 32 -13 19 4 -18 20 26 52 10 -6 -3 -54 34 -15 -25 -24 25 -16 17 18
16 20 31 -1 -33 -25 2 -11 18 4 -11 20 -19 -20 19 4 4 1 16 -18 -6 -11 -14 -34 33 20 22 11 16 -17 -18 6 4 9 -4 3 -2 -32 1 -9 9 -13 -6 -24 19 4 14 13 -6 15 14 32 -13 -18 8 -50 21 -6 -9 -15 12 14 4 10
8 15 33 3 -28 -18 -1 -11 22 -1 -10 15 -20 -14 7 10 10 -8 7 -12 -11 -30 -5 -31 21 19 29 21 14 -13 -24 -2 7 4 -6 11 18 -29 7 -17 17 -4 -3 -26 27 9 19 21 -10 5 6 26 -6 -1 19 -39 16 -9 -2 -14 9 25 3 22
9 21 34 3 -24 -13 2 -3 19 6 -13 5 -10 -15 -1 -2 0 2 9 -20 -16 -11 13 -26 20 14 21 19 3 -10 -27 0 13 12 -11 1 1 -32 4 -1 18 -9 -10 -27 22 1 16 10 -12 9 7 22 -2 -4 14 -44 26 -21 -1 -11 11 21 9 15
-8 18 27 0 -27 -11 7 9 8 1 -23 17 -33 -16 7 1 2 -2 16 -18 -10 -23 -1 -26 22 13 22 16 1 -5 -14 -2 -1 6 -17 -7 5 -33 -5 -1 18 -3 -5 -10 24 -3 10 5 -12 2 1 32 -4 8 17 -36 21 -17 6 -18 4 31 10 14
-3 7 36 6 -32 -9 15 -1 -4 -8 -29 16 -31 -26 0 2 5 -11 12 -27 -32 -16 1 -22 16 4 20 32 -8 -17 -21 -13 -3 5 -15 1 22 -43 17 4 14 -6 -16 -6 42 -5 -6 7 -8 6 9 31 11 5 0 -45 24 -24 -8 -28 11 19 2 32
5 4 31 7 -24 -4 2 -2 10 -1 -34 16 -23 -12 2 0 7 10 17 -25 -28 -19 -8 -28 20 13 29 22 4 -11 -25 3 -4 7 -8 8 10 -31 11 -8 10 -4 -10 -17 24 3 11 1 -8 7 4 18 -6 0 12 -48 22 -7 3 -25 4 25 9 25
5 1 35 6 -35 -23 4 -6 4 1 -28 19 -26 -13 11 12 15 16 1 -19 -13 -25 0 -20 26 17 35 33 8 -4 1 -2 2 0 -12 0 12 -25 4 -7 -1 -22 -6 -9 30 -7 5 7 -27 -2 24 42 -11 1 11 -45 15 -15 -7 -17 3 22 11 29
7 4 29 10 -30 -14 5 -6 2 3 -28 10 -22 -18 1 -3 5 5 6 -18 -26 -15 -8 -22 26 11 34 33 1 -14 -9 -3 -2 6 1 9 4 -33 -4 -7 7 -15 -9 -16 21 -2 12 10 -14 3 12 16 -10 -7 8 -42 19 -15 -8 -21 6 26 6 27
6 2 22 17 -31 -20 -3 -10 11 3 -31 13 -17 -19 8 7 14 20 3 -22 -18 -15 -14 -31 21 19 35 20 9 -7 7 -8 -6 1 -11 0 -9 -19 4 -3 -1 -21 3 -9 22 -4 23 12 -21 11 17 32 -17 -4 17 -41 23 -13 -10 -20 10 18 16 22
11 4 24 9 -28 -26 4 -13 3 14 -21 9 -18 -16 2 1 10 -1 10 -10 -10 -12 -7 -27 29 25 32 20 16 -14 -9 -3 3 5 -12 4 -9 -29 7 -2 4 -18 5 -14 19 -16 26 10 -16 8 10 31 -17 3 18 -43 19 -8 -3 -19 12 15 22 12
6 5 17 3 -24 -12 0 -1 5 7 -31 15 -25 -16 7 -2 4 6 12 -14 -15 -17 -12 -31 28 25 25 25 12 -19 -11 -4 1 -2 -16 5 -6 -27 9 0 11 -16 2 -17 21 -8 19 7 -8 -4 3 34 -13 -3 12 -43 24 -17 -4 -13 10 12 14 21
10 25 36 5 -23 -20 -5 11 -2 7 -20 20 -9 -9 -12 1 13 -24 13 -27 -18 -15 4 -34 17 25 22 16 7 -14 -14 7 12 11 -6 3 6 -21 16 8 4 -20 3 -6 35 -1 15 27 -6 -4 -3 45 -14 10 11 -50 37 -23 -9 -19 -2 4 14 32
-1 -3 14 4 -17 -8 -5 -2 13 2 -7 7 -6 -4 -4 8 -39 8 4 0 1 9 -3 -8 10 3 0 -4 0 -7 -7 13 3 11 5 18 4 -6 -9 -4 0 0 -11 -10 -43 -14 12 12 -20 -1 -8 18 -2 12 8 -34 16 -13 0 -11 5 6 5 -3
15 5 37 3 -27 -15 -11 5 20 -20 -21 28 -12 -2 8 3 -9 0 16 -16 -9 5 10 -15 19 16 22 12 -6 0 -23 -1 4 8 -13 6 1 -26 4 -5 2 -8 -4 -32 9 2 23 -2 -2 4 5 41 4 16 16 -47 25 -26 -11 -12 -12 13 -10 2
8 4 43 20 -29 -22 -7 -6 23 -25 -36 47 -18 3 13 19 1 -7 13 -29 -13 -7 -11 -21 24 7 22 10 -4 -20 -22 1 2 12 -6 5 6 -38 -1 -17 4 -10 -11 -27 10 1 15 -2 2 4 2 38 5 28 3 -39 34 -33 -13 -20 0 16 10 8
8 7 45 8 -36 -7 -15 -3 28 -18 -21 32 -12 -7 12 8 12 16 16 -9 -16 -10 3 -35 15 11 29 28 -4 -11 -16 8 1 0 -4 9 4 -40 5 -12 2 -22 -7 -21 27 -6 22 3 -9 9 9 44 1 5 19 -39 27 -19 -15 -16 -2 20 8 24
-1 6 47 -1 -36 -15 4 -17 21 -20 -24 20 -16 -6 6 -2 -1 12 0 -9 -20 -9 0 -25 7 2 44 17 5 -14 5 -3 -11 7 -8 2 4 -16 -10 -12 2 -21 -15 -10 21 3 18 5 -31 2 14 30 -2 -3 16 -41 19 -25 -3 -6 2 31 17 15
10 11 41 14 -41 -15 -1 -9 11 -10 -26 14 -20 -13 20 0 8 10 9 -12 -18 -11 -7 -26 10 10 39 12 4 -16 21 -7 -8 -5 -2 -6 -10 -16 -7 -4 0 -22 3 -14 24 -10 26 2 -25 15 14 31 -12 2 17 -38 20 -18 0 -18 5 33 17 9
18 23 25 2 -25 -27 2 -4 13 -8 -21 13 -12 -26 6 -4 7 0 14 -2 -12 5 -8 -40 12 19 34 14 15 -17 3 -3 0 1 -2 7 -10 -27 2 -6 3 -28 12 -25 25 -21 40 20 -22 19 13 41 -12 -3 19 -54 23 -14 -7 -6 14 21 22 18
16 22 28 0 -23 -16 3 1 13 -1 -16 17 -21 -22 26 -4 14 0 22 -5 -4 -9 -3 -32 17 20 26 13 10 -14 -3 -8 2 2 -11 -5 -6 -32 3 2 11 -19 12 -24 26 -10 32 15 -17 3 11 44 -7 -8 15 -43 21 -20 -1 -17 11 10 10 15
20 22 36 0 -29 -15 10 -4 14 -3 -15 11 -13 -14 16 -1 3 -8 15 -10 -2 -2 -5 -25 10 16 18 21 5 -21 -19 -5 2 7 -9 6 4 -33 -2 -8 12 -14 2 -31 18 -4 24 22 -14 3 6 45 -5 -4 11 -49 24 -20 -11 -12 11 15 5 17
13 18 30 6 -27 -18 0 -4 16 -12 -16 20 -19 -12 16 2 -4 2 13 -6 -3 -6 -4 -23 24 9 22 11 4 -7 -18 -6 -3 7 -3 0 1 -37 -7 -11 7 -5 -2 -24 6 -9 17 13 -10 8 3 34 -9 -5 15 -40 18 -11 -11 -14 10 17 -4 6
7 19 31 2 -36 -15 -11 -3 20 -1 -9 23 -9 -13 11 2 7 -10 10 -2 0 -26 -1 -22 17 15 24 18 4 -11 -17 -12 11 6 -10 5 17 -38 7 -22 14 -3 -5 -34 30 7 25 25 -1 -4 3 38 2 5 13 -47 14 -14 -3 -10 2 20 2 18
-1 17 44 -2 -31 -7 -1 1 14 -5 -22 14 -13 -16 4 2 -1 0 12 -9 -15 -16 6 -17 18 16 20 17 -10 -8 -15 -14 1 12 -15 -3 2 -31 7 -7 10 0 -7 -26 14 2 10 8 -10 6 -6 33 -2 5 19 -50 15 -17 6 -20 9 29 -7 19
-3 -1 35 2 -46 -18 10 -12 7 -12 -31 23 -18 -10 15 11 17 19 5 -10 -14 -24 -7 -20 11 13 34 25 0 -6 5 -17 -4 3 -17 8 7 -24 -2 -10 -4 -17 -5 -6 27 -5 6 11 -23 -4 25 44 1 3 14 -45 15 -25 -1 -13 9 23 11 30
1 9 37 9 -41 -18 1 -9 17 -7 -24 19 -9 -11 3 -2 4 14 4 -9 -25 -10 -12 -23 15 14 40 24 -7 -17 -5 -13 -6 13 -9 11 1 -29 -4 -6 6 -17 -7 -20 19 -4 13 16 -15 -4 7 29 -4 4 6 -39 17 -26 -15 -18 -3 27 1 27
0 3 24 14 -38 -21 -8 -8 9 -9 -33 24 -20 -15 12 7 12 22 1 -13 -20 -17 -13 -29 18 9 40 22 6 -10 6 -8 -3 1 -2 2 -9 -15 -5 -7 1 -20 0 -8 26 -12 21 7 -19 3 12 38 -7 -3 16 -40 13 -18 -17 -22 0 31 16 26
8 11 29 9 -24 -19 -1 -6 6 1 -30 12 -20 -14 9 0 13 3 11 -8 -9 -12 -14 -26 28 14 38 18 11 -17 2 -11 -1 -4 -12 -5 -6 -24 6 -3 1 -22 8 -12 19 -18 34 14 -13 3 14 39 -8 5 17 -44 15 -16 -11 -18 2 23 19 15
4 16 18 4 -28 -14 4 -4 15 1 -28 12 -15 -10 7 -4 10 2 12 -2 -14 -10 -11 -36 19 28 32 19 9 -15 -10 -9 -3 1 -12 8 -5 -30 7 0 4 -22 1 -20 22 -11 25 15 -15 -5 12 41 -10 2 19 -47 18 -22 -15 -13 4 19 10 20
13 25 25 8 -25 -10 -10 13 -1 2 -20 20 -5 -16 -4 5 24 -26 16 -23 -15 -4 -2 -38 19 19 24 17 19 -12 -16 -6 9 14 -5 6 0 -20 15 9 10 -26 6 -17 26 -13 23 28 3 -4 -6 54 -17 4 10 -43 25 -13 -28 -20 -6 8 4 17
-4 -5 13 1 -15 -6 -3 -4 13 2 -6 6 -7 -3 -5 7 -39 7 2 -3 3 8 -2 -9 8 2 -1 -3 -1 -7 -10 13 4 8 7 15 0 -6 -7 -5 -1 -1 -12 -13 -45 -16 13 13 -18 1 -9 17 -2 13 7 -35 14 -14 -1 -12 10 5 7 -7
19 4 34 10 -7 -25 -5 11 29 -5 -2 13 19 9 8 -7 -9 -15 6 -22 -15 8 7 -30 5 23 20 8 12 -27 -33 9 23 14 -11 7 -19 -18 13 19 10 -2 -2 -24 37 6 29 -6 -3 -7 17 21 1 12 1 -44 28 -8 -11 -4 0 -1 -3 8
19 4 34 10 -7 -25 -5 11 29 -5 -2 13 19 9 8 -7 -9 -15 6 -22 -15 8 7 -30 5 23 20 8 12 -27 -33 9 23 14 -11 7 -19 -18 13 19 10 -2 -2 -24 37 6 29 -6 -3 -7 17 21 1 12 1 -44 28 -8 -11 -4 0 -1 -3 8
19 4 34 10 -7 -25 -5 11 29 -5 -2 13 19 9 8 -7 -9 -15 6 -22 -15 8 7 -30 5 23 20 8 12 -27 -33 9 23 14 -11 7 -19 -18 13 19 10 -2 -2 -24 37 6 29 -6 -3 -7 17 21 1 12 1 -44 28 -8 -11 -4 0 -1 -3 8
19 4 34 10 -7 -25 -5 11 29 -5 -2 13 19 9 8 -7 -9 -15 6 -22 -15 8 7 -30 5 23 20 8 12 -27 -33 9 23 14 -11 7 -19 -18 13 19 10 -2 -2 -24 37 6 29 -6 -3 -7 17 21 1 12 1 -44 28 -8 -11 -4 0 -1 -3 8
19 4 34 10 -7 -25 -5 11 29 -5 -2 13 19 9 8 -7 -9 -15 6 -22 -15 8 7 -30 5 23 20 8 12 -27 -33 9 23 14 -11 7 -19 -18 13 19 10 -2 -2 -24 37 6 29 -6 -3 -7 17 21 1 12 1 -44 28 -8 -11 -4 0 -1 -3 8
19 4 34 10 -7 -25 -5 11 29 -5 -2 13 19 9 8 -7 -9 -15 6 -22 -15 8 7 -30 5 23 20 8 12 -27 -33 9 23 14 -11 7 -19 -18 13 19 10 -2 -2 -24 37 6 29 -6 -3 -7 17 21 1 12 1 -44 28 -8 -11 -4 0 -1 -3 8
19 4 34 10 -7 -25 -5 11 29 -5 -2 13 19 9 8 -7 -9 -15 6 -22 -15 8 7 -30 5 23 20 8 12 -27 -33 9 23 14 -11 7 -19 -18 13 19 10 -2 -2 -24 37 6 29 -6 -3 -7 17 21 1 12 1 -44 28 -8 -11 -4 0 -1 -3 8
19 4 34 10 -7 -25 -5 11 29 -5 -2 13 19 9 8 -7 -9 -15 6 -22 -15 8 7 -30 5 23 20 8 12 -27 -33 9 23 14 -11 7 -19 -18 13 19 10 -2 -2 -24 37 6 29 -6 -3 -7 17 21 1 12 1 -44 28 -8 -11 -4 0 -1 -3 8
19 4 34 10 -7 -25 -5 11 29 -5 -2 13 19 9 8 -7 -9 -15 6 -22 -15 8 7 -30 5 23 20 8 12 -27 -33 9 23 14 -11 7 -19 -18 13 19 10 -2 -2 -24 37 6 29 -6 -3 -7 17 21 1 12 1 -44 28 -8 -11 -4 0 -1 -3 8
19 4 34 10 -7 -25 -5 11 29 -5 -2 13 19 9 8 -7 -9 -15 6 -22 -15 8 7 -30 5 23 20 8 12 -27 -33 9 23 14 -11 7 -19 -18 13 19 10 -2 -2 -24 37 6 29 -6 -3 -7 17 21 1 12 1 -44 28 -8 -11 -4 0 -1 -3 8
19 4 34 10 -7 -25 -5 11 29 -5 -2 13 19 9 8 -7 -9 -15 6 -22 -15 8 7 -30 5 23 20 8 12 -27 -33 9 23 14 -11 7 -19 -18 13 19 10 -2 -2 -24 37 6 29 -6 -3 -7 17 21 1 12 1 -44 28 -8 -11 -4 0 -1 -3 8
19 4 34 10 -7 -25 -5 11 29 -5 -2 13 19 9 8 -7 -9 -15 6 -22 -15 8 7 -30 5 23 20 8 12 -27 -33 9 23 14 -11 7 -19 -18 13 19 10 -2 -2 -24 37 6 29 -6 -3 -7 17 21 1 12 1 -44 28 -8 -11 -4 0 -1 -3 8
19 4 34 10 -7 -25 -5 11 29 -5 -2 13 19 9 8 -7 -9 -15 6 -22 -15 8 7 -30 5 23 20 8 12 -27 -33 9 23 14 -11 7 -19 -18 13 19 10 -2 -2 -24 37 6 29 -6 -3 -7 17 21 1 12 1 -44 28 -8 -11 -4 0 -1 -3 8
19 4 34 10 -7 -25 -5 11 29 -5 -2 13 19 9 8 -7 -9 -15 6 -22 -15 8 7 -30 5 23 20 8 12 -27 -33 9 23 14 -11 7 -19 -18 13 19 10 -2 -2 -24 37 6 29 -6 -3 -7 17 21 1 12 1 -44 28 -8 -11 -4 0 -1 -3 8
19 4 34 10 -7 -25 -5 11 29 -5 -2 13 19 9 8 -7 -9 -15 6 -22 -15 8 7 -30 5 23 20 8 12 -27 -33 9 23 14 -11 7 -19 -18 13 19 10 -2 -2 -24 37 6 29 -6 -3 -7 17 21 1 12 1 -44 28 -8 -11 -4 0 -1 -3 8
19 4 34 10 -7 -25 -5 11 29 -5 -2 13 19 9 8 -7 -9 -15 6 -22 -15 8 7 -30 5 23 20 8 12 -27 -33 9 23 14 -11 7 -19 -18 13 19 10 -2 -2 -24 37 6 29 -6 -3 -7 17 21 1 12 1 -44 28 -8 -11 -4 0 -1 -3 8
19 4 34 10 -7 -25 -5 11 29 -5 -2 13 19 9 8 -7 -9 -15 6 -22 -15 8 7 -30 5 23 20 8 12 -27 -33 9 23 14 -11 7 -19 -18 13 19 10 -2 -2 -24 37 6 29 -6 -3 -7 17 21 1 12 1 -44 28 -8 -11 -4 0 -1 -3 8
19 4 34 10 -7 -25 -5 11 29 -5 -2 13 19 9 8 -7 -9 -15 6 -22 -15 8 7 -30 5 23 20 8 12 -27 -33 9 23 14 -11 7 -19 -18 13 19 10 -2 -2 -24 37 6 29 -6 -3 -7 17 21 1 12 1 -44 28 -8 -11 -4 0 -1 -3 8
19 4 34 10 -7 -25 -5 11 29 -5 -2 13 19 9 8 -7 -9 -15 6 -22 -15 8 7 -30 5 23 20 8 12 -27 -33 9 23 14 -11 7 -19 -18 13 19 10 -2 -2 -24 37 6 29 -6 -3 -7 17 21 1 12 1 -44 28 -8 -11 -4 0 -1 -3 8
19 4 34 10 -7 -25 -5 11 29 -5 -2 13 19 9 8 -7 -9 -15 6 -22 -15 8 7 -30 5 23 20 8 12 -27 -33 9 23 14 -11 7 -19 -18 13 19 10 -2 -2 -24 37 6 29 -6 -3 -7 17 21 1 12 1 -44 28 -8 -11 -4 0 -1 -3 8
19 4 34 10 -7 -25 -5 11 29 -5 -2 13 19 9 8 -7 -9 -15 6 -22 -15 8 7 -30 5 23 20 8 12 -27 -33 9 23 14 -11 7 -19 -18 13 19 10 -2 -2 -24 37 6 29 -6 -3 -7 17 21 1 12 1 -44 28 -8 -11 -4 0 -1 -3 8
19 4 34 10 -7 -25 -5 11 29 -5 -2 13 19 9 8 -7 -9 -15 6 -22 -15 8 7 -30 5 23 20 8 12 -27 -33 9 23 14 -11 7 -19 -18 13 19 10 -2 -2 -24 37 6 29 -6 -3 -7 17 21 1 12 1 -44 28 -8 -11 -4 0 -1 -3 8
19 4 34 10 -7 -25 -5 11 29 -5 -2 13 19 9 8 -7 -9 -15 6 -22 -15 8 7 -30 5 23 20 8 12 -27 -33 9 23 14 -11 7 -19 -18 13 19 10 -2 -2 -24 37 6 29 -6 -3 -7 17 21 1 12 1 -44 28 -8 -11 -4 0 -1 -3 8
19 4 34 10 -7 -25 -5 11 29 -5 -2 13 19 9 8 -7 -9 -15 6 -22 -15 8 7 -30 5 23 20 8 12 -27 -33 9 23 14 -11 7 -19 -18 13 19 10 -2 -2 -24 37 6 29 -6 -3 -7 17 21 1 12 1 -44 28 -8 -11 -4 0 -1 -3 8
19 4 34 10 -7 -25 -5 11 29 -5 -2 13 19 9 8 -7 -9 -15 6 -22 -15 8 7 -30 5 23 20 8 12 -27 -33 9 23 14 -11 7 -19 -18 13 19 10 -2 -2 -24 37 6 29 -6 -3 -7 17 21 1 12 1 -44 28 -8 -11 -4 0 -1 -3 8
19 4 34 10 -7 -25 -5 11 29 -5 -2 13 19 9 8 -7 -9 -15 6 -22 -15 8 7 -30 5 23 20 8 12 -27 -33 9 23 14 -11 7 -19 -18 13 19 10 -2 -2 -24 37 6 29 -6 -3 -7 17 21 1 12 1 -44 28 -8 -11 -4 0 -1 -3 8
19 4 34 10 -7 -25 -5 11 29 -5 -2 13 19 9 8 -7 -9 -15 6 -22 -15 8 7 -30 5 23 20 8 12 -27 -33 9 23 14 -11 7 -19 -18 13 19 10 -2 -2 -24 37 6 29 -6 -3 -7 17 21 1 12 1 -44 28 -8 -11 -4 0 -1 -3 8
19 4 34 10 -7 -25 -5 11 29 -5 -2 13 19 9 8 -7 -9 -15 6 -22 -15 8 7 -30 5 23 20 8 12 -27 -33 9 23 14 -11 7 -19 -18 13 19 10 -2 -2 -24 37 6 29 -6 -3 -7 17 21 1 12 1 -44 28 -8 -11 -4 0 -1 -3 8
19 4 34 10 -7 -25 -5 11 29 -5 -2 13 19 9 8 -7 -9 -15 6 -22 -15 8 7 -30 5 23 20 8 12 -27 -33 9 23 14 -11 7 -19 -18 13 19 10 -2 -2 -24 37 6 29 -6 -3 -7 17 21 1 12 1 -44 28 -8 -11 -4 0 -1 -3 8
19 4 34 10 -7 -25 -5 11 29 -5 -2 13 19 9 8 -7 -9 -15 6 -22 -15 8 7 -30 5 23 20 8 12 -27 -33 9 23 14 -11 7 -19 -18 13 19 10 -2 -2 -24 37 6 29 -6 -3 -7 17 21 1 12 1 -44 28 -8 -11 -4 0 -1 -3 8
19 4 34 10 -7 -25 -5 11 29 -5 -2 13 19 9 8 -7 -9 -15 6 -22 -15 8 7 -30 5 23 20 8 12 -27 -33 9 23 14 -11 7 -19 -18 13 19 10 -2 -2 -24 37 6 29 -6 -3 -7 17 21 1 12 1 -44 28 -8 -11 -4 0 -1 -3 8
19 4 34 10 -7 -25 -5 11 29 -5 -2 13 19 9 8 -7 -9 -15 6 -22 -15 8 7 -30 5 23 20 8 12 -27 -33 9 23 14 -11 7 -19 -18 13 19 10 -2 -2 -24 37 6 29 -6 -3 -7 17 21 1 12 1 -44 28 -8 -11 -4 0 -1 -3 8
19 4 34 10 -7 -25 -5 11 29 -5 -2 13 19 9 8 -7 -9 -15 6 -22 -15 8 7 -30 5 23 20 8 12 -27 -33 9 23 14 -11 7 -19 -18 13 19 10 -2 -2 -24 37 6 29 -6 -3 -7 17 21 1 12 1 -44 28 -8 -11 -4 0 -1 -3 8
19 4 34 10 -7 -25 -5 11 29 -5 -2 13 19 9 8 -7 -9 -15 6 -22 -15 8 7 -30 5 23 20 8 12 -27 -33 9 23 14 -11 7 -19 -18 13 19 10 -2 -2 -24 37 6 29 -6 -3 -7 17 21 1 12 1 -44 28 -8 -11 -4 0 -1 -3 8
19 4 34 10 -7 -25 -5 11 29 -5 -2 13 19 9 8 -7 -9 -15 6 -22 -15 8 7 -30 5 23 20 8 12 -27 -33 9 23 14 -11 7 -19 -18 13 19 10 -2 -2 -24 37 6 29 -6 -3 -7 17 21 1 12 1 -44 28 -8 -11 -4 0 -1 -3 8
19 4 34 10 -7 -25 -5 11 29 -5 -2 13 19 9 8 -7 -9 -15 6 -22 -15 8 7 -30 5 23 20 8 12 -27 -33 9 23 14 -11 7 -19 -18 13 19 10 -2 -2 -24 37 6 29 -6 -3 -7 17 21 1 12 1 -44 28 -8 -11 -4 0 -1 -3 8
19 4 34 10 -7 -25 -5 11 29 -5 -2 13 19 9 8 -7 -9 -15 6 -22 -15 8 7 -30 5 23 20 8 12 -27 -33 9 23 14 -11 7 -19 -18 13 19 10 -2 -2 -24 37 6 29 -6 -3 -7 17 21 1 12 1 -44 28 -8 -11 -4 0 -1 -3 8
19 4 34 10 -7 -25 -5 11 29 -5 -2 13 19 9 8 -7 -9 -15 6 -22 -15 8 7 -30 5 23 20 8 12 -27 -33 9 23 14 -11 7 -19 -18 13 19 10 -2 -2 -24 37 6 29 -6 -3 -7 17 21 1 12 1 -44 28 -8 -11 -4 0 -1 -3 8
19 4 34 10 -7 -25 -5 11 29 -5 -2 13 19 9 8 -7 -9 -15 6 -22 -15 8 7 -30 5 23 20 8 12 -27 -33 9 23 14 -11 7 -19 -18 13 19 10 -2 -2 -24 37 6 29 -6 -3 -7 17 21 1 12 1 -44 28 -8 -11 -4 0 -1 -3 8
19 4 34 10 -7 -25 -5 11 29 -5 -2 13 19 9 8 -7 -9 -15 6 -22 -15 8 7 -30 5 23 20 8 12 -27 -33 9 23 14 -11 7 -19 -18 13 19 10 -2 -2 -24 37 6 29 -6 -3 -7 17 21 1 12 1 -44 28 -8 -11 -4 0 -1 -3 8
19 4 34 10 -7 -25 -5 11 29 -5 -2 13 19 9 8 -7 -9 -15 6 -22 -15 8 7 -30 5 23 20 8 12 -27 -33 9 23 14 -11 7 -19 -18 13 19 10 -2 -2 -24 37 6 29 -6 -3 -7 17 21 1 12 1 -44 28 -8 -11 -4 0 -1 -3 8
19 4 34 10 -7 -25 -5 11 29 -5 -2 13 19 9 8 -7 -9 -15 6 -22 -15 8 7 -30 5 23 20 8 12 -27 -33 9 23 14 -11 7 -19 -18 13 19 10 -2 -2 -24 37 6 29 -6 -3 -7 17 21 1 12 1 -44 28 -8 -11 -4 0 -1 -3 8
19 4 34 10 -7 -25 -5 11 29 -5 -2 13 19 9 8 -7 -9 -15 6 -22 -15 8 7 -30 5 23 20 8 12 -27 -33 9 23 14 -11 7 -19 -18 13 19 10 -2 -2 -24 37 6 29 -6 -3 -7 17 21 1 12 1 -44 28 -8 -11 -4 0 -1 -3 8
19 4 34 10 -7 -25 -5 11 29 -5 -2 13 19 9 8 -7 -9 -15 6 -22 -15 8 7 -30 5 23 20 8 12 -27 -33 9 23 14 -11 7 -19 -18 13 19 10 -2 -2 -24 37 6 29 -6 -3 -7 17 21 1 12 1 -44 28 -8 -11 -4 0 -1 -3 8
19 4 34 10 -7 -25 -5 11 29 -5 -2 13 19 9 8 -7 -9 -15 6 -22 -15 8 7 -30 5 23 20 8 12 -27 -33 9 23 14 -11 7 -19 -18 13 19 10 -2 -2 -24 37 6 29 -6 -3 -7 17 21 1 12 1 -44 28 -8 -11 -4 0 -1 -3 8
19 4 34 10 -7 -25 -5 11 29 -5 -2 13 19 9 8 -7 -9 -15 6 -22 -15 8 7 -30 5 23 20 8 12 -27 -33 9 23 14 -11 7 -19 -18 13 19 10 -2 -2 -24 37 6 29 -6 -3 -7 17 21 1 12 1 -44 28 -8 -11 -4 0 -1 -3 8
19 4 34 10 -7 -25 -5 11 29 -5 -2 13 19 9 8 -7 -9 -15 6 -22 -15 8 7 -30 5 23 20 8 12 -27 -33 9 23 14 -11 7 -19 -18 13 19 10 -2 -2 -24 37 6 29 -6 -3 -7 17 21 1 12 1 -44 28 -8 -11 -4 0 -1 -3 8
19 4 34 10 -7 -25 -5 11 29 -5 -2 13 19 9 8 -7 -9 -15 6 -22 -15 8 7 -30 5 23 20 8 12 -27 -33 9 23 14 -11 7 -19 -18 13 19 10 -2 -2 -24 37 6 29 -6 -3 -7 17 21 1 12 1 -44 28 -8 -11 -4 0 -1 -3 8
19 4 34 10 -7 -25 -5 11 29 -5 -2 13 19 9 8 -7 -9 -15 6 -22 -15 8 7 -30 5 23 20 8 12 -27 -33 9 23 14 -11 7 -19 -18 13 19 10 -2 -2 -24 37 6 29 -6 -3 -7 17 21 1 12 1 -44 28 -8 -11 -4 0 -1 -3 8
19 4 34 10 -7 -25 -5 11 29 -5 -2 13 19 9 8 -7 -9 -15 6 -22 -15 8 7 -30 5 23 20 8 12 -27 -33 9 23 14 -11 7 -19 -18 13 19 10 -2 -2 -24 37 6 29 -6 -3 -7 17 21 1 12 1 -44 28 -8 -11 -4 0 -1 -3 8
19 4 34 10 -7 -25 -5 11 29 -5 -2 13 19 9 8 -7 -9 -15 6 -22 -15 8 7 -30 5 23 20 8 12 -27 -33 9 23 14 -11 7 -19 -18 13 19 10 -2 -2 -24 37 6 29 -6 -3 -7 17 21 1 12 1 -44 28 -8 -11 -4 0 -1 -3 8
19 4 34 10 -7 -25 -5 11 29 -5 -2 13 19 9 8 -7 -9 -15 6 -22 -15 8 7 -30 5 23 20 8 12 -27 -33 9 23 14 -11 7 -19 -18 13 19 10 -2 -2 -24 37 6 29 -6 -3 -7 17 21 1 12 1 -44 28 -8 -11 -4 0 -1 -3 8
19 4 34 10 -7 -25 -5 11 29 -5 -2 13 19 9 8 -7 -9 -15 6 -22 -15 8 7 -30 5 23 20 8 12 -27 -33 9 23 14 -11 7 -19 -18 13 19 10 -2 -2 -24 37 6 29 -6 -3 -7 17 21 1 12 1 -44 28 -8 -11 -4 0 -1 -3 8
19 4 34 10 -7 -25 -5 11 29 -5 -2 13 19 9 8 -7 -9 -15 6 -22 -15 8 7 -30 5 23 20 8 12 -27 -33 9 23 14 -11 7 -19 -18 13 19 10 -2 -2 -24 37 6 29 -6 -3 -7 17 21 1 12 1 -44 28 -8 -11 -4 0 -1 -3 8
19 4 34 10 -7 -25 -5 11 29 -5 -2 13 19 9 8 -7 -9 -15 6 -22 -15 8 7 -30 5 23 20 8 12 -27 -33 9 23 14 -11 7 -19 -18 13 19 10 -2 -2 -24 37 6 29 -6 -3 -7 17 21 1 12 1 -44 28 -8 -11 -4 0 -1 -3 8
19 4 34 10 -7 -25 -5 11 29 -5 -2 13 19 9 8 -7 -9 -15 6 -22 -15 8 7 -30 5 23 20 8 12 -27 -33 9 23 14 -11 7 -19 -18 13 19 10 -2 -2 -24 37 6 29 -6 -3 -7 17 21 1 12 1 -44 28 -8 -11 -4 0 -1 -3 8
19 4 34 10 -7 -25 -5 11 29 -5 -2 13 19 9 8 -7 -9 -15 6 -22 -15 8 7 -30 5 23 20 8 12 -27 -33 9 23 14 -11 7 -19 -18 13 19 10 -2 -2 -24 37 6 29 -6 -3 -7 17 21 1 12 1 -44 28 -8 -11 -4 0 -1 -3 8
19 4 34 10 -7 -25 -5 11 29 -5 -2 13 19 9 8 -7 -9 -15 6 -22 -15 8 7 -30 5 23 20 8 12 -27 -33 9 23 14 -11 7 -19 -18 13 19 10 -2 -2 -24 37 6 29 -6 -3 -7 17 21 1 12 1 -44 28 -8 -11 -4 0 -1 -3 8
19 4 34 10 -7 -25 -5 11 29 -5 -2 13 19 9 8 -7 -9 -15 6 -22 -15 8 7 -30 5 23 20 8 12 -27 -33 9 23 14 -11 7 -19 -18 13 19 10 -2 -2 -24 37 6 29 -6 -3 -7 17 21 1 12 1 -44 28 -8 -11 -4 0 -1 -3 8
19 4 34 10 -7 -25 -5 11 29 -5 -2 13 19 9 8 -7 -9 -15 6 -22 -15 8 7 -30 5 23 20 8 12 -27 -33 9 23 14 -11 7 -19 -18 13 19 10 -2 -2 -24 37 6 29 -6 -3 -7 17 21 1 12 1 -44 28 -8 -11 -4 0 -1 -3 8
19 4 34 10 -7 -25 -5 11 29 -5 -2 13 19 9 8 -7 -9 -15 6 -22 -15 8 7 -30 5 23 20 8 12 -27 -33 9 23 14 -11 7 -19 -18 13 19 10 -2 -2 -24 37 6 29 -6 -3 -7 17 21 1 12 1 -44 28 -8 -11 -4 0 -1 -3 8
19 4 34 10 -7 -25 -5 11 29 -5 -2 13 19 9 8 -7 -9 -15 6 -22 -15 8 7 -30 5 23 20 8 12 -27 -33 9 23 14 -11 7 -19 -18 13 19 10 -2 -2 -24 37 6 29 -6 -3 -7 17 21 1 12 1 -44 28 -8 -11 -4 0 -1 -3 8
19 4 34 10 -7 -25 -5 11 29 -5 -2 13 19 9 8 -7 -9 -15 6 -22 -15 8 7 -30 5 23 20 8 12 -27 -33 9 23 14 -11 7 -19 -18 13 19 10 -2 -2 -24 37 6 29 -6 -3 -7 17 21 1 12 1 -44 28 -8 -11 -4 0 -1 -3 8
19 4 34 10 -7 -25 -5 11 29 -5 -2 13 19 9 8 -7 -9 -15 6 -22 -15 8 7 -30 5 23 20 8 12 -27 -33 9 23 14 -11 7 -19 -18 13 19 10 -2 -2 -24 37 6 29 -6 -3 -7 17 21 1 12 1 -44 28 -8 -11 -4 0 -1 -3 8
19 4 34 10 -7 -25 -5 11 29 -5 -2 13 19 9 8 -7 -9 -15 6 -22 -15 8 7 -30 5 23 20 8 12 -27 -33 9 23 14 -11 7 -19 -18 13 19 10 -2 -2 -24 37 6 29 -6 -3 -7 17 21 1 12 1 -44 28 -8 -11 -4 0 -1 -3 8
19 4 34 10 -7 -25 -5 11 29 -5 -2 13 19 9 8 -7 -9 -15 6 -22 -15 8 7 -30 5 23 20 8 12 -27 -33 9 23 14 -11 7 -19 -18 13 19 10 -2 -2 -24 37 6 29 -6 -3 -7 17 21 1 12 1 -44 28 -8 -11 -4 0 -1 -3 8
19 4 34 10 -7 -25 -5 11 29 -5 -2 13 19 9 8 -7 -9 -15 6 -22 -15 8 7 -30 5 23 20 8 12 -27 -33 9 23 14 -11 7 -19 -18 13 19 10 -2 -2 -24 37 6 29 -6 -3 -7 17 21 1 12 1 -44 28 -8 -11 -4 0 -1 -3 8
19 4 34 10 -7 -25 -5 11 29 -5 -2 13 19 9 8 -7 -9 -15 6 -22 -15 8 7 -30 5 23 20 8 12 -27 -33 9 23 14 -11 7 -19 -18 13 19 10 -2 -2 -24 37 6 29 -6 -3 -7 17 21 1 12 1 -44 28 -8 -11 -4 0 -1 -3 8
19 4 34 10 -7 -25 -5 11 29 -5 -2 13 19 9 8 -7 -9 -15 6 -22 -15 8 7 -30 5 23 20 8 12 -27 -33 9 23 14 -11 7 -19 -18 13 19 10 -2 -2 -24 37 6 29 -6 -3 -7 17 21 1 12 1 -44 28 -8 -11 -4 0 -1 -3 8
19 4 34 10 -7 -25 -5 11 29 -5 -2 13 19 9 8 -7 -9 -15 6 -22 -15 8 7 -30 5 23 20 8 12 -27 -33 9 23 14 -11 7 -19 -18 13 19 10 -2 -2 -24 37 6 29 -6 -3 -7 17 21 1 12 1 -44 28 -8 -11 -4 0 -1 -3 8
19 4 34 10 -7 -25 -5 11 29 -5 -2 13 19 9 8 -7 -9 -15 6 -22 -15 8 7 -30 5 23 20 8 12 -27 -33 9 23 14 -11 7 -19 -18 13 19 10 -2 -2 -24 37 6 29 -6 -3 -7 17 21 1 12 1 -44 28 -8 -11 -4 0 -1 -3 8
19 4 34 10 -7 -25 -5 11 29 -5 -2 13 19 9 8 -7 -9 -15 6 -22 -15 8 7 -30 5 23 20 8 12 -27 -33 9 23 14 -11 7 -19 -18 13 19 10 -2 -2 -24 37 6 29 -6 -3 -7 17 21 1 12 1 -44 28 -8 -11 -4 0 -1 -3 8
19 4 34 10 -7 -25 -5 11 29 -5 -2 13 19 9 8 -7 -9 -15 6 -22 -15 8 7 -30 5 23 20 8 12 -27 -33 9 23 14 -11 7 -19 -18 13 19 10 -2 -2 -24 37 6 29 -6 -3 -7 17 21 1 12 1 -44 28 -8 -11 -4 0 -1 -3 8
19 4 34 10 -7 -25 -5 11 29 -5 -2 13 19 9 8 -7 -9 -15 6 -22 -15 8 7 -30 5 23 20 8 12 -27 -33 9 23 14 -11 7 -19 -18 13 19 10 -2 -2 -24 37 6 29 -6 -3 -7 17 21 1 12 1 -44 28 -8 -11 -4 0 -1 -3 8
19 4 34 10 -7 -25 -5 11 29 -5 -2 13 19 9 8 -7 -9 -15 6 -22 -15 8 7 -30 5 23 20 8 12 -27 -33 9 23 14 -11 7 -19 -18 13 19 10 -2 -2 -24 37 6 29 -6 -3 -7 17 21 1 12 1 -44 28 -8 -11 -4 0 -1 -3 8
19 4 34 10 -7 -25 -5 11 29 -5 -2 13 19 9 8 -7 -9 -15 6 -22 -15 8 7 -30 5 23 20 8 12 -27 -33 9 23 14 -11 7 -19 -18 13 19 10 -2 -2 -24 37 6 29 -6 -3 -7 17 21 1 12 1 -44 28 -8 -11 -4 0 -1 -3 8
19 4 34 10 -7 -25 -5 11 29 -5 -2 13 19 9 8 -7 -9 -15 6 -22 -15 8 7 -30 5 23 20 8 12 -27 -33 9 23 14 -11 7 -19 -18 13 19 10 -2 -2 -24 37 6 29 -6 -3 -7 17 21 1 12 1 -44 28 -8 -11 -4 0 -1 -3 8
19 4 34 10 -7 -25 -5 11 29 -5 -2 13 19 9 8 -7 -9 -15 6 -22 -15 8 7 -30 5 23 20 8 12 -27 -33 9 23 14 -11 7 -19 -18 13 19 10 -2 -2 -24 37 6 29 -6 -3 -7 17 21 1 12 1 -44 28 -8 -11 -4 0 -1 -3 8
19 4 34 10 -7 -25 -5 11 29 -5 -2 13 19 9 8 -7 -9 -15 6 -22 -15 8 7 -30 5 23 20 8 12 -27 -33 9 23 14 -11 7 -19 -18 13 19 10 -2 -2 -24 37 6 29 -6 -3 -7 17 21 1 12 1 -44 28 -8 -11 -4 0 -1 -3 8
19 4 34 10 -7 -25 -5 11 29 -5 -2 13 19 9 8 -7 -9 -15 6 -22 -15 8 7 -30 5 23 20 8 12 -27 -33 9 23 14 -11 7 -19 -18 13 19 10 -2 -2 -24 37 6 29 -6 -3 -7 17 21 1 12 1 -44 28 -8 -11 -4 0 -1 -3 8
19 4 34 10 -7 -25 -5 11 29 -5 -2 13 19 9 8 -7 -9 -15 6 -22 -15 8 7 -30 5 23 20 8 12 -27 -33 9 23 14 -11 7 -19 -18 13 19 10 -2 -2 -24 37 6 29 -6 -3 -7 17 21 1 12 1 -44 28 -8 -11 -4 0 -1 -3 8
19 4 34 10 -7 -25 -5 11 29 -5 -2 13 19 9 8 -7 -9 -15 6 -22 -15 8 7 -30 5 23 20 8 12 -27 -33 9 23 14 -11 7 -19 -18 13 19 10 -2 -2 -24 37 6 29 -6 -3 -7 17 21 1 12 1 -44 28 -8 -11 -4 0 -1 -3 8
19 4 34 10 -7 -25 -5 11 29 -5 -2 13 19 9 8 -7 -9 -15 6 -22 -15 8 7 -30 5 23 20 8 12 -27 -33 9 23 14 -11 7 -19 -18 13 19 10 -2 -2 -24 37 6 29 -6 -3 -7 17 21 1 12 1 -44 28 -8 -11 -4 0 -1 -3 8
19 4 34 10 -7 -25 -5 11 29 -5 -2 13 19 9 8 -7 -9 -15 6 -22 -15 8 7 -30 5 23 20 8 12 -27 -33 9 23 14 -11 7 -19 -18 13 19 10 -2 -2 -24 37 6 29 -6 -3 -7 17 21 1 12 1 -44 28 -8 -11 -4 0 -1 -3 8
19 4 34 10 -7 -25 -5 11 29 -5 -2 13 19 9 8 -7 -9 -15 6 -22 -15 8 7 -30 5 23 20 8 12 -27 -33 9 23 14 -11 7 -19 -18 13 19 10 -2 -2 -24 37 6 29 -6 -3 -7 17 21 1 12 1 -44 28 -8 -11 -4 0 -1 -3 8
19 4 34 10 -7 -25 -5 11 29 -5 -2 13 19 9 8 -7 -9 -15 6 -22 -15 8 7 -30 5 23 20 8 12 -27 -33 9 23 14 -11 7 -19 -18 13 19 10 -2 -2 -24 37 6 29 -6 -3 -7 17 21 1 12 1 -44 28 -8 -11 -4 0 -1 -3 8
19 4 34 10 -7 -25 -5 11 29 -5 -2 13 19 9 8 -7 -9 -15 6 -22 -15 8 7 -30 5 23 20 8 12 -27 -33 9 23 14 -11 7 -19 -18 13 19 10 -2 -2 -24 37 6 29 -6 -3 -7 17 21 1 12 1 -44 28 -8 -11 -4 0 -1 -3 8
