17 -13 -7 -24 0 -16 -13 -11 2 5 -42 21 0 -18 12 -7 -10 7 5 -5 -15 -7 2 28 6 -6 9 -8 6 9 -3 -35 19 -5 -1 -17 -16 24 -15 2 -2 -18 8 5 13 -10 -7 -2 -5 0 -2 -5 16 -1 35 27 14 9 6 -2 -3 39 13 6
20 16 -3 -7 12 8 -24 1 22 17 -45 12 5 -9 5 0 8 -5 0 -10 -40 -2 11 47 21 12 -4 -21 -7 15 1 -12 14 -20 -19 -1 22 8 -6 1 12 -11 19 -43 19 -10 -4 33 -4 -23 41 -21 -5 16 19 10 9 33 -9 0 4 28 11 10
10 12 -3 -7 25 21 -20 3 18 19 -29 17 14 -17 22 -7 4 4 -8 -14 -36 1 16 46 30 0 1 -16 -11 29 -12 -20 15 1 -26 16 32 21 -3 -4 12 -12 5 -48 10 -4 -17 32 16 -41 51 -22 -1 17 31 8 13 21 -11 5 2 25 22 18
15 2 -5 -11 20 11 -30 -8 22 9 -44 6 4 -16 23 -4 5 10 4 -14 -31 -2 15 53 27 6 7 -12 -5 27 -9 -22 17 -8 -23 16 29 13 1 -2 -2 -12 0 -47 8 -9 -17 25 15 -30 35 -16 -2 2 21 7 4 11 -5 -1 2 31 20 16
7 0 12 -20 31 10 -9 -4 25 -3 -30 17 12 -9 14 -3 5 13 8 -6 -34 12 8 34 31 13 -7 0 -6 34 -13 -16 21 -12 -31 27 26 21 -7 -11 3 -16 -1 -47 22 -13 -19 37 10 -31 36 -16 -2 14 34 12 13 15 -7 2 3 19 18 18
6 -3 4 -8 25 22 -18 -18 30 -2 -35 15 12 -11 18 -5 11 5 -5 -5 -36 3 2 50 30 1 11 -4 7 30 -11 -21 17 -11 -20 28 29 18 7 -21 6 -1 -4 -55 14 -7 -15 33 2 -33 42 -17 -16 10 24 13 21 14 -8 3 14 15 16 29
17 16 6 -8 25 8 -24 -5 22 10 -37 3 11 -19 -1 -13 6 17 0 -9 -24 3 11 46 30 4 -3 -13 13 30 -16 -27 18 -25 -32 33 28 12 6 -4 0 -9 2 -42 10 -14 -22 37 5 -35 48 -6 -17 3 34 7 8 9 -4 -4 1 23 24 19
14 5 6 -5 13 18 -17 -8 19 8 -39 10 14 -14 12 -2 5 4 -8 -15 -37 2 13 35 32 4 -1 -1 3 31 -15 -18 30 -8 -26 33 23 19 -1 -12 -7 -11 1 -45 6 -20 -23 32 10 -28 44 -8 -10 11 21 12 22 15 1 -11 5 29 24 14
14 11 13 -7 12 17 -24 3 28 21 -36 9 11 -19 14 -11 11 7 -7 -12 -41 6 12 49 27 18 -8 -10 -8 33 -15 -22 10 -5 -27 12 23 15 -8 -9 6 -15 0 -55 6 -13 -18 29 17 -33 43 -11 -6 -12 21 2 3 14 -1 6 -3 27 32 9
-7 28 6 -4 18 16 -15 -4 48 4 -11 8 17 -10 19 1 18 8 8 -8 -52 10 -1 40 20 -7 -20 -16 -11 22 -43 -34 21 -1 -11 5 1 32 -8 -10 14 -34 37 -46 18 -4 -1 41 7 -40 67 -3 -20 4 -12 -5 13 3 -12 10 7 32 21 7
11 12 15 -3 12 28 -27 0 29 30 -39 25 15 -18 12 -16 1 8 -4 -13 -48 7 15 57 29 10 -7 -13 -12 36 -13 -16 12 -3 -18 18 25 12 -6 -6 5 -14 -5 -46 12 -14 -13 29 15 -38 50 -14 -2 -2 21 9 3 21 -13 2 -1 29 28 11
7 2 2 2 22 20 -22 -2 22 19 -29 14 20 -11 19 -7 4 18 -1 -12 -45 6 10 49 33 -2 -5 0 -5 34 -14 -21 9 8 -30 27 30 11 -7 -3 3 -19 0 -48 10 -15 -10 31 28 -34 46 -18 -6 3 21 5 13 17 0 8 -2 18 27 22
21 23 1 -8 18 9 -19 2 30 13 -36 17 3 -12 18 -9 9 6 -1 -13 -37 -5 5 44 24 8 3 -14 -13 27 -5 -12 6 9 -27 8 23 12 2 -4 -1 -14 -1 -46 9 -9 -16 31 9 -29 37 -13 2 5 21 16 0 15 -3 4 8 41 13 11
10 15 2 -5 23 17 -10 -9 21 11 -33 23 13 -18 12 -10 -1 4 -14 -17 -38 9 1 24 22 1 -1 -1 -2 32 -6 -23 27 -8 -34 22 25 15 5 -11 -3 -23 3 -47 15 -13 -17 29 12 -27 40 -18 -4 26 31 18 12 18 -2 2 5 33 16 20
13 23 13 -14 31 18 -22 -7 40 0 -15 19 12 -16 19 -1 15 11 -4 -8 -51 14 -6 35 17 -6 6 -22 -11 21 -21 -27 13 -3 -21 9 6 15 -2 -16 6 -22 20 -44 7 -12 -16 22 8 -44 44 -10 -15 15 18 2 12 3 -20 10 8 31 31 11
17 22 5 -13 25 19 -28 -1 27 13 -27 17 2 -19 15 -7 8 13 -8 -9 -46 7 3 46 26 5 11 -18 -7 19 -2 -23 10 -1 -24 9 16 12 3 -12 -3 -14 -1 -46 1 -15 -21 23 12 -27 38 -18 -9 1 18 10 4 10 -2 -2 11 42 23 8
4 20 4 -19 25 24 -15 -3 29 15 -37 4 10 -13 9 -14 6 8 -6 -10 -48 3 9 31 32 6 -2 -3 6 27 -19 -19 31 -16 -33 28 18 18 -13 -7 1 -12 3 -50 21 -26 -11 22 7 -45 47 -11 -21 10 22 11 20 17 -9 20 -5 29 29 24
18 11 8 -14 27 10 -23 -2 27 13 -33 16 12 -13 15 -10 8 5 7 -7 -36 -2 2 46 25 11 1 -13 0 29 -11 -21 15 -6 -27 16 16 17 -6 -8 1 -6 -1 -41 -4 -13 -7 21 10 -26 39 -4 -18 3 24 12 7 13 -10 3 9 36 22 16
15 8 3 -15 18 19 -18 -4 18 11 -30 6 20 -17 17 -10 9 12 -1 -20 -44 -7 7 49 31 -4 -1 -11 2 29 -9 -22 31 -6 -22 29 15 17 4 -7 1 -5 -3 -50 4 -21 -9 29 11 -25 45 -8 -11 6 19 10 12 16 -3 -2 4 30 32 35
14 5 1 -11 12 22 -12 -1 26 18 -28 16 19 -15 14 -4 9 14 2 -16 -43 1 15 46 32 11 1 7 -3 25 -5 -18 31 2 -29 35 12 17 -3 0 -1 -14 -3 -44 13 -23 -12 29 11 -34 38 -13 -11 13 16 12 15 24 8 2 14 23 31 21
26 8 4 -8 13 13 -13 -9 21 25 -32 14 16 -24 10 -13 11 22 -5 -16 -46 -6 4 44 25 8 6 0 -6 35 -9 -19 29 4 -33 27 28 10 -10 2 5 -9 7 -35 11 -19 -15 24 9 -27 42 -13 -13 14 22 6 11 22 -4 -5 15 29 35 14
4 25 10 -10 42 17 -9 4 25 5 0 6 20 -8 33 11 23 15 -4 -14 -58 7 2 37 21 -7 -2 -18 2 39 -30 -29 14 15 -24 23 11 17 -2 -15 18 -27 21 -40 20 -9 1 25 13 -39 52 -24 -3 14 18 -2 16 15 -1 14 15 28 36 14
9 -3 -7 -10 5 -2 -4 -7 2 -1 -15 9 1 -14 11 -4 1 3 7 -6 -14 -3 1 18 11 0 -3 -6 10 3 2 -26 14 -5 -5 3 0 6 -5 8 -6 -7 7 -4 1 -9 -5 5 10 0 7 -5 3 0 26 8 6 6 10 -3 -4 22 6 10
20 22 -2 -16 27 0 -16 -6 20 -6 -29 26 -14 -13 5 2 12 3 -12 2 -44 7 14 33 7 -3 2 -43 -10 15 -11 -21 12 -6 -3 5 8 20 -10 -6 22 -9 11 -49 23 -16 -7 7 -17 -25 37 -24 0 4 23 21 15 5 -10 13 4 25 11 5
12 20 -9 -4 23 11 -21 -5 23 -6 -11 -2 -7 -24 29 -7 10 -4 -14 -18 -47 7 20 22 1 -15 3 -37 -9 20 -21 -32 19 -6 -5 9 25 29 -9 -11 22 -8 14 -71 22 -13 -11 22 10 -29 43 -19 -13 7 13 18 16 9 -10 5 22 15 27 11
24 16 -8 2 24 -1 -29 -2 22 8 -27 5 1 -16 12 -4 9 9 -7 -10 -50 3 21 49 24 -3 1 -23 -6 28 -13 -21 13 -8 -12 3 23 19 0 -10 15 -15 1 -63 13 -12 -3 28 2 -25 45 -8 -2 -8 31 17 2 5 -12 0 10 35 20 0
5 6 0 -18 33 6 -18 -19 18 -4 -27 9 8 -16 14 -3 8 15 9 -5 -34 12 14 21 38 4 -11 -7 2 25 -14 -13 29 -4 -19 27 21 27 -4 -9 7 -16 -6 -52 21 -15 -7 34 2 -22 36 -12 -1 14 33 18 17 6 14 2 9 8 9 19
16 -1 1 -14 20 13 -20 -10 16 2 -31 11 22 -1 16 -2 11 12 0 -15 -32 3 8 40 27 5 -7 -8 8 26 -13 -15 26 -7 -16 32 27 28 10 -11 10 -5 -9 -48 8 -14 -7 35 8 -8 30 -12 -4 15 28 13 23 11 6 -7 16 8 21 29
21 2 2 -11 9 14 -13 -6 16 7 -29 9 19 -19 23 -5 11 14 5 -19 -33 -5 28 33 31 3 -17 -12 8 29 -22 -20 23 -10 -20 33 26 20 11 7 16 -21 -7 -43 10 -25 -22 34 3 -19 47 -6 -8 18 27 13 15 20 6 2 5 18 27 18
14 6 4 0 16 15 -13 -4 15 19 -30 15 17 -13 19 -5 8 10 1 -12 -46 -2 19 30 17 6 -10 -15 9 30 -9 -24 20 -8 -15 31 33 18 7 -8 2 -24 -1 -55 15 -19 -14 29 2 -21 45 -8 0 19 25 12 18 16 5 -1 9 30 33 18
21 7 3 -5 22 4 -17 1 19 17 -32 20 7 -22 12 -4 2 9 -1 -6 -44 -2 23 40 18 2 -3 -15 -2 27 -14 -19 5 -1 -18 10 22 16 -5 -4 10 -18 -2 -53 9 -20 -9 22 2 -27 36 -11 -3 -2 24 14 9 26 1 3 8 30 24 7
17 9 3 -1 12 10 -22 2 18 10 -36 16 1 -16 10 -8 4 3 -2 -9 -46 5 17 39 20 5 0 -20 1 30 -8 -16 10 -12 -15 13 29 15 0 -6 6 -9 -2 -44 7 -29 -13 20 2 -17 35 -9 -1 1 23 14 6 23 -1 3 4 22 22 7
12 -3 1 4 22 11 -25 -8 17 12 -23 9 12 -12 26 -11 6 15 -2 -13 -49 -3 27 48 32 2 -3 -9 -6 33 -8 -25 5 12 -24 18 36 18 0 -5 6 -30 -9 -58 13 -20 -12 28 12 -21 41 -10 -13 8 22 17 14 22 0 -1 -2 16 33 17
18 10 -4 -3 19 5 -22 1 17 15 -31 21 4 -16 21 -8 11 6 -9 -16 -41 -11 6 40 18 5 0 -15 0 27 6 -23 5 3 -15 1 30 15 4 -6 -2 -11 4 -46 9 -12 -12 22 6 -16 24 -10 1 13 29 19 12 6 -1 4 8 37 17 13
11 8 0 -18 33 12 -25 -4 18 15 -26 6 8 -20 12 -8 -2 8 0 -8 -48 8 16 31 31 3 -3 -12 10 24 -14 -17 32 -10 -25 27 21 22 -6 -8 2 -17 -4 -57 19 -29 -13 18 2 -35 42 -9 -10 10 24 14 25 10 -4 12 8 16 35 23
20 9 3 -8 27 -2 -22 -9 18 10 -29 12 6 -21 18 -6 10 12 3 -14 -38 1 16 44 23 0 -5 -17 -2 23 -6 -16 15 5 -17 10 21 20 -2 -10 3 -8 -2 -45 -5 -20 -15 17 4 -16 25 -3 -9 3 31 15 8 10 -3 -5 17 28 26 18
18 6 5 -7 25 13 -27 -2 13 13 -28 3 28 -15 17 -7 13 10 -1 -19 -44 -4 13 47 27 2 0 -12 6 27 -14 -23 33 -3 -21 28 27 23 5 -8 7 -5 -4 -57 4 -26 -10 28 11 -16 34 -4 -9 9 27 15 13 13 -2 6 10 22 38 26
28 -1 1 -2 15 17 -16 -4 21 10 -27 8 18 -21 19 -3 7 15 -4 -23 -55 3 17 44 30 7 -2 -5 2 32 -6 -17 31 8 -20 40 17 24 2 -1 0 -12 -1 -50 20 -27 -15 31 7 -19 35 -11 -13 12 22 15 20 15 15 4 10 19 30 21
27 4 -5 -4 13 3 -14 3 11 15 -22 12 15 -24 15 -10 6 17 -2 -27 -46 -11 18 34 26 8 1 -9 -3 37 -7 -24 31 1 -30 26 29 18 5 -4 9 -11 -2 -46 13 -20 -18 18 0 -17 40 -16 -6 19 20 12 18 19 10 -7 15 24 35 20
11 28 6 -8 30 10 -20 5 17 7 -6 7 20 -2 33 4 17 6 6 -7 -63 4 10 32 20 -3 -8 -18 4 34 -22 -29 15 16 -17 16 17 25 7 -9 21 -23 17 -55 19 -9 -6 18 -4 -16 34 -20 -2 24 15 5 9 5 -4 2 13 23 40 15
9 -3 -8 -11 6 -1 -5 -7 -2 2 -17 10 5 -10 10 -5 -2 3 8 -5 -11 -5 6 17 9 2 0 -3 8 3 5 -24 17 -1 -3 1 1 8 -2 9 -4 -5 4 -5 -1 -6 -5 2 8 -1 5 -6 6 2 23 11 6 7 9 -5 1 20 5 11
11 27 19 -11 20 9 -11 10 31 -10 -30 39 8 -24 0 5 5 -7 -3 -19 -47 12 4 40 20 -13 -5 -24 -12 4 -29 -26 2 16 -25 -9 12 12 -10 -11 15 -22 29 -17 14 -6 -5 3 -14 -17 14 -8 2 -12 14 6 12 29 -1 9 -8 29 1 -11
11 27 19 -11 20 9 -11 10 31 -10 -30 39 8 -24 0 5 5 -7 -3 -19 -47 12 4 40 20 -13 -5 -24 -12 4 -29 -26 2 16 -25 -9 12 12 -10 -11 15 -22 29 -17 14 -6 -5 3 -14 -17 14 -8 2 -12 14 6 12 29 -1 9 -8 29 1 -11
11 27 19 -11 20 9 -11 10 31 -10 -30 39 8 -24 0 5 5 -7 -3 -19 -47 12 4 40 20 -13 -5 -24 -12 4 -29 -26 2 16 -25 -9 12 12 -10 -11 15 -22 29 -17 14 -6 -5 3 -14 -17 14 -8 2 -12 14 6 12 29 -1 9 -8 29 1 -11
11 27 19 -11 20 9 -11 10 31 -10 -30 39 8 -24 0 5 5 -7 -3 -19 -47 12 4 40 20 -13 -5 -24 -12 4 -29 -26 2 16 -25 -9 12 12 -10 -11 15 -22 29 -17 14 -6 -5 3 -14 -17 14 -8 2 -12 14 6 12 29 -1 9 -8 29 1 -11
11 27 19 -11 20 9 -11 10 31 -10 -30 39 8 -24 0 5 5 -7 -3 -19 -47 12 4 40 20 -13 -5 -24 -12 4 -29 -26 2 16 -25 -9 12 12 -10 -11 15 -22 29 -17 14 -6 -5 3 -14 -17 14 -8 2 -12 14 6 12 29 -1 9 -8 29 1 -11
11 27 19 -11 20 9 -11 10 31 -10 -30 39 8 -24 0 5 5 -7 -3 -19 -47 12 4 40 20 -13 -5 -24 -12 4 -29 -26 2 16 -25 -9 12 12 -10 -11 15 -22 29 -17 14 -6 -5 3 -14 -17 14 -8 2 -12 14 6 12 29 -1 9 -8 29 1 -11
11 27 19 -11 20 9 -11 10 31 -10 -30 39 8 -24 0 5 5 -7 -3 -19 -47 12 4 40 20 -13 -5 -24 -12 4 -29 -26 2 16 -25 -9 12 12 -10 -11 15 -22 29 -17 14 -6 -5 3 -14 -17 14 -8 2 -12 14 6 12 29 -1 9 -8 29 1 -11
11 27 19 -11 20 9 -11 10 31 -10 -30 39 8 -24 0 5 5 -7 -3 -19 -47 12 4 40 20 -13 -5 -24 -12 4 -29 -26 2 16 -25 -9 12 12 -10 -11 15 -22 29 -17 14 -6 -5 3 -14 -17 14 -8 2 -12 14 6 12 29 -1 9 -8 29 1 -11
11 27 19 -11 20 9 -11 10 31 -10 -30 39 8 -24 0 5 5 -7 -3 -19 -47 12 4 40 20 -13 -5 -24 -12 4 -29 -26 2 16 -25 -9 12 12 -10 -11 15 -22 29 -17 14 -6 -5 3 -14 -17 14 -8 2 -12 14 6 12 29 -1 9 -8 29 1 -11
11 27 19 -11 20 9 -11 10 31 -10 -30 39 8 -24 0 5 5 -7 -3 -19 -47 12 4 40 20 -13 -5 -24 -12 4 -29 -26 2 16 -25 -9 12 12 -10 -11 15 -22 29 -17 14 -6 -5 3 -14 -17 14 -8 2 -12 14 6 12 29 -1 9 -8 29 1 -11
11 27 19 -11 20 9 -11 10 31 -10 -30 39 8 -24 0 5 5 -7 -3 -19 -47 12 4 40 20 -13 -5 -24 -12 4 -29 -26 2 16 -25 -9 12 12 -10 -11 15 -22 29 -17 14 -6 -5 3 -14 -17 14 -8 2 -12 14 6 12 29 -1 9 -8 29 1 -11
11 27 19 -11 20 9 -11 10 31 -10 -30 39 8 -24 0 5 5 -7 -3 -19 -47 12 4 40 20 -13 -5 -24 -12 4 -29 -26 2 16 -25 -9 12 12 -10 -11 15 -22 29 -17 14 -6 -5 3 -14 -17 14 -8 2 -12 14 6 12 29 -1 9 -8 29 1 -11
11 27 19 -11 20 9 -11 10 31 -10 -30 39 8 -24 0 5 5 -7 -3 -19 -47 12 4 40 20 -13 -5 -24 -12 4 -29 -26 2 16 -25 -9 12 12 -10 -11 15 -22 29 -17 14 -6 -5 3 -14 -17 14 -8 2 -12 14 6 12 29 -1 9 -8 29 1 -11
11 27 19 -11 20 9 -11 10 31 -10 -30 39 8 -24 0 5 5 -7 -3 -19 -47 12 4 40 20 -13 -5 -24 -12 4 -29 -26 2 16 -25 -9 12 12 -10 -11 15 -22 29 -17 14 -6 -5 3 -14 -17 14 -8 2 -12 14 6 12 29 -1 9 -8 29 1 -11
11 27 19 -11 20 9 -11 10 31 -10 -30 39 8 -24 0 5 5 -7 -3 -19 -47 12 4 40 20 -13 -5 -24 -12 4 -29 -26 2 16 -25 -9 12 12 -10 -11 15 -22 29 -17 14 -6 -5 3 -14 -17 14 -8 2 -12 14 6 12 29 -1 9 -8 29 1 -11
11 27 19 -11 20 9 -11 10 31 -10 -30 39 8 -24 0 5 5 -7 -3 -19 -47 12 4 40 20 -13 -5 -24 -12 4 -29 -26 2 16 -25 -9 12 12 -10 -11 15 -22 29 -17 14 -6 -5 3 -14 -17 14 -8 2 -12 14 6 12 29 -1 9 -8 29 1 -11
11 27 19 -11 20 9 -11 10 31 -10 -30 39 8 -24 0 5 5 -7 -3 -19 -47 12 4 40 20 -13 -5 -24 -12 4 -29 -26 2 16 -25 -9 12 12 -10 -11 15 -22 29 -17 14 -6 -5 3 -14 -17 14 -8 2 -12 14 6 12 29 -1 9 -8 29 1 -11
11 27 19 -11 20 9 -11 10 31 -10 -30 39 8 -24 0 5 5 -7 -3 -19 -47 12 4 40 20 -13 -5 -24 -12 4 -29 -26 2 16 -25 -9 12 12 -10 -11 15 -22 29 -17 14 -6 -5 3 -14 -17 14 -8 2 -12 14 6 12 29 -1 9 -8 29 1 -11
11 27 19 -11 20 9 -11 10 31 -10 -30 39 8 -24 0 5 5 -7 -3 -19 -47 12 4 40 20 -13 -5 -24 -12 4 -29 -26 2 16 -25 -9 12 12 -10 -11 15 -22 29 -17 14 -6 -5 3 -14 -17 14 -8 2 -12 14 6 12 29 -1 9 -8 29 1 -11
11 27 19 -11 20 9 -11 10 31 -10 -30 39 8 -24 0 5 5 -7 -3 -19 -47 12 4 40 20 -13 -5 -24 -12 4 -29 -26 2 16 -25 -9 12 12 -10 -11 15 -22 29 -17 14 -6 -5 3 -14 -17 14 -8 2 -12 14 6 12 29 -1 9 -8 29 1 -11
11 27 19 -11 20 9 -11 10 31 -10 -30 39 8 -24 0 5 5 -7 -3 -19 -47 12 4 40 20 -13 -5 -24 -12 4 -29 -26 2 16 -25 -9 12 12 -10 -11 15 -22 29 -17 14 -6 -5 3 -14 -17 14 -8 2 -12 14 6 12 29 -1 9 -8 29 1 -11
11 27 19 -11 20 9 -11 10 31 -10 -30 39 8 -24 0 5 5 -7 -3 -19 -47 12 4 40 20 -13 -5 -24 -12 4 -29 -26 2 16 -25 -9 12 12 -10 -11 15 -22 29 -17 14 -6 -5 3 -14 -17 14 -8 2 -12 14 6 12 29 -1 9 -8 29 1 -11
11 27 19 -11 20 9 -11 10 31 -10 -30 39 8 -24 0 5 5 -7 -3 -19 -47 12 4 40 20 -13 -5 -24 -12 4 -29 -26 2 16 -25 -9 12 12 -10 -11 15 -22 29 -17 14 -6 -5 3 -14 -17 14 -8 2 -12 14 6 12 29 -1 9 -8 29 1 -11
11 27 19 -11 20 9 -11 10 31 -10 -30 39 8 -24 0 5 5 -7 -3 -19 -47 12 4 40 20 -13 -5 -24 -12 4 -29 -26 2 16 -25 -9 12 12 -10 -11 15 -22 29 -17 14 -6 -5 3 -14 -17 14 -8 2 -12 14 6 12 29 -1 9 -8 29 1 -11
11 27 19 -11 20 9 -11 10 31 -10 -30 39 8 -24 0 5 5 -7 -3 -19 -47 12 4 40 20 -13 -5 -24 -12 4 -29 -26 2 16 -25 -9 12 12 -10 -11 15 -22 29 -17 14 -6 -5 3 -14 -17 14 -8 2 -12 14 6 12 29 -1 9 -8 29 1 -11
11 27 19 -11 20 9 -11 10 31 -10 -30 39 8 -24 0 5 5 -7 -3 -19 -47 12 4 40 20 -13 -5 -24 -12 4 -29 -26 2 16 -25 -9 12 12 -10 -11 15 -22 29 -17 14 -6 -5 3 -14 -17 14 -8 2 -12 14 6 12 29 -1 9 -8 29 1 -11
11 27 19 -11 20 9 -11 10 31 -10 -30 39 8 -24 0 5 5 -7 -3 -19 -47 12 4 40 20 -13 -5 -24 -12 4 -29 -26 2 16 -25 -9 12 12 -10 -11 15 -22 29 -17 14 -6 -5 3 -14 -17 14 -8 2 -12 14 6 12 29 -1 9 -8 29 1 -11
11 27 19 -11 20 9 -11 10 31 -10 -30 39 8 -24 0 5 5 -7 -3 -19 -47 12 4 40 20 -13 -5 -24 -12 4 -29 -26 2 16 -25 -9 12 12 -10 -11 15 -22 29 -17 14 -6 -5 3 -14 -17 14 -8 2 -12 14 6 12 29 -1 9 -8 29 1 -11
11 27 19 -11 20 9 -11 10 31 -10 -30 39 8 -24 0 5 5 -7 -3 -19 -47 12 4 40 20 -13 -5 -24 -12 4 -29 -26 2 16 -25 -9 12 12 -10 -11 15 -22 29 -17 14 -6 -5 3 -14 -17 14 -8 2 -12 14 6 12 29 -1 9 -8 29 1 -11
11 27 19 -11 20 9 -11 10 31 -10 -30 39 8 -24 0 5 5 -7 -3 -19 -47 12 4 40 20 -13 -5 -24 -12 4 -29 -26 2 16 -25 -9 12 12 -10 -11 15 -22 29 -17 14 -6 -5 3 -14 -17 14 -8 2 -12 14 6 12 29 -1 9 -8 29 1 -11
11 27 19 -11 20 9 -11 10 31 -10 -30 39 8 -24 0 5 5 -7 -3 -19 -47 12 4 40 20 -13 -5 -24 -12 4 -29 -26 2 16 -25 -9 12 12 -10 -11 15 -22 29 -17 14 -6 -5 3 -14 -17 14 -8 2 -12 14 6 12 29 -1 9 -8 29 1 -11
11 27 19 -11 20 9 -11 10 31 -10 -30 39 8 -24 0 5 5 -7 -3 -19 -47 12 4 40 20 -13 -5 -24 -12 4 -29 -26 2 16 -25 -9 12 12 -10 -11 15 -22 29 -17 14 -6 -5 3 -14 -17 14 -8 2 -12 14 6 12 29 -1 9 -8 29 1 -11
11 27 19 -11 20 9 -11 10 31 -10 -30 39 8 -24 0 5 5 -7 -3 -19 -47 12 4 40 20 -13 -5 -24 -12 4 -29 -26 2 16 -25 -9 12 12 -10 -11 15 -22 29 -17 14 -6 -5 3 -14 -17 14 -8 2 -12 14 6 12 29 -1 9 -8 29 1 -11
11 27 19 -11 20 9 -11 10 31 -10 -30 39 8 -24 0 5 5 -7 -3 -19 -47 12 4 40 20 -13 -5 -24 -12 4 -29 -26 2 16 -25 -9 12 12 -10 -11 15 -22 29 -17 14 -6 -5 3 -14 -17 14 -8 2 -12 14 6 12 29 -1 9 -8 29 1 -11
11 27 19 -11 20 9 -11 10 31 -10 -30 39 8 -24 0 5 5 -7 -3 -19 -47 12 4 40 20 -13 -5 -24 -12 4 -29 -26 2 16 -25 -9 12 12 -10 -11 15 -22 29 -17 14 -6 -5 3 -14 -17 14 -8 2 -12 14 6 12 29 -1 9 -8 29 1 -11
11 27 19 -11 20 9 -11 10 31 -10 -30 39 8 -24 0 5 5 -7 -3 -19 -47 12 4 40 20 -13 -5 -24 -12 4 -29 -26 2 16 -25 -9 12 12 -10 -11 15 -22 29 -17 14 -6 -5 3 -14 -17 14 -8 2 -12 14 6 12 29 -1 9 -8 29 1 -11
11 27 19 -11 20 9 -11 10 31 -10 -30 39 8 -24 0 5 5 -7 -3 -19 -47 12 4 40 20 -13 -5 -24 -12 4 -29 -26 2 16 -25 -9 12 12 -10 -11 15 -22 29 -17 14 -6 -5 3 -14 -17 14 -8 2 -12 14 6 12 29 -1 9 -8 29 1 -11
11 27 19 -11 20 9 -11 10 31 -10 -30 39 8 -24 0 5 5 -7 -3 -19 -47 12 4 40 20 -13 -5 -24 -12 4 -29 -26 2 16 -25 -9 12 12 -10 -11 15 -22 29 -17 14 -6 -5 3 -14 -17 14 -8 2 -12 14 6 12 29 -1 9 -8 29 1 -11
11 27 19 -11 20 9 -11 10 31 -10 -30 39 8 -24 0 5 5 -7 -3 -19 -47 12 4 40 20 -13 -5 -24 -12 4 -29 -26 2 16 -25 -9 12 12 -10 -11 15 -22 29 -17 14 -6 -5 3 -14 -17 14 -8 2 -12 14 6 12 29 -1 9 -8 29 1 -11
11 27 19 -11 20 9 -11 10 31 -10 -30 39 8 -24 0 5 5 -7 -3 -19 -47 12 4 40 20 -13 -5 -24 -12 4 -29 -26 2 16 -25 -9 12 12 -10 -11 15 -22 29 -17 14 -6 -5 3 -14 -17 14 -8 2 -12 14 6 12 29 -1 9 -8 29 1 -11
11 27 19 -11 20 9 -11 10 31 -10 -30 39 8 -24 0 5 5 -7 -3 -19 -47 12 4 40 20 -13 -5 -24 -12 4 -29 -26 2 16 -25 -9 12 12 -10 -11 15 -22 29 -17 14 -6 -5 3 -14 -17 14 -8 2 -12 14 6 12 29 -1 9 -8 29 1 -11
11 27 19 -11 20 9 -11 10 31 -10 -30 39 8 -24 0 5 5 -7 -3 -19 -47 12 4 40 20 -13 -5 -24 -12 4 -29 -26 2 16 -25 -9 12 12 -10 -11 15 -22 29 -17 14 -6 -5 3 -14 -17 14 -8 2 -12 14 6 12 29 -1 9 -8 29 1 -11
11 27 19 -11 20 9 -11 10 31 -10 -30 39 8 -24 0 5 5 -7 -3 -19 -47 12 4 40 20 -13 -5 -24 -12 4 -29 -26 2 16 -25 -9 12 12 -10 -11 15 -22 29 -17 14 -6 -5 3 -14 -17 14 -8 2 -12 14 6 12 29 -1 9 -8 29 1 -11
11 27 19 -11 20 9 -11 10 31 -10 -30 39 8 -24 0 5 5 -7 -3 -19 -47 12 4 40 20 -13 -5 -24 -12 4 -29 -26 2 16 -25 -9 12 12 -10 -11 15 -22 29 -17 14 -6 -5 3 -14 -17 14 -8 2 -12 14 6 12 29 -1 9 -8 29 1 -11
11 27 19 -11 20 9 -11 10 31 -10 -30 39 8 -24 0 5 5 -7 -3 -19 -47 12 4 40 20 -13 -5 -24 -12 4 -29 -26 2 16 -25 -9 12 12 -10 -11 15 -22 29 -17 14 -6 -5 3 -14 -17 14 -8 2 -12 14 6 12 29 -1 9 -8 29 1 -11
11 27 19 -11 20 9 -11 10 31 -10 -30 39 8 -24 0 5 5 -7 -3 -19 -47 12 4 40 20 -13 -5 -24 -12 4 -29 -26 2 16 -25 -9 12 12 -10 -11 15 -22 29 -17 14 -6 -5 3 -14 -17 14 -8 2 -12 14 6 12 29 -1 9 -8 29 1 -11
11 27 19 -11 20 9 -11 10 31 -10 -30 39 8 -24 0 5 5 -7 -3 -19 -47 12 4 40 20 -13 -5 -24 -12 4 -29 -26 2 16 -25 -9 12 12 -10 -11 15 -22 29 -17 14 -6 -5 3 -14 -17 14 -8 2 -12 14 6 12 29 -1 9 -8 29 1 -11
11 27 19 -11 20 9 -11 10 31 -10 -30 39 8 -24 0 5 5 -7 -3 -19 -47 12 4 40 20 -13 -5 -24 -12 4 -29 -26 2 16 -25 -9 12 12 -10 -11 15 -22 29 -17 14 -6 -5 3 -14 -17 14 -8 2 -12 14 6 12 29 -1 9 -8 29 1 -11
11 27 19 -11 20 9 -11 10 31 -10 -30 39 8 -24 0 5 5 -7 -3 -19 -47 12 4 40 20 -13 -5 -24 -12 4 -29 -26 2 16 -25 -9 12 12 -10 -11 15 -22 29 -17 14 -6 -5 3 -14 -17 14 -8 2 -12 14 6 12 29 -1 9 -8 29 1 -11
11 27 19 -11 20 9 -11 10 31 -10 -30 39 8 -24 0 5 5 -7 -3 -19 -47 12 4 40 20 -13 -5 -24 -12 4 -29 -26 2 16 -25 -9 12 12 -10 -11 15 -22 29 -17 14 -6 -5 3 -14 -17 14 -8 2 -12 14 6 12 29 -1 9 -8 29 1 -11
11 27 19 -11 20 9 -11 10 31 -10 -30 39 8 -24 0 5 5 -7 -3 -19 -47 12 4 40 20 -13 -5 -24 -12 4 -29 -26 2 16 -25 -9 12 12 -10 -11 15 -22 29 -17 14 -6 -5 3 -14 -17 14 -8 2 -12 14 6 12 29 -1 9 -8 29 1 -11
11 27 19 -11 20 9 -11 10 31 -10 -30 39 8 -24 0 5 5 -7 -3 -19 -47 12 4 40 20 -13 -5 -24 -12 4 -29 -26 2 16 -25 -9 12 12 -10 -11 15 -22 29 -17 14 -6 -5 3 -14 -17 14 -8 2 -12 14 6 12 29 -1 9 -8 29 1 -11
11 27 19 -11 20 9 -11 10 31 -10 -30 39 8 -24 0 5 5 -7 -3 -19 -47 12 4 40 20 -13 -5 -24 -12 4 -29 -26 2 16 -25 -9 12 12 -10 -11 15 -22 29 -17 14 -6 -5 3 -14 -17 14 -8 2 -12 14 6 12 29 -1 9 -8 29 1 -11
11 27 19 -11 20 9 -11 10 31 -10 -30 39 8 -24 0 5 5 -7 -3 -19 -47 12 4 40 20 -13 -5 -24 -12 4 -29 -26 2 16 -25 -9 12 12 -10 -11 15 -22 29 -17 14 -6 -5 3 -14 -17 14 -8 2 -12 14 6 12 29 -1 9 -8 29 1 -11
11 27 19 -11 20 9 -11 10 31 -10 -30 39 8 -24 0 5 5 -7 -3 -19 -47 12 4 40 20 -13 -5 -24 -12 4 -29 -26 2 16 -25 -9 12 12 -10 -11 15 -22 29 -17 14 -6 -5 3 -14 -17 14 -8 2 -12 14 6 12 29 -1 9 -8 29 1 -11
11 27 19 -11 20 9 -11 10 31 -10 -30 39 8 -24 0 5 5 -7 -3 -19 -47 12 4 40 20 -13 -5 -24 -12 4 -29 -26 2 16 -25 -9 12 12 -10 -11 15 -22 29 -17 14 -6 -5 3 -14 -17 14 -8 2 -12 14 6 12 29 -1 9 -8 29 1 -11
11 27 19 -11 20 9 -11 10 31 -10 -30 39 8 -24 0 5 5 -7 -3 -19 -47 12 4 40 20 -13 -5 -24 -12 4 -29 -26 2 16 -25 -9 12 12 -10 -11 15 -22 29 -17 14 -6 -5 3 -14 -17 14 -8 2 -12 14 6 12 29 -1 9 -8 29 1 -11
11 27 19 -11 20 9 -11 10 31 -10 -30 39 8 -24 0 5 5 -7 -3 -19 -47 12 4 40 20 -13 -5 -24 -12 4 -29 -26 2 16 -25 -9 12 12 -10 -11 15 -22 29 -17 14 -6 -5 3 -14 -17 14 -8 2 -12 14 6 12 29 -1 9 -8 29 1 -11
11 27 19 -11 20 9 -11 10 31 -10 -30 39 8 -24 0 5 5 -7 -3 -19 -47 12 4 40 20 -13 -5 -24 -12 4 -29 -26 2 16 -25 -9 12 12 -10 -11 15 -22 29 -17 14 -6 -5 3 -14 -17 14 -8 2 -12 14 6 12 29 -1 9 -8 29 1 -11
11 27 19 -11 20 9 -11 10 31 -10 -30 39 8 -24 0 5 5 -7 -3 -19 -47 12 4 40 20 -13 -5 -24 -12 4 -29 -26 2 16 -25 -9 12 12 -10 -11 15 -22 29 -17 14 -6 -5 3 -14 -17 14 -8 2 -12 14 6 12 29 -1 9 -8 29 1 -11
11 27 19 -11 20 9 -11 10 31 -10 -30 39 8 -24 0 5 5 -7 -3 -19 -47 12 4 40 20 -13 -5 -24 -12 4 -29 -26 2 16 -25 -9 12 12 -10 -11 15 -22 29 -17 14 -6 -5 3 -14 -17 14 -8 2 -12 14 6 12 29 -1 9 -8 29 1 -11
11 27 19 -11 20 9 -11 10 31 -10 -30 39 8 -24 0 5 5 -7 -3 -19 -47 12 4 40 20 -13 -5 -24 -12 4 -29 -26 2 16 -25 -9 12 12 -10 -11 15 -22 29 -17 14 -6 -5 3 -14 -17 14 -8 2 -12 14 6 12 29 -1 9 -8 29 1 -11
11 27 19 -11 20 9 -11 10 31 -10 -30 39 8 -24 0 5 5 -7 -3 -19 -47 12 4 40 20 -13 -5 -24 -12 4 -29 -26 2 16 -25 -9 12 12 -10 -11 15 -22 29 -17 14 -6 -5 3 -14 -17 14 -8 2 -12 14 6 12 29 -1 9 -8 29 1 -11
11 27 19 -11 20 9 -11 10 31 -10 -30 39 8 -24 0 5 5 -7 -3 -19 -47 12 4 40 20 -13 -5 -24 -12 4 -29 -26 2 16 -25 -9 12 12 -10 -11 15 -22 29 -17 14 -6 -5 3 -14 -17 14 -8 2 -12 14 6 12 29 -1 9 -8 29 1 -11
11 27 19 -11 20 9 -11 10 31 -10 -30 39 8 -24 0 5 5 -7 -3 -19 -47 12 4 40 20 -13 -5 -24 -12 4 -29 -26 2 16 -25 -9 12 12 -10 -11 15 -22 29 -17 14 -6 -5 3 -14 -17 14 -8 2 -12 14 6 12 29 -1 9 -8 29 1 -11
11 27 19 -11 20 9 -11 10 31 -10 -30 39 8 -24 0 5 5 -7 -3 -19 -47 12 4 40 20 -13 -5 -24 -12 4 -29 -26 2 16 -25 -9 12 12 -10 -11 15 -22 29 -17 14 -6 -5 3 -14 -17 14 -8 2 -12 14 6 12 29 -1 9 -8 29 1 -11
11 27 19 -11 20 9 -11 10 31 -10 -30 39 8 -24 0 5 5 -7 -3 -19 -47 12 4 40 20 -13 -5 -24 -12 4 -29 -26 2 16 -25 -9 12 12 -10 -11 15 -22 29 -17 14 -6 -5 3 -14 -17 14 -8 2 -12 14 6 12 29 -1 9 -8 29 1 -11
11 27 19 -11 20 9 -11 10 31 -10 -30 39 8 -24 0 5 5 -7 -3 -19 -47 12 4 40 20 -13 -5 -24 -12 4 -29 -26 2 16 -25 -9 12 12 -10 -11 15 -22 29 -17 14 -6 -5 3 -14 -17 14 -8 2 -12 14 6 12 29 -1 9 -8 29 1 -11
11 27 19 -11 20 9 -11 10 31 -10 -30 39 8 -24 0 5 5 -7 -3 -19 -47 12 4 40 20 -13 -5 -24 -12 4 -29 -26 2 16 -25 -9 12 12 -10 -11 15 -22 29 -17 14 -6 -5 3 -14 -17 14 -8 2 -12 14 6 12 29 -1 9 -8 29 1 -11
11 27 19 -11 20 9 -11 10 31 -10 -30 39 8 -24 0 5 5 -7 -3 -19 -47 12 4 40 20 -13 -5 -24 -12 4 -29 -26 2 16 -25 -9 12 12 -10 -11 15 -22 29 -17 14 -6 -5 3 -14 -17 14 -8 2 -12 14 6 12 29 -1 9 -8 29 1 -11
11 27 19 -11 20 9 -11 10 31 -10 -30 39 8 -24 0 5 5 -7 -3 -19 -47 12 4 40 20 -13 -5 -24 -12 4 -29 -26 2 16 -25 -9 12 12 -10 -11 15 -22 29 -17 14 -6 -5 3 -14 -17 14 -8 2 -12 14 6 12 29 -1 9 -8 29 1 -11
11 27 19 -11 20 9 -11 10 31 -10 -30 39 8 -24 0 5 5 -7 -3 -19 -47 12 4 40 20 -13 -5 -24 -12 4 -29 -26 2 16 -25 -9 12 12 -10 -11 15 -22 29 -17 14 -6 -5 3 -14 -17 14 -8 2 -12 14 6 12 29 -1 9 -8 29 1 -11
11 27 19 -11 20 9 -11 10 31 -10 -30 39 8 -24 0 5 5 -7 -3 -19 -47 12 4 40 20 -13 -5 -24 -12 4 -29 -26 2 16 -25 -9 12 12 -10 -11 15 -22 29 -17 14 -6 -5 3 -14 -17 14 -8 2 -12 14 6 12 29 -1 9 -8 29 1 -11
11 27 19 -11 20 9 -11 10 31 -10 -30 39 8 -24 0 5 5 -7 -3 -19 -47 12 4 40 20 -13 -5 -24 -12 4 -29 -26 2 16 -25 -9 12 12 -10 -11 15 -22 29 -17 14 -6 -5 3 -14 -17 14 -8 2 -12 14 6 12 29 -1 9 -8 29 1 -11
11 27 19 -11 20 9 -11 10 31 -10 -30 39 8 -24 0 5 5 -7 -3 -19 -47 12 4 40 20 -13 -5 -24 -12 4 -29 -26 2 16 -25 -9 12 12 -10 -11 15 -22 29 -17 14 -6 -5 3 -14 -17 14 -8 2 -12 14 6 12 29 -1 9 -8 29 1 -11
11 27 19 -11 20 9 -11 10 31 -10 -30 39 8 -24 0 5 5 -7 -3 -19 -47 12 4 40 20 -13 -5 -24 -12 4 -29 -26 2 16 -25 -9 12 12 -10 -11 15 -22 29 -17 14 -6 -5 3 -14 -17 14 -8 2 -12 14 6 12 29 -1 9 -8 29 1 -11
11 27 19 -11 20 9 -11 10 31 -10 -30 39 8 -24 0 5 5 -7 -3 -19 -47 12 4 40 20 -13 -5 -24 -12 4 -29 -26 2 16 -25 -9 12 12 -10 -11 15 -22 29 -17 14 -6 -5 3 -14 -17 14 -8 2 -12 14 6 12 29 -1 9 -8 29 1 -11
11 27 19 -11 20 9 -11 10 31 -10 -30 39 8 -24 0 5 5 -7 -3 -19 -47 12 4 40 20 -13 -5 -24 -12 4 -29 -26 2 16 -25 -9 12 12 -10 -11 15 -22 29 -17 14 -6 -5 3 -14 -17 14 -8 2 -12 14 6 12 29 -1 9 -8 29 1 -11
11 27 19 -11 20 9 -11 10 31 -10 -30 39 8 -24 0 5 5 -7 -3 -19 -47 12 4 40 20 -13 -5 -24 -12 4 -29 -26 2 16 -25 -9 12 12 -10 -11 15 -22 29 -17 14 -6 -5 3 -14 -17 14 -8 2 -12 14 6 12 29 -1 9 -8 29 1 -11
11 27 19 -11 20 9 -11 10 31 -10 -30 39 8 -24 0 5 5 -7 -3 -19 -47 12 4 40 20 -13 -5 -24 -12 4 -29 -26 2 16 -25 -9 12 12 -10 -11 15 -22 29 -17 14 -6 -5 3 -14 -17 14 -8 2 -12 14 6 12 29 -1 9 -8 29 1 -11
11 27 19 -11 20 9 -11 10 31 -10 -30 39 8 -24 0 5 5 -7 -3 -19 -47 12 4 40 20 -13 -5 -24 -12 4 -29 -26 2 16 -25 -9 12 12 -10 -11 15 -22 29 -17 14 -6 -5 3 -14 -17 14 -8 2 -12 14 6 12 29 -1 9 -8 29 1 -11
11 27 19 -11 20 9 -11 10 31 -10 -30 39 8 -24 0 5 5 -7 -3 -19 -47 12 4 40 20 -13 -5 -24 -12 4 -29 -26 2 16 -25 -9 12 12 -10 -11 15 -22 29 -17 14 -6 -5 3 -14 -17 14 -8 2 -12 14 6 12 29 -1 9 -8 29 1 -11
11 27 19 -11 20 9 -11 10 31 -10 -30 39 8 -24 0 5 5 -7 -3 -19 -47 12 4 40 20 -13 -5 -24 -12 4 -29 -26 2 16 -25 -9 12 12 -10 -11 15 -22 29 -17 14 -6 -5 3 -14 -17 14 -8 2 -12 14 6 12 29 -1 9 -8 29 1 -11
11 27 19 -11 20 9 -11 10 31 -10 -30 39 8 -24 0 5 5 -7 -3 -19 -47 12 4 40 20 -13 -5 -24 -12 4 -29 -26 2 16 -25 -9 12 12 -10 -11 15 -22 29 -17 14 -6 -5 3 -14 -17 14 -8 2 -12 14 6 12 29 -1 9 -8 29 1 -11
11 27 19 -11 20 9 -11 10 31 -10 -30 39 8 -24 0 5 5 -7 -3 -19 -47 12 4 40 20 -13 -5 -24 -12 4 -29 -26 2 16 -25 -9 12 12 -10 -11 15 -22 29 -17 14 -6 -5 3 -14 -17 14 -8 2 -12 14 6 12 29 -1 9 -8 29 1 -11
11 27 19 -11 20 9 -11 10 31 -10 -30 39 8 -24 0 5 5 -7 -3 -19 -47 12 4 40 20 -13 -5 -24 -12 4 -29 -26 2 16 -25 -9 12 12 -10 -11 15 -22 29 -17 14 -6 -5 3 -14 -17 14 -8 2 -12 14 6 12 29 -1 9 -8 29 1 -11
11 27 19 -11 20 9 -11 10 31 -10 -30 39 8 -24 0 5 5 -7 -3 -19 -47 12 4 40 20 -13 -5 -24 -12 4 -29 -26 2 16 -25 -9 12 12 -10 -11 15 -22 29 -17 14 -6 -5 3 -14 -17 14 -8 2 -12 14 6 12 29 -1 9 -8 29 1 -11
