-15 -33 -20 11 -20 6 2 -4 -12 -3 -3 11 8 9 7 15 10 4 -27 0 -19 7 -17 -5 15 17 11 18 10 8 9 -40 4 -2 1 11 -23 35 16 -5 -5 -20 10 -10 44 -28 3 35 18 12 12 -2 -8 29 23 6 11 13 11 -4 -16 17 -14 10
7 -23 -3 9 -9 13 28 -7 -33 3 -35 11 -2 16 11 25 23 -6 -34 9 15 40 -21 -1 48 16 11 1 -3 -4 10 -16 7 -4 -4 -17 -21 19 16 -43 2 -12 2 2 73 -17 14 29 8 4 -8 -8 -24 28 -3 -11 9 18 -3 -12 -9 25 -14 18
0 -26 -2 20 8 11 32 6 -32 0 -32 9 -9 5 3 21 34 0 -25 10 22 39 -33 -9 52 23 11 4 -5 7 6 -5 18 -10 -4 -19 -21 21 25 -40 11 -10 4 13 83 -14 17 17 10 9 1 -11 -18 5 -17 -10 -7 7 -4 -8 -7 27 -4 17
-3 -30 -7 10 -8 19 26 8 -22 3 -28 -3 -2 11 15 18 34 -4 -27 13 19 33 -31 -7 48 19 17 12 -12 5 0 -7 9 2 -8 -9 -16 18 24 -29 6 -18 2 -4 75 -8 13 24 11 10 -6 -2 -28 7 -14 -3 -3 0 2 -10 -6 24 -6 24
7 -23 -7 3 -11 7 19 16 -10 -2 -31 -4 -1 11 3 19 33 -1 -25 10 24 38 -22 -2 48 16 5 17 -9 5 -4 -12 14 -5 -12 -6 -8 23 16 -34 6 -10 -4 2 73 0 12 21 7 22 -8 -8 -15 5 -10 -4 -6 0 -3 -10 -15 23 -19 19
14 -22 -11 19 -12 19 27 11 -15 6 -35 1 -1 9 4 15 38 1 -17 8 27 37 -30 -3 47 10 7 13 -5 12 12 -4 4 7 -5 -8 -15 7 22 -33 20 -13 -3 9 61 -10 9 26 4 23 -7 -10 -32 2 -19 -5 -12 2 -4 -13 -3 21 -6 26
8 -38 0 12 -8 15 24 12 -17 -7 -35 7 -3 10 17 19 29 -3 -25 20 27 37 -29 -9 46 17 13 12 4 5 0 -12 6 1 -20 -15 -17 11 23 -29 9 -19 5 15 81 1 4 14 7 14 -6 0 -19 -1 -11 -4 -3 6 -3 -6 -10 27 -8 18
4 -23 -2 17 -7 18 19 7 -8 3 -34 1 2 8 11 15 28 -7 -32 7 22 40 -26 -7 42 18 16 10 -10 5 9 -12 0 -1 -11 -6 0 8 18 -30 5 -14 -2 15 69 -9 5 14 9 20 -4 -3 -20 6 -16 -5 -3 9 -3 -12 -7 24 -5 22
11 -28 -4 17 -8 13 22 8 -18 -13 -26 3 0 14 10 18 30 5 -25 7 22 42 -35 -10 50 18 14 6 -4 3 2 1 7 -9 -20 -13 -19 15 25 -41 8 -9 -1 12 85 -7 4 13 13 9 -8 5 -21 -9 -22 -2 -6 1 -5 0 -5 22 -3 17
14 -8 -19 5 3 11 29 -8 -16 1 -23 18 8 -11 6 11 52 5 -31 24 48 56 -46 -17 59 27 1 -10 5 1 -2 27 -3 6 -15 -30 -24 20 1 -37 -1 -9 10 22 71 -15 15 18 21 -6 -18 0 -22 7 -20 -12 -3 0 -34 20 -4 29 8 5
6 -25 -5 16 -6 24 20 5 -23 -1 -29 2 -2 18 4 26 27 1 -32 10 20 49 -42 -11 55 21 17 3 -14 6 2 -2 15 -7 -8 -15 -21 17 17 -38 7 -4 1 16 87 -4 9 18 14 10 -2 -8 -25 -8 -13 -7 -4 3 0 -11 -8 19 -1 19
6 -24 -11 19 -5 14 20 9 -25 0 -35 3 -6 15 -3 17 32 4 -25 16 22 29 -38 -4 52 21 12 13 -8 11 9 -5 8 -6 -9 -8 -15 16 13 -32 7 -11 3 16 73 -12 13 11 17 15 -8 -7 -28 -5 -13 -5 -12 3 -5 -12 4 22 -4 16
-1 -18 -4 15 -4 22 20 5 -21 -7 -24 -5 -7 9 14 22 37 -1 -26 4 14 32 -44 -13 50 27 18 7 -9 4 5 1 15 -1 -20 -12 -16 27 19 -35 6 -6 2 -1 73 -8 17 25 8 6 -7 -2 -26 1 -12 -6 1 -4 5 -7 -7 30 -10 19
7 -13 5 16 -9 21 15 3 -19 1 -43 3 -1 -1 9 14 28 -9 -20 5 21 36 -30 -9 42 25 8 8 5 2 10 -7 8 8 -11 -10 -10 15 20 -34 7 -9 -5 8 64 -8 11 14 10 17 -5 -8 -18 9 -17 -11 -8 6 3 -16 -9 27 -7 16
10 -14 -16 12 -11 22 21 -4 -19 -11 -25 9 1 -1 2 23 46 2 -22 13 29 47 -39 -9 59 19 0 7 12 1 -2 14 6 10 -22 -15 -27 19 18 -30 12 -10 4 8 68 -10 15 10 14 9 -6 -9 -27 6 -29 -20 -4 -2 -11 -1 -7 35 3 15
2 -15 -8 11 -5 24 21 9 -23 -8 -22 2 -2 14 16 22 37 -1 -20 8 11 36 -45 -3 55 22 16 12 -4 11 6 3 9 -4 -16 -8 -24 16 27 -36 13 -10 -2 5 68 -10 8 15 11 17 -5 -11 -28 -1 -20 -6 -3 3 1 -2 -6 34 0 17
4 -29 -10 5 -20 16 24 9 -16 -1 -41 -1 2 10 12 18 33 4 -27 21 25 30 -23 -4 50 30 20 19 -13 -2 6 -5 5 6 -25 -5 -13 13 16 -28 9 -10 -3 3 72 4 18 7 16 12 -14 -13 -21 0 -13 -14 -17 5 -5 2 -13 41 -3 20
-2 -25 -7 19 -9 26 26 6 -17 0 -18 6 -2 8 11 24 41 -5 -20 19 16 36 -43 -9 43 23 19 10 -4 13 3 3 3 1 -19 -1 -19 18 14 -28 18 -7 2 4 71 -8 14 14 10 14 -5 -11 -27 5 -15 -12 1 2 2 -2 -10 31 -9 19
-4 -23 1 16 -12 26 24 8 -25 -1 -28 -9 -1 13 12 12 34 1 -23 15 19 33 -35 0 43 26 21 13 -13 6 22 -4 -3 6 -10 -6 -13 11 22 -36 7 -4 -4 8 68 -4 10 14 13 21 -3 -13 -28 3 -18 -5 -9 -2 0 -6 -5 28 -5 26
-4 -20 -2 10 -4 21 16 3 -15 -4 -31 -1 0 6 12 21 31 -4 -32 11 20 26 -27 1 50 30 20 21 -10 0 15 -8 -6 -3 -19 -3 -16 13 15 -27 5 -7 -1 18 70 -12 21 13 19 17 -8 -7 -31 1 -10 -10 -5 8 -1 -6 -10 21 -5 22
7 -20 -2 16 -7 18 16 2 -21 -7 -28 -6 -5 13 12 12 33 -1 -34 16 18 33 -36 -2 51 30 23 20 -1 5 13 -12 4 7 -8 -2 -13 14 14 -32 7 -12 2 18 78 -10 12 11 20 22 1 -5 -31 10 -17 -11 -3 8 6 -4 -6 26 2 26
11 2 -24 11 -3 5 14 -6 -30 -2 -8 4 -2 -8 -2 17 34 15 -15 10 35 48 -39 -11 48 20 9 -3 5 4 15 18 3 14 -15 -23 -11 16 1 -32 14 -5 12 17 78 -12 18 11 9 13 1 -10 -32 -1 -10 -27 -11 7 -9 -7 1 21 3 -1
-18 -32 7 2 -5 14 12 -2 -6 4 -3 -2 0 13 -4 12 11 -3 -17 2 -14 6 -20 -11 17 17 14 14 -2 3 6 -47 11 -8 -8 0 -13 16 13 -5 9 -24 1 -4 41 -17 4 23 8 20 13 -11 -18 16 8 9 11 10 17 -5 -7 10 -21 14
8 -28 -19 21 -7 3 32 3 -34 -2 -12 -6 3 3 25 32 37 4 -23 -2 14 32 -19 -13 38 19 6 -7 7 3 2 5 4 8 0 -10 -18 29 20 -28 14 -8 3 -10 68 -2 21 22 0 18 -13 -10 -19 12 1 -4 -8 -10 -1 5 0 20 -5 15
10 -18 -17 31 3 8 39 -2 -45 12 -25 0 0 -12 14 35 47 6 -26 11 22 36 -24 -20 50 23 8 -13 11 2 -5 12 -1 8 3 -21 -14 26 12 -25 18 -19 7 -1 94 -1 22 13 6 25 -16 -11 -22 10 -7 -2 1 6 -11 3 -9 23 0 10
8 -30 -21 26 0 10 28 12 -36 2 -18 -6 0 3 22 33 40 -4 -19 11 16 30 -34 -13 47 25 11 -5 1 15 5 11 1 13 0 -18 -12 30 17 -36 16 -14 1 -6 90 0 12 16 7 20 -9 -9 -25 -3 -2 -3 -1 -5 -1 6 0 23 -4 23
7 -23 -6 12 -7 -2 22 15 -8 -8 -22 -13 1 0 12 18 40 -2 -19 6 15 28 -13 -11 34 17 6 8 -13 10 5 -9 3 -5 -7 -9 0 19 12 -19 17 -15 1 -1 73 3 23 24 -2 23 -11 -10 -12 2 -2 -4 -15 1 5 -2 -12 13 -19 12
4 -27 4 19 -5 5 18 15 -16 1 -26 -10 5 11 10 15 35 1 -16 -1 16 30 -27 -6 34 19 7 12 -16 3 17 -10 -5 0 -3 -11 1 16 22 -29 23 -18 -3 8 66 -5 15 25 3 33 -10 -8 -21 5 -4 0 -12 1 5 -11 -1 1 -14 22
5 -30 -2 21 -9 6 24 8 -27 -15 -23 -12 -4 2 9 14 33 -4 -32 12 25 34 -25 -14 38 29 7 10 -11 5 8 -14 0 -2 -18 -14 -2 19 13 -27 16 -12 2 12 75 1 14 19 4 18 -8 -2 -30 8 7 -2 -12 1 6 2 -6 4 -12 10
10 -31 -3 24 -2 4 18 5 -32 -6 -31 -7 1 4 8 17 32 -11 -31 10 18 39 -23 -16 39 19 7 0 -8 8 6 -6 2 1 -7 -10 -2 18 10 -37 9 -13 -3 11 76 -5 13 14 2 31 -9 1 -26 8 -4 1 -5 2 6 -1 -8 15 -5 22
8 -33 -7 25 1 12 20 6 -31 0 -23 -3 -2 4 14 24 33 -9 -18 8 11 25 -30 -13 44 24 10 7 -2 6 2 -5 0 -1 -11 -13 -13 20 14 -37 13 -10 2 1 76 -4 12 19 2 20 -10 -1 -27 0 4 4 -4 3 9 2 -7 15 -4 16
7 -30 -3 21 -7 10 25 6 -31 5 -22 -7 -1 5 14 26 30 -4 -26 7 8 34 -24 -14 41 18 19 6 -7 5 0 -11 9 -3 -6 -13 -12 24 16 -32 10 -14 -2 0 74 -3 6 16 3 24 -9 -9 -21 3 -2 5 -4 11 7 -2 -4 9 -8 16
9 -32 -18 26 0 4 19 12 -38 -9 -29 -15 -5 1 4 17 36 0 -23 10 23 23 -24 -17 46 23 11 -3 -10 15 3 1 4 -3 -8 -13 -9 24 15 -35 15 -19 2 10 80 -4 14 10 12 32 -19 -5 -34 -9 -3 2 -17 5 6 -2 5 12 3 14
2 -19 -7 20 -1 2 19 11 -31 -8 -23 -11 -1 11 12 20 35 -4 -19 5 7 27 -27 -21 36 21 6 8 -5 10 2 -6 6 6 -16 -8 -11 23 28 -32 18 -12 -1 -3 67 -5 7 15 3 19 -7 4 -25 4 -9 0 -5 -4 11 -7 -2 18 -7 17
1 -33 -10 16 -20 8 19 14 -26 5 -31 -14 -2 2 14 21 34 1 -20 13 22 20 -19 -7 40 35 11 10 -13 1 5 -2 -3 10 -10 -2 -8 17 16 -26 14 -18 -1 -4 74 13 16 9 14 20 -14 -9 -26 -3 -3 -9 -17 1 1 5 0 19 -6 14
-8 -25 -6 32 -7 17 23 11 -27 0 -10 -7 -3 5 16 25 38 -8 -17 9 6 23 -34 -13 41 21 10 10 -4 8 4 3 -1 7 -10 -3 -12 22 24 -31 17 -16 5 -2 73 -4 18 18 4 25 -9 -6 -27 7 -3 -5 -2 2 11 7 -7 17 -12 22
-1 -27 7 30 -11 15 21 6 -34 2 -25 -10 0 8 7 22 33 3 -24 11 18 30 -28 -4 40 27 17 10 -6 4 12 -5 -6 11 -11 -9 -7 21 24 -30 22 -16 -5 2 79 -6 13 12 11 26 -11 -7 -28 -2 -11 -6 -9 0 8 0 -1 15 -6 24
13 -28 3 25 -8 8 15 10 -24 -6 -31 -11 1 3 13 20 31 1 -31 9 16 24 -28 -5 44 32 12 11 -6 3 16 -8 -3 5 -15 -4 -8 21 17 -29 9 -19 -2 14 81 -3 20 5 7 29 -14 -8 -33 1 -2 -1 -8 3 6 4 -3 13 -8 19
0 -26 -1 25 -6 7 16 8 -32 -5 -23 -13 -3 -1 13 11 38 0 -23 7 13 22 -29 -13 45 31 21 8 -6 6 17 -7 0 11 -8 -9 3 20 17 -32 14 -15 6 13 76 -3 14 12 13 30 -4 -5 -32 10 -2 -6 -4 2 13 0 -3 14 -1 20
9 -7 -13 22 -5 -3 16 -1 -43 -5 -9 0 -2 -13 5 15 31 18 -13 9 20 45 -28 -16 40 22 10 -8 8 2 14 19 -4 9 -27 -21 -8 29 5 -28 22 -8 17 4 86 -3 14 7 7 27 -19 -9 -33 12 -6 -11 -6 -2 -3 6 11 11 -1 -3
-19 -33 8 4 -3 15 12 -3 -9 4 -2 -2 -1 12 -3 12 12 -5 -19 3 -14 6 -20 -11 15 18 17 16 -1 4 5 -47 10 -13 -10 -2 -14 19 14 -6 9 -20 1 -3 41 -20 9 25 9 22 12 -13 -18 17 10 9 12 10 17 -5 -7 9 -23 16
7 -15 -7 1 -12 13 24 6 -13 -4 -14 2 2 16 2 31 20 -10 -30 -8 13 45 -35 -13 50 20 -1 20 7 8 13 -11 21 14 -15 -1 -15 32 20 -47 -14 -13 8 1 73 -17 12 32 15 15 -27 4 -18 24 -3 -14 4 9 6 7 -3 10 -18 12
7 -15 -7 1 -12 13 24 6 -13 -4 -14 2 2 16 2 31 20 -10 -30 -8 13 45 -35 -13 50 20 -1 20 7 8 13 -11 21 14 -15 -1 -15 32 20 -47 -14 -13 8 1 73 -17 12 32 15 15 -27 4 -18 24 -3 -14 4 9 6 7 -3 10 -18 12
7 -15 -7 1 -12 13 24 6 -13 -4 -14 2 2 16 2 31 20 -10 -30 -8 13 45 -35 -13 50 20 -1 20 7 8 13 -11 21 14 -15 -1 -15 32 20 -47 -14 -13 8 1 73 -17 12 32 15 15 -27 4 -18 24 -3 -14 4 9 6 7 -3 10 -18 12
7 -15 -7 1 -12 13 24 6 -13 -4 -14 2 2 16 2 31 20 -10 -30 -8 13 45 -35 -13 50 20 -1 20 7 8 13 -11 21 14 -15 -1 -15 32 20 -47 -14 -13 8 1 73 -17 12 32 15 15 -27 4 -18 24 -3 -14 4 9 6 7 -3 10 -18 12
7 -15 -7 1 -12 13 24 6 -13 -4 -14 2 2 16 2 31 20 -10 -30 -8 13 45 -35 -13 50 20 -1 20 7 8 13 -11 21 14 -15 -1 -15 32 20 -47 -14 -13 8 1 73 -17 12 32 15 15 -27 4 -18 24 -3 -14 4 9 6 7 -3 10 -18 12
7 -15 -7 1 -12 13 24 6 -13 -4 -14 2 2 16 2 31 20 -10 -30 -8 13 45 -35 -13 50 20 -1 20 7 8 13 -11 21 14 -15 -1 -15 32 20 -47 -14 -13 8 1 73 -17 12 32 15 15 -27 4 -18 24 -3 -14 4 9 6 7 -3 10 -18 12
7 -15 -7 1 -12 13 24 6 -13 -4 -14 2 2 16 2 31 20 -10 -30 -8 13 45 -35 -13 50 20 -1 20 7 8 13 -11 21 14 -15 -1 -15 32 20 -47 -14 -13 8 1 73 -17 12 32 15 15 -27 4 -18 24 -3 -14 4 9 6 7 -3 10 -18 12
7 -15 -7 1 -12 13 24 6 -13 -4 -14 2 2 16 2 31 20 -10 -30 -8 13 45 -35 -13 50 20 -1 20 7 8 13 -11 21 14 -15 -1 -15 32 20 -47 -14 -13 8 1 73 -17 12 32 15 15 -27 4 -18 24 -3 -14 4 9 6 7 -3 10 -18 12
7 -15 -7 1 -12 13 24 6 -13 -4 -14 2 2 16 2 31 20 -10 -30 -8 13 45 -35 -13 50 20 -1 20 7 8 13 -11 21 14 -15 -1 -15 32 20 -47 -14 -13 8 1 73 -17 12 32 15 15 -27 4 -18 24 -3 -14 4 9 6 7 -3 10 -18 12
7 -15 -7 1 -12 13 24 6 -13 -4 -14 2 2 16 2 31 20 -10 -30 -8 13 45 -35 -13 50 20 -1 20 7 8 13 -11 21 14 -15 -1 -15 32 20 -47 -14 -13 8 1 73 -17 12 32 15 15 -27 4 -18 24 -3 -14 4 9 6 7 -3 10 -18 12
7 -15 -7 1 -12 13 24 6 -13 -4 -14 2 2 16 2 31 20 -10 -30 -8 13 45 -35 -13 50 20 -1 20 7 8 13 -11 21 14 -15 -1 -15 32 20 -47 -14 -13 8 1 73 -17 12 32 15 15 -27 4 -18 24 -3 -14 4 9 6 7 -3 10 -18 12
7 -15 -7 1 -12 13 24 6 -13 -4 -14 2 2 16 2 31 20 -10 -30 -8 13 45 -35 -13 50 20 -1 20 7 8 13 -11 21 14 -15 -1 -15 32 20 -47 -14 -13 8 1 73 -17 12 32 15 15 -27 4 -18 24 -3 -14 4 9 6 7 -3 10 -18 12
7 -15 -7 1 -12 13 24 6 -13 -4 -14 2 2 16 2 31 20 -10 -30 -8 13 45 -35 -13 50 20 -1 20 7 8 13 -11 21 14 -15 -1 -15 32 20 -47 -14 -13 8 1 73 -17 12 32 15 15 -27 4 -18 24 -3 -14 4 9 6 7 -3 10 -18 12
7 -15 -7 1 -12 13 24 6 -13 -4 -14 2 2 16 2 31 20 -10 -30 -8 13 45 -35 -13 50 20 -1 20 7 8 13 -11 21 14 -15 -1 -15 32 20 -47 -14 -13 8 1 73 -17 12 32 15 15 -27 4 -18 24 -3 -14 4 9 6 7 -3 10 -18 12
7 -15 -7 1 -12 13 24 6 -13 -4 -14 2 2 16 2 31 20 -10 -30 -8 13 45 -35 -13 50 20 -1 20 7 8 13 -11 21 14 -15 -1 -15 32 20 -47 -14 -13 8 1 73 -17 12 32 15 15 -27 4 -18 24 -3 -14 4 9 6 7 -3 10 -18 12
7 -15 -7 1 -12 13 24 6 -13 -4 -14 2 2 16 2 31 20 -10 -30 -8 13 45 -35 -13 50 20 -1 20 7 8 13 -11 21 14 -15 -1 -15 32 20 -47 -14 -13 8 1 73 -17 12 32 15 15 -27 4 -18 24 -3 -14 4 9 6 7 -3 10 -18 12
7 -15 -7 1 -12 13 24 6 -13 -4 -14 2 2 16 2 31 20 -10 -30 -8 13 45 -35 -13 50 20 -1 20 7 8 13 -11 21 14 -15 -1 -15 32 20 -47 -14 -13 8 1 73 -17 12 32 15 15 -27 4 -18 24 -3 -14 4 9 6 7 -3 10 -18 12
7 -15 -7 1 -12 13 24 6 -13 -4 -14 2 2 16 2 31 20 -10 -30 -8 13 45 -35 -13 50 20 -1 20 7 8 13 -11 21 14 -15 -1 -15 32 20 -47 -14 -13 8 1 73 -17 12 32 15 15 -27 4 -18 24 -3 -14 4 9 6 7 -3 10 -18 12
7 -15 -7 1 -12 13 24 6 -13 -4 -14 2 2 16 2 31 20 -10 -30 -8 13 45 -35 -13 50 20 -1 20 7 8 13 -11 21 14 -15 -1 -15 32 20 -47 -14 -13 8 1 73 -17 12 32 15 15 -27 4 -18 24 -3 -14 4 9 6 7 -3 10 -18 12
7 -15 -7 1 -12 13 24 6 -13 -4 -14 2 2 16 2 31 20 -10 -30 -8 13 45 -35 -13 50 20 -1 20 7 8 13 -11 21 14 -15 -1 -15 32 20 -47 -14 -13 8 1 73 -17 12 32 15 15 -27 4 -18 24 -3 -14 4 9 6 7 -3 10 -18 12
7 -15 -7 1 -12 13 24 6 -13 -4 -14 2 2 16 2 31 20 -10 -30 -8 13 45 -35 -13 50 20 -1 20 7 8 13 -11 21 14 -15 -1 -15 32 20 -47 -14 -13 8 1 73 -17 12 32 15 15 -27 4 -18 24 -3 -14 4 9 6 7 -3 10 -18 12
7 -15 -7 1 -12 13 24 6 -13 -4 -14 2 2 16 2 31 20 -10 -30 -8 13 45 -35 -13 50 20 -1 20 7 8 13 -11 21 14 -15 -1 -15 32 20 -47 -14 -13 8 1 73 -17 12 32 15 15 -27 4 -18 24 -3 -14 4 9 6 7 -3 10 -18 12
7 -15 -7 1 -12 13 24 6 -13 -4 -14 2 2 16 2 31 20 -10 -30 -8 13 45 -35 -13 50 20 -1 20 7 8 13 -11 21 14 -15 -1 -15 32 20 -47 -14 -13 8 1 73 -17 12 32 15 15 -27 4 -18 24 -3 -14 4 9 6 7 -3 10 -18 12
7 -15 -7 1 -12 13 24 6 -13 -4 -14 2 2 16 2 31 20 -10 -30 -8 13 45 -35 -13 50 20 -1 20 7 8 13 -11 21 14 -15 -1 -15 32 20 -47 -14 -13 8 1 73 -17 12 32 15 15 -27 4 -18 24 -3 -14 4 9 6 7 -3 10 -18 12
7 -15 -7 1 -12 13 24 6 -13 -4 -14 2 2 16 2 31 20 -10 -30 -8 13 45 -35 -13 50 20 -1 20 7 8 13 -11 21 14 -15 -1 -15 32 20 -47 -14 -13 8 1 73 -17 12 32 15 15 -27 4 -18 24 -3 -14 4 9 6 7 -3 10 -18 12
7 -15 -7 1 -12 13 24 6 -13 -4 -14 2 2 16 2 31 20 -10 -30 -8 13 45 -35 -13 50 20 -1 20 7 8 13 -11 21 14 -15 -1 -15 32 20 -47 -14 -13 8 1 73 -17 12 32 15 15 -27 4 -18 24 -3 -14 4 9 6 7 -3 10 -18 12
7 -15 -7 1 -12 13 24 6 -13 -4 -14 2 2 16 2 31 20 -10 -30 -8 13 45 -35 -13 50 20 -1 20 7 8 13 -11 21 14 -15 -1 -15 32 20 -47 -14 -13 8 1 73 -17 12 32 15 15 -27 4 -18 24 -3 -14 4 9 6 7 -3 10 -18 12
7 -15 -7 1 -12 13 24 6 -13 -4 -14 2 2 16 2 31 20 -10 -30 -8 13 45 -35 -13 50 20 -1 20 7 8 13 -11 21 14 -15 -1 -15 32 20 -47 -14 -13 8 1 73 -17 12 32 15 15 -27 4 -18 24 -3 -14 4 9 6 7 -3 10 -18 12
7 -15 -7 1 -12 13 24 6 -13 -4 -14 2 2 16 2 31 20 -10 -30 -8 13 45 -35 -13 50 20 -1 20 7 8 13 -11 21 14 -15 -1 -15 32 20 -47 -14 -13 8 1 73 -17 12 32 15 15 -27 4 -18 24 -3 -14 4 9 6 7 -3 10 -18 12
7 -15 -7 1 -12 13 24 6 -13 -4 -14 2 2 16 2 31 20 -10 -30 -8 13 45 -35 -13 50 20 -1 20 7 8 13 -11 21 14 -15 -1 -15 32 20 -47 -14 -13 8 1 73 -17 12 32 15 15 -27 4 -18 24 -3 -14 4 9 6 7 -3 10 -18 12
7 -15 -7 1 -12 13 24 6 -13 -4 -14 2 2 16 2 31 20 -10 -30 -8 13 45 -35 -13 50 20 -1 20 7 8 13 -11 21 14 -15 -1 -15 32 20 -47 -14 -13 8 1 73 -17 12 32 15 15 -27 4 -18 24 -3 -14 4 9 6 7 -3 10 -18 12
7 -15 -7 1 -12 13 24 6 -13 -4 -14 2 2 16 2 31 20 -10 -30 -8 13 45 -35 -13 50 20 -1 20 7 8 13 -11 21 14 -15 -1 -15 32 20 -47 -14 -13 8 1 73 -17 12 32 15 15 -27 4 -18 24 -3 -14 4 9 6 7 -3 10 -18 12
7 -15 -7 1 -12 13 24 6 -13 -4 -14 2 2 16 2 31 20 -10 -30 -8 13 45 -35 -13 50 20 -1 20 7 8 13 -11 21 14 -15 -1 -15 32 20 -47 -14 -13 8 1 73 -17 12 32 15 15 -27 4 -18 24 -3 -14 4 9 6 7 -3 10 -18 12
7 -15 -7 1 -12 13 24 6 -13 -4 -14 2 2 16 2 31 20 -10 -30 -8 13 45 -35 -13 50 20 -1 20 7 8 13 -11 21 14 -15 -1 -15 32 20 -47 -14 -13 8 1 73 -17 12 32 15 15 -27 4 -18 24 -3 -14 4 9 6 7 -3 10 -18 12
7 -15 -7 1 -12 13 24 6 -13 -4 -14 2 2 16 2 31 20 -10 -30 -8 13 45 -35 -13 50 20 -1 20 7 8 13 -11 21 14 -15 -1 -15 32 20 -47 -14 -13 8 1 73 -17 12 32 15 15 -27 4 -18 24 -3 -14 4 9 6 7 -3 10 -18 12
7 -15 -7 1 -12 13 24 6 -13 -4 -14 2 2 16 2 31 20 -10 -30 -8 13 45 -35 -13 50 20 -1 20 7 8 13 -11 21 14 -15 -1 -15 32 20 -47 -14 -13 8 1 73 -17 12 32 15 15 -27 4 -18 24 -3 -14 4 9 6 7 -3 10 -18 12
7 -15 -7 1 -12 13 24 6 -13 -4 -14 2 2 16 2 31 20 -10 -30 -8 13 45 -35 -13 50 20 -1 20 7 8 13 -11 21 14 -15 -1 -15 32 20 -47 -14 -13 8 1 73 -17 12 32 15 15 -27 4 -18 24 -3 -14 4 9 6 7 -3 10 -18 12
7 -15 -7 1 -12 13 24 6 -13 -4 -14 2 2 16 2 31 20 -10 -30 -8 13 45 -35 -13 50 20 -1 20 7 8 13 -11 21 14 -15 -1 -15 32 20 -47 -14 -13 8 1 73 -17 12 32 15 15 -27 4 -18 24 -3 -14 4 9 6 7 -3 10 -18 12
7 -15 -7 1 -12 13 24 6 -13 -4 -14 2 2 16 2 31 20 -10 -30 -8 13 45 -35 -13 50 20 -1 20 7 8 13 -11 21 14 -15 -1 -15 32 20 -47 -14 -13 8 1 73 -17 12 32 15 15 -27 4 -18 24 -3 -14 4 9 6 7 -3 10 -18 12
7 -15 -7 1 -12 13 24 6 -13 -4 -14 2 2 16 2 31 20 -10 -30 -8 13 45 -35 -13 50 20 -1 20 7 8 13 -11 21 14 -15 -1 -15 32 20 -47 -14 -13 8 1 73 -17 12 32 15 15 -27 4 -18 24 -3 -14 4 9 6 7 -3 10 -18 12
7 -15 -7 1 -12 13 24 6 -13 -4 -14 2 2 16 2 31 20 -10 -30 -8 13 45 -35 -13 50 20 -1 20 7 8 13 -11 21 14 -15 -1 -15 32 20 -47 -14 -13 8 1 73 -17 12 32 15 15 -27 4 -18 24 -3 -14 4 9 6 7 -3 10 -18 12
7 -15 -7 1 -12 13 24 6 -13 -4 -14 2 2 16 2 31 20 -10 -30 -8 13 45 -35 -13 50 20 -1 20 7 8 13 -11 21 14 -15 -1 -15 32 20 -47 -14 -13 8 1 73 -17 12 32 15 15 -27 4 -18 24 -3 -14 4 9 6 7 -3 10 -18 12
7 -15 -7 1 -12 13 24 6 -13 -4 -14 2 2 16 2 31 20 -10 -30 -8 13 45 -35 -13 50 20 -1 20 7 8 13 -11 21 14 -15 -1 -15 32 20 -47 -14 -13 8 1 73 -17 12 32 15 15 -27 4 -18 24 -3 -14 4 9 6 7 -3 10 -18 12
7 -15 -7 1 -12 13 24 6 -13 -4 -14 2 2 16 2 31 20 -10 -30 -8 13 45 -35 -13 50 20 -1 20 7 8 13 -11 21 14 -15 -1 -15 32 20 -47 -14 -13 8 1 73 -17 12 32 15 15 -27 4 -18 24 -3 -14 4 9 6 7 -3 10 -18 12
7 -15 -7 1 -12 13 24 6 -13 -4 -14 2 2 16 2 31 20 -10 -30 -8 13 45 -35 -13 50 20 -1 20 7 8 13 -11 21 14 -15 -1 -15 32 20 -47 -14 -13 8 1 73 -17 12 32 15 15 -27 4 -18 24 -3 -14 4 9 6 7 -3 10 -18 12
7 -15 -7 1 -12 13 24 6 -13 -4 -14 2 2 16 2 31 20 -10 -30 -8 13 45 -35 -13 50 20 -1 20 7 8 13 -11 21 14 -15 -1 -15 32 20 -47 -14 -13 8 1 73 -17 12 32 15 15 -27 4 -18 24 -3 -14 4 9 6 7 -3 10 -18 12
7 -15 -7 1 -12 13 24 6 -13 -4 -14 2 2 16 2 31 20 -10 -30 -8 13 45 -35 -13 50 20 -1 20 7 8 13 -11 21 14 -15 -1 -15 32 20 -47 -14 -13 8 1 73 -17 12 32 15 15 -27 4 -18 24 -3 -14 4 9 6 7 -3 10 -18 12
7 -15 -7 1 -12 13 24 6 -13 -4 -14 2 2 16 2 31 20 -10 -30 -8 13 45 -35 -13 50 20 -1 20 7 8 13 -11 21 14 -15 -1 -15 32 20 -47 -14 -13 8 1 73 -17 12 32 15 15 -27 4 -18 24 -3 -14 4 9 6 7 -3 10 -18 12
7 -15 -7 1 -12 13 24 6 -13 -4 -14 2 2 16 2 31 20 -10 -30 -8 13 45 -35 -13 50 20 -1 20 7 8 13 -11 21 14 -15 -1 -15 32 20 -47 -14 -13 8 1 73 -17 12 32 15 15 -27 4 -18 24 -3 -14 4 9 6 7 -3 10 -18 12
7 -15 -7 1 -12 13 24 6 -13 -4 -14 2 2 16 2 31 20 -10 -30 -8 13 45 -35 -13 50 20 -1 20 7 8 13 -11 21 14 -15 -1 -15 32 20 -47 -14 -13 8 1 73 -17 12 32 15 15 -27 4 -18 24 -3 -14 4 9 6 7 -3 10 -18 12
7 -15 -7 1 -12 13 24 6 -13 -4 -14 2 2 16 2 31 20 -10 -30 -8 13 45 -35 -13 50 20 -1 20 7 8 13 -11 21 14 -15 -1 -15 32 20 -47 -14 -13 8 1 73 -17 12 32 15 15 -27 4 -18 24 -3 -14 4 9 6 7 -3 10 -18 12
7 -15 -7 1 -12 13 24 6 -13 -4 -14 2 2 16 2 31 20 -10 -30 -8 13 45 -35 -13 50 20 -1 20 7 8 13 -11 21 14 -15 -1 -15 32 20 -47 -14 -13 8 1 73 -17 12 32 15 15 -27 4 -18 24 -3 -14 4 9 6 7 -3 10 -18 12
7 -15 -7 1 -12 13 24 6 -13 -4 -14 2 2 16 2 31 20 -10 -30 -8 13 45 -35 -13 50 20 -1 20 7 8 13 -11 21 14 -15 -1 -15 32 20 -47 -14 -13 8 1 73 -17 12 32 15 15 -27 4 -18 24 -3 -14 4 9 6 7 -3 10 -18 12
7 -15 -7 1 -12 13 24 6 -13 -4 -14 2 2 16 2 31 20 -10 -30 -8 13 45 -35 -13 50 20 -1 20 7 8 13 -11 21 14 -15 -1 -15 32 20 -47 -14 -13 8 1 73 -17 12 32 15 15 -27 4 -18 24 -3 -14 4 9 6 7 -3 10 -18 12
7 -15 -7 1 -12 13 24 6 -13 -4 -14 2 2 16 2 31 20 -10 -30 -8 13 45 -35 -13 50 20 -1 20 7 8 13 -11 21 14 -15 -1 -15 32 20 -47 -14 -13 8 1 73 -17 12 32 15 15 -27 4 -18 24 -3 -14 4 9 6 7 -3 10 -18 12
7 -15 -7 1 -12 13 24 6 -13 -4 -14 2 2 16 2 31 20 -10 -30 -8 13 45 -35 -13 50 20 -1 20 7 8 13 -11 21 14 -15 -1 -15 32 20 -47 -14 -13 8 1 73 -17 12 32 15 15 -27 4 -18 24 -3 -14 4 9 6 7 -3 10 -18 12
7 -15 -7 1 -12 13 24 6 -13 -4 -14 2 2 16 2 31 20 -10 -30 -8 13 45 -35 -13 50 20 -1 20 7 8 13 -11 21 14 -15 -1 -15 32 20 -47 -14 -13 8 1 73 -17 12 32 15 15 -27 4 -18 24 -3 -14 4 9 6 7 -3 10 -18 12
7 -15 -7 1 -12 13 24 6 -13 -4 -14 2 2 16 2 31 20 -10 -30 -8 13 45 -35 -13 50 20 -1 20 7 8 13 -11 21 14 -15 -1 -15 32 20 -47 -14 -13 8 1 73 -17 12 32 15 15 -27 4 -18 24 -3 -14 4 9 6 7 -3 10 -18 12
7 -15 -7 1 -12 13 24 6 -13 -4 -14 2 2 16 2 31 20 -10 -30 -8 13 45 -35 -13 50 20 -1 20 7 8 13 -11 21 14 -15 -1 -15 32 20 -47 -14 -13 8 1 73 -17 12 32 15 15 -27 4 -18 24 -3 -14 4 9 6 7 -3 10 -18 12
7 -15 -7 1 -12 13 24 6 -13 -4 -14 2 2 16 2 31 20 -10 -30 -8 13 45 -35 -13 50 20 -1 20 7 8 13 -11 21 14 -15 -1 -15 32 20 -47 -14 -13 8 1 73 -17 12 32 15 15 -27 4 -18 24 -3 -14 4 9 6 7 -3 10 -18 12
7 -15 -7 1 -12 13 24 6 -13 -4 -14 2 2 16 2 31 20 -10 -30 -8 13 45 -35 -13 50 20 -1 20 7 8 13 -11 21 14 -15 -1 -15 32 20 -47 -14 -13 8 1 73 -17 12 32 15 15 -27 4 -18 24 -3 -14 4 9 6 7 -3 10 -18 12
7 -15 -7 1 -12 13 24 6 -13 -4 -14 2 2 16 2 31 20 -10 -30 -8 13 45 -35 -13 50 20 -1 20 7 8 13 -11 21 14 -15 -1 -15 32 20 -47 -14 -13 8 1 73 -17 12 32 15 15 -27 4 -18 24 -3 -14 4 9 6 7 -3 10 -18 12
7 -15 -7 1 -12 13 24 6 -13 -4 -14 2 2 16 2 31 20 -10 -30 -8 13 45 -35 -13 50 20 -1 20 7 8 13 -11 21 14 -15 -1 -15 32 20 -47 -14 -13 8 1 73 -17 12 32 15 15 -27 4 -18 24 -3 -14 4 9 6 7 -3 10 -18 12
7 -15 -7 1 -12 13 24 6 -13 -4 -14 2 2 16 2 31 20 -10 -30 -8 13 45 -35 -13 50 20 -1 20 7 8 13 -11 21 14 -15 -1 -15 32 20 -47 -14 -13 8 1 73 -17 12 32 15 15 -27 4 -18 24 -3 -14 4 9 6 7 -3 10 -18 12
7 -15 -7 1 -12 13 24 6 -13 -4 -14 2 2 16 2 31 20 -10 -30 -8 13 45 -35 -13 50 20 -1 20 7 8 13 -11 21 14 -15 -1 -15 32 20 -47 -14 -13 8 1 73 -17 12 32 15 15 -27 4 -18 24 -3 -14 4 9 6 7 -3 10 -18 12
7 -15 -7 1 -12 13 24 6 -13 -4 -14 2 2 16 2 31 20 -10 -30 -8 13 45 -35 -13 50 20 -1 20 7 8 13 -11 21 14 -15 -1 -15 32 20 -47 -14 -13 8 1 73 -17 12 32 15 15 -27 4 -18 24 -3 -14 4 9 6 7 -3 10 -18 12
7 -15 -7 1 -12 13 24 6 -13 -4 -14 2 2 16 2 31 20 -10 -30 -8 13 45 -35 -13 50 20 -1 20 7 8 13 -11 21 14 -15 -1 -15 32 20 -47 -14 -13 8 1 73 -17 12 32 15 15 -27 4 -18 24 -3 -14 4 9 6 7 -3 10 -18 12
7 -15 -7 1 -12 13 24 6 -13 -4 -14 2 2 16 2 31 20 -10 -30 -8 13 45 -35 -13 50 20 -1 20 7 8 13 -11 21 14 -15 -1 -15 32 20 -47 -14 -13 8 1 73 -17 12 32 15 15 -27 4 -18 24 -3 -14 4 9 6 7 -3 10 -18 12
7 -15 -7 1 -12 13 24 6 -13 -4 -14 2 2 16 2 31 20 -10 -30 -8 13 45 -35 -13 50 20 -1 20 7 8 13 -11 21 14 -15 -1 -15 32 20 -47 -14 -13 8 1 73 -17 12 32 15 15 -27 4 -18 24 -3 -14 4 9 6 7 -3 10 -18 12
7 -15 -7 1 -12 13 24 6 -13 -4 -14 2 2 16 2 31 20 -10 -30 -8 13 45 -35 -13 50 20 -1 20 7 8 13 -11 21 14 -15 -1 -15 32 20 -47 -14 -13 8 1 73 -17 12 32 15 15 -27 4 -18 24 -3 -14 4 9 6 7 -3 10 -18 12
7 -15 -7 1 -12 13 24 6 -13 -4 -14 2 2 16 2 31 20 -10 -30 -8 13 45 -35 -13 50 20 -1 20 7 8 13 -11 21 14 -15 -1 -15 32 20 -47 -14 -13 8 1 73 -17 12 32 15 15 -27 4 -18 24 -3 -14 4 9 6 7 -3 10 -18 12
7 -15 -7 1 -12 13 24 6 -13 -4 -14 2 2 16 2 31 20 -10 -30 -8 13 45 -35 -13 50 20 -1 20 7 8 13 -11 21 14 -15 -1 -15 32 20 -47 -14 -13 8 1 73 -17 12 32 15 15 -27 4 -18 24 -3 -14 4 9 6 7 -3 10 -18 12
7 -15 -7 1 -12 13 24 6 -13 -4 -14 2 2 16 2 31 20 -10 -30 -8 13 45 -35 -13 50 20 -1 20 7 8 13 -11 21 14 -15 -1 -15 32 20 -47 -14 -13 8 1 73 -17 12 32 15 15 -27 4 -18 24 -3 -14 4 9 6 7 -3 10 -18 12
7 -15 -7 1 -12 13 24 6 -13 -4 -14 2 2 16 2 31 20 -10 -30 -8 13 45 -35 -13 50 20 -1 20 7 8 13 -11 21 14 -15 -1 -15 32 20 -47 -14 -13 8 1 73 -17 12 32 15 15 -27 4 -18 24 -3 -14 4 9 6 7 -3 10 -18 12
7 -15 -7 1 -12 13 24 6 -13 -4 -14 2 2 16 2 31 20 -10 -30 -8 13 45 -35 -13 50 20 -1 20 7 8 13 -11 21 14 -15 -1 -15 32 20 -47 -14 -13 8 1 73 -17 12 32 15 15 -27 4 -18 24 -3 -14 4 9 6 7 -3 10 -18 12
7 -15 -7 1 -12 13 24 6 -13 -4 -14 2 2 16 2 31 20 -10 -30 -8 13 45 -35 -13 50 20 -1 20 7 8 13 -11 21 14 -15 -1 -15 32 20 -47 -14 -13 8 1 73 -17 12 32 15 15 -27 4 -18 24 -3 -14 4 9 6 7 -3 10 -18 12
7 -15 -7 1 -12 13 24 6 -13 -4 -14 2 2 16 2 31 20 -10 -30 -8 13 45 -35 -13 50 20 -1 20 7 8 13 -11 21 14 -15 -1 -15 32 20 -47 -14 -13 8 1 73 -17 12 32 15 15 -27 4 -18 24 -3 -14 4 9 6 7 -3 10 -18 12
7 -15 -7 1 -12 13 24 6 -13 -4 -14 2 2 16 2 31 20 -10 -30 -8 13 45 -35 -13 50 20 -1 20 7 8 13 -11 21 14 -15 -1 -15 32 20 -47 -14 -13 8 1 73 -17 12 32 15 15 -27 4 -18 24 -3 -14 4 9 6 7 -3 10 -18 12
7 -15 -7 1 -12 13 24 6 -13 -4 -14 2 2 16 2 31 20 -10 -30 -8 13 45 -35 -13 50 20 -1 20 7 8 13 -11 21 14 -15 -1 -15 32 20 -47 -14 -13 8 1 73 -17 12 32 15 15 -27 4 -18 24 -3 -14 4 9 6 7 -3 10 -18 12
7 -15 -7 1 -12 13 24 6 -13 -4 -14 2 2 16 2 31 20 -10 -30 -8 13 45 -35 -13 50 20 -1 20 7 8 13 -11 21 14 -15 -1 -15 32 20 -47 -14 -13 8 1 73 -17 12 32 15 15 -27 4 -18 24 -3 -14 4 9 6 7 -3 10 -18 12
7 -15 -7 1 -12 13 24 6 -13 -4 -14 2 2 16 2 31 20 -10 -30 -8 13 45 -35 -13 50 20 -1 20 7 8 13 -11 21 14 -15 -1 -15 32 20 -47 -14 -13 8 1 73 -17 12 32 15 15 -27 4 -18 24 -3 -14 4 9 6 7 -3 10 -18 12
7 -15 -7 1 -12 13 24 6 -13 -4 -14 2 2 16 2 31 20 -10 -30 -8 13 45 -35 -13 50 20 -1 20 7 8 13 -11 21 14 -15 -1 -15 32 20 -47 -14 -13 8 1 73 -17 12 32 15 15 -27 4 -18 24 -3 -14 4 9 6 7 -3 10 -18 12
7 -15 -7 1 -12 13 24 6 -13 -4 -14 2 2 16 2 31 20 -10 -30 -8 13 45 -35 -13 50 20 -1 20 7 8 13 -11 21 14 -15 -1 -15 32 20 -47 -14 -13 8 1 73 -17 12 32 15 15 -27 4 -18 24 -3 -14 4 9 6 7 -3 10 -18 12
7 -15 -7 1 -12 13 24 6 -13 -4 -14 2 2 16 2 31 20 -10 -30 -8 13 45 -35 -13 50 20 -1 20 7 8 13 -11 21 14 -15 -1 -15 32 20 -47 -14 -13 8 1 73 -17 12 32 15 15 -27 4 -18 24 -3 -14 4 9 6 7 -3 10 -18 12
7 -15 -7 1 -12 13 24 6 -13 -4 -14 2 2 16 2 31 20 -10 -30 -8 13 45 -35 -13 50 20 -1 20 7 8 13 -11 21 14 -15 -1 -15 32 20 -47 -14 -13 8 1 73 -17 12 32 15 15 -27 4 -18 24 -3 -14 4 9 6 7 -3 10 -18 12
7 -15 -7 1 -12 13 24 6 -13 -4 -14 2 2 16 2 31 20 -10 -30 -8 13 45 -35 -13 50 20 -1 20 7 8 13 -11 21 14 -15 -1 -15 32 20 -47 -14 -13 8 1 73 -17 12 32 15 15 -27 4 -18 24 -3 -14 4 9 6 7 -3 10 -18 12
7 -15 -7 1 -12 13 24 6 -13 -4 -14 2 2 16 2 31 20 -10 -30 -8 13 45 -35 -13 50 20 -1 20 7 8 13 -11 21 14 -15 -1 -15 32 20 -47 -14 -13 8 1 73 -17 12 32 15 15 -27 4 -18 24 -3 -14 4 9 6 7 -3 10 -18 12
