2 -1 -3 -10 7 7 -8 3 1 6 -4 9 4 -10 2 5 -18 19 -21 11 9 1 6 2 1 -4 -4 6 17 7 -1 6 -10 2 14 -4 1 6 -9 -1 -4 -13 -3 -1 2 -3 -18 2 13 -9 -12 -15 12 19 3 -3 -12 -8 1 14 -9 -9 -26 -3
-4 6 21 -7 19 2 -32 -4 9 10 -19 12 28 14 5 14 1 19 -39 15 11 -9 14 7 -18 -22 4 -3 -5 28 -8 26 -15 -9 35 0 -16 3 -10 -2 -7 -10 -5 -1 -6 -36 -17 6 12 -4 -22 -9 -12 -9 7 -26 15 -17 -7 30 -15 6 -3 -16
-2 18 28 -9 21 -1 -31 0 14 12 -34 14 36 12 -8 19 -16 15 -40 19 12 -8 20 9 -28 -14 5 -3 -1 14 -2 18 -33 13 34 9 -11 7 -9 -2 0 17 -10 -1 -3 -36 -9 5 16 -18 -19 -9 -6 -17 3 -23 12 -18 4 31 -24 -1 -5 -20
-13 19 0 1 21 -3 -24 -1 12 12 -30 3 42 2 0 20 -20 17 -29 25 -2 -14 25 -6 -13 -22 10 -9 -7 9 -2 22 -11 -3 41 2 -10 5 -10 0 -5 16 -6 -10 -6 -36 -1 1 14 -18 -28 3 0 -16 -3 -12 10 -28 7 22 -11 -11 -12 -16
-7 17 8 7 18 -4 -41 -10 26 3 -30 3 28 6 -2 21 -16 4 -33 25 -5 -1 18 -6 -23 -12 8 -14 -7 2 10 5 -21 9 36 8 -8 12 0 9 -8 17 0 -11 -7 -24 2 -4 11 -18 -26 -6 -6 -17 -11 -21 19 -14 8 29 -9 4 -13 -21
-12 29 21 6 35 0 -32 -2 20 4 -32 4 33 19 -1 22 -20 9 -26 26 -2 -1 15 -9 -13 -8 15 -23 -16 3 -7 -1 -16 16 43 1 -17 16 -21 -1 -14 14 -13 -20 -3 -35 -6 4 6 -12 -21 0 0 -12 -4 -22 10 -21 -8 19 -12 1 -24 -21
-14 21 15 12 26 -7 -38 2 24 3 -34 12 27 5 -8 33 -29 4 -21 28 -3 -1 6 -9 -6 -23 11 -13 -19 -2 -6 -2 -21 15 42 4 -11 10 -4 -5 -18 17 -11 -2 1 -35 -1 4 12 -23 -24 2 0 -27 -6 -22 5 -23 -6 31 -28 -10 -14 -24
-10 14 5 -3 26 3 -32 2 22 16 -18 10 23 15 -5 25 -16 12 -25 35 0 -11 15 -6 -13 -17 9 -12 -21 1 -9 10 -15 6 34 7 -10 10 -10 -7 -8 20 -8 -9 -2 -48 2 -2 3 -24 -33 4 -1 -20 -9 -21 7 -33 -11 28 -18 3 -21 -24
-5 29 13 -7 22 -3 -26 -4 15 6 -28 16 40 6 -6 31 -17 11 -31 34 3 -1 20 0 -9 -24 7 -3 -9 9 -9 21 -31 5 40 2 -14 7 -6 -7 -16 11 -3 9 -7 -37 -8 -6 24 -16 -24 11 2 -16 -5 -19 23 -24 0 30 -26 2 -11 -21
6 14 16 -11 23 -13 -32 -16 0 -8 -23 16 22 23 -16 39 -12 1 -32 36 27 -16 2 -15 -18 2 21 -2 -6 16 -8 21 -34 -6 22 12 -39 0 -8 0 6 26 -39 17 2 -15 -26 3 28 -38 -31 5 1 -35 1 -19 23 2 -29 31 -46 -5 7 -36
-6 28 15 -11 26 0 -22 -7 10 5 -32 9 39 8 -3 23 -19 14 -34 34 6 -9 21 -4 -14 -23 7 -2 -7 11 3 22 -33 8 37 5 -19 3 0 4 -13 17 -13 3 -2 -31 -8 -7 16 -19 -36 3 1 -15 2 -22 14 -21 -12 25 -32 -7 -9 -20
-6 28 3 -10 17 -9 -21 -1 12 7 -34 18 35 19 -5 20 -17 14 -23 28 9 -5 19 -9 -14 -12 10 -12 -10 3 -8 14 -26 5 39 8 -24 12 -9 -2 0 21 -6 -5 4 -36 0 -1 15 -17 -35 -1 2 -10 -8 -17 16 -32 -11 34 -31 -8 -14 -15
0 20 15 7 12 -15 -22 -9 14 7 -26 14 37 8 -6 23 -13 16 -35 26 -2 -8 23 -6 -27 -22 4 -15 2 5 -11 16 -14 3 29 6 -14 3 -7 5 -5 18 -6 -3 1 -32 -9 -4 18 -23 -30 -3 -14 -14 0 -15 20 -22 -7 22 -16 -11 -16 -10
2 8 20 3 16 -11 -35 2 19 4 -29 15 36 16 2 18 -11 11 -36 29 8 2 12 -12 -31 -4 15 -20 -8 8 -12 8 -8 13 31 10 0 18 -11 1 -15 24 -6 1 1 -44 -14 2 16 -24 -21 -6 -7 -19 -12 -25 23 -23 -4 32 -21 0 -16 -18
-9 33 29 -6 24 -26 -27 -12 19 7 -35 4 29 4 -17 37 -1 -1 -36 36 20 -1 6 -16 -24 -13 30 -23 -2 16 -13 7 -24 7 32 14 -25 5 -7 12 -8 30 -9 12 -4 -12 -18 13 36 -22 -41 0 -10 -20 -8 -26 35 -12 -10 35 -41 -1 -13 -34
-9 30 19 1 14 -4 -19 6 22 17 -24 8 40 4 -5 26 -8 20 -27 31 12 -6 21 -6 -14 -20 9 -20 2 10 -17 10 -21 8 33 0 -20 11 -15 1 -8 14 -3 -1 1 -26 -10 4 21 -23 -28 4 -10 -10 -1 -24 25 -21 -15 23 -23 -4 -22 -19
-10 30 13 5 24 -2 -29 -9 18 17 -30 11 22 9 7 16 -29 9 -25 30 6 3 17 -15 -12 -20 14 -21 -17 10 -11 10 -24 -3 41 20 -22 12 -11 0 -15 17 -17 -8 -3 -29 -2 2 22 -23 -27 -5 2 -24 -8 -19 23 -16 -7 31 -29 -7 -11 -19
-3 28 22 4 22 -9 -16 1 24 7 -26 8 33 6 -6 21 -6 8 -23 29 3 -7 32 1 -12 -25 12 -19 -3 14 -9 7 -20 14 39 5 -16 3 -8 -10 -17 21 -6 -2 -1 -23 -11 0 23 -14 -36 4 1 -20 -10 -15 17 -19 -6 20 -29 -1 -13 -16
-2 22 10 2 18 1 -23 2 16 10 -17 11 29 12 1 18 -15 16 -11 33 -3 -1 21 -10 -7 -25 6 -18 -9 7 -5 18 -21 14 39 5 -15 18 -7 -4 -22 20 -12 -17 2 -36 -7 1 15 -25 -29 7 -3 -14 -10 -17 19 -17 -11 30 -32 -10 -8 -22
-2 16 2 4 10 -4 -27 4 19 2 -13 20 21 8 -2 16 -15 19 -20 39 5 -5 21 0 -16 -17 7 -12 -7 7 -1 13 -21 3 36 9 -10 15 -7 -5 -9 24 -10 -15 -9 -34 -3 7 11 -14 -28 -4 8 -20 -14 -17 23 -21 -7 35 -20 -4 -11 -13
-4 22 11 3 3 -10 -23 1 18 14 -18 26 24 6 4 24 -11 16 -15 39 13 -8 20 2 -21 -20 13 -20 -6 4 -4 11 -19 3 40 3 -8 14 -12 -6 -12 12 -10 -5 -8 -38 -1 6 17 -12 -35 -5 1 -22 -5 -19 24 -22 -13 35 -30 -3 -13 -16
4 26 24 -10 27 -18 -11 6 10 4 -12 24 23 2 -13 29 10 8 -32 29 26 5 9 -5 -37 -16 21 -14 -5 12 -10 4 -36 21 28 20 -22 2 -3 8 -9 22 -24 5 1 -26 -24 10 38 -20 -22 13 -2 -12 1 -29 31 10 -6 38 -48 4 -12 -37
13 1 -11 -6 -1 -2 -4 -5 1 -3 -9 2 0 -1 6 4 -2 9 2 24 3 -8 6 0 -6 -3 -1 -5 -1 12 0 8 -8 -4 2 -7 -27 2 3 2 1 -2 -7 -9 -1 -9 -12 3 9 -7 -5 -13 1 -2 -8 -5 8 -7 4 10 -11 1 -14 -2
-4 13 23 -3 34 8 -24 -6 7 1 -21 1 32 -1 -5 12 -14 20 -35 20 15 11 22 -2 -17 -17 7 -5 -1 2 -19 20 -31 9 19 7 -15 6 -18 6 8 16 -13 1 -13 -17 -13 13 13 -26 -4 0 -9 -13 6 -23 8 -18 -4 25 -27 -6 -23 -3
3 18 14 -13 23 8 -29 -8 15 17 -25 -5 25 7 -17 8 -10 10 -30 21 11 -3 13 -5 -18 -12 18 3 -2 -2 -22 24 -28 11 9 3 -28 12 -13 10 10 20 -20 2 -18 -28 -7 14 -3 -32 -4 -6 -8 -10 -1 -34 20 -14 1 27 -32 5 -17 -15
-5 15 15 2 21 -4 -26 -9 15 10 -24 -6 31 3 -7 24 -17 28 -28 30 5 2 26 -6 -21 -30 11 -6 5 3 -9 9 -31 6 31 20 -19 12 -9 -6 2 13 -16 12 -5 -29 -15 14 21 -25 -17 2 -5 -22 4 -21 11 -24 -1 38 -34 -12 -13 -24
8 10 -4 12 17 -3 -36 2 28 6 -17 -5 22 4 -7 10 -30 9 -13 20 -10 4 12 0 -30 -17 13 -7 -1 -1 -4 7 -37 15 21 8 -11 11 -1 3 -5 25 -2 -11 -1 -21 -1 -6 16 -23 -13 4 1 -18 -9 -23 12 -13 3 35 -23 5 -5 -10
8 11 1 8 25 -2 -20 12 20 1 -28 4 39 23 4 13 -27 16 -12 20 -9 -2 1 -3 -20 -24 13 -7 -9 -2 -10 9 -27 16 30 2 -7 21 -11 -6 -11 14 -12 -22 -2 -26 4 2 12 -18 -16 8 9 -10 -9 -11 9 -17 -9 28 -26 9 -12 -18
0 6 2 7 10 -18 -30 2 25 -4 -20 10 28 13 -5 9 -21 27 -17 27 -4 -4 13 6 -27 -29 10 -5 -13 -6 1 5 -33 19 27 3 -14 8 -5 -6 -23 25 -16 -2 -5 -38 5 2 16 -24 -24 7 7 -15 -4 -12 13 -18 -13 38 -29 -3 -11 -23
0 7 9 0 27 -9 -24 -1 19 4 -22 9 32 9 -2 25 -20 31 -26 38 0 -4 7 -1 -28 -10 12 -10 -14 -8 -10 6 -20 19 26 11 -15 16 -10 -3 -10 16 -18 2 3 -42 3 6 12 -22 -26 4 4 -14 0 -12 20 -20 -10 41 -26 -3 -12 -30
0 17 11 -3 25 -11 -20 -10 11 1 -22 1 35 0 -9 22 -20 26 -34 30 11 0 23 -1 -18 -21 2 -2 -3 -5 -5 5 -36 9 28 10 -16 5 -7 -1 -2 16 -10 7 -5 -21 -16 7 17 -16 -24 6 -3 -7 -9 -19 15 -23 0 35 -29 -4 -5 -21
2 21 11 -9 27 -1 -25 -13 13 -1 -22 2 30 3 5 15 -19 21 -32 31 8 -1 12 -6 -14 -25 4 -3 3 -4 0 6 -29 9 27 11 -11 6 -4 2 -9 20 -15 5 -3 -23 -23 5 10 -22 -22 4 0 -10 -4 -18 14 -23 -7 37 -24 -2 -15 -23
-2 27 -7 -4 17 -5 -23 -2 14 5 -29 7 38 10 -14 17 -20 24 -22 22 19 -6 19 -4 -23 -8 9 -11 2 -8 -5 2 -32 17 38 10 -20 13 -6 -9 5 14 -4 3 3 -33 -4 15 14 -8 -19 -4 8 -12 -7 -18 8 -33 -2 31 -39 -7 -13 -12
6 15 3 5 19 -11 -21 -3 13 7 -27 1 31 7 -5 20 -19 23 -26 25 6 -6 15 -8 -31 -19 14 -19 16 -2 -6 9 -9 8 24 7 -6 10 -12 -2 -3 20 -6 -7 3 -28 -19 1 14 -19 -23 3 -4 -6 -8 -9 18 -26 1 39 -24 1 -17 -12
-5 28 3 6 24 0 -32 -5 30 18 -28 -5 36 9 -1 18 -35 19 -16 31 4 5 13 -11 -23 -21 8 -11 -8 -2 -14 -5 -27 4 29 16 -11 12 -7 -9 -4 18 -10 -6 -2 -20 -9 3 24 -27 -15 0 5 -15 -14 -14 18 -19 2 39 -31 -9 -10 -14
-4 21 13 7 18 -11 -23 8 24 8 -11 -1 30 6 -7 20 -17 18 -18 22 5 -3 29 -6 -16 -25 7 -7 8 1 -15 1 -20 18 29 5 -11 7 -8 -12 -3 20 -8 -5 -1 -25 -13 4 24 -19 -23 4 0 -9 -15 -20 10 -30 1 27 -33 -4 -12 -15
-1 23 10 6 18 1 -33 2 23 18 -24 7 28 13 1 16 -20 18 -9 33 -5 4 9 -6 -16 -30 5 -9 -8 -1 -14 18 -21 10 32 10 -11 22 -10 -11 -17 16 -11 -8 -6 -31 -2 2 23 -24 -21 7 6 -7 -5 -18 14 -17 -14 39 -37 -1 -10 -22
0 24 0 10 16 -5 -38 7 15 1 -13 19 31 6 3 21 -13 26 -15 29 1 -1 15 4 -25 -29 5 -4 2 -5 -12 4 -23 10 35 8 -7 13 -5 -4 -9 26 -5 -15 -11 -38 -5 10 8 -19 -21 -1 15 -11 -10 -21 10 -19 -2 42 -30 -2 -6 -15
-1 9 13 6 8 -16 -27 13 15 6 -12 17 31 0 -4 19 -16 30 -12 33 6 -6 14 4 -24 -27 6 -9 -6 -12 -13 3 -24 14 35 14 -9 14 -13 -4 -15 20 -10 -1 -5 -36 -7 7 20 -14 -24 0 1 -11 -2 -11 12 -24 -4 39 -31 -3 -20 -21
8 20 15 -7 21 -14 -19 3 -2 0 -14 11 26 1 -13 34 -5 19 -25 30 22 -1 5 -6 -39 -18 17 -13 5 14 -16 6 -36 28 33 9 -13 -4 0 -7 -4 20 -18 6 -1 -16 -17 2 26 -22 -25 6 -3 -7 5 -23 28 0 -3 42 -57 6 -13 -29
18 0 -9 -4 0 -2 0 -1 0 -5 -7 -1 0 -5 5 3 -3 8 0 19 3 -10 4 1 -7 -5 -1 -4 0 15 2 8 -3 -2 2 -9 -26 1 4 -1 1 -3 -5 -9 -6 -7 -7 4 6 -8 -5 -15 1 -2 -12 -2 7 -6 7 7 -11 3 -13 0
0 4 25 -25 13 12 -10 -17 11 7 -1 -6 29 1 -5 29 6 16 -43 31 3 3 26 5 -30 -10 -2 -3 -9 4 -5 1 -25 -3 20 7 -23 -22 -19 21 10 20 10 7 -16 0 -16 -9 13 -26 -19 16 -15 -28 -11 -27 28 -13 2 25 -30 -6 -25 -12
0 4 25 -25 13 12 -10 -17 11 7 -1 -6 29 1 -5 29 6 16 -43 31 3 3 26 5 -30 -10 -2 -3 -9 4 -5 1 -25 -3 20 7 -23 -22 -19 21 10 20 10 7 -16 0 -16 -9 13 -26 -19 16 -15 -28 -11 -27 28 -13 2 25 -30 -6 -25 -12
0 4 25 -25 13 12 -10 -17 11 7 -1 -6 29 1 -5 29 6 16 -43 31 3 3 26 5 -30 -10 -2 -3 -9 4 -5 1 -25 -3 20 7 -23 -22 -19 21 10 20 10 7 -16 0 -16 -9 13 -26 -19 16 -15 -28 -11 -27 28 -13 2 25 -30 -6 -25 -12
0 4 25 -25 13 12 -10 -17 11 7 -1 -6 29 1 -5 29 6 16 -43 31 3 3 26 5 -30 -10 -2 -3 -9 4 -5 1 -25 -3 20 7 -23 -22 -19 21 10 20 10 7 -16 0 -16 -9 13 -26 -19 16 -15 -28 -11 -27 28 -13 2 25 -30 -6 -25 -12
0 4 25 -25 13 12 -10 -17 11 7 -1 -6 29 1 -5 29 6 16 -43 31 3 3 26 5 -30 -10 -2 -3 -9 4 -5 1 -25 -3 20 7 -23 -22 -19 21 10 20 10 7 -16 0 -16 -9 13 -26 -19 16 -15 -28 -11 -27 28 -13 2 25 -30 -6 -25 -12
0 4 25 -25 13 12 -10 -17 11 7 -1 -6 29 1 -5 29 6 16 -43 31 3 3 26 5 -30 -10 -2 -3 -9 4 -5 1 -25 -3 20 7 -23 -22 -19 21 10 20 10 7 -16 0 -16 -9 13 -26 -19 16 -15 -28 -11 -27 28 -13 2 25 -30 -6 -25 -12
0 4 25 -25 13 12 -10 -17 11 7 -1 -6 29 1 -5 29 6 16 -43 31 3 3 26 5 -30 -10 -2 -3 -9 4 -5 1 -25 -3 20 7 -23 -22 -19 21 10 20 10 7 -16 0 -16 -9 13 -26 -19 16 -15 -28 -11 -27 28 -13 2 25 -30 -6 -25 -12
0 4 25 -25 13 12 -10 -17 11 7 -1 -6 29 1 -5 29 6 16 -43 31 3 3 26 5 -30 -10 -2 -3 -9 4 -5 1 -25 -3 20 7 -23 -22 -19 21 10 20 10 7 -16 0 -16 -9 13 -26 -19 16 -15 -28 -11 -27 28 -13 2 25 -30 -6 -25 -12
0 4 25 -25 13 12 -10 -17 11 7 -1 -6 29 1 -5 29 6 16 -43 31 3 3 26 5 -30 -10 -2 -3 -9 4 -5 1 -25 -3 20 7 -23 -22 -19 21 10 20 10 7 -16 0 -16 -9 13 -26 -19 16 -15 -28 -11 -27 28 -13 2 25 -30 -6 -25 -12
0 4 25 -25 13 12 -10 -17 11 7 -1 -6 29 1 -5 29 6 16 -43 31 3 3 26 5 -30 -10 -2 -3 -9 4 -5 1 -25 -3 20 7 -23 -22 -19 21 10 20 10 7 -16 0 -16 -9 13 -26 -19 16 -15 -28 -11 -27 28 -13 2 25 -30 -6 -25 -12
0 4 25 -25 13 12 -10 -17 11 7 -1 -6 29 1 -5 29 6 16 -43 31 3 3 26 5 -30 -10 -2 -3 -9 4 -5 1 -25 -3 20 7 -23 -22 -19 21 10 20 10 7 -16 0 -16 -9 13 -26 -19 16 -15 -28 -11 -27 28 -13 2 25 -30 -6 -25 -12
0 4 25 -25 13 12 -10 -17 11 7 -1 -6 29 1 -5 29 6 16 -43 31 3 3 26 5 -30 -10 -2 -3 -9 4 -5 1 -25 -3 20 7 -23 -22 -19 21 10 20 10 7 -16 0 -16 -9 13 -26 -19 16 -15 -28 -11 -27 28 -13 2 25 -30 -6 -25 -12
0 4 25 -25 13 12 -10 -17 11 7 -1 -6 29 1 -5 29 6 16 -43 31 3 3 26 5 -30 -10 -2 -3 -9 4 -5 1 -25 -3 20 7 -23 -22 -19 21 10 20 10 7 -16 0 -16 -9 13 -26 -19 16 -15 -28 -11 -27 28 -13 2 25 -30 -6 -25 -12
0 4 25 -25 13 12 -10 -17 11 7 -1 -6 29 1 -5 29 6 16 -43 31 3 3 26 5 -30 -10 -2 -3 -9 4 -5 1 -25 -3 20 7 -23 -22 -19 21 10 20 10 7 -16 0 -16 -9 13 -26 -19 16 -15 -28 -11 -27 28 -13 2 25 -30 -6 -25 -12
0 4 25 -25 13 12 -10 -17 11 7 -1 -6 29 1 -5 29 6 16 -43 31 3 3 26 5 -30 -10 -2 -3 -9 4 -5 1 -25 -3 20 7 -23 -22 -19 21 10 20 10 7 -16 0 -16 -9 13 -26 -19 16 -15 -28 -11 -27 28 -13 2 25 -30 -6 -25 -12
0 4 25 -25 13 12 -10 -17 11 7 -1 -6 29 1 -5 29 6 16 -43 31 3 3 26 5 -30 -10 -2 -3 -9 4 -5 1 -25 -3 20 7 -23 -22 -19 21 10 20 10 7 -16 0 -16 -9 13 -26 -19 16 -15 -28 -11 -27 28 -13 2 25 -30 -6 -25 -12
0 4 25 -25 13 12 -10 -17 11 7 -1 -6 29 1 -5 29 6 16 -43 31 3 3 26 5 -30 -10 -2 -3 -9 4 -5 1 -25 -3 20 7 -23 -22 -19 21 10 20 10 7 -16 0 -16 -9 13 -26 -19 16 -15 -28 -11 -27 28 -13 2 25 -30 -6 -25 -12
0 4 25 -25 13 12 -10 -17 11 7 -1 -6 29 1 -5 29 6 16 -43 31 3 3 26 5 -30 -10 -2 -3 -9 4 -5 1 -25 -3 20 7 -23 -22 -19 21 10 20 10 7 -16 0 -16 -9 13 -26 -19 16 -15 -28 -11 -27 28 -13 2 25 -30 -6 -25 -12
0 4 25 -25 13 12 -10 -17 11 7 -1 -6 29 1 -5 29 6 16 -43 31 3 3 26 5 -30 -10 -2 -3 -9 4 -5 1 -25 -3 20 7 -23 -22 -19 21 10 20 10 7 -16 0 -16 -9 13 -26 -19 16 -15 -28 -11 -27 28 -13 2 25 -30 -6 -25 -12
0 4 25 -25 13 12 -10 -17 11 7 -1 -6 29 1 -5 29 6 16 -43 31 3 3 26 5 -30 -10 -2 -3 -9 4 -5 1 -25 -3 20 7 -23 -22 -19 21 10 20 10 7 -16 0 -16 -9 13 -26 -19 16 -15 -28 -11 -27 28 -13 2 25 -30 -6 -25 -12
0 4 25 -25 13 12 -10 -17 11 7 -1 -6 29 1 -5 29 6 16 -43 31 3 3 26 5 -30 -10 -2 -3 -9 4 -5 1 -25 -3 20 7 -23 -22 -19 21 10 20 10 7 -16 0 -16 -9 13 -26 -19 16 -15 -28 -11 -27 28 -13 2 25 -30 -6 -25 -12
0 4 25 -25 13 12 -10 -17 11 7 -1 -6 29 1 -5 29 6 16 -43 31 3 3 26 5 -30 -10 -2 -3 -9 4 -5 1 -25 -3 20 7 -23 -22 -19 21 10 20 10 7 -16 0 -16 -9 13 -26 -19 16 -15 -28 -11 -27 28 -13 2 25 -30 -6 -25 -12
0 4 25 -25 13 12 -10 -17 11 7 -1 -6 29 1 -5 29 6 16 -43 31 3 3 26 5 -30 -10 -2 -3 -9 4 -5 1 -25 -3 20 7 -23 -22 -19 21 10 20 10 7 -16 0 -16 -9 13 -26 -19 16 -15 -28 -11 -27 28 -13 2 25 -30 -6 -25 -12
0 4 25 -25 13 12 -10 -17 11 7 -1 -6 29 1 -5 29 6 16 -43 31 3 3 26 5 -30 -10 -2 -3 -9 4 -5 1 -25 -3 20 7 -23 -22 -19 21 10 20 10 7 -16 0 -16 -9 13 -26 -19 16 -15 -28 -11 -27 28 -13 2 25 -30 -6 -25 -12
0 4 25 -25 13 12 -10 -17 11 7 -1 -6 29 1 -5 29 6 16 -43 31 3 3 26 5 -30 -10 -2 -3 -9 4 -5 1 -25 -3 20 7 -23 -22 -19 21 10 20 10 7 -16 0 -16 -9 13 -26 -19 16 -15 -28 -11 -27 28 -13 2 25 -30 -6 -25 -12
0 4 25 -25 13 12 -10 -17 11 7 -1 -6 29 1 -5 29 6 16 -43 31 3 3 26 5 -30 -10 -2 -3 -9 4 -5 1 -25 -3 20 7 -23 -22 -19 21 10 20 10 7 -16 0 -16 -9 13 -26 -19 16 -15 -28 -11 -27 28 -13 2 25 -30 -6 -25 -12
0 4 25 -25 13 12 -10 -17 11 7 -1 -6 29 1 -5 29 6 16 -43 31 3 3 26 5 -30 -10 -2 -3 -9 4 -5 1 -25 -3 20 7 -23 -22 -19 21 10 20 10 7 -16 0 -16 -9 13 -26 -19 16 -15 -28 -11 -27 28 -13 2 25 -30 -6 -25 -12
0 4 25 -25 13 12 -10 -17 11 7 -1 -6 29 1 -5 29 6 16 -43 31 3 3 26 5 -30 -10 -2 -3 -9 4 -5 1 -25 -3 20 7 -23 -22 -19 21 10 20 10 7 -16 0 -16 -9 13 -26 -19 16 -15 -28 -11 -27 28 -13 2 25 -30 -6 -25 -12
0 4 25 -25 13 12 -10 -17 11 7 -1 -6 29 1 -5 29 6 16 -43 31 3 3 26 5 -30 -10 -2 -3 -9 4 -5 1 -25 -3 20 7 -23 -22 -19 21 10 20 10 7 -16 0 -16 -9 13 -26 -19 16 -15 -28 -11 -27 28 -13 2 25 -30 -6 -25 -12
0 4 25 -25 13 12 -10 -17 11 7 -1 -6 29 1 -5 29 6 16 -43 31 3 3 26 5 -30 -10 -2 -3 -9 4 -5 1 -25 -3 20 7 -23 -22 -19 21 10 20 10 7 -16 0 -16 -9 13 -26 -19 16 -15 -28 -11 -27 28 -13 2 25 -30 -6 -25 -12
0 4 25 -25 13 12 -10 -17 11 7 -1 -6 29 1 -5 29 6 16 -43 31 3 3 26 5 -30 -10 -2 -3 -9 4 -5 1 -25 -3 20 7 -23 -22 -19 21 10 20 10 7 -16 0 -16 -9 13 -26 -19 16 -15 -28 -11 -27 28 -13 2 25 -30 -6 -25 -12
0 4 25 -25 13 12 -10 -17 11 7 -1 -6 29 1 -5 29 6 16 -43 31 3 3 26 5 -30 -10 -2 -3 -9 4 -5 1 -25 -3 20 7 -23 -22 -19 21 10 20 10 7 -16 0 -16 -9 13 -26 -19 16 -15 -28 -11 -27 28 -13 2 25 -30 -6 -25 -12
0 4 25 -25 13 12 -10 -17 11 7 -1 -6 29 1 -5 29 6 16 -43 31 3 3 26 5 -30 -10 -2 -3 -9 4 -5 1 -25 -3 20 7 -23 -22 -19 21 10 20 10 7 -16 0 -16 -9 13 -26 -19 16 -15 -28 -11 -27 28 -13 2 25 -30 -6 -25 -12
0 4 25 -25 13 12 -10 -17 11 7 -1 -6 29 1 -5 29 6 16 -43 31 3 3 26 5 -30 -10 -2 -3 -9 4 -5 1 -25 -3 20 7 -23 -22 -19 21 10 20 10 7 -16 0 -16 -9 13 -26 -19 16 -15 -28 -11 -27 28 -13 2 25 -30 -6 -25 -12
0 4 25 -25 13 12 -10 -17 11 7 -1 -6 29 1 -5 29 6 16 -43 31 3 3 26 5 -30 -10 -2 -3 -9 4 -5 1 -25 -3 20 7 -23 -22 -19 21 10 20 10 7 -16 0 -16 -9 13 -26 -19 16 -15 -28 -11 -27 28 -13 2 25 -30 -6 -25 -12
0 4 25 -25 13 12 -10 -17 11 7 -1 -6 29 1 -5 29 6 16 -43 31 3 3 26 5 -30 -10 -2 -3 -9 4 -5 1 -25 -3 20 7 -23 -22 -19 21 10 20 10 7 -16 0 -16 -9 13 -26 -19 16 -15 -28 -11 -27 28 -13 2 25 -30 -6 -25 -12
0 4 25 -25 13 12 -10 -17 11 7 -1 -6 29 1 -5 29 6 16 -43 31 3 3 26 5 -30 -10 -2 -3 -9 4 -5 1 -25 -3 20 7 -23 -22 -19 21 10 20 10 7 -16 0 -16 -9 13 -26 -19 16 -15 -28 -11 -27 28 -13 2 25 -30 -6 -25 -12
0 4 25 -25 13 12 -10 -17 11 7 -1 -6 29 1 -5 29 6 16 -43 31 3 3 26 5 -30 -10 -2 -3 -9 4 -5 1 -25 -3 20 7 -23 -22 -19 21 10 20 10 7 -16 0 -16 -9 13 -26 -19 16 -15 -28 -11 -27 28 -13 2 25 -30 -6 -25 -12
0 4 25 -25 13 12 -10 -17 11 7 -1 -6 29 1 -5 29 6 16 -43 31 3 3 26 5 -30 -10 -2 -3 -9 4 -5 1 -25 -3 20 7 -23 -22 -19 21 10 20 10 7 -16 0 -16 -9 13 -26 -19 16 -15 -28 -11 -27 28 -13 2 25 -30 -6 -25 -12
0 4 25 -25 13 12 -10 -17 11 7 -1 -6 29 1 -5 29 6 16 -43 31 3 3 26 5 -30 -10 -2 -3 -9 4 -5 1 -25 -3 20 7 -23 -22 -19 21 10 20 10 7 -16 0 -16 -9 13 -26 -19 16 -15 -28 -11 -27 28 -13 2 25 -30 -6 -25 -12
0 4 25 -25 13 12 -10 -17 11 7 -1 -6 29 1 -5 29 6 16 -43 31 3 3 26 5 -30 -10 -2 -3 -9 4 -5 1 -25 -3 20 7 -23 -22 -19 21 10 20 10 7 -16 0 -16 -9 13 -26 -19 16 -15 -28 -11 -27 28 -13 2 25 -30 -6 -25 -12
0 4 25 -25 13 12 -10 -17 11 7 -1 -6 29 1 -5 29 6 16 -43 31 3 3 26 5 -30 -10 -2 -3 -9 4 -5 1 -25 -3 20 7 -23 -22 -19 21 10 20 10 7 -16 0 -16 -9 13 -26 -19 16 -15 -28 -11 -27 28 -13 2 25 -30 -6 -25 -12
0 4 25 -25 13 12 -10 -17 11 7 -1 -6 29 1 -5 29 6 16 -43 31 3 3 26 5 -30 -10 -2 -3 -9 4 -5 1 -25 -3 20 7 -23 -22 -19 21 10 20 10 7 -16 0 -16 -9 13 -26 -19 16 -15 -28 -11 -27 28 -13 2 25 -30 -6 -25 -12
0 4 25 -25 13 12 -10 -17 11 7 -1 -6 29 1 -5 29 6 16 -43 31 3 3 26 5 -30 -10 -2 -3 -9 4 -5 1 -25 -3 20 7 -23 -22 -19 21 10 20 10 7 -16 0 -16 -9 13 -26 -19 16 -15 -28 -11 -27 28 -13 2 25 -30 -6 -25 -12
0 4 25 -25 13 12 -10 -17 11 7 -1 -6 29 1 -5 29 6 16 -43 31 3 3 26 5 -30 -10 -2 -3 -9 4 -5 1 -25 -3 20 7 -23 -22 -19 21 10 20 10 7 -16 0 -16 -9 13 -26 -19 16 -15 -28 -11 -27 28 -13 2 25 -30 -6 -25 -12
0 4 25 -25 13 12 -10 -17 11 7 -1 -6 29 1 -5 29 6 16 -43 31 3 3 26 5 -30 -10 -2 -3 -9 4 -5 1 -25 -3 20 7 -23 -22 -19 21 10 20 10 7 -16 0 -16 -9 13 -26 -19 16 -15 -28 -11 -27 28 -13 2 25 -30 -6 -25 -12
0 4 25 -25 13 12 -10 -17 11 7 -1 -6 29 1 -5 29 6 16 -43 31 3 3 26 5 -30 -10 -2 -3 -9 4 -5 1 -25 -3 20 7 -23 -22 -19 21 10 20 10 7 -16 0 -16 -9 13 -26 -19 16 -15 -28 -11 -27 28 -13 2 25 -30 -6 -25 -12
0 4 25 -25 13 12 -10 -17 11 7 -1 -6 29 1 -5 29 6 16 -43 31 3 3 26 5 -30 -10 -2 -3 -9 4 -5 1 -25 -3 20 7 -23 -22 -19 21 10 20 10 7 -16 0 -16 -9 13 -26 -19 16 -15 -28 -11 -27 28 -13 2 25 -30 -6 -25 -12
0 4 25 -25 13 12 -10 -17 11 7 -1 -6 29 1 -5 29 6 16 -43 31 3 3 26 5 -30 -10 -2 -3 -9 4 -5 1 -25 -3 20 7 -23 -22 -19 21 10 20 10 7 -16 0 -16 -9 13 -26 -19 16 -15 -28 -11 -27 28 -13 2 25 -30 -6 -25 -12
0 4 25 -25 13 12 -10 -17 11 7 -1 -6 29 1 -5 29 6 16 -43 31 3 3 26 5 -30 -10 -2 -3 -9 4 -5 1 -25 -3 20 7 -23 -22 -19 21 10 20 10 7 -16 0 -16 -9 13 -26 -19 16 -15 -28 -11 -27 28 -13 2 25 -30 -6 -25 -12
0 4 25 -25 13 12 -10 -17 11 7 -1 -6 29 1 -5 29 6 16 -43 31 3 3 26 5 -30 -10 -2 -3 -9 4 -5 1 -25 -3 20 7 -23 -22 -19 21 10 20 10 7 -16 0 -16 -9 13 -26 -19 16 -15 -28 -11 -27 28 -13 2 25 -30 -6 -25 -12
0 4 25 -25 13 12 -10 -17 11 7 -1 -6 29 1 -5 29 6 16 -43 31 3 3 26 5 -30 -10 -2 -3 -9 4 -5 1 -25 -3 20 7 -23 -22 -19 21 10 20 10 7 -16 0 -16 -9 13 -26 -19 16 -15 -28 -11 -27 28 -13 2 25 -30 -6 -25 -12
0 4 25 -25 13 12 -10 -17 11 7 -1 -6 29 1 -5 29 6 16 -43 31 3 3 26 5 -30 -10 -2 -3 -9 4 -5 1 -25 -3 20 7 -23 -22 -19 21 10 20 10 7 -16 0 -16 -9 13 -26 -19 16 -15 -28 -11 -27 28 -13 2 25 -30 -6 -25 -12
0 4 25 -25 13 12 -10 -17 11 7 -1 -6 29 1 -5 29 6 16 -43 31 3 3 26 5 -30 -10 -2 -3 -9 4 -5 1 -25 -3 20 7 -23 -22 -19 21 10 20 10 7 -16 0 -16 -9 13 -26 -19 16 -15 -28 -11 -27 28 -13 2 25 -30 -6 -25 -12
0 4 25 -25 13 12 -10 -17 11 7 -1 -6 29 1 -5 29 6 16 -43 31 3 3 26 5 -30 -10 -2 -3 -9 4 -5 1 -25 -3 20 7 -23 -22 -19 21 10 20 10 7 -16 0 -16 -9 13 -26 -19 16 -15 -28 -11 -27 28 -13 2 25 -30 -6 -25 -12
0 4 25 -25 13 12 -10 -17 11 7 -1 -6 29 1 -5 29 6 16 -43 31 3 3 26 5 -30 -10 -2 -3 -9 4 -5 1 -25 -3 20 7 -23 -22 -19 21 10 20 10 7 -16 0 -16 -9 13 -26 -19 16 -15 -28 -11 -27 28 -13 2 25 -30 -6 -25 -12
0 4 25 -25 13 12 -10 -17 11 7 -1 -6 29 1 -5 29 6 16 -43 31 3 3 26 5 -30 -10 -2 -3 -9 4 -5 1 -25 -3 20 7 -23 -22 -19 21 10 20 10 7 -16 0 -16 -9 13 -26 -19 16 -15 -28 -11 -27 28 -13 2 25 -30 -6 -25 -12
0 4 25 -25 13 12 -10 -17 11 7 -1 -6 29 1 -5 29 6 16 -43 31 3 3 26 5 -30 -10 -2 -3 -9 4 -5 1 -25 -3 20 7 -23 -22 -19 21 10 20 10 7 -16 0 -16 -9 13 -26 -19 16 -15 -28 -11 -27 28 -13 2 25 -30 -6 -25 -12
0 4 25 -25 13 12 -10 -17 11 7 -1 -6 29 1 -5 29 6 16 -43 31 3 3 26 5 -30 -10 -2 -3 -9 4 -5 1 -25 -3 20 7 -23 -22 -19 21 10 20 10 7 -16 0 -16 -9 13 -26 -19 16 -15 -28 -11 -27 28 -13 2 25 -30 -6 -25 -12
0 4 25 -25 13 12 -10 -17 11 7 -1 -6 29 1 -5 29 6 16 -43 31 3 3 26 5 -30 -10 -2 -3 -9 4 -5 1 -25 -3 20 7 -23 -22 -19 21 10 20 10 7 -16 0 -16 -9 13 -26 -19 16 -15 -28 -11 -27 28 -13 2 25 -30 -6 -25 -12
0 4 25 -25 13 12 -10 -17 11 7 -1 -6 29 1 -5 29 6 16 -43 31 3 3 26 5 -30 -10 -2 -3 -9 4 -5 1 -25 -3 20 7 -23 -22 -19 21 10 20 10 7 -16 0 -16 -9 13 -26 -19 16 -15 -28 -11 -27 28 -13 2 25 -30 -6 -25 -12
0 4 25 -25 13 12 -10 -17 11 7 -1 -6 29 1 -5 29 6 16 -43 31 3 3 26 5 -30 -10 -2 -3 -9 4 -5 1 -25 -3 20 7 -23 -22 -19 21 10 20 10 7 -16 0 -16 -9 13 -26 -19 16 -15 -28 -11 -27 28 -13 2 25 -30 -6 -25 -12
0 4 25 -25 13 12 -10 -17 11 7 -1 -6 29 1 -5 29 6 16 -43 31 3 3 26 5 -30 -10 -2 -3 -9 4 -5 1 -25 -3 20 7 -23 -22 -19 21 10 20 10 7 -16 0 -16 -9 13 -26 -19 16 -15 -28 -11 -27 28 -13 2 25 -30 -6 -25 -12
0 4 25 -25 13 12 -10 -17 11 7 -1 -6 29 1 -5 29 6 16 -43 31 3 3 26 5 -30 -10 -2 -3 -9 4 -5 1 -25 -3 20 7 -23 -22 -19 21 10 20 10 7 -16 0 -16 -9 13 -26 -19 16 -15 -28 -11 -27 28 -13 2 25 -30 -6 -25 -12
0 4 25 -25 13 12 -10 -17 11 7 -1 -6 29 1 -5 29 6 16 -43 31 3 3 26 5 -30 -10 -2 -3 -9 4 -5 1 -25 -3 20 7 -23 -22 -19 21 10 20 10 7 -16 0 -16 -9 13 -26 -19 16 -15 -28 -11 -27 28 -13 2 25 -30 -6 -25 -12
0 4 25 -25 13 12 -10 -17 11 7 -1 -6 29 1 -5 29 6 16 -43 31 3 3 26 5 -30 -10 -2 -3 -9 4 -5 1 -25 -3 20 7 -23 -22 -19 21 10 20 10 7 -16 0 -16 -9 13 -26 -19 16 -15 -28 -11 -27 28 -13 2 25 -30 -6 -25 -12
0 4 25 -25 13 12 -10 -17 11 7 -1 -6 29 1 -5 29 6 16 -43 31 3 3 26 5 -30 -10 -2 -3 -9 4 -5 1 -25 -3 20 7 -23 -22 -19 21 10 20 10 7 -16 0 -16 -9 13 -26 -19 16 -15 -28 -11 -27 28 -13 2 25 -30 -6 -25 -12
0 4 25 -25 13 12 -10 -17 11 7 -1 -6 29 1 -5 29 6 16 -43 31 3 3 26 5 -30 -10 -2 -3 -9 4 -5 1 -25 -3 20 7 -23 -22 -19 21 10 20 10 7 -16 0 -16 -9 13 -26 -19 16 -15 -28 -11 -27 28 -13 2 25 -30 -6 -25 -12
0 4 25 -25 13 12 -10 -17 11 7 -1 -6 29 1 -5 29 6 16 -43 31 3 3 26 5 -30 -10 -2 -3 -9 4 -5 1 -25 -3 20 7 -23 -22 -19 21 10 20 10 7 -16 0 -16 -9 13 -26 -19 16 -15 -28 -11 -27 28 -13 2 25 -30 -6 -25 -12
0 4 25 -25 13 12 -10 -17 11 7 -1 -6 29 1 -5 29 6 16 -43 31 3 3 26 5 -30 -10 -2 -3 -9 4 -5 1 -25 -3 20 7 -23 -22 -19 21 10 20 10 7 -16 0 -16 -9 13 -26 -19 16 -15 -28 -11 -27 28 -13 2 25 -30 -6 -25 -12
0 4 25 -25 13 12 -10 -17 11 7 -1 -6 29 1 -5 29 6 16 -43 31 3 3 26 5 -30 -10 -2 -3 -9 4 -5 1 -25 -3 20 7 -23 -22 -19 21 10 20 10 7 -16 0 -16 -9 13 -26 -19 16 -15 -28 -11 -27 28 -13 2 25 -30 -6 -25 -12
0 4 25 -25 13 12 -10 -17 11 7 -1 -6 29 1 -5 29 6 16 -43 31 3 3 26 5 -30 -10 -2 -3 -9 4 -5 1 -25 -3 20 7 -23 -22 -19 21 10 20 10 7 -16 0 -16 -9 13 -26 -19 16 -15 -28 -11 -27 28 -13 2 25 -30 -6 -25 -12
0 4 25 -25 13 12 -10 -17 11 7 -1 -6 29 1 -5 29 6 16 -43 31 3 3 26 5 -30 -10 -2 -3 -9 4 -5 1 -25 -3 20 7 -23 -22 -19 21 10 20 10 7 -16 0 -16 -9 13 -26 -19 16 -15 -28 -11 -27 28 -13 2 25 -30 -6 -25 -12
0 4 25 -25 13 12 -10 -17 11 7 -1 -6 29 1 -5 29 6 16 -43 31 3 3 26 5 -30 -10 -2 -3 -9 4 -5 1 -25 -3 20 7 -23 -22 -19 21 10 20 10 7 -16 0 -16 -9 13 -26 -19 16 -15 -28 -11 -27 28 -13 2 25 -30 -6 -25 -12
0 4 25 -25 13 12 -10 -17 11 7 -1 -6 29 1 -5 29 6 16 -43 31 3 3 26 5 -30 -10 -2 -3 -9 4 -5 1 -25 -3 20 7 -23 -22 -19 21 10 20 10 7 -16 0 -16 -9 13 -26 -19 16 -15 -28 -11 -27 28 -13 2 25 -30 -6 -25 -12
0 4 25 -25 13 12 -10 -17 11 7 -1 -6 29 1 -5 29 6 16 -43 31 3 3 26 5 -30 -10 -2 -3 -9 4 -5 1 -25 -3 20 7 -23 -22 -19 21 10 20 10 7 -16 0 -16 -9 13 -26 -19 16 -15 -28 -11 -27 28 -13 2 25 -30 -6 -25 -12
0 4 25 -25 13 12 -10 -17 11 7 -1 -6 29 1 -5 29 6 16 -43 31 3 3 26 5 -30 -10 -2 -3 -9 4 -5 1 -25 -3 20 7 -23 -22 -19 21 10 20 10 7 -16 0 -16 -9 13 -26 -19 16 -15 -28 -11 -27 28 -13 2 25 -30 -6 -25 -12
0 4 25 -25 13 12 -10 -17 11 7 -1 -6 29 1 -5 29 6 16 -43 31 3 3 26 5 -30 -10 -2 -3 -9 4 -5 1 -25 -3 20 7 -23 -22 -19 21 10 20 10 7 -16 0 -16 -9 13 -26 -19 16 -15 -28 -11 -27 28 -13 2 25 -30 -6 -25 -12
0 4 25 -25 13 12 -10 -17 11 7 -1 -6 29 1 -5 29 6 16 -43 31 3 3 26 5 -30 -10 -2 -3 -9 4 -5 1 -25 -3 20 7 -23 -22 -19 21 10 20 10 7 -16 0 -16 -9 13 -26 -19 16 -15 -28 -11 -27 28 -13 2 25 -30 -6 -25 -12
0 4 25 -25 13 12 -10 -17 11 7 -1 -6 29 1 -5 29 6 16 -43 31 3 3 26 5 -30 -10 -2 -3 -9 4 -5 1 -25 -3 20 7 -23 -22 -19 21 10 20 10 7 -16 0 -16 -9 13 -26 -19 16 -15 -28 -11 -27 28 -13 2 25 -30 -6 -25 -12
0 4 25 -25 13 12 -10 -17 11 7 -1 -6 29 1 -5 29 6 16 -43 31 3 3 26 5 -30 -10 -2 -3 -9 4 -5 1 -25 -3 20 7 -23 -22 -19 21 10 20 10 7 -16 0 -16 -9 13 -26 -19 16 -15 -28 -11 -27 28 -13 2 25 -30 -6 -25 -12
0 4 25 -25 13 12 -10 -17 11 7 -1 -6 29 1 -5 29 6 16 -43 31 3 3 26 5 -30 -10 -2 -3 -9 4 -5 1 -25 -3 20 7 -23 -22 -19 21 10 20 10 7 -16 0 -16 -9 13 -26 -19 16 -15 -28 -11 -27 28 -13 2 25 -30 -6 -25 -12
0 4 25 -25 13 12 -10 -17 11 7 -1 -6 29 1 -5 29 6 16 -43 31 3 3 26 5 -30 -10 -2 -3 -9 4 -5 1 -25 -3 20 7 -23 -22 -19 21 10 20 10 7 -16 0 -16 -9 13 -26 -19 16 -15 -28 -11 -27 28 -13 2 25 -30 -6 -25 -12
0 4 25 -25 13 12 -10 -17 11 7 -1 -6 29 1 -5 29 6 16 -43 31 3 3 26 5 -30 -10 -2 -3 -9 4 -5 1 -25 -3 20 7 -23 -22 -19 21 10 20 10 7 -16 0 -16 -9 13 -26 -19 16 -15 -28 -11 -27 28 -13 2 25 -30 -6 -25 -12
0 4 25 -25 13 12 -10 -17 11 7 -1 -6 29 1 -5 29 6 16 -43 31 3 3 26 5 -30 -10 -2 -3 -9 4 -5 1 -25 -3 20 7 -23 -22 -19 21 10 20 10 7 -16 0 -16 -9 13 -26 -19 16 -15 -28 -11 -27 28 -13 2 25 -30 -6 -25 -12
0 4 25 -25 13 12 -10 -17 11 7 -1 -6 29 1 -5 29 6 16 -43 31 3 3 26 5 -30 -10 -2 -3 -9 4 -5 1 -25 -3 20 7 -23 -22 -19 21 10 20 10 7 -16 0 -16 -9 13 -26 -19 16 -15 -28 -11 -27 28 -13 2 25 -30 -6 -25 -12
0 4 25 -25 13 12 -10 -17 11 7 -1 -6 29 1 -5 29 6 16 -43 31 3 3 26 5 -30 -10 -2 -3 -9 4 -5 1 -25 -3 20 7 -23 -22 -19 21 10 20 10 7 -16 0 -16 -9 13 -26 -19 16 -15 -28 -11 -27 28 -13 2 25 -30 -6 -25 -12
