-17 -12 5 14 -2 -14 -18 9 -2 12 -2 -10 3 5 -14 7 16 -20 -2 9 12 -12 9 -16 6 -2 -8 1 -7 14 -24 5 -23 24 8 -9 -3 1 -9 2 17 34 2 -13 -5 -21 11 7 -12 2 -9 -19 -4 -14 21 5 -19 5 -27 5 -15 9 -22 0
-38 13 25 -4 -10 -7 -3 13 -12 27 -17 5 -6 20 -11 11 -11 19 -17 22 10 -5 10 -33 10 -4 -14 17 1 -3 -17 20 -21 35 7 -16 -6 3 -4 7 27 1 -22 -25 -4 -49 -15 -3 -14 -26 -13 -13 23 -14 22 -17 -42 16 -14 10 4 27 6 0
-29 15 27 -9 -9 -10 -6 -6 -8 24 -21 6 3 27 -6 2 -9 7 -23 19 12 -4 3 -44 21 -9 -9 27 -6 -7 -24 19 -20 39 10 -27 -1 10 -8 -3 21 -11 -23 -16 -12 -54 -20 -6 -18 -32 -4 -25 40 -7 20 -1 -36 3 -14 11 8 21 -5 7
-32 11 29 -4 -2 -8 -11 4 -10 18 -17 2 -1 23 2 0 -4 16 -20 23 7 -7 -1 -32 14 -7 0 19 -17 1 -22 11 -19 35 11 -28 9 6 -8 2 25 -5 -23 -23 0 -47 -14 -10 -14 -32 -8 -19 37 -10 23 0 -29 -5 -12 11 9 28 1 11
-22 4 15 -10 0 -4 -3 2 -7 13 -16 9 10 32 7 -4 -6 14 -7 21 3 -10 1 -39 17 0 -1 21 -18 17 -27 16 -22 30 4 -26 10 11 -15 10 14 -5 -25 -20 -4 -34 -24 -6 -16 -29 -7 -17 39 -6 16 -13 -31 -3 -7 7 2 24 1 15
-34 3 17 -14 -3 -5 -9 0 -4 12 -24 4 6 25 5 4 -7 18 -21 17 6 -9 -3 -40 14 -9 3 23 -17 12 -23 13 -18 36 0 -36 13 12 -16 -2 16 -10 -23 -19 2 -41 -32 -6 -8 -35 -5 -9 39 -2 12 -6 -21 2 -8 5 6 26 0 6
-33 -6 19 -17 -3 -6 -12 7 -14 28 -32 9 5 26 5 -1 -3 12 -19 21 13 -2 -3 -37 12 -11 -1 21 -17 11 -20 12 -25 35 8 -31 14 19 -9 -4 22 -13 -20 -17 -3 -44 -27 -1 -17 -29 1 -15 38 -11 22 0 -28 3 -7 3 5 19 -3 16
-34 2 22 -15 0 -9 -15 1 -5 21 -13 6 7 24 7 1 -4 9 -27 23 2 -5 0 -33 13 -11 3 22 -17 19 -20 16 -20 30 3 -30 10 15 -3 0 17 -3 -26 -17 -7 -38 -16 -7 -12 -31 -9 -9 36 -10 18 -4 -28 -3 -10 4 11 23 -4 6
-30 7 39 -12 -9 -4 0 0 -6 21 -29 7 -1 26 8 -4 -12 11 -18 25 11 1 -1 -39 16 -9 -3 27 -8 7 -22 22 -23 40 12 -32 13 17 -8 3 24 -17 -28 -28 -8 -45 -18 -12 -16 -38 -7 -19 39 -15 19 2 -34 -2 -15 7 9 27 1 0
-37 6 21 -15 1 -1 -4 -4 5 36 -28 15 12 17 9 3 -13 4 -17 26 23 7 23 -45 16 -15 -13 26 -9 -8 -8 13 -3 44 10 -30 16 22 -2 3 31 -40 -27 -24 -16 -62 -17 -19 4 -33 -2 -15 34 -8 29 9 -48 -7 -5 15 -3 4 -5 -12
-27 4 34 -4 -11 -5 -7 -7 -6 27 -21 7 0 23 1 -3 -5 13 -15 22 10 1 2 -32 18 -7 -5 28 -6 0 -23 18 -25 35 9 -34 15 5 1 4 19 -13 -21 -24 -9 -49 -21 -15 -26 -41 -6 -15 43 -10 21 -2 -29 -9 -10 12 8 26 -3 -1
-31 2 27 -8 -7 -7 -6 0 -6 20 -27 -2 1 17 3 -4 -4 4 -18 24 4 3 -1 -34 19 -7 11 21 -4 -1 -25 18 -25 31 9 -27 13 14 -9 -1 12 -15 -22 -24 -10 -42 -21 -15 -19 -36 -2 -24 36 -16 19 0 -27 -3 -16 12 4 23 -2 1
-25 4 29 -1 -2 -4 -5 -3 -9 24 -19 0 0 27 -1 0 -10 9 -19 15 6 -4 3 -36 18 2 -4 25 -10 -3 -35 22 -22 35 4 -25 2 9 -1 7 14 -12 -26 -28 -1 -46 -17 -18 -23 -30 -8 -19 38 -12 22 -7 -31 -1 -8 17 0 19 -1 1
-29 2 11 -6 -15 -3 -7 10 -3 26 -25 -1 9 30 0 -4 -6 11 -18 15 1 0 2 -41 15 -7 -8 22 -12 19 -24 17 -21 31 -2 -27 5 8 -8 6 9 -12 -26 -21 3 -46 -18 -4 -17 -28 0 -20 33 -14 22 -9 -28 1 -8 8 3 26 0 6
-35 5 14 -14 1 -3 -5 -5 -2 20 -36 4 9 28 4 -3 -9 7 -18 22 13 5 12 -43 20 -20 -3 25 -9 -4 -25 18 -13 33 11 -27 8 10 -21 -2 14 -31 -25 -30 -1 -66 -25 -24 1 -24 -3 -39 28 -18 24 1 -38 0 -12 16 -1 12 2 -6
-26 13 29 -8 -7 -4 -5 3 -11 19 -35 7 1 22 1 -2 -9 9 -14 25 7 2 6 -30 11 -5 0 28 -12 4 -34 16 -31 33 2 -31 17 7 -7 -3 10 -19 -28 -23 -2 -51 -22 -20 -13 -29 0 -35 33 -13 21 -2 -34 -4 -14 20 2 24 3 -9
-23 3 29 -11 -2 -2 -11 5 -7 29 -34 9 0 27 4 6 -12 11 -17 15 3 6 3 -36 17 -15 2 19 -9 13 -20 18 -27 29 6 -33 8 6 -9 -3 14 -21 -21 -24 -2 -47 -21 -14 -20 -37 -2 -16 34 -5 22 -12 -31 3 -17 15 -2 26 5 -2
-27 6 29 -10 2 -12 -12 8 -10 19 -27 8 7 27 3 -2 -8 11 -22 23 5 -2 6 -30 15 -12 4 26 -10 6 -30 18 -27 30 11 -36 9 9 -9 -6 15 -11 -20 -22 0 -45 -23 -15 -14 -29 -1 -24 27 -10 26 -2 -27 -4 -9 16 -3 16 1 -2
-28 9 29 -11 7 -4 -15 3 -10 22 -28 8 13 28 5 0 -4 13 -15 20 2 -7 0 -27 13 -15 0 21 -16 10 -23 19 -25 30 9 -27 8 8 -8 -1 13 -11 -17 -21 -3 -46 -19 -10 -16 -34 3 -18 34 -13 31 0 -23 1 -5 16 -3 16 0 -4
-22 3 36 -9 -5 -7 -6 2 -8 25 -24 0 8 23 7 1 -8 11 -20 13 -5 -8 6 -34 11 -6 6 19 -11 19 -24 13 -25 32 0 -29 11 15 -6 -1 14 -7 -19 -24 0 -43 -22 -5 -23 -33 2 -10 32 -14 26 -8 -30 3 -13 17 -4 18 -5 -2
-24 9 27 -9 -6 -2 -9 6 -11 32 -22 7 4 20 2 3 -6 14 -19 19 -1 1 0 -31 11 -12 10 20 -5 13 -31 17 -29 33 5 -32 9 8 -9 -3 12 -9 -25 -29 -7 -43 -18 -19 -13 -37 -1 -14 30 -13 21 3 -28 8 -2 15 -7 17 0 -5
-31 22 22 -7 -12 1 -4 -4 9 31 -24 3 7 21 -3 -12 -9 14 -18 24 22 4 18 -37 15 -28 3 30 4 0 -32 12 -18 36 5 -25 9 6 -4 -1 16 -36 -19 -33 -14 -45 -15 -21 -12 -29 -3 -33 29 -10 25 3 -39 -8 -9 18 -8 8 4 -5
-14 -10 20 2 1 -10 -4 11 -8 11 -8 7 7 9 -2 6 10 -4 -17 12 9 0 -5 -14 -1 -2 -5 6 -6 5 -17 13 -23 10 6 -20 4 6 -3 10 12 51 -3 -6 -6 -7 2 4 -12 -7 -1 -10 0 -8 5 -3 -9 -8 -19 1 -4 9 -7 6
-40 10 24 -9 -5 3 -5 11 -12 9 -9 16 5 19 -19 -7 0 12 -13 12 24 -3 10 -43 12 -19 -1 23 -5 7 -34 10 -16 33 7 -24 -2 13 -6 -5 24 -10 -38 -22 -6 -28 -15 -7 1 -28 -8 -18 33 -13 27 2 -22 3 -21 6 -3 28 13 -1
-54 14 24 -12 -13 -8 3 7 -13 18 -18 16 12 11 -19 -5 0 10 -17 13 19 -2 11 -48 21 -28 -5 23 -12 8 -41 5 -20 42 10 -21 -6 2 -8 -5 27 -21 -28 -15 -7 -36 -18 -12 -10 -41 2 -24 32 -3 22 0 -30 -3 -18 6 7 26 13 2
-51 17 32 -13 -4 -15 -14 9 -18 13 -20 7 6 26 -12 -4 -5 17 -14 18 36 -5 3 -44 24 -18 5 29 -12 -4 -39 15 -30 34 10 -31 11 5 -8 -5 27 -30 -27 -20 -10 -38 -20 -14 -9 -36 -5 -32 36 -11 30 8 -24 6 -25 20 -4 31 6 1
-33 -4 16 -9 -1 -9 -5 15 1 19 -16 12 9 22 -3 -7 -5 13 -24 7 16 -4 1 -36 17 -7 4 21 -17 1 -28 -2 -27 24 9 -26 -1 12 -12 11 3 -6 -22 -15 -6 -26 -10 2 -10 -26 -2 -18 38 -7 10 -7 -30 3 -20 -1 10 23 -3 21
-32 1 18 -17 -4 -2 -13 18 1 16 -15 3 15 20 0 2 -5 17 -27 8 9 -6 -5 -32 14 -13 4 20 -26 10 -26 5 -21 32 3 -30 1 11 -18 14 16 -5 -15 -17 -9 -29 -16 13 -15 -29 -5 -10 32 -4 16 -9 -27 8 -23 6 1 26 -8 18
-31 4 25 -17 0 -11 2 21 -6 23 -14 4 8 21 -7 -1 -7 13 -20 10 16 -7 5 -37 14 -14 9 18 -19 6 -28 6 -26 35 13 -21 -3 24 -8 -5 17 -9 -24 -15 -7 -37 -25 4 -18 -25 -3 -8 39 -12 17 -1 -32 6 -9 6 2 14 0 18
-43 2 27 -14 -8 -12 -5 16 1 19 -13 3 9 27 -14 3 -3 8 -19 15 24 -2 5 -40 13 -19 9 23 -10 18 -29 13 -27 29 4 -25 4 24 -3 -1 19 -17 -29 -23 -7 -33 -22 -1 -11 -35 -5 -14 33 -12 23 -5 -22 6 -12 5 7 29 0 10
-36 3 32 -7 -9 -8 -1 9 -11 19 -10 6 1 21 -12 1 -8 7 -17 10 17 -4 4 -40 20 -11 6 23 -6 2 -31 14 -26 32 9 -28 5 12 -1 0 21 -12 -28 -27 -6 -33 -18 -3 -14 -35 -9 -19 32 -18 23 2 -18 6 -19 13 -1 26 -1 4
-37 -1 33 -8 -11 0 -5 11 -5 22 -6 7 0 22 -11 -7 -9 6 -15 13 8 -3 -4 -37 17 -10 1 24 -5 12 -29 14 -28 31 8 -30 7 7 1 3 12 -1 -21 -22 -5 -28 -14 -1 -23 -36 -12 -14 36 -14 17 -7 -18 3 -17 7 -4 32 3 2
-40 1 36 -11 -14 -5 -4 10 -1 17 -11 0 3 20 -13 -4 1 8 -22 21 19 2 6 -38 28 -9 20 22 -7 0 -37 11 -35 34 9 -25 7 19 -10 -3 12 -29 -31 -29 -12 -33 -27 -13 -20 -43 -4 -22 46 -18 19 3 -17 -4 -21 16 -2 30 0 6
-33 9 21 -6 -7 -4 -5 12 -2 11 -12 -1 4 28 -7 -2 -8 5 -22 16 13 1 3 -42 21 -5 3 24 -4 6 -38 13 -31 35 4 -25 -2 10 -11 -1 9 -3 -24 -27 -5 -36 -20 -5 -18 -23 -8 -29 38 -16 20 -2 -22 5 -18 10 -1 28 6 6
-33 5 22 -14 -7 -4 -11 10 -2 19 -26 9 11 25 -6 2 -4 17 -14 5 12 1 2 -31 19 -15 8 22 -11 9 -26 12 -33 31 5 -28 7 8 -11 0 12 -21 -26 -23 -9 -30 -19 -5 -21 -33 1 -23 42 -12 17 -8 -20 6 -15 14 3 30 7 0
-34 7 29 -14 -4 -4 -10 10 -12 14 -16 8 9 17 -8 -4 -3 8 -20 10 9 -6 3 -31 18 -14 11 21 -13 4 -38 15 -31 29 8 -27 6 9 -9 -3 11 -9 -23 -21 -6 -30 -15 -5 -15 -29 -1 -25 30 -13 22 -2 -21 3 -16 10 -9 26 2 6
-37 6 25 -15 -2 -5 -17 13 -13 18 -21 3 10 25 -1 0 -6 17 -18 9 13 1 -5 -36 17 -19 4 24 -18 13 -33 9 -28 29 9 -29 6 6 -19 -2 10 -16 -18 -20 -13 -37 -17 2 -15 -36 -2 -23 34 -11 23 -5 -22 8 -22 15 -3 27 3 -1
-37 2 30 -15 -6 -2 -14 10 -2 26 -18 0 12 21 -4 1 -9 11 -18 8 10 0 -1 -37 14 -12 15 24 -14 12 -36 6 -27 31 1 -26 2 11 -4 -8 15 -17 -23 -19 -6 -30 -20 5 -21 -35 -3 -17 34 -16 22 -12 -24 11 -11 16 -8 24 -2 7
-34 8 30 -14 -7 -4 -11 13 -3 26 -15 8 11 20 -10 1 -8 6 -17 7 12 -2 2 -35 16 -14 16 22 -8 19 -37 11 -32 34 8 -26 1 12 -7 0 16 -13 -24 -26 -11 -34 -17 -7 -15 -33 2 -16 33 -13 21 2 -23 9 -8 14 -6 23 6 1
-42 21 32 -19 -15 -4 0 16 2 17 -9 3 8 15 -9 -14 -9 12 -8 16 23 2 15 -44 14 -32 0 31 -5 1 -41 17 -14 31 7 -13 -3 6 -8 -3 14 -32 -23 -27 -21 -39 -7 -14 -9 -36 0 -25 26 -17 30 6 -36 5 -5 18 -7 19 16 -3
-14 -7 19 3 -2 -12 1 13 -9 13 -6 7 8 12 -5 5 13 -3 -18 12 8 -2 -4 -14 -2 0 -5 5 -5 5 -17 11 -24 10 5 -19 2 6 -4 11 10 52 -2 -7 -7 -8 3 4 -11 -5 -1 -9 -1 -9 2 -3 -9 -5 -18 0 -6 9 -7 4
-28 4 20 -13 4 12 3 13 -3 13 2 7 8 20 12 -1 10 14 -23 12 11 -10 24 -51 17 10 -21 19 -2 20 -21 22 -21 24 0 -13 0 15 -3 24 19 3 -36 -24 -12 -33 -7 -10 -13 -23 -5 -38 17 -9 12 -12 -44 12 -14 18 -9 24 1 -1
-28 4 20 -13 4 12 3 13 -3 13 2 7 8 20 12 -1 10 14 -23 12 11 -10 24 -51 17 10 -21 19 -2 20 -21 22 -21 24 0 -13 0 15 -3 24 19 3 -36 -24 -12 -33 -7 -10 -13 -23 -5 -38 17 -9 12 -12 -44 12 -14 18 -9 24 1 -1
-28 4 20 -13 4 12 3 13 -3 13 2 7 8 20 12 -1 10 14 -23 12 11 -10 24 -51 17 10 -21 19 -2 20 -21 22 -21 24 0 -13 0 15 -3 24 19 3 -36 -24 -12 -33 -7 -10 -13 -23 -5 -38 17 -9 12 -12 -44 12 -14 18 -9 24 1 -1
-28 4 20 -13 4 12 3 13 -3 13 2 7 8 20 12 -1 10 14 -23 12 11 -10 24 -51 17 10 -21 19 -2 20 -21 22 -21 24 0 -13 0 15 -3 24 19 3 -36 -24 -12 -33 -7 -10 -13 -23 -5 -38 17 -9 12 -12 -44 12 -14 18 -9 24 1 -1
-28 4 20 -13 4 12 3 13 -3 13 2 7 8 20 12 -1 10 14 -23 12 11 -10 24 -51 17 10 -21 19 -2 20 -21 22 -21 24 0 -13 0 15 -3 24 19 3 -36 -24 -12 -33 -7 -10 -13 -23 -5 -38 17 -9 12 -12 -44 12 -14 18 -9 24 1 -1
-28 4 20 -13 4 12 3 13 -3 13 2 7 8 20 12 -1 10 14 -23 12 11 -10 24 -51 17 10 -21 19 -2 20 -21 22 -21 24 0 -13 0 15 -3 24 19 3 -36 -24 -12 -33 -7 -10 -13 -23 -5 -38 17 -9 12 -12 -44 12 -14 18 -9 24 1 -1
-28 4 20 -13 4 12 3 13 -3 13 2 7 8 20 12 -1 10 14 -23 12 11 -10 24 -51 17 10 -21 19 -2 20 -21 22 -21 24 0 -13 0 15 -3 24 19 3 -36 -24 -12 -33 -7 -10 -13 -23 -5 -38 17 -9 12 -12 -44 12 -14 18 -9 24 1 -1
-28 4 20 -13 4 12 3 13 -3 13 2 7 8 20 12 -1 10 14 -23 12 11 -10 24 -51 17 10 -21 19 -2 20 -21 22 -21 24 0 -13 0 15 -3 24 19 3 -36 -24 -12 -33 -7 -10 -13 -23 -5 -38 17 -9 12 -12 -44 12 -14 18 -9 24 1 -1
-28 4 20 -13 4 12 3 13 -3 13 2 7 8 20 12 -1 10 14 -23 12 11 -10 24 -51 17 10 -21 19 -2 20 -21 22 -21 24 0 -13 0 15 -3 24 19 3 -36 -24 -12 -33 -7 -10 -13 -23 -5 -38 17 -9 12 -12 -44 12 -14 18 -9 24 1 -1
-28 4 20 -13 4 12 3 13 -3 13 2 7 8 20 12 -1 10 14 -23 12 11 -10 24 -51 17 10 -21 19 -2 20 -21 22 -21 24 0 -13 0 15 -3 24 19 3 -36 -24 -12 -33 -7 -10 -13 -23 -5 -38 17 -9 12 -12 -44 12 -14 18 -9 24 1 -1
-28 4 20 -13 4 12 3 13 -3 13 2 7 8 20 12 -1 10 14 -23 12 11 -10 24 -51 17 10 -21 19 -2 20 -21 22 -21 24 0 -13 0 15 -3 24 19 3 -36 -24 -12 -33 -7 -10 -13 -23 -5 -38 17 -9 12 -12 -44 12 -14 18 -9 24 1 -1
-28 4 20 -13 4 12 3 13 -3 13 2 7 8 20 12 -1 10 14 -23 12 11 -10 24 -51 17 10 -21 19 -2 20 -21 22 -21 24 0 -13 0 15 -3 24 19 3 -36 -24 -12 -33 -7 -10 -13 -23 -5 -38 17 -9 12 -12 -44 12 -14 18 -9 24 1 -1
-28 4 20 -13 4 12 3 13 -3 13 2 7 8 20 12 -1 10 14 -23 12 11 -10 24 -51 17 10 -21 19 -2 20 -21 22 -21 24 0 -13 0 15 -3 24 19 3 -36 -24 -12 -33 -7 -10 -13 -23 -5 -38 17 -9 12 -12 -44 12 -14 18 -9 24 1 -1
-28 4 20 -13 4 12 3 13 -3 13 2 7 8 20 12 -1 10 14 -23 12 11 -10 24 -51 17 10 -21 19 -2 20 -21 22 -21 24 0 -13 0 15 -3 24 19 3 -36 -24 -12 -33 -7 -10 -13 -23 -5 -38 17 -9 12 -12 -44 12 -14 18 -9 24 1 -1
-28 4 20 -13 4 12 3 13 -3 13 2 7 8 20 12 -1 10 14 -23 12 11 -10 24 -51 17 10 -21 19 -2 20 -21 22 -21 24 0 -13 0 15 -3 24 19 3 -36 -24 -12 -33 -7 -10 -13 -23 -5 -38 17 -9 12 -12 -44 12 -14 18 -9 24 1 -1
-28 4 20 -13 4 12 3 13 -3 13 2 7 8 20 12 -1 10 14 -23 12 11 -10 24 -51 17 10 -21 19 -2 20 -21 22 -21 24 0 -13 0 15 -3 24 19 3 -36 -24 -12 -33 -7 -10 -13 -23 -5 -38 17 -9 12 -12 -44 12 -14 18 -9 24 1 -1
-28 4 20 -13 4 12 3 13 -3 13 2 7 8 20 12 -1 10 14 -23 12 11 -10 24 -51 17 10 -21 19 -2 20 -21 22 -21 24 0 -13 0 15 -3 24 19 3 -36 -24 -12 -33 -7 -10 -13 -23 -5 -38 17 -9 12 -12 -44 12 -14 18 -9 24 1 -1
-28 4 20 -13 4 12 3 13 -3 13 2 7 8 20 12 -1 10 14 -23 12 11 -10 24 -51 17 10 -21 19 -2 20 -21 22 -21 24 0 -13 0 15 -3 24 19 3 -36 -24 -12 -33 -7 -10 -13 -23 -5 -38 17 -9 12 -12 -44 12 -14 18 -9 24 1 -1
-28 4 20 -13 4 12 3 13 -3 13 2 7 8 20 12 -1 10 14 -23 12 11 -10 24 -51 17 10 -21 19 -2 20 -21 22 -21 24 0 -13 0 15 -3 24 19 3 -36 -24 -12 -33 -7 -10 -13 -23 -5 -38 17 -9 12 -12 -44 12 -14 18 -9 24 1 -1
-28 4 20 -13 4 12 3 13 -3 13 2 7 8 20 12 -1 10 14 -23 12 11 -10 24 -51 17 10 -21 19 -2 20 -21 22 -21 24 0 -13 0 15 -3 24 19 3 -36 -24 -12 -33 -7 -10 -13 -23 -5 -38 17 -9 12 -12 -44 12 -14 18 -9 24 1 -1
-28 4 20 -13 4 12 3 13 -3 13 2 7 8 20 12 -1 10 14 -23 12 11 -10 24 -51 17 10 -21 19 -2 20 -21 22 -21 24 0 -13 0 15 -3 24 19 3 -36 -24 -12 -33 -7 -10 -13 -23 -5 -38 17 -9 12 -12 -44 12 -14 18 -9 24 1 -1
-28 4 20 -13 4 12 3 13 -3 13 2 7 8 20 12 -1 10 14 -23 12 11 -10 24 -51 17 10 -21 19 -2 20 -21 22 -21 24 0 -13 0 15 -3 24 19 3 -36 -24 -12 -33 -7 -10 -13 -23 -5 -38 17 -9 12 -12 -44 12 -14 18 -9 24 1 -1
-28 4 20 -13 4 12 3 13 -3 13 2 7 8 20 12 -1 10 14 -23 12 11 -10 24 -51 17 10 -21 19 -2 20 -21 22 -21 24 0 -13 0 15 -3 24 19 3 -36 -24 -12 -33 -7 -10 -13 -23 -5 -38 17 -9 12 -12 -44 12 -14 18 -9 24 1 -1
-28 4 20 -13 4 12 3 13 -3 13 2 7 8 20 12 -1 10 14 -23 12 11 -10 24 -51 17 10 -21 19 -2 20 -21 22 -21 24 0 -13 0 15 -3 24 19 3 -36 -24 -12 -33 -7 -10 -13 -23 -5 -38 17 -9 12 -12 -44 12 -14 18 -9 24 1 -1
-28 4 20 -13 4 12 3 13 -3 13 2 7 8 20 12 -1 10 14 -23 12 11 -10 24 -51 17 10 -21 19 -2 20 -21 22 -21 24 0 -13 0 15 -3 24 19 3 -36 -24 -12 -33 -7 -10 -13 -23 -5 -38 17 -9 12 -12 -44 12 -14 18 -9 24 1 -1
-28 4 20 -13 4 12 3 13 -3 13 2 7 8 20 12 -1 10 14 -23 12 11 -10 24 -51 17 10 -21 19 -2 20 -21 22 -21 24 0 -13 0 15 -3 24 19 3 -36 -24 -12 -33 -7 -10 -13 -23 -5 -38 17 -9 12 -12 -44 12 -14 18 -9 24 1 -1
-28 4 20 -13 4 12 3 13 -3 13 2 7 8 20 12 -1 10 14 -23 12 11 -10 24 -51 17 10 -21 19 -2 20 -21 22 -21 24 0 -13 0 15 -3 24 19 3 -36 -24 -12 -33 -7 -10 -13 -23 -5 -38 17 -9 12 -12 -44 12 -14 18 -9 24 1 -1
-28 4 20 -13 4 12 3 13 -3 13 2 7 8 20 12 -1 10 14 -23 12 11 -10 24 -51 17 10 -21 19 -2 20 -21 22 -21 24 0 -13 0 15 -3 24 19 3 -36 -24 -12 -33 -7 -10 -13 -23 -5 -38 17 -9 12 -12 -44 12 -14 18 -9 24 1 -1
-28 4 20 -13 4 12 3 13 -3 13 2 7 8 20 12 -1 10 14 -23 12 11 -10 24 -51 17 10 -21 19 -2 20 -21 22 -21 24 0 -13 0 15 -3 24 19 3 -36 -24 -12 -33 -7 -10 -13 -23 -5 -38 17 -9 12 -12 -44 12 -14 18 -9 24 1 -1
-28 4 20 -13 4 12 3 13 -3 13 2 7 8 20 12 -1 10 14 -23 12 11 -10 24 -51 17 10 -21 19 -2 20 -21 22 -21 24 0 -13 0 15 -3 24 19 3 -36 -24 -12 -33 -7 -10 -13 -23 -5 -38 17 -9 12 -12 -44 12 -14 18 -9 24 1 -1
-28 4 20 -13 4 12 3 13 -3 13 2 7 8 20 12 -1 10 14 -23 12 11 -10 24 -51 17 10 -21 19 -2 20 -21 22 -21 24 0 -13 0 15 -3 24 19 3 -36 -24 -12 -33 -7 -10 -13 -23 -5 -38 17 -9 12 -12 -44 12 -14 18 -9 24 1 -1
-28 4 20 -13 4 12 3 13 -3 13 2 7 8 20 12 -1 10 14 -23 12 11 -10 24 -51 17 10 -21 19 -2 20 -21 22 -21 24 0 -13 0 15 -3 24 19 3 -36 -24 -12 -33 -7 -10 -13 -23 -5 -38 17 -9 12 -12 -44 12 -14 18 -9 24 1 -1
-28 4 20 -13 4 12 3 13 -3 13 2 7 8 20 12 -1 10 14 -23 12 11 -10 24 -51 17 10 -21 19 -2 20 -21 22 -21 24 0 -13 0 15 -3 24 19 3 -36 -24 -12 -33 -7 -10 -13 -23 -5 -38 17 -9 12 -12 -44 12 -14 18 -9 24 1 -1
-28 4 20 -13 4 12 3 13 -3 13 2 7 8 20 12 -1 10 14 -23 12 11 -10 24 -51 17 10 -21 19 -2 20 -21 22 -21 24 0 -13 0 15 -3 24 19 3 -36 -24 -12 -33 -7 -10 -13 -23 -5 -38 17 -9 12 -12 -44 12 -14 18 -9 24 1 -1
-28 4 20 -13 4 12 3 13 -3 13 2 7 8 20 12 -1 10 14 -23 12 11 -10 24 -51 17 10 -21 19 -2 20 -21 22 -21 24 0 -13 0 15 -3 24 19 3 -36 -24 -12 -33 -7 -10 -13 -23 -5 -38 17 -9 12 -12 -44 12 -14 18 -9 24 1 -1
-28 4 20 -13 4 12 3 13 -3 13 2 7 8 20 12 -1 10 14 -23 12 11 -10 24 -51 17 10 -21 19 -2 20 -21 22 -21 24 0 -13 0 15 -3 24 19 3 -36 -24 -12 -33 -7 -10 -13 -23 -5 -38 17 -9 12 -12 -44 12 -14 18 -9 24 1 -1
-28 4 20 -13 4 12 3 13 -3 13 2 7 8 20 12 -1 10 14 -23 12 11 -10 24 -51 17 10 -21 19 -2 20 -21 22 -21 24 0 -13 0 15 -3 24 19 3 -36 -24 -12 -33 -7 -10 -13 -23 -5 -38 17 -9 12 -12 -44 12 -14 18 -9 24 1 -1
-28 4 20 -13 4 12 3 13 -3 13 2 7 8 20 12 -1 10 14 -23 12 11 -10 24 -51 17 10 -21 19 -2 20 -21 22 -21 24 0 -13 0 15 -3 24 19 3 -36 -24 -12 -33 -7 -10 -13 -23 -5 -38 17 -9 12 -12 -44 12 -14 18 -9 24 1 -1
-28 4 20 -13 4 12 3 13 -3 13 2 7 8 20 12 -1 10 14 -23 12 11 -10 24 -51 17 10 -21 19 -2 20 -21 22 -21 24 0 -13 0 15 -3 24 19 3 -36 -24 -12 -33 -7 -10 -13 -23 -5 -38 17 -9 12 -12 -44 12 -14 18 -9 24 1 -1
-28 4 20 -13 4 12 3 13 -3 13 2 7 8 20 12 -1 10 14 -23 12 11 -10 24 -51 17 10 -21 19 -2 20 -21 22 -21 24 0 -13 0 15 -3 24 19 3 -36 -24 -12 -33 -7 -10 -13 -23 -5 -38 17 -9 12 -12 -44 12 -14 18 -9 24 1 -1
-28 4 20 -13 4 12 3 13 -3 13 2 7 8 20 12 -1 10 14 -23 12 11 -10 24 -51 17 10 -21 19 -2 20 -21 22 -21 24 0 -13 0 15 -3 24 19 3 -36 -24 -12 -33 -7 -10 -13 -23 -5 -38 17 -9 12 -12 -44 12 -14 18 -9 24 1 -1
-28 4 20 -13 4 12 3 13 -3 13 2 7 8 20 12 -1 10 14 -23 12 11 -10 24 -51 17 10 -21 19 -2 20 -21 22 -21 24 0 -13 0 15 -3 24 19 3 -36 -24 -12 -33 -7 -10 -13 -23 -5 -38 17 -9 12 -12 -44 12 -14 18 -9 24 1 -1
-28 4 20 -13 4 12 3 13 -3 13 2 7 8 20 12 -1 10 14 -23 12 11 -10 24 -51 17 10 -21 19 -2 20 -21 22 -21 24 0 -13 0 15 -3 24 19 3 -36 -24 -12 -33 -7 -10 -13 -23 -5 -38 17 -9 12 -12 -44 12 -14 18 -9 24 1 -1
-28 4 20 -13 4 12 3 13 -3 13 2 7 8 20 12 -1 10 14 -23 12 11 -10 24 -51 17 10 -21 19 -2 20 -21 22 -21 24 0 -13 0 15 -3 24 19 3 -36 -24 -12 -33 -7 -10 -13 -23 -5 -38 17 -9 12 -12 -44 12 -14 18 -9 24 1 -1
-28 4 20 -13 4 12 3 13 -3 13 2 7 8 20 12 -1 10 14 -23 12 11 -10 24 -51 17 10 -21 19 -2 20 -21 22 -21 24 0 -13 0 15 -3 24 19 3 -36 -24 -12 -33 -7 -10 -13 -23 -5 -38 17 -9 12 -12 -44 12 -14 18 -9 24 1 -1
-28 4 20 -13 4 12 3 13 -3 13 2 7 8 20 12 -1 10 14 -23 12 11 -10 24 -51 17 10 -21 19 -2 20 -21 22 -21 24 0 -13 0 15 -3 24 19 3 -36 -24 -12 -33 -7 -10 -13 -23 -5 -38 17 -9 12 -12 -44 12 -14 18 -9 24 1 -1
-28 4 20 -13 4 12 3 13 -3 13 2 7 8 20 12 -1 10 14 -23 12 11 -10 24 -51 17 10 -21 19 -2 20 -21 22 -21 24 0 -13 0 15 -3 24 19 3 -36 -24 -12 -33 -7 -10 -13 -23 -5 -38 17 -9 12 -12 -44 12 -14 18 -9 24 1 -1
-28 4 20 -13 4 12 3 13 -3 13 2 7 8 20 12 -1 10 14 -23 12 11 -10 24 -51 17 10 -21 19 -2 20 -21 22 -21 24 0 -13 0 15 -3 24 19 3 -36 -24 -12 -33 -7 -10 -13 -23 -5 -38 17 -9 12 -12 -44 12 -14 18 -9 24 1 -1
-28 4 20 -13 4 12 3 13 -3 13 2 7 8 20 12 -1 10 14 -23 12 11 -10 24 -51 17 10 -21 19 -2 20 -21 22 -21 24 0 -13 0 15 -3 24 19 3 -36 -24 -12 -33 -7 -10 -13 -23 -5 -38 17 -9 12 -12 -44 12 -14 18 -9 24 1 -1
-28 4 20 -13 4 12 3 13 -3 13 2 7 8 20 12 -1 10 14 -23 12 11 -10 24 -51 17 10 -21 19 -2 20 -21 22 -21 24 0 -13 0 15 -3 24 19 3 -36 -24 -12 -33 -7 -10 -13 -23 -5 -38 17 -9 12 -12 -44 12 -14 18 -9 24 1 -1
-28 4 20 -13 4 12 3 13 -3 13 2 7 8 20 12 -1 10 14 -23 12 11 -10 24 -51 17 10 -21 19 -2 20 -21 22 -21 24 0 -13 0 15 -3 24 19 3 -36 -24 -12 -33 -7 -10 -13 -23 -5 -38 17 -9 12 -12 -44 12 -14 18 -9 24 1 -1
-28 4 20 -13 4 12 3 13 -3 13 2 7 8 20 12 -1 10 14 -23 12 11 -10 24 -51 17 10 -21 19 -2 20 -21 22 -21 24 0 -13 0 15 -3 24 19 3 -36 -24 -12 -33 -7 -10 -13 -23 -5 -38 17 -9 12 -12 -44 12 -14 18 -9 24 1 -1
-28 4 20 -13 4 12 3 13 -3 13 2 7 8 20 12 -1 10 14 -23 12 11 -10 24 -51 17 10 -21 19 -2 20 -21 22 -21 24 0 -13 0 15 -3 24 19 3 -36 -24 -12 -33 -7 -10 -13 -23 -5 -38 17 -9 12 -12 -44 12 -14 18 -9 24 1 -1
-28 4 20 -13 4 12 3 13 -3 13 2 7 8 20 12 -1 10 14 -23 12 11 -10 24 -51 17 10 -21 19 -2 20 -21 22 -21 24 0 -13 0 15 -3 24 19 3 -36 -24 -12 -33 -7 -10 -13 -23 -5 -38 17 -9 12 -12 -44 12 -14 18 -9 24 1 -1
-28 4 20 -13 4 12 3 13 -3 13 2 7 8 20 12 -1 10 14 -23 12 11 -10 24 -51 17 10 -21 19 -2 20 -21 22 -21 24 0 -13 0 15 -3 24 19 3 -36 -24 -12 -33 -7 -10 -13 -23 -5 -38 17 -9 12 -12 -44 12 -14 18 -9 24 1 -1
-28 4 20 -13 4 12 3 13 -3 13 2 7 8 20 12 -1 10 14 -23 12 11 -10 24 -51 17 10 -21 19 -2 20 -21 22 -21 24 0 -13 0 15 -3 24 19 3 -36 -24 -12 -33 -7 -10 -13 -23 -5 -38 17 -9 12 -12 -44 12 -14 18 -9 24 1 -1
-28 4 20 -13 4 12 3 13 -3 13 2 7 8 20 12 -1 10 14 -23 12 11 -10 24 -51 17 10 -21 19 -2 20 -21 22 -21 24 0 -13 0 15 -3 24 19 3 -36 -24 -12 -33 -7 -10 -13 -23 -5 -38 17 -9 12 -12 -44 12 -14 18 -9 24 1 -1
-28 4 20 -13 4 12 3 13 -3 13 2 7 8 20 12 -1 10 14 -23 12 11 -10 24 -51 17 10 -21 19 -2 20 -21 22 -21 24 0 -13 0 15 -3 24 19 3 -36 -24 -12 -33 -7 -10 -13 -23 -5 -38 17 -9 12 -12 -44 12 -14 18 -9 24 1 -1
-28 4 20 -13 4 12 3 13 -3 13 2 7 8 20 12 -1 10 14 -23 12 11 -10 24 -51 17 10 -21 19 -2 20 -21 22 -21 24 0 -13 0 15 -3 24 19 3 -36 -24 -12 -33 -7 -10 -13 -23 -5 -38 17 -9 12 -12 -44 12 -14 18 -9 24 1 -1
-28 4 20 -13 4 12 3 13 -3 13 2 7 8 20 12 -1 10 14 -23 12 11 -10 24 -51 17 10 -21 19 -2 20 -21 22 -21 24 0 -13 0 15 -3 24 19 3 -36 -24 -12 -33 -7 -10 -13 -23 -5 -38 17 -9 12 -12 -44 12 -14 18 -9 24 1 -1
-28 4 20 -13 4 12 3 13 -3 13 2 7 8 20 12 -1 10 14 -23 12 11 -10 24 -51 17 10 -21 19 -2 20 -21 22 -21 24 0 -13 0 15 -3 24 19 3 -36 -24 -12 -33 -7 -10 -13 -23 -5 -38 17 -9 12 -12 -44 12 -14 18 -9 24 1 -1
-28 4 20 -13 4 12 3 13 -3 13 2 7 8 20 12 -1 10 14 -23 12 11 -10 24 -51 17 10 -21 19 -2 20 -21 22 -21 24 0 -13 0 15 -3 24 19 3 -36 -24 -12 -33 -7 -10 -13 -23 -5 -38 17 -9 12 -12 -44 12 -14 18 -9 24 1 -1
-28 4 20 -13 4 12 3 13 -3 13 2 7 8 20 12 -1 10 14 -23 12 11 -10 24 -51 17 10 -21 19 -2 20 -21 22 -21 24 0 -13 0 15 -3 24 19 3 -36 -24 -12 -33 -7 -10 -13 -23 -5 -38 17 -9 12 -12 -44 12 -14 18 -9 24 1 -1
-28 4 20 -13 4 12 3 13 -3 13 2 7 8 20 12 -1 10 14 -23 12 11 -10 24 -51 17 10 -21 19 -2 20 -21 22 -21 24 0 -13 0 15 -3 24 19 3 -36 -24 -12 -33 -7 -10 -13 -23 -5 -38 17 -9 12 -12 -44 12 -14 18 -9 24 1 -1
-28 4 20 -13 4 12 3 13 -3 13 2 7 8 20 12 -1 10 14 -23 12 11 -10 24 -51 17 10 -21 19 -2 20 -21 22 -21 24 0 -13 0 15 -3 24 19 3 -36 -24 -12 -33 -7 -10 -13 -23 -5 -38 17 -9 12 -12 -44 12 -14 18 -9 24 1 -1
-28 4 20 -13 4 12 3 13 -3 13 2 7 8 20 12 -1 10 14 -23 12 11 -10 24 -51 17 10 -21 19 -2 20 -21 22 -21 24 0 -13 0 15 -3 24 19 3 -36 -24 -12 -33 -7 -10 -13 -23 -5 -38 17 -9 12 -12 -44 12 -14 18 -9 24 1 -1
-28 4 20 -13 4 12 3 13 -3 13 2 7 8 20 12 -1 10 14 -23 12 11 -10 24 -51 17 10 -21 19 -2 20 -21 22 -21 24 0 -13 0 15 -3 24 19 3 -36 -24 -12 -33 -7 -10 -13 -23 -5 -38 17 -9 12 -12 -44 12 -14 18 -9 24 1 -1
-28 4 20 -13 4 12 3 13 -3 13 2 7 8 20 12 -1 10 14 -23 12 11 -10 24 -51 17 10 -21 19 -2 20 -21 22 -21 24 0 -13 0 15 -3 24 19 3 -36 -24 -12 -33 -7 -10 -13 -23 -5 -38 17 -9 12 -12 -44 12 -14 18 -9 24 1 -1
-28 4 20 -13 4 12 3 13 -3 13 2 7 8 20 12 -1 10 14 -23 12 11 -10 24 -51 17 10 -21 19 -2 20 -21 22 -21 24 0 -13 0 15 -3 24 19 3 -36 -24 -12 -33 -7 -10 -13 -23 -5 -38 17 -9 12 -12 -44 12 -14 18 -9 24 1 -1
-28 4 20 -13 4 12 3 13 -3 13 2 7 8 20 12 -1 10 14 -23 12 11 -10 24 -51 17 10 -21 19 -2 20 -21 22 -21 24 0 -13 0 15 -3 24 19 3 -36 -24 -12 -33 -7 -10 -13 -23 -5 -38 17 -9 12 -12 -44 12 -14 18 -9 24 1 -1
-28 4 20 -13 4 12 3 13 -3 13 2 7 8 20 12 -1 10 14 -23 12 11 -10 24 -51 17 10 -21 19 -2 20 -21 22 -21 24 0 -13 0 15 -3 24 19 3 -36 -24 -12 -33 -7 -10 -13 -23 -5 -38 17 -9 12 -12 -44 12 -14 18 -9 24 1 -1
-28 4 20 -13 4 12 3 13 -3 13 2 7 8 20 12 -1 10 14 -23 12 11 -10 24 -51 17 10 -21 19 -2 20 -21 22 -21 24 0 -13 0 15 -3 24 19 3 -36 -24 -12 -33 -7 -10 -13 -23 -5 -38 17 -9 12 -12 -44 12 -14 18 -9 24 1 -1
-28 4 20 -13 4 12 3 13 -3 13 2 7 8 20 12 -1 10 14 -23 12 11 -10 24 -51 17 10 -21 19 -2 20 -21 22 -21 24 0 -13 0 15 -3 24 19 3 -36 -24 -12 -33 -7 -10 -13 -23 -5 -38 17 -9 12 -12 -44 12 -14 18 -9 24 1 -1
-28 4 20 -13 4 12 3 13 -3 13 2 7 8 20 12 -1 10 14 -23 12 11 -10 24 -51 17 10 -21 19 -2 20 -21 22 -21 24 0 -13 0 15 -3 24 19 3 -36 -24 -12 -33 -7 -10 -13 -23 -5 -38 17 -9 12 -12 -44 12 -14 18 -9 24 1 -1
-28 4 20 -13 4 12 3 13 -3 13 2 7 8 20 12 -1 10 14 -23 12 11 -10 24 -51 17 10 -21 19 -2 20 -21 22 -21 24 0 -13 0 15 -3 24 19 3 -36 -24 -12 -33 -7 -10 -13 -23 -5 -38 17 -9 12 -12 -44 12 -14 18 -9 24 1 -1
-28 4 20 -13 4 12 3 13 -3 13 2 7 8 20 12 -1 10 14 -23 12 11 -10 24 -51 17 10 -21 19 -2 20 -21 22 -21 24 0 -13 0 15 -3 24 19 3 -36 -24 -12 -33 -7 -10 -13 -23 -5 -38 17 -9 12 -12 -44 12 -14 18 -9 24 1 -1
-28 4 20 -13 4 12 3 13 -3 13 2 7 8 20 12 -1 10 14 -23 12 11 -10 24 -51 17 10 -21 19 -2 20 -21 22 -21 24 0 -13 0 15 -3 24 19 3 -36 -24 -12 -33 -7 -10 -13 -23 -5 -38 17 -9 12 -12 -44 12 -14 18 -9 24 1 -1
-28 4 20 -13 4 12 3 13 -3 13 2 7 8 20 12 -1 10 14 -23 12 11 -10 24 -51 17 10 -21 19 -2 20 -21 22 -21 24 0 -13 0 15 -3 24 19 3 -36 -24 -12 -33 -7 -10 -13 -23 -5 -38 17 -9 12 -12 -44 12 -14 18 -9 24 1 -1
-28 4 20 -13 4 12 3 13 -3 13 2 7 8 20 12 -1 10 14 -23 12 11 -10 24 -51 17 10 -21 19 -2 20 -21 22 -21 24 0 -13 0 15 -3 24 19 3 -36 -24 -12 -33 -7 -10 -13 -23 -5 -38 17 -9 12 -12 -44 12 -14 18 -9 24 1 -1
-28 4 20 -13 4 12 3 13 -3 13 2 7 8 20 12 -1 10 14 -23 12 11 -10 24 -51 17 10 -21 19 -2 20 -21 22 -21 24 0 -13 0 15 -3 24 19 3 -36 -24 -12 -33 -7 -10 -13 -23 -5 -38 17 -9 12 -12 -44 12 -14 18 -9 24 1 -1
-28 4 20 -13 4 12 3 13 -3 13 2 7 8 20 12 -1 10 14 -23 12 11 -10 24 -51 17 10 -21 19 -2 20 -21 22 -21 24 0 -13 0 15 -3 24 19 3 -36 -24 -12 -33 -7 -10 -13 -23 -5 -38 17 -9 12 -12 -44 12 -14 18 -9 24 1 -1
-28 4 20 -13 4 12 3 13 -3 13 2 7 8 20 12 -1 10 14 -23 12 11 -10 24 -51 17 10 -21 19 -2 20 -21 22 -21 24 0 -13 0 15 -3 24 19 3 -36 -24 -12 -33 -7 -10 -13 -23 -5 -38 17 -9 12 -12 -44 12 -14 18 -9 24 1 -1
-28 4 20 -13 4 12 3 13 -3 13 2 7 8 20 12 -1 10 14 -23 12 11 -10 24 -51 17 10 -21 19 -2 20 -21 22 -21 24 0 -13 0 15 -3 24 19 3 -36 -24 -12 -33 -7 -10 -13 -23 -5 -38 17 -9 12 -12 -44 12 -14 18 -9 24 1 -1
-28 4 20 -13 4 12 3 13 -3 13 2 7 8 20 12 -1 10 14 -23 12 11 -10 24 -51 17 10 -21 19 -2 20 -21 22 -21 24 0 -13 0 15 -3 24 19 3 -36 -24 -12 -33 -7 -10 -13 -23 -5 -38 17 -9 12 -12 -44 12 -14 18 -9 24 1 -1
-28 4 20 -13 4 12 3 13 -3 13 2 7 8 20 12 -1 10 14 -23 12 11 -10 24 -51 17 10 -21 19 -2 20 -21 22 -21 24 0 -13 0 15 -3 24 19 3 -36 -24 -12 -33 -7 -10 -13 -23 -5 -38 17 -9 12 -12 -44 12 -14 18 -9 24 1 -1
-28 4 20 -13 4 12 3 13 -3 13 2 7 8 20 12 -1 10 14 -23 12 11 -10 24 -51 17 10 -21 19 -2 20 -21 22 -21 24 0 -13 0 15 -3 24 19 3 -36 -24 -12 -33 -7 -10 -13 -23 -5 -38 17 -9 12 -12 -44 12 -14 18 -9 24 1 -1
-28 4 20 -13 4 12 3 13 -3 13 2 7 8 20 12 -1 10 14 -23 12 11 -10 24 -51 17 10 -21 19 -2 20 -21 22 -21 24 0 -13 0 15 -3 24 19 3 -36 -24 -12 -33 -7 -10 -13 -23 -5 -38 17 -9 12 -12 -44 12 -14 18 -9 24 1 -1
