9 -3 10 7 6 -4 -12 -9 -10 -9 -2 24 10 1 5 13 -19 7 3 11 3 13 5 0 11 1 -6 7 8 11 -21 2 -7 13 6 -5 2 -10 17 -2 -7 10 10 -20 -17 -1 30 -5 10 -6 3 -6 -15 6 9 -12 -5 14 10 11 -18 -7 10 0
10 15 -1 23 -25 -15 -10 3 1 -2 -6 2 7 -23 7 -4 -41 -13 0 21 -11 21 3 -22 9 10 32 21 12 3 -14 -14 1 10 -5 7 -18 -23 28 5 2 -8 0 -5 -42 -17 2 9 10 -9 35 3 1 12 3 -7 2 -5 -4 20 -10 21 23 -13
14 28 -2 5 -20 -14 5 2 4 9 -3 16 0 -19 11 5 -51 -15 17 11 -4 3 2 -27 16 2 29 12 -5 14 -25 -2 12 21 -9 -9 -6 -37 20 -5 -1 6 -8 8 -46 -16 4 0 2 1 32 11 -8 -13 19 -26 7 -15 0 13 -7 24 26 0
24 3 12 13 -13 -8 -4 -11 3 9 -4 25 -2 -10 11 15 -45 -16 18 -2 -2 -7 -2 -21 12 -5 26 12 3 5 -15 -4 5 22 -8 -8 -6 -32 23 -18 -16 1 -7 9 -53 -12 5 3 0 20 42 10 -3 -3 12 -12 7 -1 6 14 -4 31 7 10
20 3 19 -8 -14 -2 -10 8 0 6 -1 15 2 -19 4 7 -51 -16 17 3 -7 -6 11 -17 1 -9 13 14 0 3 -14 6 17 26 -2 -9 5 -35 31 -25 3 0 -14 -8 -53 -13 -13 7 7 23 33 19 -2 -5 5 -20 17 -3 12 7 -10 45 21 4
22 4 17 3 -33 -13 17 6 9 -3 -2 0 2 -22 2 2 -68 -12 17 0 -4 -11 1 0 11 -12 27 38 -10 2 1 -9 10 14 -13 -1 -7 -34 22 -20 14 7 -33 1 -66 0 -15 12 14 13 44 11 10 -22 1 -17 1 -4 17 14 -1 50 15 17
3 -1 16 17 -22 -4 -3 0 -3 -6 -18 28 -8 -8 13 14 -58 -6 17 7 -2 -6 -3 -3 9 -24 33 18 -2 16 2 -6 12 3 7 -11 12 -31 14 -29 -3 -12 -10 17 -57 -9 -5 -2 12 17 35 5 -1 -4 17 -10 -1 9 17 1 -20 59 39 -2
11 7 8 17 -22 -7 -5 -5 0 -5 -25 17 -9 -19 11 9 -50 -8 24 0 -7 -3 -14 -11 16 -14 24 32 6 11 13 -3 4 10 1 -13 -11 -30 10 -25 -9 -12 -7 11 -61 -23 0 8 7 19 38 12 3 -5 17 -19 -1 6 11 13 -8 45 28 10
9 20 3 12 -19 -13 -2 9 -6 11 -21 13 -5 -8 19 6 -49 -11 18 9 -7 3 -5 -27 15 -15 28 14 15 11 -13 -5 4 13 -8 1 -3 -28 9 -15 -12 -7 7 12 -51 -22 -7 4 4 18 38 14 -10 -15 11 -13 8 4 9 2 -12 36 36 -2
23 29 5 10 -3 24 -15 5 23 -13 -33 14 12 -7 16 28 -41 -16 8 1 -16 3 1 -23 19 9 27 11 29 23 5 10 6 -7 6 -18 -27 -22 11 6 -2 -6 31 20 -64 -9 -5 3 -29 13 42 30 -17 -23 26 -24 -3 18 -17 8 -14 48 31 16
16 23 3 18 -22 -5 -3 -8 14 20 -10 9 11 -21 20 13 -57 -11 3 14 -13 19 -4 -21 4 -4 24 10 15 11 -13 -15 6 14 -14 -1 -8 -22 13 -3 -1 -4 -4 3 -42 -22 3 6 6 18 53 13 -8 -24 11 -18 11 -8 3 0 -3 24 18 6
11 25 -4 0 -11 -12 2 12 5 15 -11 22 -8 -14 12 13 -57 -9 20 13 -8 -5 -4 -20 8 -3 28 5 13 10 -10 -8 5 14 -8 -10 -2 -24 18 -9 -2 -6 -7 5 -60 -20 3 4 5 16 33 25 -1 -29 5 -19 17 -8 8 -4 -3 29 19 10
24 21 -3 13 -8 -4 2 9 -3 9 -6 9 4 -16 6 15 -58 -18 18 -4 -8 -4 2 -27 8 3 21 11 15 1 -19 -15 17 14 -13 -10 3 -32 35 -16 -2 -7 -7 -1 -48 0 13 13 -2 11 40 17 -9 -18 14 -13 3 12 -4 11 -6 27 20 11
11 23 5 8 -17 1 13 8 -8 0 -11 8 2 -26 0 13 -42 -15 20 3 -9 -8 8 -13 9 -9 13 20 1 21 -15 -8 3 14 -13 -21 -12 -39 27 -14 6 -3 -21 -3 -54 -19 -4 6 -4 26 33 19 0 -10 13 -14 16 4 12 7 -13 36 14 16
16 33 -1 -4 -18 0 5 20 -3 15 -32 6 -5 -15 -3 13 -50 -30 35 4 -4 -24 6 -7 20 -7 31 20 -1 11 -18 2 19 12 -16 -28 -7 -39 21 -10 5 22 1 13 -66 -11 -13 1 -4 17 20 29 -4 -20 17 -24 10 11 8 13 -18 44 13 12
12 27 3 22 -22 3 15 11 -9 12 -14 11 -6 -23 0 14 -58 -22 20 8 -17 -10 2 -11 17 -10 40 22 -1 10 -20 -19 8 11 -23 -6 1 -29 20 -5 -3 6 -7 8 -50 -13 -9 -1 1 11 35 16 -2 -21 2 -4 14 1 5 10 -18 26 25 11
15 9 12 16 -12 4 8 4 -3 7 -26 19 -5 -12 16 20 -60 -3 23 9 -21 -10 -7 -12 12 -10 29 21 4 4 -9 0 3 22 -4 -14 8 -24 25 -20 -6 -6 -15 13 -59 -10 -12 2 4 2 30 11 12 -2 17 -15 12 12 12 -4 -16 54 23 12
17 23 5 12 -17 -3 0 0 -5 13 -23 9 -7 -12 0 20 -60 -9 17 -3 -10 -17 6 -7 10 -4 37 23 0 5 -2 -10 9 8 -10 -6 -5 -22 17 -17 0 3 -7 15 -56 -12 -15 3 -3 9 27 17 -5 -22 20 -21 -4 8 16 12 -6 38 18 17
5 18 9 26 -23 2 7 -6 0 8 -34 10 3 -23 3 20 -59 1 2 16 -20 4 1 -8 15 -11 39 30 7 15 4 -14 -1 8 -9 4 -11 -13 9 -15 -6 -16 -22 17 -62 -15 -10 0 -2 9 43 14 2 -15 7 -13 -1 6 1 6 -13 28 19 18
9 21 -8 20 -14 -5 1 1 9 8 -23 4 -4 -15 4 15 -58 -8 22 7 -10 -4 -1 -13 2 -12 31 17 17 5 3 1 0 11 -3 -8 -5 -21 19 -11 -11 -13 -4 9 -56 -31 5 -2 1 17 35 22 -12 -20 7 -21 -1 15 7 6 -10 44 30 10
12 15 -5 21 -15 -9 1 3 -3 22 -24 11 4 -19 -2 11 -60 -7 11 14 -16 -8 1 -13 20 -9 36 25 16 5 -8 -7 7 3 -5 -11 -10 -21 26 -13 -3 -12 -8 7 -57 -28 13 -1 1 8 33 22 -4 -18 9 -13 4 8 11 5 -11 34 35 12
26 37 -7 8 -13 -4 -3 3 -9 6 -39 -8 1 -24 -11 13 -46 -11 19 12 -15 -8 1 -22 19 15 24 8 13 11 -20 3 1 7 -5 -26 -14 -44 23 -1 -5 -6 2 20 -54 -10 5 -13 -5 8 29 35 -15 -31 12 -24 15 1 -3 15 -4 28 17 8
0 -6 -4 9 9 2 -5 1 5 -1 -4 13 2 -5 2 7 -30 0 11 0 -3 3 0 0 9 3 7 4 5 2 -2 3 -3 5 7 3 -1 -5 4 1 -4 5 -6 -12 -33 -9 5 1 5 -3 5 2 3 -1 -1 -4 -3 7 6 -4 -14 -5 3 -1
16 23 17 24 -23 -4 -12 21 4 -7 -6 14 11 -7 13 19 -33 -8 4 15 -12 14 -1 -10 13 21 15 -1 -8 -10 -16 -16 -5 18 -29 -14 0 -28 28 11 1 18 11 -6 -45 2 1 -5 4 -13 33 -3 -11 -2 15 -24 7 -13 0 7 -25 20 14 5
19 15 14 30 -30 -2 -13 11 -1 -2 -7 17 9 -14 1 13 -35 -13 -15 9 -2 -1 0 -1 24 2 25 3 -15 9 -13 -17 4 23 -27 -16 -13 -27 4 20 13 22 -11 4 -50 -14 -12 -20 10 0 19 -11 13 -9 12 -26 2 -25 0 11 -17 27 15 10
12 13 12 26 -26 2 -28 9 3 1 -12 31 16 -7 9 17 -46 -21 10 5 -19 -8 6 -17 15 1 37 18 -12 3 -12 -16 -7 28 -15 -8 -7 -25 15 -16 -9 4 -2 5 -60 -10 7 0 2 8 31 0 0 -11 9 -19 -2 -13 -10 17 -22 30 26 6
12 -4 25 5 -15 5 -18 2 6 -12 -24 25 -6 -7 2 32 -47 -7 6 -3 -20 -6 11 -9 -6 -3 20 3 -5 14 3 0 8 21 5 -15 14 -35 20 -23 -10 -2 -17 -1 -54 -1 -8 -4 -3 17 27 18 -3 -3 11 -20 2 -1 5 -4 -14 45 28 11
8 -1 21 12 -31 2 14 -12 7 -19 -30 1 0 -15 8 19 -54 -5 -1 6 -18 -8 3 -3 2 2 34 23 -3 17 14 -14 1 1 3 3 -2 -30 13 -18 2 -9 -30 1 -61 -5 5 5 -7 8 38 19 -5 -19 2 -20 -6 0 1 9 -15 47 33 23
13 12 -1 16 -18 1 -9 2 4 -12 -21 14 0 -5 15 21 -51 -12 9 3 -13 10 5 -22 -1 -7 30 -5 11 4 6 1 2 -1 12 -8 -8 -7 20 -18 -11 -26 1 16 -60 -19 18 -3 -11 26 28 22 -10 -21 26 -22 12 8 -2 11 -11 41 46 3
9 20 0 17 -22 -5 -1 6 7 -5 -14 9 8 -17 13 16 -48 -16 21 11 -11 5 -1 -22 15 2 27 8 8 2 3 2 9 2 -2 -3 -16 -27 21 -18 -8 -11 1 6 -73 -12 16 12 -1 22 37 16 -11 -22 23 -21 4 4 -4 3 -7 44 45 11
13 23 5 11 -18 -5 -9 11 9 4 -7 10 13 -4 16 14 -41 -11 25 12 -8 8 12 -24 12 2 31 -6 7 0 -16 -9 2 14 -6 -13 -16 -23 21 -14 -13 0 8 -2 -52 -9 11 7 6 9 36 11 -18 -22 17 -16 6 1 7 9 -15 28 36 4
11 21 6 14 -22 -3 0 -5 5 10 -5 10 20 -7 17 10 -41 -8 11 9 -12 2 9 -12 8 4 24 5 5 11 -5 -13 0 10 -10 -6 1 -28 16 -18 -12 3 -8 -6 -48 -9 13 12 5 9 30 3 -9 -15 19 -18 3 1 4 -7 -7 33 24 15
-2 32 3 7 -20 -17 1 9 11 11 -3 23 14 -6 7 11 -45 -14 23 22 -2 -6 10 -16 8 4 28 -5 4 12 -21 -16 -2 10 -16 -22 0 -34 19 -6 -12 -4 1 -5 -60 -19 10 5 4 11 24 21 -10 -36 9 -30 11 -6 8 -10 1 30 24 22
10 19 3 7 -14 -4 7 8 0 1 -10 23 5 -15 -2 12 -44 -23 32 5 -8 -11 14 -23 10 2 21 7 3 17 -22 -8 13 12 -15 -15 2 -24 25 -20 -1 7 -1 -9 -51 -6 18 15 4 8 16 -2 -8 -15 8 -17 7 5 6 1 -13 30 16 16
4 5 27 18 -14 0 -7 12 7 10 -29 26 15 -4 13 21 -54 -14 18 12 -22 -9 -2 -12 4 -11 24 19 -7 14 -7 -5 4 15 -2 -18 12 -27 20 -26 -7 4 -7 12 -58 -3 -10 -7 -5 12 20 10 7 -2 8 -25 8 2 9 -8 -9 40 31 16
1 21 14 14 -14 -7 -9 8 -1 6 -22 20 4 -3 4 26 -50 -7 10 0 -8 -12 12 -6 12 0 32 17 -5 10 -4 -20 8 8 -11 -15 0 -26 19 -21 -8 6 1 4 -53 -8 -2 3 1 2 20 11 -11 -20 13 -23 -8 -2 9 5 -11 27 28 23
2 7 12 22 -32 4 3 0 -2 -4 -35 15 8 -17 4 21 -56 -4 0 8 -25 -1 2 0 8 -17 36 26 -3 21 6 -19 1 8 -4 -7 -3 -14 10 -21 -5 -11 -22 11 -60 -17 -10 -1 9 4 39 16 8 -14 4 -20 0 0 -5 7 -19 37 27 15
5 13 7 24 -20 -5 2 7 0 -3 -29 10 -1 -11 9 16 -53 1 16 8 -11 -5 2 -17 10 -12 33 17 8 4 2 -10 -3 -1 -1 -8 -1 -24 16 -22 -10 -7 -6 4 -58 -20 6 -2 0 18 29 20 -8 -23 14 -25 1 13 -1 3 -9 52 46 15
4 15 -5 19 -16 -5 0 3 1 12 -30 12 9 -8 5 16 -53 -11 13 16 -15 -1 -4 -24 8 -10 33 17 11 5 -4 -10 2 -1 -6 -13 -7 -26 29 -18 -12 -13 1 12 -65 -26 20 2 -6 11 27 13 -4 -14 11 -19 -5 4 -2 4 -8 30 39 17
8 41 -5 14 -21 2 -16 -3 -5 9 -33 3 21 -17 -12 15 -25 -14 8 6 -8 6 14 -24 30 3 25 1 17 15 -17 2 -10 7 -4 -22 -11 -35 8 1 -15 -9 24 13 -54 -22 6 -19 -7 5 19 37 -23 -24 19 -20 18 7 -14 14 -9 28 22 10
0 -3 -3 8 9 1 -5 -4 7 0 -1 10 4 -2 4 7 -25 0 10 -3 -2 3 3 0 6 5 8 2 4 4 -2 1 -4 2 7 1 -3 -6 3 2 -5 3 -7 -11 -25 -7 7 0 6 -5 3 -2 -1 -2 0 -7 0 7 5 -2 -14 -6 3 -1
35 27 -11 29 -12 -14 -19 26 -19 -7 -4 -17 11 2 12 10 -50 -4 11 7 -13 -3 -14 -32 4 27 12 21 21 -35 -22 2 -3 14 -11 10 -15 -34 18 26 3 -21 18 4 -59 -28 -5 13 11 -10 31 8 -24 11 23 -10 9 -2 -4 17 -18 22 10 -14
35 27 -11 29 -12 -14 -19 26 -19 -7 -4 -17 11 2 12 10 -50 -4 11 7 -13 -3 -14 -32 4 27 12 21 21 -35 -22 2 -3 14 -11 10 -15 -34 18 26 3 -21 18 4 -59 -28 -5 13 11 -10 31 8 -24 11 23 -10 9 -2 -4 17 -18 22 10 -14
35 27 -11 29 -12 -14 -19 26 -19 -7 -4 -17 11 2 12 10 -50 -4 11 7 -13 -3 -14 -32 4 27 12 21 21 -35 -22 2 -3 14 -11 10 -15 -34 18 26 3 -21 18 4 -59 -28 -5 13 11 -10 31 8 -24 11 23 -10 9 -2 -4 17 -18 22 10 -14
35 27 -11 29 -12 -14 -19 26 -19 -7 -4 -17 11 2 12 10 -50 -4 11 7 -13 -3 -14 -32 4 27 12 21 21 -35 -22 2 -3 14 -11 10 -15 -34 18 26 3 -21 18 4 -59 -28 -5 13 11 -10 31 8 -24 11 23 -10 9 -2 -4 17 -18 22 10 -14
35 27 -11 29 -12 -14 -19 26 -19 -7 -4 -17 11 2 12 10 -50 -4 11 7 -13 -3 -14 -32 4 27 12 21 21 -35 -22 2 -3 14 -11 10 -15 -34 18 26 3 -21 18 4 -59 -28 -5 13 11 -10 31 8 -24 11 23 -10 9 -2 -4 17 -18 22 10 -14
35 27 -11 29 -12 -14 -19 26 -19 -7 -4 -17 11 2 12 10 -50 -4 11 7 -13 -3 -14 -32 4 27 12 21 21 -35 -22 2 -3 14 -11 10 -15 -34 18 26 3 -21 18 4 -59 -28 -5 13 11 -10 31 8 -24 11 23 -10 9 -2 -4 17 -18 22 10 -14
35 27 -11 29 -12 -14 -19 26 -19 -7 -4 -17 11 2 12 10 -50 -4 11 7 -13 -3 -14 -32 4 27 12 21 21 -35 -22 2 -3 14 -11 10 -15 -34 18 26 3 -21 18 4 -59 -28 -5 13 11 -10 31 8 -24 11 23 -10 9 -2 -4 17 -18 22 10 -14
35 27 -11 29 -12 -14 -19 26 -19 -7 -4 -17 11 2 12 10 -50 -4 11 7 -13 -3 -14 -32 4 27 12 21 21 -35 -22 2 -3 14 -11 10 -15 -34 18 26 3 -21 18 4 -59 -28 -5 13 11 -10 31 8 -24 11 23 -10 9 -2 -4 17 -18 22 10 -14
35 27 -11 29 -12 -14 -19 26 -19 -7 -4 -17 11 2 12 10 -50 -4 11 7 -13 -3 -14 -32 4 27 12 21 21 -35 -22 2 -3 14 -11 10 -15 -34 18 26 3 -21 18 4 -59 -28 -5 13 11 -10 31 8 -24 11 23 -10 9 -2 -4 17 -18 22 10 -14
35 27 -11 29 -12 -14 -19 26 -19 -7 -4 -17 11 2 12 10 -50 -4 11 7 -13 -3 -14 -32 4 27 12 21 21 -35 -22 2 -3 14 -11 10 -15 -34 18 26 3 -21 18 4 -59 -28 -5 13 11 -10 31 8 -24 11 23 -10 9 -2 -4 17 -18 22 10 -14
35 27 -11 29 -12 -14 -19 26 -19 -7 -4 -17 11 2 12 10 -50 -4 11 7 -13 -3 -14 -32 4 27 12 21 21 -35 -22 2 -3 14 -11 10 -15 -34 18 26 3 -21 18 4 -59 -28 -5 13 11 -10 31 8 -24 11 23 -10 9 -2 -4 17 -18 22 10 -14
35 27 -11 29 -12 -14 -19 26 -19 -7 -4 -17 11 2 12 10 -50 -4 11 7 -13 -3 -14 -32 4 27 12 21 21 -35 -22 2 -3 14 -11 10 -15 -34 18 26 3 -21 18 4 -59 -28 -5 13 11 -10 31 8 -24 11 23 -10 9 -2 -4 17 -18 22 10 -14
35 27 -11 29 -12 -14 -19 26 -19 -7 -4 -17 11 2 12 10 -50 -4 11 7 -13 -3 -14 -32 4 27 12 21 21 -35 -22 2 -3 14 -11 10 -15 -34 18 26 3 -21 18 4 -59 -28 -5 13 11 -10 31 8 -24 11 23 -10 9 -2 -4 17 -18 22 10 -14
35 27 -11 29 -12 -14 -19 26 -19 -7 -4 -17 11 2 12 10 -50 -4 11 7 -13 -3 -14 -32 4 27 12 21 21 -35 -22 2 -3 14 -11 10 -15 -34 18 26 3 -21 18 4 -59 -28 -5 13 11 -10 31 8 -24 11 23 -10 9 -2 -4 17 -18 22 10 -14
35 27 -11 29 -12 -14 -19 26 -19 -7 -4 -17 11 2 12 10 -50 -4 11 7 -13 -3 -14 -32 4 27 12 21 21 -35 -22 2 -3 14 -11 10 -15 -34 18 26 3 -21 18 4 -59 -28 -5 13 11 -10 31 8 -24 11 23 -10 9 -2 -4 17 -18 22 10 -14
35 27 -11 29 -12 -14 -19 26 -19 -7 -4 -17 11 2 12 10 -50 -4 11 7 -13 -3 -14 -32 4 27 12 21 21 -35 -22 2 -3 14 -11 10 -15 -34 18 26 3 -21 18 4 -59 -28 -5 13 11 -10 31 8 -24 11 23 -10 9 -2 -4 17 -18 22 10 -14
35 27 -11 29 -12 -14 -19 26 -19 -7 -4 -17 11 2 12 10 -50 -4 11 7 -13 -3 -14 -32 4 27 12 21 21 -35 -22 2 -3 14 -11 10 -15 -34 18 26 3 -21 18 4 -59 -28 -5 13 11 -10 31 8 -24 11 23 -10 9 -2 -4 17 -18 22 10 -14
35 27 -11 29 -12 -14 -19 26 -19 -7 -4 -17 11 2 12 10 -50 -4 11 7 -13 -3 -14 -32 4 27 12 21 21 -35 -22 2 -3 14 -11 10 -15 -34 18 26 3 -21 18 4 -59 -28 -5 13 11 -10 31 8 -24 11 23 -10 9 -2 -4 17 -18 22 10 -14
35 27 -11 29 -12 -14 -19 26 -19 -7 -4 -17 11 2 12 10 -50 -4 11 7 -13 -3 -14 -32 4 27 12 21 21 -35 -22 2 -3 14 -11 10 -15 -34 18 26 3 -21 18 4 -59 -28 -5 13 11 -10 31 8 -24 11 23 -10 9 -2 -4 17 -18 22 10 -14
35 27 -11 29 -12 -14 -19 26 -19 -7 -4 -17 11 2 12 10 -50 -4 11 7 -13 -3 -14 -32 4 27 12 21 21 -35 -22 2 -3 14 -11 10 -15 -34 18 26 3 -21 18 4 -59 -28 -5 13 11 -10 31 8 -24 11 23 -10 9 -2 -4 17 -18 22 10 -14
35 27 -11 29 -12 -14 -19 26 -19 -7 -4 -17 11 2 12 10 -50 -4 11 7 -13 -3 -14 -32 4 27 12 21 21 -35 -22 2 -3 14 -11 10 -15 -34 18 26 3 -21 18 4 -59 -28 -5 13 11 -10 31 8 -24 11 23 -10 9 -2 -4 17 -18 22 10 -14
35 27 -11 29 -12 -14 -19 26 -19 -7 -4 -17 11 2 12 10 -50 -4 11 7 -13 -3 -14 -32 4 27 12 21 21 -35 -22 2 -3 14 -11 10 -15 -34 18 26 3 -21 18 4 -59 -28 -5 13 11 -10 31 8 -24 11 23 -10 9 -2 -4 17 -18 22 10 -14
35 27 -11 29 -12 -14 -19 26 -19 -7 -4 -17 11 2 12 10 -50 -4 11 7 -13 -3 -14 -32 4 27 12 21 21 -35 -22 2 -3 14 -11 10 -15 -34 18 26 3 -21 18 4 -59 -28 -5 13 11 -10 31 8 -24 11 23 -10 9 -2 -4 17 -18 22 10 -14
35 27 -11 29 -12 -14 -19 26 -19 -7 -4 -17 11 2 12 10 -50 -4 11 7 -13 -3 -14 -32 4 27 12 21 21 -35 -22 2 -3 14 -11 10 -15 -34 18 26 3 -21 18 4 -59 -28 -5 13 11 -10 31 8 -24 11 23 -10 9 -2 -4 17 -18 22 10 -14
35 27 -11 29 -12 -14 -19 26 -19 -7 -4 -17 11 2 12 10 -50 -4 11 7 -13 -3 -14 -32 4 27 12 21 21 -35 -22 2 -3 14 -11 10 -15 -34 18 26 3 -21 18 4 -59 -28 -5 13 11 -10 31 8 -24 11 23 -10 9 -2 -4 17 -18 22 10 -14
35 27 -11 29 -12 -14 -19 26 -19 -7 -4 -17 11 2 12 10 -50 -4 11 7 -13 -3 -14 -32 4 27 12 21 21 -35 -22 2 -3 14 -11 10 -15 -34 18 26 3 -21 18 4 -59 -28 -5 13 11 -10 31 8 -24 11 23 -10 9 -2 -4 17 -18 22 10 -14
35 27 -11 29 -12 -14 -19 26 -19 -7 -4 -17 11 2 12 10 -50 -4 11 7 -13 -3 -14 -32 4 27 12 21 21 -35 -22 2 -3 14 -11 10 -15 -34 18 26 3 -21 18 4 -59 -28 -5 13 11 -10 31 8 -24 11 23 -10 9 -2 -4 17 -18 22 10 -14
35 27 -11 29 -12 -14 -19 26 -19 -7 -4 -17 11 2 12 10 -50 -4 11 7 -13 -3 -14 -32 4 27 12 21 21 -35 -22 2 -3 14 -11 10 -15 -34 18 26 3 -21 18 4 -59 -28 -5 13 11 -10 31 8 -24 11 23 -10 9 -2 -4 17 -18 22 10 -14
35 27 -11 29 -12 -14 -19 26 -19 -7 -4 -17 11 2 12 10 -50 -4 11 7 -13 -3 -14 -32 4 27 12 21 21 -35 -22 2 -3 14 -11 10 -15 -34 18 26 3 -21 18 4 -59 -28 -5 13 11 -10 31 8 -24 11 23 -10 9 -2 -4 17 -18 22 10 -14
35 27 -11 29 -12 -14 -19 26 -19 -7 -4 -17 11 2 12 10 -50 -4 11 7 -13 -3 -14 -32 4 27 12 21 21 -35 -22 2 -3 14 -11 10 -15 -34 18 26 3 -21 18 4 -59 -28 -5 13 11 -10 31 8 -24 11 23 -10 9 -2 -4 17 -18 22 10 -14
35 27 -11 29 -12 -14 -19 26 -19 -7 -4 -17 11 2 12 10 -50 -4 11 7 -13 -3 -14 -32 4 27 12 21 21 -35 -22 2 -3 14 -11 10 -15 -34 18 26 3 -21 18 4 -59 -28 -5 13 11 -10 31 8 -24 11 23 -10 9 -2 -4 17 -18 22 10 -14
35 27 -11 29 -12 -14 -19 26 -19 -7 -4 -17 11 2 12 10 -50 -4 11 7 -13 -3 -14 -32 4 27 12 21 21 -35 -22 2 -3 14 -11 10 -15 -34 18 26 3 -21 18 4 -59 -28 -5 13 11 -10 31 8 -24 11 23 -10 9 -2 -4 17 -18 22 10 -14
35 27 -11 29 -12 -14 -19 26 -19 -7 -4 -17 11 2 12 10 -50 -4 11 7 -13 -3 -14 -32 4 27 12 21 21 -35 -22 2 -3 14 -11 10 -15 -34 18 26 3 -21 18 4 -59 -28 -5 13 11 -10 31 8 -24 11 23 -10 9 -2 -4 17 -18 22 10 -14
35 27 -11 29 -12 -14 -19 26 -19 -7 -4 -17 11 2 12 10 -50 -4 11 7 -13 -3 -14 -32 4 27 12 21 21 -35 -22 2 -3 14 -11 10 -15 -34 18 26 3 -21 18 4 -59 -28 -5 13 11 -10 31 8 -24 11 23 -10 9 -2 -4 17 -18 22 10 -14
35 27 -11 29 -12 -14 -19 26 -19 -7 -4 -17 11 2 12 10 -50 -4 11 7 -13 -3 -14 -32 4 27 12 21 21 -35 -22 2 -3 14 -11 10 -15 -34 18 26 3 -21 18 4 -59 -28 -5 13 11 -10 31 8 -24 11 23 -10 9 -2 -4 17 -18 22 10 -14
35 27 -11 29 -12 -14 -19 26 -19 -7 -4 -17 11 2 12 10 -50 -4 11 7 -13 -3 -14 -32 4 27 12 21 21 -35 -22 2 -3 14 -11 10 -15 -34 18 26 3 -21 18 4 -59 -28 -5 13 11 -10 31 8 -24 11 23 -10 9 -2 -4 17 -18 22 10 -14
35 27 -11 29 -12 -14 -19 26 -19 -7 -4 -17 11 2 12 10 -50 -4 11 7 -13 -3 -14 -32 4 27 12 21 21 -35 -22 2 -3 14 -11 10 -15 -34 18 26 3 -21 18 4 -59 -28 -5 13 11 -10 31 8 -24 11 23 -10 9 -2 -4 17 -18 22 10 -14
35 27 -11 29 -12 -14 -19 26 -19 -7 -4 -17 11 2 12 10 -50 -4 11 7 -13 -3 -14 -32 4 27 12 21 21 -35 -22 2 -3 14 -11 10 -15 -34 18 26 3 -21 18 4 -59 -28 -5 13 11 -10 31 8 -24 11 23 -10 9 -2 -4 17 -18 22 10 -14
35 27 -11 29 -12 -14 -19 26 -19 -7 -4 -17 11 2 12 10 -50 -4 11 7 -13 -3 -14 -32 4 27 12 21 21 -35 -22 2 -3 14 -11 10 -15 -34 18 26 3 -21 18 4 -59 -28 -5 13 11 -10 31 8 -24 11 23 -10 9 -2 -4 17 -18 22 10 -14
35 27 -11 29 -12 -14 -19 26 -19 -7 -4 -17 11 2 12 10 -50 -4 11 7 -13 -3 -14 -32 4 27 12 21 21 -35 -22 2 -3 14 -11 10 -15 -34 18 26 3 -21 18 4 -59 -28 -5 13 11 -10 31 8 -24 11 23 -10 9 -2 -4 17 -18 22 10 -14
35 27 -11 29 -12 -14 -19 26 -19 -7 -4 -17 11 2 12 10 -50 -4 11 7 -13 -3 -14 -32 4 27 12 21 21 -35 -22 2 -3 14 -11 10 -15 -34 18 26 3 -21 18 4 -59 -28 -5 13 11 -10 31 8 -24 11 23 -10 9 -2 -4 17 -18 22 10 -14
35 27 -11 29 -12 -14 -19 26 -19 -7 -4 -17 11 2 12 10 -50 -4 11 7 -13 -3 -14 -32 4 27 12 21 21 -35 -22 2 -3 14 -11 10 -15 -34 18 26 3 -21 18 4 -59 -28 -5 13 11 -10 31 8 -24 11 23 -10 9 -2 -4 17 -18 22 10 -14
35 27 -11 29 -12 -14 -19 26 -19 -7 -4 -17 11 2 12 10 -50 -4 11 7 -13 -3 -14 -32 4 27 12 21 21 -35 -22 2 -3 14 -11 10 -15 -34 18 26 3 -21 18 4 -59 -28 -5 13 11 -10 31 8 -24 11 23 -10 9 -2 -4 17 -18 22 10 -14
35 27 -11 29 -12 -14 -19 26 -19 -7 -4 -17 11 2 12 10 -50 -4 11 7 -13 -3 -14 -32 4 27 12 21 21 -35 -22 2 -3 14 -11 10 -15 -34 18 26 3 -21 18 4 -59 -28 -5 13 11 -10 31 8 -24 11 23 -10 9 -2 -4 17 -18 22 10 -14
35 27 -11 29 -12 -14 -19 26 -19 -7 -4 -17 11 2 12 10 -50 -4 11 7 -13 -3 -14 -32 4 27 12 21 21 -35 -22 2 -3 14 -11 10 -15 -34 18 26 3 -21 18 4 -59 -28 -5 13 11 -10 31 8 -24 11 23 -10 9 -2 -4 17 -18 22 10 -14
35 27 -11 29 -12 -14 -19 26 -19 -7 -4 -17 11 2 12 10 -50 -4 11 7 -13 -3 -14 -32 4 27 12 21 21 -35 -22 2 -3 14 -11 10 -15 -34 18 26 3 -21 18 4 -59 -28 -5 13 11 -10 31 8 -24 11 23 -10 9 -2 -4 17 -18 22 10 -14
35 27 -11 29 -12 -14 -19 26 -19 -7 -4 -17 11 2 12 10 -50 -4 11 7 -13 -3 -14 -32 4 27 12 21 21 -35 -22 2 -3 14 -11 10 -15 -34 18 26 3 -21 18 4 -59 -28 -5 13 11 -10 31 8 -24 11 23 -10 9 -2 -4 17 -18 22 10 -14
35 27 -11 29 -12 -14 -19 26 -19 -7 -4 -17 11 2 12 10 -50 -4 11 7 -13 -3 -14 -32 4 27 12 21 21 -35 -22 2 -3 14 -11 10 -15 -34 18 26 3 -21 18 4 -59 -28 -5 13 11 -10 31 8 -24 11 23 -10 9 -2 -4 17 -18 22 10 -14
35 27 -11 29 -12 -14 -19 26 -19 -7 -4 -17 11 2 12 10 -50 -4 11 7 -13 -3 -14 -32 4 27 12 21 21 -35 -22 2 -3 14 -11 10 -15 -34 18 26 3 -21 18 4 -59 -28 -5 13 11 -10 31 8 -24 11 23 -10 9 -2 -4 17 -18 22 10 -14
35 27 -11 29 -12 -14 -19 26 -19 -7 -4 -17 11 2 12 10 -50 -4 11 7 -13 -3 -14 -32 4 27 12 21 21 -35 -22 2 -3 14 -11 10 -15 -34 18 26 3 -21 18 4 -59 -28 -5 13 11 -10 31 8 -24 11 23 -10 9 -2 -4 17 -18 22 10 -14
35 27 -11 29 -12 -14 -19 26 -19 -7 -4 -17 11 2 12 10 -50 -4 11 7 -13 -3 -14 -32 4 27 12 21 21 -35 -22 2 -3 14 -11 10 -15 -34 18 26 3 -21 18 4 -59 -28 -5 13 11 -10 31 8 -24 11 23 -10 9 -2 -4 17 -18 22 10 -14
35 27 -11 29 -12 -14 -19 26 -19 -7 -4 -17 11 2 12 10 -50 -4 11 7 -13 -3 -14 -32 4 27 12 21 21 -35 -22 2 -3 14 -11 10 -15 -34 18 26 3 -21 18 4 -59 -28 -5 13 11 -10 31 8 -24 11 23 -10 9 -2 -4 17 -18 22 10 -14
35 27 -11 29 -12 -14 -19 26 -19 -7 -4 -17 11 2 12 10 -50 -4 11 7 -13 -3 -14 -32 4 27 12 21 21 -35 -22 2 -3 14 -11 10 -15 -34 18 26 3 -21 18 4 -59 -28 -5 13 11 -10 31 8 -24 11 23 -10 9 -2 -4 17 -18 22 10 -14
35 27 -11 29 -12 -14 -19 26 -19 -7 -4 -17 11 2 12 10 -50 -4 11 7 -13 -3 -14 -32 4 27 12 21 21 -35 -22 2 -3 14 -11 10 -15 -34 18 26 3 -21 18 4 -59 -28 -5 13 11 -10 31 8 -24 11 23 -10 9 -2 -4 17 -18 22 10 -14
35 27 -11 29 -12 -14 -19 26 -19 -7 -4 -17 11 2 12 10 -50 -4 11 7 -13 -3 -14 -32 4 27 12 21 21 -35 -22 2 -3 14 -11 10 -15 -34 18 26 3 -21 18 4 -59 -28 -5 13 11 -10 31 8 -24 11 23 -10 9 -2 -4 17 -18 22 10 -14
35 27 -11 29 -12 -14 -19 26 -19 -7 -4 -17 11 2 12 10 -50 -4 11 7 -13 -3 -14 -32 4 27 12 21 21 -35 -22 2 -3 14 -11 10 -15 -34 18 26 3 -21 18 4 -59 -28 -5 13 11 -10 31 8 -24 11 23 -10 9 -2 -4 17 -18 22 10 -14
35 27 -11 29 -12 -14 -19 26 -19 -7 -4 -17 11 2 12 10 -50 -4 11 7 -13 -3 -14 -32 4 27 12 21 21 -35 -22 2 -3 14 -11 10 -15 -34 18 26 3 -21 18 4 -59 -28 -5 13 11 -10 31 8 -24 11 23 -10 9 -2 -4 17 -18 22 10 -14
35 27 -11 29 -12 -14 -19 26 -19 -7 -4 -17 11 2 12 10 -50 -4 11 7 -13 -3 -14 -32 4 27 12 21 21 -35 -22 2 -3 14 -11 10 -15 -34 18 26 3 -21 18 4 -59 -28 -5 13 11 -10 31 8 -24 11 23 -10 9 -2 -4 17 -18 22 10 -14
35 27 -11 29 -12 -14 -19 26 -19 -7 -4 -17 11 2 12 10 -50 -4 11 7 -13 -3 -14 -32 4 27 12 21 21 -35 -22 2 -3 14 -11 10 -15 -34 18 26 3 -21 18 4 -59 -28 -5 13 11 -10 31 8 -24 11 23 -10 9 -2 -4 17 -18 22 10 -14
35 27 -11 29 -12 -14 -19 26 -19 -7 -4 -17 11 2 12 10 -50 -4 11 7 -13 -3 -14 -32 4 27 12 21 21 -35 -22 2 -3 14 -11 10 -15 -34 18 26 3 -21 18 4 -59 -28 -5 13 11 -10 31 8 -24 11 23 -10 9 -2 -4 17 -18 22 10 -14
35 27 -11 29 -12 -14 -19 26 -19 -7 -4 -17 11 2 12 10 -50 -4 11 7 -13 -3 -14 -32 4 27 12 21 21 -35 -22 2 -3 14 -11 10 -15 -34 18 26 3 -21 18 4 -59 -28 -5 13 11 -10 31 8 -24 11 23 -10 9 -2 -4 17 -18 22 10 -14
35 27 -11 29 -12 -14 -19 26 -19 -7 -4 -17 11 2 12 10 -50 -4 11 7 -13 -3 -14 -32 4 27 12 21 21 -35 -22 2 -3 14 -11 10 -15 -34 18 26 3 -21 18 4 -59 -28 -5 13 11 -10 31 8 -24 11 23 -10 9 -2 -4 17 -18 22 10 -14
35 27 -11 29 -12 -14 -19 26 -19 -7 -4 -17 11 2 12 10 -50 -4 11 7 -13 -3 -14 -32 4 27 12 21 21 -35 -22 2 -3 14 -11 10 -15 -34 18 26 3 -21 18 4 -59 -28 -5 13 11 -10 31 8 -24 11 23 -10 9 -2 -4 17 -18 22 10 -14
35 27 -11 29 -12 -14 -19 26 -19 -7 -4 -17 11 2 12 10 -50 -4 11 7 -13 -3 -14 -32 4 27 12 21 21 -35 -22 2 -3 14 -11 10 -15 -34 18 26 3 -21 18 4 -59 -28 -5 13 11 -10 31 8 -24 11 23 -10 9 -2 -4 17 -18 22 10 -14
35 27 -11 29 -12 -14 -19 26 -19 -7 -4 -17 11 2 12 10 -50 -4 11 7 -13 -3 -14 -32 4 27 12 21 21 -35 -22 2 -3 14 -11 10 -15 -34 18 26 3 -21 18 4 -59 -28 -5 13 11 -10 31 8 -24 11 23 -10 9 -2 -4 17 -18 22 10 -14
35 27 -11 29 -12 -14 -19 26 -19 -7 -4 -17 11 2 12 10 -50 -4 11 7 -13 -3 -14 -32 4 27 12 21 21 -35 -22 2 -3 14 -11 10 -15 -34 18 26 3 -21 18 4 -59 -28 -5 13 11 -10 31 8 -24 11 23 -10 9 -2 -4 17 -18 22 10 -14
35 27 -11 29 -12 -14 -19 26 -19 -7 -4 -17 11 2 12 10 -50 -4 11 7 -13 -3 -14 -32 4 27 12 21 21 -35 -22 2 -3 14 -11 10 -15 -34 18 26 3 -21 18 4 -59 -28 -5 13 11 -10 31 8 -24 11 23 -10 9 -2 -4 17 -18 22 10 -14
35 27 -11 29 -12 -14 -19 26 -19 -7 -4 -17 11 2 12 10 -50 -4 11 7 -13 -3 -14 -32 4 27 12 21 21 -35 -22 2 -3 14 -11 10 -15 -34 18 26 3 -21 18 4 -59 -28 -5 13 11 -10 31 8 -24 11 23 -10 9 -2 -4 17 -18 22 10 -14
35 27 -11 29 -12 -14 -19 26 -19 -7 -4 -17 11 2 12 10 -50 -4 11 7 -13 -3 -14 -32 4 27 12 21 21 -35 -22 2 -3 14 -11 10 -15 -34 18 26 3 -21 18 4 -59 -28 -5 13 11 -10 31 8 -24 11 23 -10 9 -2 -4 17 -18 22 10 -14
35 27 -11 29 -12 -14 -19 26 -19 -7 -4 -17 11 2 12 10 -50 -4 11 7 -13 -3 -14 -32 4 27 12 21 21 -35 -22 2 -3 14 -11 10 -15 -34 18 26 3 -21 18 4 -59 -28 -5 13 11 -10 31 8 -24 11 23 -10 9 -2 -4 17 -18 22 10 -14
35 27 -11 29 -12 -14 -19 26 -19 -7 -4 -17 11 2 12 10 -50 -4 11 7 -13 -3 -14 -32 4 27 12 21 21 -35 -22 2 -3 14 -11 10 -15 -34 18 26 3 -21 18 4 -59 -28 -5 13 11 -10 31 8 -24 11 23 -10 9 -2 -4 17 -18 22 10 -14
35 27 -11 29 -12 -14 -19 26 -19 -7 -4 -17 11 2 12 10 -50 -4 11 7 -13 -3 -14 -32 4 27 12 21 21 -35 -22 2 -3 14 -11 10 -15 -34 18 26 3 -21 18 4 -59 -28 -5 13 11 -10 31 8 -24 11 23 -10 9 -2 -4 17 -18 22 10 -14
35 27 -11 29 -12 -14 -19 26 -19 -7 -4 -17 11 2 12 10 -50 -4 11 7 -13 -3 -14 -32 4 27 12 21 21 -35 -22 2 -3 14 -11 10 -15 -34 18 26 3 -21 18 4 -59 -28 -5 13 11 -10 31 8 -24 11 23 -10 9 -2 -4 17 -18 22 10 -14
35 27 -11 29 -12 -14 -19 26 -19 -7 -4 -17 11 2 12 10 -50 -4 11 7 -13 -3 -14 -32 4 27 12 21 21 -35 -22 2 -3 14 -11 10 -15 -34 18 26 3 -21 18 4 -59 -28 -5 13 11 -10 31 8 -24 11 23 -10 9 -2 -4 17 -18 22 10 -14
35 27 -11 29 -12 -14 -19 26 -19 -7 -4 -17 11 2 12 10 -50 -4 11 7 -13 -3 -14 -32 4 27 12 21 21 -35 -22 2 -3 14 -11 10 -15 -34 18 26 3 -21 18 4 -59 -28 -5 13 11 -10 31 8 -24 11 23 -10 9 -2 -4 17 -18 22 10 -14
35 27 -11 29 -12 -14 -19 26 -19 -7 -4 -17 11 2 12 10 -50 -4 11 7 -13 -3 -14 -32 4 27 12 21 21 -35 -22 2 -3 14 -11 10 -15 -34 18 26 3 -21 18 4 -59 -28 -5 13 11 -10 31 8 -24 11 23 -10 9 -2 -4 17 -18 22 10 -14
35 27 -11 29 -12 -14 -19 26 -19 -7 -4 -17 11 2 12 10 -50 -4 11 7 -13 -3 -14 -32 4 27 12 21 21 -35 -22 2 -3 14 -11 10 -15 -34 18 26 3 -21 18 4 -59 -28 -5 13 11 -10 31 8 -24 11 23 -10 9 -2 -4 17 -18 22 10 -14
35 27 -11 29 -12 -14 -19 26 -19 -7 -4 -17 11 2 12 10 -50 -4 11 7 -13 -3 -14 -32 4 27 12 21 21 -35 -22 2 -3 14 -11 10 -15 -34 18 26 3 -21 18 4 -59 -28 -5 13 11 -10 31 8 -24 11 23 -10 9 -2 -4 17 -18 22 10 -14
35 27 -11 29 -12 -14 -19 26 -19 -7 -4 -17 11 2 12 10 -50 -4 11 7 -13 -3 -14 -32 4 27 12 21 21 -35 -22 2 -3 14 -11 10 -15 -34 18 26 3 -21 18 4 -59 -28 -5 13 11 -10 31 8 -24 11 23 -10 9 -2 -4 17 -18 22 10 -14
35 27 -11 29 -12 -14 -19 26 -19 -7 -4 -17 11 2 12 10 -50 -4 11 7 -13 -3 -14 -32 4 27 12 21 21 -35 -22 2 -3 14 -11 10 -15 -34 18 26 3 -21 18 4 -59 -28 -5 13 11 -10 31 8 -24 11 23 -10 9 -2 -4 17 -18 22 10 -14
35 27 -11 29 -12 -14 -19 26 -19 -7 -4 -17 11 2 12 10 -50 -4 11 7 -13 -3 -14 -32 4 27 12 21 21 -35 -22 2 -3 14 -11 10 -15 -34 18 26 3 -21 18 4 -59 -28 -5 13 11 -10 31 8 -24 11 23 -10 9 -2 -4 17 -18 22 10 -14
35 27 -11 29 -12 -14 -19 26 -19 -7 -4 -17 11 2 12 10 -50 -4 11 7 -13 -3 -14 -32 4 27 12 21 21 -35 -22 2 -3 14 -11 10 -15 -34 18 26 3 -21 18 4 -59 -28 -5 13 11 -10 31 8 -24 11 23 -10 9 -2 -4 17 -18 22 10 -14
35 27 -11 29 -12 -14 -19 26 -19 -7 -4 -17 11 2 12 10 -50 -4 11 7 -13 -3 -14 -32 4 27 12 21 21 -35 -22 2 -3 14 -11 10 -15 -34 18 26 3 -21 18 4 -59 -28 -5 13 11 -10 31 8 -24 11 23 -10 9 -2 -4 17 -18 22 10 -14
35 27 -11 29 -12 -14 -19 26 -19 -7 -4 -17 11 2 12 10 -50 -4 11 7 -13 -3 -14 -32 4 27 12 21 21 -35 -22 2 -3 14 -11 10 -15 -34 18 26 3 -21 18 4 -59 -28 -5 13 11 -10 31 8 -24 11 23 -10 9 -2 -4 17 -18 22 10 -14
35 27 -11 29 -12 -14 -19 26 -19 -7 -4 -17 11 2 12 10 -50 -4 11 7 -13 -3 -14 -32 4 27 12 21 21 -35 -22 2 -3 14 -11 10 -15 -34 18 26 3 -21 18 4 -59 -28 -5 13 11 -10 31 8 -24 11 23 -10 9 -2 -4 17 -18 22 10 -14
35 27 -11 29 -12 -14 -19 26 -19 -7 -4 -17 11 2 12 10 -50 -4 11 7 -13 -3 -14 -32 4 27 12 21 21 -35 -22 2 -3 14 -11 10 -15 -34 18 26 3 -21 18 4 -59 -28 -5 13 11 -10 31 8 -24 11 23 -10 9 -2 -4 17 -18 22 10 -14
35 27 -11 29 -12 -14 -19 26 -19 -7 -4 -17 11 2 12 10 -50 -4 11 7 -13 -3 -14 -32 4 27 12 21 21 -35 -22 2 -3 14 -11 10 -15 -34 18 26 3 -21 18 4 -59 -28 -5 13 11 -10 31 8 -24 11 23 -10 9 -2 -4 17 -18 22 10 -14
