6 -17 5 -10 -21 9 1 7 -25 -9 13 8 -5 -2 -8 1 -4 0 10 7 8 -11 -2 12 17 7 14 -12 -11 2 7 18 -18 19 -6 2 6 4 14 -6 -10 -14 6 -4 2 13 -3 -3 9 5 -9 17 -10 6 -7 -25 8 -4 10 16 2 -3 -3 19
17 -9 4 -8 -22 14 3 20 -22 -2 22 11 -4 -10 13 -15 21 9 -23 10 8 -19 15 2 25 5 5 -9 2 21 -10 28 8 23 -9 11 6 9 0 -12 -17 4 24 -15 36 19 7 22 -6 -14 12 -4 -6 5 7 -47 2 -15 29 25 -1 -5 -1 5
22 -15 15 7 -24 24 -8 16 -22 2 13 6 5 -18 -6 -24 27 10 -7 13 17 -1 22 3 27 12 4 -12 0 28 8 42 7 16 4 4 19 24 12 -3 -7 10 20 -10 28 -4 7 27 -3 -23 -7 -5 0 4 -5 -48 7 -6 17 30 0 -10 -3 6
-1 -9 10 2 -28 16 -9 15 -26 -1 17 5 6 -25 -10 -6 14 17 4 18 15 -6 23 6 23 15 8 -7 -4 23 10 30 -9 21 -2 1 16 5 19 -4 -10 18 26 -5 22 -7 11 19 -3 -23 -13 6 3 3 -8 -48 -3 7 19 37 9 -8 -5 7
4 -14 20 -5 -21 12 -12 16 -20 3 11 5 -1 -33 -9 -14 25 13 6 30 24 -4 28 20 13 20 5 -12 8 20 14 30 10 10 10 11 25 6 31 -7 10 22 24 -9 25 -8 0 19 10 -15 -1 -5 1 -8 -6 -53 -2 -3 14 28 3 -2 -6 6
2 -12 22 8 -24 10 -5 15 -13 1 21 18 5 -21 -3 -10 24 24 -8 29 25 4 22 25 22 26 12 -16 12 25 9 19 11 23 6 13 30 10 28 -5 -1 24 24 -10 25 -14 -9 17 -4 -20 0 0 10 -8 -14 -63 -2 2 8 20 0 -12 -16 16
8 -8 15 13 -13 6 9 17 -21 7 24 5 -1 -24 1 -5 30 25 13 16 24 -3 32 27 18 18 18 -9 5 35 6 16 8 14 4 17 22 20 26 6 -8 21 12 -13 29 -18 -6 24 2 -11 -7 3 7 -15 -1 -51 1 5 23 24 -8 -12 -15 14
-1 -12 10 5 -26 20 0 13 -23 0 18 10 4 -31 -3 -3 19 28 15 20 21 -1 29 15 17 19 9 -12 7 32 4 29 9 14 -1 10 15 23 26 2 -20 16 26 -10 34 -11 -5 20 -1 -20 -1 1 1 -4 -11 -49 3 6 15 36 -7 -10 -14 7
2 -13 12 -3 -18 3 11 13 -21 -4 13 6 1 -24 5 -10 7 29 13 12 27 -5 21 12 19 14 11 -19 -1 31 13 35 11 30 0 2 12 11 20 -7 -11 19 23 -3 28 -14 -4 26 -2 -21 -7 4 -3 -1 4 -48 6 -3 14 45 -7 -6 -14 8
24 -7 6 9 -2 19 6 2 -11 16 10 5 21 -22 18 -24 25 26 12 -4 7 -1 11 11 -6 3 1 -15 28 35 16 33 15 -7 1 8 40 27 21 6 -2 -3 9 -7 39 5 -8 52 -4 -8 5 -7 -5 5 -1 -51 2 -19 27 39 -17 4 -14 14
10 -11 5 5 -22 10 -1 28 -28 -2 11 6 7 -17 6 -8 8 19 9 18 20 3 9 8 24 13 8 -8 -8 23 17 35 -1 40 4 7 16 3 13 0 -8 18 27 -5 24 -6 2 39 2 -22 -9 4 -6 1 7 -47 -5 -9 14 43 -5 -9 -10 5
5 -7 15 -4 -23 22 -5 20 -19 4 12 3 8 -28 -4 -15 15 17 4 20 22 3 10 13 14 28 11 -14 0 19 10 33 0 22 7 0 17 14 16 -3 -1 18 17 -1 29 -16 0 25 7 -24 -14 7 2 -5 3 -58 1 9 6 42 -7 -4 -13 4
17 -6 2 -4 -25 17 -10 25 -20 9 4 5 10 -18 -4 -7 17 14 8 15 18 -5 16 6 14 26 0 -12 0 23 6 43 1 30 0 0 13 4 19 2 0 15 24 2 31 -5 -3 21 2 -21 -6 3 9 4 -1 -47 5 -3 13 41 2 -8 -2 -4
13 -11 8 -5 -22 28 -6 23 -19 19 8 3 4 -27 -2 -20 24 11 1 20 30 -10 23 17 13 33 2 -23 21 28 0 33 4 20 2 3 30 11 37 -6 -1 17 19 -6 36 -4 -11 28 3 -24 -1 -2 3 -14 -10 -53 6 -7 13 19 9 -9 -3 4
30 -10 16 1 -1 3 2 14 -4 22 2 -2 8 -25 -6 -31 37 18 -2 7 30 0 24 -2 6 28 1 -21 20 37 9 42 26 7 16 2 42 10 31 -9 -1 5 18 -11 33 -10 -8 29 -3 -10 0 -10 1 1 1 -60 5 2 20 25 8 -5 -15 0
6 -4 3 -5 -20 20 2 31 -13 16 -1 -3 4 -27 -5 -11 19 24 2 10 27 -4 15 8 17 27 3 -18 7 33 2 43 12 28 3 2 12 -4 21 -2 -8 22 21 -9 26 -5 -6 24 -4 -12 -6 1 3 1 3 -52 3 4 14 35 8 -7 -17 -8
15 -14 19 5 -29 19 1 22 -24 3 13 2 4 -34 4 -13 20 31 0 18 28 -2 21 22 17 18 8 -8 20 37 5 34 2 23 9 20 28 17 31 -15 -3 18 23 -17 35 -10 4 16 4 -19 -4 6 -3 -13 12 -58 -4 4 17 26 8 -2 -18 7
6 -9 6 7 -23 8 -3 23 -8 7 6 10 10 -28 -9 -14 9 26 9 13 25 -3 17 6 9 21 6 -3 5 33 3 36 2 20 15 4 16 -4 16 -4 -4 17 25 -7 32 -19 -2 12 -5 -9 -9 9 -1 3 -1 -49 4 0 15 33 -2 -7 -12 0
0 -6 4 2 -20 17 -6 19 -20 16 12 3 2 -19 -1 -17 14 27 7 9 19 -3 19 25 18 36 4 -4 20 37 7 27 -3 21 2 7 15 13 25 -2 -9 13 30 -5 37 -10 -2 24 5 -13 -5 13 0 -1 -2 -49 0 1 13 33 -1 -6 -14 3
7 -13 7 -2 -19 22 -4 16 -26 10 11 -8 -2 -26 4 -5 12 28 11 18 22 0 16 19 15 22 4 1 5 32 8 39 2 15 8 4 15 14 16 -3 -12 8 18 -7 34 -13 -6 28 12 -22 4 7 3 -8 4 -48 2 1 11 29 -6 -8 -7 -6
12 -20 5 4 -25 24 2 26 -18 10 8 3 4 -21 -1 -3 14 25 1 14 27 -7 18 22 13 26 8 -3 5 33 5 41 5 15 3 -1 8 18 20 -1 -8 12 20 -11 38 -18 -6 25 -1 -22 -7 3 -2 -3 1 -51 -4 6 5 36 1 0 -18 -7
32 -18 10 -3 -28 13 -5 11 1 26 11 -12 17 -29 13 -40 29 23 3 6 26 -3 -1 5 4 12 -6 -7 33 25 17 48 16 2 18 1 43 21 1 5 -8 6 25 -19 35 -2 -19 36 -12 -4 1 -5 2 8 -10 -48 9 -14 11 26 -6 3 -11 -4
4 -15 -1 -6 -14 5 -2 13 -17 -4 5 -1 -10 -5 1 2 -11 1 6 7 8 -11 -2 6 0 6 3 -12 0 10 6 14 -12 8 -2 -1 1 2 -1 -2 0 -1 -2 -9 2 6 -3 -2 2 3 -4 7 -7 -1 7 -38 5 -2 3 11 -2 -3 -2 8
17 -3 2 4 -15 8 2 22 -28 -4 11 0 17 -17 -8 -30 22 10 -8 11 23 2 21 7 16 18 14 -22 1 14 0 27 12 27 -7 7 26 15 16 -3 1 -16 14 -13 16 6 1 28 -4 -11 -5 8 -3 4 -9 -50 12 -10 20 20 -3 -1 -14 3
19 -18 13 16 -10 -3 -7 27 -24 1 4 -8 8 -12 -4 -21 25 11 -21 4 13 10 21 -12 25 10 4 -19 14 23 -1 25 24 21 3 19 37 24 10 5 -13 -16 26 -14 20 9 -2 30 -18 -18 -16 0 -4 -5 -17 -56 6 -11 22 22 3 3 -23 -6
7 0 4 4 -17 -1 2 25 -29 1 13 4 16 -12 -19 -16 23 14 10 17 6 5 35 1 17 34 17 -10 0 28 1 32 -3 28 -2 8 24 9 18 -6 -9 8 22 -4 15 -5 19 28 -7 -10 -7 15 4 11 -6 -52 0 -6 21 44 -2 -1 -21 1
4 -4 15 7 -16 12 -9 11 -26 5 7 1 0 -27 -15 -8 18 16 16 32 23 11 33 15 15 20 0 -14 22 17 14 26 1 10 -3 7 25 18 30 -1 3 9 17 -11 18 -9 2 25 13 -8 -5 13 9 -2 -5 -45 1 3 25 18 -10 5 -9 10
12 -2 9 10 -22 14 -3 12 -24 6 18 13 -2 -16 -6 -1 14 14 13 31 25 9 27 21 23 25 9 -2 21 15 18 23 -10 13 0 4 20 19 28 8 -8 14 32 -15 21 -6 -8 23 0 -10 -6 9 14 -8 -5 -44 1 5 21 20 -4 3 -8 15
0 -5 1 13 -15 17 -1 12 -22 8 13 -5 7 -16 -10 -5 15 12 22 29 21 2 20 23 7 15 9 -3 14 13 21 30 6 12 4 5 23 28 18 10 -7 17 22 2 30 -11 -4 30 8 -15 -2 15 2 1 -4 -53 0 3 30 30 -18 6 -12 6
5 -2 4 8 -18 19 7 14 -26 5 9 7 5 -19 -3 -13 25 14 12 27 20 2 24 18 13 25 9 -15 6 19 16 31 12 13 -1 -5 23 20 20 2 -13 13 28 -1 33 -8 -4 35 2 -15 -5 3 -5 -1 -12 -59 -2 -3 17 38 -11 2 -12 7
13 -13 11 4 -12 9 1 19 -26 0 9 -4 10 -18 -3 -10 16 11 10 14 20 3 20 2 16 22 9 -9 -13 14 20 31 8 27 -1 4 23 13 17 -3 -2 9 18 -5 17 -2 1 27 -6 -9 0 16 1 3 2 -47 -5 -4 11 33 -12 0 -11 7
10 -13 5 3 -19 16 0 24 -25 -3 8 4 7 -19 -3 -9 11 5 11 21 23 7 17 6 18 25 8 -11 -3 16 6 27 4 36 -2 9 16 4 19 0 -8 8 16 -16 23 -5 1 29 -4 -10 -11 10 -4 4 5 -47 -2 -14 14 29 -9 2 -10 13
9 -11 11 12 -19 16 -3 26 -29 2 4 -1 10 -27 -13 -19 22 14 11 26 26 12 13 11 27 24 11 -17 -4 10 10 32 0 23 -1 -7 27 21 20 6 1 11 20 -6 17 -16 6 34 5 -23 -17 9 9 3 -7 -57 -1 10 3 40 -11 6 -11 8
8 -7 0 -3 -20 13 -2 32 -21 5 3 6 8 -20 -8 -4 15 11 7 13 17 -7 24 2 14 40 8 -25 -2 10 8 33 6 20 -2 -7 15 8 31 0 0 12 20 -15 23 -4 5 20 3 -15 -7 8 7 4 -9 -50 6 -8 15 28 1 -7 -9 7
7 -12 13 14 -19 12 2 29 -32 4 10 0 5 -28 -15 -14 21 24 13 23 13 13 28 18 16 29 9 -13 10 28 10 25 -2 19 7 12 24 11 29 -4 1 6 25 -13 19 -15 13 21 3 -5 -9 21 0 -10 -2 -49 -7 8 16 30 -1 9 -12 3
11 -10 4 6 -14 11 -3 29 -20 3 7 8 13 -20 -20 -9 13 15 19 14 20 5 17 8 12 30 -4 -5 3 23 -1 28 -3 19 7 -2 16 0 15 8 -4 5 19 -11 18 -20 6 13 -4 -5 -14 21 10 1 -7 -41 1 1 8 33 -11 1 -11 4
9 -9 6 12 -20 13 3 20 -24 13 15 8 -2 -13 -9 -16 17 23 10 16 24 0 28 17 24 31 4 -3 21 27 6 27 -1 19 4 13 18 20 27 -2 -10 14 31 -5 19 -12 -7 21 3 -10 -9 24 -2 -8 -5 -51 -7 4 14 34 1 1 -14 6
2 -4 4 -2 -18 15 2 19 -28 7 6 -5 -4 -24 0 0 17 31 11 21 26 12 25 18 16 32 4 0 5 18 12 32 -3 15 5 4 17 15 17 8 -13 5 19 -9 30 -13 -7 23 6 -23 -4 13 8 -9 -9 -52 2 -3 14 37 -11 0 -13 -2
11 -13 1 6 -23 18 13 20 -26 7 14 -3 11 -23 -17 -4 11 22 15 24 26 1 20 17 8 31 2 2 5 23 12 35 2 9 3 -3 21 25 23 2 -6 9 22 -8 34 -23 2 25 0 -17 -5 11 6 -1 -9 -50 0 1 14 36 -13 -3 -13 2
27 -26 3 -1 -10 8 -5 13 -7 25 -3 -19 19 -20 1 -35 29 19 15 9 21 8 7 12 2 20 -1 -1 27 16 11 30 15 16 3 -2 31 19 10 17 -8 4 30 -13 32 -7 -8 51 -7 -8 -1 2 6 17 -11 -44 13 -12 11 25 -9 15 -16 5
9 -14 -1 -7 -14 4 -4 12 -18 -3 4 -2 -8 -2 2 2 -11 1 5 7 7 -10 -1 3 1 6 6 -7 -3 9 4 12 -17 8 2 -1 -2 0 -4 -4 -1 -1 -3 -9 2 6 -3 -2 5 4 -2 5 -5 -2 7 -35 7 -1 7 7 -3 -1 2 9
33 -10 14 -1 -17 12 11 6 -7 1 39 -2 26 -6 -11 -17 2 15 3 2 15 -20 -11 13 14 9 8 11 12 9 7 35 17 12 15 11 26 2 -2 -6 -4 4 22 -16 22 26 -7 11 -11 -13 1 -3 0 3 -1 -46 21 -11 -1 46 -10 -6 -10 -7
33 -10 14 -1 -17 12 11 6 -7 1 39 -2 26 -6 -11 -17 2 15 3 2 15 -20 -11 13 14 9 8 11 12 9 7 35 17 12 15 11 26 2 -2 -6 -4 4 22 -16 22 26 -7 11 -11 -13 1 -3 0 3 -1 -46 21 -11 -1 46 -10 -6 -10 -7
33 -10 14 -1 -17 12 11 6 -7 1 39 -2 26 -6 -11 -17 2 15 3 2 15 -20 -11 13 14 9 8 11 12 9 7 35 17 12 15 11 26 2 -2 -6 -4 4 22 -16 22 26 -7 11 -11 -13 1 -3 0 3 -1 -46 21 -11 -1 46 -10 -6 -10 -7
33 -10 14 -1 -17 12 11 6 -7 1 39 -2 26 -6 -11 -17 2 15 3 2 15 -20 -11 13 14 9 8 11 12 9 7 35 17 12 15 11 26 2 -2 -6 -4 4 22 -16 22 26 -7 11 -11 -13 1 -3 0 3 -1 -46 21 -11 -1 46 -10 -6 -10 -7
33 -10 14 -1 -17 12 11 6 -7 1 39 -2 26 -6 -11 -17 2 15 3 2 15 -20 -11 13 14 9 8 11 12 9 7 35 17 12 15 11 26 2 -2 -6 -4 4 22 -16 22 26 -7 11 -11 -13 1 -3 0 3 -1 -46 21 -11 -1 46 -10 -6 -10 -7
33 -10 14 -1 -17 12 11 6 -7 1 39 -2 26 -6 -11 -17 2 15 3 2 15 -20 -11 13 14 9 8 11 12 9 7 35 17 12 15 11 26 2 -2 -6 -4 4 22 -16 22 26 -7 11 -11 -13 1 -3 0 3 -1 -46 21 -11 -1 46 -10 -6 -10 -7
33 -10 14 -1 -17 12 11 6 -7 1 39 -2 26 -6 -11 -17 2 15 3 2 15 -20 -11 13 14 9 8 11 12 9 7 35 17 12 15 11 26 2 -2 -6 -4 4 22 -16 22 26 -7 11 -11 -13 1 -3 0 3 -1 -46 21 -11 -1 46 -10 -6 -10 -7
33 -10 14 -1 -17 12 11 6 -7 1 39 -2 26 -6 -11 -17 2 15 3 2 15 -20 -11 13 14 9 8 11 12 9 7 35 17 12 15 11 26 2 -2 -6 -4 4 22 -16 22 26 -7 11 -11 -13 1 -3 0 3 -1 -46 21 -11 -1 46 -10 -6 -10 -7
33 -10 14 -1 -17 12 11 6 -7 1 39 -2 26 -6 -11 -17 2 15 3 2 15 -20 -11 13 14 9 8 11 12 9 7 35 17 12 15 11 26 2 -2 -6 -4 4 22 -16 22 26 -7 11 -11 -13 1 -3 0 3 -1 -46 21 -11 -1 46 -10 -6 -10 -7
33 -10 14 -1 -17 12 11 6 -7 1 39 -2 26 -6 -11 -17 2 15 3 2 15 -20 -11 13 14 9 8 11 12 9 7 35 17 12 15 11 26 2 -2 -6 -4 4 22 -16 22 26 -7 11 -11 -13 1 -3 0 3 -1 -46 21 -11 -1 46 -10 -6 -10 -7
33 -10 14 -1 -17 12 11 6 -7 1 39 -2 26 -6 -11 -17 2 15 3 2 15 -20 -11 13 14 9 8 11 12 9 7 35 17 12 15 11 26 2 -2 -6 -4 4 22 -16 22 26 -7 11 -11 -13 1 -3 0 3 -1 -46 21 -11 -1 46 -10 -6 -10 -7
33 -10 14 -1 -17 12 11 6 -7 1 39 -2 26 -6 -11 -17 2 15 3 2 15 -20 -11 13 14 9 8 11 12 9 7 35 17 12 15 11 26 2 -2 -6 -4 4 22 -16 22 26 -7 11 -11 -13 1 -3 0 3 -1 -46 21 -11 -1 46 -10 -6 -10 -7
33 -10 14 -1 -17 12 11 6 -7 1 39 -2 26 -6 -11 -17 2 15 3 2 15 -20 -11 13 14 9 8 11 12 9 7 35 17 12 15 11 26 2 -2 -6 -4 4 22 -16 22 26 -7 11 -11 -13 1 -3 0 3 -1 -46 21 -11 -1 46 -10 -6 -10 -7
33 -10 14 -1 -17 12 11 6 -7 1 39 -2 26 -6 -11 -17 2 15 3 2 15 -20 -11 13 14 9 8 11 12 9 7 35 17 12 15 11 26 2 -2 -6 -4 4 22 -16 22 26 -7 11 -11 -13 1 -3 0 3 -1 -46 21 -11 -1 46 -10 -6 -10 -7
33 -10 14 -1 -17 12 11 6 -7 1 39 -2 26 -6 -11 -17 2 15 3 2 15 -20 -11 13 14 9 8 11 12 9 7 35 17 12 15 11 26 2 -2 -6 -4 4 22 -16 22 26 -7 11 -11 -13 1 -3 0 3 -1 -46 21 -11 -1 46 -10 -6 -10 -7
33 -10 14 -1 -17 12 11 6 -7 1 39 -2 26 -6 -11 -17 2 15 3 2 15 -20 -11 13 14 9 8 11 12 9 7 35 17 12 15 11 26 2 -2 -6 -4 4 22 -16 22 26 -7 11 -11 -13 1 -3 0 3 -1 -46 21 -11 -1 46 -10 -6 -10 -7
33 -10 14 -1 -17 12 11 6 -7 1 39 -2 26 -6 -11 -17 2 15 3 2 15 -20 -11 13 14 9 8 11 12 9 7 35 17 12 15 11 26 2 -2 -6 -4 4 22 -16 22 26 -7 11 -11 -13 1 -3 0 3 -1 -46 21 -11 -1 46 -10 -6 -10 -7
33 -10 14 -1 -17 12 11 6 -7 1 39 -2 26 -6 -11 -17 2 15 3 2 15 -20 -11 13 14 9 8 11 12 9 7 35 17 12 15 11 26 2 -2 -6 -4 4 22 -16 22 26 -7 11 -11 -13 1 -3 0 3 -1 -46 21 -11 -1 46 -10 -6 -10 -7
33 -10 14 -1 -17 12 11 6 -7 1 39 -2 26 -6 -11 -17 2 15 3 2 15 -20 -11 13 14 9 8 11 12 9 7 35 17 12 15 11 26 2 -2 -6 -4 4 22 -16 22 26 -7 11 -11 -13 1 -3 0 3 -1 -46 21 -11 -1 46 -10 -6 -10 -7
33 -10 14 -1 -17 12 11 6 -7 1 39 -2 26 -6 -11 -17 2 15 3 2 15 -20 -11 13 14 9 8 11 12 9 7 35 17 12 15 11 26 2 -2 -6 -4 4 22 -16 22 26 -7 11 -11 -13 1 -3 0 3 -1 -46 21 -11 -1 46 -10 -6 -10 -7
33 -10 14 -1 -17 12 11 6 -7 1 39 -2 26 -6 -11 -17 2 15 3 2 15 -20 -11 13 14 9 8 11 12 9 7 35 17 12 15 11 26 2 -2 -6 -4 4 22 -16 22 26 -7 11 -11 -13 1 -3 0 3 -1 -46 21 -11 -1 46 -10 -6 -10 -7
33 -10 14 -1 -17 12 11 6 -7 1 39 -2 26 -6 -11 -17 2 15 3 2 15 -20 -11 13 14 9 8 11 12 9 7 35 17 12 15 11 26 2 -2 -6 -4 4 22 -16 22 26 -7 11 -11 -13 1 -3 0 3 -1 -46 21 -11 -1 46 -10 -6 -10 -7
33 -10 14 -1 -17 12 11 6 -7 1 39 -2 26 -6 -11 -17 2 15 3 2 15 -20 -11 13 14 9 8 11 12 9 7 35 17 12 15 11 26 2 -2 -6 -4 4 22 -16 22 26 -7 11 -11 -13 1 -3 0 3 -1 -46 21 -11 -1 46 -10 -6 -10 -7
33 -10 14 -1 -17 12 11 6 -7 1 39 -2 26 -6 -11 -17 2 15 3 2 15 -20 -11 13 14 9 8 11 12 9 7 35 17 12 15 11 26 2 -2 -6 -4 4 22 -16 22 26 -7 11 -11 -13 1 -3 0 3 -1 -46 21 -11 -1 46 -10 -6 -10 -7
33 -10 14 -1 -17 12 11 6 -7 1 39 -2 26 -6 -11 -17 2 15 3 2 15 -20 -11 13 14 9 8 11 12 9 7 35 17 12 15 11 26 2 -2 -6 -4 4 22 -16 22 26 -7 11 -11 -13 1 -3 0 3 -1 -46 21 -11 -1 46 -10 -6 -10 -7
33 -10 14 -1 -17 12 11 6 -7 1 39 -2 26 -6 -11 -17 2 15 3 2 15 -20 -11 13 14 9 8 11 12 9 7 35 17 12 15 11 26 2 -2 -6 -4 4 22 -16 22 26 -7 11 -11 -13 1 -3 0 3 -1 -46 21 -11 -1 46 -10 -6 -10 -7
33 -10 14 -1 -17 12 11 6 -7 1 39 -2 26 -6 -11 -17 2 15 3 2 15 -20 -11 13 14 9 8 11 12 9 7 35 17 12 15 11 26 2 -2 -6 -4 4 22 -16 22 26 -7 11 -11 -13 1 -3 0 3 -1 -46 21 -11 -1 46 -10 -6 -10 -7
33 -10 14 -1 -17 12 11 6 -7 1 39 -2 26 -6 -11 -17 2 15 3 2 15 -20 -11 13 14 9 8 11 12 9 7 35 17 12 15 11 26 2 -2 -6 -4 4 22 -16 22 26 -7 11 -11 -13 1 -3 0 3 -1 -46 21 -11 -1 46 -10 -6 -10 -7
33 -10 14 -1 -17 12 11 6 -7 1 39 -2 26 -6 -11 -17 2 15 3 2 15 -20 -11 13 14 9 8 11 12 9 7 35 17 12 15 11 26 2 -2 -6 -4 4 22 -16 22 26 -7 11 -11 -13 1 -3 0 3 -1 -46 21 -11 -1 46 -10 -6 -10 -7
33 -10 14 -1 -17 12 11 6 -7 1 39 -2 26 -6 -11 -17 2 15 3 2 15 -20 -11 13 14 9 8 11 12 9 7 35 17 12 15 11 26 2 -2 -6 -4 4 22 -16 22 26 -7 11 -11 -13 1 -3 0 3 -1 -46 21 -11 -1 46 -10 -6 -10 -7
33 -10 14 -1 -17 12 11 6 -7 1 39 -2 26 -6 -11 -17 2 15 3 2 15 -20 -11 13 14 9 8 11 12 9 7 35 17 12 15 11 26 2 -2 -6 -4 4 22 -16 22 26 -7 11 -11 -13 1 -3 0 3 -1 -46 21 -11 -1 46 -10 -6 -10 -7
33 -10 14 -1 -17 12 11 6 -7 1 39 -2 26 -6 -11 -17 2 15 3 2 15 -20 -11 13 14 9 8 11 12 9 7 35 17 12 15 11 26 2 -2 -6 -4 4 22 -16 22 26 -7 11 -11 -13 1 -3 0 3 -1 -46 21 -11 -1 46 -10 -6 -10 -7
33 -10 14 -1 -17 12 11 6 -7 1 39 -2 26 -6 -11 -17 2 15 3 2 15 -20 -11 13 14 9 8 11 12 9 7 35 17 12 15 11 26 2 -2 -6 -4 4 22 -16 22 26 -7 11 -11 -13 1 -3 0 3 -1 -46 21 -11 -1 46 -10 -6 -10 -7
33 -10 14 -1 -17 12 11 6 -7 1 39 -2 26 -6 -11 -17 2 15 3 2 15 -20 -11 13 14 9 8 11 12 9 7 35 17 12 15 11 26 2 -2 -6 -4 4 22 -16 22 26 -7 11 -11 -13 1 -3 0 3 -1 -46 21 -11 -1 46 -10 -6 -10 -7
33 -10 14 -1 -17 12 11 6 -7 1 39 -2 26 -6 -11 -17 2 15 3 2 15 -20 -11 13 14 9 8 11 12 9 7 35 17 12 15 11 26 2 -2 -6 -4 4 22 -16 22 26 -7 11 -11 -13 1 -3 0 3 -1 -46 21 -11 -1 46 -10 -6 -10 -7
33 -10 14 -1 -17 12 11 6 -7 1 39 -2 26 -6 -11 -17 2 15 3 2 15 -20 -11 13 14 9 8 11 12 9 7 35 17 12 15 11 26 2 -2 -6 -4 4 22 -16 22 26 -7 11 -11 -13 1 -3 0 3 -1 -46 21 -11 -1 46 -10 -6 -10 -7
33 -10 14 -1 -17 12 11 6 -7 1 39 -2 26 -6 -11 -17 2 15 3 2 15 -20 -11 13 14 9 8 11 12 9 7 35 17 12 15 11 26 2 -2 -6 -4 4 22 -16 22 26 -7 11 -11 -13 1 -3 0 3 -1 -46 21 -11 -1 46 -10 -6 -10 -7
33 -10 14 -1 -17 12 11 6 -7 1 39 -2 26 -6 -11 -17 2 15 3 2 15 -20 -11 13 14 9 8 11 12 9 7 35 17 12 15 11 26 2 -2 -6 -4 4 22 -16 22 26 -7 11 -11 -13 1 -3 0 3 -1 -46 21 -11 -1 46 -10 -6 -10 -7
33 -10 14 -1 -17 12 11 6 -7 1 39 -2 26 -6 -11 -17 2 15 3 2 15 -20 -11 13 14 9 8 11 12 9 7 35 17 12 15 11 26 2 -2 -6 -4 4 22 -16 22 26 -7 11 -11 -13 1 -3 0 3 -1 -46 21 -11 -1 46 -10 -6 -10 -7
33 -10 14 -1 -17 12 11 6 -7 1 39 -2 26 -6 -11 -17 2 15 3 2 15 -20 -11 13 14 9 8 11 12 9 7 35 17 12 15 11 26 2 -2 -6 -4 4 22 -16 22 26 -7 11 -11 -13 1 -3 0 3 -1 -46 21 -11 -1 46 -10 -6 -10 -7
33 -10 14 -1 -17 12 11 6 -7 1 39 -2 26 -6 -11 -17 2 15 3 2 15 -20 -11 13 14 9 8 11 12 9 7 35 17 12 15 11 26 2 -2 -6 -4 4 22 -16 22 26 -7 11 -11 -13 1 -3 0 3 -1 -46 21 -11 -1 46 -10 -6 -10 -7
33 -10 14 -1 -17 12 11 6 -7 1 39 -2 26 -6 -11 -17 2 15 3 2 15 -20 -11 13 14 9 8 11 12 9 7 35 17 12 15 11 26 2 -2 -6 -4 4 22 -16 22 26 -7 11 -11 -13 1 -3 0 3 -1 -46 21 -11 -1 46 -10 -6 -10 -7
33 -10 14 -1 -17 12 11 6 -7 1 39 -2 26 -6 -11 -17 2 15 3 2 15 -20 -11 13 14 9 8 11 12 9 7 35 17 12 15 11 26 2 -2 -6 -4 4 22 -16 22 26 -7 11 -11 -13 1 -3 0 3 -1 -46 21 -11 -1 46 -10 -6 -10 -7
33 -10 14 -1 -17 12 11 6 -7 1 39 -2 26 -6 -11 -17 2 15 3 2 15 -20 -11 13 14 9 8 11 12 9 7 35 17 12 15 11 26 2 -2 -6 -4 4 22 -16 22 26 -7 11 -11 -13 1 -3 0 3 -1 -46 21 -11 -1 46 -10 -6 -10 -7
33 -10 14 -1 -17 12 11 6 -7 1 39 -2 26 -6 -11 -17 2 15 3 2 15 -20 -11 13 14 9 8 11 12 9 7 35 17 12 15 11 26 2 -2 -6 -4 4 22 -16 22 26 -7 11 -11 -13 1 -3 0 3 -1 -46 21 -11 -1 46 -10 -6 -10 -7
33 -10 14 -1 -17 12 11 6 -7 1 39 -2 26 -6 -11 -17 2 15 3 2 15 -20 -11 13 14 9 8 11 12 9 7 35 17 12 15 11 26 2 -2 -6 -4 4 22 -16 22 26 -7 11 -11 -13 1 -3 0 3 -1 -46 21 -11 -1 46 -10 -6 -10 -7
33 -10 14 -1 -17 12 11 6 -7 1 39 -2 26 -6 -11 -17 2 15 3 2 15 -20 -11 13 14 9 8 11 12 9 7 35 17 12 15 11 26 2 -2 -6 -4 4 22 -16 22 26 -7 11 -11 -13 1 -3 0 3 -1 -46 21 -11 -1 46 -10 -6 -10 -7
33 -10 14 -1 -17 12 11 6 -7 1 39 -2 26 -6 -11 -17 2 15 3 2 15 -20 -11 13 14 9 8 11 12 9 7 35 17 12 15 11 26 2 -2 -6 -4 4 22 -16 22 26 -7 11 -11 -13 1 -3 0 3 -1 -46 21 -11 -1 46 -10 -6 -10 -7
33 -10 14 -1 -17 12 11 6 -7 1 39 -2 26 -6 -11 -17 2 15 3 2 15 -20 -11 13 14 9 8 11 12 9 7 35 17 12 15 11 26 2 -2 -6 -4 4 22 -16 22 26 -7 11 -11 -13 1 -3 0 3 -1 -46 21 -11 -1 46 -10 -6 -10 -7
33 -10 14 -1 -17 12 11 6 -7 1 39 -2 26 -6 -11 -17 2 15 3 2 15 -20 -11 13 14 9 8 11 12 9 7 35 17 12 15 11 26 2 -2 -6 -4 4 22 -16 22 26 -7 11 -11 -13 1 -3 0 3 -1 -46 21 -11 -1 46 -10 -6 -10 -7
33 -10 14 -1 -17 12 11 6 -7 1 39 -2 26 -6 -11 -17 2 15 3 2 15 -20 -11 13 14 9 8 11 12 9 7 35 17 12 15 11 26 2 -2 -6 -4 4 22 -16 22 26 -7 11 -11 -13 1 -3 0 3 -1 -46 21 -11 -1 46 -10 -6 -10 -7
33 -10 14 -1 -17 12 11 6 -7 1 39 -2 26 -6 -11 -17 2 15 3 2 15 -20 -11 13 14 9 8 11 12 9 7 35 17 12 15 11 26 2 -2 -6 -4 4 22 -16 22 26 -7 11 -11 -13 1 -3 0 3 -1 -46 21 -11 -1 46 -10 -6 -10 -7
33 -10 14 -1 -17 12 11 6 -7 1 39 -2 26 -6 -11 -17 2 15 3 2 15 -20 -11 13 14 9 8 11 12 9 7 35 17 12 15 11 26 2 -2 -6 -4 4 22 -16 22 26 -7 11 -11 -13 1 -3 0 3 -1 -46 21 -11 -1 46 -10 -6 -10 -7
33 -10 14 -1 -17 12 11 6 -7 1 39 -2 26 -6 -11 -17 2 15 3 2 15 -20 -11 13 14 9 8 11 12 9 7 35 17 12 15 11 26 2 -2 -6 -4 4 22 -16 22 26 -7 11 -11 -13 1 -3 0 3 -1 -46 21 -11 -1 46 -10 -6 -10 -7
33 -10 14 -1 -17 12 11 6 -7 1 39 -2 26 -6 -11 -17 2 15 3 2 15 -20 -11 13 14 9 8 11 12 9 7 35 17 12 15 11 26 2 -2 -6 -4 4 22 -16 22 26 -7 11 -11 -13 1 -3 0 3 -1 -46 21 -11 -1 46 -10 -6 -10 -7
33 -10 14 -1 -17 12 11 6 -7 1 39 -2 26 -6 -11 -17 2 15 3 2 15 -20 -11 13 14 9 8 11 12 9 7 35 17 12 15 11 26 2 -2 -6 -4 4 22 -16 22 26 -7 11 -11 -13 1 -3 0 3 -1 -46 21 -11 -1 46 -10 -6 -10 -7
33 -10 14 -1 -17 12 11 6 -7 1 39 -2 26 -6 -11 -17 2 15 3 2 15 -20 -11 13 14 9 8 11 12 9 7 35 17 12 15 11 26 2 -2 -6 -4 4 22 -16 22 26 -7 11 -11 -13 1 -3 0 3 -1 -46 21 -11 -1 46 -10 -6 -10 -7
33 -10 14 -1 -17 12 11 6 -7 1 39 -2 26 -6 -11 -17 2 15 3 2 15 -20 -11 13 14 9 8 11 12 9 7 35 17 12 15 11 26 2 -2 -6 -4 4 22 -16 22 26 -7 11 -11 -13 1 -3 0 3 -1 -46 21 -11 -1 46 -10 -6 -10 -7
33 -10 14 -1 -17 12 11 6 -7 1 39 -2 26 -6 -11 -17 2 15 3 2 15 -20 -11 13 14 9 8 11 12 9 7 35 17 12 15 11 26 2 -2 -6 -4 4 22 -16 22 26 -7 11 -11 -13 1 -3 0 3 -1 -46 21 -11 -1 46 -10 -6 -10 -7
33 -10 14 -1 -17 12 11 6 -7 1 39 -2 26 -6 -11 -17 2 15 3 2 15 -20 -11 13 14 9 8 11 12 9 7 35 17 12 15 11 26 2 -2 -6 -4 4 22 -16 22 26 -7 11 -11 -13 1 -3 0 3 -1 -46 21 -11 -1 46 -10 -6 -10 -7
33 -10 14 -1 -17 12 11 6 -7 1 39 -2 26 -6 -11 -17 2 15 3 2 15 -20 -11 13 14 9 8 11 12 9 7 35 17 12 15 11 26 2 -2 -6 -4 4 22 -16 22 26 -7 11 -11 -13 1 -3 0 3 -1 -46 21 -11 -1 46 -10 -6 -10 -7
33 -10 14 -1 -17 12 11 6 -7 1 39 -2 26 -6 -11 -17 2 15 3 2 15 -20 -11 13 14 9 8 11 12 9 7 35 17 12 15 11 26 2 -2 -6 -4 4 22 -16 22 26 -7 11 -11 -13 1 -3 0 3 -1 -46 21 -11 -1 46 -10 -6 -10 -7
33 -10 14 -1 -17 12 11 6 -7 1 39 -2 26 -6 -11 -17 2 15 3 2 15 -20 -11 13 14 9 8 11 12 9 7 35 17 12 15 11 26 2 -2 -6 -4 4 22 -16 22 26 -7 11 -11 -13 1 -3 0 3 -1 -46 21 -11 -1 46 -10 -6 -10 -7
33 -10 14 -1 -17 12 11 6 -7 1 39 -2 26 -6 -11 -17 2 15 3 2 15 -20 -11 13 14 9 8 11 12 9 7 35 17 12 15 11 26 2 -2 -6 -4 4 22 -16 22 26 -7 11 -11 -13 1 -3 0 3 -1 -46 21 -11 -1 46 -10 -6 -10 -7
33 -10 14 -1 -17 12 11 6 -7 1 39 -2 26 -6 -11 -17 2 15 3 2 15 -20 -11 13 14 9 8 11 12 9 7 35 17 12 15 11 26 2 -2 -6 -4 4 22 -16 22 26 -7 11 -11 -13 1 -3 0 3 -1 -46 21 -11 -1 46 -10 -6 -10 -7
33 -10 14 -1 -17 12 11 6 -7 1 39 -2 26 -6 -11 -17 2 15 3 2 15 -20 -11 13 14 9 8 11 12 9 7 35 17 12 15 11 26 2 -2 -6 -4 4 22 -16 22 26 -7 11 -11 -13 1 -3 0 3 -1 -46 21 -11 -1 46 -10 -6 -10 -7
33 -10 14 -1 -17 12 11 6 -7 1 39 -2 26 -6 -11 -17 2 15 3 2 15 -20 -11 13 14 9 8 11 12 9 7 35 17 12 15 11 26 2 -2 -6 -4 4 22 -16 22 26 -7 11 -11 -13 1 -3 0 3 -1 -46 21 -11 -1 46 -10 -6 -10 -7
33 -10 14 -1 -17 12 11 6 -7 1 39 -2 26 -6 -11 -17 2 15 3 2 15 -20 -11 13 14 9 8 11 12 9 7 35 17 12 15 11 26 2 -2 -6 -4 4 22 -16 22 26 -7 11 -11 -13 1 -3 0 3 -1 -46 21 -11 -1 46 -10 -6 -10 -7
33 -10 14 -1 -17 12 11 6 -7 1 39 -2 26 -6 -11 -17 2 15 3 2 15 -20 -11 13 14 9 8 11 12 9 7 35 17 12 15 11 26 2 -2 -6 -4 4 22 -16 22 26 -7 11 -11 -13 1 -3 0 3 -1 -46 21 -11 -1 46 -10 -6 -10 -7
33 -10 14 -1 -17 12 11 6 -7 1 39 -2 26 -6 -11 -17 2 15 3 2 15 -20 -11 13 14 9 8 11 12 9 7 35 17 12 15 11 26 2 -2 -6 -4 4 22 -16 22 26 -7 11 -11 -13 1 -3 0 3 -1 -46 21 -11 -1 46 -10 -6 -10 -7
33 -10 14 -1 -17 12 11 6 -7 1 39 -2 26 -6 -11 -17 2 15 3 2 15 -20 -11 13 14 9 8 11 12 9 7 35 17 12 15 11 26 2 -2 -6 -4 4 22 -16 22 26 -7 11 -11 -13 1 -3 0 3 -1 -46 21 -11 -1 46 -10 -6 -10 -7
33 -10 14 -1 -17 12 11 6 -7 1 39 -2 26 -6 -11 -17 2 15 3 2 15 -20 -11 13 14 9 8 11 12 9 7 35 17 12 15 11 26 2 -2 -6 -4 4 22 -16 22 26 -7 11 -11 -13 1 -3 0 3 -1 -46 21 -11 -1 46 -10 -6 -10 -7
33 -10 14 -1 -17 12 11 6 -7 1 39 -2 26 -6 -11 -17 2 15 3 2 15 -20 -11 13 14 9 8 11 12 9 7 35 17 12 15 11 26 2 -2 -6 -4 4 22 -16 22 26 -7 11 -11 -13 1 -3 0 3 -1 -46 21 -11 -1 46 -10 -6 -10 -7
33 -10 14 -1 -17 12 11 6 -7 1 39 -2 26 -6 -11 -17 2 15 3 2 15 -20 -11 13 14 9 8 11 12 9 7 35 17 12 15 11 26 2 -2 -6 -4 4 22 -16 22 26 -7 11 -11 -13 1 -3 0 3 -1 -46 21 -11 -1 46 -10 -6 -10 -7
33 -10 14 -1 -17 12 11 6 -7 1 39 -2 26 -6 -11 -17 2 15 3 2 15 -20 -11 13 14 9 8 11 12 9 7 35 17 12 15 11 26 2 -2 -6 -4 4 22 -16 22 26 -7 11 -11 -13 1 -3 0 3 -1 -46 21 -11 -1 46 -10 -6 -10 -7
33 -10 14 -1 -17 12 11 6 -7 1 39 -2 26 -6 -11 -17 2 15 3 2 15 -20 -11 13 14 9 8 11 12 9 7 35 17 12 15 11 26 2 -2 -6 -4 4 22 -16 22 26 -7 11 -11 -13 1 -3 0 3 -1 -46 21 -11 -1 46 -10 -6 -10 -7
33 -10 14 -1 -17 12 11 6 -7 1 39 -2 26 -6 -11 -17 2 15 3 2 15 -20 -11 13 14 9 8 11 12 9 7 35 17 12 15 11 26 2 -2 -6 -4 4 22 -16 22 26 -7 11 -11 -13 1 -3 0 3 -1 -46 21 -11 -1 46 -10 -6 -10 -7
33 -10 14 -1 -17 12 11 6 -7 1 39 -2 26 -6 -11 -17 2 15 3 2 15 -20 -11 13 14 9 8 11 12 9 7 35 17 12 15 11 26 2 -2 -6 -4 4 22 -16 22 26 -7 11 -11 -13 1 -3 0 3 -1 -46 21 -11 -1 46 -10 -6 -10 -7
33 -10 14 -1 -17 12 11 6 -7 1 39 -2 26 -6 -11 -17 2 15 3 2 15 -20 -11 13 14 9 8 11 12 9 7 35 17 12 15 11 26 2 -2 -6 -4 4 22 -16 22 26 -7 11 -11 -13 1 -3 0 3 -1 -46 21 -11 -1 46 -10 -6 -10 -7
33 -10 14 -1 -17 12 11 6 -7 1 39 -2 26 -6 -11 -17 2 15 3 2 15 -20 -11 13 14 9 8 11 12 9 7 35 17 12 15 11 26 2 -2 -6 -4 4 22 -16 22 26 -7 11 -11 -13 1 -3 0 3 -1 -46 21 -11 -1 46 -10 -6 -10 -7
33 -10 14 -1 -17 12 11 6 -7 1 39 -2 26 -6 -11 -17 2 15 3 2 15 -20 -11 13 14 9 8 11 12 9 7 35 17 12 15 11 26 2 -2 -6 -4 4 22 -16 22 26 -7 11 -11 -13 1 -3 0 3 -1 -46 21 -11 -1 46 -10 -6 -10 -7
33 -10 14 -1 -17 12 11 6 -7 1 39 -2 26 -6 -11 -17 2 15 3 2 15 -20 -11 13 14 9 8 11 12 9 7 35 17 12 15 11 26 2 -2 -6 -4 4 22 -16 22 26 -7 11 -11 -13 1 -3 0 3 -1 -46 21 -11 -1 46 -10 -6 -10 -7
33 -10 14 -1 -17 12 11 6 -7 1 39 -2 26 -6 -11 -17 2 15 3 2 15 -20 -11 13 14 9 8 11 12 9 7 35 17 12 15 11 26 2 -2 -6 -4 4 22 -16 22 26 -7 11 -11 -13 1 -3 0 3 -1 -46 21 -11 -1 46 -10 -6 -10 -7
33 -10 14 -1 -17 12 11 6 -7 1 39 -2 26 -6 -11 -17 2 15 3 2 15 -20 -11 13 14 9 8 11 12 9 7 35 17 12 15 11 26 2 -2 -6 -4 4 22 -16 22 26 -7 11 -11 -13 1 -3 0 3 -1 -46 21 -11 -1 46 -10 -6 -10 -7
33 -10 14 -1 -17 12 11 6 -7 1 39 -2 26 -6 -11 -17 2 15 3 2 15 -20 -11 13 14 9 8 11 12 9 7 35 17 12 15 11 26 2 -2 -6 -4 4 22 -16 22 26 -7 11 -11 -13 1 -3 0 3 -1 -46 21 -11 -1 46 -10 -6 -10 -7
33 -10 14 -1 -17 12 11 6 -7 1 39 -2 26 -6 -11 -17 2 15 3 2 15 -20 -11 13 14 9 8 11 12 9 7 35 17 12 15 11 26 2 -2 -6 -4 4 22 -16 22 26 -7 11 -11 -13 1 -3 0 3 -1 -46 21 -11 -1 46 -10 -6 -10 -7
33 -10 14 -1 -17 12 11 6 -7 1 39 -2 26 -6 -11 -17 2 15 3 2 15 -20 -11 13 14 9 8 11 12 9 7 35 17 12 15 11 26 2 -2 -6 -4 4 22 -16 22 26 -7 11 -11 -13 1 -3 0 3 -1 -46 21 -11 -1 46 -10 -6 -10 -7
