6 -6 -4 9 0 -11 4 5 -2 3 -10 -5 15 -10 5 10 0 -4 20 -14 -13 -11 20 -4 3 2 0 3 -2 -16 -10 -12 26 13 5 2 -5 1 12 -11 -7 16 -9 4 8 19 -3 30 -4 12 17 -2 15 6 -35 -7 -9 -4 -21 8 -20 16 3 5
18 7 -9 20 5 -4 1 -3 7 33 -24 -26 -4 -5 23 -14 -30 -11 28 -8 -33 -23 9 28 -32 15 13 -8 -4 -19 3 -6 1 -18 -9 -5 -15 36 2 17 4 -17 -15 11 3 21 3 25 10 12 23 -4 23 -2 1 3 -9 20 -10 10 -16 24 -17 -4
31 -11 -19 29 4 0 1 9 4 39 -20 -24 4 5 34 -13 -31 -8 21 -8 -53 -26 9 16 -31 8 4 -12 -5 -24 -16 0 9 -25 -14 -14 -8 38 -11 11 12 -19 -7 -2 -9 16 0 21 6 6 20 8 15 1 13 -3 -4 25 -6 14 -19 31 -11 -23
23 -4 -15 35 12 0 9 5 5 26 -26 -26 -1 -8 28 -21 -23 -8 16 -7 -42 -30 10 5 -22 16 6 -19 -1 -12 -23 4 7 -8 -8 -1 -4 33 -18 14 -1 -10 -15 3 -1 15 -3 24 5 11 11 12 11 -6 15 -4 -6 5 -4 1 -20 27 -3 -11
30 -21 -20 35 -2 8 14 9 4 21 -24 -18 4 -11 30 -20 -17 -10 3 -5 -37 -28 8 6 -27 7 11 -12 -4 -7 -14 -5 4 -21 -18 -3 0 28 -10 10 6 -6 -26 -9 -10 6 5 26 -9 15 14 16 12 5 12 2 -15 8 7 1 -20 25 -3 -5
31 -16 -9 30 -2 2 12 10 4 20 -11 -20 -2 -5 35 -22 -17 -14 18 5 -40 -28 5 12 -25 5 17 -16 0 -18 -18 3 1 -14 -7 -6 -3 22 -31 13 3 -3 -15 -2 -10 16 0 23 -6 10 6 26 12 8 24 8 -12 10 -4 3 -21 28 -8 2
21 -15 -9 35 7 1 16 -2 7 28 -13 -22 4 -8 29 -17 -26 -25 20 -14 -42 -18 8 -2 -29 9 26 -9 5 -6 -23 -9 5 -26 -11 -2 -5 30 -30 12 12 -12 -17 -5 -9 21 9 26 -19 24 16 22 7 -5 25 -3 0 19 -5 16 -12 25 5 18
20 -8 -6 31 15 -2 2 5 8 27 -17 -24 1 -12 27 -17 -21 -11 21 -16 -35 -22 13 8 -32 13 17 -6 -2 -16 -19 -1 0 -10 -10 -1 -8 18 -22 16 2 -3 -18 -3 -5 13 3 25 -5 14 19 21 23 -9 15 -6 2 6 0 9 -16 33 -3 1
21 -12 -22 36 8 0 3 7 13 27 -27 -19 -2 -14 33 -24 -25 -17 18 -23 -43 -26 7 11 -37 17 11 -12 0 -11 -22 1 10 -17 -9 -8 -13 27 -12 16 12 -17 -13 5 -7 7 1 29 -3 8 24 12 24 -6 27 -6 -5 20 13 10 -16 25 -6 3
22 -6 -6 22 26 0 9 16 21 36 -25 -16 13 -3 20 -17 -30 -17 14 -20 -45 1 23 3 -39 12 -2 11 5 -13 -14 -9 22 -11 -8 0 -18 28 -8 8 16 -31 -16 14 -10 6 -19 21 7 -3 35 -7 22 -1 37 -4 -8 38 2 4 -11 15 -8 7
20 -3 -27 31 5 -2 8 8 7 22 -29 -22 -4 -7 28 -23 -23 -19 23 -22 -45 -32 11 9 -43 16 0 -11 -5 -12 -16 2 21 -12 -14 -5 -13 31 -19 17 14 -17 -11 9 -5 12 2 21 3 9 23 8 21 -5 21 6 -7 23 10 10 -14 29 -7 -1
22 -8 -24 33 5 -4 6 19 8 27 -20 -22 -5 7 34 -13 -17 -9 14 -15 -52 -26 14 11 -37 15 -1 -12 -1 -5 -17 14 18 -18 -8 -7 -4 30 -12 17 6 -19 -15 4 3 12 1 26 -8 14 21 23 13 3 20 4 -11 24 13 9 -16 26 -6 -4
27 -11 -18 38 4 -5 -1 8 4 32 -28 -20 -7 1 27 -23 -15 -18 13 -7 -39 -25 12 11 -27 7 -3 -12 1 -10 -10 8 9 -21 -2 -5 -8 35 -13 10 8 -18 -21 8 -6 17 -1 28 1 6 18 13 24 4 11 9 -17 28 10 3 -19 22 -3 -5
21 -3 -14 32 7 -5 5 11 5 23 -17 -27 1 1 37 -22 -11 -23 25 -1 -39 -31 17 14 -23 8 7 -14 1 -5 -8 9 1 -22 -7 1 -7 29 -10 6 3 -4 -20 -1 -1 10 5 29 -4 13 12 24 18 10 13 11 -17 22 8 3 -18 27 -11 1
25 -17 -21 31 5 -3 6 4 11 18 -25 -13 8 4 53 -19 -24 -20 10 -15 -56 -19 -2 13 -32 -4 -2 -14 7 -19 -13 8 3 -34 -14 -1 -11 29 -10 4 19 -20 -28 -1 -6 14 6 27 -8 2 13 20 16 10 24 -2 -19 43 12 -14 -21 23 -7 5
22 -11 -19 29 10 -6 -1 8 10 23 -14 -19 4 2 33 -23 -17 -21 15 -4 -52 -20 10 10 -25 9 -8 -16 1 -14 -17 23 9 -19 -10 1 -13 30 -17 6 6 -12 -23 2 5 23 5 26 -5 11 18 28 18 0 15 1 -13 35 18 0 -23 27 -13 6
12 -18 -19 37 8 4 -2 15 7 24 -19 -24 3 -5 36 -27 -14 -19 18 -14 -39 -14 11 3 -28 7 4 -8 1 -8 -18 7 6 -27 -17 -3 -9 29 -20 14 12 -20 -22 7 -5 11 9 31 -13 17 9 28 18 -1 24 -5 -7 38 4 4 -14 23 -10 20
15 -9 -19 32 5 -3 3 12 10 24 -18 -21 -1 3 31 -21 -23 -11 10 -12 -45 -14 5 12 -27 1 7 -23 -5 -11 -19 10 4 -14 -8 1 -8 30 -17 14 17 -9 -22 2 1 23 2 30 -7 9 9 30 18 -3 17 -3 -7 29 11 9 -17 28 -2 6
9 -3 -10 38 16 -1 6 6 13 32 -11 -28 -1 -2 25 -18 -14 -16 21 -9 -39 -15 8 8 -35 8 6 -8 -2 -12 -8 9 10 -11 -7 3 -9 28 -22 14 12 -11 -22 5 -4 7 7 32 -9 9 15 31 20 -7 22 -4 -2 33 7 13 -15 30 -1 15
15 -3 -11 37 11 3 -3 15 8 30 -19 -23 7 -2 24 -18 -19 -14 17 -16 -36 -11 12 9 -31 7 1 -11 -10 -10 -14 5 4 -17 -6 2 -12 30 -15 15 16 -4 -19 4 -5 16 8 31 -7 7 23 19 27 1 15 7 -9 30 12 13 -20 31 0 9
13 -9 -18 37 8 2 1 13 7 29 -12 -29 -4 2 33 -16 -16 -10 16 -13 -40 -14 10 9 -31 13 1 -20 -15 -12 -18 13 2 -18 -8 7 -10 31 -17 14 11 -11 -17 16 2 24 9 27 -9 5 23 24 29 -7 12 -3 -13 29 17 11 -17 33 -7 5
22 -16 -7 36 6 10 7 14 10 32 -25 -17 4 -1 36 -7 -22 -12 19 -21 -47 -19 3 18 -20 4 -8 -1 -2 -17 -11 5 3 -26 -10 -4 -12 34 5 -7 18 -35 -21 17 -10 24 9 17 4 -8 13 7 36 7 35 -8 -8 40 24 0 -10 30 -10 4
2 13 -6 12 -4 -2 2 11 6 9 -7 -5 6 9 11 -4 -12 0 5 -2 -5 -14 7 9 -26 1 4 -9 -10 -2 4 12 3 26 -9 7 -9 28 -10 5 -3 5 -10 -3 10 4 -4 25 6 16 8 8 3 -1 -44 -2 -7 -3 -5 17 -6 14 -1 4
15 -2 1 23 -2 -10 -3 7 -1 25 -21 -9 8 -2 31 -19 -20 -5 11 1 -39 -47 3 13 -20 5 -1 -15 -3 -34 -8 2 6 -4 -5 12 7 31 -3 -2 0 -20 -24 1 7 13 -8 31 19 -1 5 2 18 -2 14 -5 -4 14 -15 5 -10 27 -20 5
31 -9 -9 19 2 -9 7 5 -2 27 -15 -22 0 -4 33 -8 -28 -8 19 -9 -47 -37 0 19 -24 8 -4 -20 -10 -35 -5 3 6 -17 -14 -2 8 33 -4 -6 -1 -27 -34 -6 12 19 -2 22 15 2 16 15 17 -9 18 -14 4 14 -22 7 -9 26 -22 18
22 -11 -15 34 -7 -6 8 3 6 43 -28 -14 1 -4 22 -18 -32 -3 16 -13 -53 -36 5 8 -30 16 0 -23 4 -27 -19 13 4 -22 -9 11 13 30 -15 2 15 -25 -27 2 4 20 2 30 3 12 8 11 15 -7 31 -10 -3 22 -10 8 -12 28 -3 11
19 -17 1 38 5 8 10 13 7 37 -22 -8 5 -3 34 -17 -25 -14 10 -5 -32 -22 14 -1 -32 11 20 -11 0 -11 -9 6 7 -10 -18 8 10 20 -13 8 8 -9 -35 -15 -3 9 0 25 -10 22 4 14 9 -1 18 -1 -5 11 -7 9 -18 27 -1 10
15 -6 -1 38 3 7 8 1 15 41 -15 -15 3 -8 27 -18 -22 -14 18 -6 -31 -27 11 0 -33 15 27 -4 -6 -4 -11 4 6 -10 -5 7 7 22 -16 17 7 -8 -22 -3 -9 13 7 23 -8 5 9 22 20 6 23 1 1 15 -11 18 -28 22 1 20
12 -6 6 34 7 6 9 4 6 49 -23 -20 1 -6 24 -12 -18 -9 8 -15 -37 -22 16 -1 -35 13 8 -10 -5 -10 -12 0 18 -19 -6 9 -6 25 -12 24 14 -20 -19 5 -5 23 0 25 -7 4 17 8 26 -1 22 4 -7 13 -5 23 -17 27 11 8
13 -4 -6 36 1 0 5 11 9 33 -28 -26 -9 0 30 -13 -19 -7 11 -12 -38 -34 24 10 -42 18 7 -8 -5 -10 -19 2 6 -21 -8 9 -1 22 -7 15 9 -16 -24 10 -9 19 6 27 0 5 17 12 29 -3 27 1 -14 9 -4 21 -16 35 -3 8
13 -9 -13 29 -3 -1 6 4 1 31 -27 -17 0 2 31 -7 -16 -13 10 -16 -43 -40 8 9 -38 16 10 -13 -7 -18 -13 5 18 -19 -3 9 1 26 -10 11 15 -20 -15 7 -2 22 4 22 0 0 20 7 32 2 18 0 -10 11 -1 14 -17 30 -5 1
11 -3 -14 27 -4 -1 3 3 4 26 -27 -14 -2 -1 35 -10 -20 -12 19 -12 -36 -42 9 8 -43 18 6 -12 -11 -17 -10 11 11 -9 -10 9 3 30 -12 11 4 -17 -25 1 -1 15 -3 17 4 1 19 12 24 -3 7 1 -9 11 -6 9 -19 28 -10 8
22 -12 -21 34 -9 3 6 22 9 30 -27 -23 -8 14 39 -6 -18 -4 9 -15 -52 -45 9 7 -40 20 -1 -14 -6 -15 -14 14 15 -24 -3 3 7 24 -5 8 18 -22 -18 5 -2 19 6 24 5 11 16 22 20 11 31 2 -5 18 3 8 -14 25 -15 -1
21 -6 -11 31 -10 -8 4 3 5 22 -19 -19 -2 5 37 -16 -12 -16 16 -2 -41 -37 15 7 -34 14 0 -18 -6 -10 -7 15 6 -19 -2 11 2 25 -13 2 6 -12 -23 5 -1 17 8 26 2 0 8 19 16 6 4 -1 -18 13 2 1 -21 26 -11 4
11 -15 -15 34 4 8 2 17 12 25 -25 -13 5 3 36 -17 -16 -11 13 -10 -39 -24 10 2 -30 10 11 -10 8 -14 -19 10 7 -25 -13 6 10 16 -15 7 13 -23 -28 2 -4 14 13 29 -11 17 4 28 14 -4 27 -5 -5 25 -2 8 -17 25 -12 24
14 -10 -14 30 1 -1 0 5 1 33 -22 -14 0 9 30 -13 -17 -5 12 -10 -46 -25 9 8 -28 4 11 -15 -9 -13 -23 10 2 -20 -11 10 10 25 -11 5 14 -15 -29 -1 0 19 6 25 -8 4 7 30 20 1 12 -5 -3 21 -3 12 -15 30 -5 14
11 -10 -11 36 0 1 6 3 13 42 -17 -20 2 1 33 -22 -15 -15 17 -9 -41 -20 12 3 -38 19 17 -5 -6 -14 -16 14 4 -19 -9 7 6 18 -16 12 13 -10 -28 4 -2 14 6 29 -6 8 9 32 13 -3 23 -7 3 32 -3 19 -15 28 -4 28
13 -10 -6 46 0 3 7 5 5 40 -22 -22 -3 -7 34 -15 -22 -13 18 -15 -36 -23 14 1 -28 14 4 -4 -9 -9 -17 11 7 -20 -2 15 -1 24 -15 12 19 -10 -28 5 -6 16 8 29 -6 3 17 27 31 6 24 1 -3 24 0 17 -16 30 -5 23
9 -9 -11 34 4 3 0 11 6 42 -23 -23 -6 3 31 -14 -14 -7 16 -15 -39 -24 13 7 -39 12 9 -10 -13 -13 -20 10 7 -18 -5 14 -2 20 -7 12 14 -15 -25 13 0 23 8 27 -9 -4 17 21 29 1 20 -4 -11 22 3 17 -14 34 -6 14
6 -9 0 35 10 -12 6 7 11 48 -27 -23 3 -6 33 -2 -16 -7 13 -18 -43 -23 5 15 -21 6 -16 1 -17 -19 -11 8 -3 -27 -9 2 -6 30 16 -4 20 -25 -20 15 -8 29 14 23 13 -2 19 9 30 8 36 0 1 29 13 11 -2 25 -10 19
3 15 -5 11 -6 -4 3 9 7 7 -8 -5 5 9 11 -3 -11 -2 4 -1 -5 -15 7 5 -24 -1 3 -10 -12 -2 8 12 1 27 -9 7 -8 32 -9 6 -2 5 -10 -3 11 4 -4 25 5 16 9 6 3 2 -45 -1 -6 -4 -6 16 -7 18 1 4
11 -2 -16 25 -9 -3 1 -3 4 45 -23 0 15 1 26 -24 -17 -20 18 -6 -30 -34 11 27 -12 14 -13 -5 -16 -27 0 -6 12 -13 -17 4 -10 43 -1 0 -1 -12 -16 7 0 18 -11 31 -8 -1 28 -27 23 -13 6 7 -3 20 3 -5 -7 28 -14 -27
11 -2 -16 25 -9 -3 1 -3 4 45 -23 0 15 1 26 -24 -17 -20 18 -6 -30 -34 11 27 -12 14 -13 -5 -16 -27 0 -6 12 -13 -17 4 -10 43 -1 0 -1 -12 -16 7 0 18 -11 31 -8 -1 28 -27 23 -13 6 7 -3 20 3 -5 -7 28 -14 -27
11 -2 -16 25 -9 -3 1 -3 4 45 -23 0 15 1 26 -24 -17 -20 18 -6 -30 -34 11 27 -12 14 -13 -5 -16 -27 0 -6 12 -13 -17 4 -10 43 -1 0 -1 -12 -16 7 0 18 -11 31 -8 -1 28 -27 23 -13 6 7 -3 20 3 -5 -7 28 -14 -27
11 -2 -16 25 -9 -3 1 -3 4 45 -23 0 15 1 26 -24 -17 -20 18 -6 -30 -34 11 27 -12 14 -13 -5 -16 -27 0 -6 12 -13 -17 4 -10 43 -1 0 -1 -12 -16 7 0 18 -11 31 -8 -1 28 -27 23 -13 6 7 -3 20 3 -5 -7 28 -14 -27
11 -2 -16 25 -9 -3 1 -3 4 45 -23 0 15 1 26 -24 -17 -20 18 -6 -30 -34 11 27 -12 14 -13 -5 -16 -27 0 -6 12 -13 -17 4 -10 43 -1 0 -1 -12 -16 7 0 18 -11 31 -8 -1 28 -27 23 -13 6 7 -3 20 3 -5 -7 28 -14 -27
11 -2 -16 25 -9 -3 1 -3 4 45 -23 0 15 1 26 -24 -17 -20 18 -6 -30 -34 11 27 -12 14 -13 -5 -16 -27 0 -6 12 -13 -17 4 -10 43 -1 0 -1 -12 -16 7 0 18 -11 31 -8 -1 28 -27 23 -13 6 7 -3 20 3 -5 -7 28 -14 -27
11 -2 -16 25 -9 -3 1 -3 4 45 -23 0 15 1 26 -24 -17 -20 18 -6 -30 -34 11 27 -12 14 -13 -5 -16 -27 0 -6 12 -13 -17 4 -10 43 -1 0 -1 -12 -16 7 0 18 -11 31 -8 -1 28 -27 23 -13 6 7 -3 20 3 -5 -7 28 -14 -27
11 -2 -16 25 -9 -3 1 -3 4 45 -23 0 15 1 26 -24 -17 -20 18 -6 -30 -34 11 27 -12 14 -13 -5 -16 -27 0 -6 12 -13 -17 4 -10 43 -1 0 -1 -12 -16 7 0 18 -11 31 -8 -1 28 -27 23 -13 6 7 -3 20 3 -5 -7 28 -14 -27
11 -2 -16 25 -9 -3 1 -3 4 45 -23 0 15 1 26 -24 -17 -20 18 -6 -30 -34 11 27 -12 14 -13 -5 -16 -27 0 -6 12 -13 -17 4 -10 43 -1 0 -1 -12 -16 7 0 18 -11 31 -8 -1 28 -27 23 -13 6 7 -3 20 3 -5 -7 28 -14 -27
11 -2 -16 25 -9 -3 1 -3 4 45 -23 0 15 1 26 -24 -17 -20 18 -6 -30 -34 11 27 -12 14 -13 -5 -16 -27 0 -6 12 -13 -17 4 -10 43 -1 0 -1 -12 -16 7 0 18 -11 31 -8 -1 28 -27 23 -13 6 7 -3 20 3 -5 -7 28 -14 -27
11 -2 -16 25 -9 -3 1 -3 4 45 -23 0 15 1 26 -24 -17 -20 18 -6 -30 -34 11 27 -12 14 -13 -5 -16 -27 0 -6 12 -13 -17 4 -10 43 -1 0 -1 -12 -16 7 0 18 -11 31 -8 -1 28 -27 23 -13 6 7 -3 20 3 -5 -7 28 -14 -27
11 -2 -16 25 -9 -3 1 -3 4 45 -23 0 15 1 26 -24 -17 -20 18 -6 -30 -34 11 27 -12 14 -13 -5 -16 -27 0 -6 12 -13 -17 4 -10 43 -1 0 -1 -12 -16 7 0 18 -11 31 -8 -1 28 -27 23 -13 6 7 -3 20 3 -5 -7 28 -14 -27
11 -2 -16 25 -9 -3 1 -3 4 45 -23 0 15 1 26 -24 -17 -20 18 -6 -30 -34 11 27 -12 14 -13 -5 -16 -27 0 -6 12 -13 -17 4 -10 43 -1 0 -1 -12 -16 7 0 18 -11 31 -8 -1 28 -27 23 -13 6 7 -3 20 3 -5 -7 28 -14 -27
11 -2 -16 25 -9 -3 1 -3 4 45 -23 0 15 1 26 -24 -17 -20 18 -6 -30 -34 11 27 -12 14 -13 -5 -16 -27 0 -6 12 -13 -17 4 -10 43 -1 0 -1 -12 -16 7 0 18 -11 31 -8 -1 28 -27 23 -13 6 7 -3 20 3 -5 -7 28 -14 -27
11 -2 -16 25 -9 -3 1 -3 4 45 -23 0 15 1 26 -24 -17 -20 18 -6 -30 -34 11 27 -12 14 -13 -5 -16 -27 0 -6 12 -13 -17 4 -10 43 -1 0 -1 -12 -16 7 0 18 -11 31 -8 -1 28 -27 23 -13 6 7 -3 20 3 -5 -7 28 -14 -27
11 -2 -16 25 -9 -3 1 -3 4 45 -23 0 15 1 26 -24 -17 -20 18 -6 -30 -34 11 27 -12 14 -13 -5 -16 -27 0 -6 12 -13 -17 4 -10 43 -1 0 -1 -12 -16 7 0 18 -11 31 -8 -1 28 -27 23 -13 6 7 -3 20 3 -5 -7 28 -14 -27
11 -2 -16 25 -9 -3 1 -3 4 45 -23 0 15 1 26 -24 -17 -20 18 -6 -30 -34 11 27 -12 14 -13 -5 -16 -27 0 -6 12 -13 -17 4 -10 43 -1 0 -1 -12 -16 7 0 18 -11 31 -8 -1 28 -27 23 -13 6 7 -3 20 3 -5 -7 28 -14 -27
11 -2 -16 25 -9 -3 1 -3 4 45 -23 0 15 1 26 -24 -17 -20 18 -6 -30 -34 11 27 -12 14 -13 -5 -16 -27 0 -6 12 -13 -17 4 -10 43 -1 0 -1 -12 -16 7 0 18 -11 31 -8 -1 28 -27 23 -13 6 7 -3 20 3 -5 -7 28 -14 -27
11 -2 -16 25 -9 -3 1 -3 4 45 -23 0 15 1 26 -24 -17 -20 18 -6 -30 -34 11 27 -12 14 -13 -5 -16 -27 0 -6 12 -13 -17 4 -10 43 -1 0 -1 -12 -16 7 0 18 -11 31 -8 -1 28 -27 23 -13 6 7 -3 20 3 -5 -7 28 -14 -27
11 -2 -16 25 -9 -3 1 -3 4 45 -23 0 15 1 26 -24 -17 -20 18 -6 -30 -34 11 27 -12 14 -13 -5 -16 -27 0 -6 12 -13 -17 4 -10 43 -1 0 -1 -12 -16 7 0 18 -11 31 -8 -1 28 -27 23 -13 6 7 -3 20 3 -5 -7 28 -14 -27
11 -2 -16 25 -9 -3 1 -3 4 45 -23 0 15 1 26 -24 -17 -20 18 -6 -30 -34 11 27 -12 14 -13 -5 -16 -27 0 -6 12 -13 -17 4 -10 43 -1 0 -1 -12 -16 7 0 18 -11 31 -8 -1 28 -27 23 -13 6 7 -3 20 3 -5 -7 28 -14 -27
11 -2 -16 25 -9 -3 1 -3 4 45 -23 0 15 1 26 -24 -17 -20 18 -6 -30 -34 11 27 -12 14 -13 -5 -16 -27 0 -6 12 -13 -17 4 -10 43 -1 0 -1 -12 -16 7 0 18 -11 31 -8 -1 28 -27 23 -13 6 7 -3 20 3 -5 -7 28 -14 -27
11 -2 -16 25 -9 -3 1 -3 4 45 -23 0 15 1 26 -24 -17 -20 18 -6 -30 -34 11 27 -12 14 -13 -5 -16 -27 0 -6 12 -13 -17 4 -10 43 -1 0 -1 -12 -16 7 0 18 -11 31 -8 -1 28 -27 23 -13 6 7 -3 20 3 -5 -7 28 -14 -27
11 -2 -16 25 -9 -3 1 -3 4 45 -23 0 15 1 26 -24 -17 -20 18 -6 -30 -34 11 27 -12 14 -13 -5 -16 -27 0 -6 12 -13 -17 4 -10 43 -1 0 -1 -12 -16 7 0 18 -11 31 -8 -1 28 -27 23 -13 6 7 -3 20 3 -5 -7 28 -14 -27
11 -2 -16 25 -9 -3 1 -3 4 45 -23 0 15 1 26 -24 -17 -20 18 -6 -30 -34 11 27 -12 14 -13 -5 -16 -27 0 -6 12 -13 -17 4 -10 43 -1 0 -1 -12 -16 7 0 18 -11 31 -8 -1 28 -27 23 -13 6 7 -3 20 3 -5 -7 28 -14 -27
11 -2 -16 25 -9 -3 1 -3 4 45 -23 0 15 1 26 -24 -17 -20 18 -6 -30 -34 11 27 -12 14 -13 -5 -16 -27 0 -6 12 -13 -17 4 -10 43 -1 0 -1 -12 -16 7 0 18 -11 31 -8 -1 28 -27 23 -13 6 7 -3 20 3 -5 -7 28 -14 -27
11 -2 -16 25 -9 -3 1 -3 4 45 -23 0 15 1 26 -24 -17 -20 18 -6 -30 -34 11 27 -12 14 -13 -5 -16 -27 0 -6 12 -13 -17 4 -10 43 -1 0 -1 -12 -16 7 0 18 -11 31 -8 -1 28 -27 23 -13 6 7 -3 20 3 -5 -7 28 -14 -27
11 -2 -16 25 -9 -3 1 -3 4 45 -23 0 15 1 26 -24 -17 -20 18 -6 -30 -34 11 27 -12 14 -13 -5 -16 -27 0 -6 12 -13 -17 4 -10 43 -1 0 -1 -12 -16 7 0 18 -11 31 -8 -1 28 -27 23 -13 6 7 -3 20 3 -5 -7 28 -14 -27
11 -2 -16 25 -9 -3 1 -3 4 45 -23 0 15 1 26 -24 -17 -20 18 -6 -30 -34 11 27 -12 14 -13 -5 -16 -27 0 -6 12 -13 -17 4 -10 43 -1 0 -1 -12 -16 7 0 18 -11 31 -8 -1 28 -27 23 -13 6 7 -3 20 3 -5 -7 28 -14 -27
11 -2 -16 25 -9 -3 1 -3 4 45 -23 0 15 1 26 -24 -17 -20 18 -6 -30 -34 11 27 -12 14 -13 -5 -16 -27 0 -6 12 -13 -17 4 -10 43 -1 0 -1 -12 -16 7 0 18 -11 31 -8 -1 28 -27 23 -13 6 7 -3 20 3 -5 -7 28 -14 -27
11 -2 -16 25 -9 -3 1 -3 4 45 -23 0 15 1 26 -24 -17 -20 18 -6 -30 -34 11 27 -12 14 -13 -5 -16 -27 0 -6 12 -13 -17 4 -10 43 -1 0 -1 -12 -16 7 0 18 -11 31 -8 -1 28 -27 23 -13 6 7 -3 20 3 -5 -7 28 -14 -27
11 -2 -16 25 -9 -3 1 -3 4 45 -23 0 15 1 26 -24 -17 -20 18 -6 -30 -34 11 27 -12 14 -13 -5 -16 -27 0 -6 12 -13 -17 4 -10 43 -1 0 -1 -12 -16 7 0 18 -11 31 -8 -1 28 -27 23 -13 6 7 -3 20 3 -5 -7 28 -14 -27
11 -2 -16 25 -9 -3 1 -3 4 45 -23 0 15 1 26 -24 -17 -20 18 -6 -30 -34 11 27 -12 14 -13 -5 -16 -27 0 -6 12 -13 -17 4 -10 43 -1 0 -1 -12 -16 7 0 18 -11 31 -8 -1 28 -27 23 -13 6 7 -3 20 3 -5 -7 28 -14 -27
11 -2 -16 25 -9 -3 1 -3 4 45 -23 0 15 1 26 -24 -17 -20 18 -6 -30 -34 11 27 -12 14 -13 -5 -16 -27 0 -6 12 -13 -17 4 -10 43 -1 0 -1 -12 -16 7 0 18 -11 31 -8 -1 28 -27 23 -13 6 7 -3 20 3 -5 -7 28 -14 -27
11 -2 -16 25 -9 -3 1 -3 4 45 -23 0 15 1 26 -24 -17 -20 18 -6 -30 -34 11 27 -12 14 -13 -5 -16 -27 0 -6 12 -13 -17 4 -10 43 -1 0 -1 -12 -16 7 0 18 -11 31 -8 -1 28 -27 23 -13 6 7 -3 20 3 -5 -7 28 -14 -27
11 -2 -16 25 -9 -3 1 -3 4 45 -23 0 15 1 26 -24 -17 -20 18 -6 -30 -34 11 27 -12 14 -13 -5 -16 -27 0 -6 12 -13 -17 4 -10 43 -1 0 -1 -12 -16 7 0 18 -11 31 -8 -1 28 -27 23 -13 6 7 -3 20 3 -5 -7 28 -14 -27
11 -2 -16 25 -9 -3 1 -3 4 45 -23 0 15 1 26 -24 -17 -20 18 -6 -30 -34 11 27 -12 14 -13 -5 -16 -27 0 -6 12 -13 -17 4 -10 43 -1 0 -1 -12 -16 7 0 18 -11 31 -8 -1 28 -27 23 -13 6 7 -3 20 3 -5 -7 28 -14 -27
11 -2 -16 25 -9 -3 1 -3 4 45 -23 0 15 1 26 -24 -17 -20 18 -6 -30 -34 11 27 -12 14 -13 -5 -16 -27 0 -6 12 -13 -17 4 -10 43 -1 0 -1 -12 -16 7 0 18 -11 31 -8 -1 28 -27 23 -13 6 7 -3 20 3 -5 -7 28 -14 -27
11 -2 -16 25 -9 -3 1 -3 4 45 -23 0 15 1 26 -24 -17 -20 18 -6 -30 -34 11 27 -12 14 -13 -5 -16 -27 0 -6 12 -13 -17 4 -10 43 -1 0 -1 -12 -16 7 0 18 -11 31 -8 -1 28 -27 23 -13 6 7 -3 20 3 -5 -7 28 -14 -27
11 -2 -16 25 -9 -3 1 -3 4 45 -23 0 15 1 26 -24 -17 -20 18 -6 -30 -34 11 27 -12 14 -13 -5 -16 -27 0 -6 12 -13 -17 4 -10 43 -1 0 -1 -12 -16 7 0 18 -11 31 -8 -1 28 -27 23 -13 6 7 -3 20 3 -5 -7 28 -14 -27
11 -2 -16 25 -9 -3 1 -3 4 45 -23 0 15 1 26 -24 -17 -20 18 -6 -30 -34 11 27 -12 14 -13 -5 -16 -27 0 -6 12 -13 -17 4 -10 43 -1 0 -1 -12 -16 7 0 18 -11 31 -8 -1 28 -27 23 -13 6 7 -3 20 3 -5 -7 28 -14 -27
11 -2 -16 25 -9 -3 1 -3 4 45 -23 0 15 1 26 -24 -17 -20 18 -6 -30 -34 11 27 -12 14 -13 -5 -16 -27 0 -6 12 -13 -17 4 -10 43 -1 0 -1 -12 -16 7 0 18 -11 31 -8 -1 28 -27 23 -13 6 7 -3 20 3 -5 -7 28 -14 -27
11 -2 -16 25 -9 -3 1 -3 4 45 -23 0 15 1 26 -24 -17 -20 18 -6 -30 -34 11 27 -12 14 -13 -5 -16 -27 0 -6 12 -13 -17 4 -10 43 -1 0 -1 -12 -16 7 0 18 -11 31 -8 -1 28 -27 23 -13 6 7 -3 20 3 -5 -7 28 -14 -27
11 -2 -16 25 -9 -3 1 -3 4 45 -23 0 15 1 26 -24 -17 -20 18 -6 -30 -34 11 27 -12 14 -13 -5 -16 -27 0 -6 12 -13 -17 4 -10 43 -1 0 -1 -12 -16 7 0 18 -11 31 -8 -1 28 -27 23 -13 6 7 -3 20 3 -5 -7 28 -14 -27
11 -2 -16 25 -9 -3 1 -3 4 45 -23 0 15 1 26 -24 -17 -20 18 -6 -30 -34 11 27 -12 14 -13 -5 -16 -27 0 -6 12 -13 -17 4 -10 43 -1 0 -1 -12 -16 7 0 18 -11 31 -8 -1 28 -27 23 -13 6 7 -3 20 3 -5 -7 28 -14 -27
11 -2 -16 25 -9 -3 1 -3 4 45 -23 0 15 1 26 -24 -17 -20 18 -6 -30 -34 11 27 -12 14 -13 -5 -16 -27 0 -6 12 -13 -17 4 -10 43 -1 0 -1 -12 -16 7 0 18 -11 31 -8 -1 28 -27 23 -13 6 7 -3 20 3 -5 -7 28 -14 -27
11 -2 -16 25 -9 -3 1 -3 4 45 -23 0 15 1 26 -24 -17 -20 18 -6 -30 -34 11 27 -12 14 -13 -5 -16 -27 0 -6 12 -13 -17 4 -10 43 -1 0 -1 -12 -16 7 0 18 -11 31 -8 -1 28 -27 23 -13 6 7 -3 20 3 -5 -7 28 -14 -27
11 -2 -16 25 -9 -3 1 -3 4 45 -23 0 15 1 26 -24 -17 -20 18 -6 -30 -34 11 27 -12 14 -13 -5 -16 -27 0 -6 12 -13 -17 4 -10 43 -1 0 -1 -12 -16 7 0 18 -11 31 -8 -1 28 -27 23 -13 6 7 -3 20 3 -5 -7 28 -14 -27
11 -2 -16 25 -9 -3 1 -3 4 45 -23 0 15 1 26 -24 -17 -20 18 -6 -30 -34 11 27 -12 14 -13 -5 -16 -27 0 -6 12 -13 -17 4 -10 43 -1 0 -1 -12 -16 7 0 18 -11 31 -8 -1 28 -27 23 -13 6 7 -3 20 3 -5 -7 28 -14 -27
11 -2 -16 25 -9 -3 1 -3 4 45 -23 0 15 1 26 -24 -17 -20 18 -6 -30 -34 11 27 -12 14 -13 -5 -16 -27 0 -6 12 -13 -17 4 -10 43 -1 0 -1 -12 -16 7 0 18 -11 31 -8 -1 28 -27 23 -13 6 7 -3 20 3 -5 -7 28 -14 -27
11 -2 -16 25 -9 -3 1 -3 4 45 -23 0 15 1 26 -24 -17 -20 18 -6 -30 -34 11 27 -12 14 -13 -5 -16 -27 0 -6 12 -13 -17 4 -10 43 -1 0 -1 -12 -16 7 0 18 -11 31 -8 -1 28 -27 23 -13 6 7 -3 20 3 -5 -7 28 -14 -27
11 -2 -16 25 -9 -3 1 -3 4 45 -23 0 15 1 26 -24 -17 -20 18 -6 -30 -34 11 27 -12 14 -13 -5 -16 -27 0 -6 12 -13 -17 4 -10 43 -1 0 -1 -12 -16 7 0 18 -11 31 -8 -1 28 -27 23 -13 6 7 -3 20 3 -5 -7 28 -14 -27
11 -2 -16 25 -9 -3 1 -3 4 45 -23 0 15 1 26 -24 -17 -20 18 -6 -30 -34 11 27 -12 14 -13 -5 -16 -27 0 -6 12 -13 -17 4 -10 43 -1 0 -1 -12 -16 7 0 18 -11 31 -8 -1 28 -27 23 -13 6 7 -3 20 3 -5 -7 28 -14 -27
11 -2 -16 25 -9 -3 1 -3 4 45 -23 0 15 1 26 -24 -17 -20 18 -6 -30 -34 11 27 -12 14 -13 -5 -16 -27 0 -6 12 -13 -17 4 -10 43 -1 0 -1 -12 -16 7 0 18 -11 31 -8 -1 28 -27 23 -13 6 7 -3 20 3 -5 -7 28 -14 -27
11 -2 -16 25 -9 -3 1 -3 4 45 -23 0 15 1 26 -24 -17 -20 18 -6 -30 -34 11 27 -12 14 -13 -5 -16 -27 0 -6 12 -13 -17 4 -10 43 -1 0 -1 -12 -16 7 0 18 -11 31 -8 -1 28 -27 23 -13 6 7 -3 20 3 -5 -7 28 -14 -27
11 -2 -16 25 -9 -3 1 -3 4 45 -23 0 15 1 26 -24 -17 -20 18 -6 -30 -34 11 27 -12 14 -13 -5 -16 -27 0 -6 12 -13 -17 4 -10 43 -1 0 -1 -12 -16 7 0 18 -11 31 -8 -1 28 -27 23 -13 6 7 -3 20 3 -5 -7 28 -14 -27
11 -2 -16 25 -9 -3 1 -3 4 45 -23 0 15 1 26 -24 -17 -20 18 -6 -30 -34 11 27 -12 14 -13 -5 -16 -27 0 -6 12 -13 -17 4 -10 43 -1 0 -1 -12 -16 7 0 18 -11 31 -8 -1 28 -27 23 -13 6 7 -3 20 3 -5 -7 28 -14 -27
11 -2 -16 25 -9 -3 1 -3 4 45 -23 0 15 1 26 -24 -17 -20 18 -6 -30 -34 11 27 -12 14 -13 -5 -16 -27 0 -6 12 -13 -17 4 -10 43 -1 0 -1 -12 -16 7 0 18 -11 31 -8 -1 28 -27 23 -13 6 7 -3 20 3 -5 -7 28 -14 -27
11 -2 -16 25 -9 -3 1 -3 4 45 -23 0 15 1 26 -24 -17 -20 18 -6 -30 -34 11 27 -12 14 -13 -5 -16 -27 0 -6 12 -13 -17 4 -10 43 -1 0 -1 -12 -16 7 0 18 -11 31 -8 -1 28 -27 23 -13 6 7 -3 20 3 -5 -7 28 -14 -27
11 -2 -16 25 -9 -3 1 -3 4 45 -23 0 15 1 26 -24 -17 -20 18 -6 -30 -34 11 27 -12 14 -13 -5 -16 -27 0 -6 12 -13 -17 4 -10 43 -1 0 -1 -12 -16 7 0 18 -11 31 -8 -1 28 -27 23 -13 6 7 -3 20 3 -5 -7 28 -14 -27
11 -2 -16 25 -9 -3 1 -3 4 45 -23 0 15 1 26 -24 -17 -20 18 -6 -30 -34 11 27 -12 14 -13 -5 -16 -27 0 -6 12 -13 -17 4 -10 43 -1 0 -1 -12 -16 7 0 18 -11 31 -8 -1 28 -27 23 -13 6 7 -3 20 3 -5 -7 28 -14 -27
11 -2 -16 25 -9 -3 1 -3 4 45 -23 0 15 1 26 -24 -17 -20 18 -6 -30 -34 11 27 -12 14 -13 -5 -16 -27 0 -6 12 -13 -17 4 -10 43 -1 0 -1 -12 -16 7 0 18 -11 31 -8 -1 28 -27 23 -13 6 7 -3 20 3 -5 -7 28 -14 -27
11 -2 -16 25 -9 -3 1 -3 4 45 -23 0 15 1 26 -24 -17 -20 18 -6 -30 -34 11 27 -12 14 -13 -5 -16 -27 0 -6 12 -13 -17 4 -10 43 -1 0 -1 -12 -16 7 0 18 -11 31 -8 -1 28 -27 23 -13 6 7 -3 20 3 -5 -7 28 -14 -27
11 -2 -16 25 -9 -3 1 -3 4 45 -23 0 15 1 26 -24 -17 -20 18 -6 -30 -34 11 27 -12 14 -13 -5 -16 -27 0 -6 12 -13 -17 4 -10 43 -1 0 -1 -12 -16 7 0 18 -11 31 -8 -1 28 -27 23 -13 6 7 -3 20 3 -5 -7 28 -14 -27
11 -2 -16 25 -9 -3 1 -3 4 45 -23 0 15 1 26 -24 -17 -20 18 -6 -30 -34 11 27 -12 14 -13 -5 -16 -27 0 -6 12 -13 -17 4 -10 43 -1 0 -1 -12 -16 7 0 18 -11 31 -8 -1 28 -27 23 -13 6 7 -3 20 3 -5 -7 28 -14 -27
11 -2 -16 25 -9 -3 1 -3 4 45 -23 0 15 1 26 -24 -17 -20 18 -6 -30 -34 11 27 -12 14 -13 -5 -16 -27 0 -6 12 -13 -17 4 -10 43 -1 0 -1 -12 -16 7 0 18 -11 31 -8 -1 28 -27 23 -13 6 7 -3 20 3 -5 -7 28 -14 -27
11 -2 -16 25 -9 -3 1 -3 4 45 -23 0 15 1 26 -24 -17 -20 18 -6 -30 -34 11 27 -12 14 -13 -5 -16 -27 0 -6 12 -13 -17 4 -10 43 -1 0 -1 -12 -16 7 0 18 -11 31 -8 -1 28 -27 23 -13 6 7 -3 20 3 -5 -7 28 -14 -27
11 -2 -16 25 -9 -3 1 -3 4 45 -23 0 15 1 26 -24 -17 -20 18 -6 -30 -34 11 27 -12 14 -13 -5 -16 -27 0 -6 12 -13 -17 4 -10 43 -1 0 -1 -12 -16 7 0 18 -11 31 -8 -1 28 -27 23 -13 6 7 -3 20 3 -5 -7 28 -14 -27
11 -2 -16 25 -9 -3 1 -3 4 45 -23 0 15 1 26 -24 -17 -20 18 -6 -30 -34 11 27 -12 14 -13 -5 -16 -27 0 -6 12 -13 -17 4 -10 43 -1 0 -1 -12 -16 7 0 18 -11 31 -8 -1 28 -27 23 -13 6 7 -3 20 3 -5 -7 28 -14 -27
11 -2 -16 25 -9 -3 1 -3 4 45 -23 0 15 1 26 -24 -17 -20 18 -6 -30 -34 11 27 -12 14 -13 -5 -16 -27 0 -6 12 -13 -17 4 -10 43 -1 0 -1 -12 -16 7 0 18 -11 31 -8 -1 28 -27 23 -13 6 7 -3 20 3 -5 -7 28 -14 -27
11 -2 -16 25 -9 -3 1 -3 4 45 -23 0 15 1 26 -24 -17 -20 18 -6 -30 -34 11 27 -12 14 -13 -5 -16 -27 0 -6 12 -13 -17 4 -10 43 -1 0 -1 -12 -16 7 0 18 -11 31 -8 -1 28 -27 23 -13 6 7 -3 20 3 -5 -7 28 -14 -27
11 -2 -16 25 -9 -3 1 -3 4 45 -23 0 15 1 26 -24 -17 -20 18 -6 -30 -34 11 27 -12 14 -13 -5 -16 -27 0 -6 12 -13 -17 4 -10 43 -1 0 -1 -12 -16 7 0 18 -11 31 -8 -1 28 -27 23 -13 6 7 -3 20 3 -5 -7 28 -14 -27
11 -2 -16 25 -9 -3 1 -3 4 45 -23 0 15 1 26 -24 -17 -20 18 -6 -30 -34 11 27 -12 14 -13 -5 -16 -27 0 -6 12 -13 -17 4 -10 43 -1 0 -1 -12 -16 7 0 18 -11 31 -8 -1 28 -27 23 -13 6 7 -3 20 3 -5 -7 28 -14 -27
11 -2 -16 25 -9 -3 1 -3 4 45 -23 0 15 1 26 -24 -17 -20 18 -6 -30 -34 11 27 -12 14 -13 -5 -16 -27 0 -6 12 -13 -17 4 -10 43 -1 0 -1 -12 -16 7 0 18 -11 31 -8 -1 28 -27 23 -13 6 7 -3 20 3 -5 -7 28 -14 -27
11 -2 -16 25 -9 -3 1 -3 4 45 -23 0 15 1 26 -24 -17 -20 18 -6 -30 -34 11 27 -12 14 -13 -5 -16 -27 0 -6 12 -13 -17 4 -10 43 -1 0 -1 -12 -16 7 0 18 -11 31 -8 -1 28 -27 23 -13 6 7 -3 20 3 -5 -7 28 -14 -27
11 -2 -16 25 -9 -3 1 -3 4 45 -23 0 15 1 26 -24 -17 -20 18 -6 -30 -34 11 27 -12 14 -13 -5 -16 -27 0 -6 12 -13 -17 4 -10 43 -1 0 -1 -12 -16 7 0 18 -11 31 -8 -1 28 -27 23 -13 6 7 -3 20 3 -5 -7 28 -14 -27
11 -2 -16 25 -9 -3 1 -3 4 45 -23 0 15 1 26 -24 -17 -20 18 -6 -30 -34 11 27 -12 14 -13 -5 -16 -27 0 -6 12 -13 -17 4 -10 43 -1 0 -1 -12 -16 7 0 18 -11 31 -8 -1 28 -27 23 -13 6 7 -3 20 3 -5 -7 28 -14 -27
11 -2 -16 25 -9 -3 1 -3 4 45 -23 0 15 1 26 -24 -17 -20 18 -6 -30 -34 11 27 -12 14 -13 -5 -16 -27 0 -6 12 -13 -17 4 -10 43 -1 0 -1 -12 -16 7 0 18 -11 31 -8 -1 28 -27 23 -13 6 7 -3 20 3 -5 -7 28 -14 -27
11 -2 -16 25 -9 -3 1 -3 4 45 -23 0 15 1 26 -24 -17 -20 18 -6 -30 -34 11 27 -12 14 -13 -5 -16 -27 0 -6 12 -13 -17 4 -10 43 -1 0 -1 -12 -16 7 0 18 -11 31 -8 -1 28 -27 23 -13 6 7 -3 20 3 -5 -7 28 -14 -27
11 -2 -16 25 -9 -3 1 -3 4 45 -23 0 15 1 26 -24 -17 -20 18 -6 -30 -34 11 27 -12 14 -13 -5 -16 -27 0 -6 12 -13 -17 4 -10 43 -1 0 -1 -12 -16 7 0 18 -11 31 -8 -1 28 -27 23 -13 6 7 -3 20 3 -5 -7 28 -14 -27
11 -2 -16 25 -9 -3 1 -3 4 45 -23 0 15 1 26 -24 -17 -20 18 -6 -30 -34 11 27 -12 14 -13 -5 -16 -27 0 -6 12 -13 -17 4 -10 43 -1 0 -1 -12 -16 7 0 18 -11 31 -8 -1 28 -27 23 -13 6 7 -3 20 3 -5 -7 28 -14 -27
11 -2 -16 25 -9 -3 1 -3 4 45 -23 0 15 1 26 -24 -17 -20 18 -6 -30 -34 11 27 -12 14 -13 -5 -16 -27 0 -6 12 -13 -17 4 -10 43 -1 0 -1 -12 -16 7 0 18 -11 31 -8 -1 28 -27 23 -13 6 7 -3 20 3 -5 -7 28 -14 -27
11 -2 -16 25 -9 -3 1 -3 4 45 -23 0 15 1 26 -24 -17 -20 18 -6 -30 -34 11 27 -12 14 -13 -5 -16 -27 0 -6 12 -13 -17 4 -10 43 -1 0 -1 -12 -16 7 0 18 -11 31 -8 -1 28 -27 23 -13 6 7 -3 20 3 -5 -7 28 -14 -27
11 -2 -16 25 -9 -3 1 -3 4 45 -23 0 15 1 26 -24 -17 -20 18 -6 -30 -34 11 27 -12 14 -13 -5 -16 -27 0 -6 12 -13 -17 4 -10 43 -1 0 -1 -12 -16 7 0 18 -11 31 -8 -1 28 -27 23 -13 6 7 -3 20 3 -5 -7 28 -14 -27
11 -2 -16 25 -9 -3 1 -3 4 45 -23 0 15 1 26 -24 -17 -20 18 -6 -30 -34 11 27 -12 14 -13 -5 -16 -27 0 -6 12 -13 -17 4 -10 43 -1 0 -1 -12 -16 7 0 18 -11 31 -8 -1 28 -27 23 -13 6 7 -3 20 3 -5 -7 28 -14 -27
11 -2 -16 25 -9 -3 1 -3 4 45 -23 0 15 1 26 -24 -17 -20 18 -6 -30 -34 11 27 -12 14 -13 -5 -16 -27 0 -6 12 -13 -17 4 -10 43 -1 0 -1 -12 -16 7 0 18 -11 31 -8 -1 28 -27 23 -13 6 7 -3 20 3 -5 -7 28 -14 -27
11 -2 -16 25 -9 -3 1 -3 4 45 -23 0 15 1 26 -24 -17 -20 18 -6 -30 -34 11 27 -12 14 -13 -5 -16 -27 0 -6 12 -13 -17 4 -10 43 -1 0 -1 -12 -16 7 0 18 -11 31 -8 -1 28 -27 23 -13 6 7 -3 20 3 -5 -7 28 -14 -27
