-5535
-4904
-7403
-6296
-7537
-5841
-11713
-7593
-6670
-6326
-6519
-8502
-7460
-7639
-8740
-6954
-7424
-6343
-8942
-7533
-6801
-6850
-4077
-7813
-6962
-6839
-6391
-9413
-6722
-5528
-11261
-9676
-5741
-9848
-4998
-6085
-7683
-7598
-5147
-7016
-5156
-14604
-10102
-7341
-11426
-7595
-11853
-8094
-7286
-8632
-6212
-5683
-6123
-8317
-3519
-8771
-7996
-6824
-8154
-8712
-7055
-8135
-6697
-9754
-4873
-7058
-7738
-9020
-8999
-7775
-9713
-11235
-6197
-10384
-7821
-8121
-5914
-10139
-10401
-8122
-4485
-7120
-7927
-8088
-9217
-6781
-6432
-6269
-8068
-7176
-9366
-9309
-6761
-7678
-9022
-14917
-9168
-9942
-11083
-6786
-7577
-8246
-7130
-9510
-7881
-10010
-5910
-7002
-8285
-7824
-9061
-7099
-7106
-6364
-7794
-6377
-9841
-9171
-8414
-6589
-7229
-6204
-16867
-7189
-4961
-7277
-7803
-6579
-8072
-9108
-6803
-7818
-8230
-7916
-8415
-3417
-10152
-8024
-5946
-4915
-7421
-11458
-10572
-5326
-7800
-10611
-6858
-7545
-9182
-9452
-9694
-9959
-7765
-6289
-7190
-7422
-7692
-12476
-9306
-8065
-14186
-5942
-7062
-5974
-7184
-7049
-12228
-6166
-7580
-8597
-7419
-12979
-6373
-7304
-8333
-7628
-6679
-5978
-6974
-6855
-7298
-7397
-11179
-8404
-9803
-8049
-7287
-10737
-7818
-7569
-7739
-8755
-5358
-4978
-6575
-11086
-17319
-10680
-7043
-6046
-7582
-5337
-5918
-5405
-6163
-8940
-7137
-11290
-5536
-8600
-4969
-7681
-8217
-12646
-7829
-7627
-8644
-7976
-4261
-15029
-4420
-7637
-10146
-7729
-4156
-7009
-9642
-8821
-7965
-8492
-12223
-7633
-7872
-9342
-9254
-5470
-4208
-6972
-8134
-7846
-10272
-8356
-7256
-7951
-14680
-9261
-9612
-4440
-18125
-7730
-6208
-7849
-9539
-11410
-7915
-13929
-6612
-8732
-3304
-7174
-6210
-5873
-7272
-8472
-7976
-6581
-10175
-5839
-8461
-7410
-8259
-11382
-7187
-3599
-7564
-6294
-5868
-8691
-13624
-5786
-5214
-7428
-5389
-8070
-6992
-11028
-13251
-7163
-8160
-6370
-7163
-17381
-8592
-8676
-8788
-9050
-4632
-10385
-8625
-6364
-7156
-6727
-7367
-7188
-10047
-5662
-8205
-7527
-7206
-8751
-11452
-7364
-6747
-10559
-4443
-9306
-9336
-15835
-5467
-8931
-9682
-7334
-6007
-7927
-11557
-5392
-8216
-6652
-8540
-8269
-7697
-6094
-9389
-7357
-6967
-8474
-8012
-6734
-12987
-6488
-8592
-7003
-7803
-6785
-8455
-8448
-7789
-9294
-6869
-10170
-9669
-6051
-7108
-5811
-6160
-6039
-10595
-6604
-8246
-8706
-5791
-7698
-11145
-7412
-9072
-7809
-8648
-9157
-11993
-5082
-5597
-8508
-6136
-8430
-6176
-5936
-8911
-5384
-7607
-7160
-7523
-6510
-8021
-6512
-6502
-7706
-7060
-8609
-5206
-7765
-8396
-4816
-8257
-3266
-7808
-6754
-7460
-8439
-6406
-7470
-9210
-7102
-5520
-6035
-5980
-6841
-5136
-7219
-9422
-5968
-8011
-7516
-6886
-9431
-5279
-9599
-7304
-10476
-8751
-5921
-6232
-5788
-10200
-8229
-7114
-11797
-8832
-7314
-5455
-4121
-7192
-7314
-16758
-7806
-7129
-8585
-6330
-6312
-8804
-7074
-7280
-8484
-4588
-10402
-6331
-6884
-4895
-7172
-5898
-7144
-3205
-6404
-5786
-8702
-4994
-6988
-8052
-11454
-7468
-15401
-7883
-7458
-7464
-9780
-7723
-4458
-6040
-6321
-9048
-3135
-8902
-5162
-8455
-7359
-9309
-7835
-7636
-8041
-9293
-13259
-7030
-5230
-6801
-6732
-4545
-6067
-4536
-9088
-9138
-7434
-8931
-6505
-7475
-6015
-11039
-7405
-8933
-5161
-7798
-5526
-4594
-10885
-6982
-15145
-6361
-6515
-6767
-6752
-8734
-9221
-10035
-10801
-9319
-5172
-7758
-9723
-14375
-8356
-7589
-9163
-8055
-6071
-8109
-6863
-7422
-8267
-7201
-9926
-11587
-10774
-6032
-8920
-5146
-6727
-10516
-11037
-5510
-10483
-8526
-6495
-4003
-8709
-9860
-5959
-6580
-17321
-7198
-9066
-7999
-11811
-4763
-6900
-5419
-7910
-7257
-8537
-10692
-3151
-5064
-7979
-7523
-8360
-15418
-15353
-6748
-11678
-8332
-5617
-6229
-7045
-7061
-6306
-8577
-6852
-12285
-7414
-5759
-8199
-16573
-5599
-7742
-7354
-8360
-7217
-8838
-9500
-7954
-4690
-4049
-7496
-7595
-6771
-5704
-7475
-6727
-7202
-5671
-8330
-8197
-8051
-6115
-6817
-15201
-7748
-7089
-5380
-7609
-7403
-8489
-6455
-9067
-13761
-9047
-8026
-7844
-16999
-6343
-8355
-5727
-8376
-9040
-8548
-8149
-7028
-6058
-8291
-9710
-10542
-8587
-3204
-9160
-16933
-5804
-6818
-9441
-9773
-5670
-8547
-7549
-9006
-8271
-5969
-8021
-13680
-9059
-6800
-4511
-4463
-8079
-8879
-12388
-7120
-7332
-7166
-7219
-4154
-8818
-7658
-6743
-4864
-6818
-9231
-9033
-7681
-8713
-5593
-6652
-8949
-5522
-9890
-11224
-8844
-5772
-5951
-4554
-5475
-9119
-5578
-9185
-7176
-7972
-10746
-5539
-10126
-7419
-6554
-8228
-6680
-12084
-7266
-8396
-10167
-12624
-8734
-9375
-4374
-3204
-7188
-5156
-9620
-8279
-8350
-4860
-8455
-9890
-8331
-9002
-7121
-8491
-7423
-8402
-8135
-6646
-7596
-6205
-3197
-7015
-8529
-7740
-8169
-7777
-8551
-9956
-6980
-7113
-8256
-9464
-8194
-6753
-8176
-7261
-9287
-6701
-7411
-7385
-3443
-11134
-6066
-5561
-5844
-7247
-7211
-7430
-8199
-5705
-6851
-7938
-7504
-11135
-10303
-7818
-9057
-3631
-6943
-5830
-10360
-9386
-8811
-10755
-15367
-7227
-8756
-7719
-11616
-7240
-7953
-7087
-5277
-6546
-7121
-7305
-6258
-7881
-5267
-13598
-6695
-5627
-8300
-6724
-9360
-8261
-6720
-9749
-7677
-6903
-6167
-5768
-9184
-9508
-7064
-6929
-9404
-4188
-5696
-7320
-5026
-8931
-14217
-4440
-6778
-5850
-8974
-8553
-7691
-6366
-7637
-7741
-6697
-7561
-15985
-4914
-5783
-6680
-6649
-10840
-9316
-6880
-10581
-10302
-14048
-9307
-6419
-7542
-7125
-5581
-4931
-9811
-4473
-8298
-10387
-5837
-9226
-8894
-5058
-8449
-15880
-9880
-7967
-12085
-10023
-11151
-5408
-6182
-4136
-7301
-14732
-6144
-6097
-9342
-8012
-12482
-5723
-7944
-8208
-8602
-7845
-4783
-11122
-11582
-8700
-9825
-11497
-9363
-8945
-10364
-8489
-7132
-7453
-14143
-8924
-8120
-8823
-6996
-2663
-7757
-6607
-7044
-6404
-6889
-6220
-7278
-8228
-5777
-6255
-8056
-8934
-9021
-8480
-7440
-9499
-7780
-8356
-8057
-9103
-6324
-10729
-6883
-10701
-6244
-4613
-11443
-7727
-12293
-6255
-10425
-7445
-8090
-5997
-5854
-7689
-7373
-8967
-6109
-9342
-8619
-8570
-7314
-5378
-8549
-7896
-7149
-7672
-14851
-9015
-6222
-9540
-6101
-6077
-6050
-7022
-17320
-7999
-4820
-8341
-9073
-5792
-6987
-9176
-6944
-7629
-11540
-5621
-5815
-8414
-10406
-9529
-5016
-7970
-11421
-10403
-7055
-6501
-10549
-7358
-7677
-7667
-12588
-7598
-8552
-7910
-7463
-8876
-7760
-13509
-8801
-8842
-7923
-12284
-8605
-9023
-7728
-12444
-8464
-8492
-10238
-7174
-7910
-8569
-5985
-5812
-9040
-6637
-7833
-5950
-13912
-8649
-5008
-4476
-16170
-5626
-10077
-10218
-9795
-8567
-8282
-9912
-6252
-10646
-7255
-6212
-9637
-9980
-7909
-9010
-5754
-10231
-8190
-8793
-3248
-7655
-18095
-4709
-14091
-5938
-7933
-9361
-8055
-8267
-3580
-6970
-15304
-4906
-8438
-5721
-12588
-7626
-13640
-5834
-6228
-7681
-11072
-9163
-8405
-7723
-14970
-7188
-7549
-8755
-5725
-8044
-12214
-7783
-6346
-5805
-6901
-10847
-9183
-6324
-6867
-6274
-5832
-8312
-8135
-8431
-6940
-12061
-9074
-8380
-6265
-10594
-8452
-7217
-6390
-7411
-8807
-9184
-7728
-6883
-6630
-7217
-11635
-8840
-11082
-3634
-5857
-5887
-8740
-4600
-6857
-6943
-5380
-4845
-16290
-7820
-7246
-9160
-9712
-7363
-12451
-5964
-5366
-8945
-9248
-5314
-6584
-6936
-6772
-9418
-6417
-15405
-8026
-8156
-6646
-9903
-8085
-6891
-9174
-7560
-7635
-8928
-8394
-7107
-4783
-5833
-9100
-7882
-8251
-5673
-7554
-3429
-7467
-6321
-11149
-7467
-5953
-7370
-5726
-6675
-6597
-5983
-7909
-9760
-9321
-7025
-7385
-7423
-10412
-6612
-7627
-9186
-4255
-11259
-8969
-8582
-7172
-7577
-9794
-7579
-2805
-5890
-6300
-8073
-8153
-7732
-8902
-6121
-8009
-13506
-8725
-8861
-4543
-7998
-9837
-7448
-5367
-7689
-5036
-13790
-13964
-8461
-5702
-8050
-11677
-7208
-7047
-8452
-7678
-8527
-7174
-6453
-9449
-5229
-8579
-6131
-8067
-9201
-8138
-7440
-6307
-6809
-8908
-9421
-7521
-6316
-9229
-6400
-4247
-7786
-9382
-12471
-5963
-7198
-8455
-8892
-5995
-7640
-8412
-14370
-6298
-9734
-8063
-4327
-7876
-8635
-8776
-10264
-11554
-8175
-6599
-6841
-7662
-9679
-9801
-8945
-5468
-8862
-6036
-5968
-7270
-7216
-11345
-7254
-8203
-9967
-9352
-6355
-8131
-6998
-6549
-6112
-11638
-7233
-7393
-8956
-7622
-4553
-5324
-8845
-11187
-10182
-6213
-5940
-8492
-14245
-8779
-7269
-5906
-4301
-5979
-6624
-6584
-4649
-9550
-9058
-8510
-9096
-8385
-8483
-7681
-7895
-6492
-6311
-9442
-5797
-7238
-9187
-7270
-3332
-8488
-8378
-7267
-6615
-7029
-7489
-5629
-8201
-10663
-9943
-4417
-10351
-7912
-7333
-13742
-3213
-7708
-7792
-13425
-6383
-6414
-7817
-4125
-8243
-7482
-8461
-3931
-6126
-7025
-6700
-8096
-8186
-8991
-7244
-6289
-8283
-9047
-6343
-7328
-8231
-5346
-6382
-11935
-6278
-8391
-9565
-8924
-9405
-7928
-8895
-5983
-8510
-10226
-7833
-6222
-8351
-5994
-6559
-10922
-7249
-7857
-9902
-6046
-8546
-7687
-9377
-7301
-9289
-7101
-8101
-8847
-6759
-8242
-5927
-7883
-8743
-5865
-5040
-13490
-9246
-5337
-7297
-6071
-7826
-16254
-9537
-8181
-8204
-7624
-8124
-7148
-8761
-8443
-6675
-8687
-7381
-8673
-7887
-8837
-6998
-8452
-11934
-7554
-6944
-8524
-6453
-6205
-8363
-3802
-5680
-3240
-8716
-7525
-8886
-5564
-11350
-8792
-11356
-10156
-6189
-7705
-7862
-9138
-7722
-8461
-6332
-5627
-7817
-9321
-7487
-8429
-7051
-6095
-5209
-7645
-7078
-8006
-9334
-7823
-12292
-9213
-11367
-9042
-7193
-6935
-5155
-8634
-8073
-3816
-7807
-11426
-7543
-7386
-7009
-6517
-9258
-8437
-7610
-6518
-4650
-4950
-9572
-8650
-6169
-8131
-8346
-7312
-8369
-6658
-16095
-5078
-10823
-5958
-6199
-9241
-6107
-8201
-6158
-6806
-7022
-12229
-7712
-8993
-7311
-11471
-8127
-6548
-8777
-8074
-15623
-5001
-9107
-15070
-5673
-8498
-9563
-11654
-6308
-9810
-6386
-7779
-9801
-9838
-7156
-5503
-9817
-7480
-3626
-6360
-8299
-8037
-6846
-9494
-6622
-8561
-7850
-7487
-7509
-17538
-8398
-6377
-7274
-6726
-7751
-5492
-6271
-7572
-8558
-7315
-7457
-5782
-5826
-6983
-5802
-9518
-6524
-7516
-7372
-8752
-8377
-7539
-6960
-8951
-6940
-8480
-7903
-8045
-11273
-5531
-5356
-7435
-10069
-8845
-5343
-3914
-7212
-7650
-11509
-7614
-8426
-6770
-10566
-8307
-12282
-8495
-6361
-14037
-4233
-9365
-11007
-7799
-6306
-5332
-8126
-6781
-7905
-8102
-6513
-7577
-6217
-10596
-9565
-11526
-9528
-11470
-9441
-7015
-8274
-6083
-8655
-8795
-6956
-2497
-7566
-13266
-14639
-7961
-6112
-7891
-5298
-9196
-7718
-8265
-7569
-5367
-8419
-6076
-7930
-8169
-14334
-8359
-9748
-7984
-11331
-4536
-6536
-6082
-7985
-4649
-9213
-7927
-9299
-7941
-7900
-7201
-8996
-8734
-5604
-7353
-8221
-6267
-9890
-6401
-8411
-6416
-5919
-7725
-8758
-7407
-16223
-6937
-10744
-5110
-8616
-9397
-9216
-12257
-8364
-6710
-7490
-7537
-5938
-8616
-7595
-5522
-9875
-5567
-7430
-8311
-14262
-15631
-6724
-7296
-11784
-4274
-5420
-9449
-8930
-11766
-7216
-9039
-10461
-8677
-7769
-7399
-9594
-11031
-6799
-9346
-7744
-6270
-7354
-8956
-7443
-5744
-12476
-7674
-8100
-5947
-6056
-6164
-3097
-12257
-6203
-8753
-7582
-11701
-12093
-7817
-7584
-6630
-5463
-7796
-8503
-9358
-9983
-6098
-5356
-8561
-7028
-7108
-7556
-11268
-2946
-5261
-8904
-9095
-6696
-7231
-7543
-5999
-5617
-6228
-8307
-7198
-4357
-4952
-8098
-11525
-12033
-8706
-7135
-6026
-8039
-4603
-8104
-9723
-10767
-7518
-3624
-6972
-6019
-7713
-8301
-8461
-9769
-6949
-8084
-9100
-7850
-8246
-5411
-11751
-12133
-6237
-9074
-9203
-9868
-6180
-6198
-4673
-8054
-7814
-7904
-4147
-6656
-9707
-11912
-6097
-6729
-10494
-6522
-10841
-4800
-15901
-9276
-5602
-7250
-7565
-7566
-7456
-6569
-8518
-8378
-5987
-10084
-8340
-5617
-7670
-7770
-7604
-10714
-6621
-8894
-8567
-9086
-6744
-8601
-4020
-7261
-6400
-8409
-7833
-7388
-8027
-8558
-6950
-8767
-7739
-12497
-7951
-14612
-9666
-5458
-6515
-4525
-8618
-9716
-8187
-8054
-2760
-8559
-10288
-7006
-12241
-8429
-6404
-4322
-7648
-6892
-11912
-7430
-5257
-7596
-2922
-8060
-8491
-9397
-7190
-8892
-7723
-8997
-4490
-7371
-10523
-7735
-10246
-8362
-9160
-10293
-8146
-11930
-7703
-8715
-7913
-7583
-9056
-7879
-5579
-7942
-14794
-7703
-16389
-5531
-7859
-7364
-7914
-7147
-8210
-3695
-6018
-9238
-7748
-8016
-6054
-6201
-7981
-14200
-8675
-5218
-6844
-8198
-8890
-9249
-7386
-9785
-5099
-6102
-6535
-7820
-8930
-5370
-6986
-6311
-9615
-7984
-6566
-6278
-6112
-7452
-8876
-6896
-6805
-8649
-14061
-11930
-6890
-11757
-6887
-7857
-10777
-8918
-6241
-7814
-5795
-6089
-7902
-5791
-8685
-7362
-7599
-11250
-9323
-5870
-8678
-8383
-8436
-3754
-16582
-6232
-3989
-4387
-8091
-15210
-7266
-5315
-5713
-13373
-6602
-8353
-8467
-6585
-12483
-9663
-4831
-5179
-8951
-2036
-9609
-7417
-9729
-9123
-11435
-10581
-3666
-8427
-8417
-4630
-7267
-6446
-8547
-4872
-11330
-7381
-7161
-8070
-6023
-2305
-8861
-7027
-9772
-7943
-8411
-8119
-8037
-10756
-9404
-14083
-15749
-5054
-14572
-5500
-6333
-7843
-11421
-7214
-17030
-6908
-8805
-5904
-7192
-8978
-6939
-7830
-6252
-9139
-16237
-7228
-5465
-8711
-10139
-6198
-11634
-7270
-6859
-7563
-5851
-9523
-4913
-10900
-4387
-8331
-8716
-7429
-6095
-4342
-6373
-8436
-6919
-8464
-7887
-13366
-7890
-9580
-7703
-8528
-6691
-8881
-7709
-8126
-6778
-9414
-8252
-7904
-5373
-9999
-8208
-5678
-11060
-7051
-6351
-5650
-7479
-5729
-6116
-7990
-8442
-7648
-7656
-15611
-8199
-8047
-6285
-10015
-6576
-8323
-7015
-9733
-8126
-5773
-8364
-6825
-6290
-6394
-4224
-6296
-9996
-9592
-5141
-14076
-7250
-6287
-8958
-7884
-8259
-14555
-4130
-8151
-6285
-11615
-5569
-5356
-6419
-9297
-6227
-10390
-9327
-9063
-7600
-16400
-8300
-11704
-4257
-5699
-5393
-6376
-6071
-8861
-7312
-6411
-6301
-6369
-11993
-7642
-18068
-7502
-11323
-6637
-5544
-9614
-8390
-7735
-7255
-7569
-6631
-7475
-5847
-6020
-8012
-8509
-9008
-7882
-5835
-6225
-10840
-7123
-8740
-6408
-7339
-7513
-6439
-3159
-16329
-5659
-4963
-6957
-8405
-4853
-5822
-9229
-9245
-9865
-9066
-6369
-10733
-8289
-8767
-6338
-6184
-6615
-6338
-6362
-6332
-8531
-7041
-5079
-5891
-8794
-5329
-9715
-7612
-9630
-7697
-6988
-9180
-9782
-5484
-6600
-8803
-8343
-8233
-7712
-7583
-6227
-8078
-8024
-8433
-4129
-6494
-6874
-7362
-8479
-10135
-8327
-9959
-12858
-6329
-6035
-6881
-5955
-7743
-6689
-6915
-3840
-7148
-7956
-8857
-4792
-8575
-6681
-3931
-5155
-14912
-6290
-6196
-5042
-7768
-11129
-12141
-15551
-5707
-5403
-8047
-10447
-8179
-9171
-8339
-8955
-8449
-7741
-3232
-6362
-8798
-7896
-7888
-7725
-12221
-8491
-7928
-9849
-11068
-7904
-9428
-7687
-6331
-5085
-9562
-6945
-6068
-11366
-8104
-7555
-8754
-9936
-9263
-7250
-5052
-13838
-9457
-15771
-6616
-9031
-7960
-7815
-7247
-8131
-10491
-3545
-8127
-7860
-9999
-6914
-7393
-10177
-7869
-4920
-7968
-4825
-13350
-9829
-2302
-13803
-8604
-7608
-7993
-6091
-6185
-8965
-7815
-12870
-8293
-9514
-14247
-5073
-6225
-5882
-6157
-9344
-9933
-9639
-8418
-7797
-8748
-7293
-5301
-9214
-8545
-6780
-5877
-9789
-6252
-6406
-7695
-10299
-8343
-8286
-11826
-11662
-6336
-7767
-8826
-5161
-8852
-6931
-5535
-8264
-7001
-5372
-11295
-7929
-7885
-5732
-6372
-6375
-6599
-8501
-7837
-4562
-9342
-7260
-7246
-7376
-8448
-8959
-8193
-10812
-8617
-7794
-6715
-9311
-14120
-5609
-8355
-5959
-6244
-16346
-10747
-4373
-7993
-7594
-6890
-8647
-8453
-9205
-8284
-6068
-7848
-5736
-5944
-8031
-11484
-7167
-7241
-5136
-9451
-14707
-9619
-8875
-4938
-6825
-8358
-7377
-10575
-8411
-6594
-8995
-8018
-12650
-7152
-11372
-11143
-7905
-6368
-10059
-12651
-8742
-7550
-10016
-9419
-7955
-7706
-7325
-3219
-8476
-10282
-10282
-11050
-6255
-8286
-7642
-7810
-7729
-8861
-8493
-6629
-10520
-7544
-7710
-8596
-7573
-10694
-9187
-8167
-6846
-6068
-13314
-7798
-7101
-9614
-4645
-7907
-9880
-5887
-9447
-5523
-6118
-5759
-14346
-9563
-8650
-5624
-8807
-14790
-7624
-8557
-8941
-6189
-7411
-7725
-9054
-7718
-7047
-9222
-7840
-6291
-5490
-5280
-6559
-9961
-10058
-8752
-8435
-7638
-8885
-7354
-8281
-8203
-6153
-6407
-8534
-8791
-9446
-6266
-7620
-4726
-7799
-7918
-9395
-7076
-11720
-7632
-2897
-9899
-5972
-5874
-7139
-5275
-20249
-7848
-9441
-7872
-6462
-11874
-7375
-7409
-2851
-11538
-6451
-7077
-9434
-5564
-8797
-5086
-7045
-9650
-10657
-6392
-4259
-8010
-15704
-6362
-9018
-7419
-8581
-8994
-6047
-6995
-9565
-5640
-8193
-6007
-6292
-5644
-8606
-11420
-7718
-8358
-6443
-6700
-6772
-8279
-6311
-4387
-6200
-8477
-4791
-6156
-6033
-5177
-8736
-9966
-7707
-7136
-5987
-3047
-6841
-6861
-9962
-9659
-8555
-7266
-6907
-9205
-5896
-10186
-8214
-8587
-12675
-10360
-8252
-7368
-9005
-7251
-8567
-6963
-7284
-3124
-8577
-10424
-8666
-8162
-8798
-6188
-6604
-6099
-2798
-5836
-3656
-8015
-7648
-11382
-4464
-8260
-6658
-9133
-6250
-14054
-9397
-7556
-7585
-7673
-6175
-17325
-8352
-7761
-7471
-8371
-5314
-10137
-7319
-7885
-8007
-7492
-5875
-7751
-7336
-8111
-6150
-7651
-4676
-8244
-8215
-6277
-8444
-7478
-6981
-9017
-8608
-6909
-2463
-9339
-8779
-5249
-8523
-5863
-7387
-10258
-8621
-7011
-14709
-9745
-11604
-9688
-8593
-8923
-7964
-7231
-7628
-8983
-7617
-7075
-4304
-7240
-8988
-8548
-15566
-9274
-12192
-12765
-6908
-5664
-7007
-8017
-8850
-7279
-6847
-7522
-8267
-6364
-7863
-13930
-7563
-8007
-7239
-9225
-10135
-10960
-9615
-6349
-6126
-9111
-7699
-7100
-8767
-9209
-6060
-7701
-7728
-12411
-8588
-7356
-14848
-8436
-9414
-8620
-5368
-9039
-1936
-8975
-9505
-5862
-12084
-7277
-7682
-17869
-6293
-7943
-6094
-8928
-6387
-5184
-6773
-6688
-9552
-6060
-8006
-6070
-6128
-6999
-7596
-6400
-7028
-8814
-8455
-7536
-7589
-6399
-8822
-5852
-7105
-7804
-7960
-6756
-8978
-7423
-6384
-8863
-11996
-7071
-7999
-4836
-9290
-6920
-14910
-8503
-5167
-13749
-6609
-7085
-6656
-6364
-5854
-4683
-6230
-5475
-8418
-6893
-7295
-8705
-8461
-5198
-3102
-9507
-5304
-9652
-8388
-8961
-6675
-8227
-6057
-7564
-5833
-8493
-9085
-7451
-8047
-6804
-7080
-6548
-8367
-8853
-7856
-8836
-5563
-8270
-4881
-8813
-7272
-6967
-8085
-9421
-14585
-9569
-7340
-8078
-9200
-7544
-10619
-6111
-7042
-8805
-3979
-8602
-3822
-7923
-8171
-8706
-8266
-8347
-9496
-6128
-6417
-7737
-11157
-6473
-7732
-7086
-11295
-6481
-11708
-6252
-8122
-3083
-7546
-7171
-9328
-8698
-11660
-5744
-5857
-8417
-7347
-5859
-7888
-6444
-8834
-8305
-4072
-7259
-16385
-7160
-7110
-9551
-13005
-8135
-9328
-5796
-5790
-7923
-7604
-7357
-7916
-8141
-4837
-5764
-8056
-11694
-12613
-7361
-8673
-8027
-7599
-6941
-10108
-5304
-6365
-11497
-7628
-13445
-8869
-8211
-6752
-7801
-13224
-9752
-14850
-9409
-5530
-6310
-7661
-8681
-11221
-12371
-7502
-9491
-4813
-7176
-7828
-6838
-7420
-6954
-7774
-5916
-5839
-8062
-8961
-4753
-8253
-6779
-8174
-5712
-7293
-9506
-6558
-5085
-6958
-11424
-6741
-12449
-8432
-8755
-7290
-6182
-7508
-9651
-6950
-9529
-2711
-9253
-9234
-6574
-7005
-8872
-8943
-13874
-8687
-7601
-6974
-6996
-9439
-7260
-13176
-11564
-6041
-7351
-8151
-7390
-7605
-6874
-7619
-6401
-9619
-5949
-7599
-8488
-8621
-9049
-7916
-8251
-6930
-6941
-6115
-3650
-9258
-7730
-8480
-8994
-6119
-8538
-6170
-8976
-7813
-10205
-8189
-6832
-8574
-6412
-9916
-5896
-9126
-7295
-11560
-9659
-11611
-9836
-8374
-6210
-8840
-7845
-6091
-15028
-7841
-14263
-6958
-13479
-6908
-5315
-7934
-7892
-7628
-16000
-10549
-7311
-6649
-12000
-6513
-8033
-7333
-7832
-7648
-5906
-9376
-5953
-8856
-6717
-8422
-8150
-9547
-8854
-9564
-7790
-8314
-7960
-7880
-10859
-7018
-7531
-7406
-3227
-7806
-7992
-6099
-10247
-7406
-7776
-7987
-8217
-6829
-6061
-10975
-11666
-11312
-8832
-10342
-6206
-8441
-5042
-5612
-4515
-6110
-6985
-6009
-6221
-3931
-5888
-4772
-8272
-7400
-8400
-13746
-11799
-7488
-7292
-6106
-1604
-6175
-3649
-9041
-5611
-8495
-8934
-4174
-5798
-8819
-7180
-7116
-11736
-7225
-7932
-6748
-9864
-6966
-6325
-8540
-8042
-7986
-4977
-9567
-8139
-12644
-6420
-6808
-6624
-8330
-13497
-6725
-6743
-7099
-11316
-6476
-5734
-8626
-7968
-8114
-12614
-6487
-6364
-7366
-7129
-5670
-6324
-6600
-6291
-6969
-8725
-6018
-8059
-9463
-9409
-3857
-5962
-12583
-7300
-7590
