-12 3 5 -6 17 10 -124 8 5 23 -8 -2 -10 2 -3 20 -11 16 0 -20 11 21 12 -7 -16 -3 9 9 -15 12 -8 -5 -18 14 -10 -4 1 -10 -23 -23 10 11 -14 2 10 -2 -21 -6 6 6 -16 -1 0 1 -1 -7 -1 19 5 2 2 -9 14 3
-1 -8 -4 -1 -1 0 -8 33 -5 -17 -2 -9 3 -8 6 22 -34 -8 14 -43 8 40 -25 -13 -29 -5 17 -8 -31 -11 23 -6 -30 32 -16 6 -12 4 -30 4 11 35 6 -15 -7 39 -40 -10 11 5 -27 -19 16 -13 -6 -1 3 29 3 11 31 0 35 -3
-6 -6 -2 2 -5 -12 -11 23 -8 -8 -12 1 -9 21 20 19 -33 12 13 -45 9 29 -7 -9 -16 -2 10 -19 -30 -10 24 -25 -16 17 -19 10 -5 -10 -34 -6 18 9 -5 -27 17 43 -22 -7 9 4 -50 -15 3 -6 -1 -13 -5 4 4 -5 23 -2 41 -15
-3 -2 -8 -17 13 -8 -13 20 -2 -12 -2 -27 -21 29 2 29 -46 2 7 -42 14 35 -12 -27 -13 -5 -2 -12 -23 -13 21 -20 2 16 -21 18 4 4 -24 -4 11 7 9 -6 -14 28 -16 -12 0 5 -36 -6 17 -7 13 -8 0 21 18 -9 32 5 31 0
-18 7 -9 -39 20 14 -3 26 6 16 12 -7 -20 13 -7 25 -42 11 18 -21 12 35 -15 -20 -5 -3 6 10 -24 -30 16 -15 -5 32 0 5 -19 -23 -26 -14 9 14 9 -9 -3 34 -33 -5 11 2 -38 -7 1 -25 10 -11 12 27 -7 4 18 21 30 -16
2 -4 3 -32 21 18 -10 22 -6 4 4 -8 -12 13 11 20 -55 -4 3 -36 18 20 -16 -35 -5 -4 24 -5 -26 -20 6 -22 1 25 3 15 8 -11 -37 -10 -13 11 10 -13 -15 6 -52 3 -25 -12 -34 -9 3 -31 1 7 -6 0 -2 -9 -14 1 51 -22
-12 -9 12 -34 22 16 -18 26 0 7 0 -8 -3 12 -5 34 -53 0 19 -22 9 32 -26 -27 -5 -2 7 -6 -36 -10 9 -15 9 25 -16 3 1 -11 -24 -19 2 17 33 -5 -17 28 -36 -15 -15 14 -13 0 19 -14 15 -5 -10 22 1 -21 21 -2 36 -26
-32 -22 13 -20 8 6 -16 14 24 1 -6 -1 16 13 6 28 -47 4 1 -22 12 23 -14 -18 1 -10 6 -8 -25 -3 -4 -15 7 3 14 23 -3 -8 -28 -19 29 22 -3 -27 -29 43 -32 -19 -6 7 -13 -6 -9 -1 13 0 -10 13 22 -13 4 14 42 -29
2 -3 -5 -10 17 9 -12 15 7 20 -18 4 4 26 -1 18 -30 -14 14 -25 15 27 -22 -3 -6 14 9 -8 -12 -16 21 -21 4 20 -12 42 2 6 -5 -4 33 8 2 -13 12 31 -34 -21 20 -3 -32 -27 -1 8 5 -2 -8 4 -13 -21 18 -9 30 -16
-11 -18 -1 -24 -18 24 -4 30 5 4 -18 -4 -4 17 1 25 -31 -26 14 -8 -4 27 -46 -21 -20 19 7 -12 -5 -13 3 -21 5 23 -2 22 6 0 -6 8 2 23 -8 -2 -1 38 -31 -16 20 19 -25 -24 -1 2 18 10 22 13 -5 -5 21 -23 20 -26
10 -10 9 13 11 6 -5 28 -3 5 -18 -22 2 22 7 28 -27 -4 20 -26 29 37 -25 1 -2 20 6 -16 -15 3 16 -10 12 19 -17 56 -9 -12 -18 -8 30 -1 -1 -12 3 22 -42 -22 21 -6 -15 -23 -18 -4 -16 15 -2 15 -3 0 30 0 44 12
-4 -20 21 3 -6 15 -29 9 6 39 -27 -11 -26 15 -11 16 -22 7 4 -36 4 20 -6 -15 -4 18 16 4 -22 4 25 -27 3 4 -16 36 -21 -12 -28 -1 23 3 9 1 16 3 -5 -25 0 -7 -19 -37 -21 12 -16 0 -12 14 2 -23 36 -9 45 -26
0 6 -4 -9 -1 1 -4 25 13 24 2 -21 -13 19 -1 28 -27 0 12 -49 9 38 -11 -23 -14 8 14 -15 -15 0 12 -17 2 6 -16 42 6 6 -17 -15 11 15 19 4 -8 10 -27 -11 -2 9 -37 -14 3 16 3 21 4 40 3 -12 23 -9 18 -9
-16 -14 11 -20 3 6 -5 30 24 32 3 4 1 -16 -1 28 -17 7 23 -25 12 16 -19 -8 2 -7 8 1 -28 -3 9 -21 -6 2 12 25 -7 -2 -30 -24 11 24 6 -20 -3 6 -23 -21 1 17 -16 -15 -9 4 9 18 -2 46 7 -17 28 11 23 -11
-5 -7 7 -1 -21 0 3 28 33 18 0 -3 -4 15 0 32 -25 -24 16 -5 2 16 -34 -11 -18 19 12 -5 -12 5 0 -3 -4 7 1 30 -4 13 -9 -8 2 29 -8 4 15 11 -26 -28 19 28 -26 -20 -11 18 6 19 18 12 -11 -3 14 -28 10 -25
5 -15 -4 13 -4 1 -9 43 0 29 -24 -27 -13 8 5 26 -25 -2 19 -13 20 26 -7 10 -14 -8 -1 2 -15 0 10 -8 10 1 -16 30 11 5 -28 -22 8 15 -5 -3 13 -7 -31 -28 -2 22 -24 -14 -15 16 -2 35 -1 26 -8 -11 35 9 21 -15
16 -7 12 -21 -2 -3 4 9 23 53 -11 -4 -27 6 2 25 -5 11 18 -39 -6 15 0 4 -6 9 1 26 -42 -4 22 -3 7 -12 -3 19 -7 -7 -19 -25 18 14 -3 -17 1 -3 -29 -2 -4 25 -7 -23 12 33 19 21 10 32 1 -8 17 27 19 2
17 -1 19 -16 -21 -1 15 4 7 36 4 -14 -10 6 0 26 -8 -9 20 -31 19 13 1 1 -22 12 19 7 -23 -2 4 -11 5 -8 -4 22 -2 -4 -10 -32 14 33 -16 5 22 -5 -32 -11 -13 11 -31 -2 -20 5 16 24 3 41 -8 17 33 12 25 -3
-13 -9 9 -7 -3 -4 0 7 9 44 -3 -14 -19 24 9 18 -12 -6 27 -69 -2 -1 -9 5 -14 3 20 11 -20 -3 10 -16 3 3 17 29 -17 -1 -14 -27 23 26 -15 -4 22 -27 -19 -8 -35 31 -10 -8 -19 17 13 16 0 29 -9 14 7 16 33 -17
-10 0 13 6 8 0 -1 20 -3 52 3 -15 -15 29 11 39 -20 2 20 -52 -1 20 10 -19 4 -4 -3 2 -16 17 -8 -27 -15 2 4 17 18 0 -19 -39 14 27 7 -7 24 -5 -19 -5 -20 7 -16 0 -7 8 23 23 14 32 -15 -10 23 4 15 -11
-5 -26 10 -1 -4 -1 -16 16 8 38 -4 -13 -4 21 2 24 -27 9 10 -35 10 8 -2 -4 4 -9 16 10 -18 29 -6 -14 -9 9 6 14 13 3 -10 -33 22 24 -11 -17 9 -1 -17 15 -3 19 -17 -13 0 11 6 28 18 47 -23 -9 29 3 29 -27
-5 -24 10 8 -2 6 -21 20 6 23 -3 -45 -4 14 2 11 -32 4 13 -26 16 8 -22 -8 -24 -23 -4 19 -18 7 4 -24 -16 12 -10 -4 20 19 4 -16 -6 -2 -9 -4 13 -9 -45 -22 5 -1 -23 -17 7 15 12 28 8 38 -20 -6 40 -21 20 -8
-8 -3 4 1 1 -13 -36 23 -2 15 0 -15 -25 16 -8 11 -15 0 -2 -38 0 16 -6 -22 -20 -1 5 24 -21 5 0 -7 -3 11 -3 -4 -3 0 8 -8 20 17 2 7 19 -5 -28 -19 1 3 -27 -18 3 -2 20 15 -5 39 -11 -16 25 0 30 -11
7 -10 9 19 6 -6 -18 22 5 8 6 -24 1 15 -9 12 -24 -6 -9 -58 17 15 -1 -9 -22 -7 1 21 -17 2 -8 -14 -9 19 -20 -5 -11 -2 9 -6 15 11 -2 -7 18 0 -31 -34 -4 5 -32 -28 1 12 16 20 -11 36 10 -25 22 -4 28 -9
-12 -13 26 16 -14 5 -13 29 -12 -12 19 -18 6 9 3 -3 -26 -23 17 -29 4 22 -5 -3 -31 -6 -4 7 -11 2 6 1 -7 25 2 -13 5 4 -4 -14 10 12 -14 -4 20 -1 -31 -17 1 -17 -47 -32 -5 -16 33 26 -13 34 -9 -14 18 -12 40 -17
-6 7 5 8 1 -1 -11 27 -9 -18 11 -36 -23 38 1 23 -20 12 -4 -38 7 18 16 -25 -9 -15 0 11 -16 1 6 -11 -11 27 -18 -10 -2 1 -2 -13 26 4 4 -11 1 3 -22 -18 0 -2 -45 -13 9 9 11 30 -13 41 10 -14 15 -11 25 -3
-10 16 4 -29 12 21 4 32 -2 7 23 -21 -12 29 -1 29 -21 8 6 -27 12 21 17 -10 -2 -17 8 40 -21 -15 0 -10 -12 43 2 -18 -24 -28 -7 -16 17 10 -8 -1 18 8 -40 -19 14 -8 -38 -7 2 -14 15 15 6 39 -9 -3 6 9 30 -15
0 -1 13 -18 15 20 -5 32 -10 -10 20 -26 -14 22 14 19 -38 -1 -1 -31 22 5 14 -22 0 -19 25 19 -25 -12 -13 -12 1 29 13 -13 3 -19 -15 -17 -8 7 5 4 4 -19 -61 -5 -25 -19 -37 -5 -1 -17 10 35 -10 17 -7 -11 -23 -5 44 -20
-9 -1 29 -23 13 28 -11 34 -3 -10 14 -12 0 27 -5 35 -33 -2 -1 -14 7 16 6 -17 0 -20 5 20 -29 6 -13 -11 -3 37 -10 -22 -7 -20 -6 -20 14 2 15 10 7 -8 -31 -31 -7 -3 -21 -5 15 -5 22 23 -13 41 0 -24 9 -3 37 -15
-35 -13 28 -8 8 20 -11 21 19 -23 6 -9 21 28 9 30 -26 8 -10 -24 13 7 14 -10 2 -26 10 23 -26 3 -21 -5 -2 11 17 -4 -7 -15 -20 -17 40 11 -15 -15 -22 11 -32 -32 -2 -7 -13 -7 -12 2 17 30 -11 28 14 -17 -13 10 40 -30
-10 8 7 -9 -3 22 -10 19 5 -24 -6 -6 8 50 -8 21 -14 -7 3 -29 9 14 3 9 6 1 10 24 -10 -22 -4 -24 3 33 -19 12 -5 -10 3 -1 39 -3 -12 4 28 13 -41 -12 31 -19 -34 -28 -7 10 8 11 -8 32 -14 -21 11 -28 26 -4
6 2 23 10 16 7 -8 15 7 -24 6 -10 -8 44 13 36 -13 -5 18 -26 23 21 11 -14 -7 6 17 18 -3 14 -7 -9 9 37 -12 22 -22 -35 -2 -22 36 1 -15 -13 23 18 -37 -44 7 -22 1 -25 -2 5 -9 24 3 43 3 -18 -1 -6 26 14
-11 -7 31 1 2 23 -31 9 6 -7 -21 -19 -26 32 -18 13 -14 7 -9 -33 -4 7 23 2 -2 0 18 20 -21 2 6 -22 12 12 -19 17 -30 -23 -26 -7 25 1 -3 20 35 -11 -2 -38 6 -27 -9 -40 -17 11 -10 4 -12 27 -1 -29 20 -11 40 -7
-18 15 2 -13 4 6 -20 32 6 -25 -10 -10 -12 36 -21 31 -18 -6 5 -43 -3 16 16 -7 1 -3 5 17 -5 -6 -12 -11 11 35 -23 14 7 0 -25 -16 21 15 6 12 15 -11 -15 -19 -2 -11 -14 -26 1 33 3 18 2 38 0 -14 1 -7 16 4
-8 11 18 -33 -3 14 2 5 20 -2 -4 -1 -23 27 -7 35 -7 7 12 -35 -3 13 22 18 5 -8 7 27 -36 -20 -1 -1 29 10 -10 8 -17 -30 -29 -24 22 4 -14 8 8 -3 -30 -9 5 10 9 -41 10 31 19 17 14 45 11 -28 0 26 16 23
-3 15 25 -33 -15 19 11 7 9 -17 10 -8 -11 28 -9 31 -11 -13 17 -20 16 10 27 9 -11 -7 24 9 -14 -24 -20 -11 29 14 -16 17 -6 -28 -24 -26 8 25 -22 21 21 -4 -25 -12 4 -8 -15 -21 -13 -3 17 16 10 49 2 -6 16 15 17 16
-32 9 20 -18 8 3 -10 7 9 -14 2 -2 -23 45 -10 24 -10 -7 22 -60 -7 -3 14 13 -1 -13 28 8 -8 -20 -9 -15 33 17 11 23 -26 -19 -27 -27 22 20 -23 16 28 -22 -18 -11 -21 6 18 -30 -12 15 2 15 8 40 9 -3 -13 19 28 2
-33 12 15 -9 20 16 -8 14 -1 -2 10 -4 -10 41 9 45 -19 -8 14 -47 -9 13 32 -9 11 -15 5 -3 -6 1 -26 -24 5 18 0 18 10 -19 -37 -37 11 22 -3 10 29 0 -16 -3 -11 -10 10 -17 2 5 16 10 23 44 -4 -34 3 5 7 11
-25 -14 18 -14 6 18 -20 11 7 -9 3 3 -3 31 -12 33 -24 3 7 -32 3 1 18 1 9 -14 22 4 -6 12 -28 -9 15 28 0 8 4 -15 -33 -30 17 14 -12 10 11 3 -11 11 9 -2 3 -22 4 7 -1 16 28 57 -12 -30 12 4 22 4
-21 -11 2 -7 -6 13 -22 14 4 -19 10 -11 -1 15 -6 21 -36 -1 11 -24 3 3 -1 6 -21 -18 3 2 -1 2 -7 -25 9 28 -21 8 17 9 -31 -19 -15 -4 -20 21 21 -7 -37 -24 21 -13 4 -36 13 15 -3 17 13 54 -18 -28 35 -17 0 15
-7 -2 -11 -12 1 -10 -35 16 -2 -3 3 15 -10 4 -14 15 -5 -2 9 -35 -12 7 15 -15 -20 5 9 16 -14 0 -8 -4 6 12 -10 3 2 5 -16 -14 4 19 -6 30 30 -6 -19 -22 2 -13 -6 -24 2 11 6 9 -4 51 -13 -24 18 2 12 8
1 -1 -1 -11 22 8 -16 13 -11 -2 9 1 1 10 1 22 -16 12 -3 -35 14 23 9 -15 -7 4 2 10 -9 -2 -2 0 5 8 -26 8 2 1 -19 -20 2 19 -10 25 8 11 -30 -20 7 7 -24 -15 13 2 -9 -9 -1 31 10 1 14 -8 16 -2
1 -1 -1 -11 22 8 -16 13 -11 -2 9 1 1 10 1 22 -16 12 -3 -35 14 23 9 -15 -7 4 2 10 -9 -2 -2 0 5 8 -26 8 2 1 -19 -20 2 19 -10 25 8 11 -30 -20 7 7 -24 -15 13 2 -9 -9 -1 31 10 1 14 -8 16 -2
1 -1 -1 -11 22 8 -16 13 -11 -2 9 1 1 10 1 22 -16 12 -3 -35 14 23 9 -15 -7 4 2 10 -9 -2 -2 0 5 8 -26 8 2 1 -19 -20 2 19 -10 25 8 11 -30 -20 7 7 -24 -15 13 2 -9 -9 -1 31 10 1 14 -8 16 -2
1 -1 -1 -11 22 8 -16 13 -11 -2 9 1 1 10 1 22 -16 12 -3 -35 14 23 9 -15 -7 4 2 10 -9 -2 -2 0 5 8 -26 8 2 1 -19 -20 2 19 -10 25 8 11 -30 -20 7 7 -24 -15 13 2 -9 -9 -1 31 10 1 14 -8 16 -2
1 -1 -1 -11 22 8 -16 13 -11 -2 9 1 1 10 1 22 -16 12 -3 -35 14 23 9 -15 -7 4 2 10 -9 -2 -2 0 5 8 -26 8 2 1 -19 -20 2 19 -10 25 8 11 -30 -20 7 7 -24 -15 13 2 -9 -9 -1 31 10 1 14 -8 16 -2
1 -1 -1 -11 22 8 -16 13 -11 -2 9 1 1 10 1 22 -16 12 -3 -35 14 23 9 -15 -7 4 2 10 -9 -2 -2 0 5 8 -26 8 2 1 -19 -20 2 19 -10 25 8 11 -30 -20 7 7 -24 -15 13 2 -9 -9 -1 31 10 1 14 -8 16 -2
1 -1 -1 -11 22 8 -16 13 -11 -2 9 1 1 10 1 22 -16 12 -3 -35 14 23 9 -15 -7 4 2 10 -9 -2 -2 0 5 8 -26 8 2 1 -19 -20 2 19 -10 25 8 11 -30 -20 7 7 -24 -15 13 2 -9 -9 -1 31 10 1 14 -8 16 -2
1 -1 -1 -11 22 8 -16 13 -11 -2 9 1 1 10 1 22 -16 12 -3 -35 14 23 9 -15 -7 4 2 10 -9 -2 -2 0 5 8 -26 8 2 1 -19 -20 2 19 -10 25 8 11 -30 -20 7 7 -24 -15 13 2 -9 -9 -1 31 10 1 14 -8 16 -2
1 -1 -1 -11 22 8 -16 13 -11 -2 9 1 1 10 1 22 -16 12 -3 -35 14 23 9 -15 -7 4 2 10 -9 -2 -2 0 5 8 -26 8 2 1 -19 -20 2 19 -10 25 8 11 -30 -20 7 7 -24 -15 13 2 -9 -9 -1 31 10 1 14 -8 16 -2
1 -1 -1 -11 22 8 -16 13 -11 -2 9 1 1 10 1 22 -16 12 -3 -35 14 23 9 -15 -7 4 2 10 -9 -2 -2 0 5 8 -26 8 2 1 -19 -20 2 19 -10 25 8 11 -30 -20 7 7 -24 -15 13 2 -9 -9 -1 31 10 1 14 -8 16 -2
1 -1 -1 -11 22 8 -16 13 -11 -2 9 1 1 10 1 22 -16 12 -3 -35 14 23 9 -15 -7 4 2 10 -9 -2 -2 0 5 8 -26 8 2 1 -19 -20 2 19 -10 25 8 11 -30 -20 7 7 -24 -15 13 2 -9 -9 -1 31 10 1 14 -8 16 -2
1 -1 -1 -11 22 8 -16 13 -11 -2 9 1 1 10 1 22 -16 12 -3 -35 14 23 9 -15 -7 4 2 10 -9 -2 -2 0 5 8 -26 8 2 1 -19 -20 2 19 -10 25 8 11 -30 -20 7 7 -24 -15 13 2 -9 -9 -1 31 10 1 14 -8 16 -2
1 -1 -1 -11 22 8 -16 13 -11 -2 9 1 1 10 1 22 -16 12 -3 -35 14 23 9 -15 -7 4 2 10 -9 -2 -2 0 5 8 -26 8 2 1 -19 -20 2 19 -10 25 8 11 -30 -20 7 7 -24 -15 13 2 -9 -9 -1 31 10 1 14 -8 16 -2
1 -1 -1 -11 22 8 -16 13 -11 -2 9 1 1 10 1 22 -16 12 -3 -35 14 23 9 -15 -7 4 2 10 -9 -2 -2 0 5 8 -26 8 2 1 -19 -20 2 19 -10 25 8 11 -30 -20 7 7 -24 -15 13 2 -9 -9 -1 31 10 1 14 -8 16 -2
1 -1 -1 -11 22 8 -16 13 -11 -2 9 1 1 10 1 22 -16 12 -3 -35 14 23 9 -15 -7 4 2 10 -9 -2 -2 0 5 8 -26 8 2 1 -19 -20 2 19 -10 25 8 11 -30 -20 7 7 -24 -15 13 2 -9 -9 -1 31 10 1 14 -8 16 -2
1 -1 -1 -11 22 8 -16 13 -11 -2 9 1 1 10 1 22 -16 12 -3 -35 14 23 9 -15 -7 4 2 10 -9 -2 -2 0 5 8 -26 8 2 1 -19 -20 2 19 -10 25 8 11 -30 -20 7 7 -24 -15 13 2 -9 -9 -1 31 10 1 14 -8 16 -2
1 -1 -1 -11 22 8 -16 13 -11 -2 9 1 1 10 1 22 -16 12 -3 -35 14 23 9 -15 -7 4 2 10 -9 -2 -2 0 5 8 -26 8 2 1 -19 -20 2 19 -10 25 8 11 -30 -20 7 7 -24 -15 13 2 -9 -9 -1 31 10 1 14 -8 16 -2
1 -1 -1 -11 22 8 -16 13 -11 -2 9 1 1 10 1 22 -16 12 -3 -35 14 23 9 -15 -7 4 2 10 -9 -2 -2 0 5 8 -26 8 2 1 -19 -20 2 19 -10 25 8 11 -30 -20 7 7 -24 -15 13 2 -9 -9 -1 31 10 1 14 -8 16 -2
1 -1 -1 -11 22 8 -16 13 -11 -2 9 1 1 10 1 22 -16 12 -3 -35 14 23 9 -15 -7 4 2 10 -9 -2 -2 0 5 8 -26 8 2 1 -19 -20 2 19 -10 25 8 11 -30 -20 7 7 -24 -15 13 2 -9 -9 -1 31 10 1 14 -8 16 -2
1 -1 -1 -11 22 8 -16 13 -11 -2 9 1 1 10 1 22 -16 12 -3 -35 14 23 9 -15 -7 4 2 10 -9 -2 -2 0 5 8 -26 8 2 1 -19 -20 2 19 -10 25 8 11 -30 -20 7 7 -24 -15 13 2 -9 -9 -1 31 10 1 14 -8 16 -2
1 -1 -1 -11 22 8 -16 13 -11 -2 9 1 1 10 1 22 -16 12 -3 -35 14 23 9 -15 -7 4 2 10 -9 -2 -2 0 5 8 -26 8 2 1 -19 -20 2 19 -10 25 8 11 -30 -20 7 7 -24 -15 13 2 -9 -9 -1 31 10 1 14 -8 16 -2
1 -1 -1 -11 22 8 -16 13 -11 -2 9 1 1 10 1 22 -16 12 -3 -35 14 23 9 -15 -7 4 2 10 -9 -2 -2 0 5 8 -26 8 2 1 -19 -20 2 19 -10 25 8 11 -30 -20 7 7 -24 -15 13 2 -9 -9 -1 31 10 1 14 -8 16 -2
1 -1 -1 -11 22 8 -16 13 -11 -2 9 1 1 10 1 22 -16 12 -3 -35 14 23 9 -15 -7 4 2 10 -9 -2 -2 0 5 8 -26 8 2 1 -19 -20 2 19 -10 25 8 11 -30 -20 7 7 -24 -15 13 2 -9 -9 -1 31 10 1 14 -8 16 -2
1 -1 -1 -11 22 8 -16 13 -11 -2 9 1 1 10 1 22 -16 12 -3 -35 14 23 9 -15 -7 4 2 10 -9 -2 -2 0 5 8 -26 8 2 1 -19 -20 2 19 -10 25 8 11 -30 -20 7 7 -24 -15 13 2 -9 -9 -1 31 10 1 14 -8 16 -2
1 -1 -1 -11 22 8 -16 13 -11 -2 9 1 1 10 1 22 -16 12 -3 -35 14 23 9 -15 -7 4 2 10 -9 -2 -2 0 5 8 -26 8 2 1 -19 -20 2 19 -10 25 8 11 -30 -20 7 7 -24 -15 13 2 -9 -9 -1 31 10 1 14 -8 16 -2
1 -1 -1 -11 22 8 -16 13 -11 -2 9 1 1 10 1 22 -16 12 -3 -35 14 23 9 -15 -7 4 2 10 -9 -2 -2 0 5 8 -26 8 2 1 -19 -20 2 19 -10 25 8 11 -30 -20 7 7 -24 -15 13 2 -9 -9 -1 31 10 1 14 -8 16 -2
1 -1 -1 -11 22 8 -16 13 -11 -2 9 1 1 10 1 22 -16 12 -3 -35 14 23 9 -15 -7 4 2 10 -9 -2 -2 0 5 8 -26 8 2 1 -19 -20 2 19 -10 25 8 11 -30 -20 7 7 -24 -15 13 2 -9 -9 -1 31 10 1 14 -8 16 -2
1 -1 -1 -11 22 8 -16 13 -11 -2 9 1 1 10 1 22 -16 12 -3 -35 14 23 9 -15 -7 4 2 10 -9 -2 -2 0 5 8 -26 8 2 1 -19 -20 2 19 -10 25 8 11 -30 -20 7 7 -24 -15 13 2 -9 -9 -1 31 10 1 14 -8 16 -2
1 -1 -1 -11 22 8 -16 13 -11 -2 9 1 1 10 1 22 -16 12 -3 -35 14 23 9 -15 -7 4 2 10 -9 -2 -2 0 5 8 -26 8 2 1 -19 -20 2 19 -10 25 8 11 -30 -20 7 7 -24 -15 13 2 -9 -9 -1 31 10 1 14 -8 16 -2
1 -1 -1 -11 22 8 -16 13 -11 -2 9 1 1 10 1 22 -16 12 -3 -35 14 23 9 -15 -7 4 2 10 -9 -2 -2 0 5 8 -26 8 2 1 -19 -20 2 19 -10 25 8 11 -30 -20 7 7 -24 -15 13 2 -9 -9 -1 31 10 1 14 -8 16 -2
1 -1 -1 -11 22 8 -16 13 -11 -2 9 1 1 10 1 22 -16 12 -3 -35 14 23 9 -15 -7 4 2 10 -9 -2 -2 0 5 8 -26 8 2 1 -19 -20 2 19 -10 25 8 11 -30 -20 7 7 -24 -15 13 2 -9 -9 -1 31 10 1 14 -8 16 -2
1 -1 -1 -11 22 8 -16 13 -11 -2 9 1 1 10 1 22 -16 12 -3 -35 14 23 9 -15 -7 4 2 10 -9 -2 -2 0 5 8 -26 8 2 1 -19 -20 2 19 -10 25 8 11 -30 -20 7 7 -24 -15 13 2 -9 -9 -1 31 10 1 14 -8 16 -2
1 -1 -1 -11 22 8 -16 13 -11 -2 9 1 1 10 1 22 -16 12 -3 -35 14 23 9 -15 -7 4 2 10 -9 -2 -2 0 5 8 -26 8 2 1 -19 -20 2 19 -10 25 8 11 -30 -20 7 7 -24 -15 13 2 -9 -9 -1 31 10 1 14 -8 16 -2
1 -1 -1 -11 22 8 -16 13 -11 -2 9 1 1 10 1 22 -16 12 -3 -35 14 23 9 -15 -7 4 2 10 -9 -2 -2 0 5 8 -26 8 2 1 -19 -20 2 19 -10 25 8 11 -30 -20 7 7 -24 -15 13 2 -9 -9 -1 31 10 1 14 -8 16 -2
1 -1 -1 -11 22 8 -16 13 -11 -2 9 1 1 10 1 22 -16 12 -3 -35 14 23 9 -15 -7 4 2 10 -9 -2 -2 0 5 8 -26 8 2 1 -19 -20 2 19 -10 25 8 11 -30 -20 7 7 -24 -15 13 2 -9 -9 -1 31 10 1 14 -8 16 -2
1 -1 -1 -11 22 8 -16 13 -11 -2 9 1 1 10 1 22 -16 12 -3 -35 14 23 9 -15 -7 4 2 10 -9 -2 -2 0 5 8 -26 8 2 1 -19 -20 2 19 -10 25 8 11 -30 -20 7 7 -24 -15 13 2 -9 -9 -1 31 10 1 14 -8 16 -2
1 -1 -1 -11 22 8 -16 13 -11 -2 9 1 1 10 1 22 -16 12 -3 -35 14 23 9 -15 -7 4 2 10 -9 -2 -2 0 5 8 -26 8 2 1 -19 -20 2 19 -10 25 8 11 -30 -20 7 7 -24 -15 13 2 -9 -9 -1 31 10 1 14 -8 16 -2
1 -1 -1 -11 22 8 -16 13 -11 -2 9 1 1 10 1 22 -16 12 -3 -35 14 23 9 -15 -7 4 2 10 -9 -2 -2 0 5 8 -26 8 2 1 -19 -20 2 19 -10 25 8 11 -30 -20 7 7 -24 -15 13 2 -9 -9 -1 31 10 1 14 -8 16 -2
1 -1 -1 -11 22 8 -16 13 -11 -2 9 1 1 10 1 22 -16 12 -3 -35 14 23 9 -15 -7 4 2 10 -9 -2 -2 0 5 8 -26 8 2 1 -19 -20 2 19 -10 25 8 11 -30 -20 7 7 -24 -15 13 2 -9 -9 -1 31 10 1 14 -8 16 -2
1 -1 -1 -11 22 8 -16 13 -11 -2 9 1 1 10 1 22 -16 12 -3 -35 14 23 9 -15 -7 4 2 10 -9 -2 -2 0 5 8 -26 8 2 1 -19 -20 2 19 -10 25 8 11 -30 -20 7 7 -24 -15 13 2 -9 -9 -1 31 10 1 14 -8 16 -2
1 -1 -1 -11 22 8 -16 13 -11 -2 9 1 1 10 1 22 -16 12 -3 -35 14 23 9 -15 -7 4 2 10 -9 -2 -2 0 5 8 -26 8 2 1 -19 -20 2 19 -10 25 8 11 -30 -20 7 7 -24 -15 13 2 -9 -9 -1 31 10 1 14 -8 16 -2
1 -1 -1 -11 22 8 -16 13 -11 -2 9 1 1 10 1 22 -16 12 -3 -35 14 23 9 -15 -7 4 2 10 -9 -2 -2 0 5 8 -26 8 2 1 -19 -20 2 19 -10 25 8 11 -30 -20 7 7 -24 -15 13 2 -9 -9 -1 31 10 1 14 -8 16 -2
1 -1 -1 -11 22 8 -16 13 -11 -2 9 1 1 10 1 22 -16 12 -3 -35 14 23 9 -15 -7 4 2 10 -9 -2 -2 0 5 8 -26 8 2 1 -19 -20 2 19 -10 25 8 11 -30 -20 7 7 -24 -15 13 2 -9 -9 -1 31 10 1 14 -8 16 -2
1 -1 -1 -11 22 8 -16 13 -11 -2 9 1 1 10 1 22 -16 12 -3 -35 14 23 9 -15 -7 4 2 10 -9 -2 -2 0 5 8 -26 8 2 1 -19 -20 2 19 -10 25 8 11 -30 -20 7 7 -24 -15 13 2 -9 -9 -1 31 10 1 14 -8 16 -2
1 -1 -1 -11 22 8 -16 13 -11 -2 9 1 1 10 1 22 -16 12 -3 -35 14 23 9 -15 -7 4 2 10 -9 -2 -2 0 5 8 -26 8 2 1 -19 -20 2 19 -10 25 8 11 -30 -20 7 7 -24 -15 13 2 -9 -9 -1 31 10 1 14 -8 16 -2
1 -1 -1 -11 22 8 -16 13 -11 -2 9 1 1 10 1 22 -16 12 -3 -35 14 23 9 -15 -7 4 2 10 -9 -2 -2 0 5 8 -26 8 2 1 -19 -20 2 19 -10 25 8 11 -30 -20 7 7 -24 -15 13 2 -9 -9 -1 31 10 1 14 -8 16 -2
1 -1 -1 -11 22 8 -16 13 -11 -2 9 1 1 10 1 22 -16 12 -3 -35 14 23 9 -15 -7 4 2 10 -9 -2 -2 0 5 8 -26 8 2 1 -19 -20 2 19 -10 25 8 11 -30 -20 7 7 -24 -15 13 2 -9 -9 -1 31 10 1 14 -8 16 -2
1 -1 -1 -11 22 8 -16 13 -11 -2 9 1 1 10 1 22 -16 12 -3 -35 14 23 9 -15 -7 4 2 10 -9 -2 -2 0 5 8 -26 8 2 1 -19 -20 2 19 -10 25 8 11 -30 -20 7 7 -24 -15 13 2 -9 -9 -1 31 10 1 14 -8 16 -2
1 -1 -1 -11 22 8 -16 13 -11 -2 9 1 1 10 1 22 -16 12 -3 -35 14 23 9 -15 -7 4 2 10 -9 -2 -2 0 5 8 -26 8 2 1 -19 -20 2 19 -10 25 8 11 -30 -20 7 7 -24 -15 13 2 -9 -9 -1 31 10 1 14 -8 16 -2
1 -1 -1 -11 22 8 -16 13 -11 -2 9 1 1 10 1 22 -16 12 -3 -35 14 23 9 -15 -7 4 2 10 -9 -2 -2 0 5 8 -26 8 2 1 -19 -20 2 19 -10 25 8 11 -30 -20 7 7 -24 -15 13 2 -9 -9 -1 31 10 1 14 -8 16 -2
1 -1 -1 -11 22 8 -16 13 -11 -2 9 1 1 10 1 22 -16 12 -3 -35 14 23 9 -15 -7 4 2 10 -9 -2 -2 0 5 8 -26 8 2 1 -19 -20 2 19 -10 25 8 11 -30 -20 7 7 -24 -15 13 2 -9 -9 -1 31 10 1 14 -8 16 -2
1 -1 -1 -11 22 8 -16 13 -11 -2 9 1 1 10 1 22 -16 12 -3 -35 14 23 9 -15 -7 4 2 10 -9 -2 -2 0 5 8 -26 8 2 1 -19 -20 2 19 -10 25 8 11 -30 -20 7 7 -24 -15 13 2 -9 -9 -1 31 10 1 14 -8 16 -2
1 -1 -1 -11 22 8 -16 13 -11 -2 9 1 1 10 1 22 -16 12 -3 -35 14 23 9 -15 -7 4 2 10 -9 -2 -2 0 5 8 -26 8 2 1 -19 -20 2 19 -10 25 8 11 -30 -20 7 7 -24 -15 13 2 -9 -9 -1 31 10 1 14 -8 16 -2
1 -1 -1 -11 22 8 -16 13 -11 -2 9 1 1 10 1 22 -16 12 -3 -35 14 23 9 -15 -7 4 2 10 -9 -2 -2 0 5 8 -26 8 2 1 -19 -20 2 19 -10 25 8 11 -30 -20 7 7 -24 -15 13 2 -9 -9 -1 31 10 1 14 -8 16 -2
1 -1 -1 -11 22 8 -16 13 -11 -2 9 1 1 10 1 22 -16 12 -3 -35 14 23 9 -15 -7 4 2 10 -9 -2 -2 0 5 8 -26 8 2 1 -19 -20 2 19 -10 25 8 11 -30 -20 7 7 -24 -15 13 2 -9 -9 -1 31 10 1 14 -8 16 -2
1 -1 -1 -11 22 8 -16 13 -11 -2 9 1 1 10 1 22 -16 12 -3 -35 14 23 9 -15 -7 4 2 10 -9 -2 -2 0 5 8 -26 8 2 1 -19 -20 2 19 -10 25 8 11 -30 -20 7 7 -24 -15 13 2 -9 -9 -1 31 10 1 14 -8 16 -2
1 -1 -1 -11 22 8 -16 13 -11 -2 9 1 1 10 1 22 -16 12 -3 -35 14 23 9 -15 -7 4 2 10 -9 -2 -2 0 5 8 -26 8 2 1 -19 -20 2 19 -10 25 8 11 -30 -20 7 7 -24 -15 13 2 -9 -9 -1 31 10 1 14 -8 16 -2
1 -1 -1 -11 22 8 -16 13 -11 -2 9 1 1 10 1 22 -16 12 -3 -35 14 23 9 -15 -7 4 2 10 -9 -2 -2 0 5 8 -26 8 2 1 -19 -20 2 19 -10 25 8 11 -30 -20 7 7 -24 -15 13 2 -9 -9 -1 31 10 1 14 -8 16 -2
1 -1 -1 -11 22 8 -16 13 -11 -2 9 1 1 10 1 22 -16 12 -3 -35 14 23 9 -15 -7 4 2 10 -9 -2 -2 0 5 8 -26 8 2 1 -19 -20 2 19 -10 25 8 11 -30 -20 7 7 -24 -15 13 2 -9 -9 -1 31 10 1 14 -8 16 -2
1 -1 -1 -11 22 8 -16 13 -11 -2 9 1 1 10 1 22 -16 12 -3 -35 14 23 9 -15 -7 4 2 10 -9 -2 -2 0 5 8 -26 8 2 1 -19 -20 2 19 -10 25 8 11 -30 -20 7 7 -24 -15 13 2 -9 -9 -1 31 10 1 14 -8 16 -2
1 -1 -1 -11 22 8 -16 13 -11 -2 9 1 1 10 1 22 -16 12 -3 -35 14 23 9 -15 -7 4 2 10 -9 -2 -2 0 5 8 -26 8 2 1 -19 -20 2 19 -10 25 8 11 -30 -20 7 7 -24 -15 13 2 -9 -9 -1 31 10 1 14 -8 16 -2
1 -1 -1 -11 22 8 -16 13 -11 -2 9 1 1 10 1 22 -16 12 -3 -35 14 23 9 -15 -7 4 2 10 -9 -2 -2 0 5 8 -26 8 2 1 -19 -20 2 19 -10 25 8 11 -30 -20 7 7 -24 -15 13 2 -9 -9 -1 31 10 1 14 -8 16 -2
1 -1 -1 -11 22 8 -16 13 -11 -2 9 1 1 10 1 22 -16 12 -3 -35 14 23 9 -15 -7 4 2 10 -9 -2 -2 0 5 8 -26 8 2 1 -19 -20 2 19 -10 25 8 11 -30 -20 7 7 -24 -15 13 2 -9 -9 -1 31 10 1 14 -8 16 -2
1 -1 -1 -11 22 8 -16 13 -11 -2 9 1 1 10 1 22 -16 12 -3 -35 14 23 9 -15 -7 4 2 10 -9 -2 -2 0 5 8 -26 8 2 1 -19 -20 2 19 -10 25 8 11 -30 -20 7 7 -24 -15 13 2 -9 -9 -1 31 10 1 14 -8 16 -2
1 -1 -1 -11 22 8 -16 13 -11 -2 9 1 1 10 1 22 -16 12 -3 -35 14 23 9 -15 -7 4 2 10 -9 -2 -2 0 5 8 -26 8 2 1 -19 -20 2 19 -10 25 8 11 -30 -20 7 7 -24 -15 13 2 -9 -9 -1 31 10 1 14 -8 16 -2
1 -1 -1 -11 22 8 -16 13 -11 -2 9 1 1 10 1 22 -16 12 -3 -35 14 23 9 -15 -7 4 2 10 -9 -2 -2 0 5 8 -26 8 2 1 -19 -20 2 19 -10 25 8 11 -30 -20 7 7 -24 -15 13 2 -9 -9 -1 31 10 1 14 -8 16 -2
1 -1 -1 -11 22 8 -16 13 -11 -2 9 1 1 10 1 22 -16 12 -3 -35 14 23 9 -15 -7 4 2 10 -9 -2 -2 0 5 8 -26 8 2 1 -19 -20 2 19 -10 25 8 11 -30 -20 7 7 -24 -15 13 2 -9 -9 -1 31 10 1 14 -8 16 -2
1 -1 -1 -11 22 8 -16 13 -11 -2 9 1 1 10 1 22 -16 12 -3 -35 14 23 9 -15 -7 4 2 10 -9 -2 -2 0 5 8 -26 8 2 1 -19 -20 2 19 -10 25 8 11 -30 -20 7 7 -24 -15 13 2 -9 -9 -1 31 10 1 14 -8 16 -2
1 -1 -1 -11 22 8 -16 13 -11 -2 9 1 1 10 1 22 -16 12 -3 -35 14 23 9 -15 -7 4 2 10 -9 -2 -2 0 5 8 -26 8 2 1 -19 -20 2 19 -10 25 8 11 -30 -20 7 7 -24 -15 13 2 -9 -9 -1 31 10 1 14 -8 16 -2
1 -1 -1 -11 22 8 -16 13 -11 -2 9 1 1 10 1 22 -16 12 -3 -35 14 23 9 -15 -7 4 2 10 -9 -2 -2 0 5 8 -26 8 2 1 -19 -20 2 19 -10 25 8 11 -30 -20 7 7 -24 -15 13 2 -9 -9 -1 31 10 1 14 -8 16 -2
1 -1 -1 -11 22 8 -16 13 -11 -2 9 1 1 10 1 22 -16 12 -3 -35 14 23 9 -15 -7 4 2 10 -9 -2 -2 0 5 8 -26 8 2 1 -19 -20 2 19 -10 25 8 11 -30 -20 7 7 -24 -15 13 2 -9 -9 -1 31 10 1 14 -8 16 -2
1 -1 -1 -11 22 8 -16 13 -11 -2 9 1 1 10 1 22 -16 12 -3 -35 14 23 9 -15 -7 4 2 10 -9 -2 -2 0 5 8 -26 8 2 1 -19 -20 2 19 -10 25 8 11 -30 -20 7 7 -24 -15 13 2 -9 -9 -1 31 10 1 14 -8 16 -2
1 -1 -1 -11 22 8 -16 13 -11 -2 9 1 1 10 1 22 -16 12 -3 -35 14 23 9 -15 -7 4 2 10 -9 -2 -2 0 5 8 -26 8 2 1 -19 -20 2 19 -10 25 8 11 -30 -20 7 7 -24 -15 13 2 -9 -9 -1 31 10 1 14 -8 16 -2
1 -1 -1 -11 22 8 -16 13 -11 -2 9 1 1 10 1 22 -16 12 -3 -35 14 23 9 -15 -7 4 2 10 -9 -2 -2 0 5 8 -26 8 2 1 -19 -20 2 19 -10 25 8 11 -30 -20 7 7 -24 -15 13 2 -9 -9 -1 31 10 1 14 -8 16 -2
1 -1 -1 -11 22 8 -16 13 -11 -2 9 1 1 10 1 22 -16 12 -3 -35 14 23 9 -15 -7 4 2 10 -9 -2 -2 0 5 8 -26 8 2 1 -19 -20 2 19 -10 25 8 11 -30 -20 7 7 -24 -15 13 2 -9 -9 -1 31 10 1 14 -8 16 -2
1 -1 -1 -11 22 8 -16 13 -11 -2 9 1 1 10 1 22 -16 12 -3 -35 14 23 9 -15 -7 4 2 10 -9 -2 -2 0 5 8 -26 8 2 1 -19 -20 2 19 -10 25 8 11 -30 -20 7 7 -24 -15 13 2 -9 -9 -1 31 10 1 14 -8 16 -2
1 -1 -1 -11 22 8 -16 13 -11 -2 9 1 1 10 1 22 -16 12 -3 -35 14 23 9 -15 -7 4 2 10 -9 -2 -2 0 5 8 -26 8 2 1 -19 -20 2 19 -10 25 8 11 -30 -20 7 7 -24 -15 13 2 -9 -9 -1 31 10 1 14 -8 16 -2
1 -1 -1 -11 22 8 -16 13 -11 -2 9 1 1 10 1 22 -16 12 -3 -35 14 23 9 -15 -7 4 2 10 -9 -2 -2 0 5 8 -26 8 2 1 -19 -20 2 19 -10 25 8 11 -30 -20 7 7 -24 -15 13 2 -9 -9 -1 31 10 1 14 -8 16 -2
1 -1 -1 -11 22 8 -16 13 -11 -2 9 1 1 10 1 22 -16 12 -3 -35 14 23 9 -15 -7 4 2 10 -9 -2 -2 0 5 8 -26 8 2 1 -19 -20 2 19 -10 25 8 11 -30 -20 7 7 -24 -15 13 2 -9 -9 -1 31 10 1 14 -8 16 -2
1 -1 -1 -11 22 8 -16 13 -11 -2 9 1 1 10 1 22 -16 12 -3 -35 14 23 9 -15 -7 4 2 10 -9 -2 -2 0 5 8 -26 8 2 1 -19 -20 2 19 -10 25 8 11 -30 -20 7 7 -24 -15 13 2 -9 -9 -1 31 10 1 14 -8 16 -2
1 -1 -1 -11 22 8 -16 13 -11 -2 9 1 1 10 1 22 -16 12 -3 -35 14 23 9 -15 -7 4 2 10 -9 -2 -2 0 5 8 -26 8 2 1 -19 -20 2 19 -10 25 8 11 -30 -20 7 7 -24 -15 13 2 -9 -9 -1 31 10 1 14 -8 16 -2
1 -1 -1 -11 22 8 -16 13 -11 -2 9 1 1 10 1 22 -16 12 -3 -35 14 23 9 -15 -7 4 2 10 -9 -2 -2 0 5 8 -26 8 2 1 -19 -20 2 19 -10 25 8 11 -30 -20 7 7 -24 -15 13 2 -9 -9 -1 31 10 1 14 -8 16 -2
1 -1 -1 -11 22 8 -16 13 -11 -2 9 1 1 10 1 22 -16 12 -3 -35 14 23 9 -15 -7 4 2 10 -9 -2 -2 0 5 8 -26 8 2 1 -19 -20 2 19 -10 25 8 11 -30 -20 7 7 -24 -15 13 2 -9 -9 -1 31 10 1 14 -8 16 -2
1 -1 -1 -11 22 8 -16 13 -11 -2 9 1 1 10 1 22 -16 12 -3 -35 14 23 9 -15 -7 4 2 10 -9 -2 -2 0 5 8 -26 8 2 1 -19 -20 2 19 -10 25 8 11 -30 -20 7 7 -24 -15 13 2 -9 -9 -1 31 10 1 14 -8 16 -2
1 -1 -1 -11 22 8 -16 13 -11 -2 9 1 1 10 1 22 -16 12 -3 -35 14 23 9 -15 -7 4 2 10 -9 -2 -2 0 5 8 -26 8 2 1 -19 -20 2 19 -10 25 8 11 -30 -20 7 7 -24 -15 13 2 -9 -9 -1 31 10 1 14 -8 16 -2
1 -1 -1 -11 22 8 -16 13 -11 -2 9 1 1 10 1 22 -16 12 -3 -35 14 23 9 -15 -7 4 2 10 -9 -2 -2 0 5 8 -26 8 2 1 -19 -20 2 19 -10 25 8 11 -30 -20 7 7 -24 -15 13 2 -9 -9 -1 31 10 1 14 -8 16 -2
1 -1 -1 -11 22 8 -16 13 -11 -2 9 1 1 10 1 22 -16 12 -3 -35 14 23 9 -15 -7 4 2 10 -9 -2 -2 0 5 8 -26 8 2 1 -19 -20 2 19 -10 25 8 11 -30 -20 7 7 -24 -15 13 2 -9 -9 -1 31 10 1 14 -8 16 -2
