5 -3 -6 -1 4 4 -15 17 -2 -4 -4 2 0 0 -1 -8 -3 -4 -11 37 0 -3 7 8 10 11 -3 0 11 4 11 -1 -4 0 -6 -7 -2 7 2 -4 -4 -1 -7 9 7 -1 11 3 4 6 -1 0 0 -8 -4 -3 -11 -1 7 -19 -9 -4 4 9
-12 26 8 5 9 -14 3 0 15 -8 17 2 -9 -8 9 -47 -12 7 -22 71 -8 19 1 1 -5 -10 10 -1 -11 -19 -13 -3 3 28 -40 -10 19 -9 -3 -15 8 6 -24 15 6 -3 40 4 8 37 -11 20 4 -8 6 -5 11 19 2 -55 -1 -5 -4 17
-3 21 11 -7 8 -3 -3 -6 -26 -12 -1 12 2 1 8 -42 16 20 0 58 -9 17 19 -5 26 2 -8 5 -7 -23 7 0 15 6 -33 -3 12 -10 -14 6 -4 2 -6 2 8 -5 37 -1 7 14 -13 4 -10 -3 -19 -5 -1 -11 -15 -50 11 -3 -2 8
-17 28 -10 1 9 -7 3 -31 -38 0 4 -8 -13 7 17 -29 10 -6 -8 52 -11 20 9 7 15 -10 9 13 9 -14 9 10 -2 18 -18 5 14 -8 -6 -19 -11 0 -9 -7 16 -5 52 -15 -2 24 -12 8 -27 -7 -30 4 5 -12 -23 -43 -3 0 -16 18
9 26 12 10 20 3 5 -17 -20 7 0 7 2 -8 0 -22 -1 5 5 56 -27 14 17 12 9 -6 15 4 10 -28 -5 -5 5 2 -7 -9 26 -22 -16 -20 -19 12 5 -12 -5 -27 78 -20 -22 45 -11 6 -4 -6 -29 4 -5 -6 5 -42 -14 3 -16 15
-15 24 3 -13 10 -4 7 -26 -26 -3 -1 -3 -3 -6 14 -26 3 -13 4 47 -22 14 -5 -4 2 -5 15 6 -10 -15 -16 -12 4 -4 19 -10 9 -4 2 -7 -2 -10 -5 -2 12 -47 64 -18 -1 45 10 15 -15 -8 -11 -5 5 -1 -9 -44 3 1 -3 20
-15 5 10 17 9 -10 8 -31 -17 -2 8 8 -16 -7 24 -21 -1 3 -7 81 -22 -2 -3 -1 14 -12 -5 -3 7 -26 0 -13 -2 0 27 -1 9 -2 -13 -8 8 -23 3 -3 0 -43 56 -12 -5 36 14 5 -1 -33 22 13 25 -5 -7 -55 11 -4 1 9
-16 0 -7 4 1 -25 -6 -14 -19 -8 16 -1 -2 -2 12 -43 6 2 -30 74 -19 -16 -11 -6 15 -5 -17 -9 0 -16 -1 -1 9 11 12 21 6 -11 -16 -3 -11 -4 -3 -3 -3 -21 23 -8 1 34 -1 3 0 -6 29 3 -10 23 6 -42 -3 16 8 27
-16 8 3 -14 -12 7 -10 -27 -10 19 6 -19 2 -28 28 -7 9 5 -19 68 -12 -8 18 0 36 -37 -3 12 -18 -4 16 -5 4 28 -4 -1 15 -4 -19 -29 6 -8 3 13 -2 4 35 -10 12 10 -9 -1 -8 -23 23 -6 -11 21 4 -19 14 -2 -5 12
-33 -10 -6 -6 4 -3 15 -24 11 -7 -12 -4 -7 -9 21 -31 -20 22 -1 92 -24 -24 -5 -2 22 -26 -12 8 -15 -38 -3 0 -2 9 -40 -1 2 -7 -5 -4 7 13 -6 -18 -11 21 20 -5 -16 20 -7 4 -14 2 19 -28 -1 1 5 -30 11 -9 -6 13
-26 15 6 0 8 -13 -4 -11 -17 1 -10 -4 -6 -19 9 -14 6 -6 -20 73 -31 -20 14 11 16 -22 14 4 -32 -18 -1 8 5 32 -29 1 16 6 -16 -28 20 10 -6 15 -14 16 37 -15 15 22 -13 2 -18 -2 4 -12 -4 21 2 -18 11 5 -10 7
-24 -2 -8 -2 1 -10 -3 -14 -23 0 -21 -6 4 -7 -6 -16 8 13 11 51 -24 -9 10 11 22 -11 8 13 1 -19 15 2 8 16 -10 24 -16 9 -5 3 -7 -20 4 -3 -2 22 40 -4 19 25 -19 -2 -7 -10 -29 -26 -8 21 -7 -31 2 16 5 3
-15 5 -5 4 3 -5 -7 -37 -24 5 -22 -10 -19 -2 15 0 -10 -1 -7 65 -24 6 8 3 0 -15 1 13 13 -23 1 8 -16 20 -7 0 -17 1 0 -7 -21 -6 -23 5 15 24 51 -17 -5 32 -10 -17 -21 -7 -48 6 1 3 -30 -37 4 -4 -7 7
-10 5 10 -1 -12 -16 -17 -29 -18 -4 -7 0 5 5 19 -4 -14 12 -16 51 -38 4 3 -16 21 10 -4 0 4 -16 -2 -6 1 23 10 8 -11 -18 6 4 -10 -9 5 2 -7 -6 43 -19 -7 41 -1 3 5 -10 -33 15 13 27 7 -27 2 7 -19 6
-17 -7 -10 -4 -5 2 12 -16 -17 5 -21 -5 -11 -10 19 1 -19 20 -4 60 -27 0 0 -4 17 3 -18 10 -4 -19 19 9 7 12 27 8 -18 -6 -4 -2 -6 1 3 -2 0 2 38 -1 -10 33 -10 -9 -8 -14 -9 -27 -10 21 -1 -10 10 -15 -9 -5
-4 2 1 0 -26 -4 -8 -39 -26 19 -12 5 -17 -12 4 -6 -4 -7 -9 64 -16 3 9 -11 9 -6 15 4 -6 -3 9 -8 10 33 38 -1 -19 2 -4 -14 -17 -8 -3 4 -15 5 38 4 11 29 -10 1 -14 -14 5 -4 13 37 3 -28 19 -4 -12 -2
13 -2 5 7 -10 13 -11 -27 0 11 -24 -8 -7 -21 5 -9 -4 0 4 68 -26 -12 7 4 8 13 -2 17 -6 -4 23 -1 6 17 35 -2 -21 -21 -15 -14 -16 -16 -3 -27 -7 -6 25 15 14 26 17 -13 -1 4 24 -22 0 16 1 -41 -13 8 -12 -16
1 -4 -6 21 6 -10 -1 -29 -9 7 -24 -2 -12 -25 4 -21 -16 -12 3 98 -21 -9 17 -13 24 10 -1 0 6 -33 0 -7 -6 24 45 -11 -19 3 4 -15 -7 -3 -30 -26 -20 12 13 -7 12 16 5 -24 -10 -7 46 -1 6 -7 3 -21 9 3 -15 -10
-2 4 10 -8 -1 15 -12 -34 -15 2 -7 -10 -10 -14 9 -38 -10 1 6 81 -19 -2 3 13 0 3 11 9 0 -14 -13 0 13 26 30 -10 -28 -3 -8 -2 -3 -6 -8 -5 -15 26 10 -7 20 34 4 -4 -23 -10 42 -3 8 25 -2 -32 17 -4 -12 -13
-6 -2 15 -4 6 -2 -15 -24 -19 11 -18 4 -5 -6 6 -50 -7 -3 4 70 -20 2 4 12 3 8 6 -6 8 -14 -10 -9 6 28 -6 -12 -29 -9 0 -11 -13 -7 3 3 -10 45 11 -9 4 19 4 0 -13 -11 25 4 -10 28 -3 -25 17 0 5 5
4 8 -3 -13 -10 -6 -22 0 -16 11 -8 3 1 0 21 -37 -1 11 -23 69 -36 11 -4 5 26 19 -5 -12 5 -16 2 2 5 45 -24 -14 -30 -6 -3 -8 -17 -10 -5 6 -4 41 31 -5 12 15 2 -3 9 -12 -2 -3 2 23 10 -21 5 0 -1 9
12 19 -1 -4 -22 -11 -12 -7 -14 -6 -28 -11 -10 9 10 -33 2 17 -6 52 -31 40 -1 3 11 21 -11 13 6 -33 -4 -2 9 20 -26 -16 -12 -17 -10 -15 -8 -9 0 -12 -8 34 62 10 2 14 -10 -1 0 -2 -15 -7 -10 -2 7 -16 4 -16 -7 4
-1 15 2 -7 -2 -2 -33 -5 -14 0 -21 -8 -8 3 2 -21 1 20 -1 56 -8 45 -4 2 18 35 -3 4 14 -12 4 0 -4 10 -14 -10 -23 -1 -17 -9 5 7 11 7 -6 13 60 18 -4 25 8 -13 -5 0 -15 -4 -2 6 17 -33 -9 1 -12 4
-5 17 10 14 -8 -2 -4 -20 -24 4 -25 2 -8 -12 19 -25 -3 16 -5 48 -4 34 -14 1 17 41 -7 -2 15 -24 19 9 -2 6 10 -2 -9 3 -2 -19 8 13 -7 1 -8 7 64 -1 7 25 6 -15 -4 14 -1 3 12 -10 -3 -34 -11 0 -5 15
-2 30 5 0 -3 -9 -12 -4 -17 6 -23 -3 0 -11 9 -26 3 1 4 55 -20 31 -12 -4 22 29 10 5 11 -28 5 6 -6 3 28 -3 4 -2 -23 1 25 12 13 -10 -3 1 53 0 7 17 3 -7 -4 -14 1 -19 21 2 22 -23 -1 1 -17 9
-6 27 -11 7 -9 5 -3 -26 -24 6 -11 -6 -22 10 12 -31 11 -4 -4 69 -11 18 2 -1 -10 23 15 13 24 -9 3 13 6 14 45 3 6 -2 -5 -14 6 -6 -10 -4 7 16 40 -20 11 12 -7 -2 -23 -8 30 2 11 -4 -9 -35 -9 -1 -16 26
11 28 14 12 0 12 1 -14 -3 12 -9 5 -1 -10 0 -36 2 7 13 88 -20 -2 0 16 -1 19 16 0 29 -26 -10 -8 5 -3 42 -12 21 -15 -14 -14 -2 12 -4 -14 -14 -6 34 -15 -10 25 -1 0 4 -4 49 6 -5 2 16 -25 -11 11 -17 26
-10 24 3 -12 0 4 10 -27 -15 9 -8 -9 -18 -6 11 -51 10 -11 5 83 -22 2 -10 -7 -14 9 15 3 9 -10 -22 -10 2 -2 24 -20 7 2 2 -5 14 -8 -9 3 1 4 12 -24 4 18 13 6 -11 -11 55 -1 5 13 3 -16 6 7 -5 32
-9 16 10 13 -6 2 7 -23 -5 9 -14 5 -22 -8 21 -61 3 8 -1 99 -20 -4 -12 0 -8 7 8 -3 28 -14 -11 -20 -6 4 -20 -5 13 5 -5 -3 21 -22 -4 -6 -6 33 8 -15 0 3 21 2 10 -27 42 10 25 11 4 -35 6 -4 4 26
-14 24 -10 4 -16 -7 -11 -1 -20 2 -12 -4 -12 -2 11 -60 8 8 -33 66 -15 0 -21 2 0 23 -8 -9 16 -14 -7 -9 7 12 -29 18 21 -6 -11 -1 -1 -3 -8 0 -5 26 18 -10 2 16 5 0 11 3 6 7 -14 30 11 -23 -9 14 6 39
-11 28 4 -24 -23 27 -10 -11 -18 21 -23 -10 -6 -25 24 -23 13 20 -13 54 -1 11 9 9 18 -5 -2 9 0 -6 1 -7 7 15 -13 11 35 12 -33 -23 14 -2 -4 3 -4 31 39 -13 1 2 -6 -2 1 -8 -13 -6 -6 11 9 -4 7 -1 9 28
-22 39 2 -6 -10 9 -4 6 -27 7 -27 -7 -20 -15 2 -16 13 4 -13 61 -25 0 13 14 5 10 5 -4 6 -20 -1 -4 -1 17 -16 -13 37 5 -27 -25 31 9 -4 10 3 27 45 -8 12 6 -16 0 -15 10 -38 -8 -7 11 11 -8 -2 19 -14 26
-15 11 -6 8 -3 9 -4 -10 -24 6 -33 -4 -7 -7 -12 -20 15 19 12 54 -13 -9 1 12 16 16 16 12 17 -12 6 -7 4 -2 15 14 14 20 -17 -1 7 -21 -1 -6 5 9 35 -9 15 9 -12 -6 1 -8 -34 -23 -7 6 3 -16 -8 22 6 28
-13 8 -15 -1 -27 17 0 -27 -13 13 -23 0 -36 4 3 -22 0 3 13 64 -4 -12 -4 -5 8 6 20 0 30 -7 7 -7 1 -1 37 1 12 -7 -20 -8 2 -18 -12 -5 9 -3 19 0 2 19 -8 -1 -1 -7 -28 -9 4 14 8 -25 -4 -1 -14 32
17 17 -4 6 -16 23 -1 -26 -6 18 -24 -7 -27 -19 2 3 15 5 -1 76 -6 -14 -1 11 6 26 5 20 9 2 18 -13 3 6 45 2 16 -11 -25 -21 7 -8 -6 -23 -1 -26 34 7 7 25 17 -19 2 8 -22 -17 5 4 7 -33 -18 8 -9 23
-3 15 -10 19 1 3 -1 -26 -15 13 -29 0 -22 -18 2 0 -1 -9 1 92 -1 -20 9 0 24 19 4 0 14 -26 -12 -20 -12 9 54 -10 21 7 -11 -19 12 -9 -31 -23 -13 -18 22 -14 8 14 13 -23 -4 -2 -5 0 17 -11 10 -12 1 5 -18 24
-6 9 -2 -8 -8 20 -5 -30 -15 3 -11 -4 -25 -10 7 -15 6 -1 2 91 -1 -27 -6 22 0 17 16 10 8 -10 -14 -6 6 10 51 -3 4 7 -31 -3 21 -1 -5 -3 -8 -5 2 -17 13 34 11 -3 -18 -2 4 4 9 16 4 -22 6 -4 -9 19
-12 -9 6 0 3 5 1 -21 -13 10 -15 5 -19 -10 2 -30 10 -4 7 90 -2 -31 -3 18 2 18 6 -6 18 -12 -14 -16 1 19 24 -7 1 -5 -22 -13 10 2 -1 2 -5 12 -12 -14 -1 18 11 5 -15 -6 14 6 -11 21 0 -10 7 -1 6 33
0 -6 -7 -14 -14 6 -16 3 -6 14 -8 3 -9 0 20 -26 10 2 -17 94 -17 -31 -10 11 25 23 -2 -10 8 -15 -12 -5 8 42 -6 -10 -5 -3 -18 -14 8 -11 -6 8 1 15 -5 -16 6 7 9 1 10 -7 -7 1 2 18 12 -5 3 0 -2 38
7 -9 -3 0 -24 -3 -4 -6 6 -1 -21 -9 -18 0 6 -22 7 16 1 97 -10 -16 -4 2 12 21 -9 13 6 -29 -9 -6 10 37 -41 -13 3 -10 -19 -20 13 -11 -5 -14 -5 29 9 4 0 7 -9 -2 -4 -4 -38 -1 -12 7 12 -1 5 -16 -6 25
-6 -11 1 -7 -2 6 -30 -5 2 0 -19 -9 -16 -1 1 -4 -5 17 6 77 14 8 -4 8 19 32 -4 6 8 -8 -6 3 -6 21 -32 -17 -15 -6 -13 -8 21 8 7 2 -13 19 15 11 0 15 1 -12 -12 -7 -46 -3 3 16 18 -14 2 -4 -17 17
-4 9 1 -1 0 11 5 -11 -5 5 1 -3 -11 -5 14 -8 -3 -9 5 72 -10 4 -2 -10 12 13 5 2 3 9 15 3 15 13 -7 -8 18 -5 16 -6 18 -17 9 2 4 -3 30 -2 13 1 8 9 5 -5 -10 2 -4 -4 -3 -23 22 -17 1 12
-4 9 1 -1 0 11 5 -11 -5 5 1 -3 -11 -5 14 -8 -3 -9 5 72 -10 4 -2 -10 12 13 5 2 3 9 15 3 15 13 -7 -8 18 -5 16 -6 18 -17 9 2 4 -3 30 -2 13 1 8 9 5 -5 -10 2 -4 -4 -3 -23 22 -17 1 12
-4 9 1 -1 0 11 5 -11 -5 5 1 -3 -11 -5 14 -8 -3 -9 5 72 -10 4 -2 -10 12 13 5 2 3 9 15 3 15 13 -7 -8 18 -5 16 -6 18 -17 9 2 4 -3 30 -2 13 1 8 9 5 -5 -10 2 -4 -4 -3 -23 22 -17 1 12
-4 9 1 -1 0 11 5 -11 -5 5 1 -3 -11 -5 14 -8 -3 -9 5 72 -10 4 -2 -10 12 13 5 2 3 9 15 3 15 13 -7 -8 18 -5 16 -6 18 -17 9 2 4 -3 30 -2 13 1 8 9 5 -5 -10 2 -4 -4 -3 -23 22 -17 1 12
-4 9 1 -1 0 11 5 -11 -5 5 1 -3 -11 -5 14 -8 -3 -9 5 72 -10 4 -2 -10 12 13 5 2 3 9 15 3 15 13 -7 -8 18 -5 16 -6 18 -17 9 2 4 -3 30 -2 13 1 8 9 5 -5 -10 2 -4 -4 -3 -23 22 -17 1 12
-4 9 1 -1 0 11 5 -11 -5 5 1 -3 -11 -5 14 -8 -3 -9 5 72 -10 4 -2 -10 12 13 5 2 3 9 15 3 15 13 -7 -8 18 -5 16 -6 18 -17 9 2 4 -3 30 -2 13 1 8 9 5 -5 -10 2 -4 -4 -3 -23 22 -17 1 12
-4 9 1 -1 0 11 5 -11 -5 5 1 -3 -11 -5 14 -8 -3 -9 5 72 -10 4 -2 -10 12 13 5 2 3 9 15 3 15 13 -7 -8 18 -5 16 -6 18 -17 9 2 4 -3 30 -2 13 1 8 9 5 -5 -10 2 -4 -4 -3 -23 22 -17 1 12
-4 9 1 -1 0 11 5 -11 -5 5 1 -3 -11 -5 14 -8 -3 -9 5 72 -10 4 -2 -10 12 13 5 2 3 9 15 3 15 13 -7 -8 18 -5 16 -6 18 -17 9 2 4 -3 30 -2 13 1 8 9 5 -5 -10 2 -4 -4 -3 -23 22 -17 1 12
-4 9 1 -1 0 11 5 -11 -5 5 1 -3 -11 -5 14 -8 -3 -9 5 72 -10 4 -2 -10 12 13 5 2 3 9 15 3 15 13 -7 -8 18 -5 16 -6 18 -17 9 2 4 -3 30 -2 13 1 8 9 5 -5 -10 2 -4 -4 -3 -23 22 -17 1 12
-4 9 1 -1 0 11 5 -11 -5 5 1 -3 -11 -5 14 -8 -3 -9 5 72 -10 4 -2 -10 12 13 5 2 3 9 15 3 15 13 -7 -8 18 -5 16 -6 18 -17 9 2 4 -3 30 -2 13 1 8 9 5 -5 -10 2 -4 -4 -3 -23 22 -17 1 12
-4 9 1 -1 0 11 5 -11 -5 5 1 -3 -11 -5 14 -8 -3 -9 5 72 -10 4 -2 -10 12 13 5 2 3 9 15 3 15 13 -7 -8 18 -5 16 -6 18 -17 9 2 4 -3 30 -2 13 1 8 9 5 -5 -10 2 -4 -4 -3 -23 22 -17 1 12
-4 9 1 -1 0 11 5 -11 -5 5 1 -3 -11 -5 14 -8 -3 -9 5 72 -10 4 -2 -10 12 13 5 2 3 9 15 3 15 13 -7 -8 18 -5 16 -6 18 -17 9 2 4 -3 30 -2 13 1 8 9 5 -5 -10 2 -4 -4 -3 -23 22 -17 1 12
-4 9 1 -1 0 11 5 -11 -5 5 1 -3 -11 -5 14 -8 -3 -9 5 72 -10 4 -2 -10 12 13 5 2 3 9 15 3 15 13 -7 -8 18 -5 16 -6 18 -17 9 2 4 -3 30 -2 13 1 8 9 5 -5 -10 2 -4 -4 -3 -23 22 -17 1 12
-4 9 1 -1 0 11 5 -11 -5 5 1 -3 -11 -5 14 -8 -3 -9 5 72 -10 4 -2 -10 12 13 5 2 3 9 15 3 15 13 -7 -8 18 -5 16 -6 18 -17 9 2 4 -3 30 -2 13 1 8 9 5 -5 -10 2 -4 -4 -3 -23 22 -17 1 12
-4 9 1 -1 0 11 5 -11 -5 5 1 -3 -11 -5 14 -8 -3 -9 5 72 -10 4 -2 -10 12 13 5 2 3 9 15 3 15 13 -7 -8 18 -5 16 -6 18 -17 9 2 4 -3 30 -2 13 1 8 9 5 -5 -10 2 -4 -4 -3 -23 22 -17 1 12
-4 9 1 -1 0 11 5 -11 -5 5 1 -3 -11 -5 14 -8 -3 -9 5 72 -10 4 -2 -10 12 13 5 2 3 9 15 3 15 13 -7 -8 18 -5 16 -6 18 -17 9 2 4 -3 30 -2 13 1 8 9 5 -5 -10 2 -4 -4 -3 -23 22 -17 1 12
-4 9 1 -1 0 11 5 -11 -5 5 1 -3 -11 -5 14 -8 -3 -9 5 72 -10 4 -2 -10 12 13 5 2 3 9 15 3 15 13 -7 -8 18 -5 16 -6 18 -17 9 2 4 -3 30 -2 13 1 8 9 5 -5 -10 2 -4 -4 -3 -23 22 -17 1 12
-4 9 1 -1 0 11 5 -11 -5 5 1 -3 -11 -5 14 -8 -3 -9 5 72 -10 4 -2 -10 12 13 5 2 3 9 15 3 15 13 -7 -8 18 -5 16 -6 18 -17 9 2 4 -3 30 -2 13 1 8 9 5 -5 -10 2 -4 -4 -3 -23 22 -17 1 12
-4 9 1 -1 0 11 5 -11 -5 5 1 -3 -11 -5 14 -8 -3 -9 5 72 -10 4 -2 -10 12 13 5 2 3 9 15 3 15 13 -7 -8 18 -5 16 -6 18 -17 9 2 4 -3 30 -2 13 1 8 9 5 -5 -10 2 -4 -4 -3 -23 22 -17 1 12
-4 9 1 -1 0 11 5 -11 -5 5 1 -3 -11 -5 14 -8 -3 -9 5 72 -10 4 -2 -10 12 13 5 2 3 9 15 3 15 13 -7 -8 18 -5 16 -6 18 -17 9 2 4 -3 30 -2 13 1 8 9 5 -5 -10 2 -4 -4 -3 -23 22 -17 1 12
-4 9 1 -1 0 11 5 -11 -5 5 1 -3 -11 -5 14 -8 -3 -9 5 72 -10 4 -2 -10 12 13 5 2 3 9 15 3 15 13 -7 -8 18 -5 16 -6 18 -17 9 2 4 -3 30 -2 13 1 8 9 5 -5 -10 2 -4 -4 -3 -23 22 -17 1 12
-4 9 1 -1 0 11 5 -11 -5 5 1 -3 -11 -5 14 -8 -3 -9 5 72 -10 4 -2 -10 12 13 5 2 3 9 15 3 15 13 -7 -8 18 -5 16 -6 18 -17 9 2 4 -3 30 -2 13 1 8 9 5 -5 -10 2 -4 -4 -3 -23 22 -17 1 12
-4 9 1 -1 0 11 5 -11 -5 5 1 -3 -11 -5 14 -8 -3 -9 5 72 -10 4 -2 -10 12 13 5 2 3 9 15 3 15 13 -7 -8 18 -5 16 -6 18 -17 9 2 4 -3 30 -2 13 1 8 9 5 -5 -10 2 -4 -4 -3 -23 22 -17 1 12
-4 9 1 -1 0 11 5 -11 -5 5 1 -3 -11 -5 14 -8 -3 -9 5 72 -10 4 -2 -10 12 13 5 2 3 9 15 3 15 13 -7 -8 18 -5 16 -6 18 -17 9 2 4 -3 30 -2 13 1 8 9 5 -5 -10 2 -4 -4 -3 -23 22 -17 1 12
-4 9 1 -1 0 11 5 -11 -5 5 1 -3 -11 -5 14 -8 -3 -9 5 72 -10 4 -2 -10 12 13 5 2 3 9 15 3 15 13 -7 -8 18 -5 16 -6 18 -17 9 2 4 -3 30 -2 13 1 8 9 5 -5 -10 2 -4 -4 -3 -23 22 -17 1 12
-4 9 1 -1 0 11 5 -11 -5 5 1 -3 -11 -5 14 -8 -3 -9 5 72 -10 4 -2 -10 12 13 5 2 3 9 15 3 15 13 -7 -8 18 -5 16 -6 18 -17 9 2 4 -3 30 -2 13 1 8 9 5 -5 -10 2 -4 -4 -3 -23 22 -17 1 12
-4 9 1 -1 0 11 5 -11 -5 5 1 -3 -11 -5 14 -8 -3 -9 5 72 -10 4 -2 -10 12 13 5 2 3 9 15 3 15 13 -7 -8 18 -5 16 -6 18 -17 9 2 4 -3 30 -2 13 1 8 9 5 -5 -10 2 -4 -4 -3 -23 22 -17 1 12
-4 9 1 -1 0 11 5 -11 -5 5 1 -3 -11 -5 14 -8 -3 -9 5 72 -10 4 -2 -10 12 13 5 2 3 9 15 3 15 13 -7 -8 18 -5 16 -6 18 -17 9 2 4 -3 30 -2 13 1 8 9 5 -5 -10 2 -4 -4 -3 -23 22 -17 1 12
-4 9 1 -1 0 11 5 -11 -5 5 1 -3 -11 -5 14 -8 -3 -9 5 72 -10 4 -2 -10 12 13 5 2 3 9 15 3 15 13 -7 -8 18 -5 16 -6 18 -17 9 2 4 -3 30 -2 13 1 8 9 5 -5 -10 2 -4 -4 -3 -23 22 -17 1 12
-4 9 1 -1 0 11 5 -11 -5 5 1 -3 -11 -5 14 -8 -3 -9 5 72 -10 4 -2 -10 12 13 5 2 3 9 15 3 15 13 -7 -8 18 -5 16 -6 18 -17 9 2 4 -3 30 -2 13 1 8 9 5 -5 -10 2 -4 -4 -3 -23 22 -17 1 12
-4 9 1 -1 0 11 5 -11 -5 5 1 -3 -11 -5 14 -8 -3 -9 5 72 -10 4 -2 -10 12 13 5 2 3 9 15 3 15 13 -7 -8 18 -5 16 -6 18 -17 9 2 4 -3 30 -2 13 1 8 9 5 -5 -10 2 -4 -4 -3 -23 22 -17 1 12
-4 9 1 -1 0 11 5 -11 -5 5 1 -3 -11 -5 14 -8 -3 -9 5 72 -10 4 -2 -10 12 13 5 2 3 9 15 3 15 13 -7 -8 18 -5 16 -6 18 -17 9 2 4 -3 30 -2 13 1 8 9 5 -5 -10 2 -4 -4 -3 -23 22 -17 1 12
-4 9 1 -1 0 11 5 -11 -5 5 1 -3 -11 -5 14 -8 -3 -9 5 72 -10 4 -2 -10 12 13 5 2 3 9 15 3 15 13 -7 -8 18 -5 16 -6 18 -17 9 2 4 -3 30 -2 13 1 8 9 5 -5 -10 2 -4 -4 -3 -23 22 -17 1 12
-4 9 1 -1 0 11 5 -11 -5 5 1 -3 -11 -5 14 -8 -3 -9 5 72 -10 4 -2 -10 12 13 5 2 3 9 15 3 15 13 -7 -8 18 -5 16 -6 18 -17 9 2 4 -3 30 -2 13 1 8 9 5 -5 -10 2 -4 -4 -3 -23 22 -17 1 12
-4 9 1 -1 0 11 5 -11 -5 5 1 -3 -11 -5 14 -8 -3 -9 5 72 -10 4 -2 -10 12 13 5 2 3 9 15 3 15 13 -7 -8 18 -5 16 -6 18 -17 9 2 4 -3 30 -2 13 1 8 9 5 -5 -10 2 -4 -4 -3 -23 22 -17 1 12
-4 9 1 -1 0 11 5 -11 -5 5 1 -3 -11 -5 14 -8 -3 -9 5 72 -10 4 -2 -10 12 13 5 2 3 9 15 3 15 13 -7 -8 18 -5 16 -6 18 -17 9 2 4 -3 30 -2 13 1 8 9 5 -5 -10 2 -4 -4 -3 -23 22 -17 1 12
-4 9 1 -1 0 11 5 -11 -5 5 1 -3 -11 -5 14 -8 -3 -9 5 72 -10 4 -2 -10 12 13 5 2 3 9 15 3 15 13 -7 -8 18 -5 16 -6 18 -17 9 2 4 -3 30 -2 13 1 8 9 5 -5 -10 2 -4 -4 -3 -23 22 -17 1 12
-4 9 1 -1 0 11 5 -11 -5 5 1 -3 -11 -5 14 -8 -3 -9 5 72 -10 4 -2 -10 12 13 5 2 3 9 15 3 15 13 -7 -8 18 -5 16 -6 18 -17 9 2 4 -3 30 -2 13 1 8 9 5 -5 -10 2 -4 -4 -3 -23 22 -17 1 12
-4 9 1 -1 0 11 5 -11 -5 5 1 -3 -11 -5 14 -8 -3 -9 5 72 -10 4 -2 -10 12 13 5 2 3 9 15 3 15 13 -7 -8 18 -5 16 -6 18 -17 9 2 4 -3 30 -2 13 1 8 9 5 -5 -10 2 -4 -4 -3 -23 22 -17 1 12
-4 9 1 -1 0 11 5 -11 -5 5 1 -3 -11 -5 14 -8 -3 -9 5 72 -10 4 -2 -10 12 13 5 2 3 9 15 3 15 13 -7 -8 18 -5 16 -6 18 -17 9 2 4 -3 30 -2 13 1 8 9 5 -5 -10 2 -4 -4 -3 -23 22 -17 1 12
-4 9 1 -1 0 11 5 -11 -5 5 1 -3 -11 -5 14 -8 -3 -9 5 72 -10 4 -2 -10 12 13 5 2 3 9 15 3 15 13 -7 -8 18 -5 16 -6 18 -17 9 2 4 -3 30 -2 13 1 8 9 5 -5 -10 2 -4 -4 -3 -23 22 -17 1 12
-4 9 1 -1 0 11 5 -11 -5 5 1 -3 -11 -5 14 -8 -3 -9 5 72 -10 4 -2 -10 12 13 5 2 3 9 15 3 15 13 -7 -8 18 -5 16 -6 18 -17 9 2 4 -3 30 -2 13 1 8 9 5 -5 -10 2 -4 -4 -3 -23 22 -17 1 12
-4 9 1 -1 0 11 5 -11 -5 5 1 -3 -11 -5 14 -8 -3 -9 5 72 -10 4 -2 -10 12 13 5 2 3 9 15 3 15 13 -7 -8 18 -5 16 -6 18 -17 9 2 4 -3 30 -2 13 1 8 9 5 -5 -10 2 -4 -4 -3 -23 22 -17 1 12
-4 9 1 -1 0 11 5 -11 -5 5 1 -3 -11 -5 14 -8 -3 -9 5 72 -10 4 -2 -10 12 13 5 2 3 9 15 3 15 13 -7 -8 18 -5 16 -6 18 -17 9 2 4 -3 30 -2 13 1 8 9 5 -5 -10 2 -4 -4 -3 -23 22 -17 1 12
-4 9 1 -1 0 11 5 -11 -5 5 1 -3 -11 -5 14 -8 -3 -9 5 72 -10 4 -2 -10 12 13 5 2 3 9 15 3 15 13 -7 -8 18 -5 16 -6 18 -17 9 2 4 -3 30 -2 13 1 8 9 5 -5 -10 2 -4 -4 -3 -23 22 -17 1 12
-4 9 1 -1 0 11 5 -11 -5 5 1 -3 -11 -5 14 -8 -3 -9 5 72 -10 4 -2 -10 12 13 5 2 3 9 15 3 15 13 -7 -8 18 -5 16 -6 18 -17 9 2 4 -3 30 -2 13 1 8 9 5 -5 -10 2 -4 -4 -3 -23 22 -17 1 12
-4 9 1 -1 0 11 5 -11 -5 5 1 -3 -11 -5 14 -8 -3 -9 5 72 -10 4 -2 -10 12 13 5 2 3 9 15 3 15 13 -7 -8 18 -5 16 -6 18 -17 9 2 4 -3 30 -2 13 1 8 9 5 -5 -10 2 -4 -4 -3 -23 22 -17 1 12
-4 9 1 -1 0 11 5 -11 -5 5 1 -3 -11 -5 14 -8 -3 -9 5 72 -10 4 -2 -10 12 13 5 2 3 9 15 3 15 13 -7 -8 18 -5 16 -6 18 -17 9 2 4 -3 30 -2 13 1 8 9 5 -5 -10 2 -4 -4 -3 -23 22 -17 1 12
-4 9 1 -1 0 11 5 -11 -5 5 1 -3 -11 -5 14 -8 -3 -9 5 72 -10 4 -2 -10 12 13 5 2 3 9 15 3 15 13 -7 -8 18 -5 16 -6 18 -17 9 2 4 -3 30 -2 13 1 8 9 5 -5 -10 2 -4 -4 -3 -23 22 -17 1 12
-4 9 1 -1 0 11 5 -11 -5 5 1 -3 -11 -5 14 -8 -3 -9 5 72 -10 4 -2 -10 12 13 5 2 3 9 15 3 15 13 -7 -8 18 -5 16 -6 18 -17 9 2 4 -3 30 -2 13 1 8 9 5 -5 -10 2 -4 -4 -3 -23 22 -17 1 12
-4 9 1 -1 0 11 5 -11 -5 5 1 -3 -11 -5 14 -8 -3 -9 5 72 -10 4 -2 -10 12 13 5 2 3 9 15 3 15 13 -7 -8 18 -5 16 -6 18 -17 9 2 4 -3 30 -2 13 1 8 9 5 -5 -10 2 -4 -4 -3 -23 22 -17 1 12
-4 9 1 -1 0 11 5 -11 -5 5 1 -3 -11 -5 14 -8 -3 -9 5 72 -10 4 -2 -10 12 13 5 2 3 9 15 3 15 13 -7 -8 18 -5 16 -6 18 -17 9 2 4 -3 30 -2 13 1 8 9 5 -5 -10 2 -4 -4 -3 -23 22 -17 1 12
-4 9 1 -1 0 11 5 -11 -5 5 1 -3 -11 -5 14 -8 -3 -9 5 72 -10 4 -2 -10 12 13 5 2 3 9 15 3 15 13 -7 -8 18 -5 16 -6 18 -17 9 2 4 -3 30 -2 13 1 8 9 5 -5 -10 2 -4 -4 -3 -23 22 -17 1 12
-4 9 1 -1 0 11 5 -11 -5 5 1 -3 -11 -5 14 -8 -3 -9 5 72 -10 4 -2 -10 12 13 5 2 3 9 15 3 15 13 -7 -8 18 -5 16 -6 18 -17 9 2 4 -3 30 -2 13 1 8 9 5 -5 -10 2 -4 -4 -3 -23 22 -17 1 12
-4 9 1 -1 0 11 5 -11 -5 5 1 -3 -11 -5 14 -8 -3 -9 5 72 -10 4 -2 -10 12 13 5 2 3 9 15 3 15 13 -7 -8 18 -5 16 -6 18 -17 9 2 4 -3 30 -2 13 1 8 9 5 -5 -10 2 -4 -4 -3 -23 22 -17 1 12
-4 9 1 -1 0 11 5 -11 -5 5 1 -3 -11 -5 14 -8 -3 -9 5 72 -10 4 -2 -10 12 13 5 2 3 9 15 3 15 13 -7 -8 18 -5 16 -6 18 -17 9 2 4 -3 30 -2 13 1 8 9 5 -5 -10 2 -4 -4 -3 -23 22 -17 1 12
-4 9 1 -1 0 11 5 -11 -5 5 1 -3 -11 -5 14 -8 -3 -9 5 72 -10 4 -2 -10 12 13 5 2 3 9 15 3 15 13 -7 -8 18 -5 16 -6 18 -17 9 2 4 -3 30 -2 13 1 8 9 5 -5 -10 2 -4 -4 -3 -23 22 -17 1 12
-4 9 1 -1 0 11 5 -11 -5 5 1 -3 -11 -5 14 -8 -3 -9 5 72 -10 4 -2 -10 12 13 5 2 3 9 15 3 15 13 -7 -8 18 -5 16 -6 18 -17 9 2 4 -3 30 -2 13 1 8 9 5 -5 -10 2 -4 -4 -3 -23 22 -17 1 12
-4 9 1 -1 0 11 5 -11 -5 5 1 -3 -11 -5 14 -8 -3 -9 5 72 -10 4 -2 -10 12 13 5 2 3 9 15 3 15 13 -7 -8 18 -5 16 -6 18 -17 9 2 4 -3 30 -2 13 1 8 9 5 -5 -10 2 -4 -4 -3 -23 22 -17 1 12
-4 9 1 -1 0 11 5 -11 -5 5 1 -3 -11 -5 14 -8 -3 -9 5 72 -10 4 -2 -10 12 13 5 2 3 9 15 3 15 13 -7 -8 18 -5 16 -6 18 -17 9 2 4 -3 30 -2 13 1 8 9 5 -5 -10 2 -4 -4 -3 -23 22 -17 1 12
-4 9 1 -1 0 11 5 -11 -5 5 1 -3 -11 -5 14 -8 -3 -9 5 72 -10 4 -2 -10 12 13 5 2 3 9 15 3 15 13 -7 -8 18 -5 16 -6 18 -17 9 2 4 -3 30 -2 13 1 8 9 5 -5 -10 2 -4 -4 -3 -23 22 -17 1 12
-4 9 1 -1 0 11 5 -11 -5 5 1 -3 -11 -5 14 -8 -3 -9 5 72 -10 4 -2 -10 12 13 5 2 3 9 15 3 15 13 -7 -8 18 -5 16 -6 18 -17 9 2 4 -3 30 -2 13 1 8 9 5 -5 -10 2 -4 -4 -3 -23 22 -17 1 12
-4 9 1 -1 0 11 5 -11 -5 5 1 -3 -11 -5 14 -8 -3 -9 5 72 -10 4 -2 -10 12 13 5 2 3 9 15 3 15 13 -7 -8 18 -5 16 -6 18 -17 9 2 4 -3 30 -2 13 1 8 9 5 -5 -10 2 -4 -4 -3 -23 22 -17 1 12
-4 9 1 -1 0 11 5 -11 -5 5 1 -3 -11 -5 14 -8 -3 -9 5 72 -10 4 -2 -10 12 13 5 2 3 9 15 3 15 13 -7 -8 18 -5 16 -6 18 -17 9 2 4 -3 30 -2 13 1 8 9 5 -5 -10 2 -4 -4 -3 -23 22 -17 1 12
-4 9 1 -1 0 11 5 -11 -5 5 1 -3 -11 -5 14 -8 -3 -9 5 72 -10 4 -2 -10 12 13 5 2 3 9 15 3 15 13 -7 -8 18 -5 16 -6 18 -17 9 2 4 -3 30 -2 13 1 8 9 5 -5 -10 2 -4 -4 -3 -23 22 -17 1 12
-4 9 1 -1 0 11 5 -11 -5 5 1 -3 -11 -5 14 -8 -3 -9 5 72 -10 4 -2 -10 12 13 5 2 3 9 15 3 15 13 -7 -8 18 -5 16 -6 18 -17 9 2 4 -3 30 -2 13 1 8 9 5 -5 -10 2 -4 -4 -3 -23 22 -17 1 12
-4 9 1 -1 0 11 5 -11 -5 5 1 -3 -11 -5 14 -8 -3 -9 5 72 -10 4 -2 -10 12 13 5 2 3 9 15 3 15 13 -7 -8 18 -5 16 -6 18 -17 9 2 4 -3 30 -2 13 1 8 9 5 -5 -10 2 -4 -4 -3 -23 22 -17 1 12
-4 9 1 -1 0 11 5 -11 -5 5 1 -3 -11 -5 14 -8 -3 -9 5 72 -10 4 -2 -10 12 13 5 2 3 9 15 3 15 13 -7 -8 18 -5 16 -6 18 -17 9 2 4 -3 30 -2 13 1 8 9 5 -5 -10 2 -4 -4 -3 -23 22 -17 1 12
-4 9 1 -1 0 11 5 -11 -5 5 1 -3 -11 -5 14 -8 -3 -9 5 72 -10 4 -2 -10 12 13 5 2 3 9 15 3 15 13 -7 -8 18 -5 16 -6 18 -17 9 2 4 -3 30 -2 13 1 8 9 5 -5 -10 2 -4 -4 -3 -23 22 -17 1 12
-4 9 1 -1 0 11 5 -11 -5 5 1 -3 -11 -5 14 -8 -3 -9 5 72 -10 4 -2 -10 12 13 5 2 3 9 15 3 15 13 -7 -8 18 -5 16 -6 18 -17 9 2 4 -3 30 -2 13 1 8 9 5 -5 -10 2 -4 -4 -3 -23 22 -17 1 12
-4 9 1 -1 0 11 5 -11 -5 5 1 -3 -11 -5 14 -8 -3 -9 5 72 -10 4 -2 -10 12 13 5 2 3 9 15 3 15 13 -7 -8 18 -5 16 -6 18 -17 9 2 4 -3 30 -2 13 1 8 9 5 -5 -10 2 -4 -4 -3 -23 22 -17 1 12
-4 9 1 -1 0 11 5 -11 -5 5 1 -3 -11 -5 14 -8 -3 -9 5 72 -10 4 -2 -10 12 13 5 2 3 9 15 3 15 13 -7 -8 18 -5 16 -6 18 -17 9 2 4 -3 30 -2 13 1 8 9 5 -5 -10 2 -4 -4 -3 -23 22 -17 1 12
-4 9 1 -1 0 11 5 -11 -5 5 1 -3 -11 -5 14 -8 -3 -9 5 72 -10 4 -2 -10 12 13 5 2 3 9 15 3 15 13 -7 -8 18 -5 16 -6 18 -17 9 2 4 -3 30 -2 13 1 8 9 5 -5 -10 2 -4 -4 -3 -23 22 -17 1 12
-4 9 1 -1 0 11 5 -11 -5 5 1 -3 -11 -5 14 -8 -3 -9 5 72 -10 4 -2 -10 12 13 5 2 3 9 15 3 15 13 -7 -8 18 -5 16 -6 18 -17 9 2 4 -3 30 -2 13 1 8 9 5 -5 -10 2 -4 -4 -3 -23 22 -17 1 12
-4 9 1 -1 0 11 5 -11 -5 5 1 -3 -11 -5 14 -8 -3 -9 5 72 -10 4 -2 -10 12 13 5 2 3 9 15 3 15 13 -7 -8 18 -5 16 -6 18 -17 9 2 4 -3 30 -2 13 1 8 9 5 -5 -10 2 -4 -4 -3 -23 22 -17 1 12
-4 9 1 -1 0 11 5 -11 -5 5 1 -3 -11 -5 14 -8 -3 -9 5 72 -10 4 -2 -10 12 13 5 2 3 9 15 3 15 13 -7 -8 18 -5 16 -6 18 -17 9 2 4 -3 30 -2 13 1 8 9 5 -5 -10 2 -4 -4 -3 -23 22 -17 1 12
-4 9 1 -1 0 11 5 -11 -5 5 1 -3 -11 -5 14 -8 -3 -9 5 72 -10 4 -2 -10 12 13 5 2 3 9 15 3 15 13 -7 -8 18 -5 16 -6 18 -17 9 2 4 -3 30 -2 13 1 8 9 5 -5 -10 2 -4 -4 -3 -23 22 -17 1 12
-4 9 1 -1 0 11 5 -11 -5 5 1 -3 -11 -5 14 -8 -3 -9 5 72 -10 4 -2 -10 12 13 5 2 3 9 15 3 15 13 -7 -8 18 -5 16 -6 18 -17 9 2 4 -3 30 -2 13 1 8 9 5 -5 -10 2 -4 -4 -3 -23 22 -17 1 12
-4 9 1 -1 0 11 5 -11 -5 5 1 -3 -11 -5 14 -8 -3 -9 5 72 -10 4 -2 -10 12 13 5 2 3 9 15 3 15 13 -7 -8 18 -5 16 -6 18 -17 9 2 4 -3 30 -2 13 1 8 9 5 -5 -10 2 -4 -4 -3 -23 22 -17 1 12
-4 9 1 -1 0 11 5 -11 -5 5 1 -3 -11 -5 14 -8 -3 -9 5 72 -10 4 -2 -10 12 13 5 2 3 9 15 3 15 13 -7 -8 18 -5 16 -6 18 -17 9 2 4 -3 30 -2 13 1 8 9 5 -5 -10 2 -4 -4 -3 -23 22 -17 1 12
-4 9 1 -1 0 11 5 -11 -5 5 1 -3 -11 -5 14 -8 -3 -9 5 72 -10 4 -2 -10 12 13 5 2 3 9 15 3 15 13 -7 -8 18 -5 16 -6 18 -17 9 2 4 -3 30 -2 13 1 8 9 5 -5 -10 2 -4 -4 -3 -23 22 -17 1 12
-4 9 1 -1 0 11 5 -11 -5 5 1 -3 -11 -5 14 -8 -3 -9 5 72 -10 4 -2 -10 12 13 5 2 3 9 15 3 15 13 -7 -8 18 -5 16 -6 18 -17 9 2 4 -3 30 -2 13 1 8 9 5 -5 -10 2 -4 -4 -3 -23 22 -17 1 12
-4 9 1 -1 0 11 5 -11 -5 5 1 -3 -11 -5 14 -8 -3 -9 5 72 -10 4 -2 -10 12 13 5 2 3 9 15 3 15 13 -7 -8 18 -5 16 -6 18 -17 9 2 4 -3 30 -2 13 1 8 9 5 -5 -10 2 -4 -4 -3 -23 22 -17 1 12
-4 9 1 -1 0 11 5 -11 -5 5 1 -3 -11 -5 14 -8 -3 -9 5 72 -10 4 -2 -10 12 13 5 2 3 9 15 3 15 13 -7 -8 18 -5 16 -6 18 -17 9 2 4 -3 30 -2 13 1 8 9 5 -5 -10 2 -4 -4 -3 -23 22 -17 1 12
-4 9 1 -1 0 11 5 -11 -5 5 1 -3 -11 -5 14 -8 -3 -9 5 72 -10 4 -2 -10 12 13 5 2 3 9 15 3 15 13 -7 -8 18 -5 16 -6 18 -17 9 2 4 -3 30 -2 13 1 8 9 5 -5 -10 2 -4 -4 -3 -23 22 -17 1 12
-4 9 1 -1 0 11 5 -11 -5 5 1 -3 -11 -5 14 -8 -3 -9 5 72 -10 4 -2 -10 12 13 5 2 3 9 15 3 15 13 -7 -8 18 -5 16 -6 18 -17 9 2 4 -3 30 -2 13 1 8 9 5 -5 -10 2 -4 -4 -3 -23 22 -17 1 12
-4 9 1 -1 0 11 5 -11 -5 5 1 -3 -11 -5 14 -8 -3 -9 5 72 -10 4 -2 -10 12 13 5 2 3 9 15 3 15 13 -7 -8 18 -5 16 -6 18 -17 9 2 4 -3 30 -2 13 1 8 9 5 -5 -10 2 -4 -4 -3 -23 22 -17 1 12
