8 11 10 -20 20 -1 1 12 -2 -6 -5 15 -4 -22 -19 -3 -7 15 -8 3 14 -10 -11 8 -12 3 12 4 3 4 -9 5 -12 10 13 -15 -27 18 14 45 -1 9 -21 14 17 10 -7 4 7 -55 -5 -1 -8 -5 82 14 -15 -4 8 1 19 -3 -1 4
13 6 34 -16 59 -1 13 13 27 -11 -14 29 -25 -32 -16 -8 -16 -7 5 12 22 -4 13 8 -32 3 22 6 -5 1 15 -3 -12 16 -1 -8 -25 19 -2 3 -6 -2 -66 12 30 18 -26 17 45 17 -6 -14 -28 3 6 3 -8 -27 -5 7 1 -5 -8 30
8 11 35 -13 52 3 3 39 8 -12 -21 42 -23 -16 -26 -21 -21 -10 -5 2 19 -4 -5 5 -19 3 2 7 -16 2 10 -2 -10 10 -6 0 -16 13 5 -39 2 4 -51 9 20 21 -27 11 36 14 17 -16 -25 1 18 -1 1 -22 11 10 -6 5 5 32
0 -9 49 -18 58 -12 -15 42 9 -3 -22 28 -35 -20 -15 -16 -36 2 -1 5 21 -18 -12 2 -24 9 3 1 -15 27 4 -11 -4 8 1 -10 -14 15 -8 -45 -5 3 -60 21 33 18 -26 -3 18 -6 16 -16 -39 12 2 -3 -4 -20 8 22 0 12 -8 22
-2 0 42 -33 49 -12 -7 40 19 -6 -28 23 -13 -8 -25 -17 -22 -29 12 -1 34 -9 -4 5 -3 -8 3 9 -20 25 -10 -11 -13 2 -14 -7 11 29 4 -58 -6 0 -56 19 47 17 -21 7 -13 -13 15 -22 -8 28 -2 8 -16 -7 14 11 9 8 -21 22
8 8 26 -13 55 2 -17 37 6 -4 -17 8 -19 -15 -17 -15 -24 -25 10 11 34 0 -3 -16 -20 8 8 14 -12 6 -12 -1 -17 14 -24 -18 -1 16 5 -37 3 0 -56 14 46 22 -26 2 -27 -32 11 -6 -17 -4 -10 -10 -8 -16 8 3 -5 13 -12 20
8 36 12 -31 78 -15 1 54 22 12 -7 17 -11 -7 -15 -13 -28 -10 27 14 29 -5 -7 -2 -28 -6 4 22 -15 -6 -12 -4 -33 10 -26 -21 -6 -3 10 2 -4 3 -57 22 44 16 -21 18 -38 -26 -2 -8 -36 -5 -33 3 -11 -17 19 19 -5 1 -8 21
16 26 2 -32 53 8 13 27 14 6 -8 22 -21 -23 -12 -5 -7 -8 32 9 18 -17 -2 11 -15 12 4 23 -14 -12 10 12 -29 12 -14 -12 -13 -1 -2 31 2 -7 -57 0 41 15 -35 -4 -20 4 -9 -9 -14 -5 -19 -7 10 -26 4 6 -20 6 -1 7
5 29 -8 -6 59 -2 26 38 -6 -6 -7 18 -10 -35 -11 -7 10 -9 8 7 33 -6 3 3 -20 24 -20 22 -15 5 9 19 -32 7 -12 -19 -21 7 -17 19 -12 -6 -64 -13 23 7 -47 2 -1 11 11 -12 -27 6 3 10 -14 -39 13 7 -10 14 4 -15
7 20 -6 -19 58 -4 28 21 26 -11 -3 20 -30 -24 -5 -11 -29 1 19 30 29 -6 -19 1 -10 14 -17 18 -22 18 30 -14 -21 29 -4 7 -41 -9 1 28 7 -6 -49 -15 49 11 -21 18 9 60 -1 -8 -26 3 8 12 -19 -22 6 8 -5 2 -10 -28
17 8 11 -3 44 -15 21 30 15 -6 -2 28 -16 -16 -7 -4 5 2 23 4 14 -1 6 10 -20 17 -14 15 -11 21 19 3 -2 13 -8 -18 -24 2 9 -3 -17 5 -72 -2 17 26 -33 -5 16 39 -5 -23 -20 21 3 9 -9 -23 4 -15 -15 17 7 -26
13 0 20 -11 51 13 18 26 13 -7 -13 28 -20 -17 -18 -12 -14 -5 1 1 10 7 -10 -3 -18 11 4 -1 -21 42 18 20 -17 33 -5 -17 -19 -4 1 -30 -1 18 -45 11 3 28 -26 -8 -2 16 -11 -3 -23 -7 28 13 -8 -3 26 -5 -11 25 2 -21
-6 -15 56 -17 44 -5 22 35 23 -23 -6 9 -19 -23 -17 17 -20 15 1 7 26 -7 3 0 -11 3 13 13 -12 61 13 -2 -1 18 7 -30 -26 -2 -2 -49 2 16 -46 32 26 22 -9 5 -14 7 15 -28 -45 3 7 10 -9 -26 27 9 -2 12 -3 -27
10 2 29 -4 44 0 24 38 11 -6 -3 7 -14 -33 -22 -5 24 -13 10 6 24 2 -3 10 -4 17 2 8 -8 48 17 2 -13 25 -5 -35 -23 -21 -13 -39 9 11 -35 4 30 25 -18 0 -25 -16 5 -24 -15 -13 2 12 4 -12 4 14 3 15 7 1
15 -3 14 -9 43 2 19 23 17 -24 2 -10 -13 -30 -14 -12 -10 2 -12 21 35 4 -7 -9 -2 27 -9 15 -18 38 21 4 -4 35 -22 -11 -31 -14 5 -14 22 -3 -15 -15 25 16 -20 13 -45 -13 3 -25 -17 9 -13 4 0 -6 8 22 -4 17 -6 -20
4 -9 18 -18 48 6 27 51 14 -6 8 13 -3 -37 -8 -10 2 7 -23 3 16 -3 12 -4 -18 20 -6 9 -9 27 11 11 -8 38 -28 -51 -8 -13 9 -2 0 -2 -37 -2 3 26 -14 -11 -41 -13 6 -36 -4 1 -16 0 -11 -15 5 8 15 13 5 -18
13 -4 2 -29 32 8 37 49 19 -28 11 19 -26 -27 5 10 11 -21 4 -11 18 11 7 6 14 38 -7 -1 -22 -11 15 24 0 37 -27 -17 -13 25 8 7 -12 4 -29 9 7 27 -21 -7 -53 -1 -2 -18 -9 2 -22 19 -21 -9 30 21 23 -9 -10 -8
14 -23 5 -36 25 -4 47 32 32 -32 21 26 -26 -3 -6 -6 9 -7 -11 -28 26 3 -9 10 -16 0 -3 7 -16 -19 30 0 -17 24 -25 -21 -29 9 2 42 15 6 -46 5 14 25 -3 14 -49 17 7 -35 -9 20 -48 20 -16 -14 28 1 23 -16 -1 -9
4 -3 0 -20 39 6 39 34 28 -24 5 17 -28 -10 -4 -7 3 -9 -7 -12 17 23 7 5 -14 5 2 4 -2 -7 15 17 -11 47 -16 -40 -15 12 5 41 16 3 -36 -3 -14 38 -3 -15 -29 26 -6 -19 -25 0 -28 25 -10 -13 17 21 11 -7 -10 2
19 -1 16 -22 29 6 44 37 19 -16 6 -4 -23 -7 -20 9 10 -24 -19 -3 20 9 -8 12 -27 -4 6 17 -5 -3 10 24 -13 44 -8 -37 -27 14 10 30 12 1 -34 14 -3 24 -3 -1 6 47 -4 -14 -19 -18 1 17 -7 -12 20 3 5 -5 2 -6
10 -3 25 -7 20 8 35 32 7 -16 6 6 -22 -22 -18 12 11 -8 -36 9 21 13 -5 24 -9 22 7 15 -14 28 27 6 -10 49 1 -45 -36 4 7 8 12 3 -37 10 20 9 -22 -10 18 43 -5 -33 -1 -22 15 17 -1 -4 13 5 5 7 -11 13
-1 -2 36 -28 29 3 12 25 10 -5 2 15 -12 -46 -6 12 3 -16 -54 0 24 10 -4 26 -16 4 8 6 -30 30 6 1 -14 48 0 -36 -53 3 8 -33 -2 8 -27 14 21 14 -34 8 20 20 -9 -46 -17 -11 25 23 -10 -4 8 16 15 12 7 46
-3 11 29 -18 25 0 1 27 -1 -17 -5 9 -22 -41 -17 2 -2 -9 -45 24 2 -1 8 40 -19 11 1 17 -22 33 8 -3 1 35 -1 -32 -40 14 12 -31 -10 3 -29 0 10 19 -33 7 4 -10 -12 -48 -31 4 16 35 -10 -12 24 13 11 -20 -7 44
6 -9 17 -22 29 -1 -16 34 14 -4 6 -5 -46 -31 -8 -8 -11 -15 -48 11 26 -10 14 24 -26 9 -16 1 -9 19 8 4 -15 20 -16 -19 -42 -1 -20 -36 14 11 -24 16 9 10 -19 2 -22 -16 -3 -45 -16 3 0 31 -3 -17 20 2 8 -3 -5 45
-3 10 7 -19 29 8 -19 42 15 -30 -9 -6 -30 -25 -14 -22 -10 -25 -43 17 10 -15 2 32 -22 12 -12 6 -16 8 16 -19 -9 21 -23 -31 -31 4 10 -23 9 2 -39 23 5 21 -28 19 -16 -26 -3 -41 -11 11 -14 41 -11 -19 15 3 -1 8 -2 46
-2 -17 -7 -32 29 -4 -16 43 11 -15 -7 -2 -44 -33 -10 -9 -32 -10 -35 -3 20 -29 -5 3 -20 4 6 -5 -11 -5 0 -1 -3 19 -10 -40 -28 16 4 16 7 3 -53 26 0 32 0 -1 -24 -23 1 -37 -17 14 -36 22 -10 -12 13 22 4 17 10 37
-5 -3 -32 -44 23 -13 -6 38 20 -19 -13 0 -29 -8 -24 -3 -21 -42 -21 -9 24 -17 -6 16 -4 -13 1 11 -19 -23 2 -5 -14 4 -12 -23 -2 23 3 32 0 5 -48 25 22 23 -7 0 -38 1 -3 -32 11 31 -43 28 -22 -4 27 14 6 -1 -19 25
9 5 -37 -19 29 1 -8 43 8 -16 -4 -9 -34 -15 -17 -3 -18 -27 -15 1 27 -14 4 -6 -12 -1 5 17 -8 -28 -11 6 -25 13 -3 -39 -20 18 9 47 16 -2 -56 20 14 35 -5 8 -12 21 -3 -24 -11 -1 -26 21 -18 -5 19 -3 -8 13 -3 21
6 31 -37 -42 47 -10 -6 51 16 -10 6 -7 -26 -8 -11 4 -24 -17 -17 5 22 -19 -5 10 -29 -11 19 21 -4 -6 0 4 -34 13 13 -35 -24 2 8 48 4 3 -50 33 15 23 -1 17 25 57 -25 -23 -13 -5 -10 29 -21 5 27 19 -8 4 -6 24
17 17 -15 -42 34 0 -17 21 9 -13 -1 -4 -26 -23 -11 15 -3 -18 -14 4 13 -34 -2 17 -18 7 14 15 -11 18 9 19 -19 14 23 -23 -27 3 -4 13 8 -7 -50 13 24 15 -17 -8 33 47 -26 -25 7 -1 8 18 1 -9 4 2 -31 -1 -6 25
2 19 -26 -20 42 -7 -25 26 3 -26 0 -4 -22 -31 -11 7 5 -16 -40 -6 24 -29 8 8 -19 13 -15 17 -8 30 6 18 -12 -11 23 -15 -24 9 -1 -26 8 -1 -52 -3 11 5 -30 -2 30 27 -5 -31 -4 12 16 20 -21 -36 24 -3 -18 6 -6 9
13 0 1 -12 35 -6 -37 25 9 -25 17 0 -27 -24 -10 10 -2 -18 -16 -1 12 -36 -7 14 -19 15 -13 4 -5 38 2 1 -9 -20 19 -21 -33 11 6 -48 -3 12 -62 8 12 22 -8 1 12 27 -12 -30 9 5 11 28 -18 -7 15 -7 -28 14 12 3
3 10 -21 -19 44 7 -29 21 5 -15 -3 4 -23 -19 -21 -2 -17 -9 -20 -13 6 -19 -17 -1 -15 7 -2 -4 -13 30 4 21 -9 -6 5 -25 -20 8 -1 -40 2 13 -42 22 7 37 -5 -10 -10 -4 -20 -10 -2 -13 13 24 -12 2 28 0 -16 16 -8 3
8 9 -20 -18 48 9 -18 39 -3 -21 -6 -12 -17 -42 -1 3 -26 13 -25 -10 12 -50 3 -3 -30 20 3 1 -7 21 8 -7 -3 -10 8 -31 -8 10 5 -15 8 10 -44 15 22 33 6 -5 -22 -24 -7 -39 3 -12 -1 2 -17 -14 2 17 -4 4 0 -6
9 17 -32 -30 44 10 -18 48 14 -45 3 8 -25 -34 9 12 2 -15 -5 -21 22 -28 10 17 8 34 -7 -7 -22 -2 -1 24 10 -13 1 -16 -11 32 9 -39 -12 5 -40 13 23 38 -9 -6 -52 -25 -18 -27 3 5 -27 28 -22 -4 29 17 9 -12 -14 -16
1 5 -31 -36 34 -6 -11 28 17 -42 14 13 -24 -5 -5 -3 7 -5 -12 -40 35 -28 -16 9 -26 4 -4 5 -16 -2 16 -5 -5 -28 -4 -14 -19 15 2 -5 14 8 -54 6 33 30 2 14 -54 -19 -8 -34 1 14 -46 19 -23 -8 21 -1 3 -22 -11 -21
-8 23 -50 -20 51 8 -6 32 16 -34 2 9 -27 -13 6 -3 -1 6 1 -17 18 -21 11 4 -18 8 -4 0 -1 -5 18 18 3 -5 4 -39 -4 14 10 11 13 0 -40 10 9 43 7 -10 -45 -11 -23 -12 -9 -6 -33 25 -19 -11 13 17 -10 -18 -11 -23
8 27 -38 -21 45 4 9 29 7 -25 4 -9 -26 -5 -17 5 9 -7 -2 -8 21 -18 -5 17 -30 -8 -1 10 0 -22 16 27 -6 -11 4 -26 -16 16 12 32 7 2 -31 23 20 36 8 1 -13 12 -20 -7 -7 -22 -20 22 -15 -5 21 -2 -11 -11 -2 -39
6 26 -33 -4 34 3 8 19 -8 -25 9 3 -23 -22 -13 17 16 6 -12 3 19 -12 -6 28 -15 16 1 18 -3 6 38 7 -1 3 16 -42 -29 12 17 27 6 6 -34 9 39 19 -10 -7 8 25 -17 -27 14 -33 -6 16 -11 5 11 -1 -9 2 -14 -35
-10 29 -16 -23 43 0 10 12 -10 -21 -5 30 -4 -49 -8 16 12 8 -28 -6 24 -5 0 33 -29 0 5 7 -15 23 44 9 -2 6 25 -27 -47 10 13 -7 -1 11 -20 13 40 31 -11 17 41 35 -20 -41 -3 -27 16 23 -19 5 8 12 12 7 10 -31
-15 32 1 -19 43 4 11 15 -15 -26 -15 20 -4 -38 -15 7 15 15 -31 16 2 -8 4 42 -25 6 -4 17 -7 34 36 8 17 7 22 -35 -44 18 15 -21 -5 7 -15 -5 10 32 -8 5 29 3 -15 -34 -16 -9 23 36 -19 -4 20 14 12 -18 0 -17
10 12 7 -13 29 0 -1 16 -9 -11 -20 24 -16 -29 -7 5 -20 15 -9 3 29 -8 -8 10 -30 -3 10 4 22 7 3 17 1 15 -4 -12 -28 15 11 -8 -6 10 -41 7 24 31 -6 4 5 1 -1 -9 -2 2 -3 20 -18 -5 10 7 9 14 24 7
10 12 7 -13 29 0 -1 16 -9 -11 -20 24 -16 -29 -7 5 -20 15 -9 3 29 -8 -8 10 -30 -3 10 4 22 7 3 17 1 15 -4 -12 -28 15 11 -8 -6 10 -41 7 24 31 -6 4 5 1 -1 -9 -2 2 -3 20 -18 -5 10 7 9 14 24 7
10 12 7 -13 29 0 -1 16 -9 -11 -20 24 -16 -29 -7 5 -20 15 -9 3 29 -8 -8 10 -30 -3 10 4 22 7 3 17 1 15 -4 -12 -28 15 11 -8 -6 10 -41 7 24 31 -6 4 5 1 -1 -9 -2 2 -3 20 -18 -5 10 7 9 14 24 7
10 12 7 -13 29 0 -1 16 -9 -11 -20 24 -16 -29 -7 5 -20 15 -9 3 29 -8 -8 10 -30 -3 10 4 22 7 3 17 1 15 -4 -12 -28 15 11 -8 -6 10 -41 7 24 31 -6 4 5 1 -1 -9 -2 2 -3 20 -18 -5 10 7 9 14 24 7
10 12 7 -13 29 0 -1 16 -9 -11 -20 24 -16 -29 -7 5 -20 15 -9 3 29 -8 -8 10 -30 -3 10 4 22 7 3 17 1 15 -4 -12 -28 15 11 -8 -6 10 -41 7 24 31 -6 4 5 1 -1 -9 -2 2 -3 20 -18 -5 10 7 9 14 24 7
10 12 7 -13 29 0 -1 16 -9 -11 -20 24 -16 -29 -7 5 -20 15 -9 3 29 -8 -8 10 -30 -3 10 4 22 7 3 17 1 15 -4 -12 -28 15 11 -8 -6 10 -41 7 24 31 -6 4 5 1 -1 -9 -2 2 -3 20 -18 -5 10 7 9 14 24 7
10 12 7 -13 29 0 -1 16 -9 -11 -20 24 -16 -29 -7 5 -20 15 -9 3 29 -8 -8 10 -30 -3 10 4 22 7 3 17 1 15 -4 -12 -28 15 11 -8 -6 10 -41 7 24 31 -6 4 5 1 -1 -9 -2 2 -3 20 -18 -5 10 7 9 14 24 7
10 12 7 -13 29 0 -1 16 -9 -11 -20 24 -16 -29 -7 5 -20 15 -9 3 29 -8 -8 10 -30 -3 10 4 22 7 3 17 1 15 -4 -12 -28 15 11 -8 -6 10 -41 7 24 31 -6 4 5 1 -1 -9 -2 2 -3 20 -18 -5 10 7 9 14 24 7
10 12 7 -13 29 0 -1 16 -9 -11 -20 24 -16 -29 -7 5 -20 15 -9 3 29 -8 -8 10 -30 -3 10 4 22 7 3 17 1 15 -4 -12 -28 15 11 -8 -6 10 -41 7 24 31 -6 4 5 1 -1 -9 -2 2 -3 20 -18 -5 10 7 9 14 24 7
10 12 7 -13 29 0 -1 16 -9 -11 -20 24 -16 -29 -7 5 -20 15 -9 3 29 -8 -8 10 -30 -3 10 4 22 7 3 17 1 15 -4 -12 -28 15 11 -8 -6 10 -41 7 24 31 -6 4 5 1 -1 -9 -2 2 -3 20 -18 -5 10 7 9 14 24 7
10 12 7 -13 29 0 -1 16 -9 -11 -20 24 -16 -29 -7 5 -20 15 -9 3 29 -8 -8 10 -30 -3 10 4 22 7 3 17 1 15 -4 -12 -28 15 11 -8 -6 10 -41 7 24 31 -6 4 5 1 -1 -9 -2 2 -3 20 -18 -5 10 7 9 14 24 7
10 12 7 -13 29 0 -1 16 -9 -11 -20 24 -16 -29 -7 5 -20 15 -9 3 29 -8 -8 10 -30 -3 10 4 22 7 3 17 1 15 -4 -12 -28 15 11 -8 -6 10 -41 7 24 31 -6 4 5 1 -1 -9 -2 2 -3 20 -18 -5 10 7 9 14 24 7
10 12 7 -13 29 0 -1 16 -9 -11 -20 24 -16 -29 -7 5 -20 15 -9 3 29 -8 -8 10 -30 -3 10 4 22 7 3 17 1 15 -4 -12 -28 15 11 -8 -6 10 -41 7 24 31 -6 4 5 1 -1 -9 -2 2 -3 20 -18 -5 10 7 9 14 24 7
10 12 7 -13 29 0 -1 16 -9 -11 -20 24 -16 -29 -7 5 -20 15 -9 3 29 -8 -8 10 -30 -3 10 4 22 7 3 17 1 15 -4 -12 -28 15 11 -8 -6 10 -41 7 24 31 -6 4 5 1 -1 -9 -2 2 -3 20 -18 -5 10 7 9 14 24 7
10 12 7 -13 29 0 -1 16 -9 -11 -20 24 -16 -29 -7 5 -20 15 -9 3 29 -8 -8 10 -30 -3 10 4 22 7 3 17 1 15 -4 -12 -28 15 11 -8 -6 10 -41 7 24 31 -6 4 5 1 -1 -9 -2 2 -3 20 -18 -5 10 7 9 14 24 7
10 12 7 -13 29 0 -1 16 -9 -11 -20 24 -16 -29 -7 5 -20 15 -9 3 29 -8 -8 10 -30 -3 10 4 22 7 3 17 1 15 -4 -12 -28 15 11 -8 -6 10 -41 7 24 31 -6 4 5 1 -1 -9 -2 2 -3 20 -18 -5 10 7 9 14 24 7
10 12 7 -13 29 0 -1 16 -9 -11 -20 24 -16 -29 -7 5 -20 15 -9 3 29 -8 -8 10 -30 -3 10 4 22 7 3 17 1 15 -4 -12 -28 15 11 -8 -6 10 -41 7 24 31 -6 4 5 1 -1 -9 -2 2 -3 20 -18 -5 10 7 9 14 24 7
10 12 7 -13 29 0 -1 16 -9 -11 -20 24 -16 -29 -7 5 -20 15 -9 3 29 -8 -8 10 -30 -3 10 4 22 7 3 17 1 15 -4 -12 -28 15 11 -8 -6 10 -41 7 24 31 -6 4 5 1 -1 -9 -2 2 -3 20 -18 -5 10 7 9 14 24 7
10 12 7 -13 29 0 -1 16 -9 -11 -20 24 -16 -29 -7 5 -20 15 -9 3 29 -8 -8 10 -30 -3 10 4 22 7 3 17 1 15 -4 -12 -28 15 11 -8 -6 10 -41 7 24 31 -6 4 5 1 -1 -9 -2 2 -3 20 -18 -5 10 7 9 14 24 7
10 12 7 -13 29 0 -1 16 -9 -11 -20 24 -16 -29 -7 5 -20 15 -9 3 29 -8 -8 10 -30 -3 10 4 22 7 3 17 1 15 -4 -12 -28 15 11 -8 -6 10 -41 7 24 31 -6 4 5 1 -1 -9 -2 2 -3 20 -18 -5 10 7 9 14 24 7
10 12 7 -13 29 0 -1 16 -9 -11 -20 24 -16 -29 -7 5 -20 15 -9 3 29 -8 -8 10 -30 -3 10 4 22 7 3 17 1 15 -4 -12 -28 15 11 -8 -6 10 -41 7 24 31 -6 4 5 1 -1 -9 -2 2 -3 20 -18 -5 10 7 9 14 24 7
10 12 7 -13 29 0 -1 16 -9 -11 -20 24 -16 -29 -7 5 -20 15 -9 3 29 -8 -8 10 -30 -3 10 4 22 7 3 17 1 15 -4 -12 -28 15 11 -8 -6 10 -41 7 24 31 -6 4 5 1 -1 -9 -2 2 -3 20 -18 -5 10 7 9 14 24 7
10 12 7 -13 29 0 -1 16 -9 -11 -20 24 -16 -29 -7 5 -20 15 -9 3 29 -8 -8 10 -30 -3 10 4 22 7 3 17 1 15 -4 -12 -28 15 11 -8 -6 10 -41 7 24 31 -6 4 5 1 -1 -9 -2 2 -3 20 -18 -5 10 7 9 14 24 7
10 12 7 -13 29 0 -1 16 -9 -11 -20 24 -16 -29 -7 5 -20 15 -9 3 29 -8 -8 10 -30 -3 10 4 22 7 3 17 1 15 -4 -12 -28 15 11 -8 -6 10 -41 7 24 31 -6 4 5 1 -1 -9 -2 2 -3 20 -18 -5 10 7 9 14 24 7
10 12 7 -13 29 0 -1 16 -9 -11 -20 24 -16 -29 -7 5 -20 15 -9 3 29 -8 -8 10 -30 -3 10 4 22 7 3 17 1 15 -4 -12 -28 15 11 -8 -6 10 -41 7 24 31 -6 4 5 1 -1 -9 -2 2 -3 20 -18 -5 10 7 9 14 24 7
10 12 7 -13 29 0 -1 16 -9 -11 -20 24 -16 -29 -7 5 -20 15 -9 3 29 -8 -8 10 -30 -3 10 4 22 7 3 17 1 15 -4 -12 -28 15 11 -8 -6 10 -41 7 24 31 -6 4 5 1 -1 -9 -2 2 -3 20 -18 -5 10 7 9 14 24 7
10 12 7 -13 29 0 -1 16 -9 -11 -20 24 -16 -29 -7 5 -20 15 -9 3 29 -8 -8 10 -30 -3 10 4 22 7 3 17 1 15 -4 -12 -28 15 11 -8 -6 10 -41 7 24 31 -6 4 5 1 -1 -9 -2 2 -3 20 -18 -5 10 7 9 14 24 7
10 12 7 -13 29 0 -1 16 -9 -11 -20 24 -16 -29 -7 5 -20 15 -9 3 29 -8 -8 10 -30 -3 10 4 22 7 3 17 1 15 -4 -12 -28 15 11 -8 -6 10 -41 7 24 31 -6 4 5 1 -1 -9 -2 2 -3 20 -18 -5 10 7 9 14 24 7
10 12 7 -13 29 0 -1 16 -9 -11 -20 24 -16 -29 -7 5 -20 15 -9 3 29 -8 -8 10 -30 -3 10 4 22 7 3 17 1 15 -4 -12 -28 15 11 -8 -6 10 -41 7 24 31 -6 4 5 1 -1 -9 -2 2 -3 20 -18 -5 10 7 9 14 24 7
10 12 7 -13 29 0 -1 16 -9 -11 -20 24 -16 -29 -7 5 -20 15 -9 3 29 -8 -8 10 -30 -3 10 4 22 7 3 17 1 15 -4 -12 -28 15 11 -8 -6 10 -41 7 24 31 -6 4 5 1 -1 -9 -2 2 -3 20 -18 -5 10 7 9 14 24 7
10 12 7 -13 29 0 -1 16 -9 -11 -20 24 -16 -29 -7 5 -20 15 -9 3 29 -8 -8 10 -30 -3 10 4 22 7 3 17 1 15 -4 -12 -28 15 11 -8 -6 10 -41 7 24 31 -6 4 5 1 -1 -9 -2 2 -3 20 -18 -5 10 7 9 14 24 7
10 12 7 -13 29 0 -1 16 -9 -11 -20 24 -16 -29 -7 5 -20 15 -9 3 29 -8 -8 10 -30 -3 10 4 22 7 3 17 1 15 -4 -12 -28 15 11 -8 -6 10 -41 7 24 31 -6 4 5 1 -1 -9 -2 2 -3 20 -18 -5 10 7 9 14 24 7
10 12 7 -13 29 0 -1 16 -9 -11 -20 24 -16 -29 -7 5 -20 15 -9 3 29 -8 -8 10 -30 -3 10 4 22 7 3 17 1 15 -4 -12 -28 15 11 -8 -6 10 -41 7 24 31 -6 4 5 1 -1 -9 -2 2 -3 20 -18 -5 10 7 9 14 24 7
10 12 7 -13 29 0 -1 16 -9 -11 -20 24 -16 -29 -7 5 -20 15 -9 3 29 -8 -8 10 -30 -3 10 4 22 7 3 17 1 15 -4 -12 -28 15 11 -8 -6 10 -41 7 24 31 -6 4 5 1 -1 -9 -2 2 -3 20 -18 -5 10 7 9 14 24 7
10 12 7 -13 29 0 -1 16 -9 -11 -20 24 -16 -29 -7 5 -20 15 -9 3 29 -8 -8 10 -30 -3 10 4 22 7 3 17 1 15 -4 -12 -28 15 11 -8 -6 10 -41 7 24 31 -6 4 5 1 -1 -9 -2 2 -3 20 -18 -5 10 7 9 14 24 7
10 12 7 -13 29 0 -1 16 -9 -11 -20 24 -16 -29 -7 5 -20 15 -9 3 29 -8 -8 10 -30 -3 10 4 22 7 3 17 1 15 -4 -12 -28 15 11 -8 -6 10 -41 7 24 31 -6 4 5 1 -1 -9 -2 2 -3 20 -18 -5 10 7 9 14 24 7
10 12 7 -13 29 0 -1 16 -9 -11 -20 24 -16 -29 -7 5 -20 15 -9 3 29 -8 -8 10 -30 -3 10 4 22 7 3 17 1 15 -4 -12 -28 15 11 -8 -6 10 -41 7 24 31 -6 4 5 1 -1 -9 -2 2 -3 20 -18 -5 10 7 9 14 24 7
10 12 7 -13 29 0 -1 16 -9 -11 -20 24 -16 -29 -7 5 -20 15 -9 3 29 -8 -8 10 -30 -3 10 4 22 7 3 17 1 15 -4 -12 -28 15 11 -8 -6 10 -41 7 24 31 -6 4 5 1 -1 -9 -2 2 -3 20 -18 -5 10 7 9 14 24 7
10 12 7 -13 29 0 -1 16 -9 -11 -20 24 -16 -29 -7 5 -20 15 -9 3 29 -8 -8 10 -30 -3 10 4 22 7 3 17 1 15 -4 -12 -28 15 11 -8 -6 10 -41 7 24 31 -6 4 5 1 -1 -9 -2 2 -3 20 -18 -5 10 7 9 14 24 7
10 12 7 -13 29 0 -1 16 -9 -11 -20 24 -16 -29 -7 5 -20 15 -9 3 29 -8 -8 10 -30 -3 10 4 22 7 3 17 1 15 -4 -12 -28 15 11 -8 -6 10 -41 7 24 31 -6 4 5 1 -1 -9 -2 2 -3 20 -18 -5 10 7 9 14 24 7
10 12 7 -13 29 0 -1 16 -9 -11 -20 24 -16 -29 -7 5 -20 15 -9 3 29 -8 -8 10 -30 -3 10 4 22 7 3 17 1 15 -4 -12 -28 15 11 -8 -6 10 -41 7 24 31 -6 4 5 1 -1 -9 -2 2 -3 20 -18 -5 10 7 9 14 24 7
10 12 7 -13 29 0 -1 16 -9 -11 -20 24 -16 -29 -7 5 -20 15 -9 3 29 -8 -8 10 -30 -3 10 4 22 7 3 17 1 15 -4 -12 -28 15 11 -8 -6 10 -41 7 24 31 -6 4 5 1 -1 -9 -2 2 -3 20 -18 -5 10 7 9 14 24 7
10 12 7 -13 29 0 -1 16 -9 -11 -20 24 -16 -29 -7 5 -20 15 -9 3 29 -8 -8 10 -30 -3 10 4 22 7 3 17 1 15 -4 -12 -28 15 11 -8 -6 10 -41 7 24 31 -6 4 5 1 -1 -9 -2 2 -3 20 -18 -5 10 7 9 14 24 7
10 12 7 -13 29 0 -1 16 -9 -11 -20 24 -16 -29 -7 5 -20 15 -9 3 29 -8 -8 10 -30 -3 10 4 22 7 3 17 1 15 -4 -12 -28 15 11 -8 -6 10 -41 7 24 31 -6 4 5 1 -1 -9 -2 2 -3 20 -18 -5 10 7 9 14 24 7
10 12 7 -13 29 0 -1 16 -9 -11 -20 24 -16 -29 -7 5 -20 15 -9 3 29 -8 -8 10 -30 -3 10 4 22 7 3 17 1 15 -4 -12 -28 15 11 -8 -6 10 -41 7 24 31 -6 4 5 1 -1 -9 -2 2 -3 20 -18 -5 10 7 9 14 24 7
10 12 7 -13 29 0 -1 16 -9 -11 -20 24 -16 -29 -7 5 -20 15 -9 3 29 -8 -8 10 -30 -3 10 4 22 7 3 17 1 15 -4 -12 -28 15 11 -8 -6 10 -41 7 24 31 -6 4 5 1 -1 -9 -2 2 -3 20 -18 -5 10 7 9 14 24 7
10 12 7 -13 29 0 -1 16 -9 -11 -20 24 -16 -29 -7 5 -20 15 -9 3 29 -8 -8 10 -30 -3 10 4 22 7 3 17 1 15 -4 -12 -28 15 11 -8 -6 10 -41 7 24 31 -6 4 5 1 -1 -9 -2 2 -3 20 -18 -5 10 7 9 14 24 7
10 12 7 -13 29 0 -1 16 -9 -11 -20 24 -16 -29 -7 5 -20 15 -9 3 29 -8 -8 10 -30 -3 10 4 22 7 3 17 1 15 -4 -12 -28 15 11 -8 -6 10 -41 7 24 31 -6 4 5 1 -1 -9 -2 2 -3 20 -18 -5 10 7 9 14 24 7
10 12 7 -13 29 0 -1 16 -9 -11 -20 24 -16 -29 -7 5 -20 15 -9 3 29 -8 -8 10 -30 -3 10 4 22 7 3 17 1 15 -4 -12 -28 15 11 -8 -6 10 -41 7 24 31 -6 4 5 1 -1 -9 -2 2 -3 20 -18 -5 10 7 9 14 24 7
10 12 7 -13 29 0 -1 16 -9 -11 -20 24 -16 -29 -7 5 -20 15 -9 3 29 -8 -8 10 -30 -3 10 4 22 7 3 17 1 15 -4 -12 -28 15 11 -8 -6 10 -41 7 24 31 -6 4 5 1 -1 -9 -2 2 -3 20 -18 -5 10 7 9 14 24 7
10 12 7 -13 29 0 -1 16 -9 -11 -20 24 -16 -29 -7 5 -20 15 -9 3 29 -8 -8 10 -30 -3 10 4 22 7 3 17 1 15 -4 -12 -28 15 11 -8 -6 10 -41 7 24 31 -6 4 5 1 -1 -9 -2 2 -3 20 -18 -5 10 7 9 14 24 7
10 12 7 -13 29 0 -1 16 -9 -11 -20 24 -16 -29 -7 5 -20 15 -9 3 29 -8 -8 10 -30 -3 10 4 22 7 3 17 1 15 -4 -12 -28 15 11 -8 -6 10 -41 7 24 31 -6 4 5 1 -1 -9 -2 2 -3 20 -18 -5 10 7 9 14 24 7
10 12 7 -13 29 0 -1 16 -9 -11 -20 24 -16 -29 -7 5 -20 15 -9 3 29 -8 -8 10 -30 -3 10 4 22 7 3 17 1 15 -4 -12 -28 15 11 -8 -6 10 -41 7 24 31 -6 4 5 1 -1 -9 -2 2 -3 20 -18 -5 10 7 9 14 24 7
10 12 7 -13 29 0 -1 16 -9 -11 -20 24 -16 -29 -7 5 -20 15 -9 3 29 -8 -8 10 -30 -3 10 4 22 7 3 17 1 15 -4 -12 -28 15 11 -8 -6 10 -41 7 24 31 -6 4 5 1 -1 -9 -2 2 -3 20 -18 -5 10 7 9 14 24 7
10 12 7 -13 29 0 -1 16 -9 -11 -20 24 -16 -29 -7 5 -20 15 -9 3 29 -8 -8 10 -30 -3 10 4 22 7 3 17 1 15 -4 -12 -28 15 11 -8 -6 10 -41 7 24 31 -6 4 5 1 -1 -9 -2 2 -3 20 -18 -5 10 7 9 14 24 7
10 12 7 -13 29 0 -1 16 -9 -11 -20 24 -16 -29 -7 5 -20 15 -9 3 29 -8 -8 10 -30 -3 10 4 22 7 3 17 1 15 -4 -12 -28 15 11 -8 -6 10 -41 7 24 31 -6 4 5 1 -1 -9 -2 2 -3 20 -18 -5 10 7 9 14 24 7
10 12 7 -13 29 0 -1 16 -9 -11 -20 24 -16 -29 -7 5 -20 15 -9 3 29 -8 -8 10 -30 -3 10 4 22 7 3 17 1 15 -4 -12 -28 15 11 -8 -6 10 -41 7 24 31 -6 4 5 1 -1 -9 -2 2 -3 20 -18 -5 10 7 9 14 24 7
10 12 7 -13 29 0 -1 16 -9 -11 -20 24 -16 -29 -7 5 -20 15 -9 3 29 -8 -8 10 -30 -3 10 4 22 7 3 17 1 15 -4 -12 -28 15 11 -8 -6 10 -41 7 24 31 -6 4 5 1 -1 -9 -2 2 -3 20 -18 -5 10 7 9 14 24 7
10 12 7 -13 29 0 -1 16 -9 -11 -20 24 -16 -29 -7 5 -20 15 -9 3 29 -8 -8 10 -30 -3 10 4 22 7 3 17 1 15 -4 -12 -28 15 11 -8 -6 10 -41 7 24 31 -6 4 5 1 -1 -9 -2 2 -3 20 -18 -5 10 7 9 14 24 7
10 12 7 -13 29 0 -1 16 -9 -11 -20 24 -16 -29 -7 5 -20 15 -9 3 29 -8 -8 10 -30 -3 10 4 22 7 3 17 1 15 -4 -12 -28 15 11 -8 -6 10 -41 7 24 31 -6 4 5 1 -1 -9 -2 2 -3 20 -18 -5 10 7 9 14 24 7
10 12 7 -13 29 0 -1 16 -9 -11 -20 24 -16 -29 -7 5 -20 15 -9 3 29 -8 -8 10 -30 -3 10 4 22 7 3 17 1 15 -4 -12 -28 15 11 -8 -6 10 -41 7 24 31 -6 4 5 1 -1 -9 -2 2 -3 20 -18 -5 10 7 9 14 24 7
10 12 7 -13 29 0 -1 16 -9 -11 -20 24 -16 -29 -7 5 -20 15 -9 3 29 -8 -8 10 -30 -3 10 4 22 7 3 17 1 15 -4 -12 -28 15 11 -8 -6 10 -41 7 24 31 -6 4 5 1 -1 -9 -2 2 -3 20 -18 -5 10 7 9 14 24 7
10 12 7 -13 29 0 -1 16 -9 -11 -20 24 -16 -29 -7 5 -20 15 -9 3 29 -8 -8 10 -30 -3 10 4 22 7 3 17 1 15 -4 -12 -28 15 11 -8 -6 10 -41 7 24 31 -6 4 5 1 -1 -9 -2 2 -3 20 -18 -5 10 7 9 14 24 7
10 12 7 -13 29 0 -1 16 -9 -11 -20 24 -16 -29 -7 5 -20 15 -9 3 29 -8 -8 10 -30 -3 10 4 22 7 3 17 1 15 -4 -12 -28 15 11 -8 -6 10 -41 7 24 31 -6 4 5 1 -1 -9 -2 2 -3 20 -18 -5 10 7 9 14 24 7
10 12 7 -13 29 0 -1 16 -9 -11 -20 24 -16 -29 -7 5 -20 15 -9 3 29 -8 -8 10 -30 -3 10 4 22 7 3 17 1 15 -4 -12 -28 15 11 -8 -6 10 -41 7 24 31 -6 4 5 1 -1 -9 -2 2 -3 20 -18 -5 10 7 9 14 24 7
10 12 7 -13 29 0 -1 16 -9 -11 -20 24 -16 -29 -7 5 -20 15 -9 3 29 -8 -8 10 -30 -3 10 4 22 7 3 17 1 15 -4 -12 -28 15 11 -8 -6 10 -41 7 24 31 -6 4 5 1 -1 -9 -2 2 -3 20 -18 -5 10 7 9 14 24 7
10 12 7 -13 29 0 -1 16 -9 -11 -20 24 -16 -29 -7 5 -20 15 -9 3 29 -8 -8 10 -30 -3 10 4 22 7 3 17 1 15 -4 -12 -28 15 11 -8 -6 10 -41 7 24 31 -6 4 5 1 -1 -9 -2 2 -3 20 -18 -5 10 7 9 14 24 7
10 12 7 -13 29 0 -1 16 -9 -11 -20 24 -16 -29 -7 5 -20 15 -9 3 29 -8 -8 10 -30 -3 10 4 22 7 3 17 1 15 -4 -12 -28 15 11 -8 -6 10 -41 7 24 31 -6 4 5 1 -1 -9 -2 2 -3 20 -18 -5 10 7 9 14 24 7
10 12 7 -13 29 0 -1 16 -9 -11 -20 24 -16 -29 -7 5 -20 15 -9 3 29 -8 -8 10 -30 -3 10 4 22 7 3 17 1 15 -4 -12 -28 15 11 -8 -6 10 -41 7 24 31 -6 4 5 1 -1 -9 -2 2 -3 20 -18 -5 10 7 9 14 24 7
10 12 7 -13 29 0 -1 16 -9 -11 -20 24 -16 -29 -7 5 -20 15 -9 3 29 -8 -8 10 -30 -3 10 4 22 7 3 17 1 15 -4 -12 -28 15 11 -8 -6 10 -41 7 24 31 -6 4 5 1 -1 -9 -2 2 -3 20 -18 -5 10 7 9 14 24 7
10 12 7 -13 29 0 -1 16 -9 -11 -20 24 -16 -29 -7 5 -20 15 -9 3 29 -8 -8 10 -30 -3 10 4 22 7 3 17 1 15 -4 -12 -28 15 11 -8 -6 10 -41 7 24 31 -6 4 5 1 -1 -9 -2 2 -3 20 -18 -5 10 7 9 14 24 7
10 12 7 -13 29 0 -1 16 -9 -11 -20 24 -16 -29 -7 5 -20 15 -9 3 29 -8 -8 10 -30 -3 10 4 22 7 3 17 1 15 -4 -12 -28 15 11 -8 -6 10 -41 7 24 31 -6 4 5 1 -1 -9 -2 2 -3 20 -18 -5 10 7 9 14 24 7
10 12 7 -13 29 0 -1 16 -9 -11 -20 24 -16 -29 -7 5 -20 15 -9 3 29 -8 -8 10 -30 -3 10 4 22 7 3 17 1 15 -4 -12 -28 15 11 -8 -6 10 -41 7 24 31 -6 4 5 1 -1 -9 -2 2 -3 20 -18 -5 10 7 9 14 24 7
10 12 7 -13 29 0 -1 16 -9 -11 -20 24 -16 -29 -7 5 -20 15 -9 3 29 -8 -8 10 -30 -3 10 4 22 7 3 17 1 15 -4 -12 -28 15 11 -8 -6 10 -41 7 24 31 -6 4 5 1 -1 -9 -2 2 -3 20 -18 -5 10 7 9 14 24 7
10 12 7 -13 29 0 -1 16 -9 -11 -20 24 -16 -29 -7 5 -20 15 -9 3 29 -8 -8 10 -30 -3 10 4 22 7 3 17 1 15 -4 -12 -28 15 11 -8 -6 10 -41 7 24 31 -6 4 5 1 -1 -9 -2 2 -3 20 -18 -5 10 7 9 14 24 7
10 12 7 -13 29 0 -1 16 -9 -11 -20 24 -16 -29 -7 5 -20 15 -9 3 29 -8 -8 10 -30 -3 10 4 22 7 3 17 1 15 -4 -12 -28 15 11 -8 -6 10 -41 7 24 31 -6 4 5 1 -1 -9 -2 2 -3 20 -18 -5 10 7 9 14 24 7
10 12 7 -13 29 0 -1 16 -9 -11 -20 24 -16 -29 -7 5 -20 15 -9 3 29 -8 -8 10 -30 -3 10 4 22 7 3 17 1 15 -4 -12 -28 15 11 -8 -6 10 -41 7 24 31 -6 4 5 1 -1 -9 -2 2 -3 20 -18 -5 10 7 9 14 24 7
10 12 7 -13 29 0 -1 16 -9 -11 -20 24 -16 -29 -7 5 -20 15 -9 3 29 -8 -8 10 -30 -3 10 4 22 7 3 17 1 15 -4 -12 -28 15 11 -8 -6 10 -41 7 24 31 -6 4 5 1 -1 -9 -2 2 -3 20 -18 -5 10 7 9 14 24 7
10 12 7 -13 29 0 -1 16 -9 -11 -20 24 -16 -29 -7 5 -20 15 -9 3 29 -8 -8 10 -30 -3 10 4 22 7 3 17 1 15 -4 -12 -28 15 11 -8 -6 10 -41 7 24 31 -6 4 5 1 -1 -9 -2 2 -3 20 -18 -5 10 7 9 14 24 7
10 12 7 -13 29 0 -1 16 -9 -11 -20 24 -16 -29 -7 5 -20 15 -9 3 29 -8 -8 10 -30 -3 10 4 22 7 3 17 1 15 -4 -12 -28 15 11 -8 -6 10 -41 7 24 31 -6 4 5 1 -1 -9 -2 2 -3 20 -18 -5 10 7 9 14 24 7
10 12 7 -13 29 0 -1 16 -9 -11 -20 24 -16 -29 -7 5 -20 15 -9 3 29 -8 -8 10 -30 -3 10 4 22 7 3 17 1 15 -4 -12 -28 15 11 -8 -6 10 -41 7 24 31 -6 4 5 1 -1 -9 -2 2 -3 20 -18 -5 10 7 9 14 24 7
10 12 7 -13 29 0 -1 16 -9 -11 -20 24 -16 -29 -7 5 -20 15 -9 3 29 -8 -8 10 -30 -3 10 4 22 7 3 17 1 15 -4 -12 -28 15 11 -8 -6 10 -41 7 24 31 -6 4 5 1 -1 -9 -2 2 -3 20 -18 -5 10 7 9 14 24 7
10 12 7 -13 29 0 -1 16 -9 -11 -20 24 -16 -29 -7 5 -20 15 -9 3 29 -8 -8 10 -30 -3 10 4 22 7 3 17 1 15 -4 -12 -28 15 11 -8 -6 10 -41 7 24 31 -6 4 5 1 -1 -9 -2 2 -3 20 -18 -5 10 7 9 14 24 7
10 12 7 -13 29 0 -1 16 -9 -11 -20 24 -16 -29 -7 5 -20 15 -9 3 29 -8 -8 10 -30 -3 10 4 22 7 3 17 1 15 -4 -12 -28 15 11 -8 -6 10 -41 7 24 31 -6 4 5 1 -1 -9 -2 2 -3 20 -18 -5 10 7 9 14 24 7
10 12 7 -13 29 0 -1 16 -9 -11 -20 24 -16 -29 -7 5 -20 15 -9 3 29 -8 -8 10 -30 -3 10 4 22 7 3 17 1 15 -4 -12 -28 15 11 -8 -6 10 -41 7 24 31 -6 4 5 1 -1 -9 -2 2 -3 20 -18 -5 10 7 9 14 24 7
10 12 7 -13 29 0 -1 16 -9 -11 -20 24 -16 -29 -7 5 -20 15 -9 3 29 -8 -8 10 -30 -3 10 4 22 7 3 17 1 15 -4 -12 -28 15 11 -8 -6 10 -41 7 24 31 -6 4 5 1 -1 -9 -2 2 -3 20 -18 -5 10 7 9 14 24 7
10 12 7 -13 29 0 -1 16 -9 -11 -20 24 -16 -29 -7 5 -20 15 -9 3 29 -8 -8 10 -30 -3 10 4 22 7 3 17 1 15 -4 -12 -28 15 11 -8 -6 10 -41 7 24 31 -6 4 5 1 -1 -9 -2 2 -3 20 -18 -5 10 7 9 14 24 7
