6 8 -23 3 2 15 -9 40 -8 0 -2 7 0 10 -15 13 11 -3 2 -7 3 2 -2 8 -12 65 -10 -2 -5 -5 1 -13 11 4 5 -2 -3 3 -3 -3 -26 -1 -2 -2 4 -40 7 7 -5 -1 12 -1 2 5 -12 -12 -2 -6 4 -4 -9 -7 2 4
-20 8 17 22 -17 18 -22 -48 -20 -17 -5 -26 1 20 -10 37 7 -12 -12 4 -9 6 3 70 23 -10 -7 2 -8 9 10 -32 37 4 4 -31 -1 -2 1 24 18 21 27 -8 11 58 34 -13 -9 2 16 1 9 17 -9 14 3 -9 -3 -16 -1 -9 -16 11
-14 13 -11 17 -7 9 -2 -50 -4 -12 -7 -6 -15 21 -1 20 1 -20 6 -6 -6 5 11 69 15 -9 3 1 -13 10 -8 -18 29 21 10 -36 -8 -11 0 -4 20 17 25 -17 -11 43 18 -26 -8 13 13 -2 15 8 -23 10 -8 -13 0 1 -17 -2 -13 13
-11 5 -7 16 -5 8 2 -39 -11 -11 -6 -10 3 19 -6 24 -2 -18 2 -6 -6 5 -6 77 19 -11 -4 -12 -11 7 6 -28 27 13 -1 -33 3 -7 -4 -13 33 12 10 -1 -8 43 15 -15 4 1 19 1 14 23 -12 -1 -10 0 8 -11 -22 -7 -4 5
-22 -8 -19 15 -5 20 -12 -42 -17 -16 -7 -1 2 18 -5 25 6 -22 -1 9 -6 4 0 59 31 -11 0 -12 -11 -1 3 -18 25 0 -5 -36 -8 -17 -1 -2 39 11 -4 -3 6 31 23 -15 -17 -7 6 -8 6 13 -19 6 -9 -8 0 -10 -17 -4 -3 -12
-26 3 -22 17 10 17 -2 -38 -3 -22 -1 -13 -2 12 -5 24 -7 -18 -2 7 1 2 -5 70 18 -6 4 -12 -10 -5 7 -19 23 10 11 -22 -13 -17 9 -13 36 -7 11 3 -2 24 4 -27 -13 -16 -1 0 13 12 -14 4 -18 0 -5 -3 -20 -9 -15 -17
-21 9 -22 18 2 16 -5 -44 -21 -9 4 -3 2 12 -7 23 5 -16 6 4 2 -9 6 74 27 -14 0 -22 -7 -14 -1 -31 33 5 7 -25 -9 -17 4 -6 40 -2 6 -13 -1 26 11 -22 1 2 21 4 10 8 -17 -1 -8 -11 -7 1 -11 -6 -22 -6
-10 13 -21 19 -2 1 -1 -32 -9 -14 5 -16 3 25 -10 23 7 -21 3 -4 13 3 -6 63 16 -9 -3 -14 -9 -7 -2 -24 36 7 12 -17 2 -2 -13 -1 48 10 16 3 -7 24 7 -24 5 -5 10 7 15 2 -11 7 -16 -13 -8 -7 -18 -3 -12 7
-18 14 -10 21 1 11 -8 -41 -14 -16 -1 -8 -9 16 -16 22 -3 -25 -4 -2 8 1 -9 57 9 -23 -6 -15 -14 -6 7 -34 30 0 14 -25 -5 1 -3 -2 54 20 18 12 -24 20 13 -24 4 -7 18 0 27 13 -18 5 1 -34 -16 -14 -4 -9 -22 -4
-15 -10 3 20 -1 7 7 -27 -7 -26 -4 -20 5 19 -15 29 10 -23 -15 2 6 9 12 66 22 -15 -1 -13 -12 -12 -8 -20 21 -2 9 -39 3 1 0 -24 58 21 13 -10 -5 30 13 -16 -21 1 28 3 1 13 -19 -9 -4 -17 11 -9 -19 -10 -19 -16
-13 17 -1 27 -14 23 2 -35 -14 -23 -1 -3 7 14 -7 31 -12 -19 -5 4 -4 5 -18 57 5 -26 -14 -9 3 -3 4 -39 35 8 -4 -31 -8 5 -4 -7 67 21 9 8 -23 24 21 -23 -1 -7 14 4 15 20 -13 6 -2 -31 10 -4 3 -2 -20 5
-18 16 -4 17 -8 10 6 -40 -14 -21 4 -6 0 11 -14 32 8 -8 -5 -7 -8 0 -10 56 7 -1 0 -4 -11 -9 9 -31 8 15 -1 -23 2 7 12 -6 56 13 6 -7 -22 8 -1 -18 -2 7 13 3 11 0 -25 -2 4 -36 9 -2 -13 -5 -22 8
-5 7 15 13 -2 17 3 -48 -14 -7 -2 -8 -3 19 -17 27 -2 -14 -2 -3 -3 -5 -14 63 16 -16 -12 -13 -25 -13 8 -34 23 9 2 -33 3 12 -7 -15 68 17 -18 -5 -15 19 -7 -10 13 -2 21 4 20 18 -8 -19 -9 -25 11 -14 -15 -12 -4 7
-18 5 3 12 -1 8 -1 -56 -11 -15 2 -4 9 28 -23 30 -5 -12 -4 5 2 -2 0 40 13 2 -2 -3 -15 -13 9 -26 10 7 13 -31 -9 12 -20 -9 56 16 -15 -3 -14 15 6 -21 -13 -12 13 -5 19 0 -22 -5 -24 -34 0 -5 -12 -6 -18 0
-10 -9 16 11 -6 5 5 -47 -9 -22 -12 -9 3 16 -13 24 7 -25 -4 -8 5 5 -1 53 12 -5 -8 5 -13 -24 -19 -17 1 -6 10 -31 0 22 4 -15 58 16 -21 -13 -9 19 4 -6 -15 15 30 1 9 9 -2 -17 -12 -23 2 -15 -20 -5 -13 -10
-18 11 15 24 -18 7 10 -53 -16 -8 -12 3 -2 6 -8 24 -2 -20 8 -6 7 1 -12 50 5 -9 -28 2 -6 -17 -10 -40 7 3 -3 -27 -14 27 3 -14 62 29 -27 -12 -19 14 -6 -14 5 0 14 -15 23 2 -6 -7 -10 -31 -4 -16 -10 8 -12 -1
-11 8 4 14 -12 8 7 -58 -21 -7 -9 1 17 15 -8 16 5 -7 -19 -5 0 -7 -3 47 11 -5 2 12 -3 -18 0 -24 6 15 8 -22 -7 25 1 -13 50 23 -10 -1 -13 8 -17 -17 -13 3 11 -15 23 -9 -18 1 -15 -45 -10 -6 0 4 -7 3
7 0 39 21 -1 18 6 -46 -4 -7 0 -1 9 16 -9 28 -1 -13 -2 -3 -4 7 10 50 0 -23 -4 3 -13 -9 1 -33 10 -1 6 -30 -2 25 -7 -12 50 13 -11 -13 -7 18 -14 -15 -4 9 10 2 12 -3 -20 -2 -5 -44 -12 0 -4 -4 0 15
-4 10 27 25 4 1 2 -58 -12 -16 -12 -9 21 19 -8 18 -12 -7 -10 -7 -2 1 -6 47 6 -13 -2 4 -8 -16 -9 -30 4 12 4 -29 6 27 -1 -19 50 2 -13 -12 -17 1 -1 -26 -1 -2 8 -5 19 -14 -17 2 -5 -48 -13 0 3 -2 -8 -5
-3 7 29 14 -4 5 6 -53 -11 -14 -13 -3 3 9 -11 16 -7 -18 -6 -7 6 7 -4 40 16 -4 1 2 -15 -19 -13 -22 3 10 -1 -32 5 23 8 -16 37 9 -10 -8 -14 -5 2 -21 -7 -8 8 5 18 -9 -19 6 -22 -48 -8 -12 -1 -8 -9 3
-4 5 33 21 -10 15 -12 -41 -15 -8 0 -11 3 18 -14 29 6 -16 -2 -12 7 -8 -4 36 7 3 0 9 -8 -14 -2 -25 4 8 2 -30 -8 27 -14 -10 42 12 -6 -13 -23 4 -6 -13 3 2 21 0 11 -13 -23 12 -12 -50 -6 -10 -10 0 -8 10
-1 1 49 13 -6 20 -1 -14 -14 -20 1 -3 5 12 1 39 -2 -18 -10 -1 2 -9 -10 39 15 6 -1 11 -27 0 7 -23 2 3 4 -29 -8 30 1 -10 26 14 -13 -21 -21 20 0 -6 -10 7 22 0 2 -2 -21 22 -8 -30 -9 -6 -20 -8 -12 4
6 6 33 7 -7 11 4 -20 -6 -14 -3 1 -4 9 -14 35 -4 -13 -14 -4 6 -8 4 37 17 8 -9 15 -30 4 10 -27 -6 20 11 -22 6 23 6 -3 26 4 -12 -10 -25 7 4 -5 -1 1 7 -17 19 1 -15 20 -10 -22 -14 0 -5 1 -2 0
5 -4 44 13 -11 9 15 -18 -5 -5 -10 1 -4 17 -19 46 -7 -18 -6 -7 -2 -2 -3 47 5 -8 -5 25 -31 -7 -4 -25 -3 20 6 -28 -3 26 1 8 30 7 -19 -7 -28 15 7 -9 -5 8 19 -22 24 -7 -6 32 -12 -13 -22 -4 -15 0 -10 -5
-1 4 45 24 -11 24 6 -27 0 -20 -4 0 -4 4 -26 46 -6 -8 -5 -15 -4 6 4 54 16 -19 -15 34 -17 -3 -11 -20 -11 8 19 -29 -8 17 4 -3 23 4 -16 -21 -20 14 2 -7 -11 3 17 1 24 17 -11 31 -5 -9 -25 -11 -22 0 -18 -6
10 -2 32 28 -3 13 13 -22 -11 -12 -4 3 -3 23 -18 28 3 -10 3 -5 -1 0 -10 52 16 -27 -12 33 -22 6 5 -25 -1 17 0 -28 10 10 2 -17 29 5 -21 -4 -17 -4 -4 -8 8 6 21 1 20 3 -1 23 -15 -2 -20 -12 -13 6 2 1
0 -11 30 20 -6 23 -1 -23 -11 -21 -7 4 0 14 -17 33 7 -16 -4 12 -4 3 0 41 30 -30 -3 20 -15 7 8 -17 8 5 1 -35 -4 -9 1 -5 31 11 -23 -16 -3 -19 9 -8 -9 -5 6 -6 13 -2 -12 37 -9 2 -19 -11 -13 6 4 -12
-5 -3 20 23 9 21 13 -18 -5 -27 1 0 1 12 -19 30 -3 -9 -6 3 4 3 -6 40 21 -23 0 15 -24 -1 5 -19 9 12 12 -29 -10 -4 13 -17 32 -9 -8 -9 -10 -26 -12 -24 -8 -13 -4 -3 16 -3 -13 40 -20 8 -16 -6 -15 0 -8 -17
-3 7 35 19 -4 21 8 -27 -14 -11 3 5 1 6 -29 29 9 -10 -5 0 6 -13 4 44 20 -32 -6 20 -15 -6 2 -32 12 9 11 -35 -10 -9 4 -10 26 3 -15 -21 -11 -28 -8 -11 1 3 22 4 21 -4 -13 39 -7 3 -9 -4 -7 1 -11 -3
3 15 25 18 -3 6 9 -22 -2 -17 6 -7 2 21 -31 29 6 -15 -1 -1 13 -3 -10 39 13 -28 -5 23 -15 3 3 -28 19 11 12 -29 3 -2 -21 -1 27 9 -6 -4 -27 -26 -6 -16 6 6 11 8 24 -5 -4 43 -14 7 -2 -12 -13 3 -11 7
2 9 32 15 0 14 3 -28 -11 -14 0 0 -13 19 -49 27 -1 -19 -4 -4 8 2 -10 23 4 -32 -14 26 -23 4 8 -29 18 6 13 -37 -7 -8 6 -6 40 12 -3 -5 -45 -18 -2 -17 1 -1 12 0 33 10 -16 38 0 4 -12 -18 -1 -7 -14 2
11 10 32 18 -7 28 13 -26 -14 -29 -2 8 0 9 -41 21 -8 -20 -2 -5 4 -7 -8 26 0 -32 -10 29 -3 8 5 -38 12 15 0 -26 -3 4 0 -11 41 14 -22 3 -49 -17 3 -5 -9 -2 8 10 25 14 -12 38 10 5 2 -10 2 0 -13 4
-6 9 19 11 -5 11 18 -20 -6 -23 8 1 3 12 -42 23 12 -5 -7 -8 -7 6 2 21 2 -8 -1 30 -5 2 11 -30 8 9 7 -15 3 -3 13 -10 31 4 -19 -6 -43 -22 -11 -6 -1 4 12 1 13 -3 -18 29 10 12 -1 -4 -7 2 -13 2
7 5 35 13 0 3 10 -18 -7 -22 -7 -9 -6 16 -50 19 8 -8 3 -13 10 9 0 20 3 -9 -4 32 -19 -1 3 -40 19 11 0 -15 -4 0 -7 -28 34 8 -26 -2 -29 -10 -14 -3 1 -4 22 6 28 -4 -2 13 -11 35 -5 -15 -3 7 -11 -9
2 7 19 18 -13 13 21 -37 -17 -12 -12 5 14 11 -52 6 4 -3 -20 -5 -4 -2 1 23 5 -20 0 40 10 -4 1 -27 14 13 7 -22 -4 -2 2 -17 56 13 -21 0 -22 -16 -15 -9 -16 6 15 -12 26 -13 -21 24 -8 18 -12 -5 0 7 -1 1
12 -4 42 17 -2 22 15 -21 0 -7 -1 0 11 15 -50 19 -1 -9 -11 -5 -3 7 20 27 -4 -36 -10 31 6 -1 -5 -33 23 -3 9 -21 0 -8 -4 -16 54 5 -22 -10 -15 -3 -11 -10 -16 5 14 2 19 -6 -16 11 0 21 -12 1 -3 0 2 12
-3 11 28 24 8 6 15 -31 -7 -19 -8 -2 20 15 -54 4 -6 -5 -16 -5 2 7 3 19 4 -22 -9 34 9 -5 -11 -34 18 11 5 -21 11 -7 -3 -16 59 -6 -21 -4 -26 -24 -7 -15 -6 1 9 -2 22 -16 -14 17 -3 22 -10 -2 7 -1 0 -8
-2 3 25 10 -7 6 17 -28 -8 -14 -11 0 1 2 -55 -1 -7 -17 -12 -8 12 11 7 7 13 -10 -1 22 8 -2 -15 -22 22 13 0 -21 5 -10 5 -17 41 0 -19 -3 -17 -25 -2 -17 -9 -7 6 6 21 -10 -16 16 -14 21 -10 -15 5 -2 -6 2
0 5 30 18 -7 17 -2 -18 -8 -13 1 -10 4 14 -60 16 6 -15 -8 -10 9 1 8 6 -1 -11 -2 19 16 1 -4 -28 28 7 7 -15 -4 -10 -17 -12 43 1 -17 -3 -24 -21 -6 -2 -1 -1 19 3 13 -20 -22 19 -6 21 -5 -12 -6 6 -6 10
5 0 45 7 -6 22 7 -5 -9 -24 -1 -2 5 8 -56 27 -5 -17 -19 -5 7 -10 10 3 11 -7 -5 22 7 22 4 -29 28 3 8 -20 -1 -10 0 -9 36 2 -15 -7 -14 7 -4 0 -10 11 20 0 5 -14 -21 12 -1 32 3 -9 -13 1 -11 2
12 8 31 -1 -3 6 7 -14 -6 -15 -2 7 -6 5 -55 17 -2 -8 -21 -4 5 -11 14 3 14 2 -6 22 -6 20 2 -25 14 16 18 -17 12 2 7 -3 24 -6 -13 -4 -20 -1 3 2 -2 -1 7 -15 15 -7 -12 10 -5 17 -3 2 0 -1 -2 1
16 10 19 0 4 15 -9 -29 -13 -3 -4 3 -4 14 -22 3 9 -12 2 1 -1 5 -2 24 -2 -22 -7 20 -10 5 1 -26 16 -3 9 -3 -8 -13 2 4 23 -1 11 -1 20 24 10 -6 -10 -1 15 4 5 10 -20 7 -18 -8 8 -9 -10 -12 6 7
16 10 19 0 4 15 -9 -29 -13 -3 -4 3 -4 14 -22 3 9 -12 2 1 -1 5 -2 24 -2 -22 -7 20 -10 5 1 -26 16 -3 9 -3 -8 -13 2 4 23 -1 11 -1 20 24 10 -6 -10 -1 15 4 5 10 -20 7 -18 -8 8 -9 -10 -12 6 7
16 10 19 0 4 15 -9 -29 -13 -3 -4 3 -4 14 -22 3 9 -12 2 1 -1 5 -2 24 -2 -22 -7 20 -10 5 1 -26 16 -3 9 -3 -8 -13 2 4 23 -1 11 -1 20 24 10 -6 -10 -1 15 4 5 10 -20 7 -18 -8 8 -9 -10 -12 6 7
16 10 19 0 4 15 -9 -29 -13 -3 -4 3 -4 14 -22 3 9 -12 2 1 -1 5 -2 24 -2 -22 -7 20 -10 5 1 -26 16 -3 9 -3 -8 -13 2 4 23 -1 11 -1 20 24 10 -6 -10 -1 15 4 5 10 -20 7 -18 -8 8 -9 -10 -12 6 7
16 10 19 0 4 15 -9 -29 -13 -3 -4 3 -4 14 -22 3 9 -12 2 1 -1 5 -2 24 -2 -22 -7 20 -10 5 1 -26 16 -3 9 -3 -8 -13 2 4 23 -1 11 -1 20 24 10 -6 -10 -1 15 4 5 10 -20 7 -18 -8 8 -9 -10 -12 6 7
16 10 19 0 4 15 -9 -29 -13 -3 -4 3 -4 14 -22 3 9 -12 2 1 -1 5 -2 24 -2 -22 -7 20 -10 5 1 -26 16 -3 9 -3 -8 -13 2 4 23 -1 11 -1 20 24 10 -6 -10 -1 15 4 5 10 -20 7 -18 -8 8 -9 -10 -12 6 7
16 10 19 0 4 15 -9 -29 -13 -3 -4 3 -4 14 -22 3 9 -12 2 1 -1 5 -2 24 -2 -22 -7 20 -10 5 1 -26 16 -3 9 -3 -8 -13 2 4 23 -1 11 -1 20 24 10 -6 -10 -1 15 4 5 10 -20 7 -18 -8 8 -9 -10 -12 6 7
16 10 19 0 4 15 -9 -29 -13 -3 -4 3 -4 14 -22 3 9 -12 2 1 -1 5 -2 24 -2 -22 -7 20 -10 5 1 -26 16 -3 9 -3 -8 -13 2 4 23 -1 11 -1 20 24 10 -6 -10 -1 15 4 5 10 -20 7 -18 -8 8 -9 -10 -12 6 7
16 10 19 0 4 15 -9 -29 -13 -3 -4 3 -4 14 -22 3 9 -12 2 1 -1 5 -2 24 -2 -22 -7 20 -10 5 1 -26 16 -3 9 -3 -8 -13 2 4 23 -1 11 -1 20 24 10 -6 -10 -1 15 4 5 10 -20 7 -18 -8 8 -9 -10 -12 6 7
16 10 19 0 4 15 -9 -29 -13 -3 -4 3 -4 14 -22 3 9 -12 2 1 -1 5 -2 24 -2 -22 -7 20 -10 5 1 -26 16 -3 9 -3 -8 -13 2 4 23 -1 11 -1 20 24 10 -6 -10 -1 15 4 5 10 -20 7 -18 -8 8 -9 -10 -12 6 7
16 10 19 0 4 15 -9 -29 -13 -3 -4 3 -4 14 -22 3 9 -12 2 1 -1 5 -2 24 -2 -22 -7 20 -10 5 1 -26 16 -3 9 -3 -8 -13 2 4 23 -1 11 -1 20 24 10 -6 -10 -1 15 4 5 10 -20 7 -18 -8 8 -9 -10 -12 6 7
16 10 19 0 4 15 -9 -29 -13 -3 -4 3 -4 14 -22 3 9 -12 2 1 -1 5 -2 24 -2 -22 -7 20 -10 5 1 -26 16 -3 9 -3 -8 -13 2 4 23 -1 11 -1 20 24 10 -6 -10 -1 15 4 5 10 -20 7 -18 -8 8 -9 -10 -12 6 7
16 10 19 0 4 15 -9 -29 -13 -3 -4 3 -4 14 -22 3 9 -12 2 1 -1 5 -2 24 -2 -22 -7 20 -10 5 1 -26 16 -3 9 -3 -8 -13 2 4 23 -1 11 -1 20 24 10 -6 -10 -1 15 4 5 10 -20 7 -18 -8 8 -9 -10 -12 6 7
16 10 19 0 4 15 -9 -29 -13 -3 -4 3 -4 14 -22 3 9 -12 2 1 -1 5 -2 24 -2 -22 -7 20 -10 5 1 -26 16 -3 9 -3 -8 -13 2 4 23 -1 11 -1 20 24 10 -6 -10 -1 15 4 5 10 -20 7 -18 -8 8 -9 -10 -12 6 7
16 10 19 0 4 15 -9 -29 -13 -3 -4 3 -4 14 -22 3 9 -12 2 1 -1 5 -2 24 -2 -22 -7 20 -10 5 1 -26 16 -3 9 -3 -8 -13 2 4 23 -1 11 -1 20 24 10 -6 -10 -1 15 4 5 10 -20 7 -18 -8 8 -9 -10 -12 6 7
16 10 19 0 4 15 -9 -29 -13 -3 -4 3 -4 14 -22 3 9 -12 2 1 -1 5 -2 24 -2 -22 -7 20 -10 5 1 -26 16 -3 9 -3 -8 -13 2 4 23 -1 11 -1 20 24 10 -6 -10 -1 15 4 5 10 -20 7 -18 -8 8 -9 -10 -12 6 7
16 10 19 0 4 15 -9 -29 -13 -3 -4 3 -4 14 -22 3 9 -12 2 1 -1 5 -2 24 -2 -22 -7 20 -10 5 1 -26 16 -3 9 -3 -8 -13 2 4 23 -1 11 -1 20 24 10 -6 -10 -1 15 4 5 10 -20 7 -18 -8 8 -9 -10 -12 6 7
16 10 19 0 4 15 -9 -29 -13 -3 -4 3 -4 14 -22 3 9 -12 2 1 -1 5 -2 24 -2 -22 -7 20 -10 5 1 -26 16 -3 9 -3 -8 -13 2 4 23 -1 11 -1 20 24 10 -6 -10 -1 15 4 5 10 -20 7 -18 -8 8 -9 -10 -12 6 7
16 10 19 0 4 15 -9 -29 -13 -3 -4 3 -4 14 -22 3 9 -12 2 1 -1 5 -2 24 -2 -22 -7 20 -10 5 1 -26 16 -3 9 -3 -8 -13 2 4 23 -1 11 -1 20 24 10 -6 -10 -1 15 4 5 10 -20 7 -18 -8 8 -9 -10 -12 6 7
16 10 19 0 4 15 -9 -29 -13 -3 -4 3 -4 14 -22 3 9 -12 2 1 -1 5 -2 24 -2 -22 -7 20 -10 5 1 -26 16 -3 9 -3 -8 -13 2 4 23 -1 11 -1 20 24 10 -6 -10 -1 15 4 5 10 -20 7 -18 -8 8 -9 -10 -12 6 7
16 10 19 0 4 15 -9 -29 -13 -3 -4 3 -4 14 -22 3 9 -12 2 1 -1 5 -2 24 -2 -22 -7 20 -10 5 1 -26 16 -3 9 -3 -8 -13 2 4 23 -1 11 -1 20 24 10 -6 -10 -1 15 4 5 10 -20 7 -18 -8 8 -9 -10 -12 6 7
16 10 19 0 4 15 -9 -29 -13 -3 -4 3 -4 14 -22 3 9 -12 2 1 -1 5 -2 24 -2 -22 -7 20 -10 5 1 -26 16 -3 9 -3 -8 -13 2 4 23 -1 11 -1 20 24 10 -6 -10 -1 15 4 5 10 -20 7 -18 -8 8 -9 -10 -12 6 7
16 10 19 0 4 15 -9 -29 -13 -3 -4 3 -4 14 -22 3 9 -12 2 1 -1 5 -2 24 -2 -22 -7 20 -10 5 1 -26 16 -3 9 -3 -8 -13 2 4 23 -1 11 -1 20 24 10 -6 -10 -1 15 4 5 10 -20 7 -18 -8 8 -9 -10 -12 6 7
16 10 19 0 4 15 -9 -29 -13 -3 -4 3 -4 14 -22 3 9 -12 2 1 -1 5 -2 24 -2 -22 -7 20 -10 5 1 -26 16 -3 9 -3 -8 -13 2 4 23 -1 11 -1 20 24 10 -6 -10 -1 15 4 5 10 -20 7 -18 -8 8 -9 -10 -12 6 7
16 10 19 0 4 15 -9 -29 -13 -3 -4 3 -4 14 -22 3 9 -12 2 1 -1 5 -2 24 -2 -22 -7 20 -10 5 1 -26 16 -3 9 -3 -8 -13 2 4 23 -1 11 -1 20 24 10 -6 -10 -1 15 4 5 10 -20 7 -18 -8 8 -9 -10 -12 6 7
16 10 19 0 4 15 -9 -29 -13 -3 -4 3 -4 14 -22 3 9 -12 2 1 -1 5 -2 24 -2 -22 -7 20 -10 5 1 -26 16 -3 9 -3 -8 -13 2 4 23 -1 11 -1 20 24 10 -6 -10 -1 15 4 5 10 -20 7 -18 -8 8 -9 -10 -12 6 7
16 10 19 0 4 15 -9 -29 -13 -3 -4 3 -4 14 -22 3 9 -12 2 1 -1 5 -2 24 -2 -22 -7 20 -10 5 1 -26 16 -3 9 -3 -8 -13 2 4 23 -1 11 -1 20 24 10 -6 -10 -1 15 4 5 10 -20 7 -18 -8 8 -9 -10 -12 6 7
16 10 19 0 4 15 -9 -29 -13 -3 -4 3 -4 14 -22 3 9 -12 2 1 -1 5 -2 24 -2 -22 -7 20 -10 5 1 -26 16 -3 9 -3 -8 -13 2 4 23 -1 11 -1 20 24 10 -6 -10 -1 15 4 5 10 -20 7 -18 -8 8 -9 -10 -12 6 7
16 10 19 0 4 15 -9 -29 -13 -3 -4 3 -4 14 -22 3 9 -12 2 1 -1 5 -2 24 -2 -22 -7 20 -10 5 1 -26 16 -3 9 -3 -8 -13 2 4 23 -1 11 -1 20 24 10 -6 -10 -1 15 4 5 10 -20 7 -18 -8 8 -9 -10 -12 6 7
16 10 19 0 4 15 -9 -29 -13 -3 -4 3 -4 14 -22 3 9 -12 2 1 -1 5 -2 24 -2 -22 -7 20 -10 5 1 -26 16 -3 9 -3 -8 -13 2 4 23 -1 11 -1 20 24 10 -6 -10 -1 15 4 5 10 -20 7 -18 -8 8 -9 -10 -12 6 7
16 10 19 0 4 15 -9 -29 -13 -3 -4 3 -4 14 -22 3 9 -12 2 1 -1 5 -2 24 -2 -22 -7 20 -10 5 1 -26 16 -3 9 -3 -8 -13 2 4 23 -1 11 -1 20 24 10 -6 -10 -1 15 4 5 10 -20 7 -18 -8 8 -9 -10 -12 6 7
16 10 19 0 4 15 -9 -29 -13 -3 -4 3 -4 14 -22 3 9 -12 2 1 -1 5 -2 24 -2 -22 -7 20 -10 5 1 -26 16 -3 9 -3 -8 -13 2 4 23 -1 11 -1 20 24 10 -6 -10 -1 15 4 5 10 -20 7 -18 -8 8 -9 -10 -12 6 7
16 10 19 0 4 15 -9 -29 -13 -3 -4 3 -4 14 -22 3 9 -12 2 1 -1 5 -2 24 -2 -22 -7 20 -10 5 1 -26 16 -3 9 -3 -8 -13 2 4 23 -1 11 -1 20 24 10 -6 -10 -1 15 4 5 10 -20 7 -18 -8 8 -9 -10 -12 6 7
16 10 19 0 4 15 -9 -29 -13 -3 -4 3 -4 14 -22 3 9 -12 2 1 -1 5 -2 24 -2 -22 -7 20 -10 5 1 -26 16 -3 9 -3 -8 -13 2 4 23 -1 11 -1 20 24 10 -6 -10 -1 15 4 5 10 -20 7 -18 -8 8 -9 -10 -12 6 7
16 10 19 0 4 15 -9 -29 -13 -3 -4 3 -4 14 -22 3 9 -12 2 1 -1 5 -2 24 -2 -22 -7 20 -10 5 1 -26 16 -3 9 -3 -8 -13 2 4 23 -1 11 -1 20 24 10 -6 -10 -1 15 4 5 10 -20 7 -18 -8 8 -9 -10 -12 6 7
16 10 19 0 4 15 -9 -29 -13 -3 -4 3 -4 14 -22 3 9 -12 2 1 -1 5 -2 24 -2 -22 -7 20 -10 5 1 -26 16 -3 9 -3 -8 -13 2 4 23 -1 11 -1 20 24 10 -6 -10 -1 15 4 5 10 -20 7 -18 -8 8 -9 -10 -12 6 7
16 10 19 0 4 15 -9 -29 -13 -3 -4 3 -4 14 -22 3 9 -12 2 1 -1 5 -2 24 -2 -22 -7 20 -10 5 1 -26 16 -3 9 -3 -8 -13 2 4 23 -1 11 -1 20 24 10 -6 -10 -1 15 4 5 10 -20 7 -18 -8 8 -9 -10 -12 6 7
16 10 19 0 4 15 -9 -29 -13 -3 -4 3 -4 14 -22 3 9 -12 2 1 -1 5 -2 24 -2 -22 -7 20 -10 5 1 -26 16 -3 9 -3 -8 -13 2 4 23 -1 11 -1 20 24 10 -6 -10 -1 15 4 5 10 -20 7 -18 -8 8 -9 -10 -12 6 7
16 10 19 0 4 15 -9 -29 -13 -3 -4 3 -4 14 -22 3 9 -12 2 1 -1 5 -2 24 -2 -22 -7 20 -10 5 1 -26 16 -3 9 -3 -8 -13 2 4 23 -1 11 -1 20 24 10 -6 -10 -1 15 4 5 10 -20 7 -18 -8 8 -9 -10 -12 6 7
16 10 19 0 4 15 -9 -29 -13 -3 -4 3 -4 14 -22 3 9 -12 2 1 -1 5 -2 24 -2 -22 -7 20 -10 5 1 -26 16 -3 9 -3 -8 -13 2 4 23 -1 11 -1 20 24 10 -6 -10 -1 15 4 5 10 -20 7 -18 -8 8 -9 -10 -12 6 7
16 10 19 0 4 15 -9 -29 -13 -3 -4 3 -4 14 -22 3 9 -12 2 1 -1 5 -2 24 -2 -22 -7 20 -10 5 1 -26 16 -3 9 -3 -8 -13 2 4 23 -1 11 -1 20 24 10 -6 -10 -1 15 4 5 10 -20 7 -18 -8 8 -9 -10 -12 6 7
16 10 19 0 4 15 -9 -29 -13 -3 -4 3 -4 14 -22 3 9 -12 2 1 -1 5 -2 24 -2 -22 -7 20 -10 5 1 -26 16 -3 9 -3 -8 -13 2 4 23 -1 11 -1 20 24 10 -6 -10 -1 15 4 5 10 -20 7 -18 -8 8 -9 -10 -12 6 7
16 10 19 0 4 15 -9 -29 -13 -3 -4 3 -4 14 -22 3 9 -12 2 1 -1 5 -2 24 -2 -22 -7 20 -10 5 1 -26 16 -3 9 -3 -8 -13 2 4 23 -1 11 -1 20 24 10 -6 -10 -1 15 4 5 10 -20 7 -18 -8 8 -9 -10 -12 6 7
16 10 19 0 4 15 -9 -29 -13 -3 -4 3 -4 14 -22 3 9 -12 2 1 -1 5 -2 24 -2 -22 -7 20 -10 5 1 -26 16 -3 9 -3 -8 -13 2 4 23 -1 11 -1 20 24 10 -6 -10 -1 15 4 5 10 -20 7 -18 -8 8 -9 -10 -12 6 7
16 10 19 0 4 15 -9 -29 -13 -3 -4 3 -4 14 -22 3 9 -12 2 1 -1 5 -2 24 -2 -22 -7 20 -10 5 1 -26 16 -3 9 -3 -8 -13 2 4 23 -1 11 -1 20 24 10 -6 -10 -1 15 4 5 10 -20 7 -18 -8 8 -9 -10 -12 6 7
16 10 19 0 4 15 -9 -29 -13 -3 -4 3 -4 14 -22 3 9 -12 2 1 -1 5 -2 24 -2 -22 -7 20 -10 5 1 -26 16 -3 9 -3 -8 -13 2 4 23 -1 11 -1 20 24 10 -6 -10 -1 15 4 5 10 -20 7 -18 -8 8 -9 -10 -12 6 7
16 10 19 0 4 15 -9 -29 -13 -3 -4 3 -4 14 -22 3 9 -12 2 1 -1 5 -2 24 -2 -22 -7 20 -10 5 1 -26 16 -3 9 -3 -8 -13 2 4 23 -1 11 -1 20 24 10 -6 -10 -1 15 4 5 10 -20 7 -18 -8 8 -9 -10 -12 6 7
16 10 19 0 4 15 -9 -29 -13 -3 -4 3 -4 14 -22 3 9 -12 2 1 -1 5 -2 24 -2 -22 -7 20 -10 5 1 -26 16 -3 9 -3 -8 -13 2 4 23 -1 11 -1 20 24 10 -6 -10 -1 15 4 5 10 -20 7 -18 -8 8 -9 -10 -12 6 7
16 10 19 0 4 15 -9 -29 -13 -3 -4 3 -4 14 -22 3 9 -12 2 1 -1 5 -2 24 -2 -22 -7 20 -10 5 1 -26 16 -3 9 -3 -8 -13 2 4 23 -1 11 -1 20 24 10 -6 -10 -1 15 4 5 10 -20 7 -18 -8 8 -9 -10 -12 6 7
16 10 19 0 4 15 -9 -29 -13 -3 -4 3 -4 14 -22 3 9 -12 2 1 -1 5 -2 24 -2 -22 -7 20 -10 5 1 -26 16 -3 9 -3 -8 -13 2 4 23 -1 11 -1 20 24 10 -6 -10 -1 15 4 5 10 -20 7 -18 -8 8 -9 -10 -12 6 7
16 10 19 0 4 15 -9 -29 -13 -3 -4 3 -4 14 -22 3 9 -12 2 1 -1 5 -2 24 -2 -22 -7 20 -10 5 1 -26 16 -3 9 -3 -8 -13 2 4 23 -1 11 -1 20 24 10 -6 -10 -1 15 4 5 10 -20 7 -18 -8 8 -9 -10 -12 6 7
16 10 19 0 4 15 -9 -29 -13 -3 -4 3 -4 14 -22 3 9 -12 2 1 -1 5 -2 24 -2 -22 -7 20 -10 5 1 -26 16 -3 9 -3 -8 -13 2 4 23 -1 11 -1 20 24 10 -6 -10 -1 15 4 5 10 -20 7 -18 -8 8 -9 -10 -12 6 7
16 10 19 0 4 15 -9 -29 -13 -3 -4 3 -4 14 -22 3 9 -12 2 1 -1 5 -2 24 -2 -22 -7 20 -10 5 1 -26 16 -3 9 -3 -8 -13 2 4 23 -1 11 -1 20 24 10 -6 -10 -1 15 4 5 10 -20 7 -18 -8 8 -9 -10 -12 6 7
16 10 19 0 4 15 -9 -29 -13 -3 -4 3 -4 14 -22 3 9 -12 2 1 -1 5 -2 24 -2 -22 -7 20 -10 5 1 -26 16 -3 9 -3 -8 -13 2 4 23 -1 11 -1 20 24 10 -6 -10 -1 15 4 5 10 -20 7 -18 -8 8 -9 -10 -12 6 7
16 10 19 0 4 15 -9 -29 -13 -3 -4 3 -4 14 -22 3 9 -12 2 1 -1 5 -2 24 -2 -22 -7 20 -10 5 1 -26 16 -3 9 -3 -8 -13 2 4 23 -1 11 -1 20 24 10 -6 -10 -1 15 4 5 10 -20 7 -18 -8 8 -9 -10 -12 6 7
16 10 19 0 4 15 -9 -29 -13 -3 -4 3 -4 14 -22 3 9 -12 2 1 -1 5 -2 24 -2 -22 -7 20 -10 5 1 -26 16 -3 9 -3 -8 -13 2 4 23 -1 11 -1 20 24 10 -6 -10 -1 15 4 5 10 -20 7 -18 -8 8 -9 -10 -12 6 7
16 10 19 0 4 15 -9 -29 -13 -3 -4 3 -4 14 -22 3 9 -12 2 1 -1 5 -2 24 -2 -22 -7 20 -10 5 1 -26 16 -3 9 -3 -8 -13 2 4 23 -1 11 -1 20 24 10 -6 -10 -1 15 4 5 10 -20 7 -18 -8 8 -9 -10 -12 6 7
16 10 19 0 4 15 -9 -29 -13 -3 -4 3 -4 14 -22 3 9 -12 2 1 -1 5 -2 24 -2 -22 -7 20 -10 5 1 -26 16 -3 9 -3 -8 -13 2 4 23 -1 11 -1 20 24 10 -6 -10 -1 15 4 5 10 -20 7 -18 -8 8 -9 -10 -12 6 7
16 10 19 0 4 15 -9 -29 -13 -3 -4 3 -4 14 -22 3 9 -12 2 1 -1 5 -2 24 -2 -22 -7 20 -10 5 1 -26 16 -3 9 -3 -8 -13 2 4 23 -1 11 -1 20 24 10 -6 -10 -1 15 4 5 10 -20 7 -18 -8 8 -9 -10 -12 6 7
16 10 19 0 4 15 -9 -29 -13 -3 -4 3 -4 14 -22 3 9 -12 2 1 -1 5 -2 24 -2 -22 -7 20 -10 5 1 -26 16 -3 9 -3 -8 -13 2 4 23 -1 11 -1 20 24 10 -6 -10 -1 15 4 5 10 -20 7 -18 -8 8 -9 -10 -12 6 7
16 10 19 0 4 15 -9 -29 -13 -3 -4 3 -4 14 -22 3 9 -12 2 1 -1 5 -2 24 -2 -22 -7 20 -10 5 1 -26 16 -3 9 -3 -8 -13 2 4 23 -1 11 -1 20 24 10 -6 -10 -1 15 4 5 10 -20 7 -18 -8 8 -9 -10 -12 6 7
16 10 19 0 4 15 -9 -29 -13 -3 -4 3 -4 14 -22 3 9 -12 2 1 -1 5 -2 24 -2 -22 -7 20 -10 5 1 -26 16 -3 9 -3 -8 -13 2 4 23 -1 11 -1 20 24 10 -6 -10 -1 15 4 5 10 -20 7 -18 -8 8 -9 -10 -12 6 7
16 10 19 0 4 15 -9 -29 -13 -3 -4 3 -4 14 -22 3 9 -12 2 1 -1 5 -2 24 -2 -22 -7 20 -10 5 1 -26 16 -3 9 -3 -8 -13 2 4 23 -1 11 -1 20 24 10 -6 -10 -1 15 4 5 10 -20 7 -18 -8 8 -9 -10 -12 6 7
16 10 19 0 4 15 -9 -29 -13 -3 -4 3 -4 14 -22 3 9 -12 2 1 -1 5 -2 24 -2 -22 -7 20 -10 5 1 -26 16 -3 9 -3 -8 -13 2 4 23 -1 11 -1 20 24 10 -6 -10 -1 15 4 5 10 -20 7 -18 -8 8 -9 -10 -12 6 7
16 10 19 0 4 15 -9 -29 -13 -3 -4 3 -4 14 -22 3 9 -12 2 1 -1 5 -2 24 -2 -22 -7 20 -10 5 1 -26 16 -3 9 -3 -8 -13 2 4 23 -1 11 -1 20 24 10 -6 -10 -1 15 4 5 10 -20 7 -18 -8 8 -9 -10 -12 6 7
16 10 19 0 4 15 -9 -29 -13 -3 -4 3 -4 14 -22 3 9 -12 2 1 -1 5 -2 24 -2 -22 -7 20 -10 5 1 -26 16 -3 9 -3 -8 -13 2 4 23 -1 11 -1 20 24 10 -6 -10 -1 15 4 5 10 -20 7 -18 -8 8 -9 -10 -12 6 7
16 10 19 0 4 15 -9 -29 -13 -3 -4 3 -4 14 -22 3 9 -12 2 1 -1 5 -2 24 -2 -22 -7 20 -10 5 1 -26 16 -3 9 -3 -8 -13 2 4 23 -1 11 -1 20 24 10 -6 -10 -1 15 4 5 10 -20 7 -18 -8 8 -9 -10 -12 6 7
16 10 19 0 4 15 -9 -29 -13 -3 -4 3 -4 14 -22 3 9 -12 2 1 -1 5 -2 24 -2 -22 -7 20 -10 5 1 -26 16 -3 9 -3 -8 -13 2 4 23 -1 11 -1 20 24 10 -6 -10 -1 15 4 5 10 -20 7 -18 -8 8 -9 -10 -12 6 7
16 10 19 0 4 15 -9 -29 -13 -3 -4 3 -4 14 -22 3 9 -12 2 1 -1 5 -2 24 -2 -22 -7 20 -10 5 1 -26 16 -3 9 -3 -8 -13 2 4 23 -1 11 -1 20 24 10 -6 -10 -1 15 4 5 10 -20 7 -18 -8 8 -9 -10 -12 6 7
16 10 19 0 4 15 -9 -29 -13 -3 -4 3 -4 14 -22 3 9 -12 2 1 -1 5 -2 24 -2 -22 -7 20 -10 5 1 -26 16 -3 9 -3 -8 -13 2 4 23 -1 11 -1 20 24 10 -6 -10 -1 15 4 5 10 -20 7 -18 -8 8 -9 -10 -12 6 7
16 10 19 0 4 15 -9 -29 -13 -3 -4 3 -4 14 -22 3 9 -12 2 1 -1 5 -2 24 -2 -22 -7 20 -10 5 1 -26 16 -3 9 -3 -8 -13 2 4 23 -1 11 -1 20 24 10 -6 -10 -1 15 4 5 10 -20 7 -18 -8 8 -9 -10 -12 6 7
16 10 19 0 4 15 -9 -29 -13 -3 -4 3 -4 14 -22 3 9 -12 2 1 -1 5 -2 24 -2 -22 -7 20 -10 5 1 -26 16 -3 9 -3 -8 -13 2 4 23 -1 11 -1 20 24 10 -6 -10 -1 15 4 5 10 -20 7 -18 -8 8 -9 -10 -12 6 7
16 10 19 0 4 15 -9 -29 -13 -3 -4 3 -4 14 -22 3 9 -12 2 1 -1 5 -2 24 -2 -22 -7 20 -10 5 1 -26 16 -3 9 -3 -8 -13 2 4 23 -1 11 -1 20 24 10 -6 -10 -1 15 4 5 10 -20 7 -18 -8 8 -9 -10 -12 6 7
16 10 19 0 4 15 -9 -29 -13 -3 -4 3 -4 14 -22 3 9 -12 2 1 -1 5 -2 24 -2 -22 -7 20 -10 5 1 -26 16 -3 9 -3 -8 -13 2 4 23 -1 11 -1 20 24 10 -6 -10 -1 15 4 5 10 -20 7 -18 -8 8 -9 -10 -12 6 7
16 10 19 0 4 15 -9 -29 -13 -3 -4 3 -4 14 -22 3 9 -12 2 1 -1 5 -2 24 -2 -22 -7 20 -10 5 1 -26 16 -3 9 -3 -8 -13 2 4 23 -1 11 -1 20 24 10 -6 -10 -1 15 4 5 10 -20 7 -18 -8 8 -9 -10 -12 6 7
16 10 19 0 4 15 -9 -29 -13 -3 -4 3 -4 14 -22 3 9 -12 2 1 -1 5 -2 24 -2 -22 -7 20 -10 5 1 -26 16 -3 9 -3 -8 -13 2 4 23 -1 11 -1 20 24 10 -6 -10 -1 15 4 5 10 -20 7 -18 -8 8 -9 -10 -12 6 7
16 10 19 0 4 15 -9 -29 -13 -3 -4 3 -4 14 -22 3 9 -12 2 1 -1 5 -2 24 -2 -22 -7 20 -10 5 1 -26 16 -3 9 -3 -8 -13 2 4 23 -1 11 -1 20 24 10 -6 -10 -1 15 4 5 10 -20 7 -18 -8 8 -9 -10 -12 6 7
16 10 19 0 4 15 -9 -29 -13 -3 -4 3 -4 14 -22 3 9 -12 2 1 -1 5 -2 24 -2 -22 -7 20 -10 5 1 -26 16 -3 9 -3 -8 -13 2 4 23 -1 11 -1 20 24 10 -6 -10 -1 15 4 5 10 -20 7 -18 -8 8 -9 -10 -12 6 7
16 10 19 0 4 15 -9 -29 -13 -3 -4 3 -4 14 -22 3 9 -12 2 1 -1 5 -2 24 -2 -22 -7 20 -10 5 1 -26 16 -3 9 -3 -8 -13 2 4 23 -1 11 -1 20 24 10 -6 -10 -1 15 4 5 10 -20 7 -18 -8 8 -9 -10 -12 6 7
16 10 19 0 4 15 -9 -29 -13 -3 -4 3 -4 14 -22 3 9 -12 2 1 -1 5 -2 24 -2 -22 -7 20 -10 5 1 -26 16 -3 9 -3 -8 -13 2 4 23 -1 11 -1 20 24 10 -6 -10 -1 15 4 5 10 -20 7 -18 -8 8 -9 -10 -12 6 7
16 10 19 0 4 15 -9 -29 -13 -3 -4 3 -4 14 -22 3 9 -12 2 1 -1 5 -2 24 -2 -22 -7 20 -10 5 1 -26 16 -3 9 -3 -8 -13 2 4 23 -1 11 -1 20 24 10 -6 -10 -1 15 4 5 10 -20 7 -18 -8 8 -9 -10 -12 6 7
16 10 19 0 4 15 -9 -29 -13 -3 -4 3 -4 14 -22 3 9 -12 2 1 -1 5 -2 24 -2 -22 -7 20 -10 5 1 -26 16 -3 9 -3 -8 -13 2 4 23 -1 11 -1 20 24 10 -6 -10 -1 15 4 5 10 -20 7 -18 -8 8 -9 -10 -12 6 7
16 10 19 0 4 15 -9 -29 -13 -3 -4 3 -4 14 -22 3 9 -12 2 1 -1 5 -2 24 -2 -22 -7 20 -10 5 1 -26 16 -3 9 -3 -8 -13 2 4 23 -1 11 -1 20 24 10 -6 -10 -1 15 4 5 10 -20 7 -18 -8 8 -9 -10 -12 6 7
16 10 19 0 4 15 -9 -29 -13 -3 -4 3 -4 14 -22 3 9 -12 2 1 -1 5 -2 24 -2 -22 -7 20 -10 5 1 -26 16 -3 9 -3 -8 -13 2 4 23 -1 11 -1 20 24 10 -6 -10 -1 15 4 5 10 -20 7 -18 -8 8 -9 -10 -12 6 7
16 10 19 0 4 15 -9 -29 -13 -3 -4 3 -4 14 -22 3 9 -12 2 1 -1 5 -2 24 -2 -22 -7 20 -10 5 1 -26 16 -3 9 -3 -8 -13 2 4 23 -1 11 -1 20 24 10 -6 -10 -1 15 4 5 10 -20 7 -18 -8 8 -9 -10 -12 6 7
16 10 19 0 4 15 -9 -29 -13 -3 -4 3 -4 14 -22 3 9 -12 2 1 -1 5 -2 24 -2 -22 -7 20 -10 5 1 -26 16 -3 9 -3 -8 -13 2 4 23 -1 11 -1 20 24 10 -6 -10 -1 15 4 5 10 -20 7 -18 -8 8 -9 -10 -12 6 7
16 10 19 0 4 15 -9 -29 -13 -3 -4 3 -4 14 -22 3 9 -12 2 1 -1 5 -2 24 -2 -22 -7 20 -10 5 1 -26 16 -3 9 -3 -8 -13 2 4 23 -1 11 -1 20 24 10 -6 -10 -1 15 4 5 10 -20 7 -18 -8 8 -9 -10 -12 6 7
