-10 -8 13 8 10 4 -14 0 6 12 6 -10 19 -4 -7 -12 14 4 8 -5 -11 -12 -9 -1 20 -8 -4 -10 17 6 23 -21 10 -1 -1 -7 16 6 6 -1 0 0 6 1 -4 -2 6 -62 14 26 -5 -14 -17 -15 3 2 6 -5 14 -4 29 3 3 5
-4 12 -2 -6 0 16 22 12 24 0 -17 18 -7 11 -17 -2 10 0 1 -23 0 -1 -10 3 8 -1 -15 -5 -11 5 -9 -19 -11 1 13 -3 -11 -21 -4 -7 10 -15 -14 13 -5 -17 -19 -66 -20 -7 -8 1 0 -15 11 18 11 -9 -4 8 13 23 2 -14
15 0 -8 -9 -1 0 11 11 8 0 9 9 9 7 -14 -6 6 11 -1 -4 -13 5 -7 8 15 5 -2 -6 -13 4 4 -24 -8 5 15 1 -8 -2 -2 13 20 1 -7 3 -10 -19 -2 -60 -30 -10 -16 4 1 -8 1 8 -3 -12 -17 -9 12 15 -4 -15
-2 8 -14 -10 -5 -8 14 6 7 2 -6 -7 -3 -1 -13 1 5 -1 6 -4 3 6 -9 5 13 4 -2 -10 -24 -3 -14 -30 -9 7 -2 8 -6 -3 -6 -1 24 2 2 16 -3 -3 -11 -62 -14 -15 -10 -1 -9 9 -7 -8 1 -8 -7 -1 7 6 -1 -11
-4 23 19 7 5 15 15 7 7 1 -4 1 -9 -9 10 3 6 17 15 -25 -17 7 18 -9 13 -27 -10 -14 0 1 -17 -18 4 -2 -5 9 -19 -22 5 7 4 3 8 14 18 -24 -12 -71 -1 0 -18 -15 -20 -6 -5 -29 5 -4 6 4 19 10 -8 2
-12 2 7 15 4 -5 13 9 5 3 2 -22 -14 3 -14 10 1 10 18 -27 -9 19 1 -12 24 -4 -12 2 13 6 10 -23 3 4 6 -5 -18 0 -9 15 14 12 14 -6 -9 -10 -13 -69 -12 18 4 3 -20 -21 1 -6 19 1 -4 -6 12 17 -5 7
-2 -5 3 13 3 5 10 13 -6 8 -3 -3 -12 -2 -15 0 -19 7 7 -19 2 -1 17 -4 12 -15 -4 -11 -2 -2 -16 -10 -1 2 -2 -2 -9 -11 -12 14 11 -7 9 2 2 -6 2 -61 -6 0 -11 -18 -4 6 -16 -6 15 2 7 -1 11 -1 0 -11
-12 9 -1 11 7 -2 18 14 20 6 2 -11 -10 -2 -26 9 11 14 2 -19 -5 -4 -13 -3 16 -3 -7 -7 8 -1 3 -25 -9 -1 -3 4 -12 11 3 7 23 15 14 6 -4 0 6 -58 -20 3 2 -7 -8 1 -10 -3 20 -6 -15 -12 6 9 -4 -1
-8 0 -17 12 -16 -2 0 9 7 3 -4 -17 -14 -4 -5 -4 4 -3 12 0 11 0 -6 1 14 13 0 3 -14 -9 -6 -42 -8 6 -11 6 -8 15 10 4 12 3 1 13 -3 -4 -5 -71 -14 -3 -13 -3 -6 7 -18 -9 8 -4 -12 -6 33 6 -4 -10
-17 13 -1 28 -5 5 9 -2 12 17 -12 35 1 8 -19 -10 -10 1 -5 -8 14 -11 16 13 16 -2 -7 6 8 17 -6 -16 11 -20 -7 -18 8 3 0 11 30 6 7 1 -20 -25 -9 -63 -31 2 -9 -18 -7 10 -3 12 -5 4 -17 -6 29 7 -4 4
-14 9 -20 24 -6 -8 11 0 15 -4 -10 -9 -16 5 -17 -11 2 3 4 7 3 -10 1 -5 10 13 11 0 -10 9 -5 -24 -12 3 -20 2 -11 5 4 14 14 -8 -11 20 -3 -15 -9 -72 -25 1 -20 -8 -12 -5 -1 -4 0 -15 1 7 47 14 1 -12
-12 -9 -3 11 -8 3 4 -8 9 5 -6 -24 -18 -3 -17 1 -1 -3 -1 2 6 -5 4 3 8 16 4 -10 1 1 -7 -35 -17 7 0 -20 -4 2 10 23 11 6 -2 15 2 3 4 -71 -18 7 -8 -3 -9 -17 -18 -15 14 -18 -4 -9 22 7 -3 -14
-12 2 -12 -2 -6 -3 8 -3 12 -2 -3 -11 -3 10 -17 2 6 -3 6 -5 5 7 -1 -2 12 0 -10 -2 -13 -9 -14 -30 -8 1 -7 3 -8 0 6 2 17 6 -2 11 0 -2 2 -63 -15 -5 -8 -8 -8 1 -6 -1 4 -4 -11 7 11 11 -2 -15
-18 10 4 13 -1 -12 31 -1 17 6 -2 7 -2 4 -12 7 4 -2 4 -11 4 11 -3 -3 22 -14 1 -5 1 -2 -11 -27 1 6 5 10 -4 5 3 -8 15 6 5 -1 -4 -6 -11 -55 -20 7 -6 -7 1 4 -13 -6 11 -9 -16 7 -8 16 -11 -7
-25 -1 -3 21 -7 7 1 -14 0 29 -3 19 -3 8 -29 0 1 -2 1 -14 9 -14 7 -6 14 7 -6 -6 0 9 -12 -24 6 -12 3 -12 8 -9 4 9 16 18 7 3 -27 -10 -15 -69 -18 -1 -17 -18 -2 8 -16 11 -6 2 -27 -10 17 6 4 11
-17 -7 -16 16 -9 3 2 4 1 15 -5 -7 -12 4 -18 11 14 -3 2 6 -4 -19 12 -9 6 16 -1 -25 -9 1 -9 -20 -3 -7 -10 3 5 -5 14 15 16 4 -13 8 -7 -11 -13 -65 1 4 -21 -8 -20 -1 -12 2 5 -1 -14 -5 13 16 4 4
-18 10 -13 10 -3 8 2 -16 -2 17 -5 -4 -15 -15 -16 5 15 -3 -7 7 10 0 7 -15 -3 1 -2 -7 1 -14 -15 -31 -8 -19 14 -11 -7 1 7 8 3 19 0 1 9 -13 -18 -63 -6 -2 -8 -18 -5 -3 -25 -21 -5 -14 -9 -13 10 15 -20 8
2 25 -15 14 -9 -8 6 1 -6 4 -1 -12 -3 1 -26 8 6 -12 0 4 6 -18 -1 -9 10 14 -8 -17 -8 -3 -8 -24 -5 -11 -10 -4 1 0 14 11 14 14 -10 17 -4 -11 -17 -68 -14 -6 -1 -19 -4 2 -10 -18 -1 -6 -1 -6 23 24 9 7
-13 -5 -24 12 -6 6 9 -11 0 6 -4 -25 -12 -5 -20 16 16 3 -15 1 7 3 -3 -14 15 15 -15 -31 5 1 -16 -36 -1 -18 7 -7 -9 -7 6 6 -5 7 -10 -2 -6 -9 0 -67 -6 10 -13 -6 -5 5 -25 -10 10 -13 -5 -2 7 15 -11 -1
-21 -3 -13 13 7 0 6 -4 4 10 -9 1 -28 -13 3 21 10 17 7 1 -1 -4 4 -20 12 -5 -8 -17 6 -11 -7 -32 -3 -15 9 2 -3 2 20 -5 20 19 4 4 2 -6 0 -68 -6 14 -25 -8 -1 -7 -13 -15 9 -16 -15 -3 3 9 -11 3
-18 17 8 21 -11 -4 8 -6 13 9 -8 -12 -8 -4 -12 8 7 -5 4 -6 10 -16 -4 -6 9 1 -2 -17 2 -7 -1 -39 -7 1 6 -1 1 8 14 10 4 4 8 4 -1 -6 -1 -69 -19 -3 -1 -14 -5 -2 -25 -16 10 -11 2 -4 16 15 -2 -7
3 12 -9 30 14 -9 0 1 -2 13 -1 12 9 1 -4 7 -2 7 9 3 4 -10 15 -2 20 -2 0 -11 -3 2 4 3 -4 0 -4 6 -5 3 2 -1 8 -4 15 -6 -11 -11 -20 -69 -17 6 -15 -13 -1 -9 -1 3 3 -7 -3 -2 28 5 -3 6
12 12 9 11 13 -2 -5 -5 -11 2 7 2 2 -6 -10 -4 -1 10 9 -7 10 1 -8 0 2 10 -2 2 -12 -3 2 3 -2 -8 3 -1 -4 2 8 -9 25 -11 11 -1 -5 -15 2 -56 -17 6 -2 -2 -1 -9 -5 0 10 -10 -9 9 2 16 1 -1
16 8 -7 13 4 0 5 3 -3 5 4 -7 8 -1 -2 -1 -9 5 15 2 9 4 -11 -1 1 14 -7 -14 -4 6 -2 1 -5 -15 0 6 2 0 -2 -21 31 -6 13 -15 1 -6 1 -54 -19 7 1 4 2 -2 4 3 10 -9 -5 4 0 5 5 4
1 -1 12 15 13 8 -3 -8 2 -6 -22 2 -5 10 6 -9 -20 -2 10 -15 -4 1 -17 6 10 15 1 0 -9 9 -6 -6 3 0 8 -3 9 -14 -16 -1 10 3 1 -6 -12 -6 -6 -57 -43 -2 -15 6 -3 -11 7 -1 5 -4 -17 -10 4 8 -7 -2
3 4 -9 -4 -6 -5 6 9 1 2 -3 -28 -6 0 -2 -9 4 3 3 8 0 -3 -10 7 8 8 1 -9 -16 -9 -9 -29 -4 6 -15 8 4 4 -4 0 19 2 5 10 -2 10 -4 -59 -15 -2 -13 -1 -13 12 3 -15 0 1 -8 2 9 8 -3 -3
0 13 18 6 4 12 15 8 6 -8 -4 -4 -7 -13 20 0 -3 14 7 -16 -14 10 19 -8 8 -22 -12 -11 -9 4 -13 -8 13 -12 -11 3 -8 -24 -3 8 8 0 9 10 13 -20 -11 -58 1 -2 -19 -13 -16 0 -2 -30 0 -2 6 7 5 6 -12 4
-1 -3 11 16 5 -4 6 7 3 -2 4 -27 -16 -3 -8 8 3 5 11 -25 -8 16 1 -18 20 -4 -11 8 14 2 11 -9 6 -3 3 -11 -18 2 -5 24 8 10 17 -7 -8 -4 -13 -64 -14 13 6 6 -17 -17 11 -11 20 0 -4 -9 -2 17 -4 4
0 -10 8 9 6 -1 6 12 -8 3 2 -8 -13 -2 -11 -7 -14 6 6 -13 -3 -1 16 -5 9 -13 0 -7 -3 -1 -8 -5 3 -1 -11 -5 -7 -15 -15 14 8 0 7 1 2 -3 3 -62 -9 -2 -13 -18 0 8 -10 -8 10 7 2 0 6 6 -1 -9
-5 4 6 11 9 -3 18 9 20 3 1 -10 -11 1 -23 13 8 19 -2 -9 -6 -5 -15 -6 13 -6 -1 -6 5 -3 0 -14 -6 -2 -14 -6 -10 15 0 10 23 17 10 6 -8 2 4 -51 -18 4 4 -6 -9 5 1 -10 20 -6 -16 -12 -8 17 -5 1
3 -1 -7 3 -12 -6 2 1 6 -2 -10 -15 -7 -6 0 -5 0 2 6 8 10 -2 -11 -9 8 15 0 4 -14 -11 -18 -32 -8 -2 -21 2 -2 14 7 7 14 -1 -1 13 -8 -1 -6 -62 -18 0 -5 -8 -6 4 -5 -14 9 -11 -8 4 15 16 -5 -10
8 10 -16 7 -7 -9 9 -2 5 -7 -2 -11 -11 9 -3 -12 3 -14 -5 13 13 -11 0 -13 3 6 5 -8 -7 8 -8 -23 -8 -6 -10 -12 -5 0 4 1 1 -19 2 25 -4 -2 6 -65 -20 4 -9 -7 0 5 4 -17 -1 -8 -10 1 23 18 9 -23
-5 -17 -13 11 -1 3 -9 -12 8 0 -7 -24 -24 -13 -8 2 4 -4 -7 8 5 1 6 -2 3 19 6 -4 -2 4 -5 -26 -12 4 -2 -18 -6 11 4 23 9 7 1 16 -2 7 2 -67 -18 1 -8 -4 -3 -10 -15 -22 15 -18 -7 -5 14 16 -2 -3
-12 1 -2 1 3 -4 12 -2 15 11 -9 -10 -3 7 -5 2 6 4 -7 8 0 -6 -12 -26 15 12 -3 -12 -20 -6 -10 -35 -5 -12 -16 -1 -2 -5 2 3 12 7 9 3 -5 -1 -2 -65 -15 6 -18 -13 -15 4 -5 4 5 1 -1 9 -3 5 -13 7
-15 6 -7 10 3 4 5 -15 0 17 -6 -12 -13 -19 -9 -1 16 -4 -13 10 9 0 2 -8 -4 3 -2 -2 0 -20 -14 -23 -13 -17 10 -16 -7 0 -2 11 0 12 2 1 10 -7 -17 -66 -9 2 -10 -19 -4 -5 -24 -27 -7 -12 -6 -13 4 21 -14 10
12 14 -10 7 -9 -11 4 -1 -9 5 -3 -15 -1 3 -16 3 5 -8 -8 8 6 -14 -2 -10 3 16 -4 -22 -8 -8 -12 -21 2 -11 -13 -11 6 -1 9 6 14 17 -9 16 -1 -10 -14 -64 -10 0 -6 -21 -2 -3 -3 -26 3 -2 -2 -3 9 25 4 9
1 -7 -15 13 -5 0 8 -16 1 7 -8 -27 -6 -5 -14 16 11 4 -24 8 13 3 -7 -19 9 15 -12 -27 4 0 -21 -27 -2 -15 5 -9 -8 0 4 6 -5 -1 -7 2 -7 -1 -5 -63 -5 17 -16 -7 -5 4 -20 -9 8 -12 -2 -3 -4 24 -12 -1
-14 -7 -11 10 12 3 5 -3 -2 6 -7 -2 -27 -17 9 20 5 13 3 6 -7 -4 1 -25 8 -4 -4 -19 4 -9 -10 -32 -1 -12 0 1 -4 9 16 0 17 20 4 2 2 -4 1 -64 -10 22 -24 -9 2 -12 -6 -20 7 -11 -16 -5 -4 13 -12 6
-10 10 6 16 -1 -8 0 -12 14 11 -2 -10 -4 -12 -7 10 7 -3 -5 -1 8 -10 -5 -8 5 1 -2 -13 -1 -5 0 -32 0 1 2 -7 1 7 6 13 5 -3 9 3 -1 -5 -4 -65 -19 2 -2 -17 -7 -5 -20 -21 6 -8 3 -5 6 17 -4 0
9 8 -10 30 10 -10 4 5 -2 10 1 11 8 -3 -3 0 -7 10 8 5 5 -12 7 -6 15 3 1 -14 0 6 3 2 -1 -2 -13 1 5 6 0 -2 7 -7 15 -6 -7 -8 -21 -71 -15 13 -15 -13 -3 -9 8 -3 -2 -4 -4 -7 27 8 -9 3
15 18 12 16 14 -2 -7 -3 -9 4 10 -2 7 -7 -6 -2 2 9 7 -1 6 5 -14 0 -1 18 -1 -1 -7 -3 2 6 6 -14 5 -9 3 4 4 -4 21 -14 5 -6 -6 -13 -10 -55 -10 10 -1 -4 -3 -12 -3 11 3 -8 -8 1 -2 10 -2 -3
-2 0 -6 8 -8 -9 11 0 4 4 -2 -2 -3 3 0 8 5 7 -5 3 -7 -6 0 -6 11 7 0 -19 -1 9 2 -8 -3 -3 -14 2 1 7 0 2 17 4 -2 -4 -3 6 -3 -64 -9 4 -6 -10 -8 -1 -8 3 -7 1 -6 -3 5 7 7 0
-2 0 -6 8 -8 -9 11 0 4 4 -2 -2 -3 3 0 8 5 7 -5 3 -7 -6 0 -6 11 7 0 -19 -1 9 2 -8 -3 -3 -14 2 1 7 0 2 17 4 -2 -4 -3 6 -3 -64 -9 4 -6 -10 -8 -1 -8 3 -7 1 -6 -3 5 7 7 0
-2 0 -6 8 -8 -9 11 0 4 4 -2 -2 -3 3 0 8 5 7 -5 3 -7 -6 0 -6 11 7 0 -19 -1 9 2 -8 -3 -3 -14 2 1 7 0 2 17 4 -2 -4 -3 6 -3 -64 -9 4 -6 -10 -8 -1 -8 3 -7 1 -6 -3 5 7 7 0
-2 0 -6 8 -8 -9 11 0 4 4 -2 -2 -3 3 0 8 5 7 -5 3 -7 -6 0 -6 11 7 0 -19 -1 9 2 -8 -3 -3 -14 2 1 7 0 2 17 4 -2 -4 -3 6 -3 -64 -9 4 -6 -10 -8 -1 -8 3 -7 1 -6 -3 5 7 7 0
-2 0 -6 8 -8 -9 11 0 4 4 -2 -2 -3 3 0 8 5 7 -5 3 -7 -6 0 -6 11 7 0 -19 -1 9 2 -8 -3 -3 -14 2 1 7 0 2 17 4 -2 -4 -3 6 -3 -64 -9 4 -6 -10 -8 -1 -8 3 -7 1 -6 -3 5 7 7 0
-2 0 -6 8 -8 -9 11 0 4 4 -2 -2 -3 3 0 8 5 7 -5 3 -7 -6 0 -6 11 7 0 -19 -1 9 2 -8 -3 -3 -14 2 1 7 0 2 17 4 -2 -4 -3 6 -3 -64 -9 4 -6 -10 -8 -1 -8 3 -7 1 -6 -3 5 7 7 0
-2 0 -6 8 -8 -9 11 0 4 4 -2 -2 -3 3 0 8 5 7 -5 3 -7 -6 0 -6 11 7 0 -19 -1 9 2 -8 -3 -3 -14 2 1 7 0 2 17 4 -2 -4 -3 6 -3 -64 -9 4 -6 -10 -8 -1 -8 3 -7 1 -6 -3 5 7 7 0
-2 0 -6 8 -8 -9 11 0 4 4 -2 -2 -3 3 0 8 5 7 -5 3 -7 -6 0 -6 11 7 0 -19 -1 9 2 -8 -3 -3 -14 2 1 7 0 2 17 4 -2 -4 -3 6 -3 -64 -9 4 -6 -10 -8 -1 -8 3 -7 1 -6 -3 5 7 7 0
-2 0 -6 8 -8 -9 11 0 4 4 -2 -2 -3 3 0 8 5 7 -5 3 -7 -6 0 -6 11 7 0 -19 -1 9 2 -8 -3 -3 -14 2 1 7 0 2 17 4 -2 -4 -3 6 -3 -64 -9 4 -6 -10 -8 -1 -8 3 -7 1 -6 -3 5 7 7 0
-2 0 -6 8 -8 -9 11 0 4 4 -2 -2 -3 3 0 8 5 7 -5 3 -7 -6 0 -6 11 7 0 -19 -1 9 2 -8 -3 -3 -14 2 1 7 0 2 17 4 -2 -4 -3 6 -3 -64 -9 4 -6 -10 -8 -1 -8 3 -7 1 -6 -3 5 7 7 0
-2 0 -6 8 -8 -9 11 0 4 4 -2 -2 -3 3 0 8 5 7 -5 3 -7 -6 0 -6 11 7 0 -19 -1 9 2 -8 -3 -3 -14 2 1 7 0 2 17 4 -2 -4 -3 6 -3 -64 -9 4 -6 -10 -8 -1 -8 3 -7 1 -6 -3 5 7 7 0
-2 0 -6 8 -8 -9 11 0 4 4 -2 -2 -3 3 0 8 5 7 -5 3 -7 -6 0 -6 11 7 0 -19 -1 9 2 -8 -3 -3 -14 2 1 7 0 2 17 4 -2 -4 -3 6 -3 -64 -9 4 -6 -10 -8 -1 -8 3 -7 1 -6 -3 5 7 7 0
-2 0 -6 8 -8 -9 11 0 4 4 -2 -2 -3 3 0 8 5 7 -5 3 -7 -6 0 -6 11 7 0 -19 -1 9 2 -8 -3 -3 -14 2 1 7 0 2 17 4 -2 -4 -3 6 -3 -64 -9 4 -6 -10 -8 -1 -8 3 -7 1 -6 -3 5 7 7 0
-2 0 -6 8 -8 -9 11 0 4 4 -2 -2 -3 3 0 8 5 7 -5 3 -7 -6 0 -6 11 7 0 -19 -1 9 2 -8 -3 -3 -14 2 1 7 0 2 17 4 -2 -4 -3 6 -3 -64 -9 4 -6 -10 -8 -1 -8 3 -7 1 -6 -3 5 7 7 0
-2 0 -6 8 -8 -9 11 0 4 4 -2 -2 -3 3 0 8 5 7 -5 3 -7 -6 0 -6 11 7 0 -19 -1 9 2 -8 -3 -3 -14 2 1 7 0 2 17 4 -2 -4 -3 6 -3 -64 -9 4 -6 -10 -8 -1 -8 3 -7 1 -6 -3 5 7 7 0
-2 0 -6 8 -8 -9 11 0 4 4 -2 -2 -3 3 0 8 5 7 -5 3 -7 -6 0 -6 11 7 0 -19 -1 9 2 -8 -3 -3 -14 2 1 7 0 2 17 4 -2 -4 -3 6 -3 -64 -9 4 -6 -10 -8 -1 -8 3 -7 1 -6 -3 5 7 7 0
-2 0 -6 8 -8 -9 11 0 4 4 -2 -2 -3 3 0 8 5 7 -5 3 -7 -6 0 -6 11 7 0 -19 -1 9 2 -8 -3 -3 -14 2 1 7 0 2 17 4 -2 -4 -3 6 -3 -64 -9 4 -6 -10 -8 -1 -8 3 -7 1 -6 -3 5 7 7 0
-2 0 -6 8 -8 -9 11 0 4 4 -2 -2 -3 3 0 8 5 7 -5 3 -7 -6 0 -6 11 7 0 -19 -1 9 2 -8 -3 -3 -14 2 1 7 0 2 17 4 -2 -4 -3 6 -3 -64 -9 4 -6 -10 -8 -1 -8 3 -7 1 -6 -3 5 7 7 0
-2 0 -6 8 -8 -9 11 0 4 4 -2 -2 -3 3 0 8 5 7 -5 3 -7 -6 0 -6 11 7 0 -19 -1 9 2 -8 -3 -3 -14 2 1 7 0 2 17 4 -2 -4 -3 6 -3 -64 -9 4 -6 -10 -8 -1 -8 3 -7 1 -6 -3 5 7 7 0
-2 0 -6 8 -8 -9 11 0 4 4 -2 -2 -3 3 0 8 5 7 -5 3 -7 -6 0 -6 11 7 0 -19 -1 9 2 -8 -3 -3 -14 2 1 7 0 2 17 4 -2 -4 -3 6 -3 -64 -9 4 -6 -10 -8 -1 -8 3 -7 1 -6 -3 5 7 7 0
-2 0 -6 8 -8 -9 11 0 4 4 -2 -2 -3 3 0 8 5 7 -5 3 -7 -6 0 -6 11 7 0 -19 -1 9 2 -8 -3 -3 -14 2 1 7 0 2 17 4 -2 -4 -3 6 -3 -64 -9 4 -6 -10 -8 -1 -8 3 -7 1 -6 -3 5 7 7 0
-2 0 -6 8 -8 -9 11 0 4 4 -2 -2 -3 3 0 8 5 7 -5 3 -7 -6 0 -6 11 7 0 -19 -1 9 2 -8 -3 -3 -14 2 1 7 0 2 17 4 -2 -4 -3 6 -3 -64 -9 4 -6 -10 -8 -1 -8 3 -7 1 -6 -3 5 7 7 0
-2 0 -6 8 -8 -9 11 0 4 4 -2 -2 -3 3 0 8 5 7 -5 3 -7 -6 0 -6 11 7 0 -19 -1 9 2 -8 -3 -3 -14 2 1 7 0 2 17 4 -2 -4 -3 6 -3 -64 -9 4 -6 -10 -8 -1 -8 3 -7 1 -6 -3 5 7 7 0
-2 0 -6 8 -8 -9 11 0 4 4 -2 -2 -3 3 0 8 5 7 -5 3 -7 -6 0 -6 11 7 0 -19 -1 9 2 -8 -3 -3 -14 2 1 7 0 2 17 4 -2 -4 -3 6 -3 -64 -9 4 -6 -10 -8 -1 -8 3 -7 1 -6 -3 5 7 7 0
-2 0 -6 8 -8 -9 11 0 4 4 -2 -2 -3 3 0 8 5 7 -5 3 -7 -6 0 -6 11 7 0 -19 -1 9 2 -8 -3 -3 -14 2 1 7 0 2 17 4 -2 -4 -3 6 -3 -64 -9 4 -6 -10 -8 -1 -8 3 -7 1 -6 -3 5 7 7 0
-2 0 -6 8 -8 -9 11 0 4 4 -2 -2 -3 3 0 8 5 7 -5 3 -7 -6 0 -6 11 7 0 -19 -1 9 2 -8 -3 -3 -14 2 1 7 0 2 17 4 -2 -4 -3 6 -3 -64 -9 4 -6 -10 -8 -1 -8 3 -7 1 -6 -3 5 7 7 0
-2 0 -6 8 -8 -9 11 0 4 4 -2 -2 -3 3 0 8 5 7 -5 3 -7 -6 0 -6 11 7 0 -19 -1 9 2 -8 -3 -3 -14 2 1 7 0 2 17 4 -2 -4 -3 6 -3 -64 -9 4 -6 -10 -8 -1 -8 3 -7 1 -6 -3 5 7 7 0
-2 0 -6 8 -8 -9 11 0 4 4 -2 -2 -3 3 0 8 5 7 -5 3 -7 -6 0 -6 11 7 0 -19 -1 9 2 -8 -3 -3 -14 2 1 7 0 2 17 4 -2 -4 -3 6 -3 -64 -9 4 -6 -10 -8 -1 -8 3 -7 1 -6 -3 5 7 7 0
-2 0 -6 8 -8 -9 11 0 4 4 -2 -2 -3 3 0 8 5 7 -5 3 -7 -6 0 -6 11 7 0 -19 -1 9 2 -8 -3 -3 -14 2 1 7 0 2 17 4 -2 -4 -3 6 -3 -64 -9 4 -6 -10 -8 -1 -8 3 -7 1 -6 -3 5 7 7 0
-2 0 -6 8 -8 -9 11 0 4 4 -2 -2 -3 3 0 8 5 7 -5 3 -7 -6 0 -6 11 7 0 -19 -1 9 2 -8 -3 -3 -14 2 1 7 0 2 17 4 -2 -4 -3 6 -3 -64 -9 4 -6 -10 -8 -1 -8 3 -7 1 -6 -3 5 7 7 0
-2 0 -6 8 -8 -9 11 0 4 4 -2 -2 -3 3 0 8 5 7 -5 3 -7 -6 0 -6 11 7 0 -19 -1 9 2 -8 -3 -3 -14 2 1 7 0 2 17 4 -2 -4 -3 6 -3 -64 -9 4 -6 -10 -8 -1 -8 3 -7 1 -6 -3 5 7 7 0
-2 0 -6 8 -8 -9 11 0 4 4 -2 -2 -3 3 0 8 5 7 -5 3 -7 -6 0 -6 11 7 0 -19 -1 9 2 -8 -3 -3 -14 2 1 7 0 2 17 4 -2 -4 -3 6 -3 -64 -9 4 -6 -10 -8 -1 -8 3 -7 1 -6 -3 5 7 7 0
-2 0 -6 8 -8 -9 11 0 4 4 -2 -2 -3 3 0 8 5 7 -5 3 -7 -6 0 -6 11 7 0 -19 -1 9 2 -8 -3 -3 -14 2 1 7 0 2 17 4 -2 -4 -3 6 -3 -64 -9 4 -6 -10 -8 -1 -8 3 -7 1 -6 -3 5 7 7 0
-2 0 -6 8 -8 -9 11 0 4 4 -2 -2 -3 3 0 8 5 7 -5 3 -7 -6 0 -6 11 7 0 -19 -1 9 2 -8 -3 -3 -14 2 1 7 0 2 17 4 -2 -4 -3 6 -3 -64 -9 4 -6 -10 -8 -1 -8 3 -7 1 -6 -3 5 7 7 0
-2 0 -6 8 -8 -9 11 0 4 4 -2 -2 -3 3 0 8 5 7 -5 3 -7 -6 0 -6 11 7 0 -19 -1 9 2 -8 -3 -3 -14 2 1 7 0 2 17 4 -2 -4 -3 6 -3 -64 -9 4 -6 -10 -8 -1 -8 3 -7 1 -6 -3 5 7 7 0
-2 0 -6 8 -8 -9 11 0 4 4 -2 -2 -3 3 0 8 5 7 -5 3 -7 -6 0 -6 11 7 0 -19 -1 9 2 -8 -3 -3 -14 2 1 7 0 2 17 4 -2 -4 -3 6 -3 -64 -9 4 -6 -10 -8 -1 -8 3 -7 1 -6 -3 5 7 7 0
-2 0 -6 8 -8 -9 11 0 4 4 -2 -2 -3 3 0 8 5 7 -5 3 -7 -6 0 -6 11 7 0 -19 -1 9 2 -8 -3 -3 -14 2 1 7 0 2 17 4 -2 -4 -3 6 -3 -64 -9 4 -6 -10 -8 -1 -8 3 -7 1 -6 -3 5 7 7 0
-2 0 -6 8 -8 -9 11 0 4 4 -2 -2 -3 3 0 8 5 7 -5 3 -7 -6 0 -6 11 7 0 -19 -1 9 2 -8 -3 -3 -14 2 1 7 0 2 17 4 -2 -4 -3 6 -3 -64 -9 4 -6 -10 -8 -1 -8 3 -7 1 -6 -3 5 7 7 0
-2 0 -6 8 -8 -9 11 0 4 4 -2 -2 -3 3 0 8 5 7 -5 3 -7 -6 0 -6 11 7 0 -19 -1 9 2 -8 -3 -3 -14 2 1 7 0 2 17 4 -2 -4 -3 6 -3 -64 -9 4 -6 -10 -8 -1 -8 3 -7 1 -6 -3 5 7 7 0
-2 0 -6 8 -8 -9 11 0 4 4 -2 -2 -3 3 0 8 5 7 -5 3 -7 -6 0 -6 11 7 0 -19 -1 9 2 -8 -3 -3 -14 2 1 7 0 2 17 4 -2 -4 -3 6 -3 -64 -9 4 -6 -10 -8 -1 -8 3 -7 1 -6 -3 5 7 7 0
-2 0 -6 8 -8 -9 11 0 4 4 -2 -2 -3 3 0 8 5 7 -5 3 -7 -6 0 -6 11 7 0 -19 -1 9 2 -8 -3 -3 -14 2 1 7 0 2 17 4 -2 -4 -3 6 -3 -64 -9 4 -6 -10 -8 -1 -8 3 -7 1 -6 -3 5 7 7 0
-2 0 -6 8 -8 -9 11 0 4 4 -2 -2 -3 3 0 8 5 7 -5 3 -7 -6 0 -6 11 7 0 -19 -1 9 2 -8 -3 -3 -14 2 1 7 0 2 17 4 -2 -4 -3 6 -3 -64 -9 4 -6 -10 -8 -1 -8 3 -7 1 -6 -3 5 7 7 0
-2 0 -6 8 -8 -9 11 0 4 4 -2 -2 -3 3 0 8 5 7 -5 3 -7 -6 0 -6 11 7 0 -19 -1 9 2 -8 -3 -3 -14 2 1 7 0 2 17 4 -2 -4 -3 6 -3 -64 -9 4 -6 -10 -8 -1 -8 3 -7 1 -6 -3 5 7 7 0
-2 0 -6 8 -8 -9 11 0 4 4 -2 -2 -3 3 0 8 5 7 -5 3 -7 -6 0 -6 11 7 0 -19 -1 9 2 -8 -3 -3 -14 2 1 7 0 2 17 4 -2 -4 -3 6 -3 -64 -9 4 -6 -10 -8 -1 -8 3 -7 1 -6 -3 5 7 7 0
-2 0 -6 8 -8 -9 11 0 4 4 -2 -2 -3 3 0 8 5 7 -5 3 -7 -6 0 -6 11 7 0 -19 -1 9 2 -8 -3 -3 -14 2 1 7 0 2 17 4 -2 -4 -3 6 -3 -64 -9 4 -6 -10 -8 -1 -8 3 -7 1 -6 -3 5 7 7 0
-2 0 -6 8 -8 -9 11 0 4 4 -2 -2 -3 3 0 8 5 7 -5 3 -7 -6 0 -6 11 7 0 -19 -1 9 2 -8 -3 -3 -14 2 1 7 0 2 17 4 -2 -4 -3 6 -3 -64 -9 4 -6 -10 -8 -1 -8 3 -7 1 -6 -3 5 7 7 0
-2 0 -6 8 -8 -9 11 0 4 4 -2 -2 -3 3 0 8 5 7 -5 3 -7 -6 0 -6 11 7 0 -19 -1 9 2 -8 -3 -3 -14 2 1 7 0 2 17 4 -2 -4 -3 6 -3 -64 -9 4 -6 -10 -8 -1 -8 3 -7 1 -6 -3 5 7 7 0
-2 0 -6 8 -8 -9 11 0 4 4 -2 -2 -3 3 0 8 5 7 -5 3 -7 -6 0 -6 11 7 0 -19 -1 9 2 -8 -3 -3 -14 2 1 7 0 2 17 4 -2 -4 -3 6 -3 -64 -9 4 -6 -10 -8 -1 -8 3 -7 1 -6 -3 5 7 7 0
-2 0 -6 8 -8 -9 11 0 4 4 -2 -2 -3 3 0 8 5 7 -5 3 -7 -6 0 -6 11 7 0 -19 -1 9 2 -8 -3 -3 -14 2 1 7 0 2 17 4 -2 -4 -3 6 -3 -64 -9 4 -6 -10 -8 -1 -8 3 -7 1 -6 -3 5 7 7 0
-2 0 -6 8 -8 -9 11 0 4 4 -2 -2 -3 3 0 8 5 7 -5 3 -7 -6 0 -6 11 7 0 -19 -1 9 2 -8 -3 -3 -14 2 1 7 0 2 17 4 -2 -4 -3 6 -3 -64 -9 4 -6 -10 -8 -1 -8 3 -7 1 -6 -3 5 7 7 0
-2 0 -6 8 -8 -9 11 0 4 4 -2 -2 -3 3 0 8 5 7 -5 3 -7 -6 0 -6 11 7 0 -19 -1 9 2 -8 -3 -3 -14 2 1 7 0 2 17 4 -2 -4 -3 6 -3 -64 -9 4 -6 -10 -8 -1 -8 3 -7 1 -6 -3 5 7 7 0
-2 0 -6 8 -8 -9 11 0 4 4 -2 -2 -3 3 0 8 5 7 -5 3 -7 -6 0 -6 11 7 0 -19 -1 9 2 -8 -3 -3 -14 2 1 7 0 2 17 4 -2 -4 -3 6 -3 -64 -9 4 -6 -10 -8 -1 -8 3 -7 1 -6 -3 5 7 7 0
-2 0 -6 8 -8 -9 11 0 4 4 -2 -2 -3 3 0 8 5 7 -5 3 -7 -6 0 -6 11 7 0 -19 -1 9 2 -8 -3 -3 -14 2 1 7 0 2 17 4 -2 -4 -3 6 -3 -64 -9 4 -6 -10 -8 -1 -8 3 -7 1 -6 -3 5 7 7 0
-2 0 -6 8 -8 -9 11 0 4 4 -2 -2 -3 3 0 8 5 7 -5 3 -7 -6 0 -6 11 7 0 -19 -1 9 2 -8 -3 -3 -14 2 1 7 0 2 17 4 -2 -4 -3 6 -3 -64 -9 4 -6 -10 -8 -1 -8 3 -7 1 -6 -3 5 7 7 0
-2 0 -6 8 -8 -9 11 0 4 4 -2 -2 -3 3 0 8 5 7 -5 3 -7 -6 0 -6 11 7 0 -19 -1 9 2 -8 -3 -3 -14 2 1 7 0 2 17 4 -2 -4 -3 6 -3 -64 -9 4 -6 -10 -8 -1 -8 3 -7 1 -6 -3 5 7 7 0
-2 0 -6 8 -8 -9 11 0 4 4 -2 -2 -3 3 0 8 5 7 -5 3 -7 -6 0 -6 11 7 0 -19 -1 9 2 -8 -3 -3 -14 2 1 7 0 2 17 4 -2 -4 -3 6 -3 -64 -9 4 -6 -10 -8 -1 -8 3 -7 1 -6 -3 5 7 7 0
-2 0 -6 8 -8 -9 11 0 4 4 -2 -2 -3 3 0 8 5 7 -5 3 -7 -6 0 -6 11 7 0 -19 -1 9 2 -8 -3 -3 -14 2 1 7 0 2 17 4 -2 -4 -3 6 -3 -64 -9 4 -6 -10 -8 -1 -8 3 -7 1 -6 -3 5 7 7 0
-2 0 -6 8 -8 -9 11 0 4 4 -2 -2 -3 3 0 8 5 7 -5 3 -7 -6 0 -6 11 7 0 -19 -1 9 2 -8 -3 -3 -14 2 1 7 0 2 17 4 -2 -4 -3 6 -3 -64 -9 4 -6 -10 -8 -1 -8 3 -7 1 -6 -3 5 7 7 0
-2 0 -6 8 -8 -9 11 0 4 4 -2 -2 -3 3 0 8 5 7 -5 3 -7 -6 0 -6 11 7 0 -19 -1 9 2 -8 -3 -3 -14 2 1 7 0 2 17 4 -2 -4 -3 6 -3 -64 -9 4 -6 -10 -8 -1 -8 3 -7 1 -6 -3 5 7 7 0
-2 0 -6 8 -8 -9 11 0 4 4 -2 -2 -3 3 0 8 5 7 -5 3 -7 -6 0 -6 11 7 0 -19 -1 9 2 -8 -3 -3 -14 2 1 7 0 2 17 4 -2 -4 -3 6 -3 -64 -9 4 -6 -10 -8 -1 -8 3 -7 1 -6 -3 5 7 7 0
-2 0 -6 8 -8 -9 11 0 4 4 -2 -2 -3 3 0 8 5 7 -5 3 -7 -6 0 -6 11 7 0 -19 -1 9 2 -8 -3 -3 -14 2 1 7 0 2 17 4 -2 -4 -3 6 -3 -64 -9 4 -6 -10 -8 -1 -8 3 -7 1 -6 -3 5 7 7 0
-2 0 -6 8 -8 -9 11 0 4 4 -2 -2 -3 3 0 8 5 7 -5 3 -7 -6 0 -6 11 7 0 -19 -1 9 2 -8 -3 -3 -14 2 1 7 0 2 17 4 -2 -4 -3 6 -3 -64 -9 4 -6 -10 -8 -1 -8 3 -7 1 -6 -3 5 7 7 0
-2 0 -6 8 -8 -9 11 0 4 4 -2 -2 -3 3 0 8 5 7 -5 3 -7 -6 0 -6 11 7 0 -19 -1 9 2 -8 -3 -3 -14 2 1 7 0 2 17 4 -2 -4 -3 6 -3 -64 -9 4 -6 -10 -8 -1 -8 3 -7 1 -6 -3 5 7 7 0
-2 0 -6 8 -8 -9 11 0 4 4 -2 -2 -3 3 0 8 5 7 -5 3 -7 -6 0 -6 11 7 0 -19 -1 9 2 -8 -3 -3 -14 2 1 7 0 2 17 4 -2 -4 -3 6 -3 -64 -9 4 -6 -10 -8 -1 -8 3 -7 1 -6 -3 5 7 7 0
-2 0 -6 8 -8 -9 11 0 4 4 -2 -2 -3 3 0 8 5 7 -5 3 -7 -6 0 -6 11 7 0 -19 -1 9 2 -8 -3 -3 -14 2 1 7 0 2 17 4 -2 -4 -3 6 -3 -64 -9 4 -6 -10 -8 -1 -8 3 -7 1 -6 -3 5 7 7 0
-2 0 -6 8 -8 -9 11 0 4 4 -2 -2 -3 3 0 8 5 7 -5 3 -7 -6 0 -6 11 7 0 -19 -1 9 2 -8 -3 -3 -14 2 1 7 0 2 17 4 -2 -4 -3 6 -3 -64 -9 4 -6 -10 -8 -1 -8 3 -7 1 -6 -3 5 7 7 0
-2 0 -6 8 -8 -9 11 0 4 4 -2 -2 -3 3 0 8 5 7 -5 3 -7 -6 0 -6 11 7 0 -19 -1 9 2 -8 -3 -3 -14 2 1 7 0 2 17 4 -2 -4 -3 6 -3 -64 -9 4 -6 -10 -8 -1 -8 3 -7 1 -6 -3 5 7 7 0
-2 0 -6 8 -8 -9 11 0 4 4 -2 -2 -3 3 0 8 5 7 -5 3 -7 -6 0 -6 11 7 0 -19 -1 9 2 -8 -3 -3 -14 2 1 7 0 2 17 4 -2 -4 -3 6 -3 -64 -9 4 -6 -10 -8 -1 -8 3 -7 1 -6 -3 5 7 7 0
-2 0 -6 8 -8 -9 11 0 4 4 -2 -2 -3 3 0 8 5 7 -5 3 -7 -6 0 -6 11 7 0 -19 -1 9 2 -8 -3 -3 -14 2 1 7 0 2 17 4 -2 -4 -3 6 -3 -64 -9 4 -6 -10 -8 -1 -8 3 -7 1 -6 -3 5 7 7 0
-2 0 -6 8 -8 -9 11 0 4 4 -2 -2 -3 3 0 8 5 7 -5 3 -7 -6 0 -6 11 7 0 -19 -1 9 2 -8 -3 -3 -14 2 1 7 0 2 17 4 -2 -4 -3 6 -3 -64 -9 4 -6 -10 -8 -1 -8 3 -7 1 -6 -3 5 7 7 0
-2 0 -6 8 -8 -9 11 0 4 4 -2 -2 -3 3 0 8 5 7 -5 3 -7 -6 0 -6 11 7 0 -19 -1 9 2 -8 -3 -3 -14 2 1 7 0 2 17 4 -2 -4 -3 6 -3 -64 -9 4 -6 -10 -8 -1 -8 3 -7 1 -6 -3 5 7 7 0
-2 0 -6 8 -8 -9 11 0 4 4 -2 -2 -3 3 0 8 5 7 -5 3 -7 -6 0 -6 11 7 0 -19 -1 9 2 -8 -3 -3 -14 2 1 7 0 2 17 4 -2 -4 -3 6 -3 -64 -9 4 -6 -10 -8 -1 -8 3 -7 1 -6 -3 5 7 7 0
-2 0 -6 8 -8 -9 11 0 4 4 -2 -2 -3 3 0 8 5 7 -5 3 -7 -6 0 -6 11 7 0 -19 -1 9 2 -8 -3 -3 -14 2 1 7 0 2 17 4 -2 -4 -3 6 -3 -64 -9 4 -6 -10 -8 -1 -8 3 -7 1 -6 -3 5 7 7 0
-2 0 -6 8 -8 -9 11 0 4 4 -2 -2 -3 3 0 8 5 7 -5 3 -7 -6 0 -6 11 7 0 -19 -1 9 2 -8 -3 -3 -14 2 1 7 0 2 17 4 -2 -4 -3 6 -3 -64 -9 4 -6 -10 -8 -1 -8 3 -7 1 -6 -3 5 7 7 0
-2 0 -6 8 -8 -9 11 0 4 4 -2 -2 -3 3 0 8 5 7 -5 3 -7 -6 0 -6 11 7 0 -19 -1 9 2 -8 -3 -3 -14 2 1 7 0 2 17 4 -2 -4 -3 6 -3 -64 -9 4 -6 -10 -8 -1 -8 3 -7 1 -6 -3 5 7 7 0
-2 0 -6 8 -8 -9 11 0 4 4 -2 -2 -3 3 0 8 5 7 -5 3 -7 -6 0 -6 11 7 0 -19 -1 9 2 -8 -3 -3 -14 2 1 7 0 2 17 4 -2 -4 -3 6 -3 -64 -9 4 -6 -10 -8 -1 -8 3 -7 1 -6 -3 5 7 7 0
-2 0 -6 8 -8 -9 11 0 4 4 -2 -2 -3 3 0 8 5 7 -5 3 -7 -6 0 -6 11 7 0 -19 -1 9 2 -8 -3 -3 -14 2 1 7 0 2 17 4 -2 -4 -3 6 -3 -64 -9 4 -6 -10 -8 -1 -8 3 -7 1 -6 -3 5 7 7 0
-2 0 -6 8 -8 -9 11 0 4 4 -2 -2 -3 3 0 8 5 7 -5 3 -7 -6 0 -6 11 7 0 -19 -1 9 2 -8 -3 -3 -14 2 1 7 0 2 17 4 -2 -4 -3 6 -3 -64 -9 4 -6 -10 -8 -1 -8 3 -7 1 -6 -3 5 7 7 0
-2 0 -6 8 -8 -9 11 0 4 4 -2 -2 -3 3 0 8 5 7 -5 3 -7 -6 0 -6 11 7 0 -19 -1 9 2 -8 -3 -3 -14 2 1 7 0 2 17 4 -2 -4 -3 6 -3 -64 -9 4 -6 -10 -8 -1 -8 3 -7 1 -6 -3 5 7 7 0
-2 0 -6 8 -8 -9 11 0 4 4 -2 -2 -3 3 0 8 5 7 -5 3 -7 -6 0 -6 11 7 0 -19 -1 9 2 -8 -3 -3 -14 2 1 7 0 2 17 4 -2 -4 -3 6 -3 -64 -9 4 -6 -10 -8 -1 -8 3 -7 1 -6 -3 5 7 7 0
-2 0 -6 8 -8 -9 11 0 4 4 -2 -2 -3 3 0 8 5 7 -5 3 -7 -6 0 -6 11 7 0 -19 -1 9 2 -8 -3 -3 -14 2 1 7 0 2 17 4 -2 -4 -3 6 -3 -64 -9 4 -6 -10 -8 -1 -8 3 -7 1 -6 -3 5 7 7 0
-2 0 -6 8 -8 -9 11 0 4 4 -2 -2 -3 3 0 8 5 7 -5 3 -7 -6 0 -6 11 7 0 -19 -1 9 2 -8 -3 -3 -14 2 1 7 0 2 17 4 -2 -4 -3 6 -3 -64 -9 4 -6 -10 -8 -1 -8 3 -7 1 -6 -3 5 7 7 0
-2 0 -6 8 -8 -9 11 0 4 4 -2 -2 -3 3 0 8 5 7 -5 3 -7 -6 0 -6 11 7 0 -19 -1 9 2 -8 -3 -3 -14 2 1 7 0 2 17 4 -2 -4 -3 6 -3 -64 -9 4 -6 -10 -8 -1 -8 3 -7 1 -6 -3 5 7 7 0
-2 0 -6 8 -8 -9 11 0 4 4 -2 -2 -3 3 0 8 5 7 -5 3 -7 -6 0 -6 11 7 0 -19 -1 9 2 -8 -3 -3 -14 2 1 7 0 2 17 4 -2 -4 -3 6 -3 -64 -9 4 -6 -10 -8 -1 -8 3 -7 1 -6 -3 5 7 7 0
-2 0 -6 8 -8 -9 11 0 4 4 -2 -2 -3 3 0 8 5 7 -5 3 -7 -6 0 -6 11 7 0 -19 -1 9 2 -8 -3 -3 -14 2 1 7 0 2 17 4 -2 -4 -3 6 -3 -64 -9 4 -6 -10 -8 -1 -8 3 -7 1 -6 -3 5 7 7 0
-2 0 -6 8 -8 -9 11 0 4 4 -2 -2 -3 3 0 8 5 7 -5 3 -7 -6 0 -6 11 7 0 -19 -1 9 2 -8 -3 -3 -14 2 1 7 0 2 17 4 -2 -4 -3 6 -3 -64 -9 4 -6 -10 -8 -1 -8 3 -7 1 -6 -3 5 7 7 0
-2 0 -6 8 -8 -9 11 0 4 4 -2 -2 -3 3 0 8 5 7 -5 3 -7 -6 0 -6 11 7 0 -19 -1 9 2 -8 -3 -3 -14 2 1 7 0 2 17 4 -2 -4 -3 6 -3 -64 -9 4 -6 -10 -8 -1 -8 3 -7 1 -6 -3 5 7 7 0
