2175694
1156352
2053970
542158
2091964
4170685
2443805
2389056
873785
1186563
2985666
2544313
2489665
94602
564554
3462740
1784363
1903892
1228290
1235564
1788647
2047698
3785569
970659
2380707
1924204
-70160
1389747
2431592
2839678
3090534
2720381
1060007
1426734
1387237
-1085298
3193773
3885000
-3162953
1781780
1261461
4294936
1721546
423772
669825
1567740
948766
6405272
1742619
1709669
761457
1729336
2192151
2266319
2321128
3094952
2199572
825798
206637
2880839
969602
-10097943
-281491
9681
1303151
1560208
2080718
971003
2179103
2423664
2183449
2682082
1919629
2666535
2995857
6334108
2479246
19455136
2418659
-885827
394307
1128848
2430467
1981658
492693
3730980
2751671
771508
2604571
2077557
1309378
2940924
2475836
-881673
1662569
-730021
2557645
1703060
2964651
2072840
-2184215
2059050
2509674
2367925
2088123
3463027
2724639
767059
1272950
1846914
2757993
2569021
2742448
2603704
763399
454603
635667
1528404
1366148
-11895
1470174
2569145
1428995
1087434
-196853
2078779
2427576
2790289
2914793
1665835
3798973
2765133
1153062
-147973
2438755
1703715
2323234
2948413
2548915
1470041
1554669
1465648
103706
2556277
-3266118
3034102
2848879
2343339
3252330
1408059
3064090
1718849
481553
2892781
3756943
1167140
1963570
-2213414
1046503
-1503599
416463
1440995
144078
2345665
1921035
676678
1313728
1433307
1954146
1485395
1751785
2968169
2508303
2558135
2123937
1905947
1790476
332210
715679
443165
387068
857379
1619575
205328
2128030
681496
1541337
1801524
4310743
3052609
2385884
2757546
1758090
-435921
1522554
2010428
882090
3505415
2627389
992894
1334610
1441891
1710934
1801909
2434558
2173848
1815850
2408658
2279799
1092809
1203650
-2461013
1862146
-415089
2023208
2479067
1847915
17444332
2858218
10163481
1723390
1485692
53998
1215838
-32062
1148037
2568234
3154694
2234043
-298236
2049987
2896275
2538595
1591575
3857132
778041
1926922
2318648
1917569
2448258
5638511
1267120
2826914
720557
1687379
-1536931
1895175
3944016
2186754
-325661
1025467
2481004
984897
2284143
-502867
2671056
2071024
1704570
587025
2334911
973349
2722582
233602
1515223
835456
1917857
3057054
2068813
1339208
2271104
1521992
1384569
1473514
1543148
1915446
2489223
2304975
4129164
2770059
1738185
735567
2635989
3811454
2579749
1871078
1751507
2015706
2497243
1058299
973796
1986790
1622506
2096369
413585
1441849
2360158
2845577
1738112
578355
1386421
601065
963217
-346258
674816
120223
2661721
-264445
2495342
166947
1200887
314268
1324849
1873429
3229880
1496069
1406495
3013617
2899714
1744164
2376087
-97136
1769237
1844313
731601
2976524
1085554
3495138
3370252
2674483
3265721
9741120
-110492
981152
143700
2313591
2454317
341983
2223822
2904900
1307031
2666414
1726236
2762769
1631042
2660058
3286055
2155119
-246258
2662948
2939833
2086983
176807
1909073
2579325
2094717
1244896
1163177
2350332
636336
2068217
2301137
-4830982
1581548
2540884
2386994
2681696
4269181
775245
1049801
159844
2466185
729131
1030832
119671
1390754
1360547
781244
1019206
637397
562952
911917
842946
2624269
1074524
2507231
1728951
-1327221
2027464
3281543
2168495
1222326
3424318
2853493
278677
1787590
-23831
-67799
-748650
2777699
263089
1834183
1502802
455507
218285
1719932
4014826
2245971
2107770
2483856
1752834
2675033
1752746
419560
689359
2377774
1832178
2828210
2044922
800906
348386
2228314
1683716
1255734
2758073
-449403
1649692
1265257
2402235
1326080
2797914
2257657
1251000
769360
1858329
77523
2181471
2541850
3041116
3026793
1759163
2000994
1511643
1739371
3600013
2075978
737915
3516888
3442245
2371474
241863
2035733
1406293
3523175
12660161
1844956
2795143
1431812
1733746
-500873
1661538
3257861
1833137
2124982
1636899
1366432
602199
1213749
655114
1926740
-236959
2644464
1184084
556689
3503357
300985
1646233
3058212
540983
1343030
1905736
2932630
1099166
1937752
1422991
573634
936161
2797281
1378133
1765828
879233
2351570
927331
2155060
1749915
-18896464
2620646
13454606
2109145
5100531
1908003
587704
2693792
2807201
1598607
1586655
2628928
1500444
695974
1110549
702281
121028
977128
3189679
2036000
1037985
2328742
2723985
4340886
37397
915916
1683858
1768821
2677810
3294109
-73708
926024
-75955
1658937
2024118
2191368
-106029
1978520
2384948
2578013
2898483
1835717
307088
2404917
440577
1825563
3609742
3343258
-174599
723518
1818000
2111670
287501
2360365
1380232
1311655
2009171
-15250613
2210730
2176977
1527844
2600048
749874
1990764
2294868
4103396
2676119
5488402
2810325
809292
2136864
1662165
725007
2185267
2536636
3116642
-2240532
2890796
716874
1300758
1851113
1523921
2037678
581011
1541062
2129399
2380535
2213343
1456459
1982373
2189956
1760296
2009037
1698062
-20352966
1942755
2245333
3192242
3014037
1562318
857873
-209752
2607863
2618453
1917107
-646173
2850562
2484528
3952138
2990947
3171016
955098
2892699
654671
2101534
-153991
910436
-619402
1297851
1696872
3340757
2095730
1478608
1276355
2584824
1084866
1010495
2140479
927814
1880185
2613898
2334088
2225545
828880
906980
259808
1290217
2123827
2780487
960334
2542287
1684306
3177190
1816610
1373648
806868
4163035
1302362
1010023
1439663
2574004
1484623
1554605
349128
789812
2248387
1760595
3630148
4026880
1836410
2273818
573861
-2421493
642701
2091561
2267785
1127258
462463
890066
-186435
-6332544
1383293
3605410
1152730
299875
256688
2097476
2155402
510144
392388
905598
1943239
4338009
3287050
957079
2988350
3127744
1998000
2110811
4381903
1975992
1518246
1337305
1103437
2389219
3458748
2364084
1274177
824223
774527
3359210
3470362
3271412
239508
3181924
751151
3171972
456688
5468086
1216205
2423943
2555282
3045335
53193
1539083
1206431
2491159
3998276
1666030
2409753
1689469
2112817
1922074
1651692
106790
361101
509511
959303
1395942
1273131
1503162
1913120
2206778
1972266
528805
2482724
1198577
9100963
1468910
1023630
2409651
2948501
2478379
3359113
1605810
3182449
2656991
-781510
2572034
912703
507802
1138505
987261
2923531
1471679
3914886
1407191
3021710
3166373
2605333
-1201911
1738676
1656192
3233346
2084566
1285866
2346846
2044545
2362872
606349
1240227
2765280
944026
1803725
