-71939296
-94068568
-200303008
-44352124
-57370560
-105723656
-55532348
-51808516
-82064136
-18273126
-31719358
-88009392
-113236280
-83430888
-77619088
-32112146
-133758240
-71714040
-103733928
-147510336
-105062384
-27734304
-114317040
-48003936
-69936480
-53998900
-117408264
-54792920
-21342968
-149464560
-63960132
-118131312
-82869712
-66025028
-86930784
-48312716
-90824496
-38882156
-63944764
-90248416
-37984588
-100092112
-83077232
-13974494
-8306830
-48185216
-62112284
-74179896
-129272936
-80546280
-44731804
-76050456
-38188596
-37132712
-76045352
-142999504
-130958256
-131847840
-42503124
-59159812
-67201560
-44879744
-91123144
-76188056
-58231488
-62610080
-84428360
-35248164
-46803624
-60355420
-75371048
-67155544
-51700960
-175371584
-41056828
-99490704
-20348928
-28227292
-80312240
-94997016
-50077268
-60201308
-113344448
-59959616
-36997068
-62583420
-54547680
-71268440
-9568549
-89382352
-43455948
-36949868
-76444712
-39408128
-82104760
-21582634
-96832368
-92086272
-64669416
-51470072
-52414408
-40934756
-57113460
-53500700
-54669012
-64157160
-54344924
-55108236
-48197692
-74775736
-73632896
-65385512
-37642088
-47026192
-79533416
-65690116
-63215268
-125468832
-71310672
-117566312
-89781168
-46151664
-105609912
-53798012
-268700672
-74852504
-38620356
-57779596
-33442628
-59654644
-76790032
-54629852
-107392712
-113742016
-54562960
-42611392
-82113064
-39547252
-33517076
-101428480
-98639672
-64649924
-167797728
-82090432
-123311992
-122991536
-122744232
-122222784
-90589760
-84682176
-108286512
-9351206
-85388512
-57486652
-57864248
-55517208
-70708712
-113991968
-126423448
-72563760
-97853576
-66098792
-52919664
-66578744
-75774864
-113722344
-108392136
-86844328
-118409232
-92477472
-72665400
-48058504
-88716976
-63752916
-65788564
-43188128
-93555840
-27208904
-88987520
-9441654
-80299200
-58120420
-74289552
-84103688
-93541640
-96869680
-109068280
-136349408
-82474960
-79553912
-53571256
-35786104
-29414526
-129474264
-112892240
-65671728
-97741544
-78794600
-84764200
-75222936
-110397456
-72836368
-56881508
-30171692
-60860020
-45954064
-38203160
-60663356
-48631704
-51537120
-180330224
-117253504
-81372496
-90108464
-40012476
-75947024
-62544520
-93738960
-309161984
-42900376
-103245592
-67905848
-60966008
-51910432
-37816904
-35566336
-71177352
-48370432
-123659056
-85217800
-57206576
-58621516
-42690716
-80894832
-54797300
-38059120
-107701632
-135120048
-43687520
-65388248
-94493880
-36994460
-78944864
-54119828
-81408304
-29923002
-78014840
-46021796
-64158200
-49766400
-77197840
-43565928
-102961680
-40374776
-80470944
-56575568
-89384600
-63530428
-85405576
-61192608
-49221948
-142051008
-86334624
-77972760
-19284492
-54329088
-83164752
-52264796
-169419536
-93519032
-31721156
-67205224
-29706198
-12875200
-33532184
-61260428
-123966352
-42354944
-119411784
-76241952
-60637220
-59643220
-62052632
-75543720
-79945160
-61670700
-60774528
-44157352
-32925086
-117217464
-108403520
-8972274
-49038744
-118249184
-87626064
-126986824
-79363592
-68330288
-71729040
-25688392
-57016776
-86590648
-47662724
-95054808
-12437425
-333185056
-83066336
-45056656
-38559124
-117472600
-113022904
-108823504
-78752512
-83681000
-72610064
-112191792
-86478600
-54218212
-117943960
-33474726
-131093048
-55866340
-74185152
-118852600
-46069736
-51068748
-115228392
-90795056
-88098984
-86520952
-68099736
-63490804
-112383304
-54195228
-37939516
-62527540
-58189764
-68935384
-124815112
-29221478
-32921492
-131835456
-50175480
-41245660
-30237738
-38185392
-65588628
-51920692
-77218624
-46286372
-66884972
-29760300
-46494328
-71328296
-70076848
-48527248
-27779000
-29379154
-137844384
-56541648
-105013016
-24296288
-64907984
-168297760
-31527538
-40683596
-90134472
-39520540
-88919208
-62220912
-123110896
-93741392
-42472708
-77632496
-60052844
-73275480
-24788020
-46576996
-94378056
-46059492
-48582580
-78204816
-106404856
-108562704
-36797108
-87271288
-54364332
-109735152
-103703464
-38263152
-71737264
-53351648
-38060400
-54883380
-64828204
-121744664
-46182224
-33017156
-47556440
-70541008
-118202256
-56263392
-30928816
-74172592
-53975728
-79072040
-93708480
-120011712
-28506612
-66327484
-53667340
-74284032
-99434704
-47745760
-51159476
-32112288
-61717276
-18957270
-128115152
-48605348
-94920632
-71358768
-161704848
-49283804
-197093984
-90371480
-52773172
-46814292
-52016160
-51361024
-102762888
-38033412
-122060112
-67827232
-56273864
-67725520
-101355152
-35003796
-122304736
-16199518
-57246896
-113805216
-91439648
-62737492
-89872376
-95118840
-32283106
-60620288
-37280124
-97375872
-123468256
-27066504
-90611784
-44881448
-116439528
-131136064
-68598872
-24524814
-151698560
-40563872
-98147744
-69276232
-76690048
-42044028
-60071092
-74914392
-77558856
-43560472
-149421680
-57576812
-86161192
-102878096
-11381633
-83310384
-59622160
-79167336
-102253096
-95920920
-67682264
-78249656
-95502072
-57170592
-136842560
-82176360
-77104256
-32760450
-55188852
-45550856
-123280136
-67791216
-54213540
-14606631
-77675408
-100601472
-92912184
-50014604
-66243468
-47670504
-96348448
-90744400
-73935272
-79394968
-113174392
-96426880
-89318208
-117993280
-94244888
-79076896
-102789184
-73280976
-63261704
-78016936
-47708404
-82581728
-36495980
-35112424
-26407322
-52114600
-66009820
-54885468
-102687016
-108870224
-65625408
-27582076
-9393626
-98688384
-34281156
-28696522
-47019816
-47067480
-118728640
-132305416
-68538616
-42133520
-151539600
-52714444
-51194964
-75149032
-48947524
-84614496
-31475564
-44894440
-60480724
-108903376
-108776104
-49533316
-21823394
-72982920
-109738992
-44110108
-145565744
-88387848
-127817560
-61385312
-73869320
-42076448
-46930340
-76925528
-54588600
-61140076
-118315056
-48713872
-126520384
-37988416
-72215712
-113116320
-94414424
-20944238
-64845920
-149618080
-22268228
-45082020
-99356144
-60889832
-55540504
-81818784
-63817580
-95863432
-105806704
-121471576
-25750262
-60715464
-41824684
-137071728
-86283200
-60398116
-40912272
-177793680
-66016912
-102508976
-141192736
-74323760
-95387232
-78047344
-31020568
-117201784
-32780010
-26715370
-28312424
-124027184
-77366152
-77703608
-109402304
-72577624
-60795468
-40212616
-114486008
-61194252
-49129684
-99842816
-74800784
-43928284
-18581420
-31602502
-84530736
-60430200
-51372304
-52261164
-82318928
-54952660
-78801288
-101210064
-187528272
-79845216
-32349906
-86052272
-21285988
-39480328
-43904560
-42394372
-63946780
-84169488
-51795652
-40723304
-143681600
-78022120
-105547528
-74032760
-92893088
-131868184
-40732728
-66511884
-48821528
-33038590
-82072016
-67266408
-83913096
-101415184
-55161292
-97957016
-144887280
-68494840
-41007044
-24440462
-121519528
-98756272
-75603160
-31500654
-75641408
-85688752
-109564696
-53278024
-9136924
-45202680
-59031840
-57714076
-91835032
-87342640
-106908600
-120823208
-112884176
-31114214
-44579052
-53836112
-103937080
-42703700
-38171452
-21897290
-27780338
-68829448
-83345560
-156236848
-101269712
-53805776
-67827936
-84379448
-98107728
-36840660
-54017360
-70672344
-107426672
-62067140
-57896360
-66002372
-94725528
-85147688
-78353864
-51450672
-84756216
-29292322
-114489336
-90310288
-104810720
-31773396
-37233824
-132627616
-102372456
-41477968
-41155384
-65267084
-108661808
-94017184
-55807736
-132255472
-119545928
-96151784
-83114336
-38800452
-36247288
-121791744
-92484576
-80437712
-63927976
-62862548
-29700460
-79142144
-120571040
-76604280
-92328056
-36499136
-81044440
-88277072
-78931032
-9608560
-45415380
-83327128
-71678952
-74084688
-89340168
-89722472
-124837336
-76156928
-37206072
-65973800
-61182272
-95544344
-121322992
-53092444
-83245736
-177455696
-44621216
-83281184
-93899296
-110227280
-45889876
-75699144
-31106104
-43658052
-54748648
-60571924
-127375536
-116600648
-43379600
-50275376
-100003328
-44574996
-83800264
-157472656
-61141320
-65265676
-101350968
-51486036
-109506656
-65393884
-87562744
-122768976
-43218636
-37070368
-91667648
-31502454
-78137328
-65799512
-163629984
-190175904
-76783072
-45503116
-79373136
-86125624
-100745704
-39718900
-51002212
-105128376
-132422880
-53029572
-68335608
-53330580
-41622160
-36253616
-66851944
-40006704
-125011504
-58074424
-48322080
-77317016
-75587136
-49576416
-80548128
-44677708
-50407048
-46536280
-109110728
-101524120
-139316224
-90104608
-129243824
-67366512
-54319056
-75667904
-47155348
-68978256
-115012368
-28120932
-12745430
-73020944
-150266576
-99440704
-76751952
-49748788
-58575968
-93871752
-66751668
-11266439
-66969188
-47849000
-94251464
-61491108
-41297416
-54983756
-72035544
-37797772
-118287184
-52273392
-114507848
-103426712
-133512160
-34899416
-54906292
-96025832
-55610676
-80112608
-59576732
-95275864
-93382432
-40679912
-70764544
-93108520
-149789920
-33960968
-173463296
-45079720
-30325194
-37458908
-63005020
-56772112
-98803712
-64243260
-99991024
-45270380
-36524460
-92113680
-24215350
-35605208
-37786032
-53065420
-33436724
-34367772
-64498948
-56593948
-51842436
-139902016
-75400456
-117231632
-49196528
-104093560
-83923600
-91007744
-118655136
-113684912
-56496680
-59350684
-65203476
-35490116
-126087464
-192171904
-51891020
-60533544
-85564472
-103540064
-139113632
-103765064
-100197704
-32392800
-88947784
-95936120
-36701424
-44217064
-44932440
-110608192
-137674512
-83303208
-56552684
-132426160
-53935836
-32505556
-84716816
-109150928
-29569164
-80808112
-100764608
-118938224
-84123864
-46245828
-60622324
-126963792
-88882816
-163914784
-114299640
-124411216
-56321616
-77722912
-215917632
-63275572
-65627588
-49329700
-102648760
-71469176
-219036544
-111210280
-111756792
-68864824
-81464056
-73383752
-37762020
-130108976
-115453696
-100636480
-57623692
-86439456
-74930128
-122334432
-52279440
-19340160
-135787136
-25799392
-30879362
-48904444
-124755080
-63230192
-131668264
-62292160
-133530784
-77192576
-30555972
-99455544
-105065624
-85208680
-150450256
-38590772
-142245600
-61627276
-131836992
-178889824
-102570616
-78424312
-84410280
-101731456
-63845220
-96405832
-48107980
-87514600
-93673384
-27185620
-96569992
-70398280
-7103322
-64044196
-63465732
-67741640
-112271232
-75549808
-129104832
-73952328
-79897472
-88578920
-60720416
-117815232
-37263416
-115329800
-61428716
-50011696
-94443920
-85613112
-53167684
-93388104
-100408088
-56515628
-56760032
-85868568
-66335212
-68416704
-135562624
-166217216
-92056216
-70840224
-87276816
-76045472
-128218584
-31143430
-62295520
-64920096
-80998800
-26811446
-130456592
-33148278
-29607312
-67797160
-77248088
-67791048
-54326140
-50532372
-51797248
-43527532
-117754832
-31756498
-167079264
-59212092
-35707900
-65568040
-74226800
-48368664
-58558536
-8141028
-76787616
-83394792
-55456568
-45408844
-48511012
-52830720
-19287450
-72815032
-109297744
-36772764
-22089166
-60820312
-84714776
-40566832
-72619040
-68392064
-116395480
-57337256
-83091736
-53890780
-59845108
-61710372
-126483712
-48955676
-65964640
-93405216
-44362984
-88202176
-37548328
-101112960
-61469764
-52006700
-62273836
-60682456
-55536528
-38735700
-88075216
-48204472
-87589344
-118945568
-104890616
-76627168
-22937636
-110714736
-68651944
-99186344
-39708956
-42176648
-68100288
-69969104
-30661948
-43110824
-143235952
-96468896
-38574060
-54801712
-114298152
-123906080
-82541336
-81427800
-180893760
-31761274
-86682640
-32602680
-44210500
-106483160
-92076792
-44969388
-115248560
-37716216
-64567008
-113198192
-31596208
-70327720
-36135168
-68268576
-108793560
-37204388
-53121992
-39341268
-75907720
-66509536
-42414568
-50734684
-48528540
-74285144
-69188808
-92251024
-43755076
-134413056
-58740000
-33774148
-89728128
-146685888
-64742200
-79732864
-79389432
-118944432
-58024724
-61149204
-145252176
-47125832
-97819272
-98843552
-25592674
-95785544
-227761312
-79519096
-62346932
-113309792
-93372016
-49244592
-69634096
-114964648
-48551164
-88860200
-51178400
-85548752
-104050216
-107319960
-136905472
-75061824
-59404528
-91538520
-57950840
-94735248
-122225536
-99012400
-42157776
-59497596
-54253324
-29363546
-96548744
-58330776
-72222024
-101683032
-50716388
-52941900
-32296942
-30955242
-51983512
-22106366
-67091084
-53053764
-26207304
-42600064
-62967012
-22668476
-58426460
-57379668
-116030440
-80611424
-79702584
-38521864
-72623336
-99170416
-50441288
-123000880
-31756124
-105497456
-37567480
-85323280
-37491684
-67200624
-36698376
-51158124
-24583548
-44352724
-48702380
-70071896
-48138628
-41916456
-64192864
-38339832
-58002788
-60407632
-119407200
-39128508
-53321040
-51494208
-111150560
-125505968
-84144576
-49651864
-51216024
-80684560
-97945144
-80523064
-70273520
-89544432
-91375256
-27737816
-36064248
-91056264
-68864152
-121304488
-52952684
-28829204
-67588112
-65635720
-95410184
-53539716
-28744964
-58699312
-90604272
-77975568
-83522424
-71543104
-73354544
-113304512
-56217108
-32613310
-119069248
-80452176
-56509580
-37057852
-32905646
-70538232
-52857964
-22885196
-33696020
-99418328
-81335816
-84506752
-56038248
-31331652
-90614032
-85755528
-40650240
-104360320
-24082668
-59053068
-83109520
-19503042
-64748792
-31673752
-83344480
-122506288
-35551456
-111198264
-31860702
-93693032
-37257304
-97887888
-50739680
-47741472
-74863016
-97654808
-46420324
-84638360
-44966604
-95265880
-70724320
-199356448
-161828304
-104172456
-134102808
-40765892
-152052000
-66429584
-37554460
-56539204
-22759926
-53382720
-41401748
-89759448
-77264848
-100758352
-58388524
-98561928
-124903544
-108053768
-62078792
-85524088
-176989072
-47060808
-52936356
-64497312
-28200036
-55415744
-33537500
-38277836
-27459594
-77109176
-114369536
-325837792
-16714118
-95530368
-90300952
-50538428
-97466248
-70810712
-61253696
-137740320
-108220488
-86410176
-101144032
-50068100
-179633504
-54947248
-113241304
-151653680
-61830752
-76095256
-81719936
-147014592
-78860832
-118816248
-52246860
-61494632
-69664408
-102256120
-36704364
-72607816
-84419808
-42063132
-26001876
-53758340
-46489644
-49722204
-17664566
-28843498
-44338380
-22365972
-72616912
-195689648
-49331776
-106188888
-91781864
-73016352
-57237172
-93421240
-19596778
-47497324
-57272736
-74206240
-90387904
-89122312
-77693608
-87186712
-76929680
-113297056
-86553096
-50669804
-45900932
-72637192
-45855140
-81044232
-71981424
-194694352
-83619984
-37894732
-82222496
-38042532
-85389152
-115927176
-98294376
-56169676
-30082084
-52538048
-39836724
-52169192
-186556416
-31537202
-112387240
-79591528
-99090016
-41282856
-63743352
-104176744
-87840320
-121455368
-125719848
-27777688
-100998760
-51458280
-85175632
-86201560
-50466940
-94861256
-31112004
-88218816
-68187512
-33682764
-41068688
-101657488
-56932068
-185759888
-37499788
-67959704
-47235784
-71567936
-67681064
-98522344
-101729088
-63181556
-43910940
-38672712
-38461772
-66141544
-135756032
-94906464
-27634112
-49395804
-45039980
-51255736
-66882168
-67687648
-65098248
-69439120
-80318288
-91078208
-28374730
-110791504
-33234882
-67543800
-94626128
-117421704
-128316040
-94789760
-142526512
-254451152
-95235976
-81867768
-88348720
-120079792
-65755552
-113142112
-45338476
-107258608
-40444160
-71517208
-70948384
-45303812
-56300228
-94527312
-42822188
-57707072
-32623738
-185493984
-48972072
-64936696
-86564584
-38214672
-103193576
-66628816
-76162568
-80743112
-105847584
-94790808
-33702536
-9132976
-12321679
-27095734
-97858248
-103914536
-76981296
-53076108
-40909548
-8490468
-28382498
-34870048
-47321668
-161152368
-51898712
-45360704
-93495768
-77981136
-247093536
-57930868
-38004176
-49129904
-49618600
-54803860
-32043822
-126846480
-65991344
-67288256
-52299304
-38780044
-76102192
-55013796
-104819080
-103649440
-40437548
-74504624
-78570336
-42538988
-91379496
-98492952
-49814024
-66032872
-58772484
-34914648
-56485364
-53572312
-132526480
-101263208
-82687152
-86543472
-62228952
-101772168
-73203048
-87744320
-48348988
-60773732
-16677437
-78167384
-60551640
-43308124
-53386112
-163801264
-14920079
-89929536
-72893008
-53346140
-36414080
-99605320
-110544568
-135370304
-151375264
-64806828
-59693792
-66261756
-56942580
-114605984
-41013584
-103853856
-75721232
-78587336
-70764104
-51428776
-48854960
-83224184
-31151672
-69065448
-82933208
-166411488
-114301096
-25774860
-103918176
-38246628
-47928936
-69775416
-51611860
-65672408
-34465212
-97706664
-115700232
-99110400
-114191192
-64980988
-116994128
-111335624
-91792952
-73232696
-163310912
-76338880
-87108424
-42201820
-145668224
-32016714
-23489920
-128097464
-89076744
-109362344
-109407296
-105581808
-84146856
-39775908
-52049900
-76032128
-100796864
-33436886
-70078608
-29801312
-76409032
-51663212
-49867036
-9811726
-65680360
-62916316
-107022264
-51854668
-62705984
-43269088
-69483224
-136676816
-72834704
-51469804
-27331422
-149060160
-140034320
-49262360
-117607408
-75405368
-81690752
-73113960
-67453312
-52019088
-69371128
-74578840
-58748688
-53805904
-9550616
-97989792
-37886668
-26988172
-47177424
-34581840
-79564840
-92377720
-153163456
-123588152
-29687686
-140973520
-35391600
-88505800
-45300148
-91994472
-51332256
-58341708
-68818544
-65499672
-30904896
-75106928
-13166397
-103615600
-32917364
-53199784
-67057372
-52160396
-46494104
-55789492
-26950844
-128421344
-62952132
-57954456
-121292840
-113741504
-43575120
-80771200
-92517848
-169510336
-59055940
-55920980
-56676472
-55922656
-105631296
-52582192
-66995808
-128849832
-33029300
-67106288
-75874120
-70470592
-76085968
-70725168
-169469088
-58859028
-85514496
-61479616
-47896656
-76479800
-113502672
-37936296
-220773888
-62322244
-61724064
-107413512
-54438884
-99016880
-65275284
-82614552
-35015188
-53762528
-45809464
-107900096
-84059200
-106987072
-67652784
-55194872
-46593228
-52200688
-40447532
-132883904
-189176624
-92917816
-60607560
-104761920
-80697056
-29684792
-59615720
-39869108
-58427588
-50872188
-123317936
-51568152
-129494440
-36626756
-26181820
-56850308
-45531456
-58340464
-76946216
-112704104
-187392160
-76132656
-67077352
-55857796
-30117230
-88797232
-93877664
-150884176
-54634700
-80722784
-36203460
-41881080
-24746962
-113417480
-55665828
-55975132
-111218776
-26501148
-45944788
-141078000
-69901720
-34154728
-139006432
-66125580
-89353568
-68131216
-31613226
-77795912
-68048272
-77547192
-67761624
-70489528
-125891784
-38971088
-54432240
-11921416
-38015220
-69514496
-140450224
-77418224
-46649776
-72179664
-109043368
-96986192
-35823016
-60140364
-37000640
-145140048
-75132064
-56983780
-173284944
-53155316
-101721056
-154564832
-65670004
-81929032
-49996244
-139137616
-74024024
-116111816
-61668212
-36640424
-123779552
-42766676
-95963984
-26310904
-56699912
-103262896
-93919048
-40878508
-61564612
-98878392
-63513816
-50957452
-97099384
-103882280
-65970364
-34913320
-59075988
-9262078
-53401088
-18943012
-68425328
-43187812
-41591308
-118668048
-59613848
-128204608
-81583864
-68285744
-109768608
-43551672
-74752888
-54432304
-121927976
-49293924
-74942200
-74328344
-23742008
-88466400
-49560420
-36657480
-66765360
-49803504
-84227176
-35273604
-28771848
-62893308
-58648240
-60954632
-52084196
-85307968
-47232848
-48887096
-86728600
-165063376
-96381304
-52361988
-81987232
-122930592
-65331556
-61168884
-42787488
-73620784
-13435436
-44584744
-87081040
-40805496
-59704232
-77187032
-56769496
-172339040
-59348372
-94085424
-84700320
-55567844
-34375908
-82955216
-52641488
-69051912
-92486544
-58088156
-75681872
-89092280
-43254392
-35870144
-128418872
-35230596
-79508856
-127968560
-54621164
-114554488
-79845368
-55961060
-62268088
-96866352
-46322692
-48550956
-93972264
-100086944
-89999104
-75031072
-106601680
-118230096
-43672944
-34900856
-74268432
-36722404
-41426272
-118871992
-69768792
-6686169
-118618224
-116118472
-59077956
-105079496
-57301500
-63489876
-53782324
-95752424
-89886952
-101541320
-94190256
-90144440
-52376500
-72680904
-77818752
-54692236
-61123400
-36616152
-41572384
-110309392
-70979552
-52616844
-98445544
-39410304
-56207560
-120212560
-50130128
-99308160
-80600992
-65428192
-12693766
-102995016
-94800360
-29164898
-10806983
-70191560
-62279376
-142049264
-122279912
-32589542
-90160712
-144859600
-55162240
-67584880
-35020304
-70841776
-9427406
-30965588
-121037504
-54020816
-50792300
-102956296
-139979088
-17878178
-38052744
-87650560
-82092168
-79665360
-88065784
-79499296
-114736288
-52591432
-7830257
-112877752
-81352168
-72717808
-85724384
-59681572
-82904104
-95744392
-99168064
-117568864
-67521312
-116523256
-63407248
-33193178
-62964308
-87929080
-115785008
-71087296
-54284636
-29436626
-8348084
-46018036
-33891632
-60884340
-203472432
-56872248
-113759064
-128930344
-61473220
-99202680
-108312832
-118386840
-109369960
-85844208
-57089904
-40627800
-111893688
-46569736
-48165316
-116832864
-68606784
-37892756
-123585624
-26141476
-36575796
-124376008
-94493648
-96317432
-50205516
-91356072
-66630788
-77658160
-23119694
-51209312
-38548368
-53881680
-30843382
-69481632
-87036272
-65413232
-84359896
-36577216
-121687976
-52670252
-68824136
-31747136
-35636376
-76685992
-32482478
-88968960
-79284704
-162880960
-49295752
-34722964
-79595016
-51177172
-78503920
-113346552
-130933488
-46870392
-87699680
-107738456
-75558136
-53174932
-15665020
-72127528
-35728132
-45797664
-59708040
-103962872
-99384808
-59625912
-56424436
-80217792
-54992480
-53231680
-75826504
-88254736
-19602022
-114573016
-105612344
-94904880
-48303228
-38384168
-36049308
-50756360
-63310088
-102718248
-37849756
-47235744
-59234472
-35837540
-135740000
-45054980
-71199928
-73319408
-57704420
-103666232
-46993252
-56129176
-175434688
-108266400
-68825944
-86543296
-57788376
-118300856
-39120960
-78574512
-54038944
-29260474
-55980944
-117969360
-68194576
-50156740
-53434736
-35248152
-62326240
-70245160
-65779624
-122170368
-33007230
-33401638
-55042444
-90406664
-97189520
-96889608
-52727036
-122372336
-41537208
-100202144
-93370472
-75520080
-56669244
-67812736
-74746064
-54600840
-72256496
-9695598
-109338864
-82896632
-62189368
-202277904
-60042748
-357020160
-122625304
-40720540
-72643472
-79419040
-160961072
-62874216
-43167780
-50767608
-53470180
-53900384
-49320460
-50959728
-137389744
-130467992
-57778276
-79825752
-44006500
-293912256
-84186768
-64959472
-80011136
-72564456
-86101664
-130302224
-96063592
-33146984
-81194216
-124465096
-72732712
-49788544
-99395128
-22851684
-63630920
-34632712
-42860680
-47745056
-37675368
-100436456
-31012458
-44937404
-66704748
-81785648
-132172336
-74437560
-62649244
-57958832
-46614156
-64141376
-131994360
-118825096
-74808392
-95187160
-79365672
-129302280
-118158432
-88205272
-87814456
-28942630
-78684568
-125286560
-97074280
-34652356
-76370208
-59963668
-56335120
-26496062
-16252567
-68455960
-68639144
-196120336
-44830308
-103723592
-92352888
-51843892
-61479412
-71842160
-126301896
-76760504
-80360840
-33676900
-27575710
-54354804
-110713760
-70204824
-107529712
-85391664
-103865936
-71859040
-21677734
-81257680
-61835700
-35821060
-100038632
-101179784
-111895152
-50581548
-71254032
-105140120
-91237376
-104333512
-63589660
-81884208
-199352080
-284140768
-222277968
-38125988
-79342056
-90912632
-99853360
-103251728
-99197040
-118205896
-83345736
-40389080
-72794008
-104725024
-130418096
-109890568
-34070052
-61102684
-120766256
-67188856
-71224464
-49763716
-108805752
-48451120
-48543888
-9382097
-39170316
-17188168
-79451304
-85117896
-54749036
-104682016
-99033976
-31559702
-112361656
-76606392
-112970368
-114470984
-59448716
-76651008
-88473360
-65418372
-162326176
-121951552
-97238616
-51770220
-71779944
-25537244
-52153744
-61069776
-112938312
-63268116
-42057032
-72467616
-47362492
-90014168
-116582184
-53183328
-77337832
-29525772
-8899976
-75779768
-41348176
-64667852
-38684312
-102499704
-146689168
-33813428
-122961296
-95007816
-105740056
-45559992
-91099488
-112855184
-69143432
-135183744
-109836696
-136208272
-52435220
-41534636
-86554184
-58762444
-107216960
-76532088
-84780640
-109775776
-82891136
-68125112
-104215808
-69685272
-64881496
-41389548
-38355704
-85132800
-101237072
-57392200
-41535072
-112653000
-58331488
-75651544
-89300904
-21151346
-33029238
-85511096
-107410784
-121334584
-63311460
-83629176
-31231394
-83592792
-36199580
-176784304
-44913336
-89308080
-57524332
-41963264
-11466078
-98289960
-58871396
-59869536
-115061944
-77074512
-136653744
-92547304
-73225288
-99861920
-68829560
-20101418
-51546216
-45952604
-76104936
-68065824
-60776268
-65380636
-76736592
-72628232
-46019988
-79948040
-34550652
-112833600
-65230076
-67676432
-90705168
-82236136
-66528296
-89450944
-18078522
-41457888
-124552280
-126031464
-10283159
-44902016
-62140164
-46173860
-37014060
-117684232
-60955624
-20341220
-60457116
-72941240
-204246432
-63610948
-65714832
-47933448
-36424080
-105102080
-80087392
-60490316
-120075552
-57286608
-139764064
-80677664
-55479024
-145241840
-50285172
-48399784
-95145368
-83030584
-58554516
-57474728
-30881870
-70636144
-65276628
-165230112
-42817164
-68693600
-65088068
-36298744
-82538704
-131779336
-154081584
-60115136
-69504008
-83906024
-45936068
-68857392
-73315832
-40114108
-75880336
-42468892
-30466986
-88441824
-82570464
-78984080
-37231012
-59370164
-68685568
-65008724
-65721052
-91601728
-70440656
-43503356
-48512456
-82814632
-76134656
-38253660
-45467016
-53678664
-86536824
-36553324
-140550672
-55341140
-46398516
-78995624
-61798116
-67066856
-66104452
-196365904
-143484208
-99928160
-62058924
-60076112
-92249840
-95327432
-96511904
-79846480
-109551328
-115964216
-45115764
-68342256
-55689568
-108346160
-60585780
-39884524
-174665488
-36417096
-34505008
-66249196
-76218080
-84418840
-78363160
-44463140
-58337816
-41873316
-85718064
-89989584
-79215592
-57710444
-58144076
-136670288
-58059816
-89356392
-59211080
-103304104
-84769968
-85896872
-52311344
-70685232
-41031088
-53215044
-10875089
-59828364
-38050596
-97257840
-45927424
-90685440
-68768240
-86841232
-33000436
-106508736
-43448912
-61185596
-53693460
-56328080
-77040976
-104892048
-125967864
-145441904
-26969552
-48902232
-127999640
-120593944
-84890816
-23401426
-101494064
-45811888
-160476752
-51676548
-137705280
-56908768
-33212178
-61318460
-48706280
-99849224
-141063440
-51788660
-87729600
-34139144
-84956632
-86473304
-85504488
-87870480
-27717872
-66579688
-57283920
-61733024
-59113760
-142465136
-34832300
-58813232
-76392080
-52911580
-90122536
-64723080
-115159232
-55611704
-123993944
-71264456
-83727832
-103482616
-81033888
-106231088
-43083564
-76430024
-53723176
-54128536
-92444376
-64446004
-119304648
-68557992
-30713660
-81221128
-112580664
-94448000
-43911500
-92828056
-65652304
-53088432
-126730800
-51402104
-40804424
-60882840
-32815374
-63109520
-75185536
-141641792
-53038016
-85340592
-72241872
-55263624
-57378104
-36792544
-65739384
-83222232
-39183876
-33717828
-147415904
-78301264
-72635768
-62073288
-107096800
-35504888
-35667352
-38086216
-56457264
-76836064
-68235520
-88243568
-118522544
-20716964
-130250520
-42124820
-33948872
-264258768
-28171128
-74627160
-119495776
-109572888
-135437600
-33799260
-18362608
-50185856
-67456640
-53242184
-43640220
-36200496
-65454252
-102039480
-27876688
-95751848
-38183156
-35722380
-38287404
-114563200
-42679192
-56590236
-61133848
-133727256
-70452096
-29426900
-49487564
-61658580
-125573408
-64037672
-30900994
-36781524
-54625736
-50868588
-69374384
-25699702
-63821828
-10430401
-59869772
-65976632
-20355884
-90369960
-37300580
-85372552
-97241320
-58498176
-73575280
-25238560
-38206068
-161206208
-131682048
-102904552
-41840420
-95848112
-35683488
-45908832
-94958152
-48726976
-35824504
-107364472
-23778002
-76427568
-36648940
-99874840
-50917992
-49870872
-106081144
-48192512
-68991696
-107403408
-203826576
-23831618
-76213712
-130250288
-165873904
-53536932
-55811960
-103547712
-16244309
-101650576
-91129656
-44836116
-53325964
-19676518
-17539526
-40081204
-100547280
-61265012
-84923264
-22365326
-106940112
-27704168
-43617244
-95711968
-60853920
-38741640
-51364304
-83751920
-61846292
-81056784
-70810792
-40781716
-110629456
-91719688
-100795928
-97221720
-47642524
-144859648
-82311576
-76458520
-124424680
-53034368
-117510568
-50835420
-39018384
-32684158
-10125695
-92524440
-105832344
-31825578
-55991668
-86587832
-47191064
-43354928
-61844804
-52267996
-60582728
-92000536
-83307216
-30520578
-66483144
-83058680
-11062443
-131847480
-109151984
-34924848
-73235632
-36520464
-40942252
-98603776
-71542248
-78351544
-168104368
-47736908
-39729140
-85273760
-80204728
-17401032
-87073984
-68202784
-38280580
-49472844
-71635064
-56342448
-79578728
-118310400
-82368552
-51169792
-56977084
-87343544
-48044548
-79842336
-109827992
-37267860
-45134732
-39988072
-99865264
-56861344
-72507080
-126758352
-113514216
-129637672
-24186426
-61696888
-106307400
-50914640
-55131344
-107331992
-89203992
-122674800
-73422880
-83403328
-61087256
-63966992
-77912128
-70438672
-74364744
-86162976
-55682724
-36421828
-124465728
-66460960
-112654032
-98878248
-93795496
-232069520
-30921986
-69450920
-36624896
-65151972
-110884416
-107124256
-68563416
-60723144
-23405000
-33152926
-52184484
-73571960
-53481440
-102390016
-87258656
-32433046
-37592040
-58494852
-90950280
-101592688
-30612250
-134245408
-95760376
-127626200
-98637936
-106314384
-11429594
-59771680
-110248312
-39229584
-38094372
-124545840
-53342560
-83583032
-25205074
-68562832
-42402808
-51461964
-39090308
-128026648
-111228696
-88536456
-145122496
-77319040
-118307640
-36844724
-129340648
-65501204
-105454936
-96400320
-64864688
-37192712
-58744944
-59677684
-44130268
-93401208
-111680880
-73758640
-31659726
-60611392
-81782152
-74133176
-34710860
-29358944
-68005608
-94180224
-167992704
-51773640
-116284512
-58569008
-38576600
-58244140
-165743216
-151448096
-75570680
-161596992
-56666552
-68855432
-77478024
-49423964
-20548676
-124898032
-88635616
-24522564
-82135216
-70975736
-89549184
-122827584
-36792560
-111790080
-63881840
-55518472
-53936296
-24203686
-47227732
-68070312
-92083960
-78249280
-18669990
-73004656
-68703312
-86892208
-108452832
-29336432
-124211768
-77063456
-116278352
-98303232
-57788968
-58405312
-93710368
-32733860
-35515408
-26153628
-91142800
-75351776
-121374952
-137079664
-116922176
-73621760
-56192804
-86778360
-15913178
-35878608
-49991216
-134803776
-45290184
-87482928
-139943680
-47677536
-20965784
-35307172
-80958288
-96216304
-289103296
-49278448
-54263624
-58589024
-80753688
-80584992
-278902944
-61500816
-93822920
-29021468
-91074048
-48346008
-59891592
-69524592
-96691080
-132633528
-63276548
-99143488
-40764916
-117682352
-55277952
-60852408
-32358780
-120622960
-52327376
-51199564
-85225808
-131202272
-173853104
-78517568
-121968616
-45024232
-92369200
-78465312
-68974872
-88335360
-73542888
-31640294
-74386688
-65967984
-65250616
-85487072
-9700247
-84297176
-99754280
-55639664
-42624984
-36643868
-56927824
-139115808
-109715384
-107151960
-37580456
-48443512
-130824912
-35785560
-36910100
-121422240
-64406292
-45516228
-125640592
-51414996
-96102656
-83227208
-64965568
-102077072
-133614016
-62761452
-59068684
-76044952
-142336528
-113676696
-11949946
-52693104
-38234888
-26631338
-55623812
-36054132
-36021964
-49184268
-108780536
-90345000
-68787272
-60960296
-38457544
-79136848
-88793880
-134116048
-33862964
-61457528
-103461912
-39147940
-53798208
-86216040
-78694624
-140203440
-136348992
-104127824
-105492256
-11911498
-37511928
-56606336
-28080898
-150260208
-85166984
-143534304
-60060344
-111076512
-97979200
-95200168
