-6 6 5 -15 4 -1 8 0 -7 9 -2 -17 13 -18 8 -12 3 5 -34 -5 0 -15 7 6 4 6 -9 24 -8 -7 -1 12 -11 1 3 0 4 13 11 17 6 -4 -3 14 17 -5 -10 13 -3 2 -5 -3 -13 5 17 -11 -11 5 -7 1 1 -1 -1 -12
35 1 -10 -20 45 18 11 25 -12 4 -3 14 -20 -71 5 -15 9 24 -61 -13 25 14 16 6 -7 26 -3 16 2 -39 -21 -38 -12 25 -24 -15 11 0 6 -12 14 -1 18 -23 16 -37 -32 22 -24 33 23 -31 9 -13 -11 0 7 13 -13 -8 12 3 -28 -7
20 11 5 -21 29 23 16 20 -19 12 -1 7 4 -56 -16 -15 -13 8 -68 -21 15 6 37 4 -20 9 -15 20 -4 -20 -33 -15 -22 10 -6 -15 7 -7 6 -10 1 6 25 -26 11 -16 -4 -6 -26 32 18 -21 -17 -8 -8 6 15 25 -2 13 20 14 -19 -4
17 -3 7 -35 21 11 27 -7 -9 -8 -5 -6 -18 -37 2 -12 -12 16 -63 -21 11 -23 27 6 1 14 -25 18 -11 -3 -28 -26 -8 0 5 -16 -19 11 -6 7 -12 -5 28 -32 20 -21 -3 10 -11 19 16 -9 -29 12 -1 4 1 -17 -3 1 17 -12 5 7
12 -7 19 -34 14 1 26 -27 12 -3 5 -19 0 -33 3 -3 7 5 -50 -26 14 -15 17 4 5 14 -16 6 -9 -12 -24 -8 -13 -11 15 -19 -3 11 12 -3 -29 0 33 -20 -1 -23 -8 15 -1 0 9 -8 -33 9 -1 4 8 -9 -7 -5 10 3 -4 -5
18 -1 23 -30 21 3 29 -5 1 4 11 -22 -7 -39 -1 -14 0 16 -55 -20 12 -19 10 -2 5 23 -6 13 -4 -15 -23 0 -16 0 7 -30 -1 14 9 9 -18 14 35 -23 2 -31 4 26 -12 -9 5 -8 -32 10 -1 7 7 -5 -16 7 -12 7 6 8
5 15 13 -44 15 5 17 -9 16 -7 27 5 -12 -32 5 -3 -7 18 -71 -22 22 -21 8 -8 -2 16 16 12 1 -19 -17 -15 -9 7 7 -22 -20 3 22 8 -21 1 34 -2 -3 -31 -1 15 -11 -10 3 -12 -33 -2 -6 8 -13 4 6 0 0 4 -4 12
9 8 9 -33 10 5 35 -14 -8 0 -6 15 2 -34 7 6 -25 22 -75 -18 13 -24 24 8 5 28 -8 25 -17 -20 -11 -20 -2 6 17 -20 -1 -4 0 0 -1 6 34 -31 6 -30 -8 0 -6 -11 -7 -8 -7 2 8 9 3 -15 -7 7 7 -14 7 31
21 5 19 -13 8 -2 6 3 -15 -12 2 17 -7 -49 -16 -10 -23 10 -75 -5 13 -10 34 -2 18 11 3 23 15 4 -29 -8 -15 -13 -22 -10 -15 -14 9 -10 -20 14 37 10 0 3 -23 9 -12 -16 13 -12 -5 -1 7 11 15 -2 -5 5 14 -11 13 7
-9 -6 -3 -30 23 30 10 4 -12 12 23 7 -24 -49 -13 -11 -10 -12 -83 -27 7 -14 19 17 9 11 -11 25 -19 -2 -36 -34 -21 -5 0 -36 -13 12 -4 -21 -13 2 49 -13 -33 -14 -34 23 7 -1 -14 -12 9 2 23 19 3 22 5 10 23 4 -1 17
21 4 17 -26 4 -4 8 8 -13 -3 1 18 -12 -40 -15 -14 -14 5 -75 -2 3 -16 26 -1 21 1 -18 29 7 0 -34 -27 -10 -18 -3 -21 -16 4 11 -22 -17 3 37 -9 -4 8 -8 11 -7 -8 14 -16 -17 4 6 21 14 4 -11 0 17 -17 6 -4
17 -7 22 -23 7 -18 2 17 -11 -13 -2 8 -17 -49 -9 -21 -21 36 -67 4 19 -4 32 15 9 11 -10 3 13 8 -10 -10 -11 19 -1 -4 -33 0 21 -8 -12 20 46 -4 -20 2 2 3 1 -19 -1 -20 -1 1 10 12 -5 3 -8 14 5 -1 8 3
4 -3 31 -44 26 -9 1 -10 -20 -2 2 20 -9 -67 -29 11 -1 12 -65 -15 5 -15 20 17 10 6 -21 20 -1 -5 -22 -23 -10 20 12 -10 -14 3 15 -4 -30 1 35 -33 3 -32 -8 18 -5 9 -8 -12 -13 -1 11 17 12 12 -23 15 2 -20 8 9
15 -1 20 -35 18 5 23 -4 -9 13 -2 11 -5 -65 -11 0 -13 20 -43 -16 13 -10 19 20 -3 5 -18 10 -13 -9 -7 -12 -21 16 14 -21 7 -1 13 -4 -8 2 12 -29 -9 -39 -7 10 -14 -3 8 1 -14 0 19 9 -3 19 -9 16 -1 -23 10 20
-33 -14 18 -24 24 16 15 -6 -31 0 29 16 -9 -66 -15 10 -8 -16 -70 -20 -6 -14 19 6 1 -13 -2 34 -5 -6 -20 -38 -8 1 12 -13 3 11 5 -29 -35 -11 45 -10 0 -32 -12 28 5 -17 6 0 7 -16 18 12 3 43 8 1 17 -3 8 13
-13 3 2 -27 16 -3 17 3 -28 -17 13 26 -3 -63 -21 13 -13 -11 -60 -5 -7 -14 9 11 9 -10 4 34 17 -2 -23 -24 8 -8 7 -24 -6 0 0 -28 -35 -19 38 -31 8 -44 -7 39 -2 -25 12 13 -3 8 11 8 -5 39 10 -2 10 -12 21 13
19 -13 38 -6 5 18 14 3 0 6 -4 14 -2 -64 4 -19 -1 0 -60 -4 5 -21 37 16 25 -17 -18 8 20 -1 -19 12 7 13 17 -14 -3 15 37 -16 -27 -26 34 -16 24 -23 -22 8 0 -8 32 -8 -17 -11 -11 8 7 -5 1 14 2 -18 13 20
16 -15 29 -4 23 -12 16 5 -6 -6 -2 33 -3 -57 -6 -3 -2 7 -58 0 14 -9 24 1 17 -21 -11 9 22 15 -12 -1 12 1 11 -13 -20 23 24 -22 -32 -13 48 -17 8 -28 -22 25 4 -2 19 4 -13 5 -21 28 11 0 17 -1 -1 -8 12 18
34 -15 27 -13 19 18 17 3 -5 2 -10 11 4 -64 19 -19 -10 9 -57 -7 2 -13 31 17 26 -4 -21 7 28 -2 -18 4 -1 10 6 -14 -5 14 28 -22 -19 -10 24 -9 20 -32 -32 6 4 -9 12 -13 -10 4 -16 18 9 2 -9 9 -2 -22 19 20
13 -1 20 -35 20 2 7 -15 -19 2 -6 22 10 -69 -10 -17 -24 -6 -55 -16 4 -10 -3 4 5 -33 -11 5 -11 1 10 -25 -3 8 1 -20 -18 9 12 -10 -44 -13 42 -13 23 -34 -6 11 -4 -16 0 2 -15 5 6 17 1 0 13 6 5 -5 10 19
13 -9 4 -21 16 0 8 -5 -13 2 2 24 -13 -55 -15 2 -28 7 -62 -11 -5 -7 13 27 -7 3 -16 25 -2 -7 -3 -20 10 2 26 -3 -11 -5 2 -11 -18 -17 44 -23 24 -29 -17 16 13 -34 -7 -10 10 18 -2 11 10 3 18 16 7 -14 15 24
-3 -18 15 -12 23 6 3 -15 -22 -29 -16 10 -12 -57 13 -3 -9 -21 -58 -33 -10 11 13 8 -29 3 -18 11 -20 1 -26 -20 -11 1 -14 -10 -11 24 13 4 -13 8 35 -14 22 1 -19 11 -8 9 -13 -4 10 13 13 36 10 18 5 11 10 2 17 8
-6 0 7 -31 12 -4 14 -3 0 16 2 -10 1 -31 -3 -3 6 -1 -40 -10 -4 4 0 5 -2 16 -9 17 -7 -5 -15 -3 -10 -2 17 -5 -1 5 16 3 7 9 2 11 15 -12 0 6 5 1 4 0 -22 -3 16 1 -4 13 -2 13 10 7 7 -7
2 -5 11 -29 21 11 4 6 2 4 0 -11 -14 -59 18 1 29 15 -50 -38 5 7 18 -3 -1 6 -33 11 -1 -12 -40 -17 -24 -17 7 -26 0 13 7 -5 3 10 24 10 43 -12 -4 1 -13 2 7 0 2 -7 9 12 0 30 6 -13 12 1 15 6
3 -7 -2 -19 16 18 6 4 -5 -16 7 -8 -29 -58 -6 -2 8 4 -54 -36 14 27 12 -5 2 16 -17 6 -8 -5 -51 -20 -13 2 2 -32 5 -5 -2 -10 13 8 16 12 39 -8 -22 16 -36 -2 12 -11 23 -5 4 4 1 23 2 3 5 9 24 -3
-2 -15 19 -32 6 -9 17 6 3 -6 -19 4 1 -51 16 4 24 12 -55 -17 16 2 21 -16 14 12 -18 3 -17 -2 -36 -26 -14 -6 22 -36 -9 -1 -15 6 11 -1 22 -9 43 -19 -5 8 -10 10 -2 2 -11 -6 7 9 -9 -10 -15 -14 -4 -5 31 1
4 -12 18 -22 4 -10 19 -13 17 -5 0 -19 10 -37 11 2 26 9 -44 -25 -1 -2 9 -6 12 10 -13 0 -11 -3 -26 -11 -13 -1 34 -37 4 -6 3 5 -9 -9 24 -5 16 -10 -4 0 -14 -14 0 1 -22 -6 13 8 0 -12 -15 -16 -3 14 12 -16
-2 -11 21 -18 0 -14 25 7 12 -5 12 -16 6 -35 7 -5 15 12 -56 -21 3 -2 10 -15 10 18 -8 2 -3 -7 -24 4 -18 -2 20 -49 6 -7 9 10 -8 6 31 -9 17 -25 8 0 -23 -25 -15 1 -18 7 12 2 -5 1 -25 -17 -16 15 14 -14
6 11 25 -36 -3 -12 11 4 22 -16 15 5 10 -36 16 0 7 20 -57 -19 9 0 7 -11 -4 19 -5 12 -15 -11 -18 -17 -10 5 25 -45 -17 -14 3 14 -9 -3 17 12 13 -10 5 1 -23 -25 -16 -5 -16 -13 12 3 -14 13 -1 -11 3 13 19 -13
7 -3 14 -20 0 -3 26 -3 2 -4 -2 19 21 -37 17 11 -10 11 -70 -22 4 -7 13 -2 2 28 -5 23 -21 -4 -22 -29 1 2 36 -38 11 -35 -18 1 19 -1 21 -12 19 -15 -3 -13 -16 -23 -23 7 -1 -6 11 4 -9 -19 -21 -12 5 -9 22 6
16 1 26 -5 1 -8 -1 14 -1 -17 1 28 12 -46 0 5 2 8 -71 -4 6 11 24 -7 23 12 -1 15 12 5 -39 -25 -11 -8 16 -25 -13 -38 -6 -4 9 -3 32 28 23 21 -12 0 -22 -25 -9 -11 7 -13 8 3 0 -5 -14 -7 16 -6 24 -22
14 1 22 -11 5 -6 -8 19 7 -2 -10 18 2 -41 -1 -6 7 5 -57 4 -9 -1 16 -3 29 13 -11 15 -3 5 -35 -17 -21 -2 20 -24 -7 -31 -7 -3 12 -2 21 8 19 28 2 -1 -16 -26 -2 -13 -6 -1 0 12 1 -4 -16 -13 21 -11 20 -20
10 -5 27 2 13 -23 -2 23 1 -16 -3 5 -7 -47 -2 -17 7 31 -63 -8 12 13 21 1 13 12 -15 0 5 15 -25 -17 -12 21 19 -19 -23 -28 -1 5 5 10 36 15 1 21 12 -10 -20 -26 -18 -9 9 -4 15 5 -11 -5 -21 -6 10 -9 27 -16
-30 -7 0 -16 6 0 -3 -2 3 -18 -7 8 -9 -40 11 15 10 10 -63 -9 13 3 -11 32 20 15 -6 4 -17 -4 -40 -21 -5 24 48 -30 -8 -29 -3 -14 6 -7 24 -14 7 -12 -4 28 -4 -12 -30 -1 -3 9 1 10 -3 13 -8 -9 -3 -21 28 -27
2 -7 40 14 2 3 6 3 11 10 -3 5 12 -57 26 -15 27 0 -65 -20 -10 -11 19 -2 29 -5 -21 -2 22 -9 -29 7 -7 18 42 -40 8 -25 25 -10 5 -17 28 -2 24 4 -20 -1 -16 -13 12 -4 -2 -12 -7 -7 -11 -17 -3 -10 -2 -12 19 -8
-2 -9 28 6 9 -25 11 7 10 8 -1 27 4 -43 -3 -3 33 8 -58 -17 11 -3 0 -14 21 1 -15 7 13 7 -21 -10 -2 15 47 -39 -4 -20 5 1 15 -8 36 -7 24 -4 -16 12 -6 -13 -8 7 -5 -6 -6 6 -3 -8 -6 -28 2 -11 22 -17
10 -6 31 7 3 2 12 4 0 14 -11 8 16 -59 33 -25 27 6 -58 -35 -4 -6 8 -8 22 9 -13 -8 23 -4 -27 8 -10 11 43 -36 22 -21 24 -12 6 -2 35 -7 22 -10 -22 -5 -4 -16 0 2 -1 -3 -6 -1 -8 -9 -20 0 -2 -17 20 2
-21 15 24 -9 1 -5 2 0 -2 5 -4 12 6 -62 17 -14 1 6 -55 -31 -9 6 -20 -5 12 -7 -3 1 -4 -3 -6 -26 -10 14 43 -47 3 -27 0 -7 -5 -9 34 -15 29 -13 4 10 -22 -17 -16 8 -2 10 14 -10 -24 -7 -1 -2 -1 -2 8 -2
-6 -3 7 -5 3 -12 9 2 -7 16 8 17 -5 -52 4 9 -1 8 -68 -20 -8 2 -5 11 -1 14 -10 15 -1 -5 -15 -29 -8 7 59 -26 2 -43 -14 -5 7 -12 37 -8 33 -23 -10 8 5 -36 -30 4 21 13 5 -9 -8 0 10 2 5 -5 21 5
-26 -17 21 11 25 -5 -10 1 -12 -14 -11 14 -5 -54 16 1 17 -9 -64 -39 -12 20 -9 -10 -15 20 -21 22 -2 8 -30 -31 -13 5 26 -25 19 -10 -3 13 16 11 38 -5 13 18 -16 7 -5 13 -26 1 20 8 16 11 -16 5 -1 -3 6 7 13 -6
-6 7 1 -23 11 -9 15 -3 5 22 2 -10 3 -25 2 -5 4 -6 -34 -7 -7 0 -4 3 5 11 -2 16 -6 2 -11 0 -6 -5 21 -5 10 3 13 6 11 10 -2 17 11 -14 0 8 7 -1 -1 -1 -25 -7 16 -9 -5 9 -10 11 10 10 2 -8
-9 9 15 -31 15 20 7 -16 3 -3 0 5 -16 -36 -1 -6 4 3 -61 -5 6 4 5 3 -1 -5 6 -1 19 3 -19 -7 12 -14 14 -14 15 -4 -14 31 9 0 19 -2 10 -13 -1 22 17 -4 11 1 -10 -10 10 12 -12 6 8 3 6 17 -13 -3
-9 9 15 -31 15 20 7 -16 3 -3 0 5 -16 -36 -1 -6 4 3 -61 -5 6 4 5 3 -1 -5 6 -1 19 3 -19 -7 12 -14 14 -14 15 -4 -14 31 9 0 19 -2 10 -13 -1 22 17 -4 11 1 -10 -10 10 12 -12 6 8 3 6 17 -13 -3
-9 9 15 -31 15 20 7 -16 3 -3 0 5 -16 -36 -1 -6 4 3 -61 -5 6 4 5 3 -1 -5 6 -1 19 3 -19 -7 12 -14 14 -14 15 -4 -14 31 9 0 19 -2 10 -13 -1 22 17 -4 11 1 -10 -10 10 12 -12 6 8 3 6 17 -13 -3
-9 9 15 -31 15 20 7 -16 3 -3 0 5 -16 -36 -1 -6 4 3 -61 -5 6 4 5 3 -1 -5 6 -1 19 3 -19 -7 12 -14 14 -14 15 -4 -14 31 9 0 19 -2 10 -13 -1 22 17 -4 11 1 -10 -10 10 12 -12 6 8 3 6 17 -13 -3
-9 9 15 -31 15 20 7 -16 3 -3 0 5 -16 -36 -1 -6 4 3 -61 -5 6 4 5 3 -1 -5 6 -1 19 3 -19 -7 12 -14 14 -14 15 -4 -14 31 9 0 19 -2 10 -13 -1 22 17 -4 11 1 -10 -10 10 12 -12 6 8 3 6 17 -13 -3
-9 9 15 -31 15 20 7 -16 3 -3 0 5 -16 -36 -1 -6 4 3 -61 -5 6 4 5 3 -1 -5 6 -1 19 3 -19 -7 12 -14 14 -14 15 -4 -14 31 9 0 19 -2 10 -13 -1 22 17 -4 11 1 -10 -10 10 12 -12 6 8 3 6 17 -13 -3
-9 9 15 -31 15 20 7 -16 3 -3 0 5 -16 -36 -1 -6 4 3 -61 -5 6 4 5 3 -1 -5 6 -1 19 3 -19 -7 12 -14 14 -14 15 -4 -14 31 9 0 19 -2 10 -13 -1 22 17 -4 11 1 -10 -10 10 12 -12 6 8 3 6 17 -13 -3
-9 9 15 -31 15 20 7 -16 3 -3 0 5 -16 -36 -1 -6 4 3 -61 -5 6 4 5 3 -1 -5 6 -1 19 3 -19 -7 12 -14 14 -14 15 -4 -14 31 9 0 19 -2 10 -13 -1 22 17 -4 11 1 -10 -10 10 12 -12 6 8 3 6 17 -13 -3
-9 9 15 -31 15 20 7 -16 3 -3 0 5 -16 -36 -1 -6 4 3 -61 -5 6 4 5 3 -1 -5 6 -1 19 3 -19 -7 12 -14 14 -14 15 -4 -14 31 9 0 19 -2 10 -13 -1 22 17 -4 11 1 -10 -10 10 12 -12 6 8 3 6 17 -13 -3
-9 9 15 -31 15 20 7 -16 3 -3 0 5 -16 -36 -1 -6 4 3 -61 -5 6 4 5 3 -1 -5 6 -1 19 3 -19 -7 12 -14 14 -14 15 -4 -14 31 9 0 19 -2 10 -13 -1 22 17 -4 11 1 -10 -10 10 12 -12 6 8 3 6 17 -13 -3
-9 9 15 -31 15 20 7 -16 3 -3 0 5 -16 -36 -1 -6 4 3 -61 -5 6 4 5 3 -1 -5 6 -1 19 3 -19 -7 12 -14 14 -14 15 -4 -14 31 9 0 19 -2 10 -13 -1 22 17 -4 11 1 -10 -10 10 12 -12 6 8 3 6 17 -13 -3
-9 9 15 -31 15 20 7 -16 3 -3 0 5 -16 -36 -1 -6 4 3 -61 -5 6 4 5 3 -1 -5 6 -1 19 3 -19 -7 12 -14 14 -14 15 -4 -14 31 9 0 19 -2 10 -13 -1 22 17 -4 11 1 -10 -10 10 12 -12 6 8 3 6 17 -13 -3
-9 9 15 -31 15 20 7 -16 3 -3 0 5 -16 -36 -1 -6 4 3 -61 -5 6 4 5 3 -1 -5 6 -1 19 3 -19 -7 12 -14 14 -14 15 -4 -14 31 9 0 19 -2 10 -13 -1 22 17 -4 11 1 -10 -10 10 12 -12 6 8 3 6 17 -13 -3
-9 9 15 -31 15 20 7 -16 3 -3 0 5 -16 -36 -1 -6 4 3 -61 -5 6 4 5 3 -1 -5 6 -1 19 3 -19 -7 12 -14 14 -14 15 -4 -14 31 9 0 19 -2 10 -13 -1 22 17 -4 11 1 -10 -10 10 12 -12 6 8 3 6 17 -13 -3
-9 9 15 -31 15 20 7 -16 3 -3 0 5 -16 -36 -1 -6 4 3 -61 -5 6 4 5 3 -1 -5 6 -1 19 3 -19 -7 12 -14 14 -14 15 -4 -14 31 9 0 19 -2 10 -13 -1 22 17 -4 11 1 -10 -10 10 12 -12 6 8 3 6 17 -13 -3
-9 9 15 -31 15 20 7 -16 3 -3 0 5 -16 -36 -1 -6 4 3 -61 -5 6 4 5 3 -1 -5 6 -1 19 3 -19 -7 12 -14 14 -14 15 -4 -14 31 9 0 19 -2 10 -13 -1 22 17 -4 11 1 -10 -10 10 12 -12 6 8 3 6 17 -13 -3
-9 9 15 -31 15 20 7 -16 3 -3 0 5 -16 -36 -1 -6 4 3 -61 -5 6 4 5 3 -1 -5 6 -1 19 3 -19 -7 12 -14 14 -14 15 -4 -14 31 9 0 19 -2 10 -13 -1 22 17 -4 11 1 -10 -10 10 12 -12 6 8 3 6 17 -13 -3
-9 9 15 -31 15 20 7 -16 3 -3 0 5 -16 -36 -1 -6 4 3 -61 -5 6 4 5 3 -1 -5 6 -1 19 3 -19 -7 12 -14 14 -14 15 -4 -14 31 9 0 19 -2 10 -13 -1 22 17 -4 11 1 -10 -10 10 12 -12 6 8 3 6 17 -13 -3
-9 9 15 -31 15 20 7 -16 3 -3 0 5 -16 -36 -1 -6 4 3 -61 -5 6 4 5 3 -1 -5 6 -1 19 3 -19 -7 12 -14 14 -14 15 -4 -14 31 9 0 19 -2 10 -13 -1 22 17 -4 11 1 -10 -10 10 12 -12 6 8 3 6 17 -13 -3
-9 9 15 -31 15 20 7 -16 3 -3 0 5 -16 -36 -1 -6 4 3 -61 -5 6 4 5 3 -1 -5 6 -1 19 3 -19 -7 12 -14 14 -14 15 -4 -14 31 9 0 19 -2 10 -13 -1 22 17 -4 11 1 -10 -10 10 12 -12 6 8 3 6 17 -13 -3
-9 9 15 -31 15 20 7 -16 3 -3 0 5 -16 -36 -1 -6 4 3 -61 -5 6 4 5 3 -1 -5 6 -1 19 3 -19 -7 12 -14 14 -14 15 -4 -14 31 9 0 19 -2 10 -13 -1 22 17 -4 11 1 -10 -10 10 12 -12 6 8 3 6 17 -13 -3
-9 9 15 -31 15 20 7 -16 3 -3 0 5 -16 -36 -1 -6 4 3 -61 -5 6 4 5 3 -1 -5 6 -1 19 3 -19 -7 12 -14 14 -14 15 -4 -14 31 9 0 19 -2 10 -13 -1 22 17 -4 11 1 -10 -10 10 12 -12 6 8 3 6 17 -13 -3
-9 9 15 -31 15 20 7 -16 3 -3 0 5 -16 -36 -1 -6 4 3 -61 -5 6 4 5 3 -1 -5 6 -1 19 3 -19 -7 12 -14 14 -14 15 -4 -14 31 9 0 19 -2 10 -13 -1 22 17 -4 11 1 -10 -10 10 12 -12 6 8 3 6 17 -13 -3
-9 9 15 -31 15 20 7 -16 3 -3 0 5 -16 -36 -1 -6 4 3 -61 -5 6 4 5 3 -1 -5 6 -1 19 3 -19 -7 12 -14 14 -14 15 -4 -14 31 9 0 19 -2 10 -13 -1 22 17 -4 11 1 -10 -10 10 12 -12 6 8 3 6 17 -13 -3
-9 9 15 -31 15 20 7 -16 3 -3 0 5 -16 -36 -1 -6 4 3 -61 -5 6 4 5 3 -1 -5 6 -1 19 3 -19 -7 12 -14 14 -14 15 -4 -14 31 9 0 19 -2 10 -13 -1 22 17 -4 11 1 -10 -10 10 12 -12 6 8 3 6 17 -13 -3
-9 9 15 -31 15 20 7 -16 3 -3 0 5 -16 -36 -1 -6 4 3 -61 -5 6 4 5 3 -1 -5 6 -1 19 3 -19 -7 12 -14 14 -14 15 -4 -14 31 9 0 19 -2 10 -13 -1 22 17 -4 11 1 -10 -10 10 12 -12 6 8 3 6 17 -13 -3
-9 9 15 -31 15 20 7 -16 3 -3 0 5 -16 -36 -1 -6 4 3 -61 -5 6 4 5 3 -1 -5 6 -1 19 3 -19 -7 12 -14 14 -14 15 -4 -14 31 9 0 19 -2 10 -13 -1 22 17 -4 11 1 -10 -10 10 12 -12 6 8 3 6 17 -13 -3
-9 9 15 -31 15 20 7 -16 3 -3 0 5 -16 -36 -1 -6 4 3 -61 -5 6 4 5 3 -1 -5 6 -1 19 3 -19 -7 12 -14 14 -14 15 -4 -14 31 9 0 19 -2 10 -13 -1 22 17 -4 11 1 -10 -10 10 12 -12 6 8 3 6 17 -13 -3
-9 9 15 -31 15 20 7 -16 3 -3 0 5 -16 -36 -1 -6 4 3 -61 -5 6 4 5 3 -1 -5 6 -1 19 3 -19 -7 12 -14 14 -14 15 -4 -14 31 9 0 19 -2 10 -13 -1 22 17 -4 11 1 -10 -10 10 12 -12 6 8 3 6 17 -13 -3
-9 9 15 -31 15 20 7 -16 3 -3 0 5 -16 -36 -1 -6 4 3 -61 -5 6 4 5 3 -1 -5 6 -1 19 3 -19 -7 12 -14 14 -14 15 -4 -14 31 9 0 19 -2 10 -13 -1 22 17 -4 11 1 -10 -10 10 12 -12 6 8 3 6 17 -13 -3
-9 9 15 -31 15 20 7 -16 3 -3 0 5 -16 -36 -1 -6 4 3 -61 -5 6 4 5 3 -1 -5 6 -1 19 3 -19 -7 12 -14 14 -14 15 -4 -14 31 9 0 19 -2 10 -13 -1 22 17 -4 11 1 -10 -10 10 12 -12 6 8 3 6 17 -13 -3
-9 9 15 -31 15 20 7 -16 3 -3 0 5 -16 -36 -1 -6 4 3 -61 -5 6 4 5 3 -1 -5 6 -1 19 3 -19 -7 12 -14 14 -14 15 -4 -14 31 9 0 19 -2 10 -13 -1 22 17 -4 11 1 -10 -10 10 12 -12 6 8 3 6 17 -13 -3
-9 9 15 -31 15 20 7 -16 3 -3 0 5 -16 -36 -1 -6 4 3 -61 -5 6 4 5 3 -1 -5 6 -1 19 3 -19 -7 12 -14 14 -14 15 -4 -14 31 9 0 19 -2 10 -13 -1 22 17 -4 11 1 -10 -10 10 12 -12 6 8 3 6 17 -13 -3
-9 9 15 -31 15 20 7 -16 3 -3 0 5 -16 -36 -1 -6 4 3 -61 -5 6 4 5 3 -1 -5 6 -1 19 3 -19 -7 12 -14 14 -14 15 -4 -14 31 9 0 19 -2 10 -13 -1 22 17 -4 11 1 -10 -10 10 12 -12 6 8 3 6 17 -13 -3
-9 9 15 -31 15 20 7 -16 3 -3 0 5 -16 -36 -1 -6 4 3 -61 -5 6 4 5 3 -1 -5 6 -1 19 3 -19 -7 12 -14 14 -14 15 -4 -14 31 9 0 19 -2 10 -13 -1 22 17 -4 11 1 -10 -10 10 12 -12 6 8 3 6 17 -13 -3
-9 9 15 -31 15 20 7 -16 3 -3 0 5 -16 -36 -1 -6 4 3 -61 -5 6 4 5 3 -1 -5 6 -1 19 3 -19 -7 12 -14 14 -14 15 -4 -14 31 9 0 19 -2 10 -13 -1 22 17 -4 11 1 -10 -10 10 12 -12 6 8 3 6 17 -13 -3
-9 9 15 -31 15 20 7 -16 3 -3 0 5 -16 -36 -1 -6 4 3 -61 -5 6 4 5 3 -1 -5 6 -1 19 3 -19 -7 12 -14 14 -14 15 -4 -14 31 9 0 19 -2 10 -13 -1 22 17 -4 11 1 -10 -10 10 12 -12 6 8 3 6 17 -13 -3
-9 9 15 -31 15 20 7 -16 3 -3 0 5 -16 -36 -1 -6 4 3 -61 -5 6 4 5 3 -1 -5 6 -1 19 3 -19 -7 12 -14 14 -14 15 -4 -14 31 9 0 19 -2 10 -13 -1 22 17 -4 11 1 -10 -10 10 12 -12 6 8 3 6 17 -13 -3
-9 9 15 -31 15 20 7 -16 3 -3 0 5 -16 -36 -1 -6 4 3 -61 -5 6 4 5 3 -1 -5 6 -1 19 3 -19 -7 12 -14 14 -14 15 -4 -14 31 9 0 19 -2 10 -13 -1 22 17 -4 11 1 -10 -10 10 12 -12 6 8 3 6 17 -13 -3
-9 9 15 -31 15 20 7 -16 3 -3 0 5 -16 -36 -1 -6 4 3 -61 -5 6 4 5 3 -1 -5 6 -1 19 3 -19 -7 12 -14 14 -14 15 -4 -14 31 9 0 19 -2 10 -13 -1 22 17 -4 11 1 -10 -10 10 12 -12 6 8 3 6 17 -13 -3
-9 9 15 -31 15 20 7 -16 3 -3 0 5 -16 -36 -1 -6 4 3 -61 -5 6 4 5 3 -1 -5 6 -1 19 3 -19 -7 12 -14 14 -14 15 -4 -14 31 9 0 19 -2 10 -13 -1 22 17 -4 11 1 -10 -10 10 12 -12 6 8 3 6 17 -13 -3
-9 9 15 -31 15 20 7 -16 3 -3 0 5 -16 -36 -1 -6 4 3 -61 -5 6 4 5 3 -1 -5 6 -1 19 3 -19 -7 12 -14 14 -14 15 -4 -14 31 9 0 19 -2 10 -13 -1 22 17 -4 11 1 -10 -10 10 12 -12 6 8 3 6 17 -13 -3
-9 9 15 -31 15 20 7 -16 3 -3 0 5 -16 -36 -1 -6 4 3 -61 -5 6 4 5 3 -1 -5 6 -1 19 3 -19 -7 12 -14 14 -14 15 -4 -14 31 9 0 19 -2 10 -13 -1 22 17 -4 11 1 -10 -10 10 12 -12 6 8 3 6 17 -13 -3
-9 9 15 -31 15 20 7 -16 3 -3 0 5 -16 -36 -1 -6 4 3 -61 -5 6 4 5 3 -1 -5 6 -1 19 3 -19 -7 12 -14 14 -14 15 -4 -14 31 9 0 19 -2 10 -13 -1 22 17 -4 11 1 -10 -10 10 12 -12 6 8 3 6 17 -13 -3
-9 9 15 -31 15 20 7 -16 3 -3 0 5 -16 -36 -1 -6 4 3 -61 -5 6 4 5 3 -1 -5 6 -1 19 3 -19 -7 12 -14 14 -14 15 -4 -14 31 9 0 19 -2 10 -13 -1 22 17 -4 11 1 -10 -10 10 12 -12 6 8 3 6 17 -13 -3
-9 9 15 -31 15 20 7 -16 3 -3 0 5 -16 -36 -1 -6 4 3 -61 -5 6 4 5 3 -1 -5 6 -1 19 3 -19 -7 12 -14 14 -14 15 -4 -14 31 9 0 19 -2 10 -13 -1 22 17 -4 11 1 -10 -10 10 12 -12 6 8 3 6 17 -13 -3
-9 9 15 -31 15 20 7 -16 3 -3 0 5 -16 -36 -1 -6 4 3 -61 -5 6 4 5 3 -1 -5 6 -1 19 3 -19 -7 12 -14 14 -14 15 -4 -14 31 9 0 19 -2 10 -13 -1 22 17 -4 11 1 -10 -10 10 12 -12 6 8 3 6 17 -13 -3
-9 9 15 -31 15 20 7 -16 3 -3 0 5 -16 -36 -1 -6 4 3 -61 -5 6 4 5 3 -1 -5 6 -1 19 3 -19 -7 12 -14 14 -14 15 -4 -14 31 9 0 19 -2 10 -13 -1 22 17 -4 11 1 -10 -10 10 12 -12 6 8 3 6 17 -13 -3
-9 9 15 -31 15 20 7 -16 3 -3 0 5 -16 -36 -1 -6 4 3 -61 -5 6 4 5 3 -1 -5 6 -1 19 3 -19 -7 12 -14 14 -14 15 -4 -14 31 9 0 19 -2 10 -13 -1 22 17 -4 11 1 -10 -10 10 12 -12 6 8 3 6 17 -13 -3
-9 9 15 -31 15 20 7 -16 3 -3 0 5 -16 -36 -1 -6 4 3 -61 -5 6 4 5 3 -1 -5 6 -1 19 3 -19 -7 12 -14 14 -14 15 -4 -14 31 9 0 19 -2 10 -13 -1 22 17 -4 11 1 -10 -10 10 12 -12 6 8 3 6 17 -13 -3
-9 9 15 -31 15 20 7 -16 3 -3 0 5 -16 -36 -1 -6 4 3 -61 -5 6 4 5 3 -1 -5 6 -1 19 3 -19 -7 12 -14 14 -14 15 -4 -14 31 9 0 19 -2 10 -13 -1 22 17 -4 11 1 -10 -10 10 12 -12 6 8 3 6 17 -13 -3
-9 9 15 -31 15 20 7 -16 3 -3 0 5 -16 -36 -1 -6 4 3 -61 -5 6 4 5 3 -1 -5 6 -1 19 3 -19 -7 12 -14 14 -14 15 -4 -14 31 9 0 19 -2 10 -13 -1 22 17 -4 11 1 -10 -10 10 12 -12 6 8 3 6 17 -13 -3
-9 9 15 -31 15 20 7 -16 3 -3 0 5 -16 -36 -1 -6 4 3 -61 -5 6 4 5 3 -1 -5 6 -1 19 3 -19 -7 12 -14 14 -14 15 -4 -14 31 9 0 19 -2 10 -13 -1 22 17 -4 11 1 -10 -10 10 12 -12 6 8 3 6 17 -13 -3
-9 9 15 -31 15 20 7 -16 3 -3 0 5 -16 -36 -1 -6 4 3 -61 -5 6 4 5 3 -1 -5 6 -1 19 3 -19 -7 12 -14 14 -14 15 -4 -14 31 9 0 19 -2 10 -13 -1 22 17 -4 11 1 -10 -10 10 12 -12 6 8 3 6 17 -13 -3
-9 9 15 -31 15 20 7 -16 3 -3 0 5 -16 -36 -1 -6 4 3 -61 -5 6 4 5 3 -1 -5 6 -1 19 3 -19 -7 12 -14 14 -14 15 -4 -14 31 9 0 19 -2 10 -13 -1 22 17 -4 11 1 -10 -10 10 12 -12 6 8 3 6 17 -13 -3
-9 9 15 -31 15 20 7 -16 3 -3 0 5 -16 -36 -1 -6 4 3 -61 -5 6 4 5 3 -1 -5 6 -1 19 3 -19 -7 12 -14 14 -14 15 -4 -14 31 9 0 19 -2 10 -13 -1 22 17 -4 11 1 -10 -10 10 12 -12 6 8 3 6 17 -13 -3
-9 9 15 -31 15 20 7 -16 3 -3 0 5 -16 -36 -1 -6 4 3 -61 -5 6 4 5 3 -1 -5 6 -1 19 3 -19 -7 12 -14 14 -14 15 -4 -14 31 9 0 19 -2 10 -13 -1 22 17 -4 11 1 -10 -10 10 12 -12 6 8 3 6 17 -13 -3
-9 9 15 -31 15 20 7 -16 3 -3 0 5 -16 -36 -1 -6 4 3 -61 -5 6 4 5 3 -1 -5 6 -1 19 3 -19 -7 12 -14 14 -14 15 -4 -14 31 9 0 19 -2 10 -13 -1 22 17 -4 11 1 -10 -10 10 12 -12 6 8 3 6 17 -13 -3
-9 9 15 -31 15 20 7 -16 3 -3 0 5 -16 -36 -1 -6 4 3 -61 -5 6 4 5 3 -1 -5 6 -1 19 3 -19 -7 12 -14 14 -14 15 -4 -14 31 9 0 19 -2 10 -13 -1 22 17 -4 11 1 -10 -10 10 12 -12 6 8 3 6 17 -13 -3
-9 9 15 -31 15 20 7 -16 3 -3 0 5 -16 -36 -1 -6 4 3 -61 -5 6 4 5 3 -1 -5 6 -1 19 3 -19 -7 12 -14 14 -14 15 -4 -14 31 9 0 19 -2 10 -13 -1 22 17 -4 11 1 -10 -10 10 12 -12 6 8 3 6 17 -13 -3
-9 9 15 -31 15 20 7 -16 3 -3 0 5 -16 -36 -1 -6 4 3 -61 -5 6 4 5 3 -1 -5 6 -1 19 3 -19 -7 12 -14 14 -14 15 -4 -14 31 9 0 19 -2 10 -13 -1 22 17 -4 11 1 -10 -10 10 12 -12 6 8 3 6 17 -13 -3
-9 9 15 -31 15 20 7 -16 3 -3 0 5 -16 -36 -1 -6 4 3 -61 -5 6 4 5 3 -1 -5 6 -1 19 3 -19 -7 12 -14 14 -14 15 -4 -14 31 9 0 19 -2 10 -13 -1 22 17 -4 11 1 -10 -10 10 12 -12 6 8 3 6 17 -13 -3
-9 9 15 -31 15 20 7 -16 3 -3 0 5 -16 -36 -1 -6 4 3 -61 -5 6 4 5 3 -1 -5 6 -1 19 3 -19 -7 12 -14 14 -14 15 -4 -14 31 9 0 19 -2 10 -13 -1 22 17 -4 11 1 -10 -10 10 12 -12 6 8 3 6 17 -13 -3
-9 9 15 -31 15 20 7 -16 3 -3 0 5 -16 -36 -1 -6 4 3 -61 -5 6 4 5 3 -1 -5 6 -1 19 3 -19 -7 12 -14 14 -14 15 -4 -14 31 9 0 19 -2 10 -13 -1 22 17 -4 11 1 -10 -10 10 12 -12 6 8 3 6 17 -13 -3
-9 9 15 -31 15 20 7 -16 3 -3 0 5 -16 -36 -1 -6 4 3 -61 -5 6 4 5 3 -1 -5 6 -1 19 3 -19 -7 12 -14 14 -14 15 -4 -14 31 9 0 19 -2 10 -13 -1 22 17 -4 11 1 -10 -10 10 12 -12 6 8 3 6 17 -13 -3
-9 9 15 -31 15 20 7 -16 3 -3 0 5 -16 -36 -1 -6 4 3 -61 -5 6 4 5 3 -1 -5 6 -1 19 3 -19 -7 12 -14 14 -14 15 -4 -14 31 9 0 19 -2 10 -13 -1 22 17 -4 11 1 -10 -10 10 12 -12 6 8 3 6 17 -13 -3
-9 9 15 -31 15 20 7 -16 3 -3 0 5 -16 -36 -1 -6 4 3 -61 -5 6 4 5 3 -1 -5 6 -1 19 3 -19 -7 12 -14 14 -14 15 -4 -14 31 9 0 19 -2 10 -13 -1 22 17 -4 11 1 -10 -10 10 12 -12 6 8 3 6 17 -13 -3
-9 9 15 -31 15 20 7 -16 3 -3 0 5 -16 -36 -1 -6 4 3 -61 -5 6 4 5 3 -1 -5 6 -1 19 3 -19 -7 12 -14 14 -14 15 -4 -14 31 9 0 19 -2 10 -13 -1 22 17 -4 11 1 -10 -10 10 12 -12 6 8 3 6 17 -13 -3
-9 9 15 -31 15 20 7 -16 3 -3 0 5 -16 -36 -1 -6 4 3 -61 -5 6 4 5 3 -1 -5 6 -1 19 3 -19 -7 12 -14 14 -14 15 -4 -14 31 9 0 19 -2 10 -13 -1 22 17 -4 11 1 -10 -10 10 12 -12 6 8 3 6 17 -13 -3
-9 9 15 -31 15 20 7 -16 3 -3 0 5 -16 -36 -1 -6 4 3 -61 -5 6 4 5 3 -1 -5 6 -1 19 3 -19 -7 12 -14 14 -14 15 -4 -14 31 9 0 19 -2 10 -13 -1 22 17 -4 11 1 -10 -10 10 12 -12 6 8 3 6 17 -13 -3
-9 9 15 -31 15 20 7 -16 3 -3 0 5 -16 -36 -1 -6 4 3 -61 -5 6 4 5 3 -1 -5 6 -1 19 3 -19 -7 12 -14 14 -14 15 -4 -14 31 9 0 19 -2 10 -13 -1 22 17 -4 11 1 -10 -10 10 12 -12 6 8 3 6 17 -13 -3
-9 9 15 -31 15 20 7 -16 3 -3 0 5 -16 -36 -1 -6 4 3 -61 -5 6 4 5 3 -1 -5 6 -1 19 3 -19 -7 12 -14 14 -14 15 -4 -14 31 9 0 19 -2 10 -13 -1 22 17 -4 11 1 -10 -10 10 12 -12 6 8 3 6 17 -13 -3
-9 9 15 -31 15 20 7 -16 3 -3 0 5 -16 -36 -1 -6 4 3 -61 -5 6 4 5 3 -1 -5 6 -1 19 3 -19 -7 12 -14 14 -14 15 -4 -14 31 9 0 19 -2 10 -13 -1 22 17 -4 11 1 -10 -10 10 12 -12 6 8 3 6 17 -13 -3
-9 9 15 -31 15 20 7 -16 3 -3 0 5 -16 -36 -1 -6 4 3 -61 -5 6 4 5 3 -1 -5 6 -1 19 3 -19 -7 12 -14 14 -14 15 -4 -14 31 9 0 19 -2 10 -13 -1 22 17 -4 11 1 -10 -10 10 12 -12 6 8 3 6 17 -13 -3
-9 9 15 -31 15 20 7 -16 3 -3 0 5 -16 -36 -1 -6 4 3 -61 -5 6 4 5 3 -1 -5 6 -1 19 3 -19 -7 12 -14 14 -14 15 -4 -14 31 9 0 19 -2 10 -13 -1 22 17 -4 11 1 -10 -10 10 12 -12 6 8 3 6 17 -13 -3
-9 9 15 -31 15 20 7 -16 3 -3 0 5 -16 -36 -1 -6 4 3 -61 -5 6 4 5 3 -1 -5 6 -1 19 3 -19 -7 12 -14 14 -14 15 -4 -14 31 9 0 19 -2 10 -13 -1 22 17 -4 11 1 -10 -10 10 12 -12 6 8 3 6 17 -13 -3
-9 9 15 -31 15 20 7 -16 3 -3 0 5 -16 -36 -1 -6 4 3 -61 -5 6 4 5 3 -1 -5 6 -1 19 3 -19 -7 12 -14 14 -14 15 -4 -14 31 9 0 19 -2 10 -13 -1 22 17 -4 11 1 -10 -10 10 12 -12 6 8 3 6 17 -13 -3
-9 9 15 -31 15 20 7 -16 3 -3 0 5 -16 -36 -1 -6 4 3 -61 -5 6 4 5 3 -1 -5 6 -1 19 3 -19 -7 12 -14 14 -14 15 -4 -14 31 9 0 19 -2 10 -13 -1 22 17 -4 11 1 -10 -10 10 12 -12 6 8 3 6 17 -13 -3
-9 9 15 -31 15 20 7 -16 3 -3 0 5 -16 -36 -1 -6 4 3 -61 -5 6 4 5 3 -1 -5 6 -1 19 3 -19 -7 12 -14 14 -14 15 -4 -14 31 9 0 19 -2 10 -13 -1 22 17 -4 11 1 -10 -10 10 12 -12 6 8 3 6 17 -13 -3
-9 9 15 -31 15 20 7 -16 3 -3 0 5 -16 -36 -1 -6 4 3 -61 -5 6 4 5 3 -1 -5 6 -1 19 3 -19 -7 12 -14 14 -14 15 -4 -14 31 9 0 19 -2 10 -13 -1 22 17 -4 11 1 -10 -10 10 12 -12 6 8 3 6 17 -13 -3
-9 9 15 -31 15 20 7 -16 3 -3 0 5 -16 -36 -1 -6 4 3 -61 -5 6 4 5 3 -1 -5 6 -1 19 3 -19 -7 12 -14 14 -14 15 -4 -14 31 9 0 19 -2 10 -13 -1 22 17 -4 11 1 -10 -10 10 12 -12 6 8 3 6 17 -13 -3
-9 9 15 -31 15 20 7 -16 3 -3 0 5 -16 -36 -1 -6 4 3 -61 -5 6 4 5 3 -1 -5 6 -1 19 3 -19 -7 12 -14 14 -14 15 -4 -14 31 9 0 19 -2 10 -13 -1 22 17 -4 11 1 -10 -10 10 12 -12 6 8 3 6 17 -13 -3
-9 9 15 -31 15 20 7 -16 3 -3 0 5 -16 -36 -1 -6 4 3 -61 -5 6 4 5 3 -1 -5 6 -1 19 3 -19 -7 12 -14 14 -14 15 -4 -14 31 9 0 19 -2 10 -13 -1 22 17 -4 11 1 -10 -10 10 12 -12 6 8 3 6 17 -13 -3
-9 9 15 -31 15 20 7 -16 3 -3 0 5 -16 -36 -1 -6 4 3 -61 -5 6 4 5 3 -1 -5 6 -1 19 3 -19 -7 12 -14 14 -14 15 -4 -14 31 9 0 19 -2 10 -13 -1 22 17 -4 11 1 -10 -10 10 12 -12 6 8 3 6 17 -13 -3
-9 9 15 -31 15 20 7 -16 3 -3 0 5 -16 -36 -1 -6 4 3 -61 -5 6 4 5 3 -1 -5 6 -1 19 3 -19 -7 12 -14 14 -14 15 -4 -14 31 9 0 19 -2 10 -13 -1 22 17 -4 11 1 -10 -10 10 12 -12 6 8 3 6 17 -13 -3
-9 9 15 -31 15 20 7 -16 3 -3 0 5 -16 -36 -1 -6 4 3 -61 -5 6 4 5 3 -1 -5 6 -1 19 3 -19 -7 12 -14 14 -14 15 -4 -14 31 9 0 19 -2 10 -13 -1 22 17 -4 11 1 -10 -10 10 12 -12 6 8 3 6 17 -13 -3
-9 9 15 -31 15 20 7 -16 3 -3 0 5 -16 -36 -1 -6 4 3 -61 -5 6 4 5 3 -1 -5 6 -1 19 3 -19 -7 12 -14 14 -14 15 -4 -14 31 9 0 19 -2 10 -13 -1 22 17 -4 11 1 -10 -10 10 12 -12 6 8 3 6 17 -13 -3
