1 0 -28 11 -11 -19 3 4 1 15 17 5 4 -15 -10 -5 -1 -5 13 17 -66 -2 2 -10 -55 5 12 -7 -1 -22 -8 3 -9 -12 5 10 -2 8 -7 0 1 -4 -2 5 9 2 -5 -1 -5 -13 7 -6 4 -4 11 -30 -8 -7 10 -16 -87 -1 -6 7
1 -6 -19 -1 -1 -29 -12 14 -4 3 20 -2 -22 -6 -7 -17 -27 -15 20 -5 -59 -5 -36 -2 -49 13 -8 -5 8 -24 -33 -4 -7 -10 1 12 2 -19 -6 14 -5 -50 -11 -9 4 3 -14 -6 7 3 23 -6 40 -27 33 -46 -13 -4 9 -20 -32 -21 3 -6
3 6 -27 11 1 -42 -6 19 4 -1 12 -3 -19 -7 10 -15 -19 -16 24 -1 -55 -2 -34 -2 -49 14 -3 2 14 -19 -44 -8 -17 -22 4 6 5 -25 0 12 0 -41 -5 4 1 11 -12 -11 -1 0 19 -1 33 -30 31 -43 -10 -8 1 -30 -47 -23 5 6
-8 16 -12 -18 -7 -30 -10 7 -24 10 15 7 -18 -2 -12 -26 -8 0 9 11 -40 -8 -16 1 -55 0 9 -11 1 -22 -31 -5 1 -12 3 11 3 -8 0 -19 22 -22 -9 -3 19 11 -12 -6 -11 -33 14 -11 32 -21 24 -43 -18 -18 11 -24 -26 -23 4 11
-8 -1 -11 -22 -5 -36 -1 8 -8 14 13 9 2 -9 -14 -4 -10 -18 29 17 -49 -11 -4 -14 -59 -13 -9 -13 5 -31 -30 -8 -2 -24 -15 15 1 -1 -4 -5 14 -36 4 -3 15 20 -11 -2 -7 -30 13 -13 23 -12 30 -39 -13 -12 8 -28 -29 -6 13 2
-12 -4 -12 -22 0 -35 -12 4 -20 3 5 8 -6 -6 3 1 -4 -13 15 14 -42 -8 -21 -11 -63 -6 -5 -4 19 -11 -38 -19 -1 -15 -5 12 -3 2 -14 7 4 -36 -4 7 -12 24 -6 3 -12 -21 21 -10 23 -11 32 -32 -14 -14 -6 -30 -32 -20 1 4
-9 -13 -10 -12 -9 -28 12 1 -4 15 18 6 -23 -15 -6 5 12 -2 20 22 -34 -17 -11 -12 -53 -18 -3 -20 -14 -23 -37 -16 3 -13 -4 17 17 -8 -6 -8 20 -10 -11 1 8 12 -13 -1 -6 -32 16 -8 28 -17 20 -32 -17 -19 14 -27 -26 -19 1 -13
-1 -19 -14 -25 -3 -35 -30 11 -9 -20 -3 4 -17 5 17 -11 -15 1 10 -4 -38 1 -14 2 -63 -10 -11 2 23 -6 -34 -35 8 -9 5 10 -1 -29 -12 15 2 -41 -16 10 -22 21 -3 -3 -27 -12 22 -4 23 -15 26 -43 -9 -12 -1 -30 -30 -27 2 -7
-8 -15 -18 -28 -7 -33 -11 7 9 4 13 4 -25 11 23 -21 -17 -8 -1 13 -34 -4 -21 5 -57 0 -18 -2 17 -12 -34 -9 -14 7 -5 7 -5 -25 -13 18 -8 -22 -12 8 -21 12 -15 -8 -27 -21 18 -2 20 -35 35 -19 -4 4 5 -19 -40 -12 -1 29
-16 17 -30 4 -12 -34 -9 10 -4 -7 12 19 -6 1 -11 -14 5 -5 5 21 -37 -4 -25 -9 -44 -9 -14 5 -16 -32 -32 -3 -12 -16 8 16 -3 -30 -1 5 17 -18 -8 -3 -3 0 -17 -4 -7 -23 9 0 25 -18 37 -31 -4 -6 -1 -23 -27 1 -2 5
-5 5 -14 -18 -21 -33 2 1 -2 15 15 -6 -23 -10 11 -26 -11 -4 10 16 -26 -10 -9 -6 -51 -10 -8 -3 1 -19 -28 0 -13 -2 -6 11 -4 -17 -12 -3 5 -11 -17 1 -3 14 -9 -3 -7 -25 16 -13 26 -39 36 -23 -9 -5 6 -13 -27 -7 -1 27
-4 6 -13 -10 -15 -37 -1 20 -5 4 12 -3 -12 -10 12 -21 1 -3 22 22 -31 0 -19 -15 -48 -6 -3 8 -9 -17 -21 -6 -12 -1 7 3 -9 -26 -7 3 -7 -27 -6 5 -10 3 -10 -8 -15 -19 9 -6 27 -19 26 -29 -13 6 9 -16 -25 4 -8 -1
-7 26 -22 -13 -9 -29 4 8 -26 10 22 8 -3 -11 -17 -22 -13 -8 19 10 -28 -7 0 -10 -47 1 10 -12 -5 -41 -23 9 1 -9 8 13 0 -10 -3 -21 18 -15 -5 -7 24 2 -9 -6 -1 -37 12 -7 41 -22 30 -47 -11 -13 12 -26 -19 -17 0 5
1 -6 -14 -15 3 -41 -36 16 -15 -5 6 5 -8 -6 1 -14 -18 -14 12 -3 -52 4 -12 0 -68 -1 -11 -2 19 -11 -31 -7 7 -16 8 10 -8 -23 -11 23 -1 -48 -2 -3 -7 23 1 -6 -23 1 9 0 20 -37 32 -34 -10 -17 7 -32 -37 -23 -3 -6
4 20 -23 0 -18 -25 5 12 -2 -2 8 7 -11 3 -15 -11 15 -15 14 5 -33 0 -14 -11 -52 0 -12 3 -12 -36 -26 11 -8 -17 16 16 3 -19 8 -8 13 -32 -12 -5 3 -1 -10 -8 -8 -44 11 6 23 -15 35 -27 -11 -6 -3 -34 -24 -3 -12 1
6 14 -12 -5 -21 -27 -8 3 -13 5 12 10 -13 -4 -7 -10 6 -14 15 12 -34 -5 -8 -11 -53 12 -3 -3 5 -19 -18 11 -2 -10 16 14 13 -11 -2 -11 11 -18 -5 2 12 0 -15 -12 -17 -45 23 -9 28 -20 34 -31 -13 -13 11 -21 -23 -4 -8 1
2 1 -29 -20 -19 -34 -6 6 -3 15 20 1 -16 -10 -3 -8 -4 0 22 9 -29 5 -23 -3 -49 -8 -4 -4 -7 -34 -16 -15 -4 -16 11 18 0 -11 -7 -30 -9 -22 -14 4 11 2 -11 -3 -9 -37 4 -13 12 -20 31 -38 -19 -8 -1 -19 -12 -6 -2 2
0 11 -12 -15 -29 -34 -1 19 1 -3 8 9 -19 16 3 4 11 -14 20 26 -24 16 -26 -7 -58 -4 -14 -6 -24 -25 0 9 -5 -13 3 7 13 -9 -3 -15 -6 -2 -1 -11 20 -5 4 -9 -4 -36 21 -7 24 -17 39 -29 -7 -9 -1 -29 -12 1 7 17
1 -1 -15 -17 -10 -38 -18 5 -4 9 2 -2 -16 -1 13 3 -8 -7 22 11 -31 14 -23 10 -52 -9 -4 -7 0 -21 -13 -25 -1 -8 21 12 7 -21 -8 -1 -15 -39 -15 -14 -15 4 -10 -8 -7 -19 2 -7 18 -28 34 -35 -14 -13 -6 -17 -12 -6 -10 11
6 -5 -13 -17 1 -31 -7 4 -10 -1 11 0 -8 -1 5 -12 -5 3 19 18 -37 3 -10 -4 -43 -6 4 -4 -2 -11 -24 -22 15 -11 18 8 4 -13 -8 -25 -1 -28 1 2 7 9 -2 -7 -15 -28 20 -5 12 -28 22 -37 -14 -27 5 -22 -20 -14 2 2
-1 -14 -9 -27 0 -36 -29 13 -7 -23 5 20 -21 7 22 0 -8 -3 18 2 -48 16 -9 -4 -64 7 -14 -5 13 -7 -26 -17 2 -10 2 7 -5 -37 -6 15 -7 -39 -10 11 -16 15 -9 -3 -31 -22 21 2 21 -24 33 -39 -11 -18 -4 -40 -30 -23 -3 3
8 -1 -20 -25 -6 -38 -5 4 -3 -8 7 13 -14 -5 6 -6 -3 -10 1 7 -45 2 -37 -6 -65 2 -11 2 26 -18 -27 -9 4 -9 16 13 -10 -22 -22 14 -10 -37 -18 -3 -15 6 -11 -7 -24 -8 6 0 28 -14 40 -21 -15 -10 4 -30 -44 -22 6 3
4 -5 -18 -14 -1 -38 -6 6 -2 3 4 16 -15 -2 3 -1 -25 -3 6 5 -83 7 -31 -2 -68 17 3 -8 27 -11 -26 -11 -6 -6 16 10 2 -16 -6 29 -17 -27 -6 10 -23 5 -2 -7 -9 3 15 -4 21 -20 26 -24 -4 -14 12 -22 -91 -13 -6 7
5 10 -16 -5 -8 -34 4 8 -8 16 13 29 0 -9 -7 -9 -11 -5 17 23 -56 -1 -27 -2 -39 14 14 -20 -1 -23 -34 -2 1 -10 6 25 11 -5 -8 6 2 -25 3 5 8 3 2 1 -7 -22 13 -8 23 -10 35 -29 -14 -6 2 -16 -49 -9 0 13
9 9 -7 15 -7 -35 5 12 4 5 15 4 -13 -5 1 -21 -8 -1 14 26 -53 -12 -23 -3 -40 4 13 -21 9 -36 -34 -2 3 -7 11 27 6 -9 -9 10 2 -37 -12 8 7 16 -9 -9 -3 -1 18 -2 32 -12 36 -44 -19 -16 7 -22 -43 -1 -1 6
-19 9 -20 -17 -9 -22 -9 -3 -12 6 22 20 -5 -1 -10 -30 -9 11 9 13 -42 -1 -23 4 -46 12 1 -18 3 -36 -14 9 11 -7 7 11 -1 -9 0 -23 24 -25 -1 -1 16 1 4 -3 -9 -28 11 -12 24 -21 32 -46 -19 -18 8 -20 -25 -10 -1 16
-10 -3 -15 -21 -7 -34 -7 5 1 17 15 13 13 -6 -5 -9 -21 -15 20 10 -47 -1 -13 -12 -53 -4 -6 -14 4 -33 -26 -6 9 -23 -12 9 -4 9 0 -10 14 -34 -3 1 4 22 -3 -5 -6 -30 13 -10 18 -14 34 -41 -8 -22 0 -20 -26 2 8 13
-20 1 -20 -19 -2 -33 -24 5 -18 -3 2 20 5 0 11 0 -9 -5 16 3 -43 14 -28 -16 -61 3 -4 -6 10 -18 -28 -7 0 -14 -6 8 -8 11 -9 11 -2 -39 -9 7 -25 21 5 -5 -7 -23 19 -8 17 -12 31 -35 -10 -16 -7 -27 -30 -18 -3 18
-10 -13 -14 -16 0 -30 -3 -2 8 7 17 15 -5 -10 0 -4 -6 0 21 3 -39 7 -19 -12 -58 0 -2 -21 -10 -24 -32 -13 1 -19 -2 10 5 -9 -3 1 3 -13 -21 3 -6 10 5 -6 -5 -19 13 -6 16 -22 28 -31 -13 -21 6 -21 -28 -11 -9 6
-7 -15 -25 -24 2 -34 -36 5 -2 -14 -2 11 -1 4 20 -10 -21 7 9 -6 -35 10 -10 -2 -56 6 -8 -3 22 -13 -24 -20 15 -13 2 3 -5 -22 -17 6 -1 -36 -19 8 -30 18 11 -6 -22 -6 25 -5 18 -20 30 -45 -10 -17 -1 -27 -30 -19 -2 6
-11 -16 -20 -28 -5 -29 -15 7 8 2 5 6 -11 10 32 -22 -16 -2 -1 4 -26 8 -27 -4 -54 9 -14 0 26 -18 -25 3 -7 8 0 7 -13 -19 -10 15 -12 -9 -22 10 -23 12 -2 -8 -18 -25 10 -3 13 -30 35 -16 1 -4 -3 -18 -36 -6 2 37
-10 7 -26 -13 -22 -25 0 -6 0 15 15 2 -10 -10 12 -29 6 9 11 23 -19 -2 -14 -5 -36 -3 3 -1 -7 -26 -15 11 -10 -4 -5 2 -7 -1 -13 -11 6 4 -15 4 0 15 5 2 -8 -35 12 -13 17 -31 27 -25 -3 -14 6 -13 -21 -6 0 38
-10 7 -19 -3 -11 -35 2 12 0 4 7 -2 -2 -13 18 -21 -3 6 15 12 -32 12 -22 -16 -43 -3 2 9 -12 -19 -14 -2 -7 -4 6 -2 -3 -18 6 3 -8 -24 -7 7 -16 6 1 -12 -12 -12 10 -4 18 -18 30 -27 -7 -4 3 -9 -26 4 -12 7
8 12 -12 -5 -1 -19 -13 8 -19 4 18 2 -12 -7 -3 -23 -10 -5 6 7 -36 8 -6 -5 -48 7 10 -16 13 -31 -16 0 18 -8 16 20 9 -9 2 -2 12 -22 -6 4 24 5 -5 -13 -6 -18 17 4 28 -22 22 -30 -7 -22 4 -30 -30 -1 3 2
-4 7 -31 -17 -22 -33 4 5 -2 22 19 1 -6 -10 4 -5 -4 2 19 9 -26 11 -24 -8 -45 -7 4 -12 -2 -43 -12 -14 2 -17 12 16 3 -6 -6 -28 -3 -15 -18 4 19 0 -5 -7 -8 -40 6 -13 15 -17 31 -35 -18 -12 -4 -14 -8 -2 -3 11
-5 12 -20 -18 -29 -34 -13 14 6 10 9 2 -7 16 10 -2 -1 -5 16 8 -28 12 -35 -14 -52 2 -5 -16 -8 -26 1 2 5 -13 7 4 5 -5 -2 -4 -4 -9 -7 -5 16 6 5 -8 -3 -24 18 -11 25 -20 38 -29 -4 -20 -2 -27 -17 7 1 23
-4 8 -20 -14 -7 -36 -19 4 -2 6 5 7 -4 -4 16 4 -11 7 19 7 -28 12 -28 -2 -47 -5 -4 -8 3 -34 -5 -22 2 -13 14 10 10 -6 -12 -13 -13 -28 -19 -10 -9 3 -2 -6 -6 -20 6 -8 22 -29 31 -28 -11 -16 -1 -17 -9 -4 -17 16
-5 2 -15 -13 2 -30 -8 1 -2 -2 14 1 -4 1 13 -13 -12 10 15 7 -40 13 -17 -9 -40 -4 11 -6 0 -17 -24 -20 17 -16 18 9 4 -11 -5 -24 -3 -24 -5 0 9 5 -5 -9 -16 -26 18 -8 14 -22 32 -41 -12 -33 1 -19 -17 -1 -2 7
-8 -11 -15 -23 0 -36 -36 13 -4 -21 5 22 -16 10 30 -2 -19 4 14 -9 -51 25 -14 -5 -65 17 -8 -7 24 -17 -16 -16 6 -4 8 10 -7 -35 -4 18 -14 -39 -18 7 -16 14 0 -6 -32 -18 16 3 15 -25 36 -32 -9 -22 -7 -38 -28 -12 -2 9
4 6 -25 -17 0 -39 -10 6 1 -8 12 23 -11 -7 8 -10 -7 -6 3 -1 -47 9 -37 -5 -62 14 -7 6 26 -19 -19 -5 6 -15 20 11 -9 -16 -16 22 -12 -34 -27 -1 -13 6 -4 -3 -17 -9 5 1 22 -15 45 -24 -13 -11 2 -25 -51 -17 2 6
7 -9 -23 -14 2 -34 -7 1 1 6 2 17 -10 -3 2 -3 -30 -3 0 1 -85 9 -35 3 -67 20 5 -7 30 -10 -22 -12 -2 -7 17 9 8 -13 -5 30 -13 -22 -6 7 -25 4 1 -6 -11 6 14 -5 14 -21 25 -22 -3 -13 8 -16 -97 -10 -6 6
2 13 -30 -1 -10 -33 6 9 -10 13 11 7 2 -3 -17 1 -18 -10 13 12 -48 5 -30 -7 -52 10 5 -15 -3 -28 -29 2 7 -3 5 21 20 -2 1 12 12 -3 -8 9 0 3 -6 -4 -6 -3 8 -6 21 -18 21 -29 -10 -13 5 -30 -58 4 9 12
2 13 -30 -1 -10 -33 6 9 -10 13 11 7 2 -3 -17 1 -18 -10 13 12 -48 5 -30 -7 -52 10 5 -15 -3 -28 -29 2 7 -3 5 21 20 -2 1 12 12 -3 -8 9 0 3 -6 -4 -6 -3 8 -6 21 -18 21 -29 -10 -13 5 -30 -58 4 9 12
2 13 -30 -1 -10 -33 6 9 -10 13 11 7 2 -3 -17 1 -18 -10 13 12 -48 5 -30 -7 -52 10 5 -15 -3 -28 -29 2 7 -3 5 21 20 -2 1 12 12 -3 -8 9 0 3 -6 -4 -6 -3 8 -6 21 -18 21 -29 -10 -13 5 -30 -58 4 9 12
2 13 -30 -1 -10 -33 6 9 -10 13 11 7 2 -3 -17 1 -18 -10 13 12 -48 5 -30 -7 -52 10 5 -15 -3 -28 -29 2 7 -3 5 21 20 -2 1 12 12 -3 -8 9 0 3 -6 -4 -6 -3 8 -6 21 -18 21 -29 -10 -13 5 -30 -58 4 9 12
2 13 -30 -1 -10 -33 6 9 -10 13 11 7 2 -3 -17 1 -18 -10 13 12 -48 5 -30 -7 -52 10 5 -15 -3 -28 -29 2 7 -3 5 21 20 -2 1 12 12 -3 -8 9 0 3 -6 -4 -6 -3 8 -6 21 -18 21 -29 -10 -13 5 -30 -58 4 9 12
2 13 -30 -1 -10 -33 6 9 -10 13 11 7 2 -3 -17 1 -18 -10 13 12 -48 5 -30 -7 -52 10 5 -15 -3 -28 -29 2 7 -3 5 21 20 -2 1 12 12 -3 -8 9 0 3 -6 -4 -6 -3 8 -6 21 -18 21 -29 -10 -13 5 -30 -58 4 9 12
2 13 -30 -1 -10 -33 6 9 -10 13 11 7 2 -3 -17 1 -18 -10 13 12 -48 5 -30 -7 -52 10 5 -15 -3 -28 -29 2 7 -3 5 21 20 -2 1 12 12 -3 -8 9 0 3 -6 -4 -6 -3 8 -6 21 -18 21 -29 -10 -13 5 -30 -58 4 9 12
2 13 -30 -1 -10 -33 6 9 -10 13 11 7 2 -3 -17 1 -18 -10 13 12 -48 5 -30 -7 -52 10 5 -15 -3 -28 -29 2 7 -3 5 21 20 -2 1 12 12 -3 -8 9 0 3 -6 -4 -6 -3 8 -6 21 -18 21 -29 -10 -13 5 -30 -58 4 9 12
2 13 -30 -1 -10 -33 6 9 -10 13 11 7 2 -3 -17 1 -18 -10 13 12 -48 5 -30 -7 -52 10 5 -15 -3 -28 -29 2 7 -3 5 21 20 -2 1 12 12 -3 -8 9 0 3 -6 -4 -6 -3 8 -6 21 -18 21 -29 -10 -13 5 -30 -58 4 9 12
2 13 -30 -1 -10 -33 6 9 -10 13 11 7 2 -3 -17 1 -18 -10 13 12 -48 5 -30 -7 -52 10 5 -15 -3 -28 -29 2 7 -3 5 21 20 -2 1 12 12 -3 -8 9 0 3 -6 -4 -6 -3 8 -6 21 -18 21 -29 -10 -13 5 -30 -58 4 9 12
2 13 -30 -1 -10 -33 6 9 -10 13 11 7 2 -3 -17 1 -18 -10 13 12 -48 5 -30 -7 -52 10 5 -15 -3 -28 -29 2 7 -3 5 21 20 -2 1 12 12 -3 -8 9 0 3 -6 -4 -6 -3 8 -6 21 -18 21 -29 -10 -13 5 -30 -58 4 9 12
2 13 -30 -1 -10 -33 6 9 -10 13 11 7 2 -3 -17 1 -18 -10 13 12 -48 5 -30 -7 -52 10 5 -15 -3 -28 -29 2 7 -3 5 21 20 -2 1 12 12 -3 -8 9 0 3 -6 -4 -6 -3 8 -6 21 -18 21 -29 -10 -13 5 -30 -58 4 9 12
2 13 -30 -1 -10 -33 6 9 -10 13 11 7 2 -3 -17 1 -18 -10 13 12 -48 5 -30 -7 -52 10 5 -15 -3 -28 -29 2 7 -3 5 21 20 -2 1 12 12 -3 -8 9 0 3 -6 -4 -6 -3 8 -6 21 -18 21 -29 -10 -13 5 -30 -58 4 9 12
2 13 -30 -1 -10 -33 6 9 -10 13 11 7 2 -3 -17 1 -18 -10 13 12 -48 5 -30 -7 -52 10 5 -15 -3 -28 -29 2 7 -3 5 21 20 -2 1 12 12 -3 -8 9 0 3 -6 -4 -6 -3 8 -6 21 -18 21 -29 -10 -13 5 -30 -58 4 9 12
2 13 -30 -1 -10 -33 6 9 -10 13 11 7 2 -3 -17 1 -18 -10 13 12 -48 5 -30 -7 -52 10 5 -15 -3 -28 -29 2 7 -3 5 21 20 -2 1 12 12 -3 -8 9 0 3 -6 -4 -6 -3 8 -6 21 -18 21 -29 -10 -13 5 -30 -58 4 9 12
2 13 -30 -1 -10 -33 6 9 -10 13 11 7 2 -3 -17 1 -18 -10 13 12 -48 5 -30 -7 -52 10 5 -15 -3 -28 -29 2 7 -3 5 21 20 -2 1 12 12 -3 -8 9 0 3 -6 -4 -6 -3 8 -6 21 -18 21 -29 -10 -13 5 -30 -58 4 9 12
2 13 -30 -1 -10 -33 6 9 -10 13 11 7 2 -3 -17 1 -18 -10 13 12 -48 5 -30 -7 -52 10 5 -15 -3 -28 -29 2 7 -3 5 21 20 -2 1 12 12 -3 -8 9 0 3 -6 -4 -6 -3 8 -6 21 -18 21 -29 -10 -13 5 -30 -58 4 9 12
2 13 -30 -1 -10 -33 6 9 -10 13 11 7 2 -3 -17 1 -18 -10 13 12 -48 5 -30 -7 -52 10 5 -15 -3 -28 -29 2 7 -3 5 21 20 -2 1 12 12 -3 -8 9 0 3 -6 -4 -6 -3 8 -6 21 -18 21 -29 -10 -13 5 -30 -58 4 9 12
2 13 -30 -1 -10 -33 6 9 -10 13 11 7 2 -3 -17 1 -18 -10 13 12 -48 5 -30 -7 -52 10 5 -15 -3 -28 -29 2 7 -3 5 21 20 -2 1 12 12 -3 -8 9 0 3 -6 -4 -6 -3 8 -6 21 -18 21 -29 -10 -13 5 -30 -58 4 9 12
2 13 -30 -1 -10 -33 6 9 -10 13 11 7 2 -3 -17 1 -18 -10 13 12 -48 5 -30 -7 -52 10 5 -15 -3 -28 -29 2 7 -3 5 21 20 -2 1 12 12 -3 -8 9 0 3 -6 -4 -6 -3 8 -6 21 -18 21 -29 -10 -13 5 -30 -58 4 9 12
2 13 -30 -1 -10 -33 6 9 -10 13 11 7 2 -3 -17 1 -18 -10 13 12 -48 5 -30 -7 -52 10 5 -15 -3 -28 -29 2 7 -3 5 21 20 -2 1 12 12 -3 -8 9 0 3 -6 -4 -6 -3 8 -6 21 -18 21 -29 -10 -13 5 -30 -58 4 9 12
2 13 -30 -1 -10 -33 6 9 -10 13 11 7 2 -3 -17 1 -18 -10 13 12 -48 5 -30 -7 -52 10 5 -15 -3 -28 -29 2 7 -3 5 21 20 -2 1 12 12 -3 -8 9 0 3 -6 -4 -6 -3 8 -6 21 -18 21 -29 -10 -13 5 -30 -58 4 9 12
2 13 -30 -1 -10 -33 6 9 -10 13 11 7 2 -3 -17 1 -18 -10 13 12 -48 5 -30 -7 -52 10 5 -15 -3 -28 -29 2 7 -3 5 21 20 -2 1 12 12 -3 -8 9 0 3 -6 -4 -6 -3 8 -6 21 -18 21 -29 -10 -13 5 -30 -58 4 9 12
2 13 -30 -1 -10 -33 6 9 -10 13 11 7 2 -3 -17 1 -18 -10 13 12 -48 5 -30 -7 -52 10 5 -15 -3 -28 -29 2 7 -3 5 21 20 -2 1 12 12 -3 -8 9 0 3 -6 -4 -6 -3 8 -6 21 -18 21 -29 -10 -13 5 -30 -58 4 9 12
2 13 -30 -1 -10 -33 6 9 -10 13 11 7 2 -3 -17 1 -18 -10 13 12 -48 5 -30 -7 -52 10 5 -15 -3 -28 -29 2 7 -3 5 21 20 -2 1 12 12 -3 -8 9 0 3 -6 -4 -6 -3 8 -6 21 -18 21 -29 -10 -13 5 -30 -58 4 9 12
2 13 -30 -1 -10 -33 6 9 -10 13 11 7 2 -3 -17 1 -18 -10 13 12 -48 5 -30 -7 -52 10 5 -15 -3 -28 -29 2 7 -3 5 21 20 -2 1 12 12 -3 -8 9 0 3 -6 -4 -6 -3 8 -6 21 -18 21 -29 -10 -13 5 -30 -58 4 9 12
2 13 -30 -1 -10 -33 6 9 -10 13 11 7 2 -3 -17 1 -18 -10 13 12 -48 5 -30 -7 -52 10 5 -15 -3 -28 -29 2 7 -3 5 21 20 -2 1 12 12 -3 -8 9 0 3 -6 -4 -6 -3 8 -6 21 -18 21 -29 -10 -13 5 -30 -58 4 9 12
2 13 -30 -1 -10 -33 6 9 -10 13 11 7 2 -3 -17 1 -18 -10 13 12 -48 5 -30 -7 -52 10 5 -15 -3 -28 -29 2 7 -3 5 21 20 -2 1 12 12 -3 -8 9 0 3 -6 -4 -6 -3 8 -6 21 -18 21 -29 -10 -13 5 -30 -58 4 9 12
2 13 -30 -1 -10 -33 6 9 -10 13 11 7 2 -3 -17 1 -18 -10 13 12 -48 5 -30 -7 -52 10 5 -15 -3 -28 -29 2 7 -3 5 21 20 -2 1 12 12 -3 -8 9 0 3 -6 -4 -6 -3 8 -6 21 -18 21 -29 -10 -13 5 -30 -58 4 9 12
2 13 -30 -1 -10 -33 6 9 -10 13 11 7 2 -3 -17 1 -18 -10 13 12 -48 5 -30 -7 -52 10 5 -15 -3 -28 -29 2 7 -3 5 21 20 -2 1 12 12 -3 -8 9 0 3 -6 -4 -6 -3 8 -6 21 -18 21 -29 -10 -13 5 -30 -58 4 9 12
2 13 -30 -1 -10 -33 6 9 -10 13 11 7 2 -3 -17 1 -18 -10 13 12 -48 5 -30 -7 -52 10 5 -15 -3 -28 -29 2 7 -3 5 21 20 -2 1 12 12 -3 -8 9 0 3 -6 -4 -6 -3 8 -6 21 -18 21 -29 -10 -13 5 -30 -58 4 9 12
2 13 -30 -1 -10 -33 6 9 -10 13 11 7 2 -3 -17 1 -18 -10 13 12 -48 5 -30 -7 -52 10 5 -15 -3 -28 -29 2 7 -3 5 21 20 -2 1 12 12 -3 -8 9 0 3 -6 -4 -6 -3 8 -6 21 -18 21 -29 -10 -13 5 -30 -58 4 9 12
2 13 -30 -1 -10 -33 6 9 -10 13 11 7 2 -3 -17 1 -18 -10 13 12 -48 5 -30 -7 -52 10 5 -15 -3 -28 -29 2 7 -3 5 21 20 -2 1 12 12 -3 -8 9 0 3 -6 -4 -6 -3 8 -6 21 -18 21 -29 -10 -13 5 -30 -58 4 9 12
2 13 -30 -1 -10 -33 6 9 -10 13 11 7 2 -3 -17 1 -18 -10 13 12 -48 5 -30 -7 -52 10 5 -15 -3 -28 -29 2 7 -3 5 21 20 -2 1 12 12 -3 -8 9 0 3 -6 -4 -6 -3 8 -6 21 -18 21 -29 -10 -13 5 -30 -58 4 9 12
2 13 -30 -1 -10 -33 6 9 -10 13 11 7 2 -3 -17 1 -18 -10 13 12 -48 5 -30 -7 -52 10 5 -15 -3 -28 -29 2 7 -3 5 21 20 -2 1 12 12 -3 -8 9 0 3 -6 -4 -6 -3 8 -6 21 -18 21 -29 -10 -13 5 -30 -58 4 9 12
2 13 -30 -1 -10 -33 6 9 -10 13 11 7 2 -3 -17 1 -18 -10 13 12 -48 5 -30 -7 -52 10 5 -15 -3 -28 -29 2 7 -3 5 21 20 -2 1 12 12 -3 -8 9 0 3 -6 -4 -6 -3 8 -6 21 -18 21 -29 -10 -13 5 -30 -58 4 9 12
2 13 -30 -1 -10 -33 6 9 -10 13 11 7 2 -3 -17 1 -18 -10 13 12 -48 5 -30 -7 -52 10 5 -15 -3 -28 -29 2 7 -3 5 21 20 -2 1 12 12 -3 -8 9 0 3 -6 -4 -6 -3 8 -6 21 -18 21 -29 -10 -13 5 -30 -58 4 9 12
2 13 -30 -1 -10 -33 6 9 -10 13 11 7 2 -3 -17 1 -18 -10 13 12 -48 5 -30 -7 -52 10 5 -15 -3 -28 -29 2 7 -3 5 21 20 -2 1 12 12 -3 -8 9 0 3 -6 -4 -6 -3 8 -6 21 -18 21 -29 -10 -13 5 -30 -58 4 9 12
2 13 -30 -1 -10 -33 6 9 -10 13 11 7 2 -3 -17 1 -18 -10 13 12 -48 5 -30 -7 -52 10 5 -15 -3 -28 -29 2 7 -3 5 21 20 -2 1 12 12 -3 -8 9 0 3 -6 -4 -6 -3 8 -6 21 -18 21 -29 -10 -13 5 -30 -58 4 9 12
2 13 -30 -1 -10 -33 6 9 -10 13 11 7 2 -3 -17 1 -18 -10 13 12 -48 5 -30 -7 -52 10 5 -15 -3 -28 -29 2 7 -3 5 21 20 -2 1 12 12 -3 -8 9 0 3 -6 -4 -6 -3 8 -6 21 -18 21 -29 -10 -13 5 -30 -58 4 9 12
2 13 -30 -1 -10 -33 6 9 -10 13 11 7 2 -3 -17 1 -18 -10 13 12 -48 5 -30 -7 -52 10 5 -15 -3 -28 -29 2 7 -3 5 21 20 -2 1 12 12 -3 -8 9 0 3 -6 -4 -6 -3 8 -6 21 -18 21 -29 -10 -13 5 -30 -58 4 9 12
2 13 -30 -1 -10 -33 6 9 -10 13 11 7 2 -3 -17 1 -18 -10 13 12 -48 5 -30 -7 -52 10 5 -15 -3 -28 -29 2 7 -3 5 21 20 -2 1 12 12 -3 -8 9 0 3 -6 -4 -6 -3 8 -6 21 -18 21 -29 -10 -13 5 -30 -58 4 9 12
2 13 -30 -1 -10 -33 6 9 -10 13 11 7 2 -3 -17 1 -18 -10 13 12 -48 5 -30 -7 -52 10 5 -15 -3 -28 -29 2 7 -3 5 21 20 -2 1 12 12 -3 -8 9 0 3 -6 -4 -6 -3 8 -6 21 -18 21 -29 -10 -13 5 -30 -58 4 9 12
2 13 -30 -1 -10 -33 6 9 -10 13 11 7 2 -3 -17 1 -18 -10 13 12 -48 5 -30 -7 -52 10 5 -15 -3 -28 -29 2 7 -3 5 21 20 -2 1 12 12 -3 -8 9 0 3 -6 -4 -6 -3 8 -6 21 -18 21 -29 -10 -13 5 -30 -58 4 9 12
2 13 -30 -1 -10 -33 6 9 -10 13 11 7 2 -3 -17 1 -18 -10 13 12 -48 5 -30 -7 -52 10 5 -15 -3 -28 -29 2 7 -3 5 21 20 -2 1 12 12 -3 -8 9 0 3 -6 -4 -6 -3 8 -6 21 -18 21 -29 -10 -13 5 -30 -58 4 9 12
2 13 -30 -1 -10 -33 6 9 -10 13 11 7 2 -3 -17 1 -18 -10 13 12 -48 5 -30 -7 -52 10 5 -15 -3 -28 -29 2 7 -3 5 21 20 -2 1 12 12 -3 -8 9 0 3 -6 -4 -6 -3 8 -6 21 -18 21 -29 -10 -13 5 -30 -58 4 9 12
2 13 -30 -1 -10 -33 6 9 -10 13 11 7 2 -3 -17 1 -18 -10 13 12 -48 5 -30 -7 -52 10 5 -15 -3 -28 -29 2 7 -3 5 21 20 -2 1 12 12 -3 -8 9 0 3 -6 -4 -6 -3 8 -6 21 -18 21 -29 -10 -13 5 -30 -58 4 9 12
2 13 -30 -1 -10 -33 6 9 -10 13 11 7 2 -3 -17 1 -18 -10 13 12 -48 5 -30 -7 -52 10 5 -15 -3 -28 -29 2 7 -3 5 21 20 -2 1 12 12 -3 -8 9 0 3 -6 -4 -6 -3 8 -6 21 -18 21 -29 -10 -13 5 -30 -58 4 9 12
2 13 -30 -1 -10 -33 6 9 -10 13 11 7 2 -3 -17 1 -18 -10 13 12 -48 5 -30 -7 -52 10 5 -15 -3 -28 -29 2 7 -3 5 21 20 -2 1 12 12 -3 -8 9 0 3 -6 -4 -6 -3 8 -6 21 -18 21 -29 -10 -13 5 -30 -58 4 9 12
2 13 -30 -1 -10 -33 6 9 -10 13 11 7 2 -3 -17 1 -18 -10 13 12 -48 5 -30 -7 -52 10 5 -15 -3 -28 -29 2 7 -3 5 21 20 -2 1 12 12 -3 -8 9 0 3 -6 -4 -6 -3 8 -6 21 -18 21 -29 -10 -13 5 -30 -58 4 9 12
2 13 -30 -1 -10 -33 6 9 -10 13 11 7 2 -3 -17 1 -18 -10 13 12 -48 5 -30 -7 -52 10 5 -15 -3 -28 -29 2 7 -3 5 21 20 -2 1 12 12 -3 -8 9 0 3 -6 -4 -6 -3 8 -6 21 -18 21 -29 -10 -13 5 -30 -58 4 9 12
2 13 -30 -1 -10 -33 6 9 -10 13 11 7 2 -3 -17 1 -18 -10 13 12 -48 5 -30 -7 -52 10 5 -15 -3 -28 -29 2 7 -3 5 21 20 -2 1 12 12 -3 -8 9 0 3 -6 -4 -6 -3 8 -6 21 -18 21 -29 -10 -13 5 -30 -58 4 9 12
2 13 -30 -1 -10 -33 6 9 -10 13 11 7 2 -3 -17 1 -18 -10 13 12 -48 5 -30 -7 -52 10 5 -15 -3 -28 -29 2 7 -3 5 21 20 -2 1 12 12 -3 -8 9 0 3 -6 -4 -6 -3 8 -6 21 -18 21 -29 -10 -13 5 -30 -58 4 9 12
2 13 -30 -1 -10 -33 6 9 -10 13 11 7 2 -3 -17 1 -18 -10 13 12 -48 5 -30 -7 -52 10 5 -15 -3 -28 -29 2 7 -3 5 21 20 -2 1 12 12 -3 -8 9 0 3 -6 -4 -6 -3 8 -6 21 -18 21 -29 -10 -13 5 -30 -58 4 9 12
2 13 -30 -1 -10 -33 6 9 -10 13 11 7 2 -3 -17 1 -18 -10 13 12 -48 5 -30 -7 -52 10 5 -15 -3 -28 -29 2 7 -3 5 21 20 -2 1 12 12 -3 -8 9 0 3 -6 -4 -6 -3 8 -6 21 -18 21 -29 -10 -13 5 -30 -58 4 9 12
2 13 -30 -1 -10 -33 6 9 -10 13 11 7 2 -3 -17 1 -18 -10 13 12 -48 5 -30 -7 -52 10 5 -15 -3 -28 -29 2 7 -3 5 21 20 -2 1 12 12 -3 -8 9 0 3 -6 -4 -6 -3 8 -6 21 -18 21 -29 -10 -13 5 -30 -58 4 9 12
2 13 -30 -1 -10 -33 6 9 -10 13 11 7 2 -3 -17 1 -18 -10 13 12 -48 5 -30 -7 -52 10 5 -15 -3 -28 -29 2 7 -3 5 21 20 -2 1 12 12 -3 -8 9 0 3 -6 -4 -6 -3 8 -6 21 -18 21 -29 -10 -13 5 -30 -58 4 9 12
2 13 -30 -1 -10 -33 6 9 -10 13 11 7 2 -3 -17 1 -18 -10 13 12 -48 5 -30 -7 -52 10 5 -15 -3 -28 -29 2 7 -3 5 21 20 -2 1 12 12 -3 -8 9 0 3 -6 -4 -6 -3 8 -6 21 -18 21 -29 -10 -13 5 -30 -58 4 9 12
2 13 -30 -1 -10 -33 6 9 -10 13 11 7 2 -3 -17 1 -18 -10 13 12 -48 5 -30 -7 -52 10 5 -15 -3 -28 -29 2 7 -3 5 21 20 -2 1 12 12 -3 -8 9 0 3 -6 -4 -6 -3 8 -6 21 -18 21 -29 -10 -13 5 -30 -58 4 9 12
2 13 -30 -1 -10 -33 6 9 -10 13 11 7 2 -3 -17 1 -18 -10 13 12 -48 5 -30 -7 -52 10 5 -15 -3 -28 -29 2 7 -3 5 21 20 -2 1 12 12 -3 -8 9 0 3 -6 -4 -6 -3 8 -6 21 -18 21 -29 -10 -13 5 -30 -58 4 9 12
2 13 -30 -1 -10 -33 6 9 -10 13 11 7 2 -3 -17 1 -18 -10 13 12 -48 5 -30 -7 -52 10 5 -15 -3 -28 -29 2 7 -3 5 21 20 -2 1 12 12 -3 -8 9 0 3 -6 -4 -6 -3 8 -6 21 -18 21 -29 -10 -13 5 -30 -58 4 9 12
2 13 -30 -1 -10 -33 6 9 -10 13 11 7 2 -3 -17 1 -18 -10 13 12 -48 5 -30 -7 -52 10 5 -15 -3 -28 -29 2 7 -3 5 21 20 -2 1 12 12 -3 -8 9 0 3 -6 -4 -6 -3 8 -6 21 -18 21 -29 -10 -13 5 -30 -58 4 9 12
2 13 -30 -1 -10 -33 6 9 -10 13 11 7 2 -3 -17 1 -18 -10 13 12 -48 5 -30 -7 -52 10 5 -15 -3 -28 -29 2 7 -3 5 21 20 -2 1 12 12 -3 -8 9 0 3 -6 -4 -6 -3 8 -6 21 -18 21 -29 -10 -13 5 -30 -58 4 9 12
2 13 -30 -1 -10 -33 6 9 -10 13 11 7 2 -3 -17 1 -18 -10 13 12 -48 5 -30 -7 -52 10 5 -15 -3 -28 -29 2 7 -3 5 21 20 -2 1 12 12 -3 -8 9 0 3 -6 -4 -6 -3 8 -6 21 -18 21 -29 -10 -13 5 -30 -58 4 9 12
2 13 -30 -1 -10 -33 6 9 -10 13 11 7 2 -3 -17 1 -18 -10 13 12 -48 5 -30 -7 -52 10 5 -15 -3 -28 -29 2 7 -3 5 21 20 -2 1 12 12 -3 -8 9 0 3 -6 -4 -6 -3 8 -6 21 -18 21 -29 -10 -13 5 -30 -58 4 9 12
2 13 -30 -1 -10 -33 6 9 -10 13 11 7 2 -3 -17 1 -18 -10 13 12 -48 5 -30 -7 -52 10 5 -15 -3 -28 -29 2 7 -3 5 21 20 -2 1 12 12 -3 -8 9 0 3 -6 -4 -6 -3 8 -6 21 -18 21 -29 -10 -13 5 -30 -58 4 9 12
2 13 -30 -1 -10 -33 6 9 -10 13 11 7 2 -3 -17 1 -18 -10 13 12 -48 5 -30 -7 -52 10 5 -15 -3 -28 -29 2 7 -3 5 21 20 -2 1 12 12 -3 -8 9 0 3 -6 -4 -6 -3 8 -6 21 -18 21 -29 -10 -13 5 -30 -58 4 9 12
2 13 -30 -1 -10 -33 6 9 -10 13 11 7 2 -3 -17 1 -18 -10 13 12 -48 5 -30 -7 -52 10 5 -15 -3 -28 -29 2 7 -3 5 21 20 -2 1 12 12 -3 -8 9 0 3 -6 -4 -6 -3 8 -6 21 -18 21 -29 -10 -13 5 -30 -58 4 9 12
2 13 -30 -1 -10 -33 6 9 -10 13 11 7 2 -3 -17 1 -18 -10 13 12 -48 5 -30 -7 -52 10 5 -15 -3 -28 -29 2 7 -3 5 21 20 -2 1 12 12 -3 -8 9 0 3 -6 -4 -6 -3 8 -6 21 -18 21 -29 -10 -13 5 -30 -58 4 9 12
2 13 -30 -1 -10 -33 6 9 -10 13 11 7 2 -3 -17 1 -18 -10 13 12 -48 5 -30 -7 -52 10 5 -15 -3 -28 -29 2 7 -3 5 21 20 -2 1 12 12 -3 -8 9 0 3 -6 -4 -6 -3 8 -6 21 -18 21 -29 -10 -13 5 -30 -58 4 9 12
2 13 -30 -1 -10 -33 6 9 -10 13 11 7 2 -3 -17 1 -18 -10 13 12 -48 5 -30 -7 -52 10 5 -15 -3 -28 -29 2 7 -3 5 21 20 -2 1 12 12 -3 -8 9 0 3 -6 -4 -6 -3 8 -6 21 -18 21 -29 -10 -13 5 -30 -58 4 9 12
2 13 -30 -1 -10 -33 6 9 -10 13 11 7 2 -3 -17 1 -18 -10 13 12 -48 5 -30 -7 -52 10 5 -15 -3 -28 -29 2 7 -3 5 21 20 -2 1 12 12 -3 -8 9 0 3 -6 -4 -6 -3 8 -6 21 -18 21 -29 -10 -13 5 -30 -58 4 9 12
2 13 -30 -1 -10 -33 6 9 -10 13 11 7 2 -3 -17 1 -18 -10 13 12 -48 5 -30 -7 -52 10 5 -15 -3 -28 -29 2 7 -3 5 21 20 -2 1 12 12 -3 -8 9 0 3 -6 -4 -6 -3 8 -6 21 -18 21 -29 -10 -13 5 -30 -58 4 9 12
2 13 -30 -1 -10 -33 6 9 -10 13 11 7 2 -3 -17 1 -18 -10 13 12 -48 5 -30 -7 -52 10 5 -15 -3 -28 -29 2 7 -3 5 21 20 -2 1 12 12 -3 -8 9 0 3 -6 -4 -6 -3 8 -6 21 -18 21 -29 -10 -13 5 -30 -58 4 9 12
2 13 -30 -1 -10 -33 6 9 -10 13 11 7 2 -3 -17 1 -18 -10 13 12 -48 5 -30 -7 -52 10 5 -15 -3 -28 -29 2 7 -3 5 21 20 -2 1 12 12 -3 -8 9 0 3 -6 -4 -6 -3 8 -6 21 -18 21 -29 -10 -13 5 -30 -58 4 9 12
2 13 -30 -1 -10 -33 6 9 -10 13 11 7 2 -3 -17 1 -18 -10 13 12 -48 5 -30 -7 -52 10 5 -15 -3 -28 -29 2 7 -3 5 21 20 -2 1 12 12 -3 -8 9 0 3 -6 -4 -6 -3 8 -6 21 -18 21 -29 -10 -13 5 -30 -58 4 9 12
2 13 -30 -1 -10 -33 6 9 -10 13 11 7 2 -3 -17 1 -18 -10 13 12 -48 5 -30 -7 -52 10 5 -15 -3 -28 -29 2 7 -3 5 21 20 -2 1 12 12 -3 -8 9 0 3 -6 -4 -6 -3 8 -6 21 -18 21 -29 -10 -13 5 -30 -58 4 9 12
2 13 -30 -1 -10 -33 6 9 -10 13 11 7 2 -3 -17 1 -18 -10 13 12 -48 5 -30 -7 -52 10 5 -15 -3 -28 -29 2 7 -3 5 21 20 -2 1 12 12 -3 -8 9 0 3 -6 -4 -6 -3 8 -6 21 -18 21 -29 -10 -13 5 -30 -58 4 9 12
2 13 -30 -1 -10 -33 6 9 -10 13 11 7 2 -3 -17 1 -18 -10 13 12 -48 5 -30 -7 -52 10 5 -15 -3 -28 -29 2 7 -3 5 21 20 -2 1 12 12 -3 -8 9 0 3 -6 -4 -6 -3 8 -6 21 -18 21 -29 -10 -13 5 -30 -58 4 9 12
2 13 -30 -1 -10 -33 6 9 -10 13 11 7 2 -3 -17 1 -18 -10 13 12 -48 5 -30 -7 -52 10 5 -15 -3 -28 -29 2 7 -3 5 21 20 -2 1 12 12 -3 -8 9 0 3 -6 -4 -6 -3 8 -6 21 -18 21 -29 -10 -13 5 -30 -58 4 9 12
2 13 -30 -1 -10 -33 6 9 -10 13 11 7 2 -3 -17 1 -18 -10 13 12 -48 5 -30 -7 -52 10 5 -15 -3 -28 -29 2 7 -3 5 21 20 -2 1 12 12 -3 -8 9 0 3 -6 -4 -6 -3 8 -6 21 -18 21 -29 -10 -13 5 -30 -58 4 9 12
2 13 -30 -1 -10 -33 6 9 -10 13 11 7 2 -3 -17 1 -18 -10 13 12 -48 5 -30 -7 -52 10 5 -15 -3 -28 -29 2 7 -3 5 21 20 -2 1 12 12 -3 -8 9 0 3 -6 -4 -6 -3 8 -6 21 -18 21 -29 -10 -13 5 -30 -58 4 9 12
2 13 -30 -1 -10 -33 6 9 -10 13 11 7 2 -3 -17 1 -18 -10 13 12 -48 5 -30 -7 -52 10 5 -15 -3 -28 -29 2 7 -3 5 21 20 -2 1 12 12 -3 -8 9 0 3 -6 -4 -6 -3 8 -6 21 -18 21 -29 -10 -13 5 -30 -58 4 9 12
2 13 -30 -1 -10 -33 6 9 -10 13 11 7 2 -3 -17 1 -18 -10 13 12 -48 5 -30 -7 -52 10 5 -15 -3 -28 -29 2 7 -3 5 21 20 -2 1 12 12 -3 -8 9 0 3 -6 -4 -6 -3 8 -6 21 -18 21 -29 -10 -13 5 -30 -58 4 9 12
2 13 -30 -1 -10 -33 6 9 -10 13 11 7 2 -3 -17 1 -18 -10 13 12 -48 5 -30 -7 -52 10 5 -15 -3 -28 -29 2 7 -3 5 21 20 -2 1 12 12 -3 -8 9 0 3 -6 -4 -6 -3 8 -6 21 -18 21 -29 -10 -13 5 -30 -58 4 9 12
2 13 -30 -1 -10 -33 6 9 -10 13 11 7 2 -3 -17 1 -18 -10 13 12 -48 5 -30 -7 -52 10 5 -15 -3 -28 -29 2 7 -3 5 21 20 -2 1 12 12 -3 -8 9 0 3 -6 -4 -6 -3 8 -6 21 -18 21 -29 -10 -13 5 -30 -58 4 9 12
2 13 -30 -1 -10 -33 6 9 -10 13 11 7 2 -3 -17 1 -18 -10 13 12 -48 5 -30 -7 -52 10 5 -15 -3 -28 -29 2 7 -3 5 21 20 -2 1 12 12 -3 -8 9 0 3 -6 -4 -6 -3 8 -6 21 -18 21 -29 -10 -13 5 -30 -58 4 9 12
