-1 0 -9 8 1 -11 16 12 -13 -11 1 0 -9 -10 -18 5 -5 -4 -12 4 8 4 -8 4 -5 -9 5 -7 -1 -4 -5 4 6 14 50 11 -2 -9 -3 3 -9 14 -3 8 9 8 7 -3 8 5 -9 0 7 11 -5 -3 -3 5 -2 7 -2 -16 -14 16
-10 -13 -22 -10 11 -8 -3 13 -12 2 7 4 -17 16 -4 -2 6 -30 -9 33 29 3 -18 -13 23 27 -37 -21 14 12 -4 -8 1 1 85 13 1 7 5 -32 8 -3 6 -25 -11 -6 -5 1 -10 11 -40 -6 11 1 -7 1 6 -9 -9 -21 11 1 16 29
-18 -2 -13 -2 6 -8 1 9 -9 1 17 5 -17 12 -1 -3 -9 -29 -7 31 25 -6 -3 -21 13 26 -22 -20 13 20 0 1 17 10 80 7 10 -5 13 -21 -2 7 6 -20 -7 -7 5 16 0 9 -24 -6 8 6 6 -6 -3 2 -4 -6 11 0 14 17
-5 -6 -6 23 7 0 -18 6 -3 -9 3 1 19 22 -7 0 3 -12 7 23 50 8 17 -34 3 -1 -30 -25 1 -3 8 -14 6 16 70 6 -3 6 -5 -38 12 14 7 -6 0 7 16 11 4 11 -26 -8 -6 3 7 0 15 19 17 -3 13 -3 25 3
-18 -2 -2 18 9 -12 -13 0 -8 -5 1 1 -7 22 -5 1 -3 -13 -22 8 26 18 4 -13 12 10 -26 -11 -5 -2 -8 -1 4 2 75 -5 6 -10 -11 -19 11 25 -8 -10 -3 2 19 2 12 10 -11 -2 -13 -7 -4 -6 9 7 10 18 24 0 27 0
-18 -5 -4 14 2 -9 -6 8 -7 2 10 -6 -6 20 3 2 1 -13 -19 15 27 14 -1 -18 17 7 -26 -10 0 15 -6 -14 5 7 75 -8 3 -7 -3 -20 8 18 -3 -9 -4 8 17 -3 14 18 -20 0 -11 -9 -4 -8 2 1 4 14 29 0 33 -7
-6 -2 5 21 13 9 -1 17 1 -4 -3 -3 -3 24 11 0 3 -8 -19 18 38 14 -6 -14 9 12 -29 -20 7 2 1 -13 -1 -10 83 1 5 1 -5 -17 4 21 -11 3 -12 6 23 10 4 13 -17 2 -17 -2 -4 -18 5 16 5 12 26 7 21 2
2 4 -8 11 5 11 -9 -5 1 -10 -6 0 24 20 -9 3 8 2 -16 13 43 18 2 -13 2 -4 -26 -16 10 1 -4 -1 10 2 78 -6 -6 4 -1 -33 0 10 2 4 1 -2 24 21 5 12 -29 -7 -13 -1 -5 3 12 24 10 2 19 2 29 8
-3 -8 -11 11 7 -20 -3 -9 -6 2 -1 6 -5 28 -1 -11 -10 -20 -2 36 37 8 3 -16 6 9 -26 -20 8 21 -6 -16 3 2 76 9 2 -4 -14 -23 3 8 26 -6 7 0 10 7 8 0 -13 -3 -15 21 13 -8 -8 8 8 12 18 -4 -3 6
2 -11 16 13 7 -13 -10 -1 -10 10 11 23 8 33 -1 -3 -18 -31 -4 24 36 -6 3 -13 13 33 -24 -23 27 3 8 1 4 4 100 13 5 1 4 -34 6 5 17 -7 10 -6 7 12 3 14 -11 -11 -1 12 20 -6 -6 -5 9 -11 23 10 10 9
-11 -12 -13 22 14 -22 -6 -14 -2 10 -2 10 -4 31 -6 -23 1 -17 -8 37 37 10 9 -13 2 4 -27 -23 8 17 -3 -12 3 5 81 7 9 -6 -1 -25 2 13 23 0 7 7 9 14 6 10 -17 -9 -9 12 12 -2 -11 -2 3 11 20 -6 -2 9
-7 -5 -3 11 17 -16 6 -5 5 19 15 18 -7 18 -20 -11 0 -24 -2 22 33 4 13 -1 6 -2 -20 -14 21 12 0 -13 -5 -4 76 20 -6 -2 -2 -23 3 8 24 4 3 3 9 15 -1 16 -10 -2 -13 8 18 -7 -8 -9 13 13 3 -7 8 5
1 -8 19 5 2 -3 -1 -3 -4 13 6 15 -1 29 5 -4 -2 -27 -6 43 33 11 20 5 1 17 -27 -13 24 12 -6 -15 -5 16 90 9 3 -34 1 -38 9 20 20 0 -8 -6 8 12 2 -6 -17 17 -8 1 4 7 -3 -17 3 -7 24 12 11 -9
6 3 4 5 -10 7 5 2 -8 3 5 6 -7 25 -1 2 1 -21 -16 29 33 20 10 2 -6 -1 -20 -8 19 -1 -13 8 -2 17 71 9 -5 -27 -4 -27 5 25 5 -1 -13 -12 2 11 2 -12 -17 11 -4 -7 -3 -11 -16 -9 5 1 20 3 12 0
4 0 24 -4 -11 8 12 16 3 -2 8 16 -3 17 2 7 -21 -29 0 30 30 9 4 6 7 14 -27 -15 43 3 -3 -8 6 7 90 -4 3 -17 -1 -42 -14 28 20 -4 -8 -1 -1 15 11 13 -19 8 -5 3 12 1 -8 -19 14 -8 21 9 2 -9
10 1 16 -5 0 15 13 15 0 -5 10 16 -2 17 -4 1 -3 -24 -3 31 27 10 7 1 -3 10 -25 -9 25 2 -2 -9 -3 6 84 -11 4 -29 1 -24 -9 23 19 5 -5 2 6 14 1 12 -25 8 -8 12 6 4 -14 -18 13 -18 18 7 -2 2
2 -19 -5 6 5 -5 7 11 7 9 3 12 -8 23 -13 -9 4 -28 -19 24 36 0 5 -3 -2 10 -26 -4 17 7 -5 -12 5 7 85 -24 -1 -16 -10 -28 -7 16 25 11 21 7 0 2 21 10 -9 3 -11 5 13 -11 7 -17 3 0 19 -11 -5 1
6 -12 11 3 4 -3 2 9 11 7 2 37 -13 28 -24 -3 0 -21 -9 23 41 3 2 -6 -6 11 -25 -10 22 9 6 -8 13 2 78 -17 -12 -11 -8 -27 -6 22 35 13 21 17 0 12 7 17 -11 5 -9 5 16 -10 12 -14 15 -6 17 9 0 -13
11 -11 -7 1 13 -17 7 6 1 4 7 12 -11 17 -18 -4 -1 -27 -14 25 33 2 -3 -8 -7 2 -30 -3 24 -1 4 -15 5 2 81 -19 -6 -8 -7 -20 -4 19 27 9 16 6 5 2 5 10 -19 -3 -10 5 13 -5 2 -16 -6 -6 13 -9 -16 -4
8 -4 -5 12 13 5 6 28 1 3 0 2 -10 32 -5 4 3 -9 -14 31 31 3 2 9 -7 17 -18 10 27 10 -4 -2 -11 -7 88 -5 -4 -14 -18 -20 1 26 25 16 10 12 0 9 -6 7 -11 0 -4 15 8 -5 4 -23 -1 -14 17 -9 6 -8
2 1 1 -20 8 -3 10 9 6 -5 -9 8 1 22 -5 8 14 -6 -18 31 28 0 6 7 1 24 -15 -4 22 -2 4 9 4 1 89 5 -6 -12 -15 -17 1 35 19 9 3 3 6 21 -9 -3 -33 -1 -9 18 1 -11 0 -17 1 -18 13 2 8 -4
-1 1 -2 4 12 -8 15 17 -8 -6 -4 -3 5 5 1 -2 -4 -12 -21 31 15 7 7 5 8 16 -23 -8 33 -11 0 -3 8 8 85 -1 0 3 -18 -10 -11 25 28 -7 -2 -7 4 8 11 -2 -12 -8 9 17 -1 -9 -8 -18 7 0 4 -6 7 -2
-3 -12 -5 -5 6 -18 10 3 -15 -17 2 2 0 3 -12 -2 10 -7 -6 1 4 2 1 3 -1 0 -13 -12 4 -13 -15 9 10 13 62 7 3 -6 -11 7 -2 18 14 4 8 -7 6 -3 12 14 -14 -5 9 4 -3 -7 -2 -6 -12 18 0 -11 -12 10
-7 4 9 3 6 -13 11 9 -13 0 1 6 -10 19 -1 -19 0 7 -6 16 -13 4 -5 -28 23 -18 -41 -24 42 -6 -17 6 2 -3 69 14 6 0 6 -9 -1 3 15 -16 11 -4 20 9 -1 -1 4 4 1 0 2 -5 6 -14 -4 -1 -3 0 -5 2
1 2 6 -3 4 2 8 14 -8 -3 8 7 -20 8 10 -6 -17 -1 2 13 -24 7 -5 -22 32 -6 -33 -26 59 -7 -9 7 11 4 66 11 -2 3 4 -18 -2 4 16 -24 2 -1 21 12 -5 -12 -6 2 -8 6 3 -4 7 -17 -10 -12 -8 1 -10 15
-4 6 -2 10 19 -3 -10 3 2 -1 -10 4 10 19 -8 -9 4 22 8 -1 -15 19 4 -28 13 -24 -53 -20 31 -1 -7 -13 3 10 69 3 3 14 -5 -19 -6 -6 16 -3 -5 13 42 -4 -3 0 -17 15 6 18 1 -1 15 -5 12 -6 -1 7 2 3
-15 -1 -11 9 16 -13 -9 4 -4 6 1 2 -1 16 -13 -7 5 18 -23 -18 -19 26 -7 -17 16 -11 -40 -8 13 2 -14 2 4 -3 70 -10 4 -12 -7 -9 -1 20 -3 2 0 -3 34 -2 8 7 -4 4 2 -1 2 -14 3 -22 6 13 1 -3 11 0
-24 -1 -1 4 9 -9 -1 4 -8 2 0 -5 -5 10 0 7 10 15 -18 -14 -27 19 -12 -19 17 -9 -39 3 24 8 -13 -4 3 -4 75 -9 5 -10 -1 -9 -3 9 0 3 -1 -2 40 -5 10 9 -10 7 2 4 -2 -10 -1 -20 0 7 9 -3 14 -10
-9 -1 -2 10 22 3 5 12 -2 0 -6 2 -2 18 4 4 10 21 -20 -5 -15 32 -17 -13 7 -9 -45 -4 26 -8 -7 -3 3 -3 70 -5 7 -11 -10 -5 -13 0 -1 10 -7 3 34 14 -5 2 -15 2 -9 2 -2 -18 10 -17 0 14 -4 0 10 9
3 11 -15 6 10 4 2 0 -3 -9 -19 -6 22 15 -9 -5 13 22 -10 -5 -15 27 -7 -13 10 -16 -28 -14 33 -4 -7 8 -2 9 71 -11 5 -3 -4 -20 -6 -5 -7 4 -5 -4 32 14 -1 10 -33 2 1 9 -10 -4 7 -8 8 9 -7 1 17 12
-4 2 -10 7 10 -23 1 -1 0 6 -13 6 -3 24 -3 -24 2 2 -3 0 -19 15 4 -24 18 -8 -42 -28 17 16 -6 -10 3 7 73 1 8 -3 -2 -12 -5 -9 7 -9 -8 -1 21 2 4 -8 -22 -1 -6 31 13 -15 -9 -26 5 22 -10 -1 -12 6
-12 -11 -6 13 14 -30 0 -4 1 23 -8 -3 -9 32 -2 -26 11 3 -4 -4 -20 12 3 -21 18 -8 -27 -19 11 19 -6 -12 -1 11 69 2 9 -5 6 -10 -8 0 11 5 -2 6 18 4 -4 -4 -22 -3 2 25 19 -13 -8 -29 8 17 0 -16 -14 5
-16 -5 -3 3 12 -15 12 3 5 16 5 10 1 16 -27 -18 11 5 0 -11 -15 0 6 -5 18 -12 -27 -32 36 9 -8 -11 -4 -5 72 12 1 -1 -4 -16 0 -4 4 4 -7 4 27 13 -3 12 -20 1 -1 11 18 -7 -11 -24 11 9 -14 -15 2 8
15 -1 11 8 0 1 6 24 2 1 5 -8 -7 21 1 -10 16 3 2 -6 -23 7 1 3 14 -6 -23 -16 33 -5 -4 -5 -1 3 77 7 9 -22 9 -4 -4 6 2 9 -12 5 34 -2 -7 -25 -27 1 -9 6 12 -1 -3 -24 -1 -17 -1 0 -12 2
0 -18 -5 10 11 -15 13 12 2 8 -1 5 -13 23 -13 -25 3 -3 -13 -16 -10 1 -1 -2 25 -9 -32 -28 15 2 -6 -4 1 13 82 -24 3 -15 1 -17 -7 1 7 6 9 10 31 -9 15 5 -9 6 -2 7 18 -17 4 -37 -5 1 3 -10 -10 -4
7 -11 4 -3 4 -10 7 17 4 12 -3 19 -16 26 -19 -14 5 7 -3 -20 -16 6 -3 -16 18 -2 -34 -38 23 9 -1 -2 3 8 71 -12 3 -7 2 -14 -6 7 14 6 6 13 28 -4 5 14 -16 4 -5 7 19 -11 9 -34 3 -3 -10 -3 -12 -7
-3 -12 -10 5 7 -11 14 12 1 11 1 1 -12 24 -21 -16 -2 -8 -18 -22 -11 2 -12 -1 21 -6 -27 -30 24 -2 1 -5 0 3 81 -20 5 -8 -1 -15 -9 3 5 8 10 7 32 -9 6 10 -20 2 -9 3 20 -11 1 -34 -11 -1 0 -17 -23 -5
11 -2 -7 3 3 7 9 30 4 8 -5 -1 -11 39 -5 -7 3 9 -7 -17 -16 4 -12 3 16 4 -22 -26 25 4 -4 4 -14 -3 84 -3 -1 -19 -5 -12 -1 6 3 9 1 7 28 0 -12 3 -15 2 3 13 13 -20 -2 -46 -9 -9 -9 -12 -12 -9
8 2 0 -17 6 -6 6 13 5 6 -13 0 -3 33 -9 0 14 7 -10 -10 -6 4 -4 4 10 6 -21 -28 25 -6 0 9 -6 0 84 6 4 -14 -13 -12 -3 16 5 7 -2 -3 22 10 -9 -11 -32 3 -6 16 7 -21 -4 -42 -8 -13 -12 0 -14 0
5 3 4 -4 -2 3 14 16 -4 4 -5 -5 4 30 1 -13 5 -8 -13 -6 -19 5 -5 -5 18 13 -10 -29 33 -14 0 2 -3 0 78 4 -2 1 -15 -12 -15 -5 9 -11 -2 -12 1 5 4 -9 -19 3 8 19 6 -18 -12 -49 1 0 -19 -9 -12 -10
-2 -10 -4 -8 4 -17 9 1 -20 -21 3 6 -2 2 -17 0 10 -8 0 -11 1 3 -4 11 -9 3 -1 -13 1 -11 -15 16 6 14 59 11 4 -4 -7 10 -6 17 9 9 4 -9 -3 -7 12 18 -14 2 10 2 -7 -4 -1 -10 -20 18 -5 -12 -13 5
4 1 18 9 -13 -18 -1 9 8 -4 12 -7 6 20 1 -13 -1 -10 0 -2 10 -1 6 -20 -2 31 -13 -9 6 -4 -1 3 1 5 75 15 10 -3 -1 -16 -4 0 -10 9 1 -8 4 -5 13 9 -9 7 2 -5 -5 -4 3 -1 -13 7 -5 -9 3 16
4 1 18 9 -13 -18 -1 9 8 -4 12 -7 6 20 1 -13 -1 -10 0 -2 10 -1 6 -20 -2 31 -13 -9 6 -4 -1 3 1 5 75 15 10 -3 -1 -16 -4 0 -10 9 1 -8 4 -5 13 9 -9 7 2 -5 -5 -4 3 -1 -13 7 -5 -9 3 16
4 1 18 9 -13 -18 -1 9 8 -4 12 -7 6 20 1 -13 -1 -10 0 -2 10 -1 6 -20 -2 31 -13 -9 6 -4 -1 3 1 5 75 15 10 -3 -1 -16 -4 0 -10 9 1 -8 4 -5 13 9 -9 7 2 -5 -5 -4 3 -1 -13 7 -5 -9 3 16
4 1 18 9 -13 -18 -1 9 8 -4 12 -7 6 20 1 -13 -1 -10 0 -2 10 -1 6 -20 -2 31 -13 -9 6 -4 -1 3 1 5 75 15 10 -3 -1 -16 -4 0 -10 9 1 -8 4 -5 13 9 -9 7 2 -5 -5 -4 3 -1 -13 7 -5 -9 3 16
4 1 18 9 -13 -18 -1 9 8 -4 12 -7 6 20 1 -13 -1 -10 0 -2 10 -1 6 -20 -2 31 -13 -9 6 -4 -1 3 1 5 75 15 10 -3 -1 -16 -4 0 -10 9 1 -8 4 -5 13 9 -9 7 2 -5 -5 -4 3 -1 -13 7 -5 -9 3 16
4 1 18 9 -13 -18 -1 9 8 -4 12 -7 6 20 1 -13 -1 -10 0 -2 10 -1 6 -20 -2 31 -13 -9 6 -4 -1 3 1 5 75 15 10 -3 -1 -16 -4 0 -10 9 1 -8 4 -5 13 9 -9 7 2 -5 -5 -4 3 -1 -13 7 -5 -9 3 16
4 1 18 9 -13 -18 -1 9 8 -4 12 -7 6 20 1 -13 -1 -10 0 -2 10 -1 6 -20 -2 31 -13 -9 6 -4 -1 3 1 5 75 15 10 -3 -1 -16 -4 0 -10 9 1 -8 4 -5 13 9 -9 7 2 -5 -5 -4 3 -1 -13 7 -5 -9 3 16
4 1 18 9 -13 -18 -1 9 8 -4 12 -7 6 20 1 -13 -1 -10 0 -2 10 -1 6 -20 -2 31 -13 -9 6 -4 -1 3 1 5 75 15 10 -3 -1 -16 -4 0 -10 9 1 -8 4 -5 13 9 -9 7 2 -5 -5 -4 3 -1 -13 7 -5 -9 3 16
4 1 18 9 -13 -18 -1 9 8 -4 12 -7 6 20 1 -13 -1 -10 0 -2 10 -1 6 -20 -2 31 -13 -9 6 -4 -1 3 1 5 75 15 10 -3 -1 -16 -4 0 -10 9 1 -8 4 -5 13 9 -9 7 2 -5 -5 -4 3 -1 -13 7 -5 -9 3 16
4 1 18 9 -13 -18 -1 9 8 -4 12 -7 6 20 1 -13 -1 -10 0 -2 10 -1 6 -20 -2 31 -13 -9 6 -4 -1 3 1 5 75 15 10 -3 -1 -16 -4 0 -10 9 1 -8 4 -5 13 9 -9 7 2 -5 -5 -4 3 -1 -13 7 -5 -9 3 16
4 1 18 9 -13 -18 -1 9 8 -4 12 -7 6 20 1 -13 -1 -10 0 -2 10 -1 6 -20 -2 31 -13 -9 6 -4 -1 3 1 5 75 15 10 -3 -1 -16 -4 0 -10 9 1 -8 4 -5 13 9 -9 7 2 -5 -5 -4 3 -1 -13 7 -5 -9 3 16
4 1 18 9 -13 -18 -1 9 8 -4 12 -7 6 20 1 -13 -1 -10 0 -2 10 -1 6 -20 -2 31 -13 -9 6 -4 -1 3 1 5 75 15 10 -3 -1 -16 -4 0 -10 9 1 -8 4 -5 13 9 -9 7 2 -5 -5 -4 3 -1 -13 7 -5 -9 3 16
4 1 18 9 -13 -18 -1 9 8 -4 12 -7 6 20 1 -13 -1 -10 0 -2 10 -1 6 -20 -2 31 -13 -9 6 -4 -1 3 1 5 75 15 10 -3 -1 -16 -4 0 -10 9 1 -8 4 -5 13 9 -9 7 2 -5 -5 -4 3 -1 -13 7 -5 -9 3 16
4 1 18 9 -13 -18 -1 9 8 -4 12 -7 6 20 1 -13 -1 -10 0 -2 10 -1 6 -20 -2 31 -13 -9 6 -4 -1 3 1 5 75 15 10 -3 -1 -16 -4 0 -10 9 1 -8 4 -5 13 9 -9 7 2 -5 -5 -4 3 -1 -13 7 -5 -9 3 16
4 1 18 9 -13 -18 -1 9 8 -4 12 -7 6 20 1 -13 -1 -10 0 -2 10 -1 6 -20 -2 31 -13 -9 6 -4 -1 3 1 5 75 15 10 -3 -1 -16 -4 0 -10 9 1 -8 4 -5 13 9 -9 7 2 -5 -5 -4 3 -1 -13 7 -5 -9 3 16
4 1 18 9 -13 -18 -1 9 8 -4 12 -7 6 20 1 -13 -1 -10 0 -2 10 -1 6 -20 -2 31 -13 -9 6 -4 -1 3 1 5 75 15 10 -3 -1 -16 -4 0 -10 9 1 -8 4 -5 13 9 -9 7 2 -5 -5 -4 3 -1 -13 7 -5 -9 3 16
4 1 18 9 -13 -18 -1 9 8 -4 12 -7 6 20 1 -13 -1 -10 0 -2 10 -1 6 -20 -2 31 -13 -9 6 -4 -1 3 1 5 75 15 10 -3 -1 -16 -4 0 -10 9 1 -8 4 -5 13 9 -9 7 2 -5 -5 -4 3 -1 -13 7 -5 -9 3 16
4 1 18 9 -13 -18 -1 9 8 -4 12 -7 6 20 1 -13 -1 -10 0 -2 10 -1 6 -20 -2 31 -13 -9 6 -4 -1 3 1 5 75 15 10 -3 -1 -16 -4 0 -10 9 1 -8 4 -5 13 9 -9 7 2 -5 -5 -4 3 -1 -13 7 -5 -9 3 16
4 1 18 9 -13 -18 -1 9 8 -4 12 -7 6 20 1 -13 -1 -10 0 -2 10 -1 6 -20 -2 31 -13 -9 6 -4 -1 3 1 5 75 15 10 -3 -1 -16 -4 0 -10 9 1 -8 4 -5 13 9 -9 7 2 -5 -5 -4 3 -1 -13 7 -5 -9 3 16
4 1 18 9 -13 -18 -1 9 8 -4 12 -7 6 20 1 -13 -1 -10 0 -2 10 -1 6 -20 -2 31 -13 -9 6 -4 -1 3 1 5 75 15 10 -3 -1 -16 -4 0 -10 9 1 -8 4 -5 13 9 -9 7 2 -5 -5 -4 3 -1 -13 7 -5 -9 3 16
4 1 18 9 -13 -18 -1 9 8 -4 12 -7 6 20 1 -13 -1 -10 0 -2 10 -1 6 -20 -2 31 -13 -9 6 -4 -1 3 1 5 75 15 10 -3 -1 -16 -4 0 -10 9 1 -8 4 -5 13 9 -9 7 2 -5 -5 -4 3 -1 -13 7 -5 -9 3 16
4 1 18 9 -13 -18 -1 9 8 -4 12 -7 6 20 1 -13 -1 -10 0 -2 10 -1 6 -20 -2 31 -13 -9 6 -4 -1 3 1 5 75 15 10 -3 -1 -16 -4 0 -10 9 1 -8 4 -5 13 9 -9 7 2 -5 -5 -4 3 -1 -13 7 -5 -9 3 16
4 1 18 9 -13 -18 -1 9 8 -4 12 -7 6 20 1 -13 -1 -10 0 -2 10 -1 6 -20 -2 31 -13 -9 6 -4 -1 3 1 5 75 15 10 -3 -1 -16 -4 0 -10 9 1 -8 4 -5 13 9 -9 7 2 -5 -5 -4 3 -1 -13 7 -5 -9 3 16
4 1 18 9 -13 -18 -1 9 8 -4 12 -7 6 20 1 -13 -1 -10 0 -2 10 -1 6 -20 -2 31 -13 -9 6 -4 -1 3 1 5 75 15 10 -3 -1 -16 -4 0 -10 9 1 -8 4 -5 13 9 -9 7 2 -5 -5 -4 3 -1 -13 7 -5 -9 3 16
4 1 18 9 -13 -18 -1 9 8 -4 12 -7 6 20 1 -13 -1 -10 0 -2 10 -1 6 -20 -2 31 -13 -9 6 -4 -1 3 1 5 75 15 10 -3 -1 -16 -4 0 -10 9 1 -8 4 -5 13 9 -9 7 2 -5 -5 -4 3 -1 -13 7 -5 -9 3 16
4 1 18 9 -13 -18 -1 9 8 -4 12 -7 6 20 1 -13 -1 -10 0 -2 10 -1 6 -20 -2 31 -13 -9 6 -4 -1 3 1 5 75 15 10 -3 -1 -16 -4 0 -10 9 1 -8 4 -5 13 9 -9 7 2 -5 -5 -4 3 -1 -13 7 -5 -9 3 16
4 1 18 9 -13 -18 -1 9 8 -4 12 -7 6 20 1 -13 -1 -10 0 -2 10 -1 6 -20 -2 31 -13 -9 6 -4 -1 3 1 5 75 15 10 -3 -1 -16 -4 0 -10 9 1 -8 4 -5 13 9 -9 7 2 -5 -5 -4 3 -1 -13 7 -5 -9 3 16
4 1 18 9 -13 -18 -1 9 8 -4 12 -7 6 20 1 -13 -1 -10 0 -2 10 -1 6 -20 -2 31 -13 -9 6 -4 -1 3 1 5 75 15 10 -3 -1 -16 -4 0 -10 9 1 -8 4 -5 13 9 -9 7 2 -5 -5 -4 3 -1 -13 7 -5 -9 3 16
4 1 18 9 -13 -18 -1 9 8 -4 12 -7 6 20 1 -13 -1 -10 0 -2 10 -1 6 -20 -2 31 -13 -9 6 -4 -1 3 1 5 75 15 10 -3 -1 -16 -4 0 -10 9 1 -8 4 -5 13 9 -9 7 2 -5 -5 -4 3 -1 -13 7 -5 -9 3 16
4 1 18 9 -13 -18 -1 9 8 -4 12 -7 6 20 1 -13 -1 -10 0 -2 10 -1 6 -20 -2 31 -13 -9 6 -4 -1 3 1 5 75 15 10 -3 -1 -16 -4 0 -10 9 1 -8 4 -5 13 9 -9 7 2 -5 -5 -4 3 -1 -13 7 -5 -9 3 16
4 1 18 9 -13 -18 -1 9 8 -4 12 -7 6 20 1 -13 -1 -10 0 -2 10 -1 6 -20 -2 31 -13 -9 6 -4 -1 3 1 5 75 15 10 -3 -1 -16 -4 0 -10 9 1 -8 4 -5 13 9 -9 7 2 -5 -5 -4 3 -1 -13 7 -5 -9 3 16
4 1 18 9 -13 -18 -1 9 8 -4 12 -7 6 20 1 -13 -1 -10 0 -2 10 -1 6 -20 -2 31 -13 -9 6 -4 -1 3 1 5 75 15 10 -3 -1 -16 -4 0 -10 9 1 -8 4 -5 13 9 -9 7 2 -5 -5 -4 3 -1 -13 7 -5 -9 3 16
4 1 18 9 -13 -18 -1 9 8 -4 12 -7 6 20 1 -13 -1 -10 0 -2 10 -1 6 -20 -2 31 -13 -9 6 -4 -1 3 1 5 75 15 10 -3 -1 -16 -4 0 -10 9 1 -8 4 -5 13 9 -9 7 2 -5 -5 -4 3 -1 -13 7 -5 -9 3 16
4 1 18 9 -13 -18 -1 9 8 -4 12 -7 6 20 1 -13 -1 -10 0 -2 10 -1 6 -20 -2 31 -13 -9 6 -4 -1 3 1 5 75 15 10 -3 -1 -16 -4 0 -10 9 1 -8 4 -5 13 9 -9 7 2 -5 -5 -4 3 -1 -13 7 -5 -9 3 16
4 1 18 9 -13 -18 -1 9 8 -4 12 -7 6 20 1 -13 -1 -10 0 -2 10 -1 6 -20 -2 31 -13 -9 6 -4 -1 3 1 5 75 15 10 -3 -1 -16 -4 0 -10 9 1 -8 4 -5 13 9 -9 7 2 -5 -5 -4 3 -1 -13 7 -5 -9 3 16
4 1 18 9 -13 -18 -1 9 8 -4 12 -7 6 20 1 -13 -1 -10 0 -2 10 -1 6 -20 -2 31 -13 -9 6 -4 -1 3 1 5 75 15 10 -3 -1 -16 -4 0 -10 9 1 -8 4 -5 13 9 -9 7 2 -5 -5 -4 3 -1 -13 7 -5 -9 3 16
4 1 18 9 -13 -18 -1 9 8 -4 12 -7 6 20 1 -13 -1 -10 0 -2 10 -1 6 -20 -2 31 -13 -9 6 -4 -1 3 1 5 75 15 10 -3 -1 -16 -4 0 -10 9 1 -8 4 -5 13 9 -9 7 2 -5 -5 -4 3 -1 -13 7 -5 -9 3 16
4 1 18 9 -13 -18 -1 9 8 -4 12 -7 6 20 1 -13 -1 -10 0 -2 10 -1 6 -20 -2 31 -13 -9 6 -4 -1 3 1 5 75 15 10 -3 -1 -16 -4 0 -10 9 1 -8 4 -5 13 9 -9 7 2 -5 -5 -4 3 -1 -13 7 -5 -9 3 16
4 1 18 9 -13 -18 -1 9 8 -4 12 -7 6 20 1 -13 -1 -10 0 -2 10 -1 6 -20 -2 31 -13 -9 6 -4 -1 3 1 5 75 15 10 -3 -1 -16 -4 0 -10 9 1 -8 4 -5 13 9 -9 7 2 -5 -5 -4 3 -1 -13 7 -5 -9 3 16
4 1 18 9 -13 -18 -1 9 8 -4 12 -7 6 20 1 -13 -1 -10 0 -2 10 -1 6 -20 -2 31 -13 -9 6 -4 -1 3 1 5 75 15 10 -3 -1 -16 -4 0 -10 9 1 -8 4 -5 13 9 -9 7 2 -5 -5 -4 3 -1 -13 7 -5 -9 3 16
4 1 18 9 -13 -18 -1 9 8 -4 12 -7 6 20 1 -13 -1 -10 0 -2 10 -1 6 -20 -2 31 -13 -9 6 -4 -1 3 1 5 75 15 10 -3 -1 -16 -4 0 -10 9 1 -8 4 -5 13 9 -9 7 2 -5 -5 -4 3 -1 -13 7 -5 -9 3 16
4 1 18 9 -13 -18 -1 9 8 -4 12 -7 6 20 1 -13 -1 -10 0 -2 10 -1 6 -20 -2 31 -13 -9 6 -4 -1 3 1 5 75 15 10 -3 -1 -16 -4 0 -10 9 1 -8 4 -5 13 9 -9 7 2 -5 -5 -4 3 -1 -13 7 -5 -9 3 16
4 1 18 9 -13 -18 -1 9 8 -4 12 -7 6 20 1 -13 -1 -10 0 -2 10 -1 6 -20 -2 31 -13 -9 6 -4 -1 3 1 5 75 15 10 -3 -1 -16 -4 0 -10 9 1 -8 4 -5 13 9 -9 7 2 -5 -5 -4 3 -1 -13 7 -5 -9 3 16
4 1 18 9 -13 -18 -1 9 8 -4 12 -7 6 20 1 -13 -1 -10 0 -2 10 -1 6 -20 -2 31 -13 -9 6 -4 -1 3 1 5 75 15 10 -3 -1 -16 -4 0 -10 9 1 -8 4 -5 13 9 -9 7 2 -5 -5 -4 3 -1 -13 7 -5 -9 3 16
4 1 18 9 -13 -18 -1 9 8 -4 12 -7 6 20 1 -13 -1 -10 0 -2 10 -1 6 -20 -2 31 -13 -9 6 -4 -1 3 1 5 75 15 10 -3 -1 -16 -4 0 -10 9 1 -8 4 -5 13 9 -9 7 2 -5 -5 -4 3 -1 -13 7 -5 -9 3 16
4 1 18 9 -13 -18 -1 9 8 -4 12 -7 6 20 1 -13 -1 -10 0 -2 10 -1 6 -20 -2 31 -13 -9 6 -4 -1 3 1 5 75 15 10 -3 -1 -16 -4 0 -10 9 1 -8 4 -5 13 9 -9 7 2 -5 -5 -4 3 -1 -13 7 -5 -9 3 16
4 1 18 9 -13 -18 -1 9 8 -4 12 -7 6 20 1 -13 -1 -10 0 -2 10 -1 6 -20 -2 31 -13 -9 6 -4 -1 3 1 5 75 15 10 -3 -1 -16 -4 0 -10 9 1 -8 4 -5 13 9 -9 7 2 -5 -5 -4 3 -1 -13 7 -5 -9 3 16
4 1 18 9 -13 -18 -1 9 8 -4 12 -7 6 20 1 -13 -1 -10 0 -2 10 -1 6 -20 -2 31 -13 -9 6 -4 -1 3 1 5 75 15 10 -3 -1 -16 -4 0 -10 9 1 -8 4 -5 13 9 -9 7 2 -5 -5 -4 3 -1 -13 7 -5 -9 3 16
4 1 18 9 -13 -18 -1 9 8 -4 12 -7 6 20 1 -13 -1 -10 0 -2 10 -1 6 -20 -2 31 -13 -9 6 -4 -1 3 1 5 75 15 10 -3 -1 -16 -4 0 -10 9 1 -8 4 -5 13 9 -9 7 2 -5 -5 -4 3 -1 -13 7 -5 -9 3 16
4 1 18 9 -13 -18 -1 9 8 -4 12 -7 6 20 1 -13 -1 -10 0 -2 10 -1 6 -20 -2 31 -13 -9 6 -4 -1 3 1 5 75 15 10 -3 -1 -16 -4 0 -10 9 1 -8 4 -5 13 9 -9 7 2 -5 -5 -4 3 -1 -13 7 -5 -9 3 16
4 1 18 9 -13 -18 -1 9 8 -4 12 -7 6 20 1 -13 -1 -10 0 -2 10 -1 6 -20 -2 31 -13 -9 6 -4 -1 3 1 5 75 15 10 -3 -1 -16 -4 0 -10 9 1 -8 4 -5 13 9 -9 7 2 -5 -5 -4 3 -1 -13 7 -5 -9 3 16
4 1 18 9 -13 -18 -1 9 8 -4 12 -7 6 20 1 -13 -1 -10 0 -2 10 -1 6 -20 -2 31 -13 -9 6 -4 -1 3 1 5 75 15 10 -3 -1 -16 -4 0 -10 9 1 -8 4 -5 13 9 -9 7 2 -5 -5 -4 3 -1 -13 7 -5 -9 3 16
4 1 18 9 -13 -18 -1 9 8 -4 12 -7 6 20 1 -13 -1 -10 0 -2 10 -1 6 -20 -2 31 -13 -9 6 -4 -1 3 1 5 75 15 10 -3 -1 -16 -4 0 -10 9 1 -8 4 -5 13 9 -9 7 2 -5 -5 -4 3 -1 -13 7 -5 -9 3 16
4 1 18 9 -13 -18 -1 9 8 -4 12 -7 6 20 1 -13 -1 -10 0 -2 10 -1 6 -20 -2 31 -13 -9 6 -4 -1 3 1 5 75 15 10 -3 -1 -16 -4 0 -10 9 1 -8 4 -5 13 9 -9 7 2 -5 -5 -4 3 -1 -13 7 -5 -9 3 16
4 1 18 9 -13 -18 -1 9 8 -4 12 -7 6 20 1 -13 -1 -10 0 -2 10 -1 6 -20 -2 31 -13 -9 6 -4 -1 3 1 5 75 15 10 -3 -1 -16 -4 0 -10 9 1 -8 4 -5 13 9 -9 7 2 -5 -5 -4 3 -1 -13 7 -5 -9 3 16
4 1 18 9 -13 -18 -1 9 8 -4 12 -7 6 20 1 -13 -1 -10 0 -2 10 -1 6 -20 -2 31 -13 -9 6 -4 -1 3 1 5 75 15 10 -3 -1 -16 -4 0 -10 9 1 -8 4 -5 13 9 -9 7 2 -5 -5 -4 3 -1 -13 7 -5 -9 3 16
4 1 18 9 -13 -18 -1 9 8 -4 12 -7 6 20 1 -13 -1 -10 0 -2 10 -1 6 -20 -2 31 -13 -9 6 -4 -1 3 1 5 75 15 10 -3 -1 -16 -4 0 -10 9 1 -8 4 -5 13 9 -9 7 2 -5 -5 -4 3 -1 -13 7 -5 -9 3 16
4 1 18 9 -13 -18 -1 9 8 -4 12 -7 6 20 1 -13 -1 -10 0 -2 10 -1 6 -20 -2 31 -13 -9 6 -4 -1 3 1 5 75 15 10 -3 -1 -16 -4 0 -10 9 1 -8 4 -5 13 9 -9 7 2 -5 -5 -4 3 -1 -13 7 -5 -9 3 16
4 1 18 9 -13 -18 -1 9 8 -4 12 -7 6 20 1 -13 -1 -10 0 -2 10 -1 6 -20 -2 31 -13 -9 6 -4 -1 3 1 5 75 15 10 -3 -1 -16 -4 0 -10 9 1 -8 4 -5 13 9 -9 7 2 -5 -5 -4 3 -1 -13 7 -5 -9 3 16
4 1 18 9 -13 -18 -1 9 8 -4 12 -7 6 20 1 -13 -1 -10 0 -2 10 -1 6 -20 -2 31 -13 -9 6 -4 -1 3 1 5 75 15 10 -3 -1 -16 -4 0 -10 9 1 -8 4 -5 13 9 -9 7 2 -5 -5 -4 3 -1 -13 7 -5 -9 3 16
4 1 18 9 -13 -18 -1 9 8 -4 12 -7 6 20 1 -13 -1 -10 0 -2 10 -1 6 -20 -2 31 -13 -9 6 -4 -1 3 1 5 75 15 10 -3 -1 -16 -4 0 -10 9 1 -8 4 -5 13 9 -9 7 2 -5 -5 -4 3 -1 -13 7 -5 -9 3 16
4 1 18 9 -13 -18 -1 9 8 -4 12 -7 6 20 1 -13 -1 -10 0 -2 10 -1 6 -20 -2 31 -13 -9 6 -4 -1 3 1 5 75 15 10 -3 -1 -16 -4 0 -10 9 1 -8 4 -5 13 9 -9 7 2 -5 -5 -4 3 -1 -13 7 -5 -9 3 16
4 1 18 9 -13 -18 -1 9 8 -4 12 -7 6 20 1 -13 -1 -10 0 -2 10 -1 6 -20 -2 31 -13 -9 6 -4 -1 3 1 5 75 15 10 -3 -1 -16 -4 0 -10 9 1 -8 4 -5 13 9 -9 7 2 -5 -5 -4 3 -1 -13 7 -5 -9 3 16
4 1 18 9 -13 -18 -1 9 8 -4 12 -7 6 20 1 -13 -1 -10 0 -2 10 -1 6 -20 -2 31 -13 -9 6 -4 -1 3 1 5 75 15 10 -3 -1 -16 -4 0 -10 9 1 -8 4 -5 13 9 -9 7 2 -5 -5 -4 3 -1 -13 7 -5 -9 3 16
4 1 18 9 -13 -18 -1 9 8 -4 12 -7 6 20 1 -13 -1 -10 0 -2 10 -1 6 -20 -2 31 -13 -9 6 -4 -1 3 1 5 75 15 10 -3 -1 -16 -4 0 -10 9 1 -8 4 -5 13 9 -9 7 2 -5 -5 -4 3 -1 -13 7 -5 -9 3 16
4 1 18 9 -13 -18 -1 9 8 -4 12 -7 6 20 1 -13 -1 -10 0 -2 10 -1 6 -20 -2 31 -13 -9 6 -4 -1 3 1 5 75 15 10 -3 -1 -16 -4 0 -10 9 1 -8 4 -5 13 9 -9 7 2 -5 -5 -4 3 -1 -13 7 -5 -9 3 16
4 1 18 9 -13 -18 -1 9 8 -4 12 -7 6 20 1 -13 -1 -10 0 -2 10 -1 6 -20 -2 31 -13 -9 6 -4 -1 3 1 5 75 15 10 -3 -1 -16 -4 0 -10 9 1 -8 4 -5 13 9 -9 7 2 -5 -5 -4 3 -1 -13 7 -5 -9 3 16
4 1 18 9 -13 -18 -1 9 8 -4 12 -7 6 20 1 -13 -1 -10 0 -2 10 -1 6 -20 -2 31 -13 -9 6 -4 -1 3 1 5 75 15 10 -3 -1 -16 -4 0 -10 9 1 -8 4 -5 13 9 -9 7 2 -5 -5 -4 3 -1 -13 7 -5 -9 3 16
4 1 18 9 -13 -18 -1 9 8 -4 12 -7 6 20 1 -13 -1 -10 0 -2 10 -1 6 -20 -2 31 -13 -9 6 -4 -1 3 1 5 75 15 10 -3 -1 -16 -4 0 -10 9 1 -8 4 -5 13 9 -9 7 2 -5 -5 -4 3 -1 -13 7 -5 -9 3 16
4 1 18 9 -13 -18 -1 9 8 -4 12 -7 6 20 1 -13 -1 -10 0 -2 10 -1 6 -20 -2 31 -13 -9 6 -4 -1 3 1 5 75 15 10 -3 -1 -16 -4 0 -10 9 1 -8 4 -5 13 9 -9 7 2 -5 -5 -4 3 -1 -13 7 -5 -9 3 16
4 1 18 9 -13 -18 -1 9 8 -4 12 -7 6 20 1 -13 -1 -10 0 -2 10 -1 6 -20 -2 31 -13 -9 6 -4 -1 3 1 5 75 15 10 -3 -1 -16 -4 0 -10 9 1 -8 4 -5 13 9 -9 7 2 -5 -5 -4 3 -1 -13 7 -5 -9 3 16
4 1 18 9 -13 -18 -1 9 8 -4 12 -7 6 20 1 -13 -1 -10 0 -2 10 -1 6 -20 -2 31 -13 -9 6 -4 -1 3 1 5 75 15 10 -3 -1 -16 -4 0 -10 9 1 -8 4 -5 13 9 -9 7 2 -5 -5 -4 3 -1 -13 7 -5 -9 3 16
4 1 18 9 -13 -18 -1 9 8 -4 12 -7 6 20 1 -13 -1 -10 0 -2 10 -1 6 -20 -2 31 -13 -9 6 -4 -1 3 1 5 75 15 10 -3 -1 -16 -4 0 -10 9 1 -8 4 -5 13 9 -9 7 2 -5 -5 -4 3 -1 -13 7 -5 -9 3 16
4 1 18 9 -13 -18 -1 9 8 -4 12 -7 6 20 1 -13 -1 -10 0 -2 10 -1 6 -20 -2 31 -13 -9 6 -4 -1 3 1 5 75 15 10 -3 -1 -16 -4 0 -10 9 1 -8 4 -5 13 9 -9 7 2 -5 -5 -4 3 -1 -13 7 -5 -9 3 16
4 1 18 9 -13 -18 -1 9 8 -4 12 -7 6 20 1 -13 -1 -10 0 -2 10 -1 6 -20 -2 31 -13 -9 6 -4 -1 3 1 5 75 15 10 -3 -1 -16 -4 0 -10 9 1 -8 4 -5 13 9 -9 7 2 -5 -5 -4 3 -1 -13 7 -5 -9 3 16
4 1 18 9 -13 -18 -1 9 8 -4 12 -7 6 20 1 -13 -1 -10 0 -2 10 -1 6 -20 -2 31 -13 -9 6 -4 -1 3 1 5 75 15 10 -3 -1 -16 -4 0 -10 9 1 -8 4 -5 13 9 -9 7 2 -5 -5 -4 3 -1 -13 7 -5 -9 3 16
4 1 18 9 -13 -18 -1 9 8 -4 12 -7 6 20 1 -13 -1 -10 0 -2 10 -1 6 -20 -2 31 -13 -9 6 -4 -1 3 1 5 75 15 10 -3 -1 -16 -4 0 -10 9 1 -8 4 -5 13 9 -9 7 2 -5 -5 -4 3 -1 -13 7 -5 -9 3 16
4 1 18 9 -13 -18 -1 9 8 -4 12 -7 6 20 1 -13 -1 -10 0 -2 10 -1 6 -20 -2 31 -13 -9 6 -4 -1 3 1 5 75 15 10 -3 -1 -16 -4 0 -10 9 1 -8 4 -5 13 9 -9 7 2 -5 -5 -4 3 -1 -13 7 -5 -9 3 16
4 1 18 9 -13 -18 -1 9 8 -4 12 -7 6 20 1 -13 -1 -10 0 -2 10 -1 6 -20 -2 31 -13 -9 6 -4 -1 3 1 5 75 15 10 -3 -1 -16 -4 0 -10 9 1 -8 4 -5 13 9 -9 7 2 -5 -5 -4 3 -1 -13 7 -5 -9 3 16
4 1 18 9 -13 -18 -1 9 8 -4 12 -7 6 20 1 -13 -1 -10 0 -2 10 -1 6 -20 -2 31 -13 -9 6 -4 -1 3 1 5 75 15 10 -3 -1 -16 -4 0 -10 9 1 -8 4 -5 13 9 -9 7 2 -5 -5 -4 3 -1 -13 7 -5 -9 3 16
4 1 18 9 -13 -18 -1 9 8 -4 12 -7 6 20 1 -13 -1 -10 0 -2 10 -1 6 -20 -2 31 -13 -9 6 -4 -1 3 1 5 75 15 10 -3 -1 -16 -4 0 -10 9 1 -8 4 -5 13 9 -9 7 2 -5 -5 -4 3 -1 -13 7 -5 -9 3 16
4 1 18 9 -13 -18 -1 9 8 -4 12 -7 6 20 1 -13 -1 -10 0 -2 10 -1 6 -20 -2 31 -13 -9 6 -4 -1 3 1 5 75 15 10 -3 -1 -16 -4 0 -10 9 1 -8 4 -5 13 9 -9 7 2 -5 -5 -4 3 -1 -13 7 -5 -9 3 16
4 1 18 9 -13 -18 -1 9 8 -4 12 -7 6 20 1 -13 -1 -10 0 -2 10 -1 6 -20 -2 31 -13 -9 6 -4 -1 3 1 5 75 15 10 -3 -1 -16 -4 0 -10 9 1 -8 4 -5 13 9 -9 7 2 -5 -5 -4 3 -1 -13 7 -5 -9 3 16
4 1 18 9 -13 -18 -1 9 8 -4 12 -7 6 20 1 -13 -1 -10 0 -2 10 -1 6 -20 -2 31 -13 -9 6 -4 -1 3 1 5 75 15 10 -3 -1 -16 -4 0 -10 9 1 -8 4 -5 13 9 -9 7 2 -5 -5 -4 3 -1 -13 7 -5 -9 3 16
4 1 18 9 -13 -18 -1 9 8 -4 12 -7 6 20 1 -13 -1 -10 0 -2 10 -1 6 -20 -2 31 -13 -9 6 -4 -1 3 1 5 75 15 10 -3 -1 -16 -4 0 -10 9 1 -8 4 -5 13 9 -9 7 2 -5 -5 -4 3 -1 -13 7 -5 -9 3 16
4 1 18 9 -13 -18 -1 9 8 -4 12 -7 6 20 1 -13 -1 -10 0 -2 10 -1 6 -20 -2 31 -13 -9 6 -4 -1 3 1 5 75 15 10 -3 -1 -16 -4 0 -10 9 1 -8 4 -5 13 9 -9 7 2 -5 -5 -4 3 -1 -13 7 -5 -9 3 16
4 1 18 9 -13 -18 -1 9 8 -4 12 -7 6 20 1 -13 -1 -10 0 -2 10 -1 6 -20 -2 31 -13 -9 6 -4 -1 3 1 5 75 15 10 -3 -1 -16 -4 0 -10 9 1 -8 4 -5 13 9 -9 7 2 -5 -5 -4 3 -1 -13 7 -5 -9 3 16
