-8 1 11 2 -11 7 10 15 10 4 0 5 8 3 -17 11 10 -13 -8 -9 -9 -16 8 -11 4 -20 -1 8 9 9 -10 3 -9 -9 -13 9 10 5 -2 8 -2 1 7 -3 -11 3 69 15 2 -15 6 14 14 1 -3 -3 -10 4 14 -4 -5 14 -5 9
-8 5 64 11 24 2 3 4 -1 7 -13 -3 28 -8 -16 10 41 -45 0 -10 7 -5 4 3 10 -27 8 -30 -17 -11 -26 26 -16 -13 19 4 21 -19 -6 29 1 -4 -9 -1 -2 0 -12 -3 11 4 1 15 23 12 -9 -8 -14 -3 22 12 -9 22 14 -4
-8 5 56 -2 26 5 4 2 4 9 -3 -1 30 2 -21 4 23 -41 5 -9 1 8 11 -10 8 -30 16 -19 -21 -18 -23 22 -5 -2 13 2 27 -16 -9 31 2 0 -5 -4 0 4 -6 9 12 1 5 13 21 12 -6 -8 -10 0 18 10 -11 15 13 -2
-23 -1 55 -16 25 18 13 6 9 -11 3 -16 22 2 -11 7 29 -26 6 -9 8 8 10 -27 10 -38 9 -13 -19 -27 -29 15 -21 -5 22 -5 24 -19 -10 40 15 4 -3 -14 -1 11 -11 16 13 -11 13 11 19 18 1 0 -33 -2 4 1 -12 26 12 11
-11 7 40 -2 -5 11 -2 5 6 -6 13 -3 27 13 -18 24 35 -25 3 -13 4 4 10 -23 7 -23 3 -12 -9 -13 -15 17 -3 -8 20 -6 25 -12 -10 27 2 15 4 -10 2 11 -5 16 3 -9 -1 1 10 7 -2 0 -22 -6 22 13 -13 29 16 2
-19 8 47 -5 -5 26 7 6 5 0 5 -5 25 11 -16 5 38 -29 1 -24 5 4 12 -26 6 -34 11 -2 -7 -13 -25 17 1 -2 17 -9 23 -8 -7 38 4 14 -3 -7 -5 8 -10 18 3 -8 -1 11 15 12 -3 -1 -19 0 29 10 -2 20 11 8
-14 -6 46 -3 -1 16 9 18 9 5 3 -8 30 11 -12 7 29 -31 1 -30 13 7 10 -17 9 -32 11 -10 -18 -11 -30 20 -8 -19 17 -1 24 -19 -10 43 4 7 -5 6 8 15 -4 14 -1 -19 13 8 24 13 -8 8 -18 6 17 4 -12 37 9 13
-24 0 39 -6 4 27 10 5 5 -9 3 -1 17 18 -14 15 37 -17 6 -4 8 19 16 -24 9 -33 11 -13 0 -13 -36 15 -11 -6 21 -1 23 -9 -5 36 -3 10 -2 -13 -3 8 -7 23 8 -17 7 5 17 29 -11 9 -24 -4 5 6 -7 17 2 9
-22 -3 43 -6 29 17 8 0 5 6 1 -20 26 17 -22 8 32 -20 16 -11 4 13 10 -15 12 -26 14 -13 -22 -35 -28 3 -2 -1 14 0 22 -4 -19 39 1 3 -2 -2 5 -4 -2 33 8 -18 14 19 31 18 -17 -3 -23 12 20 1 -13 26 1 6
-10 -5 70 -3 38 34 11 4 10 -11 -13 -3 30 -9 -13 2 34 -28 6 -6 7 11 15 -17 2 -38 10 -21 -33 -28 -16 16 -8 -15 16 2 39 -7 -14 43 8 20 4 -12 1 13 -29 21 16 -16 26 24 15 18 -11 -11 -9 1 23 9 -3 13 5 -4
-29 -7 48 -4 29 25 9 -5 10 8 2 -23 24 11 -14 9 32 -23 16 -16 2 18 12 -14 5 -29 16 -8 -22 -31 -29 12 2 2 12 0 25 -6 -17 41 0 -1 -3 -5 3 3 -12 35 8 -18 14 27 27 25 -12 -7 -16 8 19 -4 -11 25 6 1
-14 -16 39 -4 18 12 13 0 3 13 5 -21 26 13 -11 9 28 -24 24 -5 13 13 7 -23 12 -40 19 -11 -14 -23 -26 3 -8 -10 9 -3 18 7 -12 37 -11 4 -12 0 5 3 -2 22 -2 -18 13 22 27 21 -10 -15 -23 3 13 -6 3 19 3 -1
-23 -3 52 -10 22 27 13 4 3 -4 -7 -20 28 6 -22 0 37 -13 22 -15 6 8 8 -19 17 -34 6 -23 -32 -15 -35 10 -5 -11 21 -6 34 -6 -2 41 11 7 -3 -4 -4 6 -26 20 18 -24 18 7 25 13 4 -14 -21 -11 13 -3 -11 21 14 -1
-23 14 36 0 2 26 16 0 6 1 -6 -6 12 8 -21 8 30 -8 17 -7 6 5 13 -10 13 -31 12 -12 -14 -14 -31 9 4 -3 15 -6 24 0 -2 34 -2 6 -2 -4 -16 -3 -3 19 17 -22 6 1 17 6 0 -11 -21 1 9 -15 -15 13 10 4
-13 -7 55 -7 23 15 2 13 4 3 -9 -3 31 8 -8 -2 30 -24 22 -10 7 12 14 -14 11 -32 8 -35 -36 -19 -27 3 -1 -16 12 -6 37 -4 -12 46 -1 7 13 -7 -10 8 -22 23 18 -28 18 16 31 18 8 -19 -19 -4 12 -14 -16 20 15 -13
-16 -9 43 -9 20 11 -2 5 1 5 -13 -14 30 15 -10 -2 27 -21 23 -10 12 8 11 -15 17 -34 6 -27 -27 -25 -27 5 -5 -12 11 -6 14 0 -2 44 -3 2 5 0 -14 0 -16 28 18 -32 11 6 33 12 5 -10 -19 -5 12 -11 -18 17 13 -10
-5 -2 47 -2 11 10 7 3 5 -1 -5 -16 23 6 2 9 44 -14 22 -4 4 11 7 -18 1 -39 14 -21 -25 -15 -29 3 -14 0 4 0 18 -5 3 30 1 -4 -7 -2 1 0 -17 26 9 -31 22 11 24 15 -13 -13 -20 -5 12 -20 -18 21 -6 6
-4 -7 48 -11 19 20 8 6 5 -2 -4 -17 21 -3 -8 13 39 -16 16 -10 11 12 3 -16 15 -38 24 -27 -33 -22 -18 -2 -2 -4 7 -8 29 -1 -6 35 2 -7 -1 -4 2 8 -31 18 23 -24 21 13 27 16 -8 -17 -11 -3 7 -20 -11 25 1 -2
-5 0 41 -6 17 21 14 7 -9 5 -14 -16 18 -4 -1 8 40 -13 22 -11 -2 10 4 -15 5 -32 20 -14 -16 -20 -27 6 -10 -3 9 -2 16 -7 1 36 -5 -15 5 -1 -11 4 -19 22 11 -30 27 20 28 19 -14 -13 -18 -8 4 -19 -14 17 -3 10
-17 4 42 -14 -7 3 7 14 9 2 -4 -5 22 12 -13 7 42 -17 19 -8 -4 8 7 -25 1 -39 14 -32 -10 -13 -23 13 -10 -7 1 -2 22 2 -13 39 -2 -13 1 -4 -1 6 -15 19 22 -34 18 4 23 20 0 -15 -19 -10 -3 -18 -14 21 2 6
0 -4 43 -8 4 16 5 10 13 -3 -13 -11 25 17 -5 2 42 -18 22 -8 8 13 15 -16 9 -43 9 -18 -16 -21 -24 10 -5 -20 16 -9 14 2 1 27 0 -17 9 6 -2 9 -5 26 14 -14 17 9 29 23 -18 -9 -24 -10 12 -16 -5 23 3 4
-1 -9 50 -15 15 5 9 3 1 -4 4 3 26 -3 -12 -3 28 -15 19 -21 -1 3 11 -10 9 -28 9 -21 -23 -8 -27 13 -3 -22 10 1 20 -5 -24 37 -4 -4 9 -13 2 18 -4 21 17 -31 17 4 22 22 -18 -19 -8 -11 9 -8 -4 19 1 1
-9 -5 23 1 3 5 -5 2 3 2 -2 -4 9 14 -6 -5 18 -10 -3 -17 3 -7 13 -9 7 -21 8 -6 -6 -1 -18 6 -3 -13 7 0 10 -3 -9 17 -7 9 -4 -8 -1 4 60 22 12 -19 1 14 16 15 -3 -8 -14 8 10 -3 -4 15 3 4
-2 -13 54 2 10 3 4 6 8 8 5 -4 33 -12 -5 -2 25 -14 14 -21 2 2 22 -4 3 -9 6 -3 -23 -12 -32 19 2 -21 23 0 16 -11 -18 23 0 7 -4 -7 -3 14 0 21 20 -21 4 14 20 37 -11 -38 -19 10 11 7 -2 21 -2 -1
-3 -10 48 1 23 5 13 15 8 9 -2 12 42 -14 -9 2 24 -16 6 -27 -4 5 30 -1 11 -9 3 -7 -21 -3 -27 21 2 -25 21 -7 15 -13 -16 22 -5 6 3 -6 -4 -2 1 20 21 -13 5 16 21 45 -10 -45 -19 14 18 6 5 20 1 3
-11 -21 43 -6 13 1 1 11 3 -5 13 -7 30 -16 -1 2 26 -9 12 -22 1 2 22 -16 7 -11 1 10 -23 -14 -32 12 0 -24 35 -6 1 -11 -7 21 2 8 0 -8 -1 9 -5 27 19 -37 5 20 17 50 -5 -27 -32 -1 1 16 -8 20 0 4
-14 2 30 7 -13 -6 -10 5 0 -2 12 1 28 -2 -7 17 31 -13 5 -22 -8 -6 15 -14 5 -9 2 9 -6 -4 -19 14 10 -24 29 -7 2 -4 -10 6 -7 18 8 -10 1 11 -1 18 8 -23 1 2 9 34 0 -25 -27 2 13 22 -10 24 10 4
-14 0 32 -3 -12 10 -3 3 -2 1 6 2 22 -1 -14 5 28 -12 4 -34 -3 -6 11 -22 5 -17 7 17 -4 -2 -21 9 16 -19 34 -4 3 0 -8 14 -5 12 4 -11 -4 8 -1 25 10 -25 -9 14 16 42 -2 -26 -25 4 19 25 3 17 7 11
-11 -12 30 4 -8 0 3 14 -4 5 9 -5 23 -4 -7 4 26 -11 12 -36 -2 -2 18 -6 12 -17 5 7 -10 0 -29 15 9 -32 29 -1 -2 -12 -11 22 -7 7 -4 -2 5 17 5 17 6 -34 9 6 17 44 -3 -22 -18 10 8 7 -7 28 7 8
-22 -6 25 7 -7 10 0 10 0 -2 5 2 15 -2 -8 9 33 -9 0 -12 -3 12 22 -9 7 -20 4 10 1 -4 -34 16 5 -13 32 4 -2 -6 -5 15 -9 8 2 -13 -7 12 -2 31 17 -31 -1 16 18 61 -8 -21 -24 0 2 11 -5 9 -3 5
-25 -16 38 10 22 5 4 -2 0 2 7 -18 20 -7 -15 -3 28 -16 6 -20 -4 10 15 -8 12 -8 18 15 -23 -18 -28 5 5 -19 33 3 -1 2 -18 13 -7 5 1 -4 -4 7 -1 40 10 -31 6 19 25 51 -7 -37 -23 20 15 11 -9 21 -9 7
-24 -14 28 18 18 11 5 -7 8 7 8 -14 19 -4 -6 -3 21 -17 6 -19 -9 10 10 -7 5 -16 21 20 -27 -15 -27 15 14 -9 25 -3 -2 9 -12 12 -1 3 -3 -6 2 1 5 40 5 -34 13 28 21 51 -4 -34 -18 14 22 11 -2 16 -1 3
-18 -29 27 12 10 -2 6 3 -1 16 4 -15 26 -3 -3 1 27 -22 11 -12 8 12 6 -18 11 -22 12 13 -15 -18 -26 2 2 -19 31 -4 -4 5 -8 12 -12 7 -6 -4 -7 6 5 27 0 -29 16 22 26 53 -10 -39 -26 8 11 4 -2 12 -3 -1
-11 -18 40 10 5 10 -12 0 2 -7 -9 -3 28 -8 -3 -6 18 -6 6 -17 20 0 13 -3 22 -18 -3 12 -23 6 -24 6 -8 -26 38 -5 -6 4 1 5 -2 6 -3 -2 -14 5 5 30 21 -31 16 6 29 41 3 -34 -24 -1 12 1 -6 14 -2 11
-3 -21 41 13 -2 2 4 8 5 6 -1 -6 26 -17 10 3 38 -15 4 -11 1 8 14 -14 4 -13 16 15 -24 -3 -26 10 -2 -19 27 2 2 0 10 4 2 0 -3 -5 -5 3 -17 30 8 -37 16 7 26 46 -2 -34 -25 11 7 -6 -14 11 -12 9
-9 -24 35 11 5 8 5 5 4 3 5 -6 20 -25 2 -2 29 -13 -7 -20 8 8 8 -11 22 -14 14 8 -25 1 -22 7 7 -18 36 -4 2 0 2 10 -1 -1 4 -5 -4 6 -19 25 21 -34 14 13 23 47 -4 -42 -19 13 7 -3 -11 15 -8 8
-10 -25 35 19 -1 9 9 9 -3 10 -7 -2 24 -19 8 4 37 -14 -2 -12 5 9 8 -11 5 -14 19 17 -20 -7 -25 8 -3 -13 31 2 2 0 10 12 -5 -3 10 -5 -12 5 -16 29 9 -42 17 10 27 44 -2 -32 -22 5 2 -9 -14 8 -11 8
-18 -21 31 15 -11 -8 -1 18 8 7 5 8 25 -4 -3 -3 38 -18 -7 -15 -7 5 15 -19 7 -18 20 0 -13 -1 -19 25 -1 -28 32 0 3 3 -5 10 1 -4 1 -7 -7 6 -8 23 12 -38 11 2 16 46 9 -40 -29 11 -7 -7 -9 11 -5 17
-7 -20 34 13 1 8 4 10 15 3 -6 -7 30 2 0 -9 32 -16 4 -16 2 11 21 -8 6 -21 15 9 -15 -9 -28 14 3 -32 35 -6 -3 7 6 2 -9 -13 7 5 -6 14 -1 30 12 -24 7 7 29 47 -12 -38 -33 2 11 -13 0 21 -5 2
-8 -14 40 17 17 -6 7 3 0 -3 9 5 29 -18 -5 -10 23 -16 -14 -16 -4 -3 13 -3 8 -15 20 2 -31 0 -20 19 0 -33 27 2 4 -6 -17 16 -5 3 6 -16 -1 13 0 17 13 -35 4 0 18 46 -6 -47 -17 0 11 -11 -4 12 -3 3
-7 -4 14 4 -1 3 -7 3 3 3 -5 -5 -1 17 -3 -3 17 -7 -13 -12 -2 -15 9 -5 5 -23 8 -2 -5 4 -14 5 -5 -11 4 5 5 -2 -7 11 -9 12 -1 -6 -6 3 72 22 13 -13 1 14 15 14 -2 -7 -16 7 10 -6 -6 12 5 4
-4 4 42 25 20 -7 1 0 19 7 -2 -3 18 21 -12 -3 25 -9 -20 -15 10 2 8 -13 3 -43 7 -1 -13 3 -25 11 -13 -7 9 4 14 -15 1 29 -5 16 11 -5 -11 11 10 26 20 -13 7 11 12 14 1 -13 -23 8 16 12 -7 21 3 9
-4 4 42 25 20 -7 1 0 19 7 -2 -3 18 21 -12 -3 25 -9 -20 -15 10 2 8 -13 3 -43 7 -1 -13 3 -25 11 -13 -7 9 4 14 -15 1 29 -5 16 11 -5 -11 11 10 26 20 -13 7 11 12 14 1 -13 -23 8 16 12 -7 21 3 9
-4 4 42 25 20 -7 1 0 19 7 -2 -3 18 21 -12 -3 25 -9 -20 -15 10 2 8 -13 3 -43 7 -1 -13 3 -25 11 -13 -7 9 4 14 -15 1 29 -5 16 11 -5 -11 11 10 26 20 -13 7 11 12 14 1 -13 -23 8 16 12 -7 21 3 9
-4 4 42 25 20 -7 1 0 19 7 -2 -3 18 21 -12 -3 25 -9 -20 -15 10 2 8 -13 3 -43 7 -1 -13 3 -25 11 -13 -7 9 4 14 -15 1 29 -5 16 11 -5 -11 11 10 26 20 -13 7 11 12 14 1 -13 -23 8 16 12 -7 21 3 9
-4 4 42 25 20 -7 1 0 19 7 -2 -3 18 21 -12 -3 25 -9 -20 -15 10 2 8 -13 3 -43 7 -1 -13 3 -25 11 -13 -7 9 4 14 -15 1 29 -5 16 11 -5 -11 11 10 26 20 -13 7 11 12 14 1 -13 -23 8 16 12 -7 21 3 9
-4 4 42 25 20 -7 1 0 19 7 -2 -3 18 21 -12 -3 25 -9 -20 -15 10 2 8 -13 3 -43 7 -1 -13 3 -25 11 -13 -7 9 4 14 -15 1 29 -5 16 11 -5 -11 11 10 26 20 -13 7 11 12 14 1 -13 -23 8 16 12 -7 21 3 9
-4 4 42 25 20 -7 1 0 19 7 -2 -3 18 21 -12 -3 25 -9 -20 -15 10 2 8 -13 3 -43 7 -1 -13 3 -25 11 -13 -7 9 4 14 -15 1 29 -5 16 11 -5 -11 11 10 26 20 -13 7 11 12 14 1 -13 -23 8 16 12 -7 21 3 9
-4 4 42 25 20 -7 1 0 19 7 -2 -3 18 21 -12 -3 25 -9 -20 -15 10 2 8 -13 3 -43 7 -1 -13 3 -25 11 -13 -7 9 4 14 -15 1 29 -5 16 11 -5 -11 11 10 26 20 -13 7 11 12 14 1 -13 -23 8 16 12 -7 21 3 9
-4 4 42 25 20 -7 1 0 19 7 -2 -3 18 21 -12 -3 25 -9 -20 -15 10 2 8 -13 3 -43 7 -1 -13 3 -25 11 -13 -7 9 4 14 -15 1 29 -5 16 11 -5 -11 11 10 26 20 -13 7 11 12 14 1 -13 -23 8 16 12 -7 21 3 9
-4 4 42 25 20 -7 1 0 19 7 -2 -3 18 21 -12 -3 25 -9 -20 -15 10 2 8 -13 3 -43 7 -1 -13 3 -25 11 -13 -7 9 4 14 -15 1 29 -5 16 11 -5 -11 11 10 26 20 -13 7 11 12 14 1 -13 -23 8 16 12 -7 21 3 9
-4 4 42 25 20 -7 1 0 19 7 -2 -3 18 21 -12 -3 25 -9 -20 -15 10 2 8 -13 3 -43 7 -1 -13 3 -25 11 -13 -7 9 4 14 -15 1 29 -5 16 11 -5 -11 11 10 26 20 -13 7 11 12 14 1 -13 -23 8 16 12 -7 21 3 9
-4 4 42 25 20 -7 1 0 19 7 -2 -3 18 21 -12 -3 25 -9 -20 -15 10 2 8 -13 3 -43 7 -1 -13 3 -25 11 -13 -7 9 4 14 -15 1 29 -5 16 11 -5 -11 11 10 26 20 -13 7 11 12 14 1 -13 -23 8 16 12 -7 21 3 9
-4 4 42 25 20 -7 1 0 19 7 -2 -3 18 21 -12 -3 25 -9 -20 -15 10 2 8 -13 3 -43 7 -1 -13 3 -25 11 -13 -7 9 4 14 -15 1 29 -5 16 11 -5 -11 11 10 26 20 -13 7 11 12 14 1 -13 -23 8 16 12 -7 21 3 9
-4 4 42 25 20 -7 1 0 19 7 -2 -3 18 21 -12 -3 25 -9 -20 -15 10 2 8 -13 3 -43 7 -1 -13 3 -25 11 -13 -7 9 4 14 -15 1 29 -5 16 11 -5 -11 11 10 26 20 -13 7 11 12 14 1 -13 -23 8 16 12 -7 21 3 9
-4 4 42 25 20 -7 1 0 19 7 -2 -3 18 21 -12 -3 25 -9 -20 -15 10 2 8 -13 3 -43 7 -1 -13 3 -25 11 -13 -7 9 4 14 -15 1 29 -5 16 11 -5 -11 11 10 26 20 -13 7 11 12 14 1 -13 -23 8 16 12 -7 21 3 9
-4 4 42 25 20 -7 1 0 19 7 -2 -3 18 21 -12 -3 25 -9 -20 -15 10 2 8 -13 3 -43 7 -1 -13 3 -25 11 -13 -7 9 4 14 -15 1 29 -5 16 11 -5 -11 11 10 26 20 -13 7 11 12 14 1 -13 -23 8 16 12 -7 21 3 9
-4 4 42 25 20 -7 1 0 19 7 -2 -3 18 21 -12 -3 25 -9 -20 -15 10 2 8 -13 3 -43 7 -1 -13 3 -25 11 -13 -7 9 4 14 -15 1 29 -5 16 11 -5 -11 11 10 26 20 -13 7 11 12 14 1 -13 -23 8 16 12 -7 21 3 9
-4 4 42 25 20 -7 1 0 19 7 -2 -3 18 21 -12 -3 25 -9 -20 -15 10 2 8 -13 3 -43 7 -1 -13 3 -25 11 -13 -7 9 4 14 -15 1 29 -5 16 11 -5 -11 11 10 26 20 -13 7 11 12 14 1 -13 -23 8 16 12 -7 21 3 9
-4 4 42 25 20 -7 1 0 19 7 -2 -3 18 21 -12 -3 25 -9 -20 -15 10 2 8 -13 3 -43 7 -1 -13 3 -25 11 -13 -7 9 4 14 -15 1 29 -5 16 11 -5 -11 11 10 26 20 -13 7 11 12 14 1 -13 -23 8 16 12 -7 21 3 9
-4 4 42 25 20 -7 1 0 19 7 -2 -3 18 21 -12 -3 25 -9 -20 -15 10 2 8 -13 3 -43 7 -1 -13 3 -25 11 -13 -7 9 4 14 -15 1 29 -5 16 11 -5 -11 11 10 26 20 -13 7 11 12 14 1 -13 -23 8 16 12 -7 21 3 9
-4 4 42 25 20 -7 1 0 19 7 -2 -3 18 21 -12 -3 25 -9 -20 -15 10 2 8 -13 3 -43 7 -1 -13 3 -25 11 -13 -7 9 4 14 -15 1 29 -5 16 11 -5 -11 11 10 26 20 -13 7 11 12 14 1 -13 -23 8 16 12 -7 21 3 9
-4 4 42 25 20 -7 1 0 19 7 -2 -3 18 21 -12 -3 25 -9 -20 -15 10 2 8 -13 3 -43 7 -1 -13 3 -25 11 -13 -7 9 4 14 -15 1 29 -5 16 11 -5 -11 11 10 26 20 -13 7 11 12 14 1 -13 -23 8 16 12 -7 21 3 9
-4 4 42 25 20 -7 1 0 19 7 -2 -3 18 21 -12 -3 25 -9 -20 -15 10 2 8 -13 3 -43 7 -1 -13 3 -25 11 -13 -7 9 4 14 -15 1 29 -5 16 11 -5 -11 11 10 26 20 -13 7 11 12 14 1 -13 -23 8 16 12 -7 21 3 9
-4 4 42 25 20 -7 1 0 19 7 -2 -3 18 21 -12 -3 25 -9 -20 -15 10 2 8 -13 3 -43 7 -1 -13 3 -25 11 -13 -7 9 4 14 -15 1 29 -5 16 11 -5 -11 11 10 26 20 -13 7 11 12 14 1 -13 -23 8 16 12 -7 21 3 9
-4 4 42 25 20 -7 1 0 19 7 -2 -3 18 21 -12 -3 25 -9 -20 -15 10 2 8 -13 3 -43 7 -1 -13 3 -25 11 -13 -7 9 4 14 -15 1 29 -5 16 11 -5 -11 11 10 26 20 -13 7 11 12 14 1 -13 -23 8 16 12 -7 21 3 9
-4 4 42 25 20 -7 1 0 19 7 -2 -3 18 21 -12 -3 25 -9 -20 -15 10 2 8 -13 3 -43 7 -1 -13 3 -25 11 -13 -7 9 4 14 -15 1 29 -5 16 11 -5 -11 11 10 26 20 -13 7 11 12 14 1 -13 -23 8 16 12 -7 21 3 9
-4 4 42 25 20 -7 1 0 19 7 -2 -3 18 21 -12 -3 25 -9 -20 -15 10 2 8 -13 3 -43 7 -1 -13 3 -25 11 -13 -7 9 4 14 -15 1 29 -5 16 11 -5 -11 11 10 26 20 -13 7 11 12 14 1 -13 -23 8 16 12 -7 21 3 9
-4 4 42 25 20 -7 1 0 19 7 -2 -3 18 21 -12 -3 25 -9 -20 -15 10 2 8 -13 3 -43 7 -1 -13 3 -25 11 -13 -7 9 4 14 -15 1 29 -5 16 11 -5 -11 11 10 26 20 -13 7 11 12 14 1 -13 -23 8 16 12 -7 21 3 9
-4 4 42 25 20 -7 1 0 19 7 -2 -3 18 21 -12 -3 25 -9 -20 -15 10 2 8 -13 3 -43 7 -1 -13 3 -25 11 -13 -7 9 4 14 -15 1 29 -5 16 11 -5 -11 11 10 26 20 -13 7 11 12 14 1 -13 -23 8 16 12 -7 21 3 9
-4 4 42 25 20 -7 1 0 19 7 -2 -3 18 21 -12 -3 25 -9 -20 -15 10 2 8 -13 3 -43 7 -1 -13 3 -25 11 -13 -7 9 4 14 -15 1 29 -5 16 11 -5 -11 11 10 26 20 -13 7 11 12 14 1 -13 -23 8 16 12 -7 21 3 9
-4 4 42 25 20 -7 1 0 19 7 -2 -3 18 21 -12 -3 25 -9 -20 -15 10 2 8 -13 3 -43 7 -1 -13 3 -25 11 -13 -7 9 4 14 -15 1 29 -5 16 11 -5 -11 11 10 26 20 -13 7 11 12 14 1 -13 -23 8 16 12 -7 21 3 9
-4 4 42 25 20 -7 1 0 19 7 -2 -3 18 21 -12 -3 25 -9 -20 -15 10 2 8 -13 3 -43 7 -1 -13 3 -25 11 -13 -7 9 4 14 -15 1 29 -5 16 11 -5 -11 11 10 26 20 -13 7 11 12 14 1 -13 -23 8 16 12 -7 21 3 9
-4 4 42 25 20 -7 1 0 19 7 -2 -3 18 21 -12 -3 25 -9 -20 -15 10 2 8 -13 3 -43 7 -1 -13 3 -25 11 -13 -7 9 4 14 -15 1 29 -5 16 11 -5 -11 11 10 26 20 -13 7 11 12 14 1 -13 -23 8 16 12 -7 21 3 9
-4 4 42 25 20 -7 1 0 19 7 -2 -3 18 21 -12 -3 25 -9 -20 -15 10 2 8 -13 3 -43 7 -1 -13 3 -25 11 -13 -7 9 4 14 -15 1 29 -5 16 11 -5 -11 11 10 26 20 -13 7 11 12 14 1 -13 -23 8 16 12 -7 21 3 9
-4 4 42 25 20 -7 1 0 19 7 -2 -3 18 21 -12 -3 25 -9 -20 -15 10 2 8 -13 3 -43 7 -1 -13 3 -25 11 -13 -7 9 4 14 -15 1 29 -5 16 11 -5 -11 11 10 26 20 -13 7 11 12 14 1 -13 -23 8 16 12 -7 21 3 9
-4 4 42 25 20 -7 1 0 19 7 -2 -3 18 21 -12 -3 25 -9 -20 -15 10 2 8 -13 3 -43 7 -1 -13 3 -25 11 -13 -7 9 4 14 -15 1 29 -5 16 11 -5 -11 11 10 26 20 -13 7 11 12 14 1 -13 -23 8 16 12 -7 21 3 9
-4 4 42 25 20 -7 1 0 19 7 -2 -3 18 21 -12 -3 25 -9 -20 -15 10 2 8 -13 3 -43 7 -1 -13 3 -25 11 -13 -7 9 4 14 -15 1 29 -5 16 11 -5 -11 11 10 26 20 -13 7 11 12 14 1 -13 -23 8 16 12 -7 21 3 9
-4 4 42 25 20 -7 1 0 19 7 -2 -3 18 21 -12 -3 25 -9 -20 -15 10 2 8 -13 3 -43 7 -1 -13 3 -25 11 -13 -7 9 4 14 -15 1 29 -5 16 11 -5 -11 11 10 26 20 -13 7 11 12 14 1 -13 -23 8 16 12 -7 21 3 9
-4 4 42 25 20 -7 1 0 19 7 -2 -3 18 21 -12 -3 25 -9 -20 -15 10 2 8 -13 3 -43 7 -1 -13 3 -25 11 -13 -7 9 4 14 -15 1 29 -5 16 11 -5 -11 11 10 26 20 -13 7 11 12 14 1 -13 -23 8 16 12 -7 21 3 9
-4 4 42 25 20 -7 1 0 19 7 -2 -3 18 21 -12 -3 25 -9 -20 -15 10 2 8 -13 3 -43 7 -1 -13 3 -25 11 -13 -7 9 4 14 -15 1 29 -5 16 11 -5 -11 11 10 26 20 -13 7 11 12 14 1 -13 -23 8 16 12 -7 21 3 9
-4 4 42 25 20 -7 1 0 19 7 -2 -3 18 21 -12 -3 25 -9 -20 -15 10 2 8 -13 3 -43 7 -1 -13 3 -25 11 -13 -7 9 4 14 -15 1 29 -5 16 11 -5 -11 11 10 26 20 -13 7 11 12 14 1 -13 -23 8 16 12 -7 21 3 9
-4 4 42 25 20 -7 1 0 19 7 -2 -3 18 21 -12 -3 25 -9 -20 -15 10 2 8 -13 3 -43 7 -1 -13 3 -25 11 -13 -7 9 4 14 -15 1 29 -5 16 11 -5 -11 11 10 26 20 -13 7 11 12 14 1 -13 -23 8 16 12 -7 21 3 9
-4 4 42 25 20 -7 1 0 19 7 -2 -3 18 21 -12 -3 25 -9 -20 -15 10 2 8 -13 3 -43 7 -1 -13 3 -25 11 -13 -7 9 4 14 -15 1 29 -5 16 11 -5 -11 11 10 26 20 -13 7 11 12 14 1 -13 -23 8 16 12 -7 21 3 9
-4 4 42 25 20 -7 1 0 19 7 -2 -3 18 21 -12 -3 25 -9 -20 -15 10 2 8 -13 3 -43 7 -1 -13 3 -25 11 -13 -7 9 4 14 -15 1 29 -5 16 11 -5 -11 11 10 26 20 -13 7 11 12 14 1 -13 -23 8 16 12 -7 21 3 9
-4 4 42 25 20 -7 1 0 19 7 -2 -3 18 21 -12 -3 25 -9 -20 -15 10 2 8 -13 3 -43 7 -1 -13 3 -25 11 -13 -7 9 4 14 -15 1 29 -5 16 11 -5 -11 11 10 26 20 -13 7 11 12 14 1 -13 -23 8 16 12 -7 21 3 9
-4 4 42 25 20 -7 1 0 19 7 -2 -3 18 21 -12 -3 25 -9 -20 -15 10 2 8 -13 3 -43 7 -1 -13 3 -25 11 -13 -7 9 4 14 -15 1 29 -5 16 11 -5 -11 11 10 26 20 -13 7 11 12 14 1 -13 -23 8 16 12 -7 21 3 9
-4 4 42 25 20 -7 1 0 19 7 -2 -3 18 21 -12 -3 25 -9 -20 -15 10 2 8 -13 3 -43 7 -1 -13 3 -25 11 -13 -7 9 4 14 -15 1 29 -5 16 11 -5 -11 11 10 26 20 -13 7 11 12 14 1 -13 -23 8 16 12 -7 21 3 9
-4 4 42 25 20 -7 1 0 19 7 -2 -3 18 21 -12 -3 25 -9 -20 -15 10 2 8 -13 3 -43 7 -1 -13 3 -25 11 -13 -7 9 4 14 -15 1 29 -5 16 11 -5 -11 11 10 26 20 -13 7 11 12 14 1 -13 -23 8 16 12 -7 21 3 9
-4 4 42 25 20 -7 1 0 19 7 -2 -3 18 21 -12 -3 25 -9 -20 -15 10 2 8 -13 3 -43 7 -1 -13 3 -25 11 -13 -7 9 4 14 -15 1 29 -5 16 11 -5 -11 11 10 26 20 -13 7 11 12 14 1 -13 -23 8 16 12 -7 21 3 9
-4 4 42 25 20 -7 1 0 19 7 -2 -3 18 21 -12 -3 25 -9 -20 -15 10 2 8 -13 3 -43 7 -1 -13 3 -25 11 -13 -7 9 4 14 -15 1 29 -5 16 11 -5 -11 11 10 26 20 -13 7 11 12 14 1 -13 -23 8 16 12 -7 21 3 9
-4 4 42 25 20 -7 1 0 19 7 -2 -3 18 21 -12 -3 25 -9 -20 -15 10 2 8 -13 3 -43 7 -1 -13 3 -25 11 -13 -7 9 4 14 -15 1 29 -5 16 11 -5 -11 11 10 26 20 -13 7 11 12 14 1 -13 -23 8 16 12 -7 21 3 9
-4 4 42 25 20 -7 1 0 19 7 -2 -3 18 21 -12 -3 25 -9 -20 -15 10 2 8 -13 3 -43 7 -1 -13 3 -25 11 -13 -7 9 4 14 -15 1 29 -5 16 11 -5 -11 11 10 26 20 -13 7 11 12 14 1 -13 -23 8 16 12 -7 21 3 9
-4 4 42 25 20 -7 1 0 19 7 -2 -3 18 21 -12 -3 25 -9 -20 -15 10 2 8 -13 3 -43 7 -1 -13 3 -25 11 -13 -7 9 4 14 -15 1 29 -5 16 11 -5 -11 11 10 26 20 -13 7 11 12 14 1 -13 -23 8 16 12 -7 21 3 9
-4 4 42 25 20 -7 1 0 19 7 -2 -3 18 21 -12 -3 25 -9 -20 -15 10 2 8 -13 3 -43 7 -1 -13 3 -25 11 -13 -7 9 4 14 -15 1 29 -5 16 11 -5 -11 11 10 26 20 -13 7 11 12 14 1 -13 -23 8 16 12 -7 21 3 9
-4 4 42 25 20 -7 1 0 19 7 -2 -3 18 21 -12 -3 25 -9 -20 -15 10 2 8 -13 3 -43 7 -1 -13 3 -25 11 -13 -7 9 4 14 -15 1 29 -5 16 11 -5 -11 11 10 26 20 -13 7 11 12 14 1 -13 -23 8 16 12 -7 21 3 9
-4 4 42 25 20 -7 1 0 19 7 -2 -3 18 21 -12 -3 25 -9 -20 -15 10 2 8 -13 3 -43 7 -1 -13 3 -25 11 -13 -7 9 4 14 -15 1 29 -5 16 11 -5 -11 11 10 26 20 -13 7 11 12 14 1 -13 -23 8 16 12 -7 21 3 9
-4 4 42 25 20 -7 1 0 19 7 -2 -3 18 21 -12 -3 25 -9 -20 -15 10 2 8 -13 3 -43 7 -1 -13 3 -25 11 -13 -7 9 4 14 -15 1 29 -5 16 11 -5 -11 11 10 26 20 -13 7 11 12 14 1 -13 -23 8 16 12 -7 21 3 9
-4 4 42 25 20 -7 1 0 19 7 -2 -3 18 21 -12 -3 25 -9 -20 -15 10 2 8 -13 3 -43 7 -1 -13 3 -25 11 -13 -7 9 4 14 -15 1 29 -5 16 11 -5 -11 11 10 26 20 -13 7 11 12 14 1 -13 -23 8 16 12 -7 21 3 9
-4 4 42 25 20 -7 1 0 19 7 -2 -3 18 21 -12 -3 25 -9 -20 -15 10 2 8 -13 3 -43 7 -1 -13 3 -25 11 -13 -7 9 4 14 -15 1 29 -5 16 11 -5 -11 11 10 26 20 -13 7 11 12 14 1 -13 -23 8 16 12 -7 21 3 9
-4 4 42 25 20 -7 1 0 19 7 -2 -3 18 21 -12 -3 25 -9 -20 -15 10 2 8 -13 3 -43 7 -1 -13 3 -25 11 -13 -7 9 4 14 -15 1 29 -5 16 11 -5 -11 11 10 26 20 -13 7 11 12 14 1 -13 -23 8 16 12 -7 21 3 9
-4 4 42 25 20 -7 1 0 19 7 -2 -3 18 21 -12 -3 25 -9 -20 -15 10 2 8 -13 3 -43 7 -1 -13 3 -25 11 -13 -7 9 4 14 -15 1 29 -5 16 11 -5 -11 11 10 26 20 -13 7 11 12 14 1 -13 -23 8 16 12 -7 21 3 9
-4 4 42 25 20 -7 1 0 19 7 -2 -3 18 21 -12 -3 25 -9 -20 -15 10 2 8 -13 3 -43 7 -1 -13 3 -25 11 -13 -7 9 4 14 -15 1 29 -5 16 11 -5 -11 11 10 26 20 -13 7 11 12 14 1 -13 -23 8 16 12 -7 21 3 9
-4 4 42 25 20 -7 1 0 19 7 -2 -3 18 21 -12 -3 25 -9 -20 -15 10 2 8 -13 3 -43 7 -1 -13 3 -25 11 -13 -7 9 4 14 -15 1 29 -5 16 11 -5 -11 11 10 26 20 -13 7 11 12 14 1 -13 -23 8 16 12 -7 21 3 9
-4 4 42 25 20 -7 1 0 19 7 -2 -3 18 21 -12 -3 25 -9 -20 -15 10 2 8 -13 3 -43 7 -1 -13 3 -25 11 -13 -7 9 4 14 -15 1 29 -5 16 11 -5 -11 11 10 26 20 -13 7 11 12 14 1 -13 -23 8 16 12 -7 21 3 9
-4 4 42 25 20 -7 1 0 19 7 -2 -3 18 21 -12 -3 25 -9 -20 -15 10 2 8 -13 3 -43 7 -1 -13 3 -25 11 -13 -7 9 4 14 -15 1 29 -5 16 11 -5 -11 11 10 26 20 -13 7 11 12 14 1 -13 -23 8 16 12 -7 21 3 9
-4 4 42 25 20 -7 1 0 19 7 -2 -3 18 21 -12 -3 25 -9 -20 -15 10 2 8 -13 3 -43 7 -1 -13 3 -25 11 -13 -7 9 4 14 -15 1 29 -5 16 11 -5 -11 11 10 26 20 -13 7 11 12 14 1 -13 -23 8 16 12 -7 21 3 9
-4 4 42 25 20 -7 1 0 19 7 -2 -3 18 21 -12 -3 25 -9 -20 -15 10 2 8 -13 3 -43 7 -1 -13 3 -25 11 -13 -7 9 4 14 -15 1 29 -5 16 11 -5 -11 11 10 26 20 -13 7 11 12 14 1 -13 -23 8 16 12 -7 21 3 9
-4 4 42 25 20 -7 1 0 19 7 -2 -3 18 21 -12 -3 25 -9 -20 -15 10 2 8 -13 3 -43 7 -1 -13 3 -25 11 -13 -7 9 4 14 -15 1 29 -5 16 11 -5 -11 11 10 26 20 -13 7 11 12 14 1 -13 -23 8 16 12 -7 21 3 9
-4 4 42 25 20 -7 1 0 19 7 -2 -3 18 21 -12 -3 25 -9 -20 -15 10 2 8 -13 3 -43 7 -1 -13 3 -25 11 -13 -7 9 4 14 -15 1 29 -5 16 11 -5 -11 11 10 26 20 -13 7 11 12 14 1 -13 -23 8 16 12 -7 21 3 9
-4 4 42 25 20 -7 1 0 19 7 -2 -3 18 21 -12 -3 25 -9 -20 -15 10 2 8 -13 3 -43 7 -1 -13 3 -25 11 -13 -7 9 4 14 -15 1 29 -5 16 11 -5 -11 11 10 26 20 -13 7 11 12 14 1 -13 -23 8 16 12 -7 21 3 9
-4 4 42 25 20 -7 1 0 19 7 -2 -3 18 21 -12 -3 25 -9 -20 -15 10 2 8 -13 3 -43 7 -1 -13 3 -25 11 -13 -7 9 4 14 -15 1 29 -5 16 11 -5 -11 11 10 26 20 -13 7 11 12 14 1 -13 -23 8 16 12 -7 21 3 9
-4 4 42 25 20 -7 1 0 19 7 -2 -3 18 21 -12 -3 25 -9 -20 -15 10 2 8 -13 3 -43 7 -1 -13 3 -25 11 -13 -7 9 4 14 -15 1 29 -5 16 11 -5 -11 11 10 26 20 -13 7 11 12 14 1 -13 -23 8 16 12 -7 21 3 9
-4 4 42 25 20 -7 1 0 19 7 -2 -3 18 21 -12 -3 25 -9 -20 -15 10 2 8 -13 3 -43 7 -1 -13 3 -25 11 -13 -7 9 4 14 -15 1 29 -5 16 11 -5 -11 11 10 26 20 -13 7 11 12 14 1 -13 -23 8 16 12 -7 21 3 9
-4 4 42 25 20 -7 1 0 19 7 -2 -3 18 21 -12 -3 25 -9 -20 -15 10 2 8 -13 3 -43 7 -1 -13 3 -25 11 -13 -7 9 4 14 -15 1 29 -5 16 11 -5 -11 11 10 26 20 -13 7 11 12 14 1 -13 -23 8 16 12 -7 21 3 9
-4 4 42 25 20 -7 1 0 19 7 -2 -3 18 21 -12 -3 25 -9 -20 -15 10 2 8 -13 3 -43 7 -1 -13 3 -25 11 -13 -7 9 4 14 -15 1 29 -5 16 11 -5 -11 11 10 26 20 -13 7 11 12 14 1 -13 -23 8 16 12 -7 21 3 9
-4 4 42 25 20 -7 1 0 19 7 -2 -3 18 21 -12 -3 25 -9 -20 -15 10 2 8 -13 3 -43 7 -1 -13 3 -25 11 -13 -7 9 4 14 -15 1 29 -5 16 11 -5 -11 11 10 26 20 -13 7 11 12 14 1 -13 -23 8 16 12 -7 21 3 9
-4 4 42 25 20 -7 1 0 19 7 -2 -3 18 21 -12 -3 25 -9 -20 -15 10 2 8 -13 3 -43 7 -1 -13 3 -25 11 -13 -7 9 4 14 -15 1 29 -5 16 11 -5 -11 11 10 26 20 -13 7 11 12 14 1 -13 -23 8 16 12 -7 21 3 9
-4 4 42 25 20 -7 1 0 19 7 -2 -3 18 21 -12 -3 25 -9 -20 -15 10 2 8 -13 3 -43 7 -1 -13 3 -25 11 -13 -7 9 4 14 -15 1 29 -5 16 11 -5 -11 11 10 26 20 -13 7 11 12 14 1 -13 -23 8 16 12 -7 21 3 9
-4 4 42 25 20 -7 1 0 19 7 -2 -3 18 21 -12 -3 25 -9 -20 -15 10 2 8 -13 3 -43 7 -1 -13 3 -25 11 -13 -7 9 4 14 -15 1 29 -5 16 11 -5 -11 11 10 26 20 -13 7 11 12 14 1 -13 -23 8 16 12 -7 21 3 9
-4 4 42 25 20 -7 1 0 19 7 -2 -3 18 21 -12 -3 25 -9 -20 -15 10 2 8 -13 3 -43 7 -1 -13 3 -25 11 -13 -7 9 4 14 -15 1 29 -5 16 11 -5 -11 11 10 26 20 -13 7 11 12 14 1 -13 -23 8 16 12 -7 21 3 9
-4 4 42 25 20 -7 1 0 19 7 -2 -3 18 21 -12 -3 25 -9 -20 -15 10 2 8 -13 3 -43 7 -1 -13 3 -25 11 -13 -7 9 4 14 -15 1 29 -5 16 11 -5 -11 11 10 26 20 -13 7 11 12 14 1 -13 -23 8 16 12 -7 21 3 9
-4 4 42 25 20 -7 1 0 19 7 -2 -3 18 21 -12 -3 25 -9 -20 -15 10 2 8 -13 3 -43 7 -1 -13 3 -25 11 -13 -7 9 4 14 -15 1 29 -5 16 11 -5 -11 11 10 26 20 -13 7 11 12 14 1 -13 -23 8 16 12 -7 21 3 9
-4 4 42 25 20 -7 1 0 19 7 -2 -3 18 21 -12 -3 25 -9 -20 -15 10 2 8 -13 3 -43 7 -1 -13 3 -25 11 -13 -7 9 4 14 -15 1 29 -5 16 11 -5 -11 11 10 26 20 -13 7 11 12 14 1 -13 -23 8 16 12 -7 21 3 9
-4 4 42 25 20 -7 1 0 19 7 -2 -3 18 21 -12 -3 25 -9 -20 -15 10 2 8 -13 3 -43 7 -1 -13 3 -25 11 -13 -7 9 4 14 -15 1 29 -5 16 11 -5 -11 11 10 26 20 -13 7 11 12 14 1 -13 -23 8 16 12 -7 21 3 9
-4 4 42 25 20 -7 1 0 19 7 -2 -3 18 21 -12 -3 25 -9 -20 -15 10 2 8 -13 3 -43 7 -1 -13 3 -25 11 -13 -7 9 4 14 -15 1 29 -5 16 11 -5 -11 11 10 26 20 -13 7 11 12 14 1 -13 -23 8 16 12 -7 21 3 9
-4 4 42 25 20 -7 1 0 19 7 -2 -3 18 21 -12 -3 25 -9 -20 -15 10 2 8 -13 3 -43 7 -1 -13 3 -25 11 -13 -7 9 4 14 -15 1 29 -5 16 11 -5 -11 11 10 26 20 -13 7 11 12 14 1 -13 -23 8 16 12 -7 21 3 9
-4 4 42 25 20 -7 1 0 19 7 -2 -3 18 21 -12 -3 25 -9 -20 -15 10 2 8 -13 3 -43 7 -1 -13 3 -25 11 -13 -7 9 4 14 -15 1 29 -5 16 11 -5 -11 11 10 26 20 -13 7 11 12 14 1 -13 -23 8 16 12 -7 21 3 9
