-16 -3 -10 -1 -2 7 -3 11 11 0 5 -16 22 2 18 2 19 -1 4 0 -29 6 9 5 11 -11 2 4 -18 -5 0 1 4 1 -24 -18 2 8 -7 -4 -5 9 -8 -7 -2 2 3 -5 -16 -6 -9 -5 -25 14 -17 -9 1 -11 1 -4 -36 2 2 -4
5 1 1 21 2 9 -6 -5 5 -26 -3 3 4 -11 4 6 6 -13 0 -4 -26 17 -4 6 -8 -30 15 -5 -17 -22 -3 -7 1 13 1 36 18 -1 -16 4 -2 -22 6 -15 17 -7 14 -3 23 -4 16 6 29 -4 -33 -2 -19 10 11 6 -55 18 -12 5
1 6 6 28 -3 17 -1 4 -1 -27 2 -1 -12 -4 4 12 14 -6 -13 -1 -24 19 -10 -5 -8 -27 8 -11 -17 -26 -8 -4 -6 -3 -5 22 13 -10 1 9 -10 -19 5 -13 10 -4 7 1 18 -9 12 4 37 -8 -29 11 -18 -3 9 5 -50 4 -6 8
1 16 11 12 -7 9 6 -7 -20 -8 -10 -9 -14 11 12 0 -5 -11 -11 -10 -30 9 11 -6 -12 -19 -9 2 -11 -19 4 -10 13 27 2 15 9 3 8 -16 16 -9 -4 -2 2 11 5 -7 3 -23 18 -3 25 -7 -27 0 -7 -7 0 5 -46 -13 16 -12
-3 0 -7 -9 0 21 -8 -2 -8 -3 -23 7 -4 7 1 4 11 0 -1 -17 -28 16 7 -5 -11 -24 4 1 -18 -8 -13 -25 24 23 -15 18 1 1 0 -8 8 -1 4 -10 13 9 4 -7 -3 -17 17 8 4 12 -25 -25 -13 6 9 -8 -53 4 14 -7
-18 -1 -21 -10 5 10 -12 4 -15 -7 -11 -1 -6 13 -3 7 13 -1 -2 -24 -19 -2 2 -8 -22 -16 -6 1 -11 -4 -4 -21 19 18 -8 19 -3 -11 -13 -11 9 2 13 -11 10 4 -7 3 5 -15 17 1 -2 13 -23 -17 -12 7 11 -7 -55 6 13 1
1 4 0 -8 -6 11 -3 13 -19 -11 -9 -13 -2 3 12 3 18 -14 4 -14 -33 10 5 7 -10 -27 -1 9 -19 -7 -5 -6 0 19 -12 1 10 16 6 -12 5 -15 29 -8 18 -3 29 19 0 -5 27 7 -2 13 -25 3 -11 19 -7 -1 -45 7 11 18
1 1 3 5 -6 12 -1 1 -10 -12 -10 -13 5 7 10 10 2 -8 -3 -3 -25 12 7 -1 -6 -20 -2 9 -15 1 1 -22 18 22 -5 12 6 5 -1 -32 7 2 6 -8 15 17 5 -4 1 -8 24 9 11 -3 -26 -11 -5 7 -3 -2 -55 0 5 -6
-13 3 4 12 -7 20 -9 5 -12 -12 1 -3 -4 -10 25 -6 7 4 -6 -4 -22 -1 -9 -15 -9 -15 -3 9 4 2 2 1 6 23 -3 6 0 -9 3 -7 17 1 -8 -14 -3 4 9 -4 9 -10 -5 14 14 -8 -19 -10 -19 -8 -1 3 -61 -10 21 -8
-2 9 21 17 -27 15 -7 -6 -11 -2 -18 4 -7 20 25 7 6 -8 10 19 -40 10 -1 16 -12 -4 -3 -21 -7 -34 -1 -17 -16 28 -23 10 -4 -4 -7 5 2 -14 -8 -7 2 -15 -3 2 8 -4 8 -12 17 15 -28 -8 -27 -15 -15 -22 -52 6 17 21
-4 11 -3 12 -8 21 -14 6 -11 -9 11 -19 6 -11 15 -4 10 0 5 3 -19 -2 -2 -12 -6 -17 2 6 -2 -5 8 -9 6 30 -7 12 -1 -8 -1 -10 11 2 -12 -5 3 3 0 4 6 -10 15 -9 14 -4 -24 -6 -23 -6 -2 2 -56 -10 14 6
-7 6 4 11 -8 12 -18 7 -6 -3 13 -12 7 -7 14 -5 15 3 5 10 -20 10 -6 -24 -4 -19 10 11 -13 -1 7 11 13 33 -2 4 -7 -1 2 -15 5 0 -2 -11 1 -14 2 5 8 -16 14 -19 16 -17 -37 -12 -13 2 -8 0 -50 -11 3 -1
-6 -2 9 8 -12 14 -21 -19 -34 -8 -8 -11 -8 3 14 -6 0 -8 -7 2 -26 13 -3 -7 -16 -20 4 -2 -18 -14 2 2 14 16 5 14 -3 0 8 -13 16 -13 -6 -3 4 -8 -1 -13 2 -21 34 -1 19 -9 -39 0 -14 5 1 -1 -45 -8 12 -2
2 -10 7 10 -12 15 -14 -3 -22 -9 -10 2 6 0 6 2 -1 5 3 0 -26 13 7 0 -8 -21 7 5 -9 -11 -6 -14 3 15 -2 15 9 -4 -6 -13 7 -6 14 -7 6 -5 -10 -15 9 -8 41 2 13 -5 -39 -6 -6 -3 2 -5 -49 5 7 -18
-7 5 19 9 -21 17 -11 -1 -19 5 -19 -15 -6 16 16 9 7 -12 1 9 -30 30 3 -4 -2 -15 -8 -23 -7 -26 -9 -11 -14 20 -18 1 -1 6 -4 -4 7 -8 -1 4 15 -8 -2 -6 3 -18 22 0 20 8 -29 -12 -23 0 -2 -11 -46 10 18 12
-16 10 9 8 -8 5 -28 11 -19 1 -11 -30 1 8 9 3 12 -3 13 3 -24 14 -4 -15 4 -11 0 -5 -3 -12 6 -5 -9 22 -1 2 -3 -5 4 -19 9 -2 7 8 4 -10 -18 -6 -6 -21 23 -11 10 -2 -35 -1 -12 -9 0 3 -46 2 16 2
-4 1 5 -3 -7 2 -9 6 -16 -8 7 -7 6 12 17 16 18 -11 5 0 -23 5 -2 -3 2 -15 5 -8 -22 -1 29 -21 7 15 -1 5 -6 10 15 -9 0 4 2 -5 8 -10 -4 7 3 -14 30 0 23 -10 -32 -8 -14 4 10 -3 -52 -5 17 10
-8 0 15 -4 -18 5 -10 3 -3 1 -6 -6 -5 17 8 18 13 -7 -2 -2 -26 2 -4 -15 0 -4 2 -5 -21 0 24 -9 10 22 -1 9 4 9 25 -5 10 -3 -4 2 9 -16 3 7 -6 -16 37 -3 23 -6 -27 -12 -27 -3 10 -1 -33 -6 25 18
-11 -6 10 0 -5 1 -14 2 4 3 1 -13 15 6 7 17 5 -7 10 -6 -24 3 -2 -5 2 -18 4 -11 -13 8 36 -6 5 18 5 5 -5 -2 8 -14 4 -1 -5 -4 1 -13 -7 -4 -2 -13 46 -3 20 -13 -34 -15 -14 10 13 4 -51 -6 21 15
4 0 -7 -22 -3 -14 -7 6 -9 0 -3 -16 7 8 2 5 3 -12 9 2 -25 14 -3 -4 -10 -12 8 1 -17 -1 18 -28 11 13 -7 -6 -7 4 9 -22 14 1 7 -20 6 2 1 19 -7 -24 37 -13 10 -4 -37 3 -9 -12 5 5 -52 4 11 -11
-13 6 4 -14 -11 -6 -9 -3 -1 -13 -5 -8 2 3 24 15 13 -8 9 -4 -28 6 -1 -3 -3 -5 12 9 -12 -8 11 -8 13 27 -4 11 6 -4 15 -10 5 2 12 -11 7 -7 -3 4 -8 -20 17 0 16 -13 -42 -9 -16 -3 -2 7 -55 -6 9 2
-2 6 17 4 -18 11 15 -3 -4 -2 -15 8 10 1 21 -7 2 -1 3 -4 -27 2 6 0 -9 -22 8 -14 2 -22 7 -14 -14 20 -23 8 -12 4 4 -5 0 -14 -6 -8 5 -11 -6 0 -1 -11 17 -6 20 13 -26 0 -13 -22 -3 -1 -52 2 9 13
2 3 -1 -3 -4 -5 -6 9 14 4 9 -4 6 -12 11 -5 2 -8 9 1 -34 3 3 -10 3 -17 6 7 -13 -6 -4 -3 2 5 -14 -2 -5 4 -5 -5 3 -5 -4 0 5 2 4 5 -11 -8 -8 -4 -4 7 14 -13 -3 -2 -6 5 -51 2 -1 4
-13 8 5 17 -3 26 4 -5 0 -3 -8 8 -2 -5 -6 11 5 0 -4 10 -33 11 -6 19 6 -22 7 -26 5 -4 9 8 1 20 -15 -3 12 -1 -2 8 7 -22 17 -7 -7 13 -8 7 -3 -15 15 -1 18 -14 -20 4 -13 5 0 -5 -41 -4 1 -4
-9 9 23 16 -9 15 -6 8 0 -15 2 1 0 -8 5 17 15 -1 -25 14 -21 10 -5 10 8 -23 0 -29 -10 -14 7 13 -5 12 -5 8 12 -7 3 11 7 -26 9 -17 1 6 2 5 2 -11 8 16 19 6 -27 6 -18 13 14 6 -44 14 -5 5
-6 5 17 -8 -19 17 -4 -12 -15 14 18 -13 -13 9 14 -9 16 -3 -9 -2 -24 7 3 6 2 -11 -4 -22 -10 -11 10 9 19 21 -1 15 -5 6 13 -1 23 -9 2 -18 -3 13 7 -6 -7 -6 27 -15 20 -8 -29 5 -15 -11 6 9 -43 -4 8 8
-3 -8 -5 -17 4 16 -9 -4 -7 5 -6 10 -1 8 2 7 17 0 -6 -16 -28 9 10 -6 -6 -15 3 -8 -14 -6 -4 -21 30 28 -9 16 4 5 6 -6 14 2 3 -15 12 5 7 -10 0 -17 19 3 -3 14 -28 -21 -16 -1 18 -6 -51 3 14 1
-16 -4 -11 -19 8 5 -23 -2 -16 6 -12 6 -4 12 5 10 17 1 -1 -23 -22 -4 4 -2 -15 -7 1 1 -15 0 -2 -12 22 12 2 16 -7 -7 -13 -5 7 -3 11 -7 1 -5 -12 -10 -2 -15 22 5 -5 11 -30 -13 -12 -5 16 -10 -53 3 10 -5
0 -1 -7 -6 -2 13 -9 1 -14 -3 -4 -15 1 4 12 5 23 -22 2 -22 -37 8 6 -1 -8 -12 1 2 -13 5 -4 3 12 22 1 -2 6 10 10 -6 1 -7 16 -4 12 -1 24 2 2 2 18 4 -4 10 -24 0 -24 9 -1 0 -47 11 17 13
5 -3 4 -3 -3 10 -15 -3 -11 -1 1 -18 6 11 20 9 10 -6 -5 -13 -25 5 7 1 -3 -12 -4 5 -10 8 -6 -14 24 15 2 2 -1 9 -6 -18 11 -1 13 -7 15 17 13 -9 -2 1 28 -1 4 3 -25 -8 -12 -4 5 -1 -52 0 3 -8
-8 2 7 2 -17 18 -11 1 -16 7 7 -5 -5 0 26 -16 15 4 -4 -2 -17 -5 2 -14 -2 -12 0 -1 1 4 -4 4 10 16 -3 14 -7 0 7 -5 14 7 -11 -7 -2 2 9 -10 3 -1 4 7 7 -7 -14 -10 -21 -8 1 0 -55 -7 17 1
-8 4 5 -7 -14 19 -13 4 -16 -10 9 -8 1 7 27 -14 7 5 -11 -2 -21 1 1 -5 -5 -16 1 -8 -3 5 6 0 8 24 -11 7 -4 -6 7 -5 15 5 -3 -7 -3 0 4 -1 2 -10 6 -11 -5 -7 -18 -1 -21 -4 2 -1 -57 -6 13 7
-7 7 8 8 -7 8 -24 2 -4 3 16 -13 -1 -5 14 -7 12 -5 2 7 -23 3 5 -24 -4 -14 9 10 -11 7 3 8 14 30 -4 -5 -7 -3 -1 -11 5 3 -4 -10 -3 -15 -2 0 6 -2 18 -14 12 -13 -29 -15 -11 -2 -1 5 -51 -4 9 -2
-8 -7 24 -11 -12 1 -13 -5 -11 -2 -2 -16 -2 8 15 -18 -1 4 -1 -6 -29 6 -2 -14 -3 -18 0 -9 -8 -8 6 -4 -1 20 14 10 -14 0 5 -18 2 4 11 -3 -2 4 12 -21 -13 2 31 -10 6 -9 -43 -1 2 -4 -8 10 -55 3 5 8
-10 -5 3 -13 -6 -2 -12 0 -12 -5 6 -6 8 12 12 13 14 -3 3 0 -24 4 -3 -4 6 -12 8 -10 -20 2 24 -17 7 17 4 5 0 8 19 -10 1 5 0 -7 5 -12 -4 10 1 -10 24 8 20 -14 -29 -7 -15 -2 18 -3 -54 -2 22 16
-8 -3 9 -12 -18 -3 -14 -10 -6 4 0 2 -6 18 12 5 14 -4 -11 -8 -19 -7 -4 -6 3 -6 -4 -6 -18 8 22 -2 9 21 12 7 -4 6 16 -3 10 1 1 -7 8 -14 8 -7 4 -16 29 0 12 -7 -27 -15 -21 -4 8 2 -43 3 22 22
-10 -7 3 -12 -4 -3 -20 2 -7 3 4 -2 13 8 13 18 13 -3 5 -7 -24 2 -5 -5 2 -10 2 -10 -18 11 37 -3 11 18 5 3 -4 -6 0 -7 -2 2 -3 -10 0 -15 0 8 8 -13 39 -10 14 -7 -34 -12 -15 -6 13 4 -55 0 19 20
0 -2 4 -26 -7 -9 -7 0 -10 0 5 -8 1 12 14 3 5 -8 0 5 -32 9 -1 -5 -5 -7 6 1 -14 6 18 -21 14 14 -2 -1 -10 -5 12 -22 15 7 9 -17 5 -8 1 17 -3 -26 36 -7 2 2 -38 4 -9 -14 12 5 -54 3 11 8
-15 3 10 -13 -9 -9 -16 -4 -9 -10 1 -6 -3 4 23 8 18 0 8 -8 -29 0 3 2 0 -3 8 12 -12 -3 13 -2 13 24 1 5 2 -2 12 -9 6 9 14 -10 2 -10 3 2 -6 -13 18 0 10 -13 -38 -7 -21 -5 1 -2 -55 -6 14 5
-1 6 25 -1 -11 16 7 -1 -12 3 -7 19 7 1 23 -8 5 2 3 -2 -32 -4 9 5 -3 -8 0 -14 6 -19 13 -7 -13 13 -18 5 -8 0 5 -5 -2 -10 -4 -7 -1 -14 -10 -1 8 -12 19 -2 14 14 -27 0 -12 -25 0 -6 -46 -3 5 11
8 -5 -5 -7 -4 -13 -10 7 17 7 8 -7 7 -10 11 -8 -1 -7 4 6 -40 -1 5 -6 2 -12 5 11 -16 -4 -8 -5 0 2 -20 -9 -9 2 -3 -1 2 -1 -2 0 3 -3 3 3 -17 -5 -10 -5 -16 5 21 -11 3 1 -4 3 -49 1 -4 6
3 2 5 1 -4 13 11 17 -19 -5 -2 8 2 0 3 12 3 -8 -3 2 -23 6 -12 2 7 -16 14 -9 -14 -20 3 0 1 5 4 4 8 4 8 3 11 1 3 -14 -2 8 9 -6 -12 -5 11 -9 5 8 -29 -5 -2 9 -4 -19 -32 -6 -8 -3
3 2 5 1 -4 13 11 17 -19 -5 -2 8 2 0 3 12 3 -8 -3 2 -23 6 -12 2 7 -16 14 -9 -14 -20 3 0 1 5 4 4 8 4 8 3 11 1 3 -14 -2 8 9 -6 -12 -5 11 -9 5 8 -29 -5 -2 9 -4 -19 -32 -6 -8 -3
3 2 5 1 -4 13 11 17 -19 -5 -2 8 2 0 3 12 3 -8 -3 2 -23 6 -12 2 7 -16 14 -9 -14 -20 3 0 1 5 4 4 8 4 8 3 11 1 3 -14 -2 8 9 -6 -12 -5 11 -9 5 8 -29 -5 -2 9 -4 -19 -32 -6 -8 -3
3 2 5 1 -4 13 11 17 -19 -5 -2 8 2 0 3 12 3 -8 -3 2 -23 6 -12 2 7 -16 14 -9 -14 -20 3 0 1 5 4 4 8 4 8 3 11 1 3 -14 -2 8 9 -6 -12 -5 11 -9 5 8 -29 -5 -2 9 -4 -19 -32 -6 -8 -3
3 2 5 1 -4 13 11 17 -19 -5 -2 8 2 0 3 12 3 -8 -3 2 -23 6 -12 2 7 -16 14 -9 -14 -20 3 0 1 5 4 4 8 4 8 3 11 1 3 -14 -2 8 9 -6 -12 -5 11 -9 5 8 -29 -5 -2 9 -4 -19 -32 -6 -8 -3
3 2 5 1 -4 13 11 17 -19 -5 -2 8 2 0 3 12 3 -8 -3 2 -23 6 -12 2 7 -16 14 -9 -14 -20 3 0 1 5 4 4 8 4 8 3 11 1 3 -14 -2 8 9 -6 -12 -5 11 -9 5 8 -29 -5 -2 9 -4 -19 -32 -6 -8 -3
3 2 5 1 -4 13 11 17 -19 -5 -2 8 2 0 3 12 3 -8 -3 2 -23 6 -12 2 7 -16 14 -9 -14 -20 3 0 1 5 4 4 8 4 8 3 11 1 3 -14 -2 8 9 -6 -12 -5 11 -9 5 8 -29 -5 -2 9 -4 -19 -32 -6 -8 -3
3 2 5 1 -4 13 11 17 -19 -5 -2 8 2 0 3 12 3 -8 -3 2 -23 6 -12 2 7 -16 14 -9 -14 -20 3 0 1 5 4 4 8 4 8 3 11 1 3 -14 -2 8 9 -6 -12 -5 11 -9 5 8 -29 -5 -2 9 -4 -19 -32 -6 -8 -3
3 2 5 1 -4 13 11 17 -19 -5 -2 8 2 0 3 12 3 -8 -3 2 -23 6 -12 2 7 -16 14 -9 -14 -20 3 0 1 5 4 4 8 4 8 3 11 1 3 -14 -2 8 9 -6 -12 -5 11 -9 5 8 -29 -5 -2 9 -4 -19 -32 -6 -8 -3
3 2 5 1 -4 13 11 17 -19 -5 -2 8 2 0 3 12 3 -8 -3 2 -23 6 -12 2 7 -16 14 -9 -14 -20 3 0 1 5 4 4 8 4 8 3 11 1 3 -14 -2 8 9 -6 -12 -5 11 -9 5 8 -29 -5 -2 9 -4 -19 -32 -6 -8 -3
3 2 5 1 -4 13 11 17 -19 -5 -2 8 2 0 3 12 3 -8 -3 2 -23 6 -12 2 7 -16 14 -9 -14 -20 3 0 1 5 4 4 8 4 8 3 11 1 3 -14 -2 8 9 -6 -12 -5 11 -9 5 8 -29 -5 -2 9 -4 -19 -32 -6 -8 -3
3 2 5 1 -4 13 11 17 -19 -5 -2 8 2 0 3 12 3 -8 -3 2 -23 6 -12 2 7 -16 14 -9 -14 -20 3 0 1 5 4 4 8 4 8 3 11 1 3 -14 -2 8 9 -6 -12 -5 11 -9 5 8 -29 -5 -2 9 -4 -19 -32 -6 -8 -3
3 2 5 1 -4 13 11 17 -19 -5 -2 8 2 0 3 12 3 -8 -3 2 -23 6 -12 2 7 -16 14 -9 -14 -20 3 0 1 5 4 4 8 4 8 3 11 1 3 -14 -2 8 9 -6 -12 -5 11 -9 5 8 -29 -5 -2 9 -4 -19 -32 -6 -8 -3
3 2 5 1 -4 13 11 17 -19 -5 -2 8 2 0 3 12 3 -8 -3 2 -23 6 -12 2 7 -16 14 -9 -14 -20 3 0 1 5 4 4 8 4 8 3 11 1 3 -14 -2 8 9 -6 -12 -5 11 -9 5 8 -29 -5 -2 9 -4 -19 -32 -6 -8 -3
3 2 5 1 -4 13 11 17 -19 -5 -2 8 2 0 3 12 3 -8 -3 2 -23 6 -12 2 7 -16 14 -9 -14 -20 3 0 1 5 4 4 8 4 8 3 11 1 3 -14 -2 8 9 -6 -12 -5 11 -9 5 8 -29 -5 -2 9 -4 -19 -32 -6 -8 -3
3 2 5 1 -4 13 11 17 -19 -5 -2 8 2 0 3 12 3 -8 -3 2 -23 6 -12 2 7 -16 14 -9 -14 -20 3 0 1 5 4 4 8 4 8 3 11 1 3 -14 -2 8 9 -6 -12 -5 11 -9 5 8 -29 -5 -2 9 -4 -19 -32 -6 -8 -3
3 2 5 1 -4 13 11 17 -19 -5 -2 8 2 0 3 12 3 -8 -3 2 -23 6 -12 2 7 -16 14 -9 -14 -20 3 0 1 5 4 4 8 4 8 3 11 1 3 -14 -2 8 9 -6 -12 -5 11 -9 5 8 -29 -5 -2 9 -4 -19 -32 -6 -8 -3
3 2 5 1 -4 13 11 17 -19 -5 -2 8 2 0 3 12 3 -8 -3 2 -23 6 -12 2 7 -16 14 -9 -14 -20 3 0 1 5 4 4 8 4 8 3 11 1 3 -14 -2 8 9 -6 -12 -5 11 -9 5 8 -29 -5 -2 9 -4 -19 -32 -6 -8 -3
3 2 5 1 -4 13 11 17 -19 -5 -2 8 2 0 3 12 3 -8 -3 2 -23 6 -12 2 7 -16 14 -9 -14 -20 3 0 1 5 4 4 8 4 8 3 11 1 3 -14 -2 8 9 -6 -12 -5 11 -9 5 8 -29 -5 -2 9 -4 -19 -32 -6 -8 -3
3 2 5 1 -4 13 11 17 -19 -5 -2 8 2 0 3 12 3 -8 -3 2 -23 6 -12 2 7 -16 14 -9 -14 -20 3 0 1 5 4 4 8 4 8 3 11 1 3 -14 -2 8 9 -6 -12 -5 11 -9 5 8 -29 -5 -2 9 -4 -19 -32 -6 -8 -3
3 2 5 1 -4 13 11 17 -19 -5 -2 8 2 0 3 12 3 -8 -3 2 -23 6 -12 2 7 -16 14 -9 -14 -20 3 0 1 5 4 4 8 4 8 3 11 1 3 -14 -2 8 9 -6 -12 -5 11 -9 5 8 -29 -5 -2 9 -4 -19 -32 -6 -8 -3
3 2 5 1 -4 13 11 17 -19 -5 -2 8 2 0 3 12 3 -8 -3 2 -23 6 -12 2 7 -16 14 -9 -14 -20 3 0 1 5 4 4 8 4 8 3 11 1 3 -14 -2 8 9 -6 -12 -5 11 -9 5 8 -29 -5 -2 9 -4 -19 -32 -6 -8 -3
3 2 5 1 -4 13 11 17 -19 -5 -2 8 2 0 3 12 3 -8 -3 2 -23 6 -12 2 7 -16 14 -9 -14 -20 3 0 1 5 4 4 8 4 8 3 11 1 3 -14 -2 8 9 -6 -12 -5 11 -9 5 8 -29 -5 -2 9 -4 -19 -32 -6 -8 -3
3 2 5 1 -4 13 11 17 -19 -5 -2 8 2 0 3 12 3 -8 -3 2 -23 6 -12 2 7 -16 14 -9 -14 -20 3 0 1 5 4 4 8 4 8 3 11 1 3 -14 -2 8 9 -6 -12 -5 11 -9 5 8 -29 -5 -2 9 -4 -19 -32 -6 -8 -3
3 2 5 1 -4 13 11 17 -19 -5 -2 8 2 0 3 12 3 -8 -3 2 -23 6 -12 2 7 -16 14 -9 -14 -20 3 0 1 5 4 4 8 4 8 3 11 1 3 -14 -2 8 9 -6 -12 -5 11 -9 5 8 -29 -5 -2 9 -4 -19 -32 -6 -8 -3
3 2 5 1 -4 13 11 17 -19 -5 -2 8 2 0 3 12 3 -8 -3 2 -23 6 -12 2 7 -16 14 -9 -14 -20 3 0 1 5 4 4 8 4 8 3 11 1 3 -14 -2 8 9 -6 -12 -5 11 -9 5 8 -29 -5 -2 9 -4 -19 -32 -6 -8 -3
3 2 5 1 -4 13 11 17 -19 -5 -2 8 2 0 3 12 3 -8 -3 2 -23 6 -12 2 7 -16 14 -9 -14 -20 3 0 1 5 4 4 8 4 8 3 11 1 3 -14 -2 8 9 -6 -12 -5 11 -9 5 8 -29 -5 -2 9 -4 -19 -32 -6 -8 -3
3 2 5 1 -4 13 11 17 -19 -5 -2 8 2 0 3 12 3 -8 -3 2 -23 6 -12 2 7 -16 14 -9 -14 -20 3 0 1 5 4 4 8 4 8 3 11 1 3 -14 -2 8 9 -6 -12 -5 11 -9 5 8 -29 -5 -2 9 -4 -19 -32 -6 -8 -3
3 2 5 1 -4 13 11 17 -19 -5 -2 8 2 0 3 12 3 -8 -3 2 -23 6 -12 2 7 -16 14 -9 -14 -20 3 0 1 5 4 4 8 4 8 3 11 1 3 -14 -2 8 9 -6 -12 -5 11 -9 5 8 -29 -5 -2 9 -4 -19 -32 -6 -8 -3
3 2 5 1 -4 13 11 17 -19 -5 -2 8 2 0 3 12 3 -8 -3 2 -23 6 -12 2 7 -16 14 -9 -14 -20 3 0 1 5 4 4 8 4 8 3 11 1 3 -14 -2 8 9 -6 -12 -5 11 -9 5 8 -29 -5 -2 9 -4 -19 -32 -6 -8 -3
3 2 5 1 -4 13 11 17 -19 -5 -2 8 2 0 3 12 3 -8 -3 2 -23 6 -12 2 7 -16 14 -9 -14 -20 3 0 1 5 4 4 8 4 8 3 11 1 3 -14 -2 8 9 -6 -12 -5 11 -9 5 8 -29 -5 -2 9 -4 -19 -32 -6 -8 -3
3 2 5 1 -4 13 11 17 -19 -5 -2 8 2 0 3 12 3 -8 -3 2 -23 6 -12 2 7 -16 14 -9 -14 -20 3 0 1 5 4 4 8 4 8 3 11 1 3 -14 -2 8 9 -6 -12 -5 11 -9 5 8 -29 -5 -2 9 -4 -19 -32 -6 -8 -3
3 2 5 1 -4 13 11 17 -19 -5 -2 8 2 0 3 12 3 -8 -3 2 -23 6 -12 2 7 -16 14 -9 -14 -20 3 0 1 5 4 4 8 4 8 3 11 1 3 -14 -2 8 9 -6 -12 -5 11 -9 5 8 -29 -5 -2 9 -4 -19 -32 -6 -8 -3
3 2 5 1 -4 13 11 17 -19 -5 -2 8 2 0 3 12 3 -8 -3 2 -23 6 -12 2 7 -16 14 -9 -14 -20 3 0 1 5 4 4 8 4 8 3 11 1 3 -14 -2 8 9 -6 -12 -5 11 -9 5 8 -29 -5 -2 9 -4 -19 -32 -6 -8 -3
3 2 5 1 -4 13 11 17 -19 -5 -2 8 2 0 3 12 3 -8 -3 2 -23 6 -12 2 7 -16 14 -9 -14 -20 3 0 1 5 4 4 8 4 8 3 11 1 3 -14 -2 8 9 -6 -12 -5 11 -9 5 8 -29 -5 -2 9 -4 -19 -32 -6 -8 -3
3 2 5 1 -4 13 11 17 -19 -5 -2 8 2 0 3 12 3 -8 -3 2 -23 6 -12 2 7 -16 14 -9 -14 -20 3 0 1 5 4 4 8 4 8 3 11 1 3 -14 -2 8 9 -6 -12 -5 11 -9 5 8 -29 -5 -2 9 -4 -19 -32 -6 -8 -3
3 2 5 1 -4 13 11 17 -19 -5 -2 8 2 0 3 12 3 -8 -3 2 -23 6 -12 2 7 -16 14 -9 -14 -20 3 0 1 5 4 4 8 4 8 3 11 1 3 -14 -2 8 9 -6 -12 -5 11 -9 5 8 -29 -5 -2 9 -4 -19 -32 -6 -8 -3
3 2 5 1 -4 13 11 17 -19 -5 -2 8 2 0 3 12 3 -8 -3 2 -23 6 -12 2 7 -16 14 -9 -14 -20 3 0 1 5 4 4 8 4 8 3 11 1 3 -14 -2 8 9 -6 -12 -5 11 -9 5 8 -29 -5 -2 9 -4 -19 -32 -6 -8 -3
3 2 5 1 -4 13 11 17 -19 -5 -2 8 2 0 3 12 3 -8 -3 2 -23 6 -12 2 7 -16 14 -9 -14 -20 3 0 1 5 4 4 8 4 8 3 11 1 3 -14 -2 8 9 -6 -12 -5 11 -9 5 8 -29 -5 -2 9 -4 -19 -32 -6 -8 -3
3 2 5 1 -4 13 11 17 -19 -5 -2 8 2 0 3 12 3 -8 -3 2 -23 6 -12 2 7 -16 14 -9 -14 -20 3 0 1 5 4 4 8 4 8 3 11 1 3 -14 -2 8 9 -6 -12 -5 11 -9 5 8 -29 -5 -2 9 -4 -19 -32 -6 -8 -3
3 2 5 1 -4 13 11 17 -19 -5 -2 8 2 0 3 12 3 -8 -3 2 -23 6 -12 2 7 -16 14 -9 -14 -20 3 0 1 5 4 4 8 4 8 3 11 1 3 -14 -2 8 9 -6 -12 -5 11 -9 5 8 -29 -5 -2 9 -4 -19 -32 -6 -8 -3
3 2 5 1 -4 13 11 17 -19 -5 -2 8 2 0 3 12 3 -8 -3 2 -23 6 -12 2 7 -16 14 -9 -14 -20 3 0 1 5 4 4 8 4 8 3 11 1 3 -14 -2 8 9 -6 -12 -5 11 -9 5 8 -29 -5 -2 9 -4 -19 -32 -6 -8 -3
3 2 5 1 -4 13 11 17 -19 -5 -2 8 2 0 3 12 3 -8 -3 2 -23 6 -12 2 7 -16 14 -9 -14 -20 3 0 1 5 4 4 8 4 8 3 11 1 3 -14 -2 8 9 -6 -12 -5 11 -9 5 8 -29 -5 -2 9 -4 -19 -32 -6 -8 -3
3 2 5 1 -4 13 11 17 -19 -5 -2 8 2 0 3 12 3 -8 -3 2 -23 6 -12 2 7 -16 14 -9 -14 -20 3 0 1 5 4 4 8 4 8 3 11 1 3 -14 -2 8 9 -6 -12 -5 11 -9 5 8 -29 -5 -2 9 -4 -19 -32 -6 -8 -3
3 2 5 1 -4 13 11 17 -19 -5 -2 8 2 0 3 12 3 -8 -3 2 -23 6 -12 2 7 -16 14 -9 -14 -20 3 0 1 5 4 4 8 4 8 3 11 1 3 -14 -2 8 9 -6 -12 -5 11 -9 5 8 -29 -5 -2 9 -4 -19 -32 -6 -8 -3
3 2 5 1 -4 13 11 17 -19 -5 -2 8 2 0 3 12 3 -8 -3 2 -23 6 -12 2 7 -16 14 -9 -14 -20 3 0 1 5 4 4 8 4 8 3 11 1 3 -14 -2 8 9 -6 -12 -5 11 -9 5 8 -29 -5 -2 9 -4 -19 -32 -6 -8 -3
3 2 5 1 -4 13 11 17 -19 -5 -2 8 2 0 3 12 3 -8 -3 2 -23 6 -12 2 7 -16 14 -9 -14 -20 3 0 1 5 4 4 8 4 8 3 11 1 3 -14 -2 8 9 -6 -12 -5 11 -9 5 8 -29 -5 -2 9 -4 -19 -32 -6 -8 -3
3 2 5 1 -4 13 11 17 -19 -5 -2 8 2 0 3 12 3 -8 -3 2 -23 6 -12 2 7 -16 14 -9 -14 -20 3 0 1 5 4 4 8 4 8 3 11 1 3 -14 -2 8 9 -6 -12 -5 11 -9 5 8 -29 -5 -2 9 -4 -19 -32 -6 -8 -3
3 2 5 1 -4 13 11 17 -19 -5 -2 8 2 0 3 12 3 -8 -3 2 -23 6 -12 2 7 -16 14 -9 -14 -20 3 0 1 5 4 4 8 4 8 3 11 1 3 -14 -2 8 9 -6 -12 -5 11 -9 5 8 -29 -5 -2 9 -4 -19 -32 -6 -8 -3
3 2 5 1 -4 13 11 17 -19 -5 -2 8 2 0 3 12 3 -8 -3 2 -23 6 -12 2 7 -16 14 -9 -14 -20 3 0 1 5 4 4 8 4 8 3 11 1 3 -14 -2 8 9 -6 -12 -5 11 -9 5 8 -29 -5 -2 9 -4 -19 -32 -6 -8 -3
3 2 5 1 -4 13 11 17 -19 -5 -2 8 2 0 3 12 3 -8 -3 2 -23 6 -12 2 7 -16 14 -9 -14 -20 3 0 1 5 4 4 8 4 8 3 11 1 3 -14 -2 8 9 -6 -12 -5 11 -9 5 8 -29 -5 -2 9 -4 -19 -32 -6 -8 -3
3 2 5 1 -4 13 11 17 -19 -5 -2 8 2 0 3 12 3 -8 -3 2 -23 6 -12 2 7 -16 14 -9 -14 -20 3 0 1 5 4 4 8 4 8 3 11 1 3 -14 -2 8 9 -6 -12 -5 11 -9 5 8 -29 -5 -2 9 -4 -19 -32 -6 -8 -3
3 2 5 1 -4 13 11 17 -19 -5 -2 8 2 0 3 12 3 -8 -3 2 -23 6 -12 2 7 -16 14 -9 -14 -20 3 0 1 5 4 4 8 4 8 3 11 1 3 -14 -2 8 9 -6 -12 -5 11 -9 5 8 -29 -5 -2 9 -4 -19 -32 -6 -8 -3
3 2 5 1 -4 13 11 17 -19 -5 -2 8 2 0 3 12 3 -8 -3 2 -23 6 -12 2 7 -16 14 -9 -14 -20 3 0 1 5 4 4 8 4 8 3 11 1 3 -14 -2 8 9 -6 -12 -5 11 -9 5 8 -29 -5 -2 9 -4 -19 -32 -6 -8 -3
3 2 5 1 -4 13 11 17 -19 -5 -2 8 2 0 3 12 3 -8 -3 2 -23 6 -12 2 7 -16 14 -9 -14 -20 3 0 1 5 4 4 8 4 8 3 11 1 3 -14 -2 8 9 -6 -12 -5 11 -9 5 8 -29 -5 -2 9 -4 -19 -32 -6 -8 -3
3 2 5 1 -4 13 11 17 -19 -5 -2 8 2 0 3 12 3 -8 -3 2 -23 6 -12 2 7 -16 14 -9 -14 -20 3 0 1 5 4 4 8 4 8 3 11 1 3 -14 -2 8 9 -6 -12 -5 11 -9 5 8 -29 -5 -2 9 -4 -19 -32 -6 -8 -3
3 2 5 1 -4 13 11 17 -19 -5 -2 8 2 0 3 12 3 -8 -3 2 -23 6 -12 2 7 -16 14 -9 -14 -20 3 0 1 5 4 4 8 4 8 3 11 1 3 -14 -2 8 9 -6 -12 -5 11 -9 5 8 -29 -5 -2 9 -4 -19 -32 -6 -8 -3
3 2 5 1 -4 13 11 17 -19 -5 -2 8 2 0 3 12 3 -8 -3 2 -23 6 -12 2 7 -16 14 -9 -14 -20 3 0 1 5 4 4 8 4 8 3 11 1 3 -14 -2 8 9 -6 -12 -5 11 -9 5 8 -29 -5 -2 9 -4 -19 -32 -6 -8 -3
3 2 5 1 -4 13 11 17 -19 -5 -2 8 2 0 3 12 3 -8 -3 2 -23 6 -12 2 7 -16 14 -9 -14 -20 3 0 1 5 4 4 8 4 8 3 11 1 3 -14 -2 8 9 -6 -12 -5 11 -9 5 8 -29 -5 -2 9 -4 -19 -32 -6 -8 -3
3 2 5 1 -4 13 11 17 -19 -5 -2 8 2 0 3 12 3 -8 -3 2 -23 6 -12 2 7 -16 14 -9 -14 -20 3 0 1 5 4 4 8 4 8 3 11 1 3 -14 -2 8 9 -6 -12 -5 11 -9 5 8 -29 -5 -2 9 -4 -19 -32 -6 -8 -3
3 2 5 1 -4 13 11 17 -19 -5 -2 8 2 0 3 12 3 -8 -3 2 -23 6 -12 2 7 -16 14 -9 -14 -20 3 0 1 5 4 4 8 4 8 3 11 1 3 -14 -2 8 9 -6 -12 -5 11 -9 5 8 -29 -5 -2 9 -4 -19 -32 -6 -8 -3
3 2 5 1 -4 13 11 17 -19 -5 -2 8 2 0 3 12 3 -8 -3 2 -23 6 -12 2 7 -16 14 -9 -14 -20 3 0 1 5 4 4 8 4 8 3 11 1 3 -14 -2 8 9 -6 -12 -5 11 -9 5 8 -29 -5 -2 9 -4 -19 -32 -6 -8 -3
3 2 5 1 -4 13 11 17 -19 -5 -2 8 2 0 3 12 3 -8 -3 2 -23 6 -12 2 7 -16 14 -9 -14 -20 3 0 1 5 4 4 8 4 8 3 11 1 3 -14 -2 8 9 -6 -12 -5 11 -9 5 8 -29 -5 -2 9 -4 -19 -32 -6 -8 -3
3 2 5 1 -4 13 11 17 -19 -5 -2 8 2 0 3 12 3 -8 -3 2 -23 6 -12 2 7 -16 14 -9 -14 -20 3 0 1 5 4 4 8 4 8 3 11 1 3 -14 -2 8 9 -6 -12 -5 11 -9 5 8 -29 -5 -2 9 -4 -19 -32 -6 -8 -3
3 2 5 1 -4 13 11 17 -19 -5 -2 8 2 0 3 12 3 -8 -3 2 -23 6 -12 2 7 -16 14 -9 -14 -20 3 0 1 5 4 4 8 4 8 3 11 1 3 -14 -2 8 9 -6 -12 -5 11 -9 5 8 -29 -5 -2 9 -4 -19 -32 -6 -8 -3
3 2 5 1 -4 13 11 17 -19 -5 -2 8 2 0 3 12 3 -8 -3 2 -23 6 -12 2 7 -16 14 -9 -14 -20 3 0 1 5 4 4 8 4 8 3 11 1 3 -14 -2 8 9 -6 -12 -5 11 -9 5 8 -29 -5 -2 9 -4 -19 -32 -6 -8 -3
3 2 5 1 -4 13 11 17 -19 -5 -2 8 2 0 3 12 3 -8 -3 2 -23 6 -12 2 7 -16 14 -9 -14 -20 3 0 1 5 4 4 8 4 8 3 11 1 3 -14 -2 8 9 -6 -12 -5 11 -9 5 8 -29 -5 -2 9 -4 -19 -32 -6 -8 -3
3 2 5 1 -4 13 11 17 -19 -5 -2 8 2 0 3 12 3 -8 -3 2 -23 6 -12 2 7 -16 14 -9 -14 -20 3 0 1 5 4 4 8 4 8 3 11 1 3 -14 -2 8 9 -6 -12 -5 11 -9 5 8 -29 -5 -2 9 -4 -19 -32 -6 -8 -3
3 2 5 1 -4 13 11 17 -19 -5 -2 8 2 0 3 12 3 -8 -3 2 -23 6 -12 2 7 -16 14 -9 -14 -20 3 0 1 5 4 4 8 4 8 3 11 1 3 -14 -2 8 9 -6 -12 -5 11 -9 5 8 -29 -5 -2 9 -4 -19 -32 -6 -8 -3
3 2 5 1 -4 13 11 17 -19 -5 -2 8 2 0 3 12 3 -8 -3 2 -23 6 -12 2 7 -16 14 -9 -14 -20 3 0 1 5 4 4 8 4 8 3 11 1 3 -14 -2 8 9 -6 -12 -5 11 -9 5 8 -29 -5 -2 9 -4 -19 -32 -6 -8 -3
3 2 5 1 -4 13 11 17 -19 -5 -2 8 2 0 3 12 3 -8 -3 2 -23 6 -12 2 7 -16 14 -9 -14 -20 3 0 1 5 4 4 8 4 8 3 11 1 3 -14 -2 8 9 -6 -12 -5 11 -9 5 8 -29 -5 -2 9 -4 -19 -32 -6 -8 -3
3 2 5 1 -4 13 11 17 -19 -5 -2 8 2 0 3 12 3 -8 -3 2 -23 6 -12 2 7 -16 14 -9 -14 -20 3 0 1 5 4 4 8 4 8 3 11 1 3 -14 -2 8 9 -6 -12 -5 11 -9 5 8 -29 -5 -2 9 -4 -19 -32 -6 -8 -3
3 2 5 1 -4 13 11 17 -19 -5 -2 8 2 0 3 12 3 -8 -3 2 -23 6 -12 2 7 -16 14 -9 -14 -20 3 0 1 5 4 4 8 4 8 3 11 1 3 -14 -2 8 9 -6 -12 -5 11 -9 5 8 -29 -5 -2 9 -4 -19 -32 -6 -8 -3
3 2 5 1 -4 13 11 17 -19 -5 -2 8 2 0 3 12 3 -8 -3 2 -23 6 -12 2 7 -16 14 -9 -14 -20 3 0 1 5 4 4 8 4 8 3 11 1 3 -14 -2 8 9 -6 -12 -5 11 -9 5 8 -29 -5 -2 9 -4 -19 -32 -6 -8 -3
3 2 5 1 -4 13 11 17 -19 -5 -2 8 2 0 3 12 3 -8 -3 2 -23 6 -12 2 7 -16 14 -9 -14 -20 3 0 1 5 4 4 8 4 8 3 11 1 3 -14 -2 8 9 -6 -12 -5 11 -9 5 8 -29 -5 -2 9 -4 -19 -32 -6 -8 -3
3 2 5 1 -4 13 11 17 -19 -5 -2 8 2 0 3 12 3 -8 -3 2 -23 6 -12 2 7 -16 14 -9 -14 -20 3 0 1 5 4 4 8 4 8 3 11 1 3 -14 -2 8 9 -6 -12 -5 11 -9 5 8 -29 -5 -2 9 -4 -19 -32 -6 -8 -3
3 2 5 1 -4 13 11 17 -19 -5 -2 8 2 0 3 12 3 -8 -3 2 -23 6 -12 2 7 -16 14 -9 -14 -20 3 0 1 5 4 4 8 4 8 3 11 1 3 -14 -2 8 9 -6 -12 -5 11 -9 5 8 -29 -5 -2 9 -4 -19 -32 -6 -8 -3
3 2 5 1 -4 13 11 17 -19 -5 -2 8 2 0 3 12 3 -8 -3 2 -23 6 -12 2 7 -16 14 -9 -14 -20 3 0 1 5 4 4 8 4 8 3 11 1 3 -14 -2 8 9 -6 -12 -5 11 -9 5 8 -29 -5 -2 9 -4 -19 -32 -6 -8 -3
3 2 5 1 -4 13 11 17 -19 -5 -2 8 2 0 3 12 3 -8 -3 2 -23 6 -12 2 7 -16 14 -9 -14 -20 3 0 1 5 4 4 8 4 8 3 11 1 3 -14 -2 8 9 -6 -12 -5 11 -9 5 8 -29 -5 -2 9 -4 -19 -32 -6 -8 -3
3 2 5 1 -4 13 11 17 -19 -5 -2 8 2 0 3 12 3 -8 -3 2 -23 6 -12 2 7 -16 14 -9 -14 -20 3 0 1 5 4 4 8 4 8 3 11 1 3 -14 -2 8 9 -6 -12 -5 11 -9 5 8 -29 -5 -2 9 -4 -19 -32 -6 -8 -3
3 2 5 1 -4 13 11 17 -19 -5 -2 8 2 0 3 12 3 -8 -3 2 -23 6 -12 2 7 -16 14 -9 -14 -20 3 0 1 5 4 4 8 4 8 3 11 1 3 -14 -2 8 9 -6 -12 -5 11 -9 5 8 -29 -5 -2 9 -4 -19 -32 -6 -8 -3
3 2 5 1 -4 13 11 17 -19 -5 -2 8 2 0 3 12 3 -8 -3 2 -23 6 -12 2 7 -16 14 -9 -14 -20 3 0 1 5 4 4 8 4 8 3 11 1 3 -14 -2 8 9 -6 -12 -5 11 -9 5 8 -29 -5 -2 9 -4 -19 -32 -6 -8 -3
3 2 5 1 -4 13 11 17 -19 -5 -2 8 2 0 3 12 3 -8 -3 2 -23 6 -12 2 7 -16 14 -9 -14 -20 3 0 1 5 4 4 8 4 8 3 11 1 3 -14 -2 8 9 -6 -12 -5 11 -9 5 8 -29 -5 -2 9 -4 -19 -32 -6 -8 -3
3 2 5 1 -4 13 11 17 -19 -5 -2 8 2 0 3 12 3 -8 -3 2 -23 6 -12 2 7 -16 14 -9 -14 -20 3 0 1 5 4 4 8 4 8 3 11 1 3 -14 -2 8 9 -6 -12 -5 11 -9 5 8 -29 -5 -2 9 -4 -19 -32 -6 -8 -3
3 2 5 1 -4 13 11 17 -19 -5 -2 8 2 0 3 12 3 -8 -3 2 -23 6 -12 2 7 -16 14 -9 -14 -20 3 0 1 5 4 4 8 4 8 3 11 1 3 -14 -2 8 9 -6 -12 -5 11 -9 5 8 -29 -5 -2 9 -4 -19 -32 -6 -8 -3
3 2 5 1 -4 13 11 17 -19 -5 -2 8 2 0 3 12 3 -8 -3 2 -23 6 -12 2 7 -16 14 -9 -14 -20 3 0 1 5 4 4 8 4 8 3 11 1 3 -14 -2 8 9 -6 -12 -5 11 -9 5 8 -29 -5 -2 9 -4 -19 -32 -6 -8 -3
3 2 5 1 -4 13 11 17 -19 -5 -2 8 2 0 3 12 3 -8 -3 2 -23 6 -12 2 7 -16 14 -9 -14 -20 3 0 1 5 4 4 8 4 8 3 11 1 3 -14 -2 8 9 -6 -12 -5 11 -9 5 8 -29 -5 -2 9 -4 -19 -32 -6 -8 -3
