-15 -2 6 -14 -13 -6 -12 -6 -9 16 -6 7 0 -9 58 0 8 7 2 -4 5 -2 3 -4 16 5 -51 2 -3 9 6 -11 5 -1 2 -12 3 5 6 4 -55 0 23 -2 -16 -3 17 -15 6 1 8 7 -18 9 -4 6 9 5 5 -8 4 1 3 -7
-6 11 -6 -8 -20 -17 -37 -13 -14 16 -12 40 13 -3 11 28 39 11 18 -5 -5 -1 8 16 10 5 0 6 -11 -5 8 24 15 -4 27 0 19 13 -8 13 -5 17 50 5 -12 -11 24 3 -22 2 12 -2 -16 14 23 4 20 -13 29 -5 -3 1 16 -24
-18 17 -9 -9 -8 -23 -16 -12 -11 18 -7 22 8 -5 15 20 45 3 10 -2 -3 -11 18 13 24 11 -15 11 -10 5 19 13 23 -3 24 -1 15 10 -22 -4 -6 5 36 3 -23 -8 13 -5 -7 -3 2 1 -28 4 17 -1 22 -20 24 1 11 3 22 -17
-23 15 7 -17 -12 -5 -32 5 -22 23 -14 16 10 -16 11 21 30 5 22 -8 8 7 -7 11 10 11 -1 5 -3 1 9 -18 27 -21 19 -10 7 21 -19 -5 -12 7 45 13 -17 -24 18 6 -3 -3 7 0 -11 3 16 10 29 2 11 1 12 -8 26 -2
-27 25 12 -16 -7 -14 -21 -9 -18 16 -3 10 7 8 28 12 22 23 -10 11 -1 5 -1 14 19 12 -10 3 -14 -8 -5 7 38 -21 14 -5 -2 17 -2 -6 -7 0 53 17 -14 -16 11 -5 -5 -4 7 -16 -14 23 16 22 34 6 2 5 -7 0 0 -7
-27 18 -5 -23 -16 -17 -15 -10 -16 23 -4 4 6 -2 37 9 25 15 -4 4 8 5 -4 9 9 -4 -9 4 -16 -10 5 -5 42 -20 25 -14 3 2 -18 3 1 5 46 8 -22 -21 19 -17 -2 -11 15 -12 -10 14 19 19 32 9 29 1 -3 5 3 -26
-34 19 -3 -17 -22 -10 -26 0 -14 19 -8 24 -8 -14 27 26 41 12 -1 -8 3 -3 -15 5 16 -7 -19 4 -6 -5 10 -7 24 -20 22 -15 0 13 -13 7 -18 -1 38 23 -29 -4 20 4 -10 -5 12 3 -22 11 5 15 28 23 17 0 -8 14 13 -3
-44 10 5 -10 2 -7 -40 14 -15 24 -15 10 16 -16 16 17 24 4 15 0 -3 6 -1 14 4 -3 -11 9 2 10 19 -19 32 -5 28 -7 0 3 -17 4 -13 10 24 7 -22 -21 4 -12 4 4 9 -10 -3 14 -1 4 13 17 22 -9 6 5 5 1
-17 7 -5 -11 -16 -13 -14 -1 0 17 4 20 -2 -20 14 21 44 2 25 -7 1 -10 0 17 25 19 -15 14 -5 -10 12 -32 34 -5 8 4 -2 15 -11 -7 -14 16 39 24 -28 -9 10 -4 3 2 4 5 -6 13 0 12 11 -1 8 2 8 -2 3 -5
-4 13 -21 -3 -13 -14 -22 2 -8 -5 6 13 0 -6 -1 20 46 1 24 -7 -10 -21 18 6 6 21 -3 -8 6 6 5 -4 34 -17 8 -19 3 7 -17 -7 1 20 31 30 -25 -17 14 15 -13 6 11 -6 -7 -10 5 4 14 -10 22 23 8 3 11 -1
-19 17 -8 -20 -21 -8 -13 3 -11 22 3 14 -5 -8 9 18 47 2 27 -9 7 -4 0 16 23 22 -7 14 -2 -7 11 -30 36 -12 16 8 3 17 -12 -6 -7 16 46 11 -22 -10 9 -2 7 0 11 0 -14 10 0 8 19 -1 15 2 13 -4 4 -4
-7 8 7 -2 -25 -14 -26 2 -5 8 -11 -5 -13 8 6 -4 29 -5 20 -21 3 7 1 7 10 16 -18 25 -9 -5 9 -39 38 -8 30 5 5 1 -17 -5 -16 -1 45 32 -28 -6 21 -7 3 3 6 11 -23 11 4 9 18 8 11 -21 9 -9 -2 -2
-24 20 -8 -12 -24 2 -32 1 -18 15 -15 16 15 -16 0 12 36 2 23 -22 15 1 -9 16 -2 8 6 4 -12 20 -3 -2 29 -20 8 -2 12 14 -15 -2 1 16 51 24 -25 -17 18 10 1 6 15 -11 -13 3 6 16 30 -3 5 3 12 1 25 -4
-40 13 5 -6 -15 -3 -44 2 -15 28 -8 11 -1 -9 28 10 30 12 15 -13 5 9 6 27 -17 7 -5 4 -23 5 13 -3 28 -11 16 -1 19 8 -8 4 -9 10 24 0 -15 -33 6 -4 -8 9 8 -18 -1 12 -1 9 5 5 5 -9 -2 -2 17 -1
-24 21 -23 7 -25 -7 -26 -13 -13 -1 12 18 6 -10 -1 15 35 -3 17 -25 -2 -9 3 15 10 26 -3 1 2 7 -10 2 32 -20 4 -5 -2 5 -8 6 3 13 39 21 -27 -11 17 2 2 2 10 1 -15 -7 9 15 25 -1 26 3 11 7 13 -4
-26 18 -19 8 -29 -7 -13 -14 -17 20 -8 16 7 -19 10 7 30 2 11 -26 -1 -5 -2 23 8 24 6 23 -3 8 9 -13 35 -18 16 0 9 20 -15 0 -5 -1 35 14 -28 -14 22 -9 -3 -1 4 -4 -5 -4 12 10 34 -1 20 -7 19 6 14 -5
-19 25 -17 -3 -9 3 -14 -13 5 23 -6 16 7 -3 19 16 32 9 5 -19 -7 9 7 9 16 14 -3 18 11 8 -3 -39 26 -19 20 8 -1 25 4 5 9 -4 33 38 -30 -20 15 2 -11 7 21 -3 -7 3 -5 10 14 -2 2 8 5 9 14 -6
-7 30 -18 -9 -22 13 -22 -27 -14 17 -6 12 8 -11 -1 1 22 -1 4 -25 -6 -1 6 25 31 36 4 22 14 7 -4 -23 33 -33 17 0 10 17 -7 8 14 -4 39 28 -32 -12 10 9 -17 -3 21 -11 3 0 -3 6 21 -24 10 2 7 4 9 -5
-15 23 -16 -8 -25 7 -31 2 -4 20 -18 6 5 -1 14 15 29 5 11 -26 -1 9 1 11 9 25 -4 25 -6 -4 -7 -31 18 -2 22 9 16 17 -2 9 5 -13 20 20 -35 -20 6 0 -9 13 22 -4 1 -6 -5 -3 21 -6 6 0 -6 1 7 -4
-23 15 -15 -15 -23 8 -24 -5 -14 13 -4 8 16 -18 26 27 13 6 7 -19 5 24 11 10 22 2 -10 10 -17 22 11 -26 16 -30 24 0 -12 25 -19 2 2 2 38 16 -21 -18 24 -6 -15 -6 5 2 1 -4 -5 12 32 6 16 -10 9 3 8 7
-21 31 -3 -20 -10 -1 -29 -1 -18 12 -9 14 12 -15 25 9 20 2 6 -26 -1 -5 14 27 24 16 2 15 0 25 7 -30 32 -22 13 -14 17 24 -14 14 -10 2 22 27 -31 -20 5 -8 -10 12 10 -6 -6 8 -5 -1 28 7 27 6 11 1 8 8
-19 17 -7 7 -21 -13 -28 -2 -4 20 1 28 -1 -14 18 17 18 6 15 -2 6 0 9 8 18 11 -22 28 -14 -6 7 -6 18 -15 16 -16 5 -6 -17 18 -5 15 36 28 -27 -5 21 13 8 7 3 -9 -5 4 3 -5 10 -8 27 21 17 10 7 -2
-18 5 -4 -20 -14 -22 -21 -10 -13 19 -15 11 1 -9 52 5 22 10 -3 -9 -4 -4 4 10 19 12 -46 11 -5 3 5 -11 13 -16 10 -11 11 12 6 9 -65 8 37 -3 -21 2 24 -8 4 1 9 -3 -10 11 1 5 21 0 15 -8 7 8 8 -13
-17 14 -14 -15 -9 -5 -33 -3 -9 14 0 22 -1 -12 22 18 19 4 2 -4 1 -3 12 17 18 9 -17 13 -10 0 3 -7 20 -11 11 -8 4 5 -13 8 -26 3 43 4 -10 -12 18 -1 -9 0 27 3 -17 4 10 9 23 -19 21 2 8 7 8 -21
-14 14 -8 -12 -20 -25 -22 -21 -1 19 -7 32 -9 -9 18 17 51 9 3 -8 2 2 18 13 23 4 -11 7 -10 -8 1 2 15 4 17 -4 15 7 -22 2 -21 17 39 -2 -19 -15 15 2 -6 8 19 7 -17 19 9 0 36 -11 31 7 1 11 1 -21
-31 12 8 -12 -20 -11 -35 -1 -14 13 -23 16 1 -25 11 19 32 1 9 -10 5 5 -8 13 4 12 0 -12 -1 1 -4 -21 14 -13 12 -17 6 27 -25 -4 -22 21 48 6 -23 -18 12 11 0 2 14 0 -10 0 12 12 23 -4 10 3 9 -2 23 -10
-28 18 13 -15 -12 -12 -21 -8 -12 21 -1 11 -2 2 23 16 21 21 -14 17 -2 8 0 11 17 13 -5 -11 -8 -11 -10 1 31 -16 14 -8 -4 24 -4 -9 -11 4 57 10 -14 -20 6 -11 1 -7 15 -18 -20 27 14 24 36 3 7 5 0 3 -5 -7
-29 16 -4 -19 -17 -10 -15 -12 -11 26 -5 4 -2 -9 29 14 15 8 -11 4 12 4 -3 10 11 -4 -12 -9 -19 -10 6 -7 32 -14 19 -19 -2 15 -16 4 -8 10 43 8 -22 -22 14 -22 2 -10 17 -5 -2 12 18 19 31 8 27 0 0 8 -3 -23
-29 15 -3 -16 -20 -5 -26 -2 -10 14 -13 27 -6 -16 19 23 32 12 -4 0 2 1 -18 2 19 -2 -14 -9 -5 -3 8 -7 34 -16 19 -19 2 19 -14 4 -18 4 41 9 -23 -7 23 -5 -1 -3 14 1 -26 15 7 13 28 22 16 -4 -7 18 2 -7
-43 11 4 -6 -2 0 -37 12 -7 26 -19 5 5 -13 10 12 20 6 8 0 3 10 -3 17 -3 -1 -10 -7 -2 11 14 -13 29 0 25 -19 -1 10 -25 -1 -11 17 27 -2 -23 -20 -2 -14 13 4 14 -3 -4 10 3 4 13 16 19 -14 10 16 6 3
-16 15 0 -8 -16 -4 -16 9 -1 11 -11 24 -1 -32 0 16 36 -1 17 -4 1 -6 1 18 23 23 -16 -2 0 -8 10 -33 33 2 4 -4 0 22 -10 -8 -13 19 38 17 -19 -13 12 -3 12 4 12 0 -8 7 -3 19 17 -8 12 -2 10 1 0 -11
-25 20 6 -19 -16 -7 -13 5 1 17 -7 14 -10 -21 12 13 36 4 15 -6 2 -7 11 17 11 22 -13 0 -11 -3 11 -40 34 0 13 -5 0 26 -5 -4 -16 16 45 1 -17 -11 10 0 14 3 14 -3 -12 9 -10 21 15 -14 19 -4 9 -5 -8 -6
-15 8 5 -4 -25 -3 -23 5 -1 10 -16 6 -18 4 5 -7 30 2 14 -14 -1 3 3 7 16 12 -22 5 -8 -8 11 -46 35 3 30 -1 3 15 -21 -5 -20 7 50 30 -27 -5 15 -6 15 1 11 13 -24 14 2 19 20 7 11 -15 6 4 -6 -4
-39 14 3 -4 -23 -5 -25 0 -12 24 -23 19 -7 -17 16 13 20 9 6 -25 4 2 11 27 7 14 -5 -5 -7 -5 15 -18 16 5 7 -3 11 18 -13 3 -22 11 34 15 -27 -15 18 2 -1 6 11 -10 -8 7 6 17 31 -3 20 -9 16 17 22 -6
-20 29 -11 0 -6 11 -10 -9 11 21 -9 18 1 0 8 14 26 12 -4 -15 -9 8 5 6 23 9 9 -6 7 5 -5 -44 24 -12 14 6 -9 32 -2 5 1 1 41 23 -29 -29 11 3 5 9 24 -8 -11 7 -2 6 12 -14 7 9 4 17 7 -10
-14 29 -15 -11 -14 18 -22 -17 -5 23 -16 11 2 -16 -7 5 25 -2 -3 -17 -5 4 0 17 29 28 4 -2 14 -4 0 -28 22 -14 14 -6 6 27 -10 13 -3 9 41 16 -39 -16 12 7 -3 -2 28 -6 -1 -3 2 9 16 -29 10 -2 6 16 5 -12
-22 30 -8 -5 -26 12 -25 -5 9 23 -20 7 0 -7 5 15 27 6 2 -22 -1 16 -4 13 15 24 -2 7 -3 -9 -8 -40 7 0 18 5 10 25 -2 6 0 -6 29 13 -31 -22 8 -1 2 8 16 -9 5 -3 -1 5 25 -13 10 -1 -5 9 -2 -9
-19 21 -2 -16 -25 9 -24 1 -3 18 -8 12 1 -19 17 23 14 6 -1 -20 3 22 14 14 28 2 -8 -10 -19 15 9 -27 12 -13 22 -7 -4 31 -24 4 -9 3 44 14 -19 -21 22 -7 -6 -3 9 5 -9 -1 -12 14 36 7 12 -6 11 18 3 -1
-20 35 3 -20 -17 3 -26 9 -5 10 -4 24 5 -23 18 7 16 5 6 -23 -2 -6 6 23 19 14 -2 2 0 18 8 -37 33 -10 10 -23 15 28 -12 16 -17 8 24 18 -30 -22 4 -15 -5 16 13 3 -13 5 -6 2 28 -3 23 5 14 16 3 3
-14 19 -10 12 -21 -12 -26 -3 4 23 -1 31 -7 -16 14 17 9 -1 10 -3 2 -2 3 9 20 7 -21 12 -15 -9 9 -13 14 -4 9 -26 1 6 -22 15 -8 17 38 20 -25 -12 23 9 16 13 11 -2 -9 2 2 -3 3 -17 24 21 20 19 16 -2
-19 -1 -3 -18 -18 -22 -21 -8 -13 16 -14 10 1 -10 60 2 21 14 -7 -9 -5 -2 6 6 23 7 -50 7 -5 3 5 -7 10 -16 11 -14 11 18 9 14 -72 10 34 -9 -19 0 23 -8 2 -2 5 0 -4 16 -4 5 20 4 9 -12 8 8 4 -10
-28 -4 -2 -6 -24 -14 -22 -13 -8 18 -2 11 -1 -12 35 11 17 12 -5 -4 -3 2 16 21 11 5 -37 4 -12 -2 17 -9 24 -14 16 -9 16 12 -3 5 -31 -2 33 6 -23 -4 22 2 -5 3 15 7 -4 11 8 10 21 0 22 18 9 -5 5 -10
-28 -4 -2 -6 -24 -14 -22 -13 -8 18 -2 11 -1 -12 35 11 17 12 -5 -4 -3 2 16 21 11 5 -37 4 -12 -2 17 -9 24 -14 16 -9 16 12 -3 5 -31 -2 33 6 -23 -4 22 2 -5 3 15 7 -4 11 8 10 21 0 22 18 9 -5 5 -10
-28 -4 -2 -6 -24 -14 -22 -13 -8 18 -2 11 -1 -12 35 11 17 12 -5 -4 -3 2 16 21 11 5 -37 4 -12 -2 17 -9 24 -14 16 -9 16 12 -3 5 -31 -2 33 6 -23 -4 22 2 -5 3 15 7 -4 11 8 10 21 0 22 18 9 -5 5 -10
-28 -4 -2 -6 -24 -14 -22 -13 -8 18 -2 11 -1 -12 35 11 17 12 -5 -4 -3 2 16 21 11 5 -37 4 -12 -2 17 -9 24 -14 16 -9 16 12 -3 5 -31 -2 33 6 -23 -4 22 2 -5 3 15 7 -4 11 8 10 21 0 22 18 9 -5 5 -10
-28 -4 -2 -6 -24 -14 -22 -13 -8 18 -2 11 -1 -12 35 11 17 12 -5 -4 -3 2 16 21 11 5 -37 4 -12 -2 17 -9 24 -14 16 -9 16 12 -3 5 -31 -2 33 6 -23 -4 22 2 -5 3 15 7 -4 11 8 10 21 0 22 18 9 -5 5 -10
-28 -4 -2 -6 -24 -14 -22 -13 -8 18 -2 11 -1 -12 35 11 17 12 -5 -4 -3 2 16 21 11 5 -37 4 -12 -2 17 -9 24 -14 16 -9 16 12 -3 5 -31 -2 33 6 -23 -4 22 2 -5 3 15 7 -4 11 8 10 21 0 22 18 9 -5 5 -10
-28 -4 -2 -6 -24 -14 -22 -13 -8 18 -2 11 -1 -12 35 11 17 12 -5 -4 -3 2 16 21 11 5 -37 4 -12 -2 17 -9 24 -14 16 -9 16 12 -3 5 -31 -2 33 6 -23 -4 22 2 -5 3 15 7 -4 11 8 10 21 0 22 18 9 -5 5 -10
-28 -4 -2 -6 -24 -14 -22 -13 -8 18 -2 11 -1 -12 35 11 17 12 -5 -4 -3 2 16 21 11 5 -37 4 -12 -2 17 -9 24 -14 16 -9 16 12 -3 5 -31 -2 33 6 -23 -4 22 2 -5 3 15 7 -4 11 8 10 21 0 22 18 9 -5 5 -10
-28 -4 -2 -6 -24 -14 -22 -13 -8 18 -2 11 -1 -12 35 11 17 12 -5 -4 -3 2 16 21 11 5 -37 4 -12 -2 17 -9 24 -14 16 -9 16 12 -3 5 -31 -2 33 6 -23 -4 22 2 -5 3 15 7 -4 11 8 10 21 0 22 18 9 -5 5 -10
-28 -4 -2 -6 -24 -14 -22 -13 -8 18 -2 11 -1 -12 35 11 17 12 -5 -4 -3 2 16 21 11 5 -37 4 -12 -2 17 -9 24 -14 16 -9 16 12 -3 5 -31 -2 33 6 -23 -4 22 2 -5 3 15 7 -4 11 8 10 21 0 22 18 9 -5 5 -10
-28 -4 -2 -6 -24 -14 -22 -13 -8 18 -2 11 -1 -12 35 11 17 12 -5 -4 -3 2 16 21 11 5 -37 4 -12 -2 17 -9 24 -14 16 -9 16 12 -3 5 -31 -2 33 6 -23 -4 22 2 -5 3 15 7 -4 11 8 10 21 0 22 18 9 -5 5 -10
-28 -4 -2 -6 -24 -14 -22 -13 -8 18 -2 11 -1 -12 35 11 17 12 -5 -4 -3 2 16 21 11 5 -37 4 -12 -2 17 -9 24 -14 16 -9 16 12 -3 5 -31 -2 33 6 -23 -4 22 2 -5 3 15 7 -4 11 8 10 21 0 22 18 9 -5 5 -10
-28 -4 -2 -6 -24 -14 -22 -13 -8 18 -2 11 -1 -12 35 11 17 12 -5 -4 -3 2 16 21 11 5 -37 4 -12 -2 17 -9 24 -14 16 -9 16 12 -3 5 -31 -2 33 6 -23 -4 22 2 -5 3 15 7 -4 11 8 10 21 0 22 18 9 -5 5 -10
-28 -4 -2 -6 -24 -14 -22 -13 -8 18 -2 11 -1 -12 35 11 17 12 -5 -4 -3 2 16 21 11 5 -37 4 -12 -2 17 -9 24 -14 16 -9 16 12 -3 5 -31 -2 33 6 -23 -4 22 2 -5 3 15 7 -4 11 8 10 21 0 22 18 9 -5 5 -10
-28 -4 -2 -6 -24 -14 -22 -13 -8 18 -2 11 -1 -12 35 11 17 12 -5 -4 -3 2 16 21 11 5 -37 4 -12 -2 17 -9 24 -14 16 -9 16 12 -3 5 -31 -2 33 6 -23 -4 22 2 -5 3 15 7 -4 11 8 10 21 0 22 18 9 -5 5 -10
-28 -4 -2 -6 -24 -14 -22 -13 -8 18 -2 11 -1 -12 35 11 17 12 -5 -4 -3 2 16 21 11 5 -37 4 -12 -2 17 -9 24 -14 16 -9 16 12 -3 5 -31 -2 33 6 -23 -4 22 2 -5 3 15 7 -4 11 8 10 21 0 22 18 9 -5 5 -10
-28 -4 -2 -6 -24 -14 -22 -13 -8 18 -2 11 -1 -12 35 11 17 12 -5 -4 -3 2 16 21 11 5 -37 4 -12 -2 17 -9 24 -14 16 -9 16 12 -3 5 -31 -2 33 6 -23 -4 22 2 -5 3 15 7 -4 11 8 10 21 0 22 18 9 -5 5 -10
-28 -4 -2 -6 -24 -14 -22 -13 -8 18 -2 11 -1 -12 35 11 17 12 -5 -4 -3 2 16 21 11 5 -37 4 -12 -2 17 -9 24 -14 16 -9 16 12 -3 5 -31 -2 33 6 -23 -4 22 2 -5 3 15 7 -4 11 8 10 21 0 22 18 9 -5 5 -10
-28 -4 -2 -6 -24 -14 -22 -13 -8 18 -2 11 -1 -12 35 11 17 12 -5 -4 -3 2 16 21 11 5 -37 4 -12 -2 17 -9 24 -14 16 -9 16 12 -3 5 -31 -2 33 6 -23 -4 22 2 -5 3 15 7 -4 11 8 10 21 0 22 18 9 -5 5 -10
-28 -4 -2 -6 -24 -14 -22 -13 -8 18 -2 11 -1 -12 35 11 17 12 -5 -4 -3 2 16 21 11 5 -37 4 -12 -2 17 -9 24 -14 16 -9 16 12 -3 5 -31 -2 33 6 -23 -4 22 2 -5 3 15 7 -4 11 8 10 21 0 22 18 9 -5 5 -10
-28 -4 -2 -6 -24 -14 -22 -13 -8 18 -2 11 -1 -12 35 11 17 12 -5 -4 -3 2 16 21 11 5 -37 4 -12 -2 17 -9 24 -14 16 -9 16 12 -3 5 -31 -2 33 6 -23 -4 22 2 -5 3 15 7 -4 11 8 10 21 0 22 18 9 -5 5 -10
-28 -4 -2 -6 -24 -14 -22 -13 -8 18 -2 11 -1 -12 35 11 17 12 -5 -4 -3 2 16 21 11 5 -37 4 -12 -2 17 -9 24 -14 16 -9 16 12 -3 5 -31 -2 33 6 -23 -4 22 2 -5 3 15 7 -4 11 8 10 21 0 22 18 9 -5 5 -10
-28 -4 -2 -6 -24 -14 -22 -13 -8 18 -2 11 -1 -12 35 11 17 12 -5 -4 -3 2 16 21 11 5 -37 4 -12 -2 17 -9 24 -14 16 -9 16 12 -3 5 -31 -2 33 6 -23 -4 22 2 -5 3 15 7 -4 11 8 10 21 0 22 18 9 -5 5 -10
-28 -4 -2 -6 -24 -14 -22 -13 -8 18 -2 11 -1 -12 35 11 17 12 -5 -4 -3 2 16 21 11 5 -37 4 -12 -2 17 -9 24 -14 16 -9 16 12 -3 5 -31 -2 33 6 -23 -4 22 2 -5 3 15 7 -4 11 8 10 21 0 22 18 9 -5 5 -10
-28 -4 -2 -6 -24 -14 -22 -13 -8 18 -2 11 -1 -12 35 11 17 12 -5 -4 -3 2 16 21 11 5 -37 4 -12 -2 17 -9 24 -14 16 -9 16 12 -3 5 -31 -2 33 6 -23 -4 22 2 -5 3 15 7 -4 11 8 10 21 0 22 18 9 -5 5 -10
-28 -4 -2 -6 -24 -14 -22 -13 -8 18 -2 11 -1 -12 35 11 17 12 -5 -4 -3 2 16 21 11 5 -37 4 -12 -2 17 -9 24 -14 16 -9 16 12 -3 5 -31 -2 33 6 -23 -4 22 2 -5 3 15 7 -4 11 8 10 21 0 22 18 9 -5 5 -10
-28 -4 -2 -6 -24 -14 -22 -13 -8 18 -2 11 -1 -12 35 11 17 12 -5 -4 -3 2 16 21 11 5 -37 4 -12 -2 17 -9 24 -14 16 -9 16 12 -3 5 -31 -2 33 6 -23 -4 22 2 -5 3 15 7 -4 11 8 10 21 0 22 18 9 -5 5 -10
-28 -4 -2 -6 -24 -14 -22 -13 -8 18 -2 11 -1 -12 35 11 17 12 -5 -4 -3 2 16 21 11 5 -37 4 -12 -2 17 -9 24 -14 16 -9 16 12 -3 5 -31 -2 33 6 -23 -4 22 2 -5 3 15 7 -4 11 8 10 21 0 22 18 9 -5 5 -10
-28 -4 -2 -6 -24 -14 -22 -13 -8 18 -2 11 -1 -12 35 11 17 12 -5 -4 -3 2 16 21 11 5 -37 4 -12 -2 17 -9 24 -14 16 -9 16 12 -3 5 -31 -2 33 6 -23 -4 22 2 -5 3 15 7 -4 11 8 10 21 0 22 18 9 -5 5 -10
-28 -4 -2 -6 -24 -14 -22 -13 -8 18 -2 11 -1 -12 35 11 17 12 -5 -4 -3 2 16 21 11 5 -37 4 -12 -2 17 -9 24 -14 16 -9 16 12 -3 5 -31 -2 33 6 -23 -4 22 2 -5 3 15 7 -4 11 8 10 21 0 22 18 9 -5 5 -10
-28 -4 -2 -6 -24 -14 -22 -13 -8 18 -2 11 -1 -12 35 11 17 12 -5 -4 -3 2 16 21 11 5 -37 4 -12 -2 17 -9 24 -14 16 -9 16 12 -3 5 -31 -2 33 6 -23 -4 22 2 -5 3 15 7 -4 11 8 10 21 0 22 18 9 -5 5 -10
-28 -4 -2 -6 -24 -14 -22 -13 -8 18 -2 11 -1 -12 35 11 17 12 -5 -4 -3 2 16 21 11 5 -37 4 -12 -2 17 -9 24 -14 16 -9 16 12 -3 5 -31 -2 33 6 -23 -4 22 2 -5 3 15 7 -4 11 8 10 21 0 22 18 9 -5 5 -10
-28 -4 -2 -6 -24 -14 -22 -13 -8 18 -2 11 -1 -12 35 11 17 12 -5 -4 -3 2 16 21 11 5 -37 4 -12 -2 17 -9 24 -14 16 -9 16 12 -3 5 -31 -2 33 6 -23 -4 22 2 -5 3 15 7 -4 11 8 10 21 0 22 18 9 -5 5 -10
-28 -4 -2 -6 -24 -14 -22 -13 -8 18 -2 11 -1 -12 35 11 17 12 -5 -4 -3 2 16 21 11 5 -37 4 -12 -2 17 -9 24 -14 16 -9 16 12 -3 5 -31 -2 33 6 -23 -4 22 2 -5 3 15 7 -4 11 8 10 21 0 22 18 9 -5 5 -10
-28 -4 -2 -6 -24 -14 -22 -13 -8 18 -2 11 -1 -12 35 11 17 12 -5 -4 -3 2 16 21 11 5 -37 4 -12 -2 17 -9 24 -14 16 -9 16 12 -3 5 -31 -2 33 6 -23 -4 22 2 -5 3 15 7 -4 11 8 10 21 0 22 18 9 -5 5 -10
-28 -4 -2 -6 -24 -14 -22 -13 -8 18 -2 11 -1 -12 35 11 17 12 -5 -4 -3 2 16 21 11 5 -37 4 -12 -2 17 -9 24 -14 16 -9 16 12 -3 5 -31 -2 33 6 -23 -4 22 2 -5 3 15 7 -4 11 8 10 21 0 22 18 9 -5 5 -10
-28 -4 -2 -6 -24 -14 -22 -13 -8 18 -2 11 -1 -12 35 11 17 12 -5 -4 -3 2 16 21 11 5 -37 4 -12 -2 17 -9 24 -14 16 -9 16 12 -3 5 -31 -2 33 6 -23 -4 22 2 -5 3 15 7 -4 11 8 10 21 0 22 18 9 -5 5 -10
-28 -4 -2 -6 -24 -14 -22 -13 -8 18 -2 11 -1 -12 35 11 17 12 -5 -4 -3 2 16 21 11 5 -37 4 -12 -2 17 -9 24 -14 16 -9 16 12 -3 5 -31 -2 33 6 -23 -4 22 2 -5 3 15 7 -4 11 8 10 21 0 22 18 9 -5 5 -10
-28 -4 -2 -6 -24 -14 -22 -13 -8 18 -2 11 -1 -12 35 11 17 12 -5 -4 -3 2 16 21 11 5 -37 4 -12 -2 17 -9 24 -14 16 -9 16 12 -3 5 -31 -2 33 6 -23 -4 22 2 -5 3 15 7 -4 11 8 10 21 0 22 18 9 -5 5 -10
-28 -4 -2 -6 -24 -14 -22 -13 -8 18 -2 11 -1 -12 35 11 17 12 -5 -4 -3 2 16 21 11 5 -37 4 -12 -2 17 -9 24 -14 16 -9 16 12 -3 5 -31 -2 33 6 -23 -4 22 2 -5 3 15 7 -4 11 8 10 21 0 22 18 9 -5 5 -10
-28 -4 -2 -6 -24 -14 -22 -13 -8 18 -2 11 -1 -12 35 11 17 12 -5 -4 -3 2 16 21 11 5 -37 4 -12 -2 17 -9 24 -14 16 -9 16 12 -3 5 -31 -2 33 6 -23 -4 22 2 -5 3 15 7 -4 11 8 10 21 0 22 18 9 -5 5 -10
-28 -4 -2 -6 -24 -14 -22 -13 -8 18 -2 11 -1 -12 35 11 17 12 -5 -4 -3 2 16 21 11 5 -37 4 -12 -2 17 -9 24 -14 16 -9 16 12 -3 5 -31 -2 33 6 -23 -4 22 2 -5 3 15 7 -4 11 8 10 21 0 22 18 9 -5 5 -10
-28 -4 -2 -6 -24 -14 -22 -13 -8 18 -2 11 -1 -12 35 11 17 12 -5 -4 -3 2 16 21 11 5 -37 4 -12 -2 17 -9 24 -14 16 -9 16 12 -3 5 -31 -2 33 6 -23 -4 22 2 -5 3 15 7 -4 11 8 10 21 0 22 18 9 -5 5 -10
-28 -4 -2 -6 -24 -14 -22 -13 -8 18 -2 11 -1 -12 35 11 17 12 -5 -4 -3 2 16 21 11 5 -37 4 -12 -2 17 -9 24 -14 16 -9 16 12 -3 5 -31 -2 33 6 -23 -4 22 2 -5 3 15 7 -4 11 8 10 21 0 22 18 9 -5 5 -10
-28 -4 -2 -6 -24 -14 -22 -13 -8 18 -2 11 -1 -12 35 11 17 12 -5 -4 -3 2 16 21 11 5 -37 4 -12 -2 17 -9 24 -14 16 -9 16 12 -3 5 -31 -2 33 6 -23 -4 22 2 -5 3 15 7 -4 11 8 10 21 0 22 18 9 -5 5 -10
-28 -4 -2 -6 -24 -14 -22 -13 -8 18 -2 11 -1 -12 35 11 17 12 -5 -4 -3 2 16 21 11 5 -37 4 -12 -2 17 -9 24 -14 16 -9 16 12 -3 5 -31 -2 33 6 -23 -4 22 2 -5 3 15 7 -4 11 8 10 21 0 22 18 9 -5 5 -10
-28 -4 -2 -6 -24 -14 -22 -13 -8 18 -2 11 -1 -12 35 11 17 12 -5 -4 -3 2 16 21 11 5 -37 4 -12 -2 17 -9 24 -14 16 -9 16 12 -3 5 -31 -2 33 6 -23 -4 22 2 -5 3 15 7 -4 11 8 10 21 0 22 18 9 -5 5 -10
-28 -4 -2 -6 -24 -14 -22 -13 -8 18 -2 11 -1 -12 35 11 17 12 -5 -4 -3 2 16 21 11 5 -37 4 -12 -2 17 -9 24 -14 16 -9 16 12 -3 5 -31 -2 33 6 -23 -4 22 2 -5 3 15 7 -4 11 8 10 21 0 22 18 9 -5 5 -10
-28 -4 -2 -6 -24 -14 -22 -13 -8 18 -2 11 -1 -12 35 11 17 12 -5 -4 -3 2 16 21 11 5 -37 4 -12 -2 17 -9 24 -14 16 -9 16 12 -3 5 -31 -2 33 6 -23 -4 22 2 -5 3 15 7 -4 11 8 10 21 0 22 18 9 -5 5 -10
-28 -4 -2 -6 -24 -14 -22 -13 -8 18 -2 11 -1 -12 35 11 17 12 -5 -4 -3 2 16 21 11 5 -37 4 -12 -2 17 -9 24 -14 16 -9 16 12 -3 5 -31 -2 33 6 -23 -4 22 2 -5 3 15 7 -4 11 8 10 21 0 22 18 9 -5 5 -10
-28 -4 -2 -6 -24 -14 -22 -13 -8 18 -2 11 -1 -12 35 11 17 12 -5 -4 -3 2 16 21 11 5 -37 4 -12 -2 17 -9 24 -14 16 -9 16 12 -3 5 -31 -2 33 6 -23 -4 22 2 -5 3 15 7 -4 11 8 10 21 0 22 18 9 -5 5 -10
-28 -4 -2 -6 -24 -14 -22 -13 -8 18 -2 11 -1 -12 35 11 17 12 -5 -4 -3 2 16 21 11 5 -37 4 -12 -2 17 -9 24 -14 16 -9 16 12 -3 5 -31 -2 33 6 -23 -4 22 2 -5 3 15 7 -4 11 8 10 21 0 22 18 9 -5 5 -10
-28 -4 -2 -6 -24 -14 -22 -13 -8 18 -2 11 -1 -12 35 11 17 12 -5 -4 -3 2 16 21 11 5 -37 4 -12 -2 17 -9 24 -14 16 -9 16 12 -3 5 -31 -2 33 6 -23 -4 22 2 -5 3 15 7 -4 11 8 10 21 0 22 18 9 -5 5 -10
-28 -4 -2 -6 -24 -14 -22 -13 -8 18 -2 11 -1 -12 35 11 17 12 -5 -4 -3 2 16 21 11 5 -37 4 -12 -2 17 -9 24 -14 16 -9 16 12 -3 5 -31 -2 33 6 -23 -4 22 2 -5 3 15 7 -4 11 8 10 21 0 22 18 9 -5 5 -10
-28 -4 -2 -6 -24 -14 -22 -13 -8 18 -2 11 -1 -12 35 11 17 12 -5 -4 -3 2 16 21 11 5 -37 4 -12 -2 17 -9 24 -14 16 -9 16 12 -3 5 -31 -2 33 6 -23 -4 22 2 -5 3 15 7 -4 11 8 10 21 0 22 18 9 -5 5 -10
-28 -4 -2 -6 -24 -14 -22 -13 -8 18 -2 11 -1 -12 35 11 17 12 -5 -4 -3 2 16 21 11 5 -37 4 -12 -2 17 -9 24 -14 16 -9 16 12 -3 5 -31 -2 33 6 -23 -4 22 2 -5 3 15 7 -4 11 8 10 21 0 22 18 9 -5 5 -10
-28 -4 -2 -6 -24 -14 -22 -13 -8 18 -2 11 -1 -12 35 11 17 12 -5 -4 -3 2 16 21 11 5 -37 4 -12 -2 17 -9 24 -14 16 -9 16 12 -3 5 -31 -2 33 6 -23 -4 22 2 -5 3 15 7 -4 11 8 10 21 0 22 18 9 -5 5 -10
-28 -4 -2 -6 -24 -14 -22 -13 -8 18 -2 11 -1 -12 35 11 17 12 -5 -4 -3 2 16 21 11 5 -37 4 -12 -2 17 -9 24 -14 16 -9 16 12 -3 5 -31 -2 33 6 -23 -4 22 2 -5 3 15 7 -4 11 8 10 21 0 22 18 9 -5 5 -10
-28 -4 -2 -6 -24 -14 -22 -13 -8 18 -2 11 -1 -12 35 11 17 12 -5 -4 -3 2 16 21 11 5 -37 4 -12 -2 17 -9 24 -14 16 -9 16 12 -3 5 -31 -2 33 6 -23 -4 22 2 -5 3 15 7 -4 11 8 10 21 0 22 18 9 -5 5 -10
-28 -4 -2 -6 -24 -14 -22 -13 -8 18 -2 11 -1 -12 35 11 17 12 -5 -4 -3 2 16 21 11 5 -37 4 -12 -2 17 -9 24 -14 16 -9 16 12 -3 5 -31 -2 33 6 -23 -4 22 2 -5 3 15 7 -4 11 8 10 21 0 22 18 9 -5 5 -10
-28 -4 -2 -6 -24 -14 -22 -13 -8 18 -2 11 -1 -12 35 11 17 12 -5 -4 -3 2 16 21 11 5 -37 4 -12 -2 17 -9 24 -14 16 -9 16 12 -3 5 -31 -2 33 6 -23 -4 22 2 -5 3 15 7 -4 11 8 10 21 0 22 18 9 -5 5 -10
-28 -4 -2 -6 -24 -14 -22 -13 -8 18 -2 11 -1 -12 35 11 17 12 -5 -4 -3 2 16 21 11 5 -37 4 -12 -2 17 -9 24 -14 16 -9 16 12 -3 5 -31 -2 33 6 -23 -4 22 2 -5 3 15 7 -4 11 8 10 21 0 22 18 9 -5 5 -10
-28 -4 -2 -6 -24 -14 -22 -13 -8 18 -2 11 -1 -12 35 11 17 12 -5 -4 -3 2 16 21 11 5 -37 4 -12 -2 17 -9 24 -14 16 -9 16 12 -3 5 -31 -2 33 6 -23 -4 22 2 -5 3 15 7 -4 11 8 10 21 0 22 18 9 -5 5 -10
-28 -4 -2 -6 -24 -14 -22 -13 -8 18 -2 11 -1 -12 35 11 17 12 -5 -4 -3 2 16 21 11 5 -37 4 -12 -2 17 -9 24 -14 16 -9 16 12 -3 5 -31 -2 33 6 -23 -4 22 2 -5 3 15 7 -4 11 8 10 21 0 22 18 9 -5 5 -10
-28 -4 -2 -6 -24 -14 -22 -13 -8 18 -2 11 -1 -12 35 11 17 12 -5 -4 -3 2 16 21 11 5 -37 4 -12 -2 17 -9 24 -14 16 -9 16 12 -3 5 -31 -2 33 6 -23 -4 22 2 -5 3 15 7 -4 11 8 10 21 0 22 18 9 -5 5 -10
-28 -4 -2 -6 -24 -14 -22 -13 -8 18 -2 11 -1 -12 35 11 17 12 -5 -4 -3 2 16 21 11 5 -37 4 -12 -2 17 -9 24 -14 16 -9 16 12 -3 5 -31 -2 33 6 -23 -4 22 2 -5 3 15 7 -4 11 8 10 21 0 22 18 9 -5 5 -10
-28 -4 -2 -6 -24 -14 -22 -13 -8 18 -2 11 -1 -12 35 11 17 12 -5 -4 -3 2 16 21 11 5 -37 4 -12 -2 17 -9 24 -14 16 -9 16 12 -3 5 -31 -2 33 6 -23 -4 22 2 -5 3 15 7 -4 11 8 10 21 0 22 18 9 -5 5 -10
-28 -4 -2 -6 -24 -14 -22 -13 -8 18 -2 11 -1 -12 35 11 17 12 -5 -4 -3 2 16 21 11 5 -37 4 -12 -2 17 -9 24 -14 16 -9 16 12 -3 5 -31 -2 33 6 -23 -4 22 2 -5 3 15 7 -4 11 8 10 21 0 22 18 9 -5 5 -10
-28 -4 -2 -6 -24 -14 -22 -13 -8 18 -2 11 -1 -12 35 11 17 12 -5 -4 -3 2 16 21 11 5 -37 4 -12 -2 17 -9 24 -14 16 -9 16 12 -3 5 -31 -2 33 6 -23 -4 22 2 -5 3 15 7 -4 11 8 10 21 0 22 18 9 -5 5 -10
-28 -4 -2 -6 -24 -14 -22 -13 -8 18 -2 11 -1 -12 35 11 17 12 -5 -4 -3 2 16 21 11 5 -37 4 -12 -2 17 -9 24 -14 16 -9 16 12 -3 5 -31 -2 33 6 -23 -4 22 2 -5 3 15 7 -4 11 8 10 21 0 22 18 9 -5 5 -10
-28 -4 -2 -6 -24 -14 -22 -13 -8 18 -2 11 -1 -12 35 11 17 12 -5 -4 -3 2 16 21 11 5 -37 4 -12 -2 17 -9 24 -14 16 -9 16 12 -3 5 -31 -2 33 6 -23 -4 22 2 -5 3 15 7 -4 11 8 10 21 0 22 18 9 -5 5 -10
-28 -4 -2 -6 -24 -14 -22 -13 -8 18 -2 11 -1 -12 35 11 17 12 -5 -4 -3 2 16 21 11 5 -37 4 -12 -2 17 -9 24 -14 16 -9 16 12 -3 5 -31 -2 33 6 -23 -4 22 2 -5 3 15 7 -4 11 8 10 21 0 22 18 9 -5 5 -10
-28 -4 -2 -6 -24 -14 -22 -13 -8 18 -2 11 -1 -12 35 11 17 12 -5 -4 -3 2 16 21 11 5 -37 4 -12 -2 17 -9 24 -14 16 -9 16 12 -3 5 -31 -2 33 6 -23 -4 22 2 -5 3 15 7 -4 11 8 10 21 0 22 18 9 -5 5 -10
-28 -4 -2 -6 -24 -14 -22 -13 -8 18 -2 11 -1 -12 35 11 17 12 -5 -4 -3 2 16 21 11 5 -37 4 -12 -2 17 -9 24 -14 16 -9 16 12 -3 5 -31 -2 33 6 -23 -4 22 2 -5 3 15 7 -4 11 8 10 21 0 22 18 9 -5 5 -10
-28 -4 -2 -6 -24 -14 -22 -13 -8 18 -2 11 -1 -12 35 11 17 12 -5 -4 -3 2 16 21 11 5 -37 4 -12 -2 17 -9 24 -14 16 -9 16 12 -3 5 -31 -2 33 6 -23 -4 22 2 -5 3 15 7 -4 11 8 10 21 0 22 18 9 -5 5 -10
-28 -4 -2 -6 -24 -14 -22 -13 -8 18 -2 11 -1 -12 35 11 17 12 -5 -4 -3 2 16 21 11 5 -37 4 -12 -2 17 -9 24 -14 16 -9 16 12 -3 5 -31 -2 33 6 -23 -4 22 2 -5 3 15 7 -4 11 8 10 21 0 22 18 9 -5 5 -10
-28 -4 -2 -6 -24 -14 -22 -13 -8 18 -2 11 -1 -12 35 11 17 12 -5 -4 -3 2 16 21 11 5 -37 4 -12 -2 17 -9 24 -14 16 -9 16 12 -3 5 -31 -2 33 6 -23 -4 22 2 -5 3 15 7 -4 11 8 10 21 0 22 18 9 -5 5 -10
-28 -4 -2 -6 -24 -14 -22 -13 -8 18 -2 11 -1 -12 35 11 17 12 -5 -4 -3 2 16 21 11 5 -37 4 -12 -2 17 -9 24 -14 16 -9 16 12 -3 5 -31 -2 33 6 -23 -4 22 2 -5 3 15 7 -4 11 8 10 21 0 22 18 9 -5 5 -10
-28 -4 -2 -6 -24 -14 -22 -13 -8 18 -2 11 -1 -12 35 11 17 12 -5 -4 -3 2 16 21 11 5 -37 4 -12 -2 17 -9 24 -14 16 -9 16 12 -3 5 -31 -2 33 6 -23 -4 22 2 -5 3 15 7 -4 11 8 10 21 0 22 18 9 -5 5 -10
-28 -4 -2 -6 -24 -14 -22 -13 -8 18 -2 11 -1 -12 35 11 17 12 -5 -4 -3 2 16 21 11 5 -37 4 -12 -2 17 -9 24 -14 16 -9 16 12 -3 5 -31 -2 33 6 -23 -4 22 2 -5 3 15 7 -4 11 8 10 21 0 22 18 9 -5 5 -10
-28 -4 -2 -6 -24 -14 -22 -13 -8 18 -2 11 -1 -12 35 11 17 12 -5 -4 -3 2 16 21 11 5 -37 4 -12 -2 17 -9 24 -14 16 -9 16 12 -3 5 -31 -2 33 6 -23 -4 22 2 -5 3 15 7 -4 11 8 10 21 0 22 18 9 -5 5 -10
-28 -4 -2 -6 -24 -14 -22 -13 -8 18 -2 11 -1 -12 35 11 17 12 -5 -4 -3 2 16 21 11 5 -37 4 -12 -2 17 -9 24 -14 16 -9 16 12 -3 5 -31 -2 33 6 -23 -4 22 2 -5 3 15 7 -4 11 8 10 21 0 22 18 9 -5 5 -10
-28 -4 -2 -6 -24 -14 -22 -13 -8 18 -2 11 -1 -12 35 11 17 12 -5 -4 -3 2 16 21 11 5 -37 4 -12 -2 17 -9 24 -14 16 -9 16 12 -3 5 -31 -2 33 6 -23 -4 22 2 -5 3 15 7 -4 11 8 10 21 0 22 18 9 -5 5 -10
-28 -4 -2 -6 -24 -14 -22 -13 -8 18 -2 11 -1 -12 35 11 17 12 -5 -4 -3 2 16 21 11 5 -37 4 -12 -2 17 -9 24 -14 16 -9 16 12 -3 5 -31 -2 33 6 -23 -4 22 2 -5 3 15 7 -4 11 8 10 21 0 22 18 9 -5 5 -10
-28 -4 -2 -6 -24 -14 -22 -13 -8 18 -2 11 -1 -12 35 11 17 12 -5 -4 -3 2 16 21 11 5 -37 4 -12 -2 17 -9 24 -14 16 -9 16 12 -3 5 -31 -2 33 6 -23 -4 22 2 -5 3 15 7 -4 11 8 10 21 0 22 18 9 -5 5 -10
-28 -4 -2 -6 -24 -14 -22 -13 -8 18 -2 11 -1 -12 35 11 17 12 -5 -4 -3 2 16 21 11 5 -37 4 -12 -2 17 -9 24 -14 16 -9 16 12 -3 5 -31 -2 33 6 -23 -4 22 2 -5 3 15 7 -4 11 8 10 21 0 22 18 9 -5 5 -10
-28 -4 -2 -6 -24 -14 -22 -13 -8 18 -2 11 -1 -12 35 11 17 12 -5 -4 -3 2 16 21 11 5 -37 4 -12 -2 17 -9 24 -14 16 -9 16 12 -3 5 -31 -2 33 6 -23 -4 22 2 -5 3 15 7 -4 11 8 10 21 0 22 18 9 -5 5 -10
