-6 -19 -2 -7 -8 -3 5 -21 -3 22 -13 -2 0 8 -1 -36 -6 -1 0 0 -11 4 3 15 18 3 9 -13 7 15 -18 -15 16 15 -3 3 6 -1 -16 -5 -10 -5 0 11 0 21 3 -27 -63 4 5 11 6 -15 7 10 -1 -12 8 6 1 -21 27 18
24 -30 11 13 -12 -8 1 -37 -7 21 -39 13 28 -4 -6 -33 18 -5 -6 17 -23 14 6 -5 9 -32 -11 -24 -4 3 -5 3 39 16 -7 -8 2 -2 -44 -20 -21 -5 1 19 25 17 24 -8 13 -8 8 4 10 -30 -1 15 16 -5 11 11 4 -20 39 -7
29 -36 10 14 -6 -15 3 -32 -1 21 -18 9 27 12 0 -32 14 9 -3 19 -9 16 5 1 7 -24 -22 -17 2 12 1 -6 20 8 -9 -2 -6 4 -61 -6 -16 -14 1 18 10 9 17 -4 11 -2 -2 3 -1 -22 10 19 10 -1 21 3 14 -27 34 -14
30 -33 5 2 -12 -6 9 -23 0 31 -27 6 31 -4 4 -34 14 -15 3 16 -8 18 4 5 11 -15 -29 -14 26 16 8 -16 24 -2 -8 0 14 -6 -62 -16 -21 -15 7 7 11 7 24 -7 27 -1 6 8 25 -18 7 13 18 -9 22 6 -7 -22 31 -13
23 -20 13 15 -13 -2 2 -36 5 21 -32 1 11 -3 3 -42 25 -14 9 17 -17 -8 2 3 0 4 -23 -16 24 3 0 -9 10 -7 4 -4 11 -1 -60 -13 -27 -3 13 6 5 5 14 -3 15 7 4 4 4 -22 18 21 17 -8 26 20 -2 -6 18 -12
39 -28 10 12 -4 8 1 -39 -3 29 -27 6 13 -8 2 -38 26 -1 5 24 -18 3 10 -3 8 12 -22 -11 24 2 6 -14 17 -20 5 -7 11 -1 -71 -15 -30 -6 18 18 0 14 17 -12 25 5 3 0 5 -28 17 12 6 -16 20 10 -7 -4 28 -7
46 -25 13 14 -16 -6 -8 -47 3 25 -24 -5 26 3 11 -33 28 -15 2 24 -13 1 -1 7 19 -3 -17 -9 9 6 -3 -14 13 -16 -6 -5 8 11 -59 -9 -33 -19 26 19 1 17 8 -25 24 -4 -6 5 13 -25 35 8 13 -38 12 18 2 11 27 5
42 -21 13 -1 -11 -19 2 -40 6 25 -24 -11 21 -8 3 -24 22 -18 -5 15 -6 16 1 -1 19 -18 -11 -7 -4 -3 5 -12 22 -12 -3 -8 10 6 -38 0 -24 -8 11 15 -7 17 7 -28 18 1 -2 1 23 -3 22 14 20 -43 16 2 2 -3 24 -5
48 -22 19 12 -4 -9 2 -32 17 19 -23 6 21 -1 1 -38 17 -7 0 13 -4 11 4 -3 15 -25 -11 -9 13 5 -7 -30 20 10 -17 4 8 0 -35 -4 -28 -9 5 16 16 15 2 -15 16 0 3 9 3 -12 30 8 19 -15 14 21 -3 -16 33 -20
45 -32 22 1 -7 -11 1 -29 11 19 -41 0 24 6 3 -40 15 -7 -2 29 -12 11 13 -1 14 -51 -16 -15 12 2 3 -23 13 2 -14 -2 -1 21 -25 -3 -23 -22 -3 4 19 15 38 -18 49 -4 5 4 9 -6 20 15 33 -34 13 18 13 -25 34 -36
51 -21 16 5 -6 -14 3 -20 7 19 -27 12 28 -4 -1 -44 15 -6 -2 18 -10 17 5 -2 14 -33 -10 -6 16 -1 -5 -19 16 7 -15 8 5 0 -30 -1 -24 -6 3 21 13 11 7 -16 26 6 6 13 8 -16 16 8 17 -17 19 17 -1 -28 39 -24
40 -11 8 14 -17 -5 10 -18 15 4 -18 -2 32 3 -8 -41 3 3 -1 16 -14 15 2 0 5 -14 -4 -14 18 6 -4 -17 16 1 -8 -3 -2 0 -29 9 -8 -34 -8 18 21 10 5 -20 17 3 5 8 13 -17 27 9 22 -11 13 11 -7 -26 31 -30
39 -20 12 -4 -15 -5 22 -17 15 13 -29 9 32 7 -4 -32 7 -17 4 11 -6 12 2 -4 3 -17 1 -7 44 6 -5 -10 12 4 -22 -16 10 12 -35 -15 -33 -30 -18 7 21 13 3 -21 40 6 17 17 30 -37 13 11 43 -14 21 2 9 -22 30 -24
27 -8 8 0 -18 -5 2 -28 18 15 -34 2 19 7 -14 -36 12 -9 2 10 -15 -2 2 -3 8 3 0 -3 26 -2 -12 -12 12 6 4 -15 1 3 -28 -15 -24 -20 -10 6 14 10 -9 -18 14 2 13 7 18 -24 6 33 37 -7 24 10 8 -8 26 -18
54 -23 37 -13 -7 -1 19 -23 32 2 -23 26 23 14 -18 -34 3 -2 -4 20 -6 11 -3 -4 12 10 4 5 34 10 -6 -4 5 -8 -2 -9 13 15 -36 -6 -23 -20 -18 10 11 23 -5 -23 47 -10 12 9 13 -5 17 21 43 -11 10 6 12 -13 15 -17
45 -16 29 -6 -2 0 15 -13 31 3 -26 31 23 1 -19 -32 7 -12 1 11 2 5 -11 -11 12 2 11 1 26 -3 -11 -3 21 7 -1 -3 17 2 -31 -5 -28 -16 -13 9 14 27 -16 -26 32 -6 7 8 14 -13 11 12 27 -13 2 10 6 -9 26 -16
45 -10 19 -9 -13 -1 18 -22 40 10 -25 26 31 6 -5 -42 0 -3 4 16 -5 -6 3 -9 -5 -13 6 -7 14 -7 -14 -15 14 3 -6 -3 4 -5 -28 -14 -5 -14 -4 9 8 9 -8 -35 36 11 14 13 7 -18 19 34 25 -23 12 22 0 0 23 -6
46 -18 20 -10 -8 -3 13 -21 43 13 -18 25 27 0 -4 -37 0 13 -7 17 -10 -5 4 -11 -15 -17 -2 -18 14 -3 -4 -3 7 13 -15 -9 16 -2 -26 -9 -9 -15 -4 22 4 11 -22 -47 53 8 13 7 28 -22 19 28 25 -26 12 -1 4 -8 22 -4
34 -21 15 -6 4 -2 20 -16 30 7 -31 25 35 -4 -5 -33 12 9 -10 19 -11 0 11 -22 -7 -21 11 -14 -8 -15 -15 6 13 4 -4 -1 11 -1 -26 -4 -4 -17 6 15 11 6 -16 -36 36 10 7 7 22 -25 16 19 23 -20 3 12 0 -10 28 -4
23 -12 20 -6 -15 -8 10 -23 32 6 -23 19 34 11 -8 -37 -1 3 4 16 4 -2 -14 -16 2 -28 15 -5 0 1 -18 6 17 16 -7 -16 14 4 -45 -3 -6 -24 2 16 6 6 -18 -34 26 12 18 14 28 -22 14 22 24 -22 10 1 11 -6 20 -14
21 -4 11 -15 -15 -21 14 -20 27 2 -26 19 26 3 -13 -25 3 2 -1 10 -6 4 -5 -18 7 -30 5 -12 5 1 -12 -2 25 26 -6 -16 2 -2 -40 -6 -15 -15 -4 15 2 18 -16 -39 18 12 14 8 31 -14 14 18 24 -14 4 5 7 -9 19 -13
0 -19 12 -11 -8 -6 18 -18 15 5 -22 22 35 14 -3 -31 3 4 -4 25 -12 2 -6 -18 6 -21 2 -9 0 3 3 -2 18 31 -4 -6 5 6 -58 -6 -8 -7 -4 -2 14 14 -7 -21 25 14 14 23 27 -14 7 10 31 11 13 6 8 -32 24 -11
2 -10 -1 -7 -10 -8 10 -28 6 6 -14 1 12 -2 -2 -39 8 3 -1 9 -10 -1 -2 0 10 -2 7 -11 8 -1 -11 -9 24 11 -6 6 11 4 -30 -3 -10 -17 9 11 10 8 10 -23 -46 -1 18 12 2 -12 16 11 10 3 11 6 -3 -18 30 8
15 -27 -10 1 -5 6 9 -25 5 11 -28 18 40 17 9 -31 9 14 -6 17 -16 -4 -2 -2 16 -8 -1 -16 23 -9 -6 -5 35 11 5 6 10 -4 -57 -7 -26 7 34 2 24 18 1 -31 18 -3 14 11 3 -5 9 5 24 8 15 19 -3 -42 29 3
16 -26 -18 6 4 -2 -2 -23 1 12 -14 16 43 3 5 -35 6 10 -8 23 -8 -10 -3 -1 16 -2 -6 -4 8 -10 -5 -4 40 1 5 4 -1 4 -51 -6 -38 11 36 10 30 21 1 -33 18 -7 15 6 8 5 0 11 13 1 1 23 6 -49 27 8
7 -22 -7 -10 -11 -1 0 -16 1 16 -18 10 50 -11 16 -33 3 -6 -3 -1 -13 -1 -5 -8 16 -26 -1 -16 4 7 9 -10 24 -21 -4 2 18 -1 -52 1 -31 12 44 3 19 21 3 -37 25 -10 17 15 4 -1 7 -6 27 5 25 15 -2 -29 10 6
13 -14 -3 8 -11 4 0 -32 5 12 -22 -5 28 -1 13 -39 12 -7 4 8 -14 -22 -4 2 -4 -22 1 -12 -7 -9 4 -3 11 -19 12 6 8 -1 -41 -11 -21 7 45 7 3 4 5 -43 14 3 7 11 -9 -4 15 8 21 -13 26 19 0 -9 4 10
18 -25 2 5 0 16 -1 -33 -1 22 -17 -8 24 -2 11 -33 17 2 0 9 -14 -13 9 -10 4 -32 9 -7 -17 -13 9 -9 15 -28 15 8 2 -1 -46 -7 -20 9 47 16 0 16 3 -49 18 6 10 6 -4 -15 21 -1 16 -23 22 7 1 -15 10 0
2 -18 6 8 -13 2 -9 -41 -10 13 -17 -19 44 -2 3 -28 12 -10 -3 10 -13 -10 -5 -3 18 -44 16 1 -18 -6 8 -1 17 -4 2 3 1 4 -46 -8 -15 0 36 16 6 18 1 -48 13 -3 3 14 4 -11 21 -5 23 -24 11 13 7 -26 8 -18
3 -18 -1 -8 -4 -13 -3 -38 -23 8 -14 -20 35 -3 -5 -27 7 -9 -1 4 0 0 0 -5 19 -36 13 -5 -6 -16 12 0 22 -8 2 -2 1 4 -45 5 -19 15 17 14 -7 23 7 -39 12 4 4 3 6 5 9 1 35 -18 23 -1 11 -30 3 -18
16 -16 -3 7 -1 0 -1 -30 -13 12 -8 -5 34 0 -5 -32 4 -2 -7 3 -2 -1 7 1 17 -33 4 -2 15 2 13 -17 20 8 -7 8 3 -6 -46 -1 -23 19 17 14 20 24 7 -41 20 -1 7 12 -21 -2 28 -6 30 0 20 16 6 -40 7 -20
17 -6 -10 -1 1 -7 0 -20 -18 6 -13 -3 35 10 -2 -36 0 1 -2 7 -6 -8 -1 8 15 -28 -7 -4 15 -6 6 -16 6 -3 -11 16 -3 0 -44 -3 -19 11 16 17 19 19 20 -37 18 7 9 9 -14 -4 23 -4 21 6 29 14 6 -41 14 -19
20 -7 -15 6 -13 -2 2 -23 -19 -4 -8 -5 35 7 -3 -35 -5 6 4 4 -12 -2 7 8 9 -12 -6 -11 18 -1 13 -12 14 -14 0 8 -11 -3 -44 16 -13 -4 20 22 18 16 17 -39 15 9 9 -2 -8 -5 29 -3 31 4 17 14 -2 -41 13 -20
22 -3 -16 -13 -12 8 8 -20 -16 1 -16 -11 26 5 0 -30 12 -24 3 7 -8 -4 -8 7 14 2 8 -9 22 2 7 -15 16 -16 -7 -1 5 -2 -42 2 -26 2 9 7 23 28 10 -52 15 1 16 -1 -3 -10 23 -4 31 -7 5 10 4 -31 10 -7
38 -4 -10 -2 -13 6 6 -24 -7 8 -16 1 25 13 3 -37 5 -13 6 12 -10 -19 8 5 -3 -5 8 -8 27 -12 -1 -15 14 -16 3 12 2 -5 -26 -3 -14 13 23 6 12 17 14 -53 35 9 12 0 -22 -16 29 15 35 -11 12 25 0 -19 3 -10
39 -14 -8 -6 -3 -1 -4 -34 -4 8 -6 2 19 6 2 -38 6 7 -3 7 -15 -14 4 6 -5 -5 4 -14 26 -9 9 -9 13 -19 -6 8 10 -2 -26 2 -24 15 28 23 13 14 11 -71 43 4 13 -1 -8 -17 28 11 35 -17 13 6 9 -22 1 0
43 -15 -6 -1 2 3 10 -24 -11 7 -19 3 23 2 3 -30 16 0 2 15 -16 -14 16 -6 -1 -11 22 -14 8 -18 -10 -1 13 -30 12 19 7 0 -13 3 -20 13 27 13 12 13 4 -61 36 3 3 -11 -7 -23 37 7 32 -16 3 16 2 -14 11 -6
36 -7 -7 -5 -12 -8 4 -37 -8 4 -7 -15 23 8 2 -42 8 -5 9 8 -1 -15 -12 3 11 -22 26 -6 16 -8 -9 -5 23 -16 7 7 5 2 -20 0 -17 6 24 21 20 15 4 -67 30 7 11 4 -8 -22 35 12 32 -23 12 0 12 -14 1 -9
31 -10 -5 -14 -12 -16 9 -25 -10 -3 -15 -9 23 8 -5 -25 9 -1 4 6 -5 -7 -6 -8 12 -26 24 -13 18 -12 -10 -5 25 -1 3 0 -4 -2 -17 -2 -20 9 10 17 15 23 -1 -70 22 8 11 1 4 -12 33 4 32 -11 6 5 11 -15 3 -15
16 -15 -5 -21 -10 -2 14 -28 -16 -3 -13 -18 30 15 -4 -38 -1 8 -1 22 -15 -13 -3 -3 10 -37 25 -13 16 -4 -8 -9 23 12 3 10 -1 3 -13 -6 -9 13 -11 6 30 22 13 -54 31 9 15 13 -3 -14 22 12 42 11 12 7 11 -19 16 -22
-2 -9 -4 -9 -12 -4 6 -32 -1 5 -13 -6 4 -1 -2 -37 8 4 2 8 -11 -5 -1 4 12 -2 14 -9 10 -2 -18 -11 25 10 -7 11 11 5 -19 -7 -11 -19 4 14 7 12 17 -24 -57 -1 14 14 -4 -11 16 10 7 0 9 6 0 -11 29 9
23 -25 -16 -14 -14 -1 6 -32 9 16 -27 -11 15 1 -8 -31 18 1 3 11 -13 5 3 6 22 -36 19 -13 18 5 -21 -19 17 15 1 2 0 -10 -55 -2 -24 -15 -7 15 0 24 30 -19 3 -7 3 14 -2 -21 13 19 15 -9 7 19 -5 -10 29 6
23 -25 -16 -14 -14 -1 6 -32 9 16 -27 -11 15 1 -8 -31 18 1 3 11 -13 5 3 6 22 -36 19 -13 18 5 -21 -19 17 15 1 2 0 -10 -55 -2 -24 -15 -7 15 0 24 30 -19 3 -7 3 14 -2 -21 13 19 15 -9 7 19 -5 -10 29 6
23 -25 -16 -14 -14 -1 6 -32 9 16 -27 -11 15 1 -8 -31 18 1 3 11 -13 5 3 6 22 -36 19 -13 18 5 -21 -19 17 15 1 2 0 -10 -55 -2 -24 -15 -7 15 0 24 30 -19 3 -7 3 14 -2 -21 13 19 15 -9 7 19 -5 -10 29 6
23 -25 -16 -14 -14 -1 6 -32 9 16 -27 -11 15 1 -8 -31 18 1 3 11 -13 5 3 6 22 -36 19 -13 18 5 -21 -19 17 15 1 2 0 -10 -55 -2 -24 -15 -7 15 0 24 30 -19 3 -7 3 14 -2 -21 13 19 15 -9 7 19 -5 -10 29 6
23 -25 -16 -14 -14 -1 6 -32 9 16 -27 -11 15 1 -8 -31 18 1 3 11 -13 5 3 6 22 -36 19 -13 18 5 -21 -19 17 15 1 2 0 -10 -55 -2 -24 -15 -7 15 0 24 30 -19 3 -7 3 14 -2 -21 13 19 15 -9 7 19 -5 -10 29 6
23 -25 -16 -14 -14 -1 6 -32 9 16 -27 -11 15 1 -8 -31 18 1 3 11 -13 5 3 6 22 -36 19 -13 18 5 -21 -19 17 15 1 2 0 -10 -55 -2 -24 -15 -7 15 0 24 30 -19 3 -7 3 14 -2 -21 13 19 15 -9 7 19 -5 -10 29 6
23 -25 -16 -14 -14 -1 6 -32 9 16 -27 -11 15 1 -8 -31 18 1 3 11 -13 5 3 6 22 -36 19 -13 18 5 -21 -19 17 15 1 2 0 -10 -55 -2 -24 -15 -7 15 0 24 30 -19 3 -7 3 14 -2 -21 13 19 15 -9 7 19 -5 -10 29 6
23 -25 -16 -14 -14 -1 6 -32 9 16 -27 -11 15 1 -8 -31 18 1 3 11 -13 5 3 6 22 -36 19 -13 18 5 -21 -19 17 15 1 2 0 -10 -55 -2 -24 -15 -7 15 0 24 30 -19 3 -7 3 14 -2 -21 13 19 15 -9 7 19 -5 -10 29 6
23 -25 -16 -14 -14 -1 6 -32 9 16 -27 -11 15 1 -8 -31 18 1 3 11 -13 5 3 6 22 -36 19 -13 18 5 -21 -19 17 15 1 2 0 -10 -55 -2 -24 -15 -7 15 0 24 30 -19 3 -7 3 14 -2 -21 13 19 15 -9 7 19 -5 -10 29 6
23 -25 -16 -14 -14 -1 6 -32 9 16 -27 -11 15 1 -8 -31 18 1 3 11 -13 5 3 6 22 -36 19 -13 18 5 -21 -19 17 15 1 2 0 -10 -55 -2 -24 -15 -7 15 0 24 30 -19 3 -7 3 14 -2 -21 13 19 15 -9 7 19 -5 -10 29 6
23 -25 -16 -14 -14 -1 6 -32 9 16 -27 -11 15 1 -8 -31 18 1 3 11 -13 5 3 6 22 -36 19 -13 18 5 -21 -19 17 15 1 2 0 -10 -55 -2 -24 -15 -7 15 0 24 30 -19 3 -7 3 14 -2 -21 13 19 15 -9 7 19 -5 -10 29 6
23 -25 -16 -14 -14 -1 6 -32 9 16 -27 -11 15 1 -8 -31 18 1 3 11 -13 5 3 6 22 -36 19 -13 18 5 -21 -19 17 15 1 2 0 -10 -55 -2 -24 -15 -7 15 0 24 30 -19 3 -7 3 14 -2 -21 13 19 15 -9 7 19 -5 -10 29 6
23 -25 -16 -14 -14 -1 6 -32 9 16 -27 -11 15 1 -8 -31 18 1 3 11 -13 5 3 6 22 -36 19 -13 18 5 -21 -19 17 15 1 2 0 -10 -55 -2 -24 -15 -7 15 0 24 30 -19 3 -7 3 14 -2 -21 13 19 15 -9 7 19 -5 -10 29 6
23 -25 -16 -14 -14 -1 6 -32 9 16 -27 -11 15 1 -8 -31 18 1 3 11 -13 5 3 6 22 -36 19 -13 18 5 -21 -19 17 15 1 2 0 -10 -55 -2 -24 -15 -7 15 0 24 30 -19 3 -7 3 14 -2 -21 13 19 15 -9 7 19 -5 -10 29 6
23 -25 -16 -14 -14 -1 6 -32 9 16 -27 -11 15 1 -8 -31 18 1 3 11 -13 5 3 6 22 -36 19 -13 18 5 -21 -19 17 15 1 2 0 -10 -55 -2 -24 -15 -7 15 0 24 30 -19 3 -7 3 14 -2 -21 13 19 15 -9 7 19 -5 -10 29 6
23 -25 -16 -14 -14 -1 6 -32 9 16 -27 -11 15 1 -8 -31 18 1 3 11 -13 5 3 6 22 -36 19 -13 18 5 -21 -19 17 15 1 2 0 -10 -55 -2 -24 -15 -7 15 0 24 30 -19 3 -7 3 14 -2 -21 13 19 15 -9 7 19 -5 -10 29 6
23 -25 -16 -14 -14 -1 6 -32 9 16 -27 -11 15 1 -8 -31 18 1 3 11 -13 5 3 6 22 -36 19 -13 18 5 -21 -19 17 15 1 2 0 -10 -55 -2 -24 -15 -7 15 0 24 30 -19 3 -7 3 14 -2 -21 13 19 15 -9 7 19 -5 -10 29 6
23 -25 -16 -14 -14 -1 6 -32 9 16 -27 -11 15 1 -8 -31 18 1 3 11 -13 5 3 6 22 -36 19 -13 18 5 -21 -19 17 15 1 2 0 -10 -55 -2 -24 -15 -7 15 0 24 30 -19 3 -7 3 14 -2 -21 13 19 15 -9 7 19 -5 -10 29 6
23 -25 -16 -14 -14 -1 6 -32 9 16 -27 -11 15 1 -8 -31 18 1 3 11 -13 5 3 6 22 -36 19 -13 18 5 -21 -19 17 15 1 2 0 -10 -55 -2 -24 -15 -7 15 0 24 30 -19 3 -7 3 14 -2 -21 13 19 15 -9 7 19 -5 -10 29 6
23 -25 -16 -14 -14 -1 6 -32 9 16 -27 -11 15 1 -8 -31 18 1 3 11 -13 5 3 6 22 -36 19 -13 18 5 -21 -19 17 15 1 2 0 -10 -55 -2 -24 -15 -7 15 0 24 30 -19 3 -7 3 14 -2 -21 13 19 15 -9 7 19 -5 -10 29 6
23 -25 -16 -14 -14 -1 6 -32 9 16 -27 -11 15 1 -8 -31 18 1 3 11 -13 5 3 6 22 -36 19 -13 18 5 -21 -19 17 15 1 2 0 -10 -55 -2 -24 -15 -7 15 0 24 30 -19 3 -7 3 14 -2 -21 13 19 15 -9 7 19 -5 -10 29 6
23 -25 -16 -14 -14 -1 6 -32 9 16 -27 -11 15 1 -8 -31 18 1 3 11 -13 5 3 6 22 -36 19 -13 18 5 -21 -19 17 15 1 2 0 -10 -55 -2 -24 -15 -7 15 0 24 30 -19 3 -7 3 14 -2 -21 13 19 15 -9 7 19 -5 -10 29 6
23 -25 -16 -14 -14 -1 6 -32 9 16 -27 -11 15 1 -8 -31 18 1 3 11 -13 5 3 6 22 -36 19 -13 18 5 -21 -19 17 15 1 2 0 -10 -55 -2 -24 -15 -7 15 0 24 30 -19 3 -7 3 14 -2 -21 13 19 15 -9 7 19 -5 -10 29 6
23 -25 -16 -14 -14 -1 6 -32 9 16 -27 -11 15 1 -8 -31 18 1 3 11 -13 5 3 6 22 -36 19 -13 18 5 -21 -19 17 15 1 2 0 -10 -55 -2 -24 -15 -7 15 0 24 30 -19 3 -7 3 14 -2 -21 13 19 15 -9 7 19 -5 -10 29 6
23 -25 -16 -14 -14 -1 6 -32 9 16 -27 -11 15 1 -8 -31 18 1 3 11 -13 5 3 6 22 -36 19 -13 18 5 -21 -19 17 15 1 2 0 -10 -55 -2 -24 -15 -7 15 0 24 30 -19 3 -7 3 14 -2 -21 13 19 15 -9 7 19 -5 -10 29 6
23 -25 -16 -14 -14 -1 6 -32 9 16 -27 -11 15 1 -8 -31 18 1 3 11 -13 5 3 6 22 -36 19 -13 18 5 -21 -19 17 15 1 2 0 -10 -55 -2 -24 -15 -7 15 0 24 30 -19 3 -7 3 14 -2 -21 13 19 15 -9 7 19 -5 -10 29 6
23 -25 -16 -14 -14 -1 6 -32 9 16 -27 -11 15 1 -8 -31 18 1 3 11 -13 5 3 6 22 -36 19 -13 18 5 -21 -19 17 15 1 2 0 -10 -55 -2 -24 -15 -7 15 0 24 30 -19 3 -7 3 14 -2 -21 13 19 15 -9 7 19 -5 -10 29 6
23 -25 -16 -14 -14 -1 6 -32 9 16 -27 -11 15 1 -8 -31 18 1 3 11 -13 5 3 6 22 -36 19 -13 18 5 -21 -19 17 15 1 2 0 -10 -55 -2 -24 -15 -7 15 0 24 30 -19 3 -7 3 14 -2 -21 13 19 15 -9 7 19 -5 -10 29 6
23 -25 -16 -14 -14 -1 6 -32 9 16 -27 -11 15 1 -8 -31 18 1 3 11 -13 5 3 6 22 -36 19 -13 18 5 -21 -19 17 15 1 2 0 -10 -55 -2 -24 -15 -7 15 0 24 30 -19 3 -7 3 14 -2 -21 13 19 15 -9 7 19 -5 -10 29 6
23 -25 -16 -14 -14 -1 6 -32 9 16 -27 -11 15 1 -8 -31 18 1 3 11 -13 5 3 6 22 -36 19 -13 18 5 -21 -19 17 15 1 2 0 -10 -55 -2 -24 -15 -7 15 0 24 30 -19 3 -7 3 14 -2 -21 13 19 15 -9 7 19 -5 -10 29 6
23 -25 -16 -14 -14 -1 6 -32 9 16 -27 -11 15 1 -8 -31 18 1 3 11 -13 5 3 6 22 -36 19 -13 18 5 -21 -19 17 15 1 2 0 -10 -55 -2 -24 -15 -7 15 0 24 30 -19 3 -7 3 14 -2 -21 13 19 15 -9 7 19 -5 -10 29 6
23 -25 -16 -14 -14 -1 6 -32 9 16 -27 -11 15 1 -8 -31 18 1 3 11 -13 5 3 6 22 -36 19 -13 18 5 -21 -19 17 15 1 2 0 -10 -55 -2 -24 -15 -7 15 0 24 30 -19 3 -7 3 14 -2 -21 13 19 15 -9 7 19 -5 -10 29 6
23 -25 -16 -14 -14 -1 6 -32 9 16 -27 -11 15 1 -8 -31 18 1 3 11 -13 5 3 6 22 -36 19 -13 18 5 -21 -19 17 15 1 2 0 -10 -55 -2 -24 -15 -7 15 0 24 30 -19 3 -7 3 14 -2 -21 13 19 15 -9 7 19 -5 -10 29 6
23 -25 -16 -14 -14 -1 6 -32 9 16 -27 -11 15 1 -8 -31 18 1 3 11 -13 5 3 6 22 -36 19 -13 18 5 -21 -19 17 15 1 2 0 -10 -55 -2 -24 -15 -7 15 0 24 30 -19 3 -7 3 14 -2 -21 13 19 15 -9 7 19 -5 -10 29 6
23 -25 -16 -14 -14 -1 6 -32 9 16 -27 -11 15 1 -8 -31 18 1 3 11 -13 5 3 6 22 -36 19 -13 18 5 -21 -19 17 15 1 2 0 -10 -55 -2 -24 -15 -7 15 0 24 30 -19 3 -7 3 14 -2 -21 13 19 15 -9 7 19 -5 -10 29 6
23 -25 -16 -14 -14 -1 6 -32 9 16 -27 -11 15 1 -8 -31 18 1 3 11 -13 5 3 6 22 -36 19 -13 18 5 -21 -19 17 15 1 2 0 -10 -55 -2 -24 -15 -7 15 0 24 30 -19 3 -7 3 14 -2 -21 13 19 15 -9 7 19 -5 -10 29 6
23 -25 -16 -14 -14 -1 6 -32 9 16 -27 -11 15 1 -8 -31 18 1 3 11 -13 5 3 6 22 -36 19 -13 18 5 -21 -19 17 15 1 2 0 -10 -55 -2 -24 -15 -7 15 0 24 30 -19 3 -7 3 14 -2 -21 13 19 15 -9 7 19 -5 -10 29 6
23 -25 -16 -14 -14 -1 6 -32 9 16 -27 -11 15 1 -8 -31 18 1 3 11 -13 5 3 6 22 -36 19 -13 18 5 -21 -19 17 15 1 2 0 -10 -55 -2 -24 -15 -7 15 0 24 30 -19 3 -7 3 14 -2 -21 13 19 15 -9 7 19 -5 -10 29 6
23 -25 -16 -14 -14 -1 6 -32 9 16 -27 -11 15 1 -8 -31 18 1 3 11 -13 5 3 6 22 -36 19 -13 18 5 -21 -19 17 15 1 2 0 -10 -55 -2 -24 -15 -7 15 0 24 30 -19 3 -7 3 14 -2 -21 13 19 15 -9 7 19 -5 -10 29 6
23 -25 -16 -14 -14 -1 6 -32 9 16 -27 -11 15 1 -8 -31 18 1 3 11 -13 5 3 6 22 -36 19 -13 18 5 -21 -19 17 15 1 2 0 -10 -55 -2 -24 -15 -7 15 0 24 30 -19 3 -7 3 14 -2 -21 13 19 15 -9 7 19 -5 -10 29 6
23 -25 -16 -14 -14 -1 6 -32 9 16 -27 -11 15 1 -8 -31 18 1 3 11 -13 5 3 6 22 -36 19 -13 18 5 -21 -19 17 15 1 2 0 -10 -55 -2 -24 -15 -7 15 0 24 30 -19 3 -7 3 14 -2 -21 13 19 15 -9 7 19 -5 -10 29 6
23 -25 -16 -14 -14 -1 6 -32 9 16 -27 -11 15 1 -8 -31 18 1 3 11 -13 5 3 6 22 -36 19 -13 18 5 -21 -19 17 15 1 2 0 -10 -55 -2 -24 -15 -7 15 0 24 30 -19 3 -7 3 14 -2 -21 13 19 15 -9 7 19 -5 -10 29 6
23 -25 -16 -14 -14 -1 6 -32 9 16 -27 -11 15 1 -8 -31 18 1 3 11 -13 5 3 6 22 -36 19 -13 18 5 -21 -19 17 15 1 2 0 -10 -55 -2 -24 -15 -7 15 0 24 30 -19 3 -7 3 14 -2 -21 13 19 15 -9 7 19 -5 -10 29 6
23 -25 -16 -14 -14 -1 6 -32 9 16 -27 -11 15 1 -8 -31 18 1 3 11 -13 5 3 6 22 -36 19 -13 18 5 -21 -19 17 15 1 2 0 -10 -55 -2 -24 -15 -7 15 0 24 30 -19 3 -7 3 14 -2 -21 13 19 15 -9 7 19 -5 -10 29 6
23 -25 -16 -14 -14 -1 6 -32 9 16 -27 -11 15 1 -8 -31 18 1 3 11 -13 5 3 6 22 -36 19 -13 18 5 -21 -19 17 15 1 2 0 -10 -55 -2 -24 -15 -7 15 0 24 30 -19 3 -7 3 14 -2 -21 13 19 15 -9 7 19 -5 -10 29 6
23 -25 -16 -14 -14 -1 6 -32 9 16 -27 -11 15 1 -8 -31 18 1 3 11 -13 5 3 6 22 -36 19 -13 18 5 -21 -19 17 15 1 2 0 -10 -55 -2 -24 -15 -7 15 0 24 30 -19 3 -7 3 14 -2 -21 13 19 15 -9 7 19 -5 -10 29 6
23 -25 -16 -14 -14 -1 6 -32 9 16 -27 -11 15 1 -8 -31 18 1 3 11 -13 5 3 6 22 -36 19 -13 18 5 -21 -19 17 15 1 2 0 -10 -55 -2 -24 -15 -7 15 0 24 30 -19 3 -7 3 14 -2 -21 13 19 15 -9 7 19 -5 -10 29 6
23 -25 -16 -14 -14 -1 6 -32 9 16 -27 -11 15 1 -8 -31 18 1 3 11 -13 5 3 6 22 -36 19 -13 18 5 -21 -19 17 15 1 2 0 -10 -55 -2 -24 -15 -7 15 0 24 30 -19 3 -7 3 14 -2 -21 13 19 15 -9 7 19 -5 -10 29 6
23 -25 -16 -14 -14 -1 6 -32 9 16 -27 -11 15 1 -8 -31 18 1 3 11 -13 5 3 6 22 -36 19 -13 18 5 -21 -19 17 15 1 2 0 -10 -55 -2 -24 -15 -7 15 0 24 30 -19 3 -7 3 14 -2 -21 13 19 15 -9 7 19 -5 -10 29 6
23 -25 -16 -14 -14 -1 6 -32 9 16 -27 -11 15 1 -8 -31 18 1 3 11 -13 5 3 6 22 -36 19 -13 18 5 -21 -19 17 15 1 2 0 -10 -55 -2 -24 -15 -7 15 0 24 30 -19 3 -7 3 14 -2 -21 13 19 15 -9 7 19 -5 -10 29 6
23 -25 -16 -14 -14 -1 6 -32 9 16 -27 -11 15 1 -8 -31 18 1 3 11 -13 5 3 6 22 -36 19 -13 18 5 -21 -19 17 15 1 2 0 -10 -55 -2 -24 -15 -7 15 0 24 30 -19 3 -7 3 14 -2 -21 13 19 15 -9 7 19 -5 -10 29 6
23 -25 -16 -14 -14 -1 6 -32 9 16 -27 -11 15 1 -8 -31 18 1 3 11 -13 5 3 6 22 -36 19 -13 18 5 -21 -19 17 15 1 2 0 -10 -55 -2 -24 -15 -7 15 0 24 30 -19 3 -7 3 14 -2 -21 13 19 15 -9 7 19 -5 -10 29 6
23 -25 -16 -14 -14 -1 6 -32 9 16 -27 -11 15 1 -8 -31 18 1 3 11 -13 5 3 6 22 -36 19 -13 18 5 -21 -19 17 15 1 2 0 -10 -55 -2 -24 -15 -7 15 0 24 30 -19 3 -7 3 14 -2 -21 13 19 15 -9 7 19 -5 -10 29 6
23 -25 -16 -14 -14 -1 6 -32 9 16 -27 -11 15 1 -8 -31 18 1 3 11 -13 5 3 6 22 -36 19 -13 18 5 -21 -19 17 15 1 2 0 -10 -55 -2 -24 -15 -7 15 0 24 30 -19 3 -7 3 14 -2 -21 13 19 15 -9 7 19 -5 -10 29 6
23 -25 -16 -14 -14 -1 6 -32 9 16 -27 -11 15 1 -8 -31 18 1 3 11 -13 5 3 6 22 -36 19 -13 18 5 -21 -19 17 15 1 2 0 -10 -55 -2 -24 -15 -7 15 0 24 30 -19 3 -7 3 14 -2 -21 13 19 15 -9 7 19 -5 -10 29 6
23 -25 -16 -14 -14 -1 6 -32 9 16 -27 -11 15 1 -8 -31 18 1 3 11 -13 5 3 6 22 -36 19 -13 18 5 -21 -19 17 15 1 2 0 -10 -55 -2 -24 -15 -7 15 0 24 30 -19 3 -7 3 14 -2 -21 13 19 15 -9 7 19 -5 -10 29 6
23 -25 -16 -14 -14 -1 6 -32 9 16 -27 -11 15 1 -8 -31 18 1 3 11 -13 5 3 6 22 -36 19 -13 18 5 -21 -19 17 15 1 2 0 -10 -55 -2 -24 -15 -7 15 0 24 30 -19 3 -7 3 14 -2 -21 13 19 15 -9 7 19 -5 -10 29 6
23 -25 -16 -14 -14 -1 6 -32 9 16 -27 -11 15 1 -8 -31 18 1 3 11 -13 5 3 6 22 -36 19 -13 18 5 -21 -19 17 15 1 2 0 -10 -55 -2 -24 -15 -7 15 0 24 30 -19 3 -7 3 14 -2 -21 13 19 15 -9 7 19 -5 -10 29 6
23 -25 -16 -14 -14 -1 6 -32 9 16 -27 -11 15 1 -8 -31 18 1 3 11 -13 5 3 6 22 -36 19 -13 18 5 -21 -19 17 15 1 2 0 -10 -55 -2 -24 -15 -7 15 0 24 30 -19 3 -7 3 14 -2 -21 13 19 15 -9 7 19 -5 -10 29 6
23 -25 -16 -14 -14 -1 6 -32 9 16 -27 -11 15 1 -8 -31 18 1 3 11 -13 5 3 6 22 -36 19 -13 18 5 -21 -19 17 15 1 2 0 -10 -55 -2 -24 -15 -7 15 0 24 30 -19 3 -7 3 14 -2 -21 13 19 15 -9 7 19 -5 -10 29 6
23 -25 -16 -14 -14 -1 6 -32 9 16 -27 -11 15 1 -8 -31 18 1 3 11 -13 5 3 6 22 -36 19 -13 18 5 -21 -19 17 15 1 2 0 -10 -55 -2 -24 -15 -7 15 0 24 30 -19 3 -7 3 14 -2 -21 13 19 15 -9 7 19 -5 -10 29 6
23 -25 -16 -14 -14 -1 6 -32 9 16 -27 -11 15 1 -8 -31 18 1 3 11 -13 5 3 6 22 -36 19 -13 18 5 -21 -19 17 15 1 2 0 -10 -55 -2 -24 -15 -7 15 0 24 30 -19 3 -7 3 14 -2 -21 13 19 15 -9 7 19 -5 -10 29 6
23 -25 -16 -14 -14 -1 6 -32 9 16 -27 -11 15 1 -8 -31 18 1 3 11 -13 5 3 6 22 -36 19 -13 18 5 -21 -19 17 15 1 2 0 -10 -55 -2 -24 -15 -7 15 0 24 30 -19 3 -7 3 14 -2 -21 13 19 15 -9 7 19 -5 -10 29 6
23 -25 -16 -14 -14 -1 6 -32 9 16 -27 -11 15 1 -8 -31 18 1 3 11 -13 5 3 6 22 -36 19 -13 18 5 -21 -19 17 15 1 2 0 -10 -55 -2 -24 -15 -7 15 0 24 30 -19 3 -7 3 14 -2 -21 13 19 15 -9 7 19 -5 -10 29 6
23 -25 -16 -14 -14 -1 6 -32 9 16 -27 -11 15 1 -8 -31 18 1 3 11 -13 5 3 6 22 -36 19 -13 18 5 -21 -19 17 15 1 2 0 -10 -55 -2 -24 -15 -7 15 0 24 30 -19 3 -7 3 14 -2 -21 13 19 15 -9 7 19 -5 -10 29 6
23 -25 -16 -14 -14 -1 6 -32 9 16 -27 -11 15 1 -8 -31 18 1 3 11 -13 5 3 6 22 -36 19 -13 18 5 -21 -19 17 15 1 2 0 -10 -55 -2 -24 -15 -7 15 0 24 30 -19 3 -7 3 14 -2 -21 13 19 15 -9 7 19 -5 -10 29 6
23 -25 -16 -14 -14 -1 6 -32 9 16 -27 -11 15 1 -8 -31 18 1 3 11 -13 5 3 6 22 -36 19 -13 18 5 -21 -19 17 15 1 2 0 -10 -55 -2 -24 -15 -7 15 0 24 30 -19 3 -7 3 14 -2 -21 13 19 15 -9 7 19 -5 -10 29 6
23 -25 -16 -14 -14 -1 6 -32 9 16 -27 -11 15 1 -8 -31 18 1 3 11 -13 5 3 6 22 -36 19 -13 18 5 -21 -19 17 15 1 2 0 -10 -55 -2 -24 -15 -7 15 0 24 30 -19 3 -7 3 14 -2 -21 13 19 15 -9 7 19 -5 -10 29 6
23 -25 -16 -14 -14 -1 6 -32 9 16 -27 -11 15 1 -8 -31 18 1 3 11 -13 5 3 6 22 -36 19 -13 18 5 -21 -19 17 15 1 2 0 -10 -55 -2 -24 -15 -7 15 0 24 30 -19 3 -7 3 14 -2 -21 13 19 15 -9 7 19 -5 -10 29 6
23 -25 -16 -14 -14 -1 6 -32 9 16 -27 -11 15 1 -8 -31 18 1 3 11 -13 5 3 6 22 -36 19 -13 18 5 -21 -19 17 15 1 2 0 -10 -55 -2 -24 -15 -7 15 0 24 30 -19 3 -7 3 14 -2 -21 13 19 15 -9 7 19 -5 -10 29 6
23 -25 -16 -14 -14 -1 6 -32 9 16 -27 -11 15 1 -8 -31 18 1 3 11 -13 5 3 6 22 -36 19 -13 18 5 -21 -19 17 15 1 2 0 -10 -55 -2 -24 -15 -7 15 0 24 30 -19 3 -7 3 14 -2 -21 13 19 15 -9 7 19 -5 -10 29 6
23 -25 -16 -14 -14 -1 6 -32 9 16 -27 -11 15 1 -8 -31 18 1 3 11 -13 5 3 6 22 -36 19 -13 18 5 -21 -19 17 15 1 2 0 -10 -55 -2 -24 -15 -7 15 0 24 30 -19 3 -7 3 14 -2 -21 13 19 15 -9 7 19 -5 -10 29 6
23 -25 -16 -14 -14 -1 6 -32 9 16 -27 -11 15 1 -8 -31 18 1 3 11 -13 5 3 6 22 -36 19 -13 18 5 -21 -19 17 15 1 2 0 -10 -55 -2 -24 -15 -7 15 0 24 30 -19 3 -7 3 14 -2 -21 13 19 15 -9 7 19 -5 -10 29 6
23 -25 -16 -14 -14 -1 6 -32 9 16 -27 -11 15 1 -8 -31 18 1 3 11 -13 5 3 6 22 -36 19 -13 18 5 -21 -19 17 15 1 2 0 -10 -55 -2 -24 -15 -7 15 0 24 30 -19 3 -7 3 14 -2 -21 13 19 15 -9 7 19 -5 -10 29 6
23 -25 -16 -14 -14 -1 6 -32 9 16 -27 -11 15 1 -8 -31 18 1 3 11 -13 5 3 6 22 -36 19 -13 18 5 -21 -19 17 15 1 2 0 -10 -55 -2 -24 -15 -7 15 0 24 30 -19 3 -7 3 14 -2 -21 13 19 15 -9 7 19 -5 -10 29 6
23 -25 -16 -14 -14 -1 6 -32 9 16 -27 -11 15 1 -8 -31 18 1 3 11 -13 5 3 6 22 -36 19 -13 18 5 -21 -19 17 15 1 2 0 -10 -55 -2 -24 -15 -7 15 0 24 30 -19 3 -7 3 14 -2 -21 13 19 15 -9 7 19 -5 -10 29 6
23 -25 -16 -14 -14 -1 6 -32 9 16 -27 -11 15 1 -8 -31 18 1 3 11 -13 5 3 6 22 -36 19 -13 18 5 -21 -19 17 15 1 2 0 -10 -55 -2 -24 -15 -7 15 0 24 30 -19 3 -7 3 14 -2 -21 13 19 15 -9 7 19 -5 -10 29 6
23 -25 -16 -14 -14 -1 6 -32 9 16 -27 -11 15 1 -8 -31 18 1 3 11 -13 5 3 6 22 -36 19 -13 18 5 -21 -19 17 15 1 2 0 -10 -55 -2 -24 -15 -7 15 0 24 30 -19 3 -7 3 14 -2 -21 13 19 15 -9 7 19 -5 -10 29 6
23 -25 -16 -14 -14 -1 6 -32 9 16 -27 -11 15 1 -8 -31 18 1 3 11 -13 5 3 6 22 -36 19 -13 18 5 -21 -19 17 15 1 2 0 -10 -55 -2 -24 -15 -7 15 0 24 30 -19 3 -7 3 14 -2 -21 13 19 15 -9 7 19 -5 -10 29 6
23 -25 -16 -14 -14 -1 6 -32 9 16 -27 -11 15 1 -8 -31 18 1 3 11 -13 5 3 6 22 -36 19 -13 18 5 -21 -19 17 15 1 2 0 -10 -55 -2 -24 -15 -7 15 0 24 30 -19 3 -7 3 14 -2 -21 13 19 15 -9 7 19 -5 -10 29 6
23 -25 -16 -14 -14 -1 6 -32 9 16 -27 -11 15 1 -8 -31 18 1 3 11 -13 5 3 6 22 -36 19 -13 18 5 -21 -19 17 15 1 2 0 -10 -55 -2 -24 -15 -7 15 0 24 30 -19 3 -7 3 14 -2 -21 13 19 15 -9 7 19 -5 -10 29 6
23 -25 -16 -14 -14 -1 6 -32 9 16 -27 -11 15 1 -8 -31 18 1 3 11 -13 5 3 6 22 -36 19 -13 18 5 -21 -19 17 15 1 2 0 -10 -55 -2 -24 -15 -7 15 0 24 30 -19 3 -7 3 14 -2 -21 13 19 15 -9 7 19 -5 -10 29 6
23 -25 -16 -14 -14 -1 6 -32 9 16 -27 -11 15 1 -8 -31 18 1 3 11 -13 5 3 6 22 -36 19 -13 18 5 -21 -19 17 15 1 2 0 -10 -55 -2 -24 -15 -7 15 0 24 30 -19 3 -7 3 14 -2 -21 13 19 15 -9 7 19 -5 -10 29 6
23 -25 -16 -14 -14 -1 6 -32 9 16 -27 -11 15 1 -8 -31 18 1 3 11 -13 5 3 6 22 -36 19 -13 18 5 -21 -19 17 15 1 2 0 -10 -55 -2 -24 -15 -7 15 0 24 30 -19 3 -7 3 14 -2 -21 13 19 15 -9 7 19 -5 -10 29 6
23 -25 -16 -14 -14 -1 6 -32 9 16 -27 -11 15 1 -8 -31 18 1 3 11 -13 5 3 6 22 -36 19 -13 18 5 -21 -19 17 15 1 2 0 -10 -55 -2 -24 -15 -7 15 0 24 30 -19 3 -7 3 14 -2 -21 13 19 15 -9 7 19 -5 -10 29 6
23 -25 -16 -14 -14 -1 6 -32 9 16 -27 -11 15 1 -8 -31 18 1 3 11 -13 5 3 6 22 -36 19 -13 18 5 -21 -19 17 15 1 2 0 -10 -55 -2 -24 -15 -7 15 0 24 30 -19 3 -7 3 14 -2 -21 13 19 15 -9 7 19 -5 -10 29 6
23 -25 -16 -14 -14 -1 6 -32 9 16 -27 -11 15 1 -8 -31 18 1 3 11 -13 5 3 6 22 -36 19 -13 18 5 -21 -19 17 15 1 2 0 -10 -55 -2 -24 -15 -7 15 0 24 30 -19 3 -7 3 14 -2 -21 13 19 15 -9 7 19 -5 -10 29 6
