-79288184
-38198540
-60815852
-109546640
-66453276
-42459132
-88870232
-12883178
-75972832
-83546504
-44174200
-63349176
-102047280
-16491515
-38092996
-71711528
-43613564
-65810884
-94192816
-37865764
-45503464
-63094396
-48853992
-39374512
-75950272
-130447504
-95075952
-167380160
-40475968
-49114336
-44236616
-15516599
-84714008
-71660328
-88174304
-53939224
-52972380
-40884336
-106288368
-36452188
-53200052
-158251648
-43218588
-55079200
-78277384
-92894976
-57250992
-53037316
-86814776
-21993070
-72068832
-73886248
-105100216
-67406240
-42431204
-91263264
-78810688
-65068740
-56396672
-107507064
-72996368
-107977656
-65600856
-38103956
-125009816
-38250884
-23788414
-68733160
-137806880
-80995560
-74942000
-80966752
-102208288
-77176416
-61221756
-55411164
-64405544
-62848800
-92214832
-108530672
-38498020
-112092032
-55273008
-41932056
-118219848
-113428840
-137449184
-64740768
-38345008
-69174912
-66678428
-59335304
-32405210
-15111411
-82662328
-20697846
-89432432
-24955234
-41060708
-96968032
-114449480
-48951024
-31014110
-52610932
-72930672
-58128428
-73968104
-49167580
-97185496
-68821136
-17114824
-60271800
-56560520
-16560161
-49551388
-53856576
-86425208
-97192896
-13157345
-110982032
-10432690
-37765208
-27080208
-24622596
-82978312
-77050400
-103161304
-61616736
-119522336
-30867482
-56184204
-47337468
-99628208
-137412272
-59297852
-46326384
-47465208
-89456032
-33000138
-52453588
-63340248
-68134512
-16631359
-51702312
-40162740
-42860980
-73877472
-48372816
-12188028
-15210104
-46360264
-75138840
-60871280
-76604928
-74092168
-80676000
-68543408
-61453768
-52328216
-50475068
-80626576
-68207536
-53310160
-125321648
-46978676
-95612984
-86120992
-40956812
-41936184
-56976852
-32206880
-45575368
-50940536
-36878104
-37518900
-79248120
-28918880
-56204484
-93402576
-65612408
-66543128
-38177148
-35485784
-31566852
-85261592
-85823304
-121144944
-43203600
-31765826
-66512680
-97048032
-35747676
-90749704
-28694254
-60959624
-76715304
-67617536
-54407388
-45463344
-57420420
-86667824
-66463476
-69922208
-116090336
-66216292
-78533984
-134567872
-37894272
-36446736
-41641260
-60076840
-33014476
-57899476
-38910700
-75491416
-80222040
-77703672
-27503560
-73967392
-37994924
-48732280
-150652800
-95598216
-65383128
-84021360
-32934702
-56337020
-69492704
-68022920
-75599808
-42353048
-36821364
-46318524
-10107698
-78192504
-42679340
-91910856
-45666896
-97656328
-70848480
-43885624
-109532064
-19594698
-42761232
-92461136
-54572172
-21296892
-71485080
-65910068
-73576712
-118878280
-70050584
-31529830
-28711948
-80757016
-61794376
-63940720
-37175512
-57562184
-126284128
-66413164
-99313712
-55056852
-73715384
-122490880
-74744960
-49522292
-68143360
-85737944
-61916044
-85849184
-54689668
-84721304
-58758096
-66395184
-19706552
-8570391
-6736750
-65677784
-76656760
-59118924
-89432848
-135271104
-46612660
-126138208
-113304208
-59464208
-60304416
-77731576
-47307092
-118599984
-69302648
-61832388
-67255136
-50191140
-38290908
-49141192
-183575376
-20588314
-82048872
-27550054
-49413296
-45512248
-10308820
-59595816
-117938432
-76558136
-96121464
-53341108
-126780176
-59232200
-91014184
-113448016
-53628640
-84662696
-103052896
-64898904
-56643588
-16049802
-75180464
-84315608
-100227624
-54907220
-77964736
-75164416
-42245960
-112599000
-53053172
-80729976
-53872072
-95197136
-101651384
-52497452
-32646188
-65523080
-57998120
-59444472
-39428072
-37417692
-46133908
-32526856
-32452166
-35952464
-93254968
-170362624
-94760000
-109197936
-48010264
-53219016
-31740412
-14991490
-56792976
-79343016
-82012072
-93721624
-26344088
-77971472
-44894288
-35982100
-61284312
-123080440
-52618248
-59761988
-23614168
-104916040
-48819048
-119125840
-131866496
-94589216
-69189264
-55124044
-46918264
-52706412
-112966368
-81994320
-43424416
-78955664
-75264808
-53383408
-68017384
-43489936
-33608860
-96662312
-36224312
-76876416
-91034256
-22026452
-42129140
-61018744
-74362608
-87735720
-116631328
-65074424
-54617008
-41865552
-68745832
-211750224
-79908624
-82112320
-79890456
-79547112
-94518680
-83652848
-77365824
-61015080
-87669184
-47371416
-133645496
-115685440
-60067816
-112646752
-80716792
-23927782
-74571976
-64996564
-94281040
-69978136
-129829024
-68392864
-81964496
-30863004
-33014220
-60982208
-47154552
-230528080
-132674760
-34604492
-89959504
-23922366
-51488272
-95265712
-87616768
-53865976
-58213496
-26007798
-97293416
-54597848
-17999436
-52289048
-9915624
-36740640
-37590860
-33767164
-35403412
-56707804
-93784584
-39313384
-47366588
-81394712
-147951840
-76820864
-34192816
-61566128
-58631868
-61456724
-119837712
-98430272
-72864040
-58488412
-24576394
-74694192
-55891424
-66883816
-83533056
-57026732
-38581348
-80977280
-137176672
-63585692
-91052984
-50207412
-30640606
-61528836
-49100140
-64381080
-90260952
-9790181
-37067512
-44895576
-86012800
-61596472
-55718976
-64601288
-99577056
-62054128
-31148286
-57583056
-100783216
-88509104
-59290296
-20724552
-53447812
-172626272
-93732264
-21190026
-38075556
-46567184
-81418168
-54008920
-91290024
-47170260
-89380128
-73414712
-60216396
-108155288
-99919944
-75588360
-80590792
-67131568
-100954728
-37084940
-105892192
-24836366
-52464808
-26556072
-165584928
-59798868
-67745960
-70427304
-66676988
-28105166
-119970576
-127722392
-129980480
-58243972
-99701968
-41716692
-49678580
-55920908
-53012676
-23179196
-115688664
-15148455
-83595624
-15806847
-65059112
-82079384
-83843536
-69410840
-76765424
-45467936
-93261768
-59693560
-135259984
-101703024
-56173864
-34241292
-60095684
-75490416
-47376972
-22264530
-60804696
-36304056
-70617432
-88800616
-85041584
-46170808
-80636448
-62784708
-36450904
-51544308
-54734088
-35723372
-55810416
-11152341
-74697176
-65782444
-69559496
-32367586
-45207968
-80981120
-110268480
-28863136
-93420464
-52292712
-52047408
-61661396
-89758624
-99825984
-50868296
-87230168
-85276352
-51348012
-50527540
-118918616
-37178760
-84250936
-74002176
-204110928
-71608888
-103836368
-67729400
-38415392
-85598264
-6372135
-43232352
-48785600
-64698316
-109795144
-80729552
-91059608
-69816576
-136438432
-50969064
-65909924
-31345352
-62552020
-69637776
-57937388
-44392740
-183199616
-91470512
-174856144
-24848034
-69714920
-63350580
-57784792
-73254040
-81372648
-12319030
-19740734
-50058460
-49906716
-81498056
-154481984
-38400036
-80353840
-60898100
-113366656
-74391272
-182477328
-66541576
-103882104
-104340992
-88193584
-52720816
-122947184
-57156836
-39239536
-103831808
-43921272
-72806936
-118548544
-62857416
-126721328
-75348288
-65837200
-38864060
-56537816
-35309544
-29900996
-55063920
-28326654
-103172352
-76284928
-68176328
-81180424
-61100596
-80637992
-150366928
-65645012
-72013568
-57921832
-65018564
-35166068
-19590024
-37518280
-73653848
-45527832
-63127428
-92572992
-90585352
-57641112
-90946768
-123654888
-9276129
-35703556
-48890304
-54468992
-105311360
-41367836
-99897520
-58492520
-71790464
-73318160
-55566552
-71634608
-145094880
-105466264
-45160276
-60134064
-103945632
-44657360
-22068780
-66833664
-107046080
-65764900
-75520656
-29489304
-91313744
-47361772
-44163668
-77007592
-77839848
-89475088
-58979076
-91768064
-39131400
-87245480
-58868544
-76357064
-107096376
-80254856
-97556888
-44061436
-64206840
-92592640
-30755478
-103449664
-29836908
-42101644
-40406660
-154858608
-22811474
-60955076
-12086742
-46117152
-52160388
-85748256
-47099480
-39369836
-85250648
-89481304
-36539484
-62947092
-65654536
-38672136
-69913256
-110642816
-77887336
-52902732
-126903768
-58611184
-51446524
-55236580
-103381296
-53447708
-29039240
-68768904
-45934944
-78371568
-69749136
-68797048
-29987624
-49945040
-126230000
-54565604
-65237616
-71139232
-84486408
-47833436
-21808302
-21482684
-36636892
-82280552
-31331520
-35190484
-179190480
-36670368
-110898984
-60702660
-99030880
-56401112
-60489772
-28563852
-78928392
-58063636
-38091372
-173270576
-76905520
-61207220
-15317076
-130994640
-121171616
-65124036
-55052524
-33067856
-37065184
-78213704
-69752800
-195466336
-19319454
-60947940
-54265212
-103505248
-93516272
-31771326
-44376448
-57006716
-88476280
-94620704
-123029416
-102046616
-121338352
-26845072
-108606296
-83752432
-82698776
-89795208
-31249224
-138045280
-46572968
-64088904
-124880344
-32342772
-38073064
-112867896
-53621952
-55507568
-118565968
-86444704
-107028672
-19160190
-78052272
-58879092
-23156782
-52689024
-103004016
-27020214
-58469348
-64303952
-46761436
-35659092
-52162604
-90189448
-102639424
-61328868
-164325392
-105215728
-42842284
-38083840
-47202472
-102542936
-70949736
-9733380
-38367716
-14889930
-120389416
-63480312
-17334806
-86517616
-87776464
-47845880
-131139944
-85811408
-48076628
-66798328
-26752586
-28898966
-35590732
-35636664
-78155584
-69107960
-104846872
-35467964
-100505792
-51434400
-58354140
-67469760
-146889840
-71677280
-66169464
-54327384
-135813440
-35663876
-57936028
-46248916
-74559832
-37241460
-90400696
-34088792
-67877112
-40374400
-67378056
-44871856
-66659492
-113604904
-44425604
-172554272
-77417336
-128327048
-30505290
-99043736
-48025036
-85120944
-47465740
-234720464
-49502128
-47411680
-110943224
-81146328
-69107096
-101298744
-66987092
-31403074
-114986792
-26004282
-75357496
-83804072
-38510640
-125032008
-38904836
-26268418
-42356604
-76249824
-75926856
-55456392
-131856952
-8503323
-40043392
-99307856
-29568940
-67989272
-57751360
-79431632
-136823440
-66937020
-53415416
-107418968
-81098888
-160017408
-151482320
-77764640
-33060744
-72183496
-78559736
-72631728
-54633012
-116572896
-53678000
-89950720
-133066704
-60442144
-20663428
-98356592
-101857472
-51520424
-70069520
-79052704
-77705976
-54026392
-174012704
-112270472
-81671360
-98652640
-61155340
-35886896
-81849512
-51808948
-16470902
-107633016
-54611140
-84228064
-56748192
-50217600
-87343608
-36373384
-78550864
-120878512
-51638864
-96162240
-97945504
-48217900
-60016932
-64922692
-43603872
-31738764
-97159872
-85592896
-32828746
-31352568
-44541932
-44183424
-29116444
-95438664
-44699824
-79796552
-47336276
-20265842
-38823100
-65185000
-9638629
-63512852
-55820020
-51006860
-48033636
-89000008
-84604008
-25136690
-94405336
-82829968
-54509620
-41344340
-77339472
-87979392
-71411368
-27114114
-42625892
-69505176
-50972864
-105278016
-75380728
-75885616
-38586340
-65308372
-53955412
-38584164
-119161344
-58823808
-51196800
-86710712
-63079360
-82577704
-45199556
-39473512
-65525656
-64119356
-45870168
-51626548
-4451553
-39520960
-77684808
-81811408
-77514880
-151137376
-50080028
-36831924
-34658012
-68729680
-104592984
-58049372
-65373128
-66398128
-51187532
-69212160
-94255072
-39303640
-49480728
-201340560
-35942860
-102362576
-107792008
-82067880
-59363476
-78665008
-55537532
-70261672
-103835632
-11450723
-93080888
-87974152
-25289576
-76341992
-36878736
-122386176
-95522832
-47691792
-76387488
-35424916
-74439960
-155956368
-68471104
-106367008
-115168264
-91481168
-58837200
-71767744
-61820228
-55282608
-62774508
-70457144
-52542980
-40507176
-111908304
-55316924
-129589704
-38622888
-134758016
-38861940
-63096916
-19451730
-15738710
-53171696
-83887072
-70849840
-124191648
-38125220
-48730160
-49832708
-55104484
-110444896
-32807538
-75112392
-50979180
-38169248
-13416735
-35013668
-28337174
-38813332
-36224588
-79578632
-62371468
-63466960
-57756316
-59729460
-75469088
-64138224
-42620024
-49915756
-54289116
-43334956
-71864392
-81353320
-110848976
-92165680
-73370648
-48001828
-52598772
-36969708
-105207528
-63025880
-149053808
-54624324
-72496088
-49654912
-101454624
-69327904
-109892944
-30695792
-81386488
-89695064
-37148840
-23007992
-66909840
-50491044
-55465432
-61277436
-76971136
-47403404
-50403184
-71622024
-107084816
-52695108
-100886016
-91855152
-56250480
-100718272
-89538952
-89854592
-81203672
-45783880
-140522048
-121699344
-82737864
-92938272
-67641976
-37303848
-86827784
-68008992
-93688816
-48838384
-34668692
-110099424
-44517484
-77418120
-50202472
-67684784
-79563504
-55283792
-49518308
-49911400
-106054896
-34550400
-87545144
-73163976
-46554580
-73690784
-76500024
-30497752
-37912708
-25277666
-80809008
-92376952
-60308724
-117555784
-89494432
-66907652
-64565676
-102116128
-52908800
-49771284
-81447104
-41115796
-54199348
-29743514
-148385840
-61963020
-48588284
-71354040
-90034408
-65981620
-81208464
-52893240
-95739032
-99308736
-71238272
-37910476
-28191344
-78130512
-65766924
-42185220
-94604992
-58727484
-47978336
-79347248
-99484840
-85580304
-90230264
-97572384
-58419112
-51513264
-51928760
-58700824
-64754472
-89766720
-101652176
-89935032
-53422764
-54202592
-38939828
-69675008
-96003152
-38668720
-52550832
-73452336
-36610600
-53222272
-102987040
-35266776
-88867640
-106674640
-78521920
-84435120
-26170264
-121154488
-89258464
-41772820
-98894544
-111212096
-91952488
-39434260
-10783384
-84922280
-89651288
-62383536
-63357916
-76132616
-65538156
-9625982
-81532784
-95272464
-102021040
-96037512
-49216792
-108391840
-100526056
-36265976
-99473024
-30668146
-104008960
-36342064
-80605584
-34724100
-89072784
-56575972
-80342784
-106509304
-90529240
-97969488
-77941400
-99776912
-63680684
-98483080
-58415988
-79785984
-29929126
-126747792
-77942696
-62727228
-90877576
-33037458
-50401820
-55021636
-60576508
-26324950
-29824216
-45432092
-57736232
-78433832
-112314432
-165113712
-119904816
-29594526
-55773560
-65389916
-25183938
-17858704
-219589696
-58344556
-79102976
-16743107
-124396840
-110654128
-28800962
-114550504
-62623240
-38208536
-88820792
-70488832
-45138524
-42005812
-50689700
-74996632
-77314864
-43136736
-131519320
-56012404
-47529820
-118132960
-55064136
-60209748
-74714088
-28485920
-57610572
-65269244
-61451676
-28325570
-67495400
-58412388
-37153496
-26762510
-62061344
-51238236
-138865904
-34137664
-93325024
-52065260
-98610168
-57063404
-53023640
-77115032
-84959624
-45683632
-80688208
-89453848
-73007992
-52881528
-45266872
-62358336
-44008300
-63108484
-70584152
-27724328
-48555088
-33937468
-42798956
-87633744
-55242616
-67733904
-53395292
-65737076
-31845346
-53391348
-75377168
-51142484
-63050360
-63354672
-69358408
-48157024
-81604440
-55092328
-32215498
-23850466
-75637624
-37488024
-55680240
-28348208
-28530530
-9600509
-138980320
-110675160
-69474880
-53614460
-37679392
-58395844
-39882496
-55912696
-111330320
-107329240
-59583100
-33074252
-86394272
-52133964
-46698564
-72196248
-82451520
-37659540
-92548736
-130325816
-57320064
-107826576
-59083144
-23175516
-73601688
-65430228
-100801768
-79435272
-13610224
-38402844
-30161592
-54630004
-37887596
-58933696
-88751072
-93666400
-94597856
-30943960
-52351396
-35736076
-63112008
-50306068
-58129896
-69649688
-41986308
-142709168
-55904676
-60544604
-82038816
-144523056
-124978832
-78377648
-96572864
-109800400
-111166712
-166709056
-114068960
-223887744
-82485312
-50765344
-71830944
-69918424
-58216292
-31139978
-114576680
-72740040
-40752996
-56863788
-51305880
-36488408
-37273516
-76646784
-107508048
-62657008
-77752592
-162651856
-48067664
-64799612
-71704528
-47377532
-88131872
-49161412
-57731076
-39223388
-38710920
-104131824
-93216448
-55665160
-83727800
-44235404
-28673060
-76475376
-33706228
-77200728
-63133620
-94094568
-98652120
-50915420
-53149308
-50789496
-79956944
-70167232
-59925068
-37070240
-80749528
-70826184
-48307188
-88090728
-65964792
-121684472
-35771140
-14685081
-48817092
-55129800
-101243936
-21334106
-27656136
-78625112
-38975292
-48323068
-40291664
-160306496
-94696992
-37162800
-79621856
-92892376
-76120056
-137979376
-33987476
-138251696
-51212696
-23930196
-59676668
-56923952
-45575972
-74971616
-25475840
-61185096
-63849444
-92310840
-44661524
-34292544
-66072636
-78335496
-49861188
-83872264
-38139464
-77803920
-35069652
-87910736
-45885568
-31786100
-27437772
-104727288
-45870688
-93768696
-113105984
-59316600
-64516680
-373973152
-67060428
-92593920
-125924136
-97289824
-50287024
-186881328
-73868536
-61449592
-109339744
-70281288
-73165544
-78334128
-45562540
-8937200
-61103220
-39312060
-20921630
-97712072
-41903152
-71547160
-60982788
-55768276
-61359176
-112315960
-29140266
-38769196
-105791560
-65047976
-69242824
-65439772
-105533632
-134248448
-98947208
-86227176
-120782752
-125469472
-29717098
-96846384
-61062008
-79419192
-67389960
-89687000
-100795760
-68614112
-47103364
-76950888
-83486768
-27097000
-79272288
-80736680
-76497336
-98571800
-79786720
-127682504
-65696404
-113635472
-120233712
-56786084
-92414960
-103774360
-43472800
-44949864
-87307592
-55775096
-70177440
-45070148
-44229880
-54744844
-77349088
-31106918
-75504704
-99333120
-94926128
-88363888
-47036672
-89179232
-58093260
-50479904
-38676800
-74815480
-86107616
-46093384
-98584368
-61745076
-39452136
-111919720
-79092488
-42328668
-30918524
-93114544
-48892892
-27386414
-57170564
-43620224
-68179112
-118571912
-92774784
-49652588
-84973720
-115731232
-91055192
-92842976
-110468592
-80060896
-90056752
-64746320
-74744136
-101373936
-87283000
-37275880
-151346800
-46708336
-34168772
-102502224
-112150064
-67097504
-53758924
-51226124
-50804744
-97892568
-82524600
-126920480
-93184224
-64788268
-47212404
-99495064
-97840200
-58394764
-52670644
-51489928
-102502456
-54310364
-88962240
-80234776
-94678552
-137703152
-37907220
-154617360
-100677584
-76172768
-108716216
-46253536
-51046024
-46733488
-67999160
-38262608
-71527312
-103232832
-95438608
-82039360
-20714740
-96540376
-60438960
-19615616
-62951032
-110824816
-28777928
-65155644
-32966574
-33796376
-22462176
-73843224
-64024772
-75176152
-82121048
-115037672
-53144488
-93799312
-102406176
-74189352
-71640088
-42447912
-41082068
-109922168
-126263624
-99729008
-46663376
-62322860
-103920384
-25527632
-49279256
-36194156
-83717928
-38376244
-61568240
-71164784
-47861680
-62561564
-73098160
-29336152
-35548016
-74673200
-88293040
-118305096
-38677068
-197822352
-160149504
-50305624
-125067976
-75847240
-78637552
-56099292
-91040456
-26366150
-90275728
-96960528
-45997596
-72599688
-44914232
-125395320
-60083960
-79222848
-57561524
-91594528
-57469740
-58922016
-47675940
-31419608
-31972192
-74329864
-44959800
-75249480
-85834976
-84395864
-58097728
-20356626
-52665312
-36050776
-100011336
-74867584
-62059624
-58164612
-86257328
-79204184
-214893104
-42180164
-115466088
-106035648
-51321056
-84775808
-112578016
-59285648
-87982344
-64452692
-116291296
-64680664
-50374488
-86836304
-77823792
-88382688
-49088616
-10071477
-70295984
-87476152
-95426352
-55932660
-87587464
-27103250
-18641140
-73214296
-48829420
-50711792
-13241290
-47384072
-37834308
-136815040
-93146352
-83052176
-70276608
-66481240
-33065322
-39862212
-36266568
-182783104
-56257728
-120970664
-25346136
-64792188
-64246756
-46336680
-53637504
-55662428
-52831860
-38165768
-98409624
-34205544
-65188440
-104963440
-76877336
-83198480
-53860436
-53171608
-47866036
-47972544
-52250004
-73582288
-106889984
-119642048
-19721596
-70366856
-139744160
-68689656
-60876412
-48013044
-61902940
-83218880
-58611800
-116167296
-86295736
-58012660
-57113944
-50742836
-72570992
-70881472
-11714968
-37954296
-57178284
-135825904
-102071144
-68093648
-33318490
-99847624
-56710072
-39028928
-131224928
-70871400
-91018648
-76177536
-54609952
-76041328
-61230960
-103887856
-113918824
-58160676
-87139464
-73208472
-84211600
-100519144
-49982048
-73897288
-54224992
-96971232
-32376228
-59659396
-61155028
-22998886
-134902736
-139082912
-129220312
-111966144
-124264912
-66834016
-76776888
-22841872
-34587000
-75973456
-53205976
-45132244
-37305856
-81036256
-81814688
-49014520
-64970184
-121705952
-65515192
-119498640
-33854824
-100855360
-27000934
-50201148
-9789522
-81380464
-100376760
-52140216
-38046632
-65517832
-36162184
-72419608
-72367184
-82497928
-85414696
-28329474
-108579648
-107365656
-24172098
-63896516
-138624448
-138157024
-65155504
-95957984
-182474992
-87206520
-20190672
-49609736
-96971640
-32631706
-98480736
-69346344
-37490088
-34350524
-198139664
-91224880
-50672068
-39031340
-70527408
-211907824
-82594512
-77998824
-40847084
-50708880
-138199104
-47818564
-91011328
-57716244
-66951448
-44453904
-62868484
-42194996
-99217056
-79023952
-73264728
-103917088
-97989320
-52184444
-83096016
-21018792
-103759544
-41143388
-111434664
-52270244
-63896396
-23124924
-59179208
-105485168
-46229036
-31174898
-78938928
-77574832
-47276500
-74315768
-48278820
-59369708
-65151856
-22573234
-80642000
-83699744
-72906832
-36733404
-43482636
-99325080
-54574180
-116197408
-89184456
-53278088
-70288776
-57973632
-74461664
-100951456
-48186024
-51617012
-58381420
-62824832
-66932236
-53811092
-101120152
-73005464
-107696664
-96241864
-90546840
-45902548
-60296800
-28825864
-88087408
-23011600
-71763912
-48244168
-48515384
-63948200
-106306080
-59525596
-74359880
-91529672
-103275072
-100850144
-26508012
-73963024
-88736048
-86874896
-61200408
-79752824
-65886108
-57216644
-38793532
-39551208
-28691136
-37011744
-34172196
-83709752
-68177488
-61541064
-86907864
-100037416
-75279584
-67852664
-40167364
-56414096
-78171984
-118350080
-51922756
-74803832
-32265764
-30562742
-33826296
-146380256
-112596888
-14086825
-49057484
-90914392
-55137920
-59414236
-111201192
-37300808
-79805152
-36645420
-114788664
-37748952
-126901440
-68966600
-146511840
-99307896
-64351820
-53799196
-18986426
-79445624
-83626792
-34620860
-72776632
-62132104
-23035540
-89509088
-121021368
-31105156
-59031544
-44365820
-70077328
-81170240
-110311656
-55156676
-65214796
-188963824
-56240796
-72251624
-35885060
-61053696
-104769976
-41251180
-80559664
-39272828
-36278276
-30151994
-70786144
-69472696
-226995008
-161332992
-8660175
-101705664
-65435800
-44240640
-97344016
-163139248
-56086488
-54011864
-97566456
-47165072
-16888714
-30276290
-41668944
-130970416
-84535192
-57818740
-112811816
-57978976
-97723272
-72450920
-58401936
-36471956
-95267328
-32020110
-95762048
-56758040
-41564656
-80000784
-186342944
-38011320
-47053256
-59549216
-47456472
-68880408
-51704492
-73806008
-78612656
-32179352
-56427312
-146837904
-102832368
-56009596
-30447548
-79550240
-137123072
-63023136
-40424176
-57775884
-44354832
-104150176
-309267168
-95908464
-55372980
-58197872
-60032760
-135176624
-86501608
-74184256
-82095240
-84659448
-84964600
-29870118
-50366112
-90681144
-43935416
-67867416
-79935504
-55344092
-87538416
-9628169
-82296248
-107224856
-34501728
-53548204
-67177072
-44302900
-26543224
-118310680
-38675132
-170486096
-49241092
-86994344
-38715088
-95179896
-72986648
-74669832
-127180984
-79881144
-48093140
-37200324
-56638540
-37281708
-77487000
-78176144
-67203704
-56099156
-107546016
-28566078
-26581610
-49775468
-134168056
-89120600
-13089879
-80296024
-83665448
-71430088
-139245824
-61664812
-101172264
-53241076
-36944720
-42878836
-68503376
-64588268
-112398112
-78632712
-59423212
-74631800
-58538648
-101946248
-65845788
-87858232
-69073728
-75431864
-89564960
-90173160
-65782472
-45255120
-28010376
-49310344
-154412256
-91510672
-47838664
-47087108
-89810288
-91450840
-83929536
-64846640
-69354312
-28641244
-55023004
-47328280
-83344184
-68572392
-18388472
-72238448
-33710592
-57406488
-30232558
-95326664
-107565096
-44515032
-42968900
-42713076
-58798484
-85936056
-118816064
-85478064
-104739704
-55330512
-71510064
-105015056
-35866980
-28756194
-79274040
-91257440
-37742584
-131548456
-95123640
-82732160
-73196952
-88190032
-106019040
-61632244
-109409728
-73767328
-69236584
-102214496
-88509144
-73464928
-90753984
-75227656
-94492816
-36893016
-70932680
-88136560
-90279376
-60779756
-70369400
-90028240
-102366704
-106405968
-63611140
-69373432
-78818944
-125459944
-48565348
-49931592
-36502824
-134238480
-86890272
-72645216
-108999032
-46827340
-64460288
-110779032
-15318848
-130082728
-109065832
-121408928
-65334796
-52593900
-51931768
-90841672
-63636300
-80677648
-69512432
-146143328
-62268080
-93412072
-23035034
-46643380
-27689754
-47567508
-226784208
-38603108
-21067612
-120384872
-20096452
-84627336
-130431192
-86978240
-85823984
-89183568
-63236744
-70580792
-56120088
-61146884
-94438056
-105501680
-12374937
-45059796
-33642388
-76273144
-124461728
-35530164
-103182272
-43137092
-118042272
-96365712
-82894144
-50677188
-86223064
-53247568
-63859868
-86508720
-43576624
-55878508
-48553304
-112188664
-39447068
-16707034
-44850744
-75717312
-12963061
-32580980
-58643324
-14640618
-74461096
-70565728
-74178192
-87527864
-95819464
-20295674
-91376208
-61160096
-16932072
-98669080
-24038572
-72900608
-108058312
-46884768
-56849928
-48356404
-84785456
-63386932
-90664832
-158985392
-44663444
-93394088
-64254148
-81975424
-61929736
-47249672
-61224044
-59308072
-37867196
-48297252
-89007816
-36824800
-72315992
-91057784
-63727684
-55009092
-91032960
-42136696
-68095840
-57636076
-207857120
-66850664
-57969492
-92775248
-37705460
-52278756
-68917224
-75625736
-63028820
-166356528
-38959616
-46248312
-55778624
-92590072
-50336852
-68074592
-102528792
-85941032
-61587104
-59880732
-116424832
-39915356
-51035568
-23033372
-81082520
-86704968
-124169288
-81207968
-32745522
-89277128
-39623336
-62515828
-103589752
-107217720
-28410890
-75305864
-49508884
-64040804
-62237320
-126436920
-72631976
-38201148
-76152920
-69434552
-39593756
-68462528
-105483400
-48139124
-62799896
-47411396
-264912656
-25476006
-58793344
-83914248
-54535636
-57600312
-55123084
-55133056
-158828720
-60475372
-42960756
-44697328
-112821112
-76467088
-53360172
-51029944
-98959464
-86868104
-101176952
-69128704
-41726444
-48076304
-22874938
-95096944
-57471156
-96954168
-110687864
-96603752
-41974164
-24914594
-36792332
-94058744
-72619608
-86766432
-50332964
-26454526
-29748306
-127529360
-100403048
-80630408
-51109892
-88286664
-43581780
-59441832
-111739944
-94180656
-41833028
-87958544
-102518712
-90614624
-87863432
-92726608
-101663664
-39031796
-104088024
-51669092
-64112852
-111346176
-44961348
-96870408
-36066828
-50416756
-71324056
-82341048
-26591340
-68730392
-43550772
-84168960
-57949888
-14580209
-100123368
-64731964
-114165872
-30415376
-60970580
-102264472
-120136104
-62124416
-30900312
-92337896
-11259930
-49415044
-50920212
-81406416
-40680136
-75760896
-65890172
-27806342
-89360184
-93862384
-35140888
-63283856
-66036488
-88160512
-127763408
-61240912
-56532288
-38013384
-137588256
-101219936
-97423208
-50276656
-35166160
-138864304
-98209400
-37710992
-24556092
-112671008
-123437792
-108728480
-83615392
-81267544
-57886528
-84780272
-61297220
-93172024
-56871620
-53652188
-54866148
-81028040
-29870848
-81945664
-60844452
-74865144
-44617108
-36607692
-74804752
-28696330
-52260624
-60298856
-81676056
-88937728
-35183936
-67747216
-42945084
-77009536
-28770048
-88407336
-114468512
-20920050
-94791544
-84421040
-80312240
-48493092
-77108432
-121908056
-114214464
-78852336
-62847140
-29599012
-92633520
-75588128
-7187823
-13180575
-77835672
-83206304
-64495124
-102436216
-50498668
-15544330
-62478864
-23225044
-57920392
-29250972
-53140588
-82190616
-62404964
-51189376
-116733512
-67345696
-33839032
-61655796
-123195112
-143613392
-99383568
-45834000
-95607536
-83555840
-92251256
-45432764
-55069072
-50654960
-59909320
-34180576
-55014656
-114832856
-23769106
-110740272
-72486688
-25413066
-111184272
-147746592
-28454800
-61157948
-81963984
-90040816
-37514624
-48590756
-81710016
-56468268
-55300056
-32427756
-95128896
-89506072
-72204960
-33068878
-111958688
-49791788
-65979512
-77004968
-59796716
-114154920
-76829528
-36406700
-52270504
-57459428
-66028980
-78858424
-68886448
-56488036
-44764044
-50128976
-37900572
-88080920
-68500760
-46580352
-86700608
-81674752
-80628800
-102335896
-86158400
-97029184
-22716214
-51697808
-89995040
-56282940
-98084392
-20978726
-86181592
-64272332
-92255528
-34187572
-128203600
-41846496
-41980112
-71321928
-48889780
-104465752
-89007240
-90024104
-55503752
-14244566
-32744732
-30268022
-52425272
-49073988
-34823568
-23621672
-54607692
-41543432
-115170296
-112854952
-65639056
-57745100
-37790028
-37294472
-73177632
-77434704
-31445542
-104351096
-46578848
-39172224
-51672608
-66495288
-66308080
-67114928
-68758608
-132278792
-87983312
-67142952
-66771468
-50953140
-83892016
-69574216
-67643712
-84396032
-90496200
-78127384
-62672776
-44103976
-38494236
-82170728
-98910168
-127593264
-118472936
-92450776
-26957828
-97710096
-46633124
-59081292
-86201592
-51013040
-82273552
-94170840
-70345832
-46621472
-22186282
-48951132
-119989552
-63060984
-78682072
-68913440
-35316816
-84673072
-86458840
-134465696
-90381936
-78762808
-45597192
-63149908
-45524440
-116208752
-84044016
-54626368
-51293480
-43777084
-144343952
-35243296
-43458820
-41912300
-21891526
-61282888
-33822040
-67929224
-45621516
-99473760
-99645640
-96641080
-152205376
-28157596
-73642640
-77968984
-74920456
-30163184
-56775056
-127036952
-75261240
-82947648
-70979264
-65959072
-177623344
-32964054
-84425736
-8636936
-13468772
-29893982
-78088048
-49565976
-145808496
-126929416
-85307784
-62142352
-55105508
-89775808
-137734560
-48981380
-22798628
-72869184
-50764384
-75327616
-31033108
-148850288
-51015260
-74599720
-96213192
-75084920
-26509616
-90521928
-6592771
-28554876
-28966190
-82053776
-142288304
-89333272
-122761104
-37282720
-30288614
-86724360
-60188156
-63115968
-51529668
-34004352
-34733100
-80687896
-20295250
-70224904
-117315816
-55994640
-93178448
-32592950
-51714360
-88577872
-78188928
-92171040
-87966736
-60229764
-64698040
-57351384
-50071360
-14812294
-63676876
-76244616
-101701672
-26766486
-124029544
-90843008
-80834576
-28801824
-63292656
-88361032
-71408472
-54762476
-36852368
-35310276
-64802312
-87991512
-55125872
-35191400
-162572448
-99305736
-64570816
-88892016
-21760532
-107069688
-55609904
-36788348
-94303136
-103550456
-115850664
-76743352
-97464192
-99283792
-69656360
-73772752
-84713568
-105269280
-50332992
-50254040
-126155232
-59599008
-58423352
-37649668
-143650032
-65269896
-81533568
-37248236
-77902584
-20713894
-26881862
-63197968
-91166864
-65497892
-61998656
-29635080
-58372464
-54290556
-116666352
-47517356
-87741600
-56434420
-50864264
-60256136
-38677096
-75239072
-41551924
-67811904
-73522912
-42842172
-110544456
-89216528
-58817788
-73486064
-87692640
-89388624
-38844112
-28367940
-86939184
-48406904
-27789934
-13774937
-33611316
-30216592
-100095672
-70116616
-91281360
-126179496
-68630048
-44460076
-71411224
-51771980
-28521366
-75680696
-43540420
-31853022
-49895344
-67530912
-40042256
-82748248
-78166512
-103542968
-46546992
-86672432
-122718464
-51698716
-92219408
-113339288
-63276364
-115751048
-43932940
-126085856
-32457714
-49099592
-47009148
-44422052
-47496784
-18858058
-27548660
-73214600
-146117232
-110212144
-98312056
-66851308
-45162324
-57494684
-58923232
-68986904
-27253260
-86146992
-66005672
-46904288
-56912268
-34539724
-83549592
-88784808
-31116368
-78166976
-75159344
-63500060
-85608200
-69599952
-32784072
-96740664
-64439928
-63222396
-58750296
-118100160
-48964088
-78623520
-16450954
-84961272
-79198536
-60927444
-78947608
-38028408
-52299040
-41423780
-39663144
-79964648
-233385568
-35328680
-74539480
-43869972
-72305312
-73201008
-56406768
-77016264
-62753488
-20412524
-44840740
-59174024
-33284632
-44637116
-163785536
-73534304
-220135936
-32015674
-37430536
-65660872
-7144874
-26068830
-80802336
