-138
-257
53
53
-11
-109
-153
-420
-76
-371
-352
70
166
-96
-272
-197
-333
-522
-210
27
118
-380
69
-323
-152
-262
-42
-608
-354
119
-142
-67
-28
-137
-410
-220
-192
-217
-277
112
-479
35
-146
68
-325
-281
-13
-168
-84
-50
-476
-88
-436
-495
145
-98
-154
133
11
-160
-266
-133
-171
139
-258
66
109
-353
-649
-312
-203
332
-18
32
-264
-102
-431
-572
-9
-94
-244
-358
118
-328
-141
-9
-172
-47
-411
-39
-503
217
14
-504
-213
-433
-238
-36
-416
-156
-157
0
-477
-479
-323
-518
-344
-180
-538
-346
-200
-319
-428
-149
-182
-303
-360
-64
-49
-23
-43
-541
84
-265
94
-338
-257
-408
-260
-319
-349
-231
-210
-53
-302
-421
-87
-403
-394
-286
93
-325
-106
-213
150
-179
-194
-218
-98
-334
-342
-390
-147
-334
-320
-36
-61
-220
-1
-374
331
-267
-232
38
-126
-234
-227
-65
-142
27
-68
-109
-399
-529
-44
-375
-37
323
-209
-328
-626
-133
-320
-78
-170
166
113
-78
-198
-227
-490
-60
-445
-23
-147
-122
-55
40
-195
-285
-84
-203
-29
-352
-172
-74
-408
-313
-55
-249
-225
-171
-164
-202
-134
-317
-267
-95
-181
-248
-71
-671
-127
-179
-382
-102
-585
-580
-204
28
-35
-440
-582
-145
-274
-210
-118
-103
-492
-307
-35
-330
9
-224
-313
-533
-108
-554
-336
-217
-16
-204
-177
181
-76
-38
213
-84
100
-161
-244
-504
47
-206
-278
-424
-157
-336
14
27
-279
4
-418
-443
-521
-553
94
-15
-159
-8
-444
-115
-360
-568
-354
-262
-543
-432
-256
-234
-90
189
-409
107
-2
18
-13
-545
-388
-294
-353
-318
-236
-61
-47
106
-261
-267
126
-337
-141
-47
-121
-72
-232
31
-154
-170
123
-279
21
-507
-119
16
-213
-421
20
-253
-381
-38
-359
-353
-57
-661
-400
-349
-100
-73
60
-428
-241
-150
-189
-263
-285
-34
-329
-412
-75
-182
-299
-223
-455
-57
27
-252
72
-417
247
-293
-18
99
-222
200
-334
-275
-198
-522
-482
-180
152
188
131
-58
-156
-174
-204
-258
-141
-236
-322
21
-157
-432
-355
-255
-244
107
-192
-270
-250
-261
-460
-276
-246
-174
-425
-391
-237
-25
-137
-202
-349
-118
-169
-90
-23
-227
-469
-116
-302
-182
-91
-293
-347
-66
-235
-397
80
-318
78
-290
-40
-621
72
-2
-277
5
-524
-310
-177
-472
-21
-320
-272
-287
-353
-415
-49
-90
-256
57
130
20
67
-100
-333
-163
-357
-36
84
-453
-221
-422
-106
-409
-178
-344
-173
-238
-21
49
-38
-414
-104
-204
34
-456
-212
-194
-139
-136
-46
165
-430
-243
-16
-75
-345
-203
-133
-87
60
-259
-302
-384
-102
-500
9
-138
-260
-408
-50
-221
-92
-491
-252
-321
-30
-640
-270
-261
55
-298
-178
-178
-142
53
-147
-461
-507
26
-85
-147
-416
-485
-143
-250
-454
-225
-150
-98
226
-280
-389
-306
-345
-198
-539
154
6
-99
-289
-267
272
-99
-193
-88
-382
53
-224
-394
-62
38
-47
-501
-419
-282
-137
-282
-61
-80
-259
-151
-463
-309
-258
-327
-239
-352
180
-542
52
-414
147
-111
-82
-185
-119
-51
-367
-458
77
-248
-35
82
-331
62
-330
-70
-407
-481
-467
-2
-108
-452
-389
107
-218
-38
-41
-45
-580
-147
-362
112
-444
-349
-349
-254
88
125
93
99
-487
-413
-155
-283
-437
73
-290
-387
-138
318
-514
-350
-411
-226
31
-225
100
70
-6
488
-34
-195
-234
-477
2
-301
-181
-1064
-57
-305
277
-146
83
-328
-133
-317
-219
211
-358
-442
40
41
-342
-160
-227
154
-17
-4
-135
-458
-52
-8
-84
-584
-185
-111
86
-240
146
-502
-510
-346
23
83
207
-246
75
-435
-230
-312
212
-447
-434
-328
-447
-149
-608
220
-96
-534
-146
-126
-8
109
-210
-544
33
-154
-289
-284
-227
-207
-93
-236
-496
-336
63
-214
210
-180
-274
60
-62
249
-52
-179
11
-4
-164
510
-765
91
-144
-278
144
167
-311
-244
-95
-186
-466
-213
181
-9
-207
-515
-172
208
36
-439
-342
33
-269
-1
110
13
40
8
-242
-50
117
-115
-184
-331
-146
-263
-419
-161
94
-52
-320
-353
-366
-393
-258
-357
128
-41
-252
-475
15
-485
-45
-98
-479
19
9
-261
-20
-245
41
-278
-332
-489
-206
-341
-374
-42
401
69
34
-179
-174
101
-63
-182
-506
11
66
-224
-225
-602
-369
-245
-430
62
-99
-158
-88
-171
-39
-399
85
-506
-226
-454
51
-136
-103
-82
164
-374
-88
-56
-252
-346
215
47
-487
-232
-267
-141
-169
-731
-148
19
-15
-356
-243
370
-220
-361
-356
-317
-166
-271
-399
-522
115
-120
-25
-197
-304
58
-292
-237
-179
-83
-289
-391
-305
-218
-154
-267
-35
-501
-321
115
81
-591
-152
-139
-113
-325
-558
334
-406
-192
-255
-126
-363
-418
-152
-466
-310
192
-192
323
-256
-600
-155
-450
8
-148
-502
-288
-271
-482
-372
343
-337
-283
-346
-173
45
-183
-160
-373
7
-96
79
-409
-180
-226
-122
-55
-162
164
-466
-272
-256
-142
-321
-232
-81
187
-20
-576
322
92
-306
251
15
-142
-567
18
268
-247
57
-126
-134
-608
-145
67
-43
-85
-137
-259
-388
-19
-83
-33
-497
-163
-283
-176
-277
-169
14
-413
-396
-484
-296
-344
-7
-233
-40
-281
-235
-172
51
-421
10
-382
-205
-585
77
186
19
-191
-73
96
-290
-58
-378
-38
43
-383
-227
-326
-382
-532
-85
-538
-17
-36
-369
-199
-514
187
33
-242
-1059
-10
-490
-419
91
-323
-321
20
95
-34
-424
-18
-151
-140
-59
-54
161
-123
-274
-273
488
-242
-306
-326
-174
-531
-64
-288
-397
-401
-150
-338
-318
-303
-276
-379
45
-187
-4
-116
-12
-344
-372
-488
-185
-281
-50
41
-478
-306
228
-187
-275
11
107
-469
-366
-8
-376
-436
-156
-98
89
-403
-165
-254
-359
-26
-195
-325
-362
-191
-395
-92
-246
88
-599
-458
-333
-249
-263
-60
-261
-456
-215
119
66
-54
-101
-72
-154
-86
-367
-305
-156
-545
75
-559
217
-27
-291
-270
-13
-132
-129
-415
76
-90
-172
-338
-240
-92
-46
-217
-388
-143
-49
-81
-436
-26
-330
-150
-113
-19
-498
-118
-249
-195
-276
-219
-258
-238
-60
-637
-603
21
-81
-284
-132
-94
-122
-605
-183
26
-325
85
-135
-465
-417
-66
-166
-57
569
-521
-293
23
-289
-152
-53
-356
-279
33
-225
-411
-257
222
16
-195
-465
-178
-198
219
-80
102
-569
-44
-369
-315
-338
8
-221
-235
-190
-293
-297
-278
-211
-454
-330
229
-308
-293
-301
-379
-349
-453
501
-154
-149
-93
-49
-50
-416
-214
-411
-136
-290
-540
-426
-314
-498
-435
139
-530
-274
-366
-254
-420
-460
-504
-380
-240
-204
-270
-224
-263
131
-444
123
-250
-149
-312
-216
-297
-345
-140
-112
-326
-270
-243
-103
-104
-393
-379
-78
-172
-253
-567
-409
-355
-59
43
97
-604
-66
-169
-139
-464
-241
33
-511
-267
-414
-202
-483
-495
-240
83
-333
-212
-348
258
-194
-21
-230
-88
-394
-327
-194
-251
-79
-184
-172
-18
76
128
-127
20
-205
-70
-502
-153
-296
306
-268
-83
-509
83
-268
50
-386
-176
152
-385
-1240
-91
-217
-309
-305
151
-276
-2
-687
-73
-353
-313
-169
-245
-260
-209
25
42
-60
249
-504
-458
-455
-364
-383
-329
-351
81
-448
-212
-46
-150
-155
-653
-224
58
-188
-119
87
-58
27
-239
20
-73
-179
-96
-29
5
161
159
-315
-344
31
-246
-363
-313
-194
-380
-381
-102
-269
-373
-392
-343
-512
-350
-40
-96
-636
-112
-283
-8
-623
-5
3
-472
-154
20
164
-115
-164
-323
177
49
-207
-491
-254
-57
-284
-388
-459
-135
-302
-430
-625
-99
208
-86
13
-298
-676
-321
-423
-346
-268
-244
282
77
-355
-197
-612
-110
14
-87
-32
-299
-3
385
-246
-479
-383
-175
-350
-124
-163
-367
-443
-34
-433
-3
-313
46
-556
-39
-244
-207
135
-343
-239
-510
-535
-416
131
-12
-371
-16
72
-297
-121
-23
-116
-307
103
-354
-489
152
-65
-534
57
-138
125
-527
22
-52
-210
-202
-186
-163
-339
-152
-318
52
-348
-62
-143
-203
-59
-557
-404
-727
-388
58
-357
-232
104
-518
-180
-257
-151
-299
-322
-173
-388
-376
-504
-176
-360
-790
-176
-460
-402
-175
-234
-359
-156
-212
-496
-20
-126
-93
-12
-589
-501
-257
-185
-236
-522
239
-136
-13
-166
-286
58
-104
-56
108
-148
-113
-158
-448
49
-92
-453
-6
-264
-483
-137
-114
-255
-190
93
-194
-234
-113
62
-72
-432
-167
-291
88
255
-92
-247
217
-426
13
-10
-320
-460
-193
-92
123
114
-118
-202
-165
-298
-21
-427
-94
-469
-582
-35
-237
-254
-120
-398
-48
58
203
-165
-350
-373
-389
-329
-385
-281
-215
-207
-92
69
-27
-122
60
96
-99
24
-118
284
-187
46
188
-16
-396
-337
115
41
-59
148
-112
-193
-426
-518
-138
179
-446
130
-389
136
-195
-501
-176
-407
-37
-105
-826
-522
-456
-129
-50
-14
-583
-192
37
95
-148
-92
-7
-204
-196
-164
-110
-287
-380
-341
-303
-95
-174
-219
-225
-147
-226
-375
-78
-339
-8
-376
-115
-437
308
-379
-218
-421
-443
-39
-60
-458
-100
31
-95
-267
-33
-284
-587
-11
-10
-475
-193
-55
-294
175
-98
-246
-248
-30
112
-157
-17
-230
149
-88
-332
-80
-33
-449
-125
-423
-29
-454
-29
-88
-415
-217
-606
-95
-199
0
-329
100
-35
-252
-90
-396
-136
-35
-170
-325
-350
-484
-27
-493
53
-93
15
-584
-420
-356
-120
144
-5
-421
-185
153
-244
-176
-200
-37
-228
-472
-216
-225
-403
-413
-55
-429
-119
-297
-122
70
61
-168
-217
-79
73
-64
126
-346
-95
-175
-454
-90
44
-202
-72
-120
-309
-266
-121
72
-82
-353
-109
-155
-183
-419
-191
-209
-614
-582
-331
-241
-460
-243
-351
-498
-269
-306
-4
-92
167
170
-89
-481
-66
-335
-132
-93
-323
155
-6
-68
98
-379
-23
39
-50
43
-232
-609
-560
-154
-301
-51
-40
-156
98
-338
-255
-359
-150
-389
-482
161
-473
-188
-130
-228
-389
-489
-153
-358
-303
-350
237
-250
-39
1
-270
-48
-221
61
-250
-243
-660
-335
-255
-410
-192
-453
-383
-156
-520
-155
-334
-294
-70
-577
-348
-241
10
-379
-144
-47
130
-226
-197
-43
224
305
-124
-179
-41
-454
-437
-177
-255
-366
-138
-296
-281
-493
-42
-141
-74
-201
-158
43
-128
-198
-279
-159
-109
-259
-431
14
-350
-262
-76
-171
-291
-146
-7
-106
-143
-236
-155
42
-523
-105
-242
-512
-217
-147
-38
-196
-364
-421
106
-220
-342
-144
199
-278
102
-246
-505
-317
169
-88
58
-111
-78
-513
-47
-174
-46
-456
-410
90
-122
-229
-368
-175
-344
-507
-102
-468
-114
-280
-58
-472
-354
-24
-243
-325
-410
83
-167
395
-388
112
-718
-299
-491
-372
17
-375
-348
-278
-162
-527
28
121
-362
-289
-162
-82
-157
-108
26
14
-149
-410
22
82
-505
116
13
-326
71
-151
-46
126
42
-260
-265
-362
-374
-220
-168
-51
-330
-291
-454
-432
-177
-96
-236
70
171
-320
-391
-77
-93
-286
-16
-387
-311
-326
-410
-46
-70
-266
-256
62
-362
-158
26
182
-86
-284
-269
-47
-46
-88
-585
-201
-483
-582
114
-142
-28
-76
-212
-373
-289
-48
-205
-334
-104
-270
-26
-2
-88
-487
-268
-7
-274
-86
-463
27
-399
-8
42
-104
-439
-251
662
-278
-222
-9
55
-152
-306
-309
-292
-490
-265
-568
100
-391
16
-165
-83
-300
-499
-246
-320
-304
-334
-174
-127
-127
-141
-145
-497
-445
-1
-203
-112
-163
-497
-273
-118
-36
-63
-304
143
-421
-276
-236
-295
-110
-405
-264
-537
-219
-243
-349
-268
-34
117
-419
-390
-229
-273
58
53
-167
174
-408
-156
-43
-68
-316
-62
-30
-61
-270
-314
-75
-74
-30
29
-279
15
-84
-258
-237
-202
192
-496
-51
-42
-269
-446
-245
-166
-98
-41
-221
-153
-387
-141
-19
-286
-158
-103
-9
668
-123
-112
-135
152
-335
-336
-165
-459
32
-404
-31
-491
-491
56
-361
-518
-82
83
9
86
-293
-228
-272
87
9
-83
-275
-138
-35
-95
105
-101
97
-418
-280
83
2
-538
-263
-293
-519
-211
-266
-259
-57
-91
-227
98
-85
-134
-110
9
2
171
-237
-270
-485
67
90
-107
-218
184
54
-256
32
-219
-131
-465
-86
-270
30
-3
-24
100
56
-115
-258
633
-39
66
-29
-440
-531
-204
-25
-76
-58
-154
-105
-405
-268
-70
-161
-225
-364
-201
-39
-103
31
-440
-198
-207
-546
-422
-413
-403
71
-271
-315
-71
8
-427
60
-77
-239
-80
-40
-131
92
-177
-99
-125
44
-277
-118
-226
-163
-636
-730
-278
-433
-139
-326
-133
-220
-330
103
-363
-361
-355
-714
-237
-177
47
-243
-442
26
-185
13
-499
96
-111
-320
-145
-21
125
-325
-386
-209
-259
40
-67
-250
-243
-563
-35
-247
47
-52
-418
-1026
-163
-49
-175
-65
-163
-38
-37
-184
-381
-113
-13
-108
-57
-239
176
17
-50
-277
38
-468
-31
-237
-406
-270
-159
-258
-346
-94
9
54
-82
-331
-211
-138
-206
-507
-425
-288
-129
-450
20
-399
-250
-299
-102
-36
-143
-165
9
-111
-32
-192
-275
-474
-336
-20
74
-19
-360
-108
-101
-276
-121
-32
-300
-367
-119
170
-51
-26
-353
-488
-39
31
-170
-73
-487
184
-10
-345
-14
-246
-585
-220
62
-247
-212
-339
6
-198
76
-432
-155
-94
-138
-422
2
145
90
-307
-87
-274
12
-1
5
-115
-402
36
-32
-3
545
42
-143
-240
-251
-90
156
-244
-602
32
34
-230
-200
-277
-452
-345
-270
171
-26
-257
-140
-320
-377
-606
273
-11
-209
-205
65
-146
-268
9
-13
-218
-88
-395
-141
-170
-148
-269
-497
173
-432
-762
-76
-294
-133
-126
-386
-223
-475
-270
-234
-147
-65
-332
116
-570
-130
-316
-9
13
9
-300
-283
-515
-166
-407
-159
-293
-101
-475
108
74
-192
157
-103
-150
-504
163
30
-24
-6
232
-839
-380
-292
-106
-5
-33
-103
65
-479
198
-235
35
-199
-130
-2
-346
208
69
-226
-152
-371
-316
211
52
-213
-334
-218
-267
-276
6
-33
-458
-491
-43
-421
10
-250
-222
-472
-58
28
-403
117
-304
-105
-547
89
-235
-407
146
-176
-59
-392
-341
186
196
-617
-502
-226
-548
-490
32
-358
-168
-56
-428
-291
-135
63
-302
21
-27
-166
-577
-283
-141
0
150
-108
-188
-390
-477
-142
-230
-454
-407
-230
-135
145
-423
-151
-108
-335
-169
-351
-272
290
-195
-282
631
-284
-119
-369
-414
-465
-350
-424
-705
-91
-22
-267
-370
-291
-232
-471
-274
34
-503
-422
-141
188
-348
-285
-424
-250
33
-321
-445
-503
-499
-206
-257
-326
-361
-394
-476
-495
-544
47
-581
-77
-109
70
-59
-459
-269
234
-23
-165
-532
-258
-402
-298
49
25
-473
-108
-336
-188
-223
-134
-252
-6
107
-339
-154
7
17
-425
-33
-151
275
-416
-444
-168
-260
-93
-393
-281
-288
-182
-547
-256
-146
-109
97
-368
-156
-384
-400
-199
-348
-426
-159
-146
-29
-55
94
-253
-138
-43
-166
46
-320
-136
-366
-307
41
-479
-211
-324
-60
-487
-325
-187
45
-362
-371
-47
117
-503
-643
-428
-223
-361
-259
-370
-176
72
-354
15
-100
-345
-192
-370
-205
-231
-47
-256
12
-464
-596
-286
-311
-384
85
-311
-446
-211
-14
-150
200
-58
-136
-404
-178
-105
-303
-109
-277
-279
-435
-570
-72
-398
86
134
-130
-102
-461
-135
-87
33
-168
-246
-34
-107
85
-310
6
-156
-225
-557
-63
32
-317
-422
-196
-248
34
39
-91
26
279
64
-425
-243
-341
-113
-195
-259
-276
-208
-418
-137
-211
-231
191
-170
-175
-13
-27
-282
-352
66
-13
-204
-210
74
0
-225
-121
-526
-251
-170
-203
-174
-377
-317
-145
-296
-202
56
45
-221
-99
-81
-86
-441
12
61
-63
118
-92
-580
-204
-303
-179
-26
-11
-143
-248
-232
-39
-179
-425
-498
17
50
-150
-449
-167
-441
-236
-159
20
116
-77
-1274
-354
-98
-379
-633
-235
-140
10
-417
24
-173
-143
114
-436
98
-27
-315
-157
-322
-444
-259
-154
-137
-403
-35
39
-107
43
-303
-327
-246
-46
-166
-18
-29
-36
-406
-336
-235
-477
-198
99
33
-285
-466
-224
-106
-468
-111
-200
90
-280
-162
-69
-10
-233
-233
-201
-293
-332
-157
-244
-304
-362
-315
287
-321
-36
-432
176
-212
-155
9
35
-9
-100
79
-149
6
-304
-168
-185
144
-215
146
-424
-170
-42
-371
-29
-135
-123
-88
83
18
-86
-522
64
163
-178
-89
-8
-160
-157
-125
-514
-472
-366
-45
75
-104
-378
-427
-24
-414
-421
-215
-41
-301
129
-269
-194
39
-198
-520
-15
-94
-304
22
-2
-206
-354
10
-219
-332
-74
-413
-378
-236
-59
-285
80
-284
-290
-195
-151
-59
-364
-310
-277
-274
-240
-219
-289
4
65
30
-180
-331
-234
-135
-380
-42
-310
140
-327
-109
-87
-245
