-8104
-6040
-11821
-7749
-5707
-4209
-5715
-5302
-7370
-4567
-5688
-5775
-8976
-7375
-3608
-7443
-7318
-6883
-4810
-8530
-6473
-7130
-5803
-3851
-7504
-6372
-3433
-5407
-8632
-10156
-5408
-5922
-8253
-6260
-3955
-8290
-6728
-5053
-4060
-9343
-4200
-6457
-7190
-5589
-6961
-5553
-5856
-10741
-4116
-8100
-7339
-4103
-5024
-4961
-6893
-5780
-7233
-5544
-11010
-7230
-7100
-5543
-5472
-3290
-6960
-4652
-6644
-8847
-8788
-13626
-5830
-10740
-8280
-6220
-4143
-7423
-5054
-6187
-8432
-5685
-9055
-7359
-5852
-9481
-5725
-11030
-6614
-5799
-3260
-9680
-6062
-6738
-7007
-5287
-6366
-6547
-5317
-11112
-5418
-7944
-10213
-10095
-4907
-10341
-6992
-7305
-7281
-6287
-5010
-3923
-7079
-4757
-6774
-6098
-5383
-8185
-4959
-5639
-8074
-5016
-6738
-5892
-7042
-8007
-7127
-3920
-11949
-7671
-8761
-8434
-15172
-6439
-8941
-5247
-8721
-1671
-6360
-6787
-2842
-5020
-5210
-4080
-7326
-7589
-6885
-8050
-11519
-9100
-6510
-6596
-9385
-8741
-6608
-5961
-5145
-4835
-6794
-6247
-6770
-5788
-5739
-4354
-4961
-6522
-7625
-10167
-2564
-3788
-7054
-5662
-4659
-4328
-4251
-8432
-6271
-7739
-6658
-4179
-6422
-9832
-7371
-5423
-6598
-8206
-5573
-7520
-7034
-7536
-6155
-7318
-13281
-6985
-6777
-4818
-9047
-7152
-5901
-3945
-6453
-5945
-7213
-6000
-10438
-7448
-7166
-5787
-5964
-5852
-7158
-8530
-5982
-8814
-6561
-8321
-4604
-7354
-5693
-5349
-5201
-9007
-9544
-3193
-4336
-5214
-6542
-7680
-6552
-5916
-6898
-7582
-5649
-6623
-5163
-6612
-8916
-9485
-5629
-5946
-7338
-6666
-7652
-7136
-4570
-6721
-5225
-5497
-7095
-8022
-6382
-7828
-6318
-5680
-4909
-7774
-6240
-7310
-6487
-5470
-6218
-7822
-7940
-3352
-6528
-6474
-5549
-5059
-5516
-8981
-7770
-9951
-3242
-3898
-4810
-4698
-5121
-7468
-7283
-7043
-6758
-7541
-8237
-6544
-4883
-7769
-7797
-4350
-6970
-5638
-7775
-10962
-6989
-6744
-6514
-3974
-9971
-7058
-4850
-6116
-7629
-5944
-9707
-7464
-7567
-8006
-5816
-7133
-6984
-11129
-6299
-6408
-9317
-4751
-5359
-5929
-7235
-7248
-8455
-5701
-6793
-9869
-4016
-6576
-8154
-5087
-8927
-9213
-6916
-5619
-6954
-11612
-7834
-5227
-8354
-13253
-7254
-8580
-6891
-5582
-6789
-10414
-15052
-11077
-7904
-8087
-4501
-4403
-6433
-6398
-8265
-6767
-9510
-6782
-7704
-8508
-5711
-7459
-6257
-6526
-8219
-7303
-5707
-5650
-5533
-6456
-6405
-6003
-6609
-5553
-6198
-11661
-5005
-6400
-3669
-6012
-8607
-5909
-5367
-6341
-9921
-5847
-6501
-7097
-5062
-8163
-5798
-7964
-7301
-6270
-8280
-4750
-8050
-9278
-8320
-8501
-6972
-6130
-6385
-9292
-10595
-6501
-8222
-6213
-5360
-6003
-5195
-6510
-2250
-4464
-7020
-3165
-5917
-14115
-5514
-6122
-7777
-5292
-5213
-10909
-6781
-7353
-7695
-4462
-5583
-7575
-8939
-5523
-7047
-5107
-6641
-5814
-9773
-7763
-4251
-5224
-3020
-4573
-4925
-6051
-6765
-6135
-6789
-3524
-8400
-7100
-5701
-6506
-6518
-6488
-6780
-5416
-14146
-7015
-7614
-7930
-8160
-5041
-5611
-6704
-4741
-9516
-7233
-6529
-7940
-6925
-6043
-4169
-6326
-5025
-5476
-7226
-6626
-4213
-4544
-4226
-7195
-7537
-8778
-6329
-4473
-5572
-5537
-10704
-7207
-6900
-6231
-6129
-10419
-4404
-4834
-6117
-7360
-5660
-5218
-4141
-6990
-6821
-5539
-5044
-8728
-5124
-6165
-6102
-9354
-7742
-6464
-10080
-7511
-7315
-7529
-4235
-7690
-6835
-6623
-6017
-7229
-7055
-5213
-4513
-4402
-7495
-5498
-8172
-5697
-7851
-5151
-8962
-5667
-9653
-5205
-5245
-7315
-6271
-6712
-7035
-4393
-4718
-7967
-6912
-5457
-7565
-5544
-7142
-10874
-9999
-6011
-7358
-6742
-12329
-8074
-4358
-9008
-8009
-6567
-6869
-5539
-4225
-6139
-8125
-4994
-5351
-4736
-5723
-5510
-11144
-5280
-7110
-6950
-7425
-7227
-9066
-7055
-6859
-9565
-5358
-9640
-5772
-7243
-5781
-5046
-7416
-7046
-11809
-5686
-7877
-6936
-5717
-5355
-8342
-6724
-7215
-2807
-6803
-7771
-5669
-9505
-5038
-4951
-7581
-5538
-5697
-6235
-5165
-7279
-4853
-5644
-10500
-9135
-7456
-8178
-7752
-4758
-7274
-6215
-6489
-7816
-3498
-5822
-7737
-4951
-6508
-7229
-6497
-7643
-6291
-4046
-5271
-6741
-9596
-6979
-11263
-8680
-3761
-5789
-7624
-9319
-12692
-7688
-8062
-4713
-10809
-5499
-6790
-8055
-8222
-7989
-4956
-4302
-7848
-4396
-5378
-5588
-6458
-8265
-5377
-10057
-6662
-7137
-4537
-4595
-5268
-7242
-5485
-5153
-5861
-7385
-6297
-7784
-5813
-5791
-7438
-5859
-5850
-5636
-6316
-5324
-7039
-12685
-6987
-7300
-5173
-5351
-6631
-9530
-5574
-9223
-4607
-7542
-7982
-6768
-8661
-4889
-8802
-7253
-5272
-5356
-13955
-4507
-10693
-8341
-5484
-6627
-3757
-5692
-11309
-7180
-7890
-7067
-6618
-4904
-6547
-6662
-5391
-5179
-5418
-4620
-7936
-7206
-5953
-5905
-7060
-7030
-7554
-7836
-7736
-8208
-8643
-5815
-3788
-9556
-6430
-9449
-7885
-5746
-5530
-5213
-4707
-8150
-7503
-5025
-7201
-5901
-8551
-9513
-5764
-5338
-6117
-4884
-9564
-5630
-5730
-7176
-5045
-5166
-7581
-8041
-6539
-5752
-3427
-4608
-6776
-7548
-14265
-6537
-6900
-6671
-5863
-8434
-7411
-5909
-8413
-4083
-5643
-11209
-5569
-5280
-4639
-5689
-6092
-4763
-6870
-6002
-6055
-7115
-6056
-3728
-5907
-7480
-5342
-4988
-6301
-5218
-6937
-8210
-5298
-5557
-9939
-4368
-10052
-7734
-8144
-7151
-7397
-5974
-4546
-7141
-5541
-6770
-10320
-5987
-4817
-5825
-8145
-7154
-5306
-6215
-8701
-11068
-6539
-8428
-6513
-5046
-6910
-5628
-5485
-5847
-6430
-7514
-5847
-4511
-4197
-7008
-6404
-4257
-6621
-11432
-7675
-6215
-6790
-4697
-6712
-9807
-5550
-6791
-4402
-7443
-5803
-7624
-6489
-5283
-4816
-5462
-5947
-9327
-5311
-6064
-4986
-4485
-6462
-6516
-7080
-7013
-5964
-5507
-5915
-7084
-8474
-6978
-8835
-9048
-7019
-7024
-10450
-5530
-11667
-7877
-3977
-8613
-6413
-6855
-10042
-8185
-8569
-6920
-8466
-5276
-8332
-7356
-7598
-10893
-6206
-3877
-4893
-6882
-5541
-6758
-7958
-7407
-12337
-5253
-5542
-5475
-4787
-7390
-5323
-5994
-5012
-4676
-5844
-5777
-7195
-7661
-3937
-3496
-4987
-6509
-5972
-6878
-7481
-6805
-7351
-9884
-6527
-6472
-13329
-6340
-5565
-9002
-6469
-5327
-9348
-8079
-6206
-5458
-5311
-6666
-11818
-4608
-7653
-9137
-5762
-5371
-3950
-7186
-11182
-7735
-7770
-8964
-6520
-5163
-6646
-6030
-5907
-5549
-5947
-6940
-5329
-6831
-6051
-4110
-7223
-3817
-4993
-5607
-7400
-10846
-13346
-11754
-7073
-4763
-5722
-3630
-12658
-5300
-8329
-7435
-5206
-6961
-5451
-6818
-8938
-8774
-7752
-6464
-6079
-6520
-7348
-5410
-5097
-5062
-9568
-7026
-5953
-4167
-6202
-4593
-7321
-8043
-6545
-5260
-8914
-7789
-6633
-9093
-5808
-6855
-4705
-6703
-6190
-6783
-4525
-6514
-6917
-8676
-5808
-5917
-7291
-8355
-4523
-6515
-5921
-3746
-5882
-12750
-2963
-5216
-10394
-10775
-6936
-13184
-9152
-7254
-5727
-8635
-10480
-7887
-8033
-7760
-8625
-6853
-6623
-5916
-4779
-7339
-6356
-5655
-7217
-5388
-5160
-6251
-5407
-7750
-9079
-6491
-7757
-5903
-3486
-7554
-6459
-6670
-4991
-7753
-6804
-6429
-6294
-6720
-7144
-8555
-4414
-10025
-7167
-8091
-5033
-6697
-4639
-7777
-5505
-6982
-5312
-5788
-4727
-6820
-7137
-7603
-7525
-9364
-7504
-5955
-9696
-6427
-5057
-4539
-6857
-4292
-5485
-2992
-8246
-8030
-5137
-6129
-7282
-5467
-5580
-7127
-5606
-6083
-4916
-5500
-6353
-6436
-7596
-8283
-7189
-6989
-7714
-6298
-5936
-4765
-8674
-4958
-6336
-13016
-6428
-4883
-10769
-4516
-5299
-5725
-6679
-5906
-7328
-8460
-7181
-6730
-2775
-11293
-6098
-6542
-5569
-5729
-5723
-6277
-7592
-5726
-5382
-6456
-7042
-7055
-6134
-5974
-4975
-7277
-5250
-8043
-6288
-8490
-5960
-7759
-5195
-7126
-7520
-5067
-5348
-6495
-7434
-8604
-12753
-10351
-2727
-8354
-5419
-5856
-4964
-5256
-7447
-9539
-5115
-5646
-7255
-6201
-5694
-9778
-7752
-4830
-5639
-7821
-6077
-5717
-7098
-8049
-5239
-6822
-5968
-5692
-7258
-6736
-5778
-5743
-7248
-6861
-7806
-2790
-5607
-6727
-7660
-7484
-7742
-5456
-7165
-6232
-12447
-4687
-6989
-6492
-4796
-6357
-5280
-5727
-8051
-7008
-7281
-6986
-6092
-9443
-8709
-5940
-6372
-11379
-7253
-9124
-7121
-6767
-13636
-5939
-7689
-6922
-2623
-6038
-5587
-9821
-10542
-7421
-5200
-7453
-5667
-6402
-5298
-7265
-4037
-7184
-8859
-6756
-6766
-3544
-10223
-5490
-9217
-5856
-7813
-7821
-7738
-9093
-6652
-9989
-6090
-5077
-4104
-6670
-7517
-9096
-3806
-5748
-5132
-5699
-5000
-6768
-6652
-11330
-5714
-8131
-5487
-6299
-6725
-5869
-5142
-8902
-4021
-5014
-8873
-11228
-8704
-6297
-5808
-8379
-5996
-7485
-7580
-7471
-8053
-8392
-5194
-6608
-6003
-5734
-13532
-6048
-7483
-6627
-5142
-6142
-7917
-8805
-5690
-5783
-8893
-4665
-6976
-4968
-9775
-5419
-4772
-6934
-4457
-4993
-13358
-5431
-6792
-6764
-5771
-8148
-5532
-7493
-6343
-6245
-6909
-5522
-5400
-5296
-5776
-6809
-10722
-3441
-6549
-7773
-12531
-6280
-10042
-5575
-2495
-14551
-5772
-5617
-5766
-6470
-9877
-8313
-5043
-6541
-6894
-6780
-6883
-4625
-6681
-6952
-4991
-10982
-9286
-6597
-7263
-5856
-6606
-6454
-2946
-6997
-7790
-8830
-7110
-8515
-6705
-6181
-6350
-4840
-7036
-3571
-5441
-10870
-7900
-6275
-9223
-6077
-5277
-5773
-8356
-7373
-5637
-5348
-7460
-11322
-8374
-4977
-4926
-7592
-4331
-8393
-8281
-7283
-7600
-3336
-8365
-15155
-5324
-8005
-7189
-10146
-7437
-6694
-4816
-4655
-10078
-5937
-6319
-5303
-5065
-5590
-7714
-4945
-3981
-6711
-6924
-5346
-8500
-6633
-6940
-11345
-5668
-4842
-4522
-6915
-6553
-4909
-10738
-2313
-5419
-7992
-2807
-5886
-8224
-7330
-5374
-4493
-6228
-5413
-5805
-7197
-4493
-12890
-5504
-8250
-9406
-7519
-6208
-6279
-4937
-8266
-5426
-11387
-5604
-5936
-8682
-9946
-6023
-11316
-5894
-5270
-4816
-5865
-5836
-7602
-3983
-6231
-5884
-5572
-8345
-5708
-7725
-6881
-4725
-6899
-9982
-9558
-5899
-4409
-7397
-5773
-5063
-4655
-7123
-5518
-5472
-5338
-8994
-4792
-3826
-6589
-4896
-7074
-7717
-5983
-10088
-6312
-5429
-6152
-6201
-5505
-10369
-5691
-4791
-6408
-6567
-9456
-3854
-5054
-5748
-6551
-14045
-9821
-6110
-8901
-5656
-5557
-4734
-7172
-6476
-8294
-8497
-6181
-6963
-7500
-6510
-4572
-6285
-5933
-5447
-4375
-7538
-6757
-10877
-5273
-12461
-6266
-7108
-7095
-7875
-7134
-4171
-6883
-6686
-6972
-5769
-7019
-5890
-10046
-5388
-6502
-5682
-3353
-4263
-6275
-5804
-3821
-7627
-5969
-5863
-7259
-6373
-6486
-8570
-6436
-7225
-6096
-5741
-5413
-9373
-7419
-7530
-5418
-11605
-4836
-7325
-5175
-6457
-6851
-10272
-6558
-9449
-10363
-7229
-6297
-6489
-7033
-5846
-7361
-9466
-7712
-6465
-11367
-4083
-5300
-5055
-5426
-5630
-6867
-10977
-5143
-5738
-11988
-5483
-6625
-5854
-6620
-12992
-4235
-4431
-5083
-4994
-7035
-5076
-5879
-8146
-4153
-3005
-5860
-6800
-5602
-11362
-11393
-12215
-7320
-7124
-4683
-6321
-5794
-5140
-5100
-10091
-5380
-5672
-6876
-6387
-6394
-9468
-5839
-8175
-5705
-5809
-5951
-5461
-6143
-5095
-10680
-6748
-4103
-6212
-6831
-6234
-6652
-2388
-6361
-8000
-2667
-5535
-5786
-7677
-6412
-8993
-6934
-7860
-5944
-5932
-5748
-5868
-7942
-5211
-5883
-6500
-5537
-7752
-7578
-6741
-5425
-4302
-8312
-5248
-7326
-10801
-7977
-6927
-7479
-6324
-6133
-8654
-8503
-5952
-6483
-5572
-6807
-6400
-5938
-5793
-4132
-7466
-5515
-7505
-13311
-7672
-6578
-6942
-7006
-5153
-5405
-7202
-5021
-7323
-10110
-7390
-5998
-12957
-6634
-6785
-5854
-7238
-6600
-5285
-5777
-5786
-5235
-6242
-5158
-6658
-14706
-6225
-11328
-5669
-4853
-7891
-7178
-7367
-6272
-6415
-7958
-4612
-6016
-5765
-9154
-11273
-6774
-5475
-6672
-11164
-5342
-7949
-5736
-6790
-8070
-6938
-7955
-5399
-6489
-6692
-6704
-7561
-7415
-5486
-7911
-5342
-7873
-5564
-8034
-8704
-5935
-10078
-5902
-9277
-7823
-6645
-7018
-5345
-5894
-11948
-4745
-6491
-6495
-5916
-5558
-6315
-6160
-7304
-6587
-6514
-6391
-6207
-6036
-6569
-5142
-6728
-2891
-4791
-5915
-2904
-5885
-5490
-6326
-6746
-9102
-5302
-9192
-3993
-11716
-8088
-7594
-7711
-12614
-6839
-5856
-6068
-6686
-5929
-5810
-6711
-5732
-7557
-5086
-5525
-6584
-6843
-6253
-7022
-5484
-4742
-7556
-5952
-5548
-7141
-4469
-5942
-8458
-6924
-6120
-5120
-6177
-6200
-7640
-4201
-5073
-4738
-6250
-5213
-5990
-5276
-4429
-7518
-5982
-6790
-5378
-8204
-5459
-7334
-10105
-5614
-5049
-6366
-9473
-6430
-6673
-7636
-6467
-9810
-5584
-5861
-5659
-8407
-4040
-10104
-6300
-6351
-4137
-6262
-7029
-7712
-6471
-5806
-5834
-7386
-13846
-8997
-4660
-5650
-6399
-5933
-5460
-4311
-9748
-9537
-9333
-4918
-6814
-4956
-5308
-5592
-4762
-7793
-5781
-7315
-6987
-6108
-8650
-5909
-8376
-7144
-6589
-7406
-7815
-6962
-7879
-5101
-5488
-5639
-5857
-6553
-8905
-5707
-6073
-7517
-6959
-6260
-3711
-7030
-6875
-5828
-5132
-2759
-6667
-7044
-10550
-5870
-5334
-8381
-10048
-6207
-5292
-5729
-9929
-6712
-5817
-4807
-4680
-5779
-5650
-7817
-9335
-7519
-5690
-5806
-7040
-6537
-6433
-7980
-10090
-5850
-7286
-11700
-6085
-11858
-5893
-6948
-7212
-7352
-5832
-5855
-6527
-8073
-5458
-5185
-6557
-8429
-6879
-6692
-7362
-9157
-5869
-5490
-10825
-5987
-11477
-5341
-8135
-7988
-10263
-5476
-7636
-6809
-8286
-6816
-7042
-6482
-6342
-5730
-7995
-6578
-5956
-8208
-7964
-5451
-4730
-8529
-7402
-7805
-9568
-4419
-7357
-12100
-6659
-5053
-5408
-8364
-10538
-6575
-4871
-8214
-6694
-5868
-5846
-5932
-8155
-7623
-7806
-4432
-6720
-6555
-5827
-7012
-9003
-6649
-7315
-10397
-3980
-6198
-7185
-7584
-8948
-5029
-5694
-6796
-6206
-5473
-6919
-5633
-5884
-6159
-7393
-10911
-5523
-3177
-5627
-5507
-5873
-4791
-3825
-7304
-5448
-7088
-6547
-5941
-7311
-5805
-5453
-8933
-6860
-7124
-7434
-14825
-11843
-6437
-7039
-6954
-5652
-8553
-7661
-2986
-5302
-6598
-4088
-7842
-5682
-6812
-5040
-4235
-5504
-7848
-10423
-7594
-6587
-5868
-6531
-6959
-7826
-6703
-6349
-9391
-7145
-12193
-6489
-6649
-6364
-7030
-6544
-5679
-6539
-9700
-11492
-9300
-5878
-3170
-6044
-7166
-7708
-5676
-9510
-8904
-8325
-6717
-7790
-7715
-7164
-5937
-8825
-4918
-7992
-4559
-7054
-9128
-6890
-9729
-10681
-14490
-4506
-3495
-5385
-9487
-8806
-3610
-5753
-6980
-4833
-5943
-6713
-14162
-5944
-8617
-6434
-5436
-5883
-7617
-5933
-4900
-6237
-6283
-5581
-6394
-7405
-6233
-7580
-7054
-5699
-5387
-6679
-7142
-8765
-6657
-7091
-6258
-9613
-8643
-9312
-7328
-5171
-7602
-6878
-2886
-8561
-8426
-6702
-10052
-5937
-6406
-4354
-5296
-4612
-6999
-4155
-7555
-7101
-9146
-7593
-4150
-5604
-6948
-6644
-5121
-7455
-6033
-6583
-11792
-8456
-5471
-4877
-5596
-5659
-8941
-5983
-6712
-7073
-5892
-5729
-6671
-8447
-7717
-5634
-6374
-5960
-5816
-5499
-6320
-8300
-5187
-5898
-7108
-7283
-7150
-8434
-4708
-4480
-9557
-8962
-6442
-5913
-6254
-12525
-6545
-7489
-5220
-7981
-6298
-8408
-5936
-8255
-6754
-4536
-2961
-5925
-7111
-8296
-12582
-5459
-5699
-6807
-8404
-4392
-5928
-5683
-3862
-6413
-7834
-6645
-7343
-7042
-8748
-8727
-4435
-2972
-5691
-5603
-7136
-5970
-7678
-5600
-6360
-6768
-5844
-7278
-6921
-5754
-10346
-3459
-5547
-6574
-6454
-11438
-6486
-6559
-8947
-5776
-6964
-6842
-6339
-7656
-5297
-11240
-5875
-7759
-7601
-5438
-3721
-7767
-6460
-5504
-5077
-10713
-7461
-11040
-11125
-6036
-8657
-9659
-4929
-11861
-4927
-10586
-7173
-7784
-4889
-6850
-7984
-5767
-6518
-4992
-7191
-10838
-8088
-8422
-9896
-7645
-9406
-3376
-7642
-5571
-10957
-7307
-4508
-8542
-8644
-5509
-5941
-5354
-6474
-5717
-7186
-9034
-5915
-6816
-3771
-6919
-9360
-5748
-7164
-5110
-6665
-6661
-7234
-5296
-4870
-6672
-5672
-5525
-4456
-5664
-7776
-7521
-6683
-8303
-5655
-2866
-5396
-7491
-7386
-5727
-6840
-7189
-7032
-5446
-6227
-6910
-10041
-6497
-10243
-5016
-4646
-5161
-6757
-9261
-5866
-6745
-7304
-7949
-5634
-10403
-6477
-6123
-5819
-8212
-5614
-7242
-5090
-7940
-7530
-6295
-6720
-5872
-7502
-7965
-4769
-11592
-9016
-4568
-6283
-5815
-2599
-7320
-6328
-12929
-7149
-7389
-4979
-4943
-7173
-5384
-6922
-7651
-5404
-4181
-5181
-4944
-6360
-6542
-5794
-5751
-6323
-5504
-6601
-7417
-4065
-5881
-8103
-9687
-8728
-6040
-5569
-6517
-6559
-5851
-5334
-7026
-7782
-5360
-11599
-2228
-6428
-5614
-8541
-6870
-6616
-7066
-6108
-6613
-9299
-5771
-14116
-5546
-7933
-5731
-3272
-8039
-7797
-7202
-7439
-8026
-6783
-6504
-5839
-10402
-7646
-7721
-6374
-7267
-6658
-6305
-7969
-5875
-6689
-8108
-8665
-7785
-7332
-6619
-5724
-6378
-6187
-5507
-5989
-10262
-3793
-6276
-8592
-8997
-5094
-7333
-6713
-6831
-5684
-5537
-5056
-5702
-4875
-5137
-7137
-4336
-11342
-6977
-6163
-5571
-7836
-6578
-7774
-10295
-8916
-6573
-5889
-7679
-4361
-5537
-7630
-8747
-5795
-4621
-7107
-8944
-5612
-8525
-5946
-7471
-6654
-5769
-5210
-5718
-1532
-6334
-7397
-4861
-5874
-6724
-6946
-5998
-8691
-4051
-5843
-8328
-7281
-8413
-5096
-6190
-5132
-5594
-5476
-6399
-7425
-6037
-5731
-4391
-4829
-7223
-7755
-7211
-6953
-6905
-4341
-5863
-7099
-5814
-3844
-5890
-8038
-4519
-8135
-7939
-7549
-5925
-8590
-5238
-11224
-5412
-5577
-6960
-5129
-7260
-9015
-5254
-8210
-10131
-3566
-10958
-11501
-6800
-7262
-5654
-6411
-2993
-7384
-13210
-7719
-4714
-9511
-6674
-7244
-5743
-8761
-5268
-11681
-7043
-5982
-6536
-8128
-10652
-5781
-7195
-5911
-6478
-6581
-9758
-9573
-7529
-5933
-7206
-7452
-5852
-5751
-6808
-6440
-10388
-5168
-7131
-9674
-5972
-5017
-9905
-8109
-8126
-5723
-7996
-7381
-6421
-5929
-6476
-6521
-7762
-5546
-4540
-5758
-4959
-5615
-7838
-7386
-6532
-7587
-4830
-6815
-6821
-4698
-4203
-6811
-6713
-8124
-7076
-7083
-5254
-7051
-6159
-6630
-8216
-6507
-6295
-5295
-4612
-6326
-6582
-5586
-7050
-5629
-9669
-7368
-6983
-7149
-10167
-5323
-5670
-8137
-6045
-5442
-7106
-4163
-5760
-6814
-5328
-3518
-9130
-5758
-5452
-4230
-5522
-8295
-10401
-6849
-9484
-6058
-4874
-5890
-5042
-5233
-6567
-8313
-8385
-6610
-5904
-4998
-5702
-5495
-7602
-7678
-5212
-4781
-4472
-7557
-7722
-5188
-7122
-7607
-5226
-10927
-7266
-3683
-5501
-6760
-7204
-5977
-7970
-5931
-5657
-10377
-6744
-6813
-7237
-2906
-6448
-5346
-5843
-5967
-5880
-4292
-12885
-6097
-5390
-6597
-6539
-4349
-7397
-6687
-5179
-6125
-5337
-5334
-6846
-13513
-5916
-5697
-9065
-5738
-5641
-8871
-8216
-3879
-8011
-6429
-9002
-5732
-9718
-4480
-4810
-9046
-6777
-5289
-10112
-7347
-7969
-7150
-7670
-9050
-6459
-6632
-7222
-7164
-5936
-7688
-8085
-7086
-8335
-7675
-6214
-5110
-7288
-7478
-13527
-9475
-5837
-7442
-5419
-6085
-5886
-6755
-5530
-5931
-9663
-14460
-6947
-5816
-6539
-6359
-5930
-6322
-6045
-6728
-6846
-4831
-7394
-6058
-3068
-5331
-5856
-7688
-5901
-6421
-5854
-5917
-7496
-4494
-7759
-5066
-4805
-6634
-6044
-9319
-8765
-7474
-6926
-5375
-9824
-4985
-7057
-6176
-7856
-6752
-4920
-7377
-7223
-5633
-7302
-7672
-6001
-5829
-3493
-8679
-9329
-6882
-6224
-7102
-7446
-8534
-5951
-7246
-8754
-7431
-9355
-6841
-5716
-4887
-5539
-5829
-7761
-11934
-5137
-5296
-7735
-3949
-7112
-4404
-7551
-9741
-5780
-6152
-5981
-5287
-6167
-6643
-4310
-6864
-6059
-6757
-6676
-6984
-9607
-5894
-6956
-3843
-8168
-7104
-5958
-6977
-11250
-5654
-4851
-8250
-4859
-7237
-4794
-6792
-5193
-7724
-5938
-5176
-6720
-6678
-4229
-7690
-7284
-6454
-8310
-7594
-7459
-6418
-5284
-5402
-5211
-8799
-8836
-5323
-7517
-5897
-4772
-10302
-11505
-6828
-7442
-6814
-7530
-7060
-4734
-4811
-4871
-6681
-5503
-5978
-8203
-4228
-4828
-6082
-4477
-11606
-5723
-8991
-4282
-7137
-9945
-8716
-6876
-5300
-6447
-5402
-7185
-7856
-8301
-6621
-5898
-5351
-6419
-5846
-7338
-5687
-5648
-7368
-5479
-10664
-7235
-4858
-5505
-7115
-6823
-7093
-4970
-8244
-7392
-9483
-6557
-5795
-15765
-7203
-4399
-6456
-10693
-6491
-4831
-7825
-7013
-11320
-7425
-8284
-6009
-5854
-7165
-4789
-5346
-5962
-5625
-7055
-7012
-6742
-7801
-7274
-5742
-3860
-6902
-5348
-6517
-5431
-7481
-4078
-5499
-9214
-5260
-13572
-5954
-5068
-5824
-7582
-5114
-5833
-7745
-5630
-8215
-7143
-4513
-10320
-9033
-6948
-7095
-7309
-13220
-8712
-8182
-8492
-7618
-7409
-5160
-4659
-4921
-7148
