-72661392
-40356336
-154611872
-66428864
-36033576
-19593720
-36127952
-31097732
-60093664
-23077964
-35794172
-36889916
-89131528
-60168696
-14396739
-61295400
-59246300
-52414524
-25593624
-80492072
-46356636
-56242376
-37255140
-16408216
-62291780
-44921872
-13038455
-32339262
-82442776
-114110472
-32359352
-38798124
-75357632
-43356800
-17302386
-76030848
-50074284
-28242562
-18232906
-96582184
-19512948
-46121652
-57196772
-34551352
-53608148
-34111988
-37942276
-127651040
-18744836
-72584240
-59596320
-18622642
-27926488
-27230604
-52570084
-36964500
-57883200
-34000364
-134118096
-57829900
-55774104
-33988308
-33127174
-11975736
-53595492
-23943600
-48837148
-86587352
-85443528
-205438832
-37599812
-127620176
-75841448
-42807684
-18990464
-60961184
-28254718
-42349452
-78665376
-35753780
-90724088
-59909252
-37891668
-99458368
-36258304
-134612944
-48389612
-37205272
-11755816
-103676544
-40647692
-50221888
-54318120
-30925238
-44834860
-47421568
-31269798
-136608432
-32478514
-69820504
-115408720
-112749000
-26641638
-118317368
-54093372
-59034520
-58643408
-43729780
-27770154
-17026300
-55439828
-25032208
-50766680
-41136940
-32052184
-74120536
-27200466
-35179708
-72127272
-27830782
-50227504
-38399592
-54864368
-70926232
-56192292
-16996318
-157974480
-65102076
-84924872
-78689136
-254694704
-45862448
-88451672
-30454926
-84142184
-3087675
-44753384
-50967388
-8934929
-27877098
-30025716
-18413986
-59374688
-63716992
-52440468
-71689016
-146811712
-91627592
-46892672
-48132268
-97453400
-84526560
-48314452
-39313328
-29288898
-25864612
-51065208
-43168028
-50708348
-37066032
-36441736
-20970080
-27231416
-47064256
-64322900
-114370640
-7273526
-15871728
-55055804
-35467648
-24017014
-20724394
-19995348
-78653568
-43508260
-66267360
-49044796
-19314952
-45627808
-106951552
-60103620
-32538120
-48161500
-74506776
-34355576
-62558524
-54736904
-62829196
-41911756
-59252660
-195149824
-53982632
-50813784
-25681208
-90551656
-56592248
-38523392
-17217088
-46072636
-39100364
-57561676
-39826148
-120543224
-61376100
-56816588
-37050464
-39349620
-37892020
-56681696
-80496152
-39581764
-85952384
-47617944
-76600144
-23453238
-59830804
-35860036
-31648468
-29921368
-89764760
-100785384
-11279430
-20802874
-30072468
-47350188
-65252144
-47488056
-38713944
-52648196
-63603536
-35307644
-48522840
-29488198
-48361604
-87949600
-99540280
-35054968
-39117156
-59573460
-49161628
-64774688
-56331492
-23105596
-49979992
-30196526
-33426214
-55697960
-71194592
-45057144
-67800272
-44161980
-35697124
-26660184
-66858052
-43081772
-59113268
-46548640
-33102372
-42778348
-67698184
-69740464
-12429833
-47147688
-46371768
-34061196
-28312184
-33661744
-89240736
-66800440
-109552256
-11625431
-16804500
-25594346
-24420256
-29012746
-61704576
-58677492
-54880916
-50528520
-62916084
-75068656
-47373288
-26378386
-66779492
-67263824
-20933572
-53745800
-35170160
-66875724
-132937848
-54046584
-50323716
-46949808
-17473136
-109989760
-55116912
-26019552
-41379980
-64382664
-39081044
-104247296
-61640720
-63349340
-70921272
-37417544
-56292660
-53957788
-137026048
-43899892
-45422772
-96043720
-24969748
-31773524
-38883908
-57912804
-58125020
-79097384
-35952448
-51050416
-107759312
-17841676
-47838156
-73555888
-28622870
-88159544
-93912512
-52915616
-34925596
-53493252
-149185648
-67890224
-30225840
-77209200
-194341760
-58211316
-81454400
-52530988
-34476024
-50991448
-119996440
-250682288
-135751168
-69117784
-72355272
-22406898
-21449076
-45783568
-45286344
-75580376
-50664160
-100055240
-50888456
-65656364
-80086744
-36079740
-61546732
-43318472
-47119876
-74740536
-59005448
-36026588
-35309640
-33872556
-46105812
-45384340
-39864376
-48319128
-34119356
-42494208
-150457328
-27708414
-45310676
-14887148
-39989936
-81958880
-38629180
-31865644
-44479212
-108888816
-37827740
-46752932
-55721968
-28341524
-73720104
-37191512
-70178168
-58968920
-43488592
-75854496
-24958322
-71700360
-95231776
-76591736
-79962128
-53781044
-41573096
-45102800
-95532280
-124187840
-46753512
-74782208
-42703892
-31786690
-39866224
-29854064
-46882048
-5598023
-22042004
-54524956
-11082946
-38735916
-220420304
-33636132
-41464708
-66910620
-30987244
-30067950
-131658056
-50870244
-59813164
-65511860
-22024536
-34488488
-63487340
-88412168
-33743276
-54939916
-28853106
-48791236
-37395124
-105674328
-66674852
-19988894
-30190782
-10089753
-23134738
-26830502
-40503056
-50637124
-41638852
-50993452
-13735181
-78072488
-55776736
-35955508
-46827600
-47007936
-46564128
-50856176
-32450934
-221409024
-54440620
-64145496
-69581200
-73664784
-28112670
-34831284
-49720536
-24868140
-100179392
-57884744
-47161364
-69751584
-53052988
-40406408
-19230428
-44274708
-27932242
-33178826
-57770596
-48570688
-19631102
-22843668
-19753032
-57268096
-62848636
-85244920
-44310964
-22136168
-34351324
-33914536
-126764488
-57469052
-52679132
-42946708
-41562464
-120110248
-21457980
-25848134
-41395888
-59922936
-35436276
-30117624
-18969344
-54054504
-51478700
-33941192
-28150354
-84276752
-29046222
-42045884
-41190184
-96811896
-66316092
-46227736
-112416576
-62409592
-59197956
-62716120
-19844672
-65430448
-51677504
-48525196
-40056376
-57822580
-55069900
-30065944
-22535918
-21437248
-62140664
-33442562
-73883936
-35908856
-68190480
-29347278
-88861496
-35523944
-103087128
-29969116
-30433490
-59200152
-43507848
-49835192
-54746084
-21345318
-24622952
-70226712
-52855200
-32938648
-63317784
-33997840
-56426096
-130820592
-110619160
-39971012
-59894444
-50281020
-168177760
-72127560
-21014308
-89765496
-70959424
-47704088
-52203528
-33939544
-19747150
-41696392
-73035072
-27592498
-31672450
-24810456
-36240056
-33591212
-137410848
-30840834
-55927244
-53441412
-60986688
-57778384
-90944584
-55072612
-52044400
-101226920
-31753880
-102805696
-36860828
-58037724
-36975224
-28169930
-60850880
-54920244
-154287136
-35768280
-68638568
-53224988
-36160016
-31724030
-76996984
-50013764
-57584520
-8716050
-51204740
-66814956
-35553440
-99945128
-28074942
-27117526
-63575872
-33934668
-35908792
-43011676
-29507382
-58623336
-26051336
-35235384
-121969640
-92331256
-61497844
-73989760
-66475712
-25041948
-58539120
-42725768
-46590392
-67585768
-13533540
-37494356
-66235372
-27120554
-46852148
-57818964
-46694140
-64630596
-43782936
-18105470
-30741572
-50276928
-101876968
-53883440
-140342896
-83353688
-15645993
-37072328
-64301460
-96082352
-178239856
-65389368
-71902616
-24570586
-129254624
-33448546
-51002824
-71787096
-74794472
-70605640
-27172114
-20469210
-68147536
-21378782
-32000182
-34548788
-46146328
-75568872
-31988316
-111912280
-49107340
-56356208
-22767240
-23361882
-30703992
-58018080
-33282838
-29370636
-38004652
-60330628
-43870632
-67035620
-37388720
-37100956
-61204148
-37973576
-37860256
-35136252
-44126664
-31352794
-54814548
-178019728
-54005084
-58951288
-29603708
-31679948
-48638356
-100483472
-34371872
-94111584
-23478286
-62928896
-70481000
-50675764
-82987936
-26440524
-85715104
-58198848
-30742132
-31733534
-215458800
-22476020
-126503256
-76972640
-33273828
-48585260
-15617993
-35837440
-141504816
-57035636
-68866480
-55256016
-48448416
-26606828
-47419456
-49102404
-32150086
-29667928
-32475664
-23609040
-69677368
-57447300
-39200056
-38576068
-55150220
-54669464
-63123732
-67933072
-66209500
-74530560
-82648832
-37413412
-15873876
-101028584
-45743480
-98770904
-68791648
-36527260
-33836404
-30065186
-24513888
-73484656
-62286140
-27931082
-57367852
-38527212
-80894960
-100117952
-36759912
-31526468
-41393732
-26383726
-101195760
-35068228
-36319292
-56972480
-28156942
-29520034
-63591412
-71541512
-47299564
-36597760
-12991570
-23490788
-50792420
-63030540
-225158368
-47271760
-52665156
-49228620
-38026892
-78694776
-60770720
-38630868
-78297224
-18445108
-35230612
-139020128
-34314560
-30845190
-23803382
-35800884
-41053372
-25095512
-52210596
-39859024
-40554808
-56004892
-40578520
-15370237
-38604184
-61898948
-31566000
-27524028
-43917068
-30118288
-53235584
-74569312
-31053164
-34163276
-109295136
-21110696
-111786288
-66182804
-73386456
-56579540
-60537180
-39478248
-22865304
-56424052
-33969216
-50705624
-117839280
-39660856
-25669464
-37536492
-73395064
-56629484
-31141166
-42735804
-83758480
-135544992
-47303244
-78595016
-46922508
-28169556
-52827908
-35036424
-33278732
-37826760
-45737980
-62469792
-37819932
-22508686
-19485592
-54334424
-45367460
-20048758
-48492148
-144595424
-65177756
-42727132
-51009320
-24401422
-49837032
-106399288
-34081848
-51016980
-21436732
-61281140
-37255376
-64305344
-46577652
-30873524
-25655814
-33005968
-39130256
-96254776
-31205532
-40682404
-27502288
-22247822
-46200784
-46976176
-55458200
-54417644
-39345260
-33547208
-38711388
-55520844
-79437952
-53871860
-86365552
-90582712
-54501484
-54587060
-120814304
-33835480
-150608448
-68643576
-17494768
-82080104
-45500628
-51985908
-111572752
-74110888
-81233984
-52982964
-79303000
-30796986
-76808024
-59871496
-63873288
-131269336
-42604832
-16631212
-26480178
-52391396
-33969728
-50524016
-70059288
-60691448
-168408736
-30523864
-33972752
-33163448
-25352552
-60425900
-31348732
-39749060
-27792296
-24183334
-37777776
-36915072
-57268692
-64937756
-17148430
-13522972
-27516718
-46871036
-39458652
-52338948
-61919956
-51232720
-59779668
-108092848
-47129780
-46342956
-196569472
-44466936
-34255444
-89657552
-46303580
-31387270
-96686120
-72219096
-42604972
-32955980
-31209986
-49155636
-154513136
-23490160
-64803428
-92355872
-36731444
-31914078
-17258498
-57133932
-138337664
-66192092
-66790360
-88899552
-47024144
-29487548
-48868640
-40232892
-38601212
-34069264
-39127276
-53284196
-31419788
-51629196
-40503876
-18687846
-57726040
-16113814
-27575982
-34776628
-60584332
-130150928
-197075888
-152854448
-55341092
-25099556
-36221664
-14574775
-177267920
-31074016
-76747360
-61162160
-29978416
-53604572
-32875006
-51434848
-88376040
-85162008
-66481856
-46231084
-40876848
-47035444
-59734536
-32384514
-28743790
-28344606
-101278752
-54608524
-39202080
-19203962
-42557448
-23335502
-59295872
-71575928
-47393172
-30603892
-87910552
-67118968
-48676300
-91482680
-37317892
-51991828
-24487804
-49703980
-42383024
-50896656
-22655436
-46944800
-52938476
-83273168
-37323816
-38730420
-58813428
-77233456
-22631886
-46956176
-38781888
-15524685
-38274800
-179846320
-9714090
-30095054
-119538112
-128445440
-53224788
-192310784
-92675904
-58210212
-36286736
-82488632
-121518768
-68827952
-71391432
-66620532
-82307536
-51962632
-48522744
-38721452
-25262668
-59594236
-44691004
-35381196
-57619192
-32118870
-29450028
-43223168
-32348210
-66449956
-91190880
-46613460
-66567124
-38555020
-13441792
-63129148
-46159252
-49223868
-27558010
-66495448
-51217660
-45720436
-43825632
-49959164
-56466448
-80972112
-21556188
-111194808
-56824008
-72426128
-28019464
-49619368
-23811524
-66905408
-33520616
-53932324
-31221406
-37065452
-24722966
-51453688
-56354284
-63957168
-62641036
-97007144
-62299716
-39235280
-104010080
-45702424
-28294022
-22790304
-52011312
-20377278
-33285370
-9904021
-75230192
-71339448
-29197306
-41554496
-58670712
-33063420
-34451644
-56195916
-34768648
-40937148
-26731820
-33467638
-44655192
-45824240
-63838108
-75900808
-57175632
-54043816
-65830184
-43878288
-38982456
-25116926
-83232568
-27194384
-44412320
-187446608
-45705856
-26372296
-128306464
-22559888
-31069162
-36262416
-49346476
-38592224
-59414452
-79188632
-57047012
-50115652
-8515901
-141090768
-41137376
-47351216
-34311040
-36314316
-36228456
-43582916
-63771188
-36269664
-32049452
-46104736
-54863012
-55064956
-41630940
-39477772
-27375362
-58578020
-30493704
-71565528
-43739968
-79751048
-39300412
-66604632
-29858590
-56181220
-62559924
-28402870
-31635958
-46664748
-61133844
-81895488
-179936752
-118534112
-8227640
-77205528
-32484844
-37943340
-27256830
-30556696
-61351328
-100673280
-28940436
-35267232
-58231488
-42541276
-35872268
-105775800
-66485220
-25802794
-35172232
-67668776
-40856908
-36153316
-55742116
-71683608
-30359410
-51482180
-39400444
-35842848
-58279824
-50199052
-36929344
-36490068
-58115816
-52085404
-67408272
-8607923
-34780936
-50065352
-64910608
-61972804
-66314480
-32934826
-56799392
-42963512
-171423744
-24305520
-54033736
-46633692
-25450364
-44712508
-30843922
-36288460
-71709592
-54327376
-58642200
-53995004
-41057832
-98651448
-83919416
-39035220
-44925184
-143256528
-58202284
-92096336
-56101024
-50654352
-205717152
-39023692
-65409176
-53013072
-7608567
-40336524
-34533392
-106721248
-122952128
-60921328
-29918860
-61459576
-35533860
-45348132
-31046980
-58394604
-18025198
-57101552
-86831736
-50498660
-50650496
-13896388
-115628048
-33342368
-93988176
-37938716
-67540784
-67673208
-66243980
-91483536
-48950992
-110399232
-41027556
-28516492
-18632852
-49225804
-62512708
-91545904
-16021478
-36556192
-29136110
-35924908
-27652876
-50680320
-48956512
-142016592
-36115144
-73148232
-33310124
-43895240
-50034284
-38111252
-29250172
-87668472
-17887338
-27808134
-87102584
-139482608
-83811144
-43864948
-37322980
-77667224
-39778248
-61979328
-63560644
-61753648
-71746024
-77921496
-29840972
-48309000
-39867784
-36379104
-202609968
-40466676
-61956904
-48581424
-29254266
-41729524
-69352632
-85765800
-35817996
-36999216
-87505320
-24073134
-53844128
-27305670
-105711504
-32486678
-25193684
-53196956
-21970644
-27579534
-197416912
-32633262
-51041532
-50614420
-36838280
-73459328
-33861684
-62120104
-44509372
-43144084
-52816776
-33738528
-32255304
-31023362
-36907860
-51288380
-127182672
-13099184
-47442956
-66846320
-173725792
-43637432
-111562752
-34384956
-6885974
-234254976
-36856152
-34909428
-36781776
-46318040
-107932248
-76463952
-28139180
-47336112
-52577484
-50849364
-52405932
-23659724
-49374828
-53470200
-27551746
-133438904
-95402096
-48143540
-58368524
-37938824
-48282712
-46080676
-9600469
-54156260
-67131192
-86253256
-55922680
-80220720
-49739592
-42262164
-44607560
-25911150
-54762016
-14103378
-32756814
-130729080
-69040976
-43560096
-94111152
-40861016
-30807350
-36866436
-77254040
-60140532
-35151580
-31643524
-61576060
-141820384
-77582312
-27406442
-26840600
-63768476
-20750996
-77925832
-75866672
-58676860
-63894340
-12308622
-77408072
-254108032
-31355256
-70896776
-57179852
-113883040
-61186832
-49575620
-25660590
-23973932
-112375344
-38999800
-44177588
-31111948
-28380660
-34564172
-65833080
-27056896
-17530384
-49819476
-53044516
-31616024
-79926576
-48671400
-53278436
-142413808
-35544236
-25931690
-22616382
-52894428
-47507372
-26658864
-127560776
-5918719
-32490286
-70666656
-8715240
-38324036
-74830280
-59435492
-31953456
-22328134
-42906928
-32409372
-37282992
-57310004
-22330634
-183822528
-33508660
-75303176
-97881928
-62540316
-42638564
-43613020
-26964644
-75592424
-32570944
-143464800
-34740624
-38985904
-83402600
-109435408
-40126764
-141676032
-38428564
-30728936
-25663322
-38051948
-37684248
-63930200
-17546410
-42949800
-38306356
-34342404
-77042200
-36049104
-66029488
-52375800
-24693586
-52659692
-110229600
-101063416
-38503164
-21507760
-60539292
-36865820
-28358174
-23975978
-56133820
-33684356
-33121696
-31520338
-89497288
-25399354
-16193287
-48030496
-26519426
-55356380
-65882124
-39598200
-112587256
-44081488
-32602528
-41875984
-42538032
-33528922
-118946296
-35827824
-25391934
-45434600
-47706096
-98928880
-16430857
-28256354
-36553976
-47474708
-218258896
-106702480
-41300064
-87645344
-35389136
-34156664
-24787436
-56911820
-46403776
-76107592
-79883776
-42265224
-53641052
-62225948
-46878896
-23127696
-43693880
-38939868
-32826132
-21176202
-62869744
-50515680
-130895080
-30754238
-171803840
-43442720
-55895072
-55686052
-68605240
-56310116
-19242662
-52413232
-49454904
-53784584
-36824740
-54511820
-38381360
-111649456
-32110740
-46771088
-35717492
-12436431
-20104424
-43558496
-37270120
-16146985
-64359568
-39414872
-38033488
-58299548
-44931232
-46535700
-81264392
-45831428
-57749888
-41113780
-36457068
-32417880
-97195008
-60896204
-62727208
-32478532
-148995280
-25869384
-59359644
-29628206
-46131256
-51930184
-116729968
-47576612
-98774592
-118815416
-57808084
-43870604
-46590104
-54726704
-37810576
-59942416
-99134536
-65801120
-46246612
-142947840
-18439192
-31077586
-28267996
-32576264
-35064352
-52170860
-133324416
-29265626
-36420104
-158999888
-33262344
-48550564
-37910008
-48484556
-186765056
-19842966
-21716340
-28578222
-27587380
-54750700
-28498506
-38242824
-73412112
-19080592
-9985955
-37987532
-51162076
-34718180
-142827136
-143600976
-165072368
-59280816
-56141688
-24260424
-44205792
-37141000
-29228992
-28778636
-112664888
-32019178
-35585460
-52299092
-45128232
-45223664
-99168312
-37712368
-73932216
-36005688
-37333584
-39176488
-32993984
-41746660
-28714000
-126190480
-50375932
-18621634
-42697748
-51620732
-42999160
-48947288
-6307585
-44770180
-70801592
-7864740
-33890264
-37031224
-65201932
-45479968
-89480312
-53188160
-68356488
-39090172
-38927572
-36545700
-38091684
-69775616
-30037340
-38287508
-46741176
-33921728
-66482168
-63537776
-50267504
-32558832
-20468836
-76430424
-30465162
-59371952
-129080784
-70407144
-53089728
-61887196
-44245064
-41616340
-82858456
-79992808
-39195716
-46493028
-34345484
-51260856
-45313492
-39007796
-37128720
-18886228
-61669952
-33648620
-62312760
-196025456
-65113212
-47865732
-53317728
-54299364
-29375976
-32323570
-57382400
-27889100
-59329564
-113084784
-60414104
-39800820
-185737200
-48692368
-50927184
-37918116
-57967296
-48187544
-30894940
-36925988
-37035624
-30323366
-43104420
-29433636
-49041940
-239277552
-42868752
-141965792
-35548904
-26056028
-68884560
-56999944
-60040440
-43518056
-45525968
-70060176
-23526746
-40042376
-36768260
-92717976
-140589200
-50763896
-33157244
-49255488
-137885808
-31574892
-69914408
-36403256
-51007260
-72056704
-53252712
-70008504
-32242218
-46581200
-49547340
-49729200
-63249488
-60836556
-33294798
-69232368
-31568338
-68573368
-34251432
-71405336
-83808824
-38962200
-112375968
-38541616
-95213624
-67712296
-48854552
-54488096
-31599788
-38432372
-157932016
-24902802
-46618168
-46664548
-38725368
-34172568
-44121588
-41980144
-59027812
-48006552
-46945724
-45191196
-42626160
-40311960
-47742616
-29245958
-50085668
-9245547
-25393978
-38700624
-9328060
-38318512
-33344608
-44266872
-50347728
-91662480
-31097890
-93478864
-17641388
-151869808
-72376912
-63807116
-65783220
-176036000
-51744456
-37934348
-40736168
-49455720
-38894208
-37346736
-49829372
-36342084
-63183144
-28614526
-33774700
-47953304
-51809028
-43258220
-54556468
-33265120
-24877108
-63162076
-39197168
-34053964
-56417872
-22090164
-39064296
-79150560
-53041808
-41429904
-29004578
-42209392
-42533060
-64579984
-19524718
-28467394
-24832272
-43213300
-30065090
-39699364
-30791512
-21699244
-62532340
-39590048
-50998676
-31992374
-74463120
-32972936
-59510520
-112969800
-34861424
-28201216
-44837544
-99273640
-45736056
-49261652
-64505616
-46272224
-106468144
-34495344
-38005408
-35422664
-78198440
-18057212
-112953448
-43908448
-44628788
-18933302
-43381336
-54661380
-65802352
-46321716
-37294176
-37657472
-60358912
-212121680
-89549296
-24026752
-35318268
-45295408
-38939924
-32985924
-20563198
-105135744
-100628840
-96373480
-26757112
-51360984
-27171350
-31169802
-34593248
-25084358
-67185824
-36972852
-59201204
-54011676
-41275284
-82781504
-38628368
-77624232
-56469688
-48024380
-60676004
-67568176
-53626948
-68686752
-28790066
-33320390
-35180928
-37951200
-47501604
-87738416
-36037116
-40804208
-62512140
-53582556
-43349956
-15230020
-54669080
-52297288
-37580812
-29131748
-8422023
-49179048
-54900120
-123146400
-38124044
-31475758
-77720120
-111700512
-42625532
-30980592
-36312688
-109071608
-49841152
-37430808
-25564914
-24228838
-36952572
-35310048
-67596816
-96420848
-62547520
-35820936
-37289508
-54829464
-47275484
-45781672
-70457744
-112630592
-37857420
-58731404
-151447408
-40970120
-155580640
-38415760
-53410076
-57547400
-59797428
-37627516
-37921528
-47133292
-72110368
-32959774
-29746028
-47564384
-78604040
-52350712
-49543960
-59954748
-92764808
-38109144
-33339604
-129646160
-39648720
-145734896
-31562064
-73209280
-70596776
-116536728
-33177320
-64506288
-51298768
-75960344
-51394428
-54863824
-46483636
-44493696
-36324840
-70711048
-47872208
-39250704
-74538352
-70178720
-32875484
-24746792
-80483160
-60614736
-67397904
-101278768
-21598546
-59877760
-161987296
-49058916
-28242592
-32356568
-77403672
-122860080
-47820208
-26243336
-74648424
-49567812
-38093120
-37813872
-38931244
-73581088
-64283904
-67415424
-21733492
-49965108
-47538060
-37561996
-54395668
-89671984
-48907836
-59198204
-119599056
-17521962
-42504216
-57111924
-63630208
-88579448
-27978166
-35873344
-51102920
-42612992
-33141994
-52968776
-35105112
-38302032
-41969736
-60475184
-131710776
-33742420
-11163210
-35030964
-33556176
-38162140
-25389456
-16182849
-59023200
-32838316
-55586884
-47423176
-39048180
-59142256
-37276328
-32897714
-88276760
-52069836
-56147912
-61135676
-243177248
-155168688
-45844684
-54820520
-53502420
-35339500
-80926312
-64927900
-9865660
-31094574
-48166348
-18490378
-68043728
-35717512
-51336356
-28104218
-19840600
-33508520
-68145792
-120197448
-63809444
-48001744
-38095828
-47184864
-53572692
-67751960
-49706208
-44602004
-97576864
-56474532
-164496800
-46587628
-48904168
-44808548
-54679688
-47383248
-35673720
-47306564
-104092448
-146125344
-95693816
-38229620
-11117560
-40411928
-56809436
-65725184
-35646276
-100070160
-87713312
-76678184
-49916840
-67144104
-65855028
-56779996
-38996760
-86173152
-26759244
-70660584
-22987898
-55055204
-92191304
-52515984
-104728144
-126214912
-232317456
-22462324
-13513476
-32086124
-99570568
-85785008
-14419519
-36613072
-53902524
-25838028
-39075948
-49855140
-221910464
-39086568
-82141248
-45800748
-32687776
-38294624
-64195172
-38948472
-26563228
-43029436
-43670804
-34462628
-45228884
-60670948
-42978704
-63564424
-55042632
-35934900
-32099030
-49352892
-56429408
-84991472
-49029720
-55635224
-43322300
-102230728
-82645528
-95938664
-59413220
-29575556
-63939936
-52344236
-9215149
-81086472
-78548776
-49695028
-111786208
-38991540
-45395432
-20969124
-31023610
-23525470
-54195880
-19101302
-63152020
-55784176
-92552168
-63779312
-19051550
-34743940
-53403472
-48834696
-29015048
-61492124
-40260296
-47936968
-153843072
-79104688
-33107856
-26316148
-34638696
-35424156
-88447656
-39607212
-49847448
-55345364
-38405792
-36316328
-49240844
-78935632
-65893308
-35113500
-44952196
-39297680
-37421244
-33448480
-44184748
-76213096
-29766658
-38489024
-55902772
-58682692
-56563516
-78688808
-24520702
-22203708
-101045136
-88851616
-45914048
-38681668
-43271484
-173565808
-47386368
-62049520
-30146520
-70474632
-43878584
-78210216
-38975912
-75391392
-50465268
-22762508
-9696676
-38833716
-55944636
-76144184
-175140080
-32963894
-35925208
-51260616
-78140592
-21342478
-38874408
-35723164
-16497628
-45494628
-67896456
-48855540
-59652492
-54869136
-84669656
-84256928
-21760944
-9768028
-35830616
-34732928
-56332748
-39433344
-65223508
-34692000
-44751720
-50676348
-37789160
-58605152
-52998624
-36633276
-118419640
-13231930
-34038380
-47809608
-46078444
-144757152
-46540888
-47596236
-88553480
-36902320
-53649128
-51786688
-44454324
-64852832
-31035734
-139790192
-38183952
-66609132
-63923744
-32713012
-15314485
-66741032
-46171308
-33513618
-28520764
-126974512
-61585988
-134853840
-136928640
-40309908
-82919440
-103227560
-26873232
-155659856
-26859200
-123993824
-56915492
-67042084
-26438662
-51918048
-70518984
-36793320
-46995196
-27569774
-57211976
-129946784
-72378160
-78480088
-108356528
-64662324
-97877432
-12610260
-64618744
-34333328
-132835672
-59062528
-22482962
-80726104
-82657672
-33580816
-39043280
-31717548
-46371344
-36157032
-57136512
-90291600
-38709280
-51403720
-15733646
-52968536
-96931512
-36550736
-56786368
-28887288
-49152056
-49082572
-57896604
-31023416
-26238308
-49244400
-35593668
-33773928
-21961948
-35496484
-66890852
-62576952
-49415816
-76273072
-35378372
-9082496
-32213520
-62074396
-60348932
-36289624
-51763244
-57183236
-54705488
-32817136
-42904324
-52828256
-111546336
-46691732
-116083232
-27837154
-23883230
-29461412
-50506660
-94884640
-38068956
-50338416
-59015484
-69908280
-35116272
-119731272
-46409236
-41475360
-37459880
-74613840
-34868612
-58023220
-28663306
-69750408
-62724432
-43842380
-49960168
-38140548
-62258668
-70192472
-25162464
-148662704
-89943680
-23086158
-43670480
-37411136
-7472469
-59278456
-44306888
-184946080
-56543148
-60408080
-27420350
-27027878
-56926396
-32069514
-53011804
-64768648
-32303268
-19341206
-29694168
-27041212
-44743968
-47350540
-37136920
-36585124
-44224728
-33518690
-48212276
-60854376
-18277646
-38263424
-72642488
-103823048
-84288736
-40362924
-34315548
-46980372
-47592228
-37867516
-31481018
-54606268
-67004520
-31777572
-148859376
-5489108
-45711804
-34861456
-80716728
-52221500
-48426728
-55243024
-41270396
-48384380
-95670328
-36846208
-220451456
-34026740
-69624648
-36333544
-11844694
-71498128
-67261192
-57389488
-61216468
-71264680
-50896984
-46805460
-37715728
-119721424
-64686364
-65954568
-44946848
-58431860
-49037692
-43979656
-70266480
-38190968
-49502520
-72738152
-83072128
-67054804
-59478100
-48476508
-36248268
-44998896
-42346980
-33544760
-39682372
-116507200
-15913686
-43568776
-81679184
-89546584
-28712008
-59486348
-49849604
-51621336
-35745312
-33912776
-28278854
-35969816
-26290286
-29187686
-56347752
-20797774
-142337392
-53847220
-42020956
-34337804
-67934752
-47871048
-66866840
-117268472
-87954008
-47799524
-38361236
-65239308
-21042864
-33913960
-64411176
-84642704
-37147084
-23625694
-55883700
-88501416
-34839144
-80404480
-39110944
-61746516
-48979792
-36813972
-30031260
-36175868
-2594904
-44384612
-60539916
-26136144
-38168428
-50026072
-53370260
-39798000
-83570760
-18156454
-37767608
-76728264
-58655484
-78298168
-28732244
-42384240
-29138594
-34623712
-33178372
-45304128
-60993656
-40323096
-36333084
-21332272
-25799066
-57722652
-66535712
-57525044
-53483872
-52743228
-20849798
-38030588
-55762396
-37389508
-16343622
-38373856
-71478792
-22586198
-73217792
-69725976
-63044460
-38835952
-81637464
-30352766
-139384416
-32401974
-34409564
-53597892
-29100682
-58320144
-89912912
-30536976
-74576088
-113551960
-14067320
-132847944
-146338944
-51156240
-58351072
-35362704
-45474312
-9909338
-60313768
-193065200
-65914944
-24580404
-100077672
-49275556
-58059488
-36491828
-84918976
-30704560
-150960640
-54870600
-39591636
-47258560
-73085368
-125537424
-36974668
-57269616
-38656448
-46420768
-47909904
-105344240
-101395256
-62707400
-38943128
-57453824
-61437936
-37886808
-36595196
-51282272
-45881280
-119391040
-29549462
-56250748
-103542064
-39459608
-27846364
-108538224
-72742360
-73053776
-36237008
-70729400
-60275768
-45608116
-38887808
-46392792
-47050400
-66651564
-34029388
-22803952
-36674208
-27208178
-34881624
-67970432
-60351812
-47209064
-63683712
-25813082
-51377448
-51466016
-24420658
-19540750
-51322300
-49855352
-73016744
-55391504
-55500608
-30540492
-55006564
-41963892
-48635560
-74677448
-46841860
-43840472
-31016510
-23528514
-44275024
-47930948
-34518672
-54990284
-35048988
-103439136
-60056572
-53939520
-56546544
-114360352
-31345920
-35569488
-73250728
-40429724
-32762340
-55865624
-19171136
-36708048
-51369508
-31410324
-13691468
-92216648
-36674420
-32884618
-19797026
-33732232
-76121416
-119688656
-51899164
-99521352
-40595920
-26280290
-38378772
-28118008
-30294214
-47713940
-76462992
-77787976
-48343996
-38567496
-27637116
-35971072
-33402192
-63937608
-65214832
-30053320
-25286836
-22121510
-63186888
-65962096
-29774466
-56121336
-64014320
-30210072
-132097544
-58412056
-15001201
-33479040
-50559024
-57414800
-39520348
-70274112
-38916316
-35398464
-119132576
-50318068
-51349708
-57949436
-9342050
-45998728
-31613932
-37765340
-39387976
-38245872
-20376640
-183688048
-41124456
-32142566
-48152536
-47305880
-20924946
-60531356
-49476068
-29668944
-41505608
-31509396
-31478836
-51852392
-202032496
-38725376
-35911456
-90909168
-36418772
-35209160
-87057264
-74686328
-16643097
-71003872
-45727120
-89664088
-36348744
-104493128
-22206266
-25594346
-90539280
-50807256
-30950862
-113123552
-59722608
-70267040
-56559340
-65087936
-90612120
-46157424
-48656060
-57706976
-56788176
-38978008
-65386128
-72319440
-55545696
-76868864
-65171072
-42719968
-28885988
-58766812
-61866440
-202436960
-99326960
-37692660
-61276868
-32485450
-40965332
-38328888
-50483844
-33830740
-38911776
-103309192
-231353216
-53399856
-37425228
-47311204
-44731236
-38899544
-44215344
-40422020
-50084800
-51851156
-25822648
-60492036
-40594664
-10413790
-31442128
-37939688
-65382484
-38527392
-45618036
-37912096
-38726684
-62163684
-22340936
-66611244
-28386968
-25538146
-48692396
-40414128
-96077568
-84993456
-61802348
-53071004
-31959820
-106785688
-27486432
-55096360
-42195444
-68285664
-50432280
-26781458
-60204216
-57713004
-35100120
-58994472
-65117028
-39843048
-37587944
-13494538
-83344000
-96278312
-52400032
-42853752
-55808520
-61340420
-80567040
-39180168
-58092048
-84792880
-61087992
-96822288
-51768704
-36149944
-26416814
-33940708
-37592560
-66645408
-157583584
-29189792
-31029448
-66200892
-17249222
-55952040
-21451590
-63080752
-104972640
-36962536
-41874264
-39578844
-30919580
-42076732
-48821064
-20546732
-52119284
-40612404
-50508444
-49310636
-53968460
-102110440
-38435980
-53531000
-16334212
-73811992
-55831896
-39270236
-53861648
-140025440
-35361256
-26030030
-75300224
-26121316
-57947076
-25426186
-51036656
-29831890
-66011420
-39009528
-29633428
-49958388
-49334332
-19783904
-65418380
-58703440
-46080428
-76397224
-63796724
-61553304
-45565668
-30891072
-32284642
-30035796
-85650816
-86383520
-31340782
-62516916
-38476268
-25195096
-117426824
-146444080
-51575924
-61274500
-51372456
-62734120
-55142840
-24788926
-25606104
-26250986
-49378836
-33505336
-39535324
-74440224
-19774450
-25781440
-40917968
-22170272
-149040064
-36235824
-89428416
-20282526
-56349536
-109415168
-84057576
-52303760
-31072666
-45984788
-32281458
-57112472
-68279808
-76226488
-48501528
-38488036
-31672450
-45578152
-37807120
-59567844
-35780316
-35291036
-60061620
-33211702
-125808088
-57916692
-26106184
-33531346
-56010164
-51497896
-55662804
-27321864
-75195248
-60458836
-99486416
-47560600
-37149672
-275000480
-57397980
-21408354
-46104764
-126513088
-46617212
-25814204
-67746864
-54417948
-141783776
-60994312
-75916728
-39953184
-37914224
-56789928
-25367482
-31619162
-39321944
-35005840
-55072152
-54389468
-50293200
-67320056
-58531140
-36479812
-16479809
-52698216
-31638112
-46985004
-32636540
-61921668
-18394394
-33453714
-93927880
-30611342
-203807456
-39224488
-28409088
-37530068
-63601944
-28933450
-37643996
-66362008
-35069448
-74658528
-56441492
-22535264
-117828304
-90268336
-53410232
-55692200
-59108516
-193350336
-83976720
-74066176
-79789400
-64208328
-60724284
-29455452
-24017040
-26790286
-56521772
