3213 982 798 834 -1765 -652 3421 -5543 2262 -578 -1876 3049 9208 5684 3336 -4097 -221 -832 -1156 379 -86 -8224 -3446 10973 4559 2489 613 -7128 -2659 -3395 -1462 -8594 -4877 -1548 -6871 -5423 -129 -4445 -4226 -1725 12135 -6911 8087 -5957 2093 -1691 1653 3250 -5320 -268 10452 -6209 -4396 1456 -2768 -2358 -724 -7611 -2600 6947 -3416 251 -1537 3692
3300 888 683 809 -1785 -651 3499 -5807 2370 -536 -1960 2991 9484 5946 3435 -4388 -191 -770 -1084 341 61 -8584 -3632 11431 4677 2475 535 -7210 -2766 -3550 -1517 -8833 -5075 -1556 -7071 -5505 -4 -4538 -4242 -1819 12505 -7172 8442 -5957 2073 -1654 1552 3528 -5351 -301 10917 -6431 -4670 1444 -2855 -2465 -714 -7684 -2634 7153 -3647 292 -1574 3616
3320 1033 712 765 -1823 -661 3566 -5665 2382 -642 -1923 3080 9379 5843 3410 -4246 -227 -799 -1223 518 69 -8411 -3463 11165 4612 2477 573 -7365 -2700 -3548 -1409 -8789 -5109 -1432 -6935 -5600 -176 -4549 -4342 -1623 12389 -7031 8305 -6062 2016 -1808 1550 3385 -5383 -322 10668 -6319 -4459 1606 -2726 -2380 -722 -7782 -2622 7145 -3539 241 -1621 3776
3274 944 639 779 -1761 -673 3506 -5596 2303 -525 -1877 3001 9375 5781 3392 -4244 -235 -804 -1172 513 10 -8391 -3477 11160 4620 2431 490 -7215 -2676 -3531 -1367 -8626 -5038 -1537 -6999 -5591 -127 -4401 -4237 -1741 12281 -7020 8324 -5901 2026 -1732 1450 3442 -5231 -350 10751 -6282 -4560 1571 -2778 -2287 -768 -7569 -2620 7098 -3543 230 -1611 3733
3335 848 827 855 -1639 -746 3277 -5686 2405 -143 -1711 2910 9457 5880 3341 -4310 -380 -1016 -986 442 -116 -8583 -3465 11446 4460 2516 344 -7017 -2596 -3465 -1411 -8638 -4855 -1562 -6991 -5527 -184 -4453 -4182 -1736 12320 -7044 8479 -5609 2039 -1661 1654 3574 -5246 -349 10986 -6366 -4727 1308 -2883 -2555 -571 -7504 -2761 7080 -3615 166 -1583 3459
3329 688 577 843 -1722 -588 3792 -5802 2475 -557 -1919 2773 9461 6051 3501 -4386 0 -784 -1029 281 -15 -8705 -3654 11667 4957 2571 526 -7163 -2728 -3523 -1627 -8737 -4966 -1686 -7054 -5409 129 -4421 -4362 -2264 12763 -7178 8521 -5741 2155 -1682 1515 3659 -5072 -368 11048 -6496 -4906 1234 -2881 -2442 -875 -7643 -2842 7105 -3925 325 -1492 3621
3226 744 620 856 -1820 -637 3560 -5710 2451 -493 -1868 3024 9679 5964 3554 -4321 -221 -864 -1251 352 -84 -8693 -3590 11481 4856 2605 603 -7225 -2725 -3543 -1449 -8764 -4917 -1626 -7225 -5719 -73 -4613 -4363 -2014 12735 -7338 8596 -6029 2198 -1835 1428 3480 -5306 -294 11188 -6459 -4754 1529 -2794 -2227 -748 -7817 -2706 7337 -3584 328 -1585 3734
3279 762 642 789 -1803 -604 3450 -5715 2362 -374 -1927 2980 9509 5868 3455 -4308 -239 -762 -1118 339 80 -8655 -3538 11404 4619 2327 417 -7121 -2704 -3561 -1376 -8634 -4837 -1578 -6998 -5619 32 -4364 -4152 -1954 12453 -7044 8519 -5779 2105 -1675 1551 3478 -5201 -296 10907 -6368 -4726 1409 -2818 -2310 -795 -7449 -2718 7058 -3626 307 -1610 3447
3305 1022 730 806 -1717 -659 3344 -5649 2253 -408 -1789 2992 9375 5760 3340 -4126 -299 -830 -1238 424 25 -8314 -3354 11008 4435 2395 451 -7107 -2658 -3452 -1318 -8585 -4873 -1495 -6836 -5501 -54 -4418 -4207 -1580 12155 -6980 8172 -5804 1955 -1720 1596 3290 -5312 -266 10533 -6278 -4518 1518 -2781 -2342 -568 -7558 -2468 6916 -3390 291 -1665 3497
3704 892 4285 1477 -2643 -1141 3144 -4919 2831 753 -350 4153 7530 4138 2674 -3830 -415 -1843 -209 237 -358 -7494 -1837 11276 2869 3352 1773 -8875 -1235 -2767 -537 -9666 -2350 1100 -5183 -4705 -150 -5583 -5717 2279 12472 -6148 8418 -7200 2155 -3242 4962 1524 -7441 978 9363 -6583 -1728 414 -679 -4388 713 -8160 -2835 7282 -1375 -446 -2185 3223
3288 939 578 746 -1751 -607 3528 -5651 2421 -598 -1918 2997 9364 5842 3374 -4228 -235 -742 -1239 468 17 -8376 -3506 11170 4650 2494 515 -7211 -2756 -3546 -1362 -8713 -5045 -1524 -7004 -5657 -58 -4512 -4296 -1744 12347 -6960 8327 -5970 2054 -1761 1391 3353 -5207 -310 10686 -6279 -4563 1579 -2776 -2281 -790 -7645 -2554 7031 -3505 254 -1605 3780
3329 850 653 794 -1780 -631 3588 -5746 2423 -452 -1989 2999 9419 5901 3430 -4417 -194 -759 -1189 325 188 -8738 -3624 11467 4727 2532 476 -7320 -2692 -3696 -1403 -8773 -5061 -1512 -7187 -5583 35 -4555 -4383 -1765 12509 -7180 8677 -5958 2131 -1723 1459 3533 -5298 -287 11007 -6486 -4697 1589 -2702 -2289 -758 -7495 -2651 7179 -3655 305 -1554 3720
3312 918 582 788 -1741 -660 3494 -5629 2287 -500 -1799 2951 9475 5828 3412 -4228 -235 -829 -1173 383 -28 -8399 -3484 11233 4648 2406 463 -7130 -2717 -3522 -1363 -8625 -4907 -1560 -7037 -5605 -78 -4441 -4191 -1750 12307 -7038 8340 -5827 2057 -1712 1440 3368 -5247 -286 10784 -6327 -4650 1529 -2866 -2297 -745 -7540 -2611 7046 -3529 311 -1630 3655
3396 928 753 873 -1738 -701 3418 -5659 2290 -279 -1762 3039 9518 5852 3432 -4230 -266 -1027 -1133 366 37 -8669 -3563 11523 4619 2529 382 -7291 -2697 -3610 -1349 -8739 -4904 -1516 -7201 -5656 -62 -4568 -4278 -1730 12508 -7171 8585 -5799 2124 -1631 1609 3498 -5367 -253 11032 -6474 -4772 1490 -2875 -2440 -634 -7602 -2743 7118 -3579 326 -1613 3672
3466 1140 1450 970 -1893 -747 3170 -5643 1959 -271 -1517 3227 9429 5543 3439 -3883 -210 -1075 -1195 241 117 -8272 -3124 10953 4195 2538 793 -7415 -2358 -3384 -1208 -8765 -4503 -1075 -6521 -5140 10 -4476 -4460 -977 12496 -6962 8074 -6134 1952 -1951 2345 2997 -5837 -63 10258 -6260 -4095 1475 -2512 -2602 -41 -7830 -2322 6975 -3060 212 -1945 3430
3221 901 620 732 -1805 -600 3496 -5505 2258 -603 -1929 2949 9263 5716 3410 -4158 -92 -753 -1183 315 129 -8390 -3564 11056 4698 2430 537 -7166 -2704 -3554 -1397 -8582 -4920 -1507 -6869 -5482 0 -4386 -4215 -1809 12282 -6953 8225 -5914 2097 -1680 1473 3363 -5266 -291 10569 -6240 -4503 1531 -2715 -2226 -800 -7523 -2641 6997 -3579 291 -1529 3712
3387 934 787 849 -1677 -758 3303 -5735 2288 -194 -1665 2948 9559 5863 3407 -4284 -420 -927 -1081 414 -40 -8423 -3406 11323 4355 2421 362 -7014 -2615 -3461 -1374 -8635 -4854 -1480 -6985 -5520 -122 -4390 -4173 -1525 12215 -7101 8519 -5576 1993 -1728 1651 3520 -5428 -302 10888 -6358 -4674 1432 -2894 -2460 -470 -7449 -2662 7041 -3539 172 -1674 3373
3314 876 710 813 -1803 -639 3596 -5702 2345 -527 -1841 2988 9453 5856 3419 -4290 -156 -771 -1157 369 83 -8531 -3550 11324 4684 2503 604 -7271 -2677 -3534 -1470 -8738 -4989 -1524 -6949 -5507 23 -4461 -4344 -1808 12518 -7078 8438 -5906 2155 -1764 1606 3430 -5390 -286 10767 -6377 -4588 1484 -2762 -2293 -691 -7654 -2660 7104 -3635 251 -1601 3676
3149 800 481 784 -1809 -591 3631 -5561 2382 -662 -1920 2955 9249 5804 3395 -4243 -100 -742 -1153 381 85 -8466 -3627 11212 4737 2479 543 -7168 -2759 -3511 -1510 -8581 -5000 -1553 -6991 -5561 -12 -4453 -4243 -2019 12354 -7069 8329 -5880 2146 -1674 1365 3491 -5206 -330 10722 -6305 -4628 1489 -2762 -2209 -911 -7604 -2777 7065 -3644 325 -1449 3718
3261 783 505 719 -1726 -586 3504 -5621 2416 -478 -1896 2872 9412 5807 3485 -4308 -240 -829 -1147 338 20 -8493 -3498 11352 4771 2350 428 -7083 -2738 -3488 -1463 -8650 -4909 -1585 -7090 -5612 -55 -4391 -4164 -1980 12410 -7050 8442 -5833 2108 -1725 1377 3449 -5160 -303 10930 -6236 -4724 1496 -2739 -2276 -852 -7445 -2710 7091 -3672 360 -1581 3642
3300 882 706 809 -1797 -661 3500 -5699 2349 -523 -1850 3024 9481 5846 3408 -4230 -213 -791 -1196 340 -29 -8491 -3486 11317 4658 2434 541 -7270 -2701 -3500 -1423 -8725 -4863 -1514 -6976 -5596 -38 -4491 -4292 -1808 12461 -7118 8402 -5884 2145 -1733 1599 3343 -5400 -253 10782 -6412 -4619 1494 -2846 -2347 -732 -7677 -2672 7114 -3555 281 -1621 3627
3513 1253 1111 914 -1981 -676 3162 -5776 1739 -587 -1621 3236 9642 5670 3601 -3679 -227 -985 -1475 135 304 -8013 -3078 10759 4327 2378 869 -7353 -2466 -3438 -1180 -8739 -4610 -1105 -6541 -5176 119 -4456 -4367 -970 12529 -7103 7813 -6267 1761 -2032 2231 3020 -5813 -97 10173 -6057 -4135 1700 -2490 -2421 92 -7872 -2165 6802 -2901 453 -2136 3417
3225 1033 865 885 -1770 -714 3519 -5602 2274 -487 -1775 3086 9284 5698 3308 -4171 -195 -851 -1139 486 -107 -8184 -3401 11082 4489 2442 602 -7135 -2605 -3379 -1478 -8596 -4935 -1610 -6899 -5361 -204 -4340 -4250 -1607 12117 -6937 8078 -5935 2057 -1750 1717 3340 -5377 -309 10465 -6251 -4398 1432 -2796 -2470 -751 -7536 -2594 6991 -3384 165 -1564 3697
3338 1063 635 745 -1832 -671 3418 -5723 2245 -586 -1936 3047 9506 5857 3410 -4176 -237 -778 -1287 414 65 -8383 -3506 11146 4553 2504 570 -7234 -2732 -3544 -1361 -8776 -5008 -1506 -6951 -5614 11 -4459 -4290 -1549 12416 -7068 8260 -6002 1971 -1771 1596 3383 -5418 -300 10660 -6318 -4527 1598 -2805 -2372 -604 -7743 -2522 6987 -3458 279 -1741 3652
3472 1014 506 932 -1764 -585 3456 -5761 2125 -853 -2054 3140 9290 5858 3322 -3855 -290 -777 -1497 302 119 -7911 -3082 11164 4672 2279 813 -7540 -2582 -3614 -1335 -8836 -4893 -1246 -6860 -5589 -1 -4654 -4252 -1628 12543 -6958 7916 -6158 1829 -1987 1633 3284 -5222 -211 10383 -6009 -4424 1543 -2678 -2314 -453 -7760 -2478 6852 -3147 550 -1858 3820
3330 988 596 749 -1790 -660 3544 -5663 2384 -590 -1900 2998 9427 5850 3348 -4255 -226 -745 -1251 473 -50 -8332 -3478 11190 4634 2417 488 -7217 -2747 -3516 -1383 -8707 -5023 -1557 -7042 -5693 -138 -4484 -4232 -1743 12320 -7025 8320 -5973 2005 -1746 1374 3375 -5253 -325 10751 -6324 -4596 1582 -2833 -2307 -788 -7681 -2570 7079 -3533 286 -1603 3752
3423 867 536 667 -1663 -730 3454 -5722 2479 -327 -1885 2870 9532 6069 3318 -4421 -330 -923 -1074 535 -174 -8613 -3500 11602 4604 2434 377 -7085 -2716 -3528 -1348 -8747 -4858 -1623 -7119 -5796 -206 -4429 -4135 -1725 12443 -6978 8584 -5624 1960 -1745 1401 3567 -5153 -394 11063 -6495 -4811 1355 -3007 -2572 -772 -7543 -2786 7129 -3759 249 -1618 3574
3235 716 505 748 -1721 -598 3614 -5696 2410 -503 -1929 2861 9401 5955 3430 -4310 -121 -748 -1108 374 -82 -8599 -3551 11509 4832 2357 377 -7117 -2773 -3467 -1500 -8582 -4757 -1650 -7032 -5535 -13 -4354 -4156 -2223 12545 -7024 8424 -5662 2087 -1671 1380 3508 -5010 -300 10889 -6389 -4853 1349 -2873 -2331 -970 -7495 -2782 7079 -3783 357 -1545 3563
3285 679 520 757 -1758 -620 3429 -5671 2310 -384 -1908 2986 9628 5924 3525 -4320 -310 -925 -1279 368 -161 -8565 -3516 11567 4859 2499 455 -7152 -2801 -3574 -1426 -8745 -4744 -1651 -7282 -5831 -200 -4533 -4169 -1970 12703 -7146 8597 -5981 2071 -1837 1275 3440 -5191 -264 11079 -6324 -4835 1521 -2852 -2164 -789 -7591 -2795 7307 -3554 394 -1608 3702
3324 844 727 829 -1755 -620 3347 -5741 2272 -343 -1822 2981 9562 5884 3458 -4172 -296 -890 -1179 277 44 -8574 -3418 11314 4597 2386 508 -7076 -2685 -3500 -1354 -8661 -4730 -1563 -6917 -5561 -2 -4452 -4160 -1841 12492 -7028 8328 -5831 2029 -1714 1661 3323 -5233 -256 10813 -6303 -4672 1391 -2789 -2338 -545 -7552 -2591 7005 -3480 423 -1712 3435
3403 924 634 768 -1786 -612 3491 -5760 2407 -512 -1959 3041 9541 5918 3449 -4245 -260 -842 -1251 402 30 -8522 -3485 11372 4650 2450 574 -7315 -2704 -3557 -1367 -8830 -5004 -1508 -7061 -5737 -61 -4545 -4313 -1761 12563 -7090 8475 -5983 2087 -1790 1558 3417 -5344 -314 10839 -6385 -4668 1554 -2808 -2372 -704 -7740 -2638 7089 -3554 290 -1669 3671
3405 929 822 814 -1777 -597 3409 -5692 2370 -450 -1947 3102 9410 5784 3454 -4127 -284 -899 -1279 343 25 -8445 -3344 11269 4576 2452 627 -7400 -2631 -3506 -1341 -8850 -4795 -1379 -6915 -5655 -17 -4566 -4366 -1662 12544 -7049 8411 -6007 2103 -1837 1763 3244 -5447 -219 10666 -6350 -4525 1496 -2705 -2389 -595 -7749 -2625 7048 -3432 312 -1696 3609
3338 896 530 732 -1750 -586 3480 -5574 2354 -505 -1964 2983 9315 5777 3386 -4178 -234 -814 -1254 363 31 -8445 -3482 11237 4669 2464 498 -7240 -2688 -3564 -1337 -8665 -4860 -1477 -7046 -5651 -49 -4501 -4252 -1771 12351 -6972 8357 -5891 2113 -1761 1451 3358 -5226 -240 10732 -6285 -4611 1567 -2717 -2280 -790 -7548 -2641 6973 -3536 324 -1599 3702
3305 852 638 765 -1789 -602 3502 -5593 2312 -504 -1923 2978 9343 5769 3446 -4202 -178 -806 -1166 304 110 -8480 -3490 11250 4686 2380 519 -7229 -2663 -3591 -1336 -8648 -4896 -1465 -6973 -5580 -16 -4432 -4224 -1791 12362 -7033 8405 -5863 2108 -1712 1522 3418 -5288 -292 10751 -6317 -4597 1506 -2722 -2293 -771 -7472 -2686 7036 -3583 321 -1579 3641
3373 914 655 778 -1774 -668 3504 -5661 2366 -471 -1841 2993 9464 5874 3474 -4251 -275 -895 -1173 373 87 -8508 -3477 11343 4610 2478 544 -7237 -2680 -3583 -1385 -8767 -4972 -1444 -7010 -5657 -97 -4501 -4287 -1628 12423 -7103 8496 -5853 2067 -1805 1589 3475 -5444 -328 10875 -6364 -4600 1524 -2771 -2388 -628 -7616 -2764 7098 -3603 294 -1625 3644
3328 875 579 702 -1837 -613 3642 -5637 2410 -649 -1992 3031 9391 5874 3402 -4273 -150 -770 -1236 392 -8 -8513 -3573 11276 4770 2545 626 -7300 -2739 -3585 -1421 -8768 -4948 -1540 -7031 -5679 -74 -4534 -4318 -1841 12502 -7034 8391 -6013 2148 -1799 1450 3371 -5324 -302 10809 -6362 -4587 1586 -2760 -2280 -831 -7747 -2690 7139 -3625 282 -1558 3817
3282 903 600 742 -1738 -630 3496 -5736 2307 -538 -1884 2966 9558 5882 3444 -4287 -240 -701 -1200 421 -30 -8431 -3493 11252 4680 2299 439 -7153 -2751 -3459 -1464 -8670 -4952 -1605 -6914 -5545 -77 -4362 -4186 -1948 12406 -7047 8324 -5854 2078 -1743 1476 3379 -5300 -301 10713 -6307 -4662 1517 -2884 -2240 -806 -7591 -2619 7105 -3647 245 -1634 3587
3284 821 531 725 -1728 -609 3579 -5648 2393 -525 -1885 2886 9400 5870 3458 -4309 -200 -800 -1091 385 -9 -8505 -3506 11344 4746 2349 425 -7097 -2730 -3501 -1435 -8627 -4902 -1572 -7009 -5558 -80 -4375 -4150 -1979 12377 -7005 8393 -5761 2074 -1705 1406 3461 -5130 -328 10861 -6307 -4710 1438 -2812 -2333 -874 -7469 -2722 7076 -3724 332 -1571 3602
3361 867 589 768 -1823 -621 3516 -5645 2384 -486 -1959 3037 9515 5855 3471 -4268 -204 -872 -1227 315 69 -8639 -3577 11486 4770 2467 509 -7359 -2706 -3645 -1361 -8796 -4945 -1509 -7221 -5753 -21 -4563 -4305 -1827 12609 -7118 8623 -5957 2192 -1726 1488 3443 -5325 -251 10984 -6416 -4722 1580 -2786 -2301 -815 -7606 -2724 7149 -3624 341 -1615 3771
3372 1091 884 845 -1906 -627 3313 -5633 1949 -590 -1693 3136 9441 5642 3503 -3828 -132 -888 -1373 199 233 -8274 -3262 10804 4431 2422 747 -7288 -2562 -3477 -1253 -8599 -4669 -1261 -6656 -5285 81 -4401 -4284 -1369 12364 -7005 7910 -6024 1980 -1858 1954 3063 -5603 -127 10283 -6183 -4286 1695 -2589 -2313 -284 -7767 -2330 6811 -3172 435 -1883 3466
3249 1112 816 863 -1722 -722 3479 -5619 2237 -461 -1790 3096 9389 5742 3304 -4153 -238 -897 -1183 553 -230 -8181 -3378 11073 4484 2410 544 -7053 -2629 -3335 -1461 -8568 -4925 -1721 -6972 -5412 -302 -4304 -4173 -1676 12114 -6906 7993 -5947 2003 -1759 1643 3330 -5294 -329 10487 -6226 -4463 1440 -2889 -2495 -786 -7585 -2522 6983 -3380 173 -1603 3724
3403 1067 1411 937 -1981 -741 3337 -5664 2171 -434 -1539 3244 9370 5608 3426 -3944 -228 -989 -1139 202 46 -8188 -3188 10980 4327 2630 903 -7434 -2481 -3372 -1255 -8896 -4530 -1081 -6508 -5277 61 -4629 -4525 -1010 12484 -7062 8119 -6186 2047 -1960 2340 2980 -5932 -83 10399 -6311 -4021 1375 -2483 -2639 -114 -7925 -2423 7040 -3074 250 -1861 3488
3403 1067 1411 937 -1981 -741 3337 -5664 2171 -434 -1539 3244 9370 5608 3426 -3944 -228 -989 -1139 202 46 -8188 -3188 10980 4327 2630 903 -7434 -2481 -3372 -1255 -8896 -4530 -1081 -6508 -5277 61 -4629 -4525 -1010 12484 -7062 8119 -6186 2047 -1960 2340 2980 -5932 -83 10399 -6311 -4021 1375 -2483 -2639 -114 -7925 -2423 7040 -3074 250 -1861 3488
3403 1067 1411 937 -1981 -741 3337 -5664 2171 -434 -1539 3244 9370 5608 3426 -3944 -228 -989 -1139 202 46 -8188 -3188 10980 4327 2630 903 -7434 -2481 -3372 -1255 -8896 -4530 -1081 -6508 -5277 61 -4629 -4525 -1010 12484 -7062 8119 -6186 2047 -1960 2340 2980 -5932 -83 10399 -6311 -4021 1375 -2483 -2639 -114 -7925 -2423 7040 -3074 250 -1861 3488
3403 1067 1411 937 -1981 -741 3337 -5664 2171 -434 -1539 3244 9370 5608 3426 -3944 -228 -989 -1139 202 46 -8188 -3188 10980 4327 2630 903 -7434 -2481 -3372 -1255 -8896 -4530 -1081 -6508 -5277 61 -4629 -4525 -1010 12484 -7062 8119 -6186 2047 -1960 2340 2980 -5932 -83 10399 -6311 -4021 1375 -2483 -2639 -114 -7925 -2423 7040 -3074 250 -1861 3488
3403 1067 1411 937 -1981 -741 3337 -5664 2171 -434 -1539 3244 9370 5608 3426 -3944 -228 -989 -1139 202 46 -8188 -3188 10980 4327 2630 903 -7434 -2481 -3372 -1255 -8896 -4530 -1081 -6508 -5277 61 -4629 -4525 -1010 12484 -7062 8119 -6186 2047 -1960 2340 2980 -5932 -83 10399 -6311 -4021 1375 -2483 -2639 -114 -7925 -2423 7040 -3074 250 -1861 3488
3403 1067 1411 937 -1981 -741 3337 -5664 2171 -434 -1539 3244 9370 5608 3426 -3944 -228 -989 -1139 202 46 -8188 -3188 10980 4327 2630 903 -7434 -2481 -3372 -1255 -8896 -4530 -1081 -6508 -5277 61 -4629 -4525 -1010 12484 -7062 8119 -6186 2047 -1960 2340 2980 -5932 -83 10399 -6311 -4021 1375 -2483 -2639 -114 -7925 -2423 7040 -3074 250 -1861 3488
3403 1067 1411 937 -1981 -741 3337 -5664 2171 -434 -1539 3244 9370 5608 3426 -3944 -228 -989 -1139 202 46 -8188 -3188 10980 4327 2630 903 -7434 -2481 -3372 -1255 -8896 -4530 -1081 -6508 -5277 61 -4629 -4525 -1010 12484 -7062 8119 -6186 2047 -1960 2340 2980 -5932 -83 10399 -6311 -4021 1375 -2483 -2639 -114 -7925 -2423 7040 -3074 250 -1861 3488
3403 1067 1411 937 -1981 -741 3337 -5664 2171 -434 -1539 3244 9370 5608 3426 -3944 -228 -989 -1139 202 46 -8188 -3188 10980 4327 2630 903 -7434 -2481 -3372 -1255 -8896 -4530 -1081 -6508 -5277 61 -4629 -4525 -1010 12484 -7062 8119 -6186 2047 -1960 2340 2980 -5932 -83 10399 -6311 -4021 1375 -2483 -2639 -114 -7925 -2423 7040 -3074 250 -1861 3488
3403 1067 1411 937 -1981 -741 3337 -5664 2171 -434 -1539 3244 9370 5608 3426 -3944 -228 -989 -1139 202 46 -8188 -3188 10980 4327 2630 903 -7434 -2481 -3372 -1255 -8896 -4530 -1081 -6508 -5277 61 -4629 -4525 -1010 12484 -7062 8119 -6186 2047 -1960 2340 2980 -5932 -83 10399 -6311 -4021 1375 -2483 -2639 -114 -7925 -2423 7040 -3074 250 -1861 3488
3403 1067 1411 937 -1981 -741 3337 -5664 2171 -434 -1539 3244 9370 5608 3426 -3944 -228 -989 -1139 202 46 -8188 -3188 10980 4327 2630 903 -7434 -2481 -3372 -1255 -8896 -4530 -1081 -6508 -5277 61 -4629 -4525 -1010 12484 -7062 8119 -6186 2047 -1960 2340 2980 -5932 -83 10399 -6311 -4021 1375 -2483 -2639 -114 -7925 -2423 7040 -3074 250 -1861 3488
3403 1067 1411 937 -1981 -741 3337 -5664 2171 -434 -1539 3244 9370 5608 3426 -3944 -228 -989 -1139 202 46 -8188 -3188 10980 4327 2630 903 -7434 -2481 -3372 -1255 -8896 -4530 -1081 -6508 -5277 61 -4629 -4525 -1010 12484 -7062 8119 -6186 2047 -1960 2340 2980 -5932 -83 10399 -6311 -4021 1375 -2483 -2639 -114 -7925 -2423 7040 -3074 250 -1861 3488
3403 1067 1411 937 -1981 -741 3337 -5664 2171 -434 -1539 3244 9370 5608 3426 -3944 -228 -989 -1139 202 46 -8188 -3188 10980 4327 2630 903 -7434 -2481 -3372 -1255 -8896 -4530 -1081 -6508 -5277 61 -4629 -4525 -1010 12484 -7062 8119 -6186 2047 -1960 2340 2980 -5932 -83 10399 -6311 -4021 1375 -2483 -2639 -114 -7925 -2423 7040 -3074 250 -1861 3488
3403 1067 1411 937 -1981 -741 3337 -5664 2171 -434 -1539 3244 9370 5608 3426 -3944 -228 -989 -1139 202 46 -8188 -3188 10980 4327 2630 903 -7434 -2481 -3372 -1255 -8896 -4530 -1081 -6508 -5277 61 -4629 -4525 -1010 12484 -7062 8119 -6186 2047 -1960 2340 2980 -5932 -83 10399 -6311 -4021 1375 -2483 -2639 -114 -7925 -2423 7040 -3074 250 -1861 3488
3403 1067 1411 937 -1981 -741 3337 -5664 2171 -434 -1539 3244 9370 5608 3426 -3944 -228 -989 -1139 202 46 -8188 -3188 10980 4327 2630 903 -7434 -2481 -3372 -1255 -8896 -4530 -1081 -6508 -5277 61 -4629 -4525 -1010 12484 -7062 8119 -6186 2047 -1960 2340 2980 -5932 -83 10399 -6311 -4021 1375 -2483 -2639 -114 -7925 -2423 7040 -3074 250 -1861 3488
3403 1067 1411 937 -1981 -741 3337 -5664 2171 -434 -1539 3244 9370 5608 3426 -3944 -228 -989 -1139 202 46 -8188 -3188 10980 4327 2630 903 -7434 -2481 -3372 -1255 -8896 -4530 -1081 -6508 -5277 61 -4629 -4525 -1010 12484 -7062 8119 -6186 2047 -1960 2340 2980 -5932 -83 10399 -6311 -4021 1375 -2483 -2639 -114 -7925 -2423 7040 -3074 250 -1861 3488
3403 1067 1411 937 -1981 -741 3337 -5664 2171 -434 -1539 3244 9370 5608 3426 -3944 -228 -989 -1139 202 46 -8188 -3188 10980 4327 2630 903 -7434 -2481 -3372 -1255 -8896 -4530 -1081 -6508 -5277 61 -4629 -4525 -1010 12484 -7062 8119 -6186 2047 -1960 2340 2980 -5932 -83 10399 -6311 -4021 1375 -2483 -2639 -114 -7925 -2423 7040 -3074 250 -1861 3488
3403 1067 1411 937 -1981 -741 3337 -5664 2171 -434 -1539 3244 9370 5608 3426 -3944 -228 -989 -1139 202 46 -8188 -3188 10980 4327 2630 903 -7434 -2481 -3372 -1255 -8896 -4530 -1081 -6508 -5277 61 -4629 -4525 -1010 12484 -7062 8119 -6186 2047 -1960 2340 2980 -5932 -83 10399 -6311 -4021 1375 -2483 -2639 -114 -7925 -2423 7040 -3074 250 -1861 3488
3403 1067 1411 937 -1981 -741 3337 -5664 2171 -434 -1539 3244 9370 5608 3426 -3944 -228 -989 -1139 202 46 -8188 -3188 10980 4327 2630 903 -7434 -2481 -3372 -1255 -8896 -4530 -1081 -6508 -5277 61 -4629 -4525 -1010 12484 -7062 8119 -6186 2047 -1960 2340 2980 -5932 -83 10399 -6311 -4021 1375 -2483 -2639 -114 -7925 -2423 7040 -3074 250 -1861 3488
3403 1067 1411 937 -1981 -741 3337 -5664 2171 -434 -1539 3244 9370 5608 3426 -3944 -228 -989 -1139 202 46 -8188 -3188 10980 4327 2630 903 -7434 -2481 -3372 -1255 -8896 -4530 -1081 -6508 -5277 61 -4629 -4525 -1010 12484 -7062 8119 -6186 2047 -1960 2340 2980 -5932 -83 10399 -6311 -4021 1375 -2483 -2639 -114 -7925 -2423 7040 -3074 250 -1861 3488
3403 1067 1411 937 -1981 -741 3337 -5664 2171 -434 -1539 3244 9370 5608 3426 -3944 -228 -989 -1139 202 46 -8188 -3188 10980 4327 2630 903 -7434 -2481 -3372 -1255 -8896 -4530 -1081 -6508 -5277 61 -4629 -4525 -1010 12484 -7062 8119 -6186 2047 -1960 2340 2980 -5932 -83 10399 -6311 -4021 1375 -2483 -2639 -114 -7925 -2423 7040 -3074 250 -1861 3488
3403 1067 1411 937 -1981 -741 3337 -5664 2171 -434 -1539 3244 9370 5608 3426 -3944 -228 -989 -1139 202 46 -8188 -3188 10980 4327 2630 903 -7434 -2481 -3372 -1255 -8896 -4530 -1081 -6508 -5277 61 -4629 -4525 -1010 12484 -7062 8119 -6186 2047 -1960 2340 2980 -5932 -83 10399 -6311 -4021 1375 -2483 -2639 -114 -7925 -2423 7040 -3074 250 -1861 3488
3403 1067 1411 937 -1981 -741 3337 -5664 2171 -434 -1539 3244 9370 5608 3426 -3944 -228 -989 -1139 202 46 -8188 -3188 10980 4327 2630 903 -7434 -2481 -3372 -1255 -8896 -4530 -1081 -6508 -5277 61 -4629 -4525 -1010 12484 -7062 8119 -6186 2047 -1960 2340 2980 -5932 -83 10399 -6311 -4021 1375 -2483 -2639 -114 -7925 -2423 7040 -3074 250 -1861 3488
3403 1067 1411 937 -1981 -741 3337 -5664 2171 -434 -1539 3244 9370 5608 3426 -3944 -228 -989 -1139 202 46 -8188 -3188 10980 4327 2630 903 -7434 -2481 -3372 -1255 -8896 -4530 -1081 -6508 -5277 61 -4629 -4525 -1010 12484 -7062 8119 -6186 2047 -1960 2340 2980 -5932 -83 10399 -6311 -4021 1375 -2483 -2639 -114 -7925 -2423 7040 -3074 250 -1861 3488
3403 1067 1411 937 -1981 -741 3337 -5664 2171 -434 -1539 3244 9370 5608 3426 -3944 -228 -989 -1139 202 46 -8188 -3188 10980 4327 2630 903 -7434 -2481 -3372 -1255 -8896 -4530 -1081 -6508 -5277 61 -4629 -4525 -1010 12484 -7062 8119 -6186 2047 -1960 2340 2980 -5932 -83 10399 -6311 -4021 1375 -2483 -2639 -114 -7925 -2423 7040 -3074 250 -1861 3488
3403 1067 1411 937 -1981 -741 3337 -5664 2171 -434 -1539 3244 9370 5608 3426 -3944 -228 -989 -1139 202 46 -8188 -3188 10980 4327 2630 903 -7434 -2481 -3372 -1255 -8896 -4530 -1081 -6508 -5277 61 -4629 -4525 -1010 12484 -7062 8119 -6186 2047 -1960 2340 2980 -5932 -83 10399 -6311 -4021 1375 -2483 -2639 -114 -7925 -2423 7040 -3074 250 -1861 3488
3403 1067 1411 937 -1981 -741 3337 -5664 2171 -434 -1539 3244 9370 5608 3426 -3944 -228 -989 -1139 202 46 -8188 -3188 10980 4327 2630 903 -7434 -2481 -3372 -1255 -8896 -4530 -1081 -6508 -5277 61 -4629 -4525 -1010 12484 -7062 8119 -6186 2047 -1960 2340 2980 -5932 -83 10399 -6311 -4021 1375 -2483 -2639 -114 -7925 -2423 7040 -3074 250 -1861 3488
3403 1067 1411 937 -1981 -741 3337 -5664 2171 -434 -1539 3244 9370 5608 3426 -3944 -228 -989 -1139 202 46 -8188 -3188 10980 4327 2630 903 -7434 -2481 -3372 -1255 -8896 -4530 -1081 -6508 -5277 61 -4629 -4525 -1010 12484 -7062 8119 -6186 2047 -1960 2340 2980 -5932 -83 10399 -6311 -4021 1375 -2483 -2639 -114 -7925 -2423 7040 -3074 250 -1861 3488
3403 1067 1411 937 -1981 -741 3337 -5664 2171 -434 -1539 3244 9370 5608 3426 -3944 -228 -989 -1139 202 46 -8188 -3188 10980 4327 2630 903 -7434 -2481 -3372 -1255 -8896 -4530 -1081 -6508 -5277 61 -4629 -4525 -1010 12484 -7062 8119 -6186 2047 -1960 2340 2980 -5932 -83 10399 -6311 -4021 1375 -2483 -2639 -114 -7925 -2423 7040 -3074 250 -1861 3488
3403 1067 1411 937 -1981 -741 3337 -5664 2171 -434 -1539 3244 9370 5608 3426 -3944 -228 -989 -1139 202 46 -8188 -3188 10980 4327 2630 903 -7434 -2481 -3372 -1255 -8896 -4530 -1081 -6508 -5277 61 -4629 -4525 -1010 12484 -7062 8119 -6186 2047 -1960 2340 2980 -5932 -83 10399 -6311 -4021 1375 -2483 -2639 -114 -7925 -2423 7040 -3074 250 -1861 3488
3403 1067 1411 937 -1981 -741 3337 -5664 2171 -434 -1539 3244 9370 5608 3426 -3944 -228 -989 -1139 202 46 -8188 -3188 10980 4327 2630 903 -7434 -2481 -3372 -1255 -8896 -4530 -1081 -6508 -5277 61 -4629 -4525 -1010 12484 -7062 8119 -6186 2047 -1960 2340 2980 -5932 -83 10399 -6311 -4021 1375 -2483 -2639 -114 -7925 -2423 7040 -3074 250 -1861 3488
3403 1067 1411 937 -1981 -741 3337 -5664 2171 -434 -1539 3244 9370 5608 3426 -3944 -228 -989 -1139 202 46 -8188 -3188 10980 4327 2630 903 -7434 -2481 -3372 -1255 -8896 -4530 -1081 -6508 -5277 61 -4629 -4525 -1010 12484 -7062 8119 -6186 2047 -1960 2340 2980 -5932 -83 10399 -6311 -4021 1375 -2483 -2639 -114 -7925 -2423 7040 -3074 250 -1861 3488
3403 1067 1411 937 -1981 -741 3337 -5664 2171 -434 -1539 3244 9370 5608 3426 -3944 -228 -989 -1139 202 46 -8188 -3188 10980 4327 2630 903 -7434 -2481 -3372 -1255 -8896 -4530 -1081 -6508 -5277 61 -4629 -4525 -1010 12484 -7062 8119 -6186 2047 -1960 2340 2980 -5932 -83 10399 -6311 -4021 1375 -2483 -2639 -114 -7925 -2423 7040 -3074 250 -1861 3488
3403 1067 1411 937 -1981 -741 3337 -5664 2171 -434 -1539 3244 9370 5608 3426 -3944 -228 -989 -1139 202 46 -8188 -3188 10980 4327 2630 903 -7434 -2481 -3372 -1255 -8896 -4530 -1081 -6508 -5277 61 -4629 -4525 -1010 12484 -7062 8119 -6186 2047 -1960 2340 2980 -5932 -83 10399 -6311 -4021 1375 -2483 -2639 -114 -7925 -2423 7040 -3074 250 -1861 3488
3403 1067 1411 937 -1981 -741 3337 -5664 2171 -434 -1539 3244 9370 5608 3426 -3944 -228 -989 -1139 202 46 -8188 -3188 10980 4327 2630 903 -7434 -2481 -3372 -1255 -8896 -4530 -1081 -6508 -5277 61 -4629 -4525 -1010 12484 -7062 8119 -6186 2047 -1960 2340 2980 -5932 -83 10399 -6311 -4021 1375 -2483 -2639 -114 -7925 -2423 7040 -3074 250 -1861 3488
3403 1067 1411 937 -1981 -741 3337 -5664 2171 -434 -1539 3244 9370 5608 3426 -3944 -228 -989 -1139 202 46 -8188 -3188 10980 4327 2630 903 -7434 -2481 -3372 -1255 -8896 -4530 -1081 -6508 -5277 61 -4629 -4525 -1010 12484 -7062 8119 -6186 2047 -1960 2340 2980 -5932 -83 10399 -6311 -4021 1375 -2483 -2639 -114 -7925 -2423 7040 -3074 250 -1861 3488
3403 1067 1411 937 -1981 -741 3337 -5664 2171 -434 -1539 3244 9370 5608 3426 -3944 -228 -989 -1139 202 46 -8188 -3188 10980 4327 2630 903 -7434 -2481 -3372 -1255 -8896 -4530 -1081 -6508 -5277 61 -4629 -4525 -1010 12484 -7062 8119 -6186 2047 -1960 2340 2980 -5932 -83 10399 -6311 -4021 1375 -2483 -2639 -114 -7925 -2423 7040 -3074 250 -1861 3488
3403 1067 1411 937 -1981 -741 3337 -5664 2171 -434 -1539 3244 9370 5608 3426 -3944 -228 -989 -1139 202 46 -8188 -3188 10980 4327 2630 903 -7434 -2481 -3372 -1255 -8896 -4530 -1081 -6508 -5277 61 -4629 -4525 -1010 12484 -7062 8119 -6186 2047 -1960 2340 2980 -5932 -83 10399 -6311 -4021 1375 -2483 -2639 -114 -7925 -2423 7040 -3074 250 -1861 3488
3403 1067 1411 937 -1981 -741 3337 -5664 2171 -434 -1539 3244 9370 5608 3426 -3944 -228 -989 -1139 202 46 -8188 -3188 10980 4327 2630 903 -7434 -2481 -3372 -1255 -8896 -4530 -1081 -6508 -5277 61 -4629 -4525 -1010 12484 -7062 8119 -6186 2047 -1960 2340 2980 -5932 -83 10399 -6311 -4021 1375 -2483 -2639 -114 -7925 -2423 7040 -3074 250 -1861 3488
3403 1067 1411 937 -1981 -741 3337 -5664 2171 -434 -1539 3244 9370 5608 3426 -3944 -228 -989 -1139 202 46 -8188 -3188 10980 4327 2630 903 -7434 -2481 -3372 -1255 -8896 -4530 -1081 -6508 -5277 61 -4629 -4525 -1010 12484 -7062 8119 -6186 2047 -1960 2340 2980 -5932 -83 10399 -6311 -4021 1375 -2483 -2639 -114 -7925 -2423 7040 -3074 250 -1861 3488
3403 1067 1411 937 -1981 -741 3337 -5664 2171 -434 -1539 3244 9370 5608 3426 -3944 -228 -989 -1139 202 46 -8188 -3188 10980 4327 2630 903 -7434 -2481 -3372 -1255 -8896 -4530 -1081 -6508 -5277 61 -4629 -4525 -1010 12484 -7062 8119 -6186 2047 -1960 2340 2980 -5932 -83 10399 -6311 -4021 1375 -2483 -2639 -114 -7925 -2423 7040 -3074 250 -1861 3488
3403 1067 1411 937 -1981 -741 3337 -5664 2171 -434 -1539 3244 9370 5608 3426 -3944 -228 -989 -1139 202 46 -8188 -3188 10980 4327 2630 903 -7434 -2481 -3372 -1255 -8896 -4530 -1081 -6508 -5277 61 -4629 -4525 -1010 12484 -7062 8119 -6186 2047 -1960 2340 2980 -5932 -83 10399 -6311 -4021 1375 -2483 -2639 -114 -7925 -2423 7040 -3074 250 -1861 3488
3403 1067 1411 937 -1981 -741 3337 -5664 2171 -434 -1539 3244 9370 5608 3426 -3944 -228 -989 -1139 202 46 -8188 -3188 10980 4327 2630 903 -7434 -2481 -3372 -1255 -8896 -4530 -1081 -6508 -5277 61 -4629 -4525 -1010 12484 -7062 8119 -6186 2047 -1960 2340 2980 -5932 -83 10399 -6311 -4021 1375 -2483 -2639 -114 -7925 -2423 7040 -3074 250 -1861 3488
3403 1067 1411 937 -1981 -741 3337 -5664 2171 -434 -1539 3244 9370 5608 3426 -3944 -228 -989 -1139 202 46 -8188 -3188 10980 4327 2630 903 -7434 -2481 -3372 -1255 -8896 -4530 -1081 -6508 -5277 61 -4629 -4525 -1010 12484 -7062 8119 -6186 2047 -1960 2340 2980 -5932 -83 10399 -6311 -4021 1375 -2483 -2639 -114 -7925 -2423 7040 -3074 250 -1861 3488
3403 1067 1411 937 -1981 -741 3337 -5664 2171 -434 -1539 3244 9370 5608 3426 -3944 -228 -989 -1139 202 46 -8188 -3188 10980 4327 2630 903 -7434 -2481 -3372 -1255 -8896 -4530 -1081 -6508 -5277 61 -4629 -4525 -1010 12484 -7062 8119 -6186 2047 -1960 2340 2980 -5932 -83 10399 -6311 -4021 1375 -2483 -2639 -114 -7925 -2423 7040 -3074 250 -1861 3488
3403 1067 1411 937 -1981 -741 3337 -5664 2171 -434 -1539 3244 9370 5608 3426 -3944 -228 -989 -1139 202 46 -8188 -3188 10980 4327 2630 903 -7434 -2481 -3372 -1255 -8896 -4530 -1081 -6508 -5277 61 -4629 -4525 -1010 12484 -7062 8119 -6186 2047 -1960 2340 2980 -5932 -83 10399 -6311 -4021 1375 -2483 -2639 -114 -7925 -2423 7040 -3074 250 -1861 3488
3403 1067 1411 937 -1981 -741 3337 -5664 2171 -434 -1539 3244 9370 5608 3426 -3944 -228 -989 -1139 202 46 -8188 -3188 10980 4327 2630 903 -7434 -2481 -3372 -1255 -8896 -4530 -1081 -6508 -5277 61 -4629 -4525 -1010 12484 -7062 8119 -6186 2047 -1960 2340 2980 -5932 -83 10399 -6311 -4021 1375 -2483 -2639 -114 -7925 -2423 7040 -3074 250 -1861 3488
3403 1067 1411 937 -1981 -741 3337 -5664 2171 -434 -1539 3244 9370 5608 3426 -3944 -228 -989 -1139 202 46 -8188 -3188 10980 4327 2630 903 -7434 -2481 -3372 -1255 -8896 -4530 -1081 -6508 -5277 61 -4629 -4525 -1010 12484 -7062 8119 -6186 2047 -1960 2340 2980 -5932 -83 10399 -6311 -4021 1375 -2483 -2639 -114 -7925 -2423 7040 -3074 250 -1861 3488
3403 1067 1411 937 -1981 -741 3337 -5664 2171 -434 -1539 3244 9370 5608 3426 -3944 -228 -989 -1139 202 46 -8188 -3188 10980 4327 2630 903 -7434 -2481 -3372 -1255 -8896 -4530 -1081 -6508 -5277 61 -4629 -4525 -1010 12484 -7062 8119 -6186 2047 -1960 2340 2980 -5932 -83 10399 -6311 -4021 1375 -2483 -2639 -114 -7925 -2423 7040 -3074 250 -1861 3488
3403 1067 1411 937 -1981 -741 3337 -5664 2171 -434 -1539 3244 9370 5608 3426 -3944 -228 -989 -1139 202 46 -8188 -3188 10980 4327 2630 903 -7434 -2481 -3372 -1255 -8896 -4530 -1081 -6508 -5277 61 -4629 -4525 -1010 12484 -7062 8119 -6186 2047 -1960 2340 2980 -5932 -83 10399 -6311 -4021 1375 -2483 -2639 -114 -7925 -2423 7040 -3074 250 -1861 3488
3403 1067 1411 937 -1981 -741 3337 -5664 2171 -434 -1539 3244 9370 5608 3426 -3944 -228 -989 -1139 202 46 -8188 -3188 10980 4327 2630 903 -7434 -2481 -3372 -1255 -8896 -4530 -1081 -6508 -5277 61 -4629 -4525 -1010 12484 -7062 8119 -6186 2047 -1960 2340 2980 -5932 -83 10399 -6311 -4021 1375 -2483 -2639 -114 -7925 -2423 7040 -3074 250 -1861 3488
3403 1067 1411 937 -1981 -741 3337 -5664 2171 -434 -1539 3244 9370 5608 3426 -3944 -228 -989 -1139 202 46 -8188 -3188 10980 4327 2630 903 -7434 -2481 -3372 -1255 -8896 -4530 -1081 -6508 -5277 61 -4629 -4525 -1010 12484 -7062 8119 -6186 2047 -1960 2340 2980 -5932 -83 10399 -6311 -4021 1375 -2483 -2639 -114 -7925 -2423 7040 -3074 250 -1861 3488
3403 1067 1411 937 -1981 -741 3337 -5664 2171 -434 -1539 3244 9370 5608 3426 -3944 -228 -989 -1139 202 46 -8188 -3188 10980 4327 2630 903 -7434 -2481 -3372 -1255 -8896 -4530 -1081 -6508 -5277 61 -4629 -4525 -1010 12484 -7062 8119 -6186 2047 -1960 2340 2980 -5932 -83 10399 -6311 -4021 1375 -2483 -2639 -114 -7925 -2423 7040 -3074 250 -1861 3488
3403 1067 1411 937 -1981 -741 3337 -5664 2171 -434 -1539 3244 9370 5608 3426 -3944 -228 -989 -1139 202 46 -8188 -3188 10980 4327 2630 903 -7434 -2481 -3372 -1255 -8896 -4530 -1081 -6508 -5277 61 -4629 -4525 -1010 12484 -7062 8119 -6186 2047 -1960 2340 2980 -5932 -83 10399 -6311 -4021 1375 -2483 -2639 -114 -7925 -2423 7040 -3074 250 -1861 3488
3403 1067 1411 937 -1981 -741 3337 -5664 2171 -434 -1539 3244 9370 5608 3426 -3944 -228 -989 -1139 202 46 -8188 -3188 10980 4327 2630 903 -7434 -2481 -3372 -1255 -8896 -4530 -1081 -6508 -5277 61 -4629 -4525 -1010 12484 -7062 8119 -6186 2047 -1960 2340 2980 -5932 -83 10399 -6311 -4021 1375 -2483 -2639 -114 -7925 -2423 7040 -3074 250 -1861 3488
3403 1067 1411 937 -1981 -741 3337 -5664 2171 -434 -1539 3244 9370 5608 3426 -3944 -228 -989 -1139 202 46 -8188 -3188 10980 4327 2630 903 -7434 -2481 -3372 -1255 -8896 -4530 -1081 -6508 -5277 61 -4629 -4525 -1010 12484 -7062 8119 -6186 2047 -1960 2340 2980 -5932 -83 10399 -6311 -4021 1375 -2483 -2639 -114 -7925 -2423 7040 -3074 250 -1861 3488
3403 1067 1411 937 -1981 -741 3337 -5664 2171 -434 -1539 3244 9370 5608 3426 -3944 -228 -989 -1139 202 46 -8188 -3188 10980 4327 2630 903 -7434 -2481 -3372 -1255 -8896 -4530 -1081 -6508 -5277 61 -4629 -4525 -1010 12484 -7062 8119 -6186 2047 -1960 2340 2980 -5932 -83 10399 -6311 -4021 1375 -2483 -2639 -114 -7925 -2423 7040 -3074 250 -1861 3488
3403 1067 1411 937 -1981 -741 3337 -5664 2171 -434 -1539 3244 9370 5608 3426 -3944 -228 -989 -1139 202 46 -8188 -3188 10980 4327 2630 903 -7434 -2481 -3372 -1255 -8896 -4530 -1081 -6508 -5277 61 -4629 -4525 -1010 12484 -7062 8119 -6186 2047 -1960 2340 2980 -5932 -83 10399 -6311 -4021 1375 -2483 -2639 -114 -7925 -2423 7040 -3074 250 -1861 3488
3403 1067 1411 937 -1981 -741 3337 -5664 2171 -434 -1539 3244 9370 5608 3426 -3944 -228 -989 -1139 202 46 -8188 -3188 10980 4327 2630 903 -7434 -2481 -3372 -1255 -8896 -4530 -1081 -6508 -5277 61 -4629 -4525 -1010 12484 -7062 8119 -6186 2047 -1960 2340 2980 -5932 -83 10399 -6311 -4021 1375 -2483 -2639 -114 -7925 -2423 7040 -3074 250 -1861 3488
3403 1067 1411 937 -1981 -741 3337 -5664 2171 -434 -1539 3244 9370 5608 3426 -3944 -228 -989 -1139 202 46 -8188 -3188 10980 4327 2630 903 -7434 -2481 -3372 -1255 -8896 -4530 -1081 -6508 -5277 61 -4629 -4525 -1010 12484 -7062 8119 -6186 2047 -1960 2340 2980 -5932 -83 10399 -6311 -4021 1375 -2483 -2639 -114 -7925 -2423 7040 -3074 250 -1861 3488
3403 1067 1411 937 -1981 -741 3337 -5664 2171 -434 -1539 3244 9370 5608 3426 -3944 -228 -989 -1139 202 46 -8188 -3188 10980 4327 2630 903 -7434 -2481 -3372 -1255 -8896 -4530 -1081 -6508 -5277 61 -4629 -4525 -1010 12484 -7062 8119 -6186 2047 -1960 2340 2980 -5932 -83 10399 -6311 -4021 1375 -2483 -2639 -114 -7925 -2423 7040 -3074 250 -1861 3488
3403 1067 1411 937 -1981 -741 3337 -5664 2171 -434 -1539 3244 9370 5608 3426 -3944 -228 -989 -1139 202 46 -8188 -3188 10980 4327 2630 903 -7434 -2481 -3372 -1255 -8896 -4530 -1081 -6508 -5277 61 -4629 -4525 -1010 12484 -7062 8119 -6186 2047 -1960 2340 2980 -5932 -83 10399 -6311 -4021 1375 -2483 -2639 -114 -7925 -2423 7040 -3074 250 -1861 3488
3403 1067 1411 937 -1981 -741 3337 -5664 2171 -434 -1539 3244 9370 5608 3426 -3944 -228 -989 -1139 202 46 -8188 -3188 10980 4327 2630 903 -7434 -2481 -3372 -1255 -8896 -4530 -1081 -6508 -5277 61 -4629 -4525 -1010 12484 -7062 8119 -6186 2047 -1960 2340 2980 -5932 -83 10399 -6311 -4021 1375 -2483 -2639 -114 -7925 -2423 7040 -3074 250 -1861 3488
3403 1067 1411 937 -1981 -741 3337 -5664 2171 -434 -1539 3244 9370 5608 3426 -3944 -228 -989 -1139 202 46 -8188 -3188 10980 4327 2630 903 -7434 -2481 -3372 -1255 -8896 -4530 -1081 -6508 -5277 61 -4629 -4525 -1010 12484 -7062 8119 -6186 2047 -1960 2340 2980 -5932 -83 10399 -6311 -4021 1375 -2483 -2639 -114 -7925 -2423 7040 -3074 250 -1861 3488
3403 1067 1411 937 -1981 -741 3337 -5664 2171 -434 -1539 3244 9370 5608 3426 -3944 -228 -989 -1139 202 46 -8188 -3188 10980 4327 2630 903 -7434 -2481 -3372 -1255 -8896 -4530 -1081 -6508 -5277 61 -4629 -4525 -1010 12484 -7062 8119 -6186 2047 -1960 2340 2980 -5932 -83 10399 -6311 -4021 1375 -2483 -2639 -114 -7925 -2423 7040 -3074 250 -1861 3488
3403 1067 1411 937 -1981 -741 3337 -5664 2171 -434 -1539 3244 9370 5608 3426 -3944 -228 -989 -1139 202 46 -8188 -3188 10980 4327 2630 903 -7434 -2481 -3372 -1255 -8896 -4530 -1081 -6508 -5277 61 -4629 -4525 -1010 12484 -7062 8119 -6186 2047 -1960 2340 2980 -5932 -83 10399 -6311 -4021 1375 -2483 -2639 -114 -7925 -2423 7040 -3074 250 -1861 3488
3403 1067 1411 937 -1981 -741 3337 -5664 2171 -434 -1539 3244 9370 5608 3426 -3944 -228 -989 -1139 202 46 -8188 -3188 10980 4327 2630 903 -7434 -2481 -3372 -1255 -8896 -4530 -1081 -6508 -5277 61 -4629 -4525 -1010 12484 -7062 8119 -6186 2047 -1960 2340 2980 -5932 -83 10399 -6311 -4021 1375 -2483 -2639 -114 -7925 -2423 7040 -3074 250 -1861 3488
3403 1067 1411 937 -1981 -741 3337 -5664 2171 -434 -1539 3244 9370 5608 3426 -3944 -228 -989 -1139 202 46 -8188 -3188 10980 4327 2630 903 -7434 -2481 -3372 -1255 -8896 -4530 -1081 -6508 -5277 61 -4629 -4525 -1010 12484 -7062 8119 -6186 2047 -1960 2340 2980 -5932 -83 10399 -6311 -4021 1375 -2483 -2639 -114 -7925 -2423 7040 -3074 250 -1861 3488
3403 1067 1411 937 -1981 -741 3337 -5664 2171 -434 -1539 3244 9370 5608 3426 -3944 -228 -989 -1139 202 46 -8188 -3188 10980 4327 2630 903 -7434 -2481 -3372 -1255 -8896 -4530 -1081 -6508 -5277 61 -4629 -4525 -1010 12484 -7062 8119 -6186 2047 -1960 2340 2980 -5932 -83 10399 -6311 -4021 1375 -2483 -2639 -114 -7925 -2423 7040 -3074 250 -1861 3488
3403 1067 1411 937 -1981 -741 3337 -5664 2171 -434 -1539 3244 9370 5608 3426 -3944 -228 -989 -1139 202 46 -8188 -3188 10980 4327 2630 903 -7434 -2481 -3372 -1255 -8896 -4530 -1081 -6508 -5277 61 -4629 -4525 -1010 12484 -7062 8119 -6186 2047 -1960 2340 2980 -5932 -83 10399 -6311 -4021 1375 -2483 -2639 -114 -7925 -2423 7040 -3074 250 -1861 3488
3403 1067 1411 937 -1981 -741 3337 -5664 2171 -434 -1539 3244 9370 5608 3426 -3944 -228 -989 -1139 202 46 -8188 -3188 10980 4327 2630 903 -7434 -2481 -3372 -1255 -8896 -4530 -1081 -6508 -5277 61 -4629 -4525 -1010 12484 -7062 8119 -6186 2047 -1960 2340 2980 -5932 -83 10399 -6311 -4021 1375 -2483 -2639 -114 -7925 -2423 7040 -3074 250 -1861 3488
3403 1067 1411 937 -1981 -741 3337 -5664 2171 -434 -1539 3244 9370 5608 3426 -3944 -228 -989 -1139 202 46 -8188 -3188 10980 4327 2630 903 -7434 -2481 -3372 -1255 -8896 -4530 -1081 -6508 -5277 61 -4629 -4525 -1010 12484 -7062 8119 -6186 2047 -1960 2340 2980 -5932 -83 10399 -6311 -4021 1375 -2483 -2639 -114 -7925 -2423 7040 -3074 250 -1861 3488
3403 1067 1411 937 -1981 -741 3337 -5664 2171 -434 -1539 3244 9370 5608 3426 -3944 -228 -989 -1139 202 46 -8188 -3188 10980 4327 2630 903 -7434 -2481 -3372 -1255 -8896 -4530 -1081 -6508 -5277 61 -4629 -4525 -1010 12484 -7062 8119 -6186 2047 -1960 2340 2980 -5932 -83 10399 -6311 -4021 1375 -2483 -2639 -114 -7925 -2423 7040 -3074 250 -1861 3488
3403 1067 1411 937 -1981 -741 3337 -5664 2171 -434 -1539 3244 9370 5608 3426 -3944 -228 -989 -1139 202 46 -8188 -3188 10980 4327 2630 903 -7434 -2481 -3372 -1255 -8896 -4530 -1081 -6508 -5277 61 -4629 -4525 -1010 12484 -7062 8119 -6186 2047 -1960 2340 2980 -5932 -83 10399 -6311 -4021 1375 -2483 -2639 -114 -7925 -2423 7040 -3074 250 -1861 3488
3403 1067 1411 937 -1981 -741 3337 -5664 2171 -434 -1539 3244 9370 5608 3426 -3944 -228 -989 -1139 202 46 -8188 -3188 10980 4327 2630 903 -7434 -2481 -3372 -1255 -8896 -4530 -1081 -6508 -5277 61 -4629 -4525 -1010 12484 -7062 8119 -6186 2047 -1960 2340 2980 -5932 -83 10399 -6311 -4021 1375 -2483 -2639 -114 -7925 -2423 7040 -3074 250 -1861 3488
3403 1067 1411 937 -1981 -741 3337 -5664 2171 -434 -1539 3244 9370 5608 3426 -3944 -228 -989 -1139 202 46 -8188 -3188 10980 4327 2630 903 -7434 -2481 -3372 -1255 -8896 -4530 -1081 -6508 -5277 61 -4629 -4525 -1010 12484 -7062 8119 -6186 2047 -1960 2340 2980 -5932 -83 10399 -6311 -4021 1375 -2483 -2639 -114 -7925 -2423 7040 -3074 250 -1861 3488
3403 1067 1411 937 -1981 -741 3337 -5664 2171 -434 -1539 3244 9370 5608 3426 -3944 -228 -989 -1139 202 46 -8188 -3188 10980 4327 2630 903 -7434 -2481 -3372 -1255 -8896 -4530 -1081 -6508 -5277 61 -4629 -4525 -1010 12484 -7062 8119 -6186 2047 -1960 2340 2980 -5932 -83 10399 -6311 -4021 1375 -2483 -2639 -114 -7925 -2423 7040 -3074 250 -1861 3488
3403 1067 1411 937 -1981 -741 3337 -5664 2171 -434 -1539 3244 9370 5608 3426 -3944 -228 -989 -1139 202 46 -8188 -3188 10980 4327 2630 903 -7434 -2481 -3372 -1255 -8896 -4530 -1081 -6508 -5277 61 -4629 -4525 -1010 12484 -7062 8119 -6186 2047 -1960 2340 2980 -5932 -83 10399 -6311 -4021 1375 -2483 -2639 -114 -7925 -2423 7040 -3074 250 -1861 3488
3403 1067 1411 937 -1981 -741 3337 -5664 2171 -434 -1539 3244 9370 5608 3426 -3944 -228 -989 -1139 202 46 -8188 -3188 10980 4327 2630 903 -7434 -2481 -3372 -1255 -8896 -4530 -1081 -6508 -5277 61 -4629 -4525 -1010 12484 -7062 8119 -6186 2047 -1960 2340 2980 -5932 -83 10399 -6311 -4021 1375 -2483 -2639 -114 -7925 -2423 7040 -3074 250 -1861 3488
3403 1067 1411 937 -1981 -741 3337 -5664 2171 -434 -1539 3244 9370 5608 3426 -3944 -228 -989 -1139 202 46 -8188 -3188 10980 4327 2630 903 -7434 -2481 -3372 -1255 -8896 -4530 -1081 -6508 -5277 61 -4629 -4525 -1010 12484 -7062 8119 -6186 2047 -1960 2340 2980 -5932 -83 10399 -6311 -4021 1375 -2483 -2639 -114 -7925 -2423 7040 -3074 250 -1861 3488
3403 1067 1411 937 -1981 -741 3337 -5664 2171 -434 -1539 3244 9370 5608 3426 -3944 -228 -989 -1139 202 46 -8188 -3188 10980 4327 2630 903 -7434 -2481 -3372 -1255 -8896 -4530 -1081 -6508 -5277 61 -4629 -4525 -1010 12484 -7062 8119 -6186 2047 -1960 2340 2980 -5932 -83 10399 -6311 -4021 1375 -2483 -2639 -114 -7925 -2423 7040 -3074 250 -1861 3488
3403 1067 1411 937 -1981 -741 3337 -5664 2171 -434 -1539 3244 9370 5608 3426 -3944 -228 -989 -1139 202 46 -8188 -3188 10980 4327 2630 903 -7434 -2481 -3372 -1255 -8896 -4530 -1081 -6508 -5277 61 -4629 -4525 -1010 12484 -7062 8119 -6186 2047 -1960 2340 2980 -5932 -83 10399 -6311 -4021 1375 -2483 -2639 -114 -7925 -2423 7040 -3074 250 -1861 3488
3403 1067 1411 937 -1981 -741 3337 -5664 2171 -434 -1539 3244 9370 5608 3426 -3944 -228 -989 -1139 202 46 -8188 -3188 10980 4327 2630 903 -7434 -2481 -3372 -1255 -8896 -4530 -1081 -6508 -5277 61 -4629 -4525 -1010 12484 -7062 8119 -6186 2047 -1960 2340 2980 -5932 -83 10399 -6311 -4021 1375 -2483 -2639 -114 -7925 -2423 7040 -3074 250 -1861 3488
3403 1067 1411 937 -1981 -741 3337 -5664 2171 -434 -1539 3244 9370 5608 3426 -3944 -228 -989 -1139 202 46 -8188 -3188 10980 4327 2630 903 -7434 -2481 -3372 -1255 -8896 -4530 -1081 -6508 -5277 61 -4629 -4525 -1010 12484 -7062 8119 -6186 2047 -1960 2340 2980 -5932 -83 10399 -6311 -4021 1375 -2483 -2639 -114 -7925 -2423 7040 -3074 250 -1861 3488
3403 1067 1411 937 -1981 -741 3337 -5664 2171 -434 -1539 3244 9370 5608 3426 -3944 -228 -989 -1139 202 46 -8188 -3188 10980 4327 2630 903 -7434 -2481 -3372 -1255 -8896 -4530 -1081 -6508 -5277 61 -4629 -4525 -1010 12484 -7062 8119 -6186 2047 -1960 2340 2980 -5932 -83 10399 -6311 -4021 1375 -2483 -2639 -114 -7925 -2423 7040 -3074 250 -1861 3488
3403 1067 1411 937 -1981 -741 3337 -5664 2171 -434 -1539 3244 9370 5608 3426 -3944 -228 -989 -1139 202 46 -8188 -3188 10980 4327 2630 903 -7434 -2481 -3372 -1255 -8896 -4530 -1081 -6508 -5277 61 -4629 -4525 -1010 12484 -7062 8119 -6186 2047 -1960 2340 2980 -5932 -83 10399 -6311 -4021 1375 -2483 -2639 -114 -7925 -2423 7040 -3074 250 -1861 3488
3403 1067 1411 937 -1981 -741 3337 -5664 2171 -434 -1539 3244 9370 5608 3426 -3944 -228 -989 -1139 202 46 -8188 -3188 10980 4327 2630 903 -7434 -2481 -3372 -1255 -8896 -4530 -1081 -6508 -5277 61 -4629 -4525 -1010 12484 -7062 8119 -6186 2047 -1960 2340 2980 -5932 -83 10399 -6311 -4021 1375 -2483 -2639 -114 -7925 -2423 7040 -3074 250 -1861 3488
3403 1067 1411 937 -1981 -741 3337 -5664 2171 -434 -1539 3244 9370 5608 3426 -3944 -228 -989 -1139 202 46 -8188 -3188 10980 4327 2630 903 -7434 -2481 -3372 -1255 -8896 -4530 -1081 -6508 -5277 61 -4629 -4525 -1010 12484 -7062 8119 -6186 2047 -1960 2340 2980 -5932 -83 10399 -6311 -4021 1375 -2483 -2639 -114 -7925 -2423 7040 -3074 250 -1861 3488
