-13860 2383 2428 7029 3562 -13854 -14082 3106 1965 -13174 2857 -8531 1760 -12127 -8562 19157 -13720 4134 5698 -9270 -11216 485 8733 -7 -4815 -5005 -13473 892 -1960 3992 -13887 11847 -1039 -11927 5222 -2075 4175 -990 7786 -17609 7482 3717 -1536 -9438 -262 818 11774 -13761 -5211 5602 -5117 12796 7004 -67 -3041 6978 11607 819 -7805 3737 -1957 -10904 3405 10330
-13988 2421 2529 7182 3647 -14037 -14275 3218 2044 -13307 2848 -8668 1847 -12155 -8653 19403 -13938 4102 5727 -9436 -11400 580 8835 78 -4806 -5139 -13661 865 -1947 4094 -13999 12074 -1067 -12136 5296 -2135 4184 -1022 7985 -17757 7550 3738 -1540 -9573 -222 798 11867 -13968 -5068 5672 -5215 13001 7027 -33 -3123 6944 11796 852 -7930 3857 -1895 -11172 3329 10472
-13723 2361 2485 7010 3536 -13788 -14071 3103 1958 -13084 2820 -8560 1737 -12070 -8538 19085 -13706 4146 5647 -9286 -11153 518 8692 49 -4719 -4985 -13469 860 -1908 4035 -13817 11813 -1026 -11858 5248 -2040 4137 -991 7820 -17513 7474 3729 -1552 -9375 -224 754 11776 -13698 -5106 5588 -5129 12763 6939 -49 -3041 6928 11617 801 -7806 3758 -1926 -10871 3372 10258
-13793 2376 2485 7054 3574 -13919 -14133 3152 1959 -13208 2870 -8624 1756 -12062 -8524 19262 -13810 4202 5683 -9332 -11282 504 8747 -5 -4749 -5091 -13528 830 -1948 4074 -13930 11892 -1053 -11984 5252 -2090 4207 -1028 7847 -17613 7494 3711 -1539 -9422 -267 819 11870 -13804 -5134 5586 -5145 12838 6971 -25 -3083 6932 11714 809 -7850 3761 -1941 -10997 3374 10288
-13711 2368 2444 7030 3541 -13815 -14021 3138 2006 -13088 2729 -8538 1776 -12058 -8572 19034 -13701 4118 5617 -9318 -11181 525 8729 77 -4743 -4941 -13421 834 -1875 3992 -13806 11778 -1017 -11919 5217 -2108 4144 -972 7867 -17459 7471 3703 -1557 -9378 -233 856 11742 -13730 -5015 5607 -5118 12765 6935 -7 -3006 6848 11618 826 -7817 3739 -1842 -10949 3225 10220
-13679 2393 2457 7023 3600 -13700 -14023 3137 1935 -13068 2833 -8528 1697 -12000 -8529 19125 -13646 4167 5634 -9260 -11194 506 8675 47 -4696 -5029 -13464 850 -1911 4051 -13807 11801 -1047 -11862 5219 -2105 4155 -1022 7790 -17472 7485 3722 -1534 -9287 -221 794 11804 -13769 -5048 5534 -5184 12754 6859 -39 -3094 6858 11648 801 -7871 3760 -1969 -10915 3364 10222
-13691 2339 2446 6991 3490 -13801 -14063 3146 1996 -13072 2777 -8552 1745 -12035 -8515 19067 -13661 4155 5618 -9303 -11184 528 8724 64 -4731 -4952 -13468 860 -1893 4040 -13797 11828 -1040 -11841 5261 -2012 4156 -964 7834 -17531 7482 3690 -1548 -9369 -204 776 11754 -13740 -5022 5624 -5112 12736 6905 -37 -3023 6898 11575 776 -7824 3802 -1858 -10928 3321 10205
-13580 2347 2424 6984 3527 -13672 -13904 3154 1953 -12974 2798 -8478 1724 -11866 -8450 18977 -13573 4079 5583 -9177 -11093 554 8636 25 -4693 -4968 -13357 825 -1903 3998 -13680 11739 -1051 -11801 5158 -2077 4110 -1024 7773 -17312 7401 3649 -1534 -9285 -237 794 11655 -13616 -5007 5515 -5091 12651 6869 -45 -3027 6782 11502 783 -7720 3756 -1901 -10838 3300 10133
-13867 2386 2511 7071 3598 -13997 -14269 3156 1944 -13300 2971 -8664 1751 -12237 -8634 19457 -13908 4215 5737 -9432 -11311 499 8792 31 -4765 -5070 -13647 856 -1937 4166 -14016 11970 -1008 -12006 5313 -2063 4222 -1019 7848 -17793 7617 3777 -1567 -9499 -238 789 11992 -13887 -5178 5667 -5202 12917 7017 5 -3087 7042 11749 802 -7976 3769 -1994 -11053 3450 10356
-13871 2340 2493 6997 3748 -13967 -14250 3143 2116 -13357 2879 -8576 1830 -12419 -8658 19349 -13881 4201 5806 -9447 -11410 332 8888 161 -4811 -4996 -13706 963 -2004 4028 -14087 11910 -1036 -12038 5361 -2016 4385 -1067 7772 -17805 7587 3793 -1525 -9486 -217 732 11877 -13966 -5068 5614 -5257 12801 6888 97 -3035 7060 11808 717 -8050 3676 -2117 -10967 3328 10299
-13566 2333 2445 6959 3541 -13625 -13943 3093 1855 -12973 2879 -8462 1691 -11841 -8406 19012 -13567 4134 5610 -9150 -11058 507 8575 -28 -4673 -5014 -13332 850 -1934 4061 -13679 11737 -1021 -11720 5195 -2020 4106 -1020 7678 -17366 7439 3660 -1510 -9274 -227 780 11710 -13571 -5110 5476 -5095 12648 6860 -34 -3047 6874 11482 777 -7756 3738 -1949 -10818 3419 10153
-13754 2383 2430 7053 3603 -13824 -14128 3130 1898 -13168 2878 -8558 1710 -12099 -8587 19237 -13765 4248 5676 -9287 -11239 501 8726 -32 -4744 -5051 -13575 881 -1910 4101 -13928 11863 -1025 -11938 5255 -2065 4184 -1010 7853 -17607 7563 3732 -1581 -9366 -244 782 11963 -13842 -5161 5582 -5184 12846 6979 -59 -3128 6966 11718 803 -7900 3765 -1968 -10969 3450 10270
-13754 2423 2555 7119 3600 -13893 -14165 3212 1911 -13223 2902 -8708 1709 -12063 -8487 19302 -13802 4212 5607 -9348 -11207 579 8732 -14 -4680 -5155 -13574 802 -1905 4212 -13983 11954 -1049 -11989 5294 -2146 4128 -1072 7915 -17620 7512 3713 -1593 -9405 -199 809 11980 -13846 -5165 5599 -5157 12903 6993 -124 -3191 6921 11719 805 -7852 3778 -1936 -11100 3451 10290
-13631 2351 2475 6977 3561 -13736 -14019 3125 1934 -13068 2876 -8522 1729 -12012 -8470 19091 -13609 4185 5605 -9256 -11149 526 8669 59 -4688 -5031 -13437 844 -1929 4043 -13844 11816 -1030 -11850 5237 -2066 4137 -1036 7789 -17462 7458 3698 -1558 -9303 -187 787 11801 -13717 -5091 5545 -5125 12749 6890 -46 -3103 6900 11640 796 -7842 3754 -1940 -10892 3354 10194
-13673 2398 2459 7036 3603 -13790 -14083 3190 1980 -13172 2942 -8573 1730 -12133 -8496 19203 -13675 4121 5622 -9285 -11141 512 8701 67 -4690 -4999 -13553 882 -1890 4155 -13878 11835 -1008 -11904 5242 -2087 4193 -1039 7783 -17564 7509 3703 -1576 -9393 -207 771 11852 -13749 -5116 5579 -5150 12751 6905 -33 -3115 6894 11578 744 -7830 3694 -2016 -10957 3397 10188
-13625 2360 2457 6969 3572 -13661 -14047 3113 1868 -13044 2945 -8460 1690 -11947 -8416 19133 -13615 4149 5618 -9242 -11089 510 8591 3 -4659 -5046 -13460 878 -1917 4119 -13807 11816 -991 -11789 5238 -2021 4126 -1004 7758 -17471 7500 3649 -1518 -9295 -237 741 11818 -13698 -5120 5535 -5125 12707 6899 -36 -3129 6944 11566 821 -7836 3732 -1983 -10919 3470 10216
-13742 2377 2484 7072 3625 -13854 -14141 3154 1998 -13220 2857 -8597 1795 -12147 -8544 19243 -13768 4190 5636 -9337 -11244 538 8781 62 -4712 -5041 -13583 868 -1898 4121 -13965 11875 -1017 -12006 5283 -2124 4171 -1025 7869 -17625 7521 3730 -1610 -9419 -182 844 11879 -13834 -5076 5589 -5164 12856 6957 -24 -3150 6900 11731 790 -7901 3766 -1953 -11037 3312 10259
-13692 2412 2482 7017 3536 -13717 -14035 3098 1936 -13045 2787 -8561 1717 -11954 -8447 19048 -13637 4194 5578 -9238 -11128 537 8684 9 -4665 -5091 -13485 835 -1900 4056 -13819 11814 -1057 -11857 5222 -2068 4105 -975 7842 -17456 7430 3674 -1537 -9275 -174 762 11780 -13746 -5088 5563 -5136 12736 6909 -90 -3124 6886 11623 798 -7826 3760 -1899 -10911 3386 10213
-13846 2417 2517 7081 3642 -13914 -14231 3196 1939 -13289 2962 -8625 1725 -12143 -8547 19388 -13801 4191 5695 -9347 -11280 529 8740 -1 -4772 -5136 -13654 862 -1947 4167 -14041 11985 -1039 -12031 5295 -2084 4174 -1048 7925 -17696 7581 3696 -1567 -9448 -262 776 11987 -13898 -5194 5630 -5185 12918 7014 -59 -3192 6992 11760 817 -7895 3768 -2011 -11097 3480 10366
-13851 2345 2422 7103 3548 -13966 -14125 3212 2003 -13177 2796 -8541 1811 -12104 -8656 19230 -13811 4105 5663 -9361 -11350 598 8804 54 -4824 -4993 -13531 844 -1893 3966 -13959 12001 -1082 -12059 5244 -2138 4150 -1041 7964 -17565 7508 3716 -1583 -9466 -282 809 11862 -13898 -5037 5611 -5166 12882 7018 -69 -3016 6876 11757 871 -7860 3851 -1811 -11034 3265 10353
-13794 2363 2440 7019 3565 -13915 -14122 3161 1966 -13184 2830 -8545 1776 -12093 -8611 19203 -13753 4140 5680 -9285 -11286 563 8749 21 -4792 -5003 -13527 862 -1928 3974 -13909 11946 -1068 -11987 5233 -2069 4163 -1011 7911 -17526 7495 3712 -1560 -9459 -307 744 11876 -13839 -5104 5609 -5145 12869 6990 -39 -3038 6947 11712 846 -7847 3804 -1891 -10940 3366 10315
-13770 2306 2396 7039 3639 -13941 -14121 3187 1996 -13286 2917 -8497 1800 -12163 -8585 19285 -13804 4119 5745 -9314 -11299 474 8765 16 -4819 -5001 -13579 958 -1946 4061 -14015 11949 -1040 -12034 5300 -2054 4208 -1107 7857 -17635 7549 3688 -1522 -9460 -291 784 11901 -13848 -5119 5580 -5172 12852 6979 -37 -3053 6963 11681 817 -7800 3719 -2043 -11012 3406 10281
-13720 2389 2478 6986 3566 -13705 -14021 3114 1927 -13076 2879 -8518 1699 -11981 -8377 19056 -13630 4181 5624 -9220 -11108 430 8640 -53 -4707 -5095 -13447 848 -1930 4054 -13823 11740 -1027 -11830 5215 -2032 4137 -968 7781 -17516 7413 3602 -1493 -9306 -271 828 11731 -13673 -5206 5527 -5075 12667 6936 -61 -3124 6932 11521 798 -7715 3642 -1992 -10926 3472 10254
-13796 2388 2474 7041 3563 -13841 -14067 3197 1962 -13122 2839 -8531 1771 -11963 -8552 19175 -13735 4117 5680 -9261 -11293 524 8685 11 -4798 -5053 -13459 842 -1969 3951 -13788 11896 -1117 -11921 5187 -2075 4164 -1014 7852 -17484 7474 3619 -1479 -9447 -265 740 11735 -13750 -5098 5554 -5127 12800 6960 -14 -2982 6907 11613 800 -7792 3798 -1861 -10935 3354 10321
-13737 2381 2488 7047 3516 -13850 -14010 3175 2026 -13094 2764 -8561 1781 -11976 -8534 19069 -13726 4070 5678 -9278 -11234 538 8724 103 -4758 -4979 -13419 815 -1932 3965 -13745 11852 -1067 -11893 5220 -2037 4180 -1017 7826 -17459 7425 3699 -1521 -9432 -244 759 11653 -13689 -5004 5600 -5120 12741 6907 33 -2948 6824 11579 793 -7769 3788 -1871 -10897 3253 10244
-13647 2373 2532 7021 3544 -13758 -13979 3129 1924 -13044 2800 -8585 1752 -11940 -8523 19026 -13666 4121 5567 -9243 -11123 541 8643 14 -4692 -5006 -13363 816 -1859 4032 -13696 11774 -1076 -11809 5215 -2113 4090 -989 7787 -17399 7424 3657 -1527 -9361 -187 781 11738 -13618 -5062 5557 -5078 12743 6898 -74 -3049 6866 11537 805 -7754 3726 -1850 -10870 3369 10224
-13851 2355 2448 7122 3511 -13974 -14134 3227 2027 -13144 2677 -8596 1817 -12079 -8691 19161 -13827 4119 5669 -9399 -11372 580 8832 90 -4827 -4978 -13508 792 -1868 3912 -13902 11996 -1135 -12037 5273 -2133 4135 -1006 8015 -17538 7453 3693 -1567 -9454 -265 800 11801 -13934 -4952 5620 -5163 12898 7013 -48 -2948 6859 11744 889 -7851 3881 -1769 -11029 3247 10374
-13891 2449 2481 7156 3579 -13915 -14223 3196 1974 -13184 2774 -8647 1753 -12181 -8670 19275 -13813 4195 5663 -9403 -11337 555 8802 102 -4765 -5044 -13618 822 -1898 4027 -13963 11986 -1090 -12037 5265 -2135 4196 -982 7970 -17663 7548 3767 -1597 -9465 -212 772 11929 -13975 -5083 5641 -5228 12945 7002 -28 -3077 6939 11798 853 -7984 3836 -1867 -11047 3366 10393
-13825 2403 2484 7098 3542 -13938 -14196 3204 1985 -13191 2814 -8643 1762 -12123 -8578 19278 -13795 4192 5664 -9390 -11293 602 8791 87 -4752 -5073 -13593 817 -1925 4059 -13984 12014 -1081 -12028 5283 -2077 4146 -1024 7989 -17638 7506 3732 -1607 -9447 -204 779 11889 -13950 -5067 5672 -5163 12935 7040 -68 -3097 6943 11780 832 -7904 3895 -1856 -11068 3344 10332
-13770 2368 2460 7050 3620 -13909 -14151 3192 1963 -13237 2871 -8575 1753 -12108 -8600 19307 -13787 4164 5706 -9332 -11310 549 8769 59 -4768 -5007 -13563 874 -1942 4066 -13960 11977 -1054 -11979 5289 -2078 4212 -1074 7882 -17596 7547 3744 -1575 -9469 -264 762 11934 -13895 -5080 5588 -5193 12884 6963 -28 -3058 6938 11725 817 -7895 3816 -1953 -11004 3377 10311
-13886 2391 2522 7135 3609 -14010 -14270 3195 1934 -13268 2921 -8669 1762 -12116 -8620 19449 -13913 4199 5707 -9437 -11336 558 8781 15 -4771 -5135 -13654 833 -1946 4158 -14025 12048 -1031 -12049 5307 -2093 4207 -1052 7945 -17740 7606 3743 -1560 -9510 -220 779 12003 -13938 -5150 5645 -5203 12972 7040 -31 -3122 7002 11795 842 -7955 3824 -1923 -11119 3438 10401
-13776 2338 2495 7097 3552 -13856 -14159 3216 1929 -13131 2915 -8579 1755 -11986 -8498 19286 -13787 4168 5655 -9339 -11271 562 8708 12 -4728 -5103 -13559 831 -1957 4102 -13910 11998 -1069 -11930 5278 -2080 4153 -1058 7872 -17622 7507 3668 -1509 -9433 -198 751 11857 -13840 -5104 5558 -5159 12882 6979 -56 -3101 6955 11682 858 -7845 3840 -1917 -11050 3459 10360
-13990 2340 2422 7140 3574 -14049 -14282 3180 1959 -13318 2868 -8626 1775 -12191 -8692 19451 -13946 4247 5792 -9389 -11464 506 8873 -34 -4898 -5082 -13666 881 -1977 4021 -14083 12056 -1115 -12097 5336 -2063 4211 -1037 7943 -17821 7581 3732 -1547 -9490 -296 797 11971 -13990 -5166 5640 -5232 12969 7087 -56 -3048 7028 11823 851 -7923 3879 -1962 -11061 3443 10476
-13711 2338 2473 7023 3578 -13858 -14104 3089 1909 -13142 2864 -8557 1769 -12090 -8568 19168 -13744 4185 5672 -9314 -11195 513 8722 29 -4716 -5034 -13471 878 -1910 4046 -13896 11872 -1031 -11930 5289 -2064 4136 -1029 7820 -17540 7486 3747 -1580 -9371 -243 796 11878 -13761 -5126 5577 -5133 12824 6951 -60 -3085 6958 11705 823 -7862 3762 -1949 -10919 3400 10247
-13686 2387 2494 7030 3661 -13890 -14103 3153 1931 -13205 2881 -8563 1794 -12100 -8557 19197 -13783 4140 5655 -9319 -11196 546 8701 45 -4694 -5060 -13509 873 -1911 4108 -13928 11889 -1015 -12007 5245 -2121 4136 -1064 7898 -17498 7532 3729 -1590 -9439 -249 799 11930 -13795 -5098 5574 -5149 12893 6971 -53 -3140 6934 11725 831 -7857 3712 -1955 -11028 3377 10235
-13812 2392 2532 7057 3643 -13890 -14252 3138 1909 -13224 2918 -8666 1718 -12116 -8547 19350 -13809 4257 5676 -9363 -11225 496 8747 -32 -4736 -5168 -13645 847 -1938 4184 -13983 11936 -1038 -11967 5310 -2039 4154 -1009 7932 -17699 7565 3696 -1547 -9401 -208 792 11984 -13889 -5182 5613 -5180 12904 7009 -68 -3199 7050 11726 792 -7899 3751 -2005 -11074 3540 10354
-13732 2401 2488 7078 3562 -13784 -14104 3199 1942 -13126 2870 -8576 1712 -12007 -8497 19200 -13714 4139 5606 -9306 -11211 575 8684 37 -4719 -5036 -13517 816 -1894 4116 -13883 11918 -1041 -11909 5249 -2129 4166 -1042 7873 -17547 7494 3683 -1572 -9416 -214 758 11864 -13817 -5094 5555 -5147 12834 6965 -53 -3106 6885 11644 852 -7840 3807 -1906 -11001 3400 10307
-13750 2359 2443 7060 3551 -13879 -14071 3175 1980 -13128 2820 -8549 1788 -12075 -8570 19121 -13727 4104 5653 -9289 -11229 570 8741 53 -4751 -5005 -13477 859 -1901 3993 -13875 11902 -1061 -11993 5228 -2100 4130 -1024 7882 -17500 7442 3721 -1598 -9413 -287 792 11804 -13780 -5066 5589 -5119 12831 6964 -66 -3063 6872 11690 836 -7801 3810 -1893 -10951 3327 10264
-13742 2367 2460 7008 3538 -13836 -14138 3128 1957 -13144 2852 -8562 1729 -12083 -8524 19205 -13713 4202 5647 -9323 -11211 494 8731 15 -4761 -5049 -13562 843 -1914 4094 -13915 11871 -1050 -11916 5274 -2027 4153 -999 7890 -17604 7535 3672 -1533 -9359 -197 775 11858 -13818 -5104 5625 -5151 12803 6976 -28 -3093 6969 11650 805 -7862 3746 -1954 -10980 3427 10258
-13969 2403 2457 7127 3723 -14100 -14276 3211 1973 -13434 2985 -8612 1795 -12278 -8713 19566 -13981 4130 5839 -9444 -11375 514 8820 41 -4839 -5113 -13725 949 -1963 4109 -14165 12093 -1009 -12179 5300 -2099 4265 -1105 7951 -17825 7660 3765 -1577 -9592 -330 820 12046 -14005 -5246 5655 -5246 13031 7081 -34 -3115 7043 11843 839 -7945 3755 -2064 -11135 3433 10417
-13618 2391 2480 6952 3566 -13603 -13933 3147 1911 -13003 2864 -8493 1667 -11915 -8291 18965 -13500 4142 5578 -9151 -11026 446 8602 -38 -4677 -5077 -13363 805 -1940 4038 -13767 11677 -1041 -11769 5182 -2036 4100 -990 7734 -17384 7348 3580 -1519 -9226 -294 846 11642 -13601 -5163 5471 -5054 12586 6878 -54 -3122 6854 11462 762 -7675 3637 -2026 -10874 3440 10178
-13809 2355 2492 7069 3585 -13913 -14155 3198 1956 -13177 2904 -8608 1781 -11978 -8549 19316 -13826 4170 5696 -9350 -11323 541 8720 1 -4743 -5128 -13557 849 -1977 4089 -13882 11965 -1073 -11968 5246 -2074 4161 -1044 7853 -17608 7518 3685 -1499 -9431 -216 775 11839 -13840 -5069 5589 -5155 12857 6962 -60 -3074 6930 11705 788 -7865 3850 -1889 -11049 3386 10320
-13809 2355 2492 7069 3585 -13913 -14155 3198 1956 -13177 2904 -8608 1781 -11978 -8549 19316 -13826 4170 5696 -9350 -11323 541 8720 1 -4743 -5128 -13557 849 -1977 4089 -13882 11965 -1073 -11968 5246 -2074 4161 -1044 7853 -17608 7518 3685 -1499 -9431 -216 775 11839 -13840 -5069 5589 -5155 12857 6962 -60 -3074 6930 11705 788 -7865 3850 -1889 -11049 3386 10320
-13809 2355 2492 7069 3585 -13913 -14155 3198 1956 -13177 2904 -8608 1781 -11978 -8549 19316 -13826 4170 5696 -9350 -11323 541 8720 1 -4743 -5128 -13557 849 -1977 4089 -13882 11965 -1073 -11968 5246 -2074 4161 -1044 7853 -17608 7518 3685 -1499 -9431 -216 775 11839 -13840 -5069 5589 -5155 12857 6962 -60 -3074 6930 11705 788 -7865 3850 -1889 -11049 3386 10320
-13809 2355 2492 7069 3585 -13913 -14155 3198 1956 -13177 2904 -8608 1781 -11978 -8549 19316 -13826 4170 5696 -9350 -11323 541 8720 1 -4743 -5128 -13557 849 -1977 4089 -13882 11965 -1073 -11968 5246 -2074 4161 -1044 7853 -17608 7518 3685 -1499 -9431 -216 775 11839 -13840 -5069 5589 -5155 12857 6962 -60 -3074 6930 11705 788 -7865 3850 -1889 -11049 3386 10320
-13809 2355 2492 7069 3585 -13913 -14155 3198 1956 -13177 2904 -8608 1781 -11978 -8549 19316 -13826 4170 5696 -9350 -11323 541 8720 1 -4743 -5128 -13557 849 -1977 4089 -13882 11965 -1073 -11968 5246 -2074 4161 -1044 7853 -17608 7518 3685 -1499 -9431 -216 775 11839 -13840 -5069 5589 -5155 12857 6962 -60 -3074 6930 11705 788 -7865 3850 -1889 -11049 3386 10320
-13809 2355 2492 7069 3585 -13913 -14155 3198 1956 -13177 2904 -8608 1781 -11978 -8549 19316 -13826 4170 5696 -9350 -11323 541 8720 1 -4743 -5128 -13557 849 -1977 4089 -13882 11965 -1073 -11968 5246 -2074 4161 -1044 7853 -17608 7518 3685 -1499 -9431 -216 775 11839 -13840 -5069 5589 -5155 12857 6962 -60 -3074 6930 11705 788 -7865 3850 -1889 -11049 3386 10320
-13809 2355 2492 7069 3585 -13913 -14155 3198 1956 -13177 2904 -8608 1781 -11978 -8549 19316 -13826 4170 5696 -9350 -11323 541 8720 1 -4743 -5128 -13557 849 -1977 4089 -13882 11965 -1073 -11968 5246 -2074 4161 -1044 7853 -17608 7518 3685 -1499 -9431 -216 775 11839 -13840 -5069 5589 -5155 12857 6962 -60 -3074 6930 11705 788 -7865 3850 -1889 -11049 3386 10320
-13809 2355 2492 7069 3585 -13913 -14155 3198 1956 -13177 2904 -8608 1781 -11978 -8549 19316 -13826 4170 5696 -9350 -11323 541 8720 1 -4743 -5128 -13557 849 -1977 4089 -13882 11965 -1073 -11968 5246 -2074 4161 -1044 7853 -17608 7518 3685 -1499 -9431 -216 775 11839 -13840 -5069 5589 -5155 12857 6962 -60 -3074 6930 11705 788 -7865 3850 -1889 -11049 3386 10320
-13809 2355 2492 7069 3585 -13913 -14155 3198 1956 -13177 2904 -8608 1781 -11978 -8549 19316 -13826 4170 5696 -9350 -11323 541 8720 1 -4743 -5128 -13557 849 -1977 4089 -13882 11965 -1073 -11968 5246 -2074 4161 -1044 7853 -17608 7518 3685 -1499 -9431 -216 775 11839 -13840 -5069 5589 -5155 12857 6962 -60 -3074 6930 11705 788 -7865 3850 -1889 -11049 3386 10320
-13809 2355 2492 7069 3585 -13913 -14155 3198 1956 -13177 2904 -8608 1781 -11978 -8549 19316 -13826 4170 5696 -9350 -11323 541 8720 1 -4743 -5128 -13557 849 -1977 4089 -13882 11965 -1073 -11968 5246 -2074 4161 -1044 7853 -17608 7518 3685 -1499 -9431 -216 775 11839 -13840 -5069 5589 -5155 12857 6962 -60 -3074 6930 11705 788 -7865 3850 -1889 -11049 3386 10320
-13809 2355 2492 7069 3585 -13913 -14155 3198 1956 -13177 2904 -8608 1781 -11978 -8549 19316 -13826 4170 5696 -9350 -11323 541 8720 1 -4743 -5128 -13557 849 -1977 4089 -13882 11965 -1073 -11968 5246 -2074 4161 -1044 7853 -17608 7518 3685 -1499 -9431 -216 775 11839 -13840 -5069 5589 -5155 12857 6962 -60 -3074 6930 11705 788 -7865 3850 -1889 -11049 3386 10320
-13809 2355 2492 7069 3585 -13913 -14155 3198 1956 -13177 2904 -8608 1781 -11978 -8549 19316 -13826 4170 5696 -9350 -11323 541 8720 1 -4743 -5128 -13557 849 -1977 4089 -13882 11965 -1073 -11968 5246 -2074 4161 -1044 7853 -17608 7518 3685 -1499 -9431 -216 775 11839 -13840 -5069 5589 -5155 12857 6962 -60 -3074 6930 11705 788 -7865 3850 -1889 -11049 3386 10320
-13809 2355 2492 7069 3585 -13913 -14155 3198 1956 -13177 2904 -8608 1781 -11978 -8549 19316 -13826 4170 5696 -9350 -11323 541 8720 1 -4743 -5128 -13557 849 -1977 4089 -13882 11965 -1073 -11968 5246 -2074 4161 -1044 7853 -17608 7518 3685 -1499 -9431 -216 775 11839 -13840 -5069 5589 -5155 12857 6962 -60 -3074 6930 11705 788 -7865 3850 -1889 -11049 3386 10320
-13809 2355 2492 7069 3585 -13913 -14155 3198 1956 -13177 2904 -8608 1781 -11978 -8549 19316 -13826 4170 5696 -9350 -11323 541 8720 1 -4743 -5128 -13557 849 -1977 4089 -13882 11965 -1073 -11968 5246 -2074 4161 -1044 7853 -17608 7518 3685 -1499 -9431 -216 775 11839 -13840 -5069 5589 -5155 12857 6962 -60 -3074 6930 11705 788 -7865 3850 -1889 -11049 3386 10320
-13809 2355 2492 7069 3585 -13913 -14155 3198 1956 -13177 2904 -8608 1781 -11978 -8549 19316 -13826 4170 5696 -9350 -11323 541 8720 1 -4743 -5128 -13557 849 -1977 4089 -13882 11965 -1073 -11968 5246 -2074 4161 -1044 7853 -17608 7518 3685 -1499 -9431 -216 775 11839 -13840 -5069 5589 -5155 12857 6962 -60 -3074 6930 11705 788 -7865 3850 -1889 -11049 3386 10320
-13809 2355 2492 7069 3585 -13913 -14155 3198 1956 -13177 2904 -8608 1781 -11978 -8549 19316 -13826 4170 5696 -9350 -11323 541 8720 1 -4743 -5128 -13557 849 -1977 4089 -13882 11965 -1073 -11968 5246 -2074 4161 -1044 7853 -17608 7518 3685 -1499 -9431 -216 775 11839 -13840 -5069 5589 -5155 12857 6962 -60 -3074 6930 11705 788 -7865 3850 -1889 -11049 3386 10320
-13809 2355 2492 7069 3585 -13913 -14155 3198 1956 -13177 2904 -8608 1781 -11978 -8549 19316 -13826 4170 5696 -9350 -11323 541 8720 1 -4743 -5128 -13557 849 -1977 4089 -13882 11965 -1073 -11968 5246 -2074 4161 -1044 7853 -17608 7518 3685 -1499 -9431 -216 775 11839 -13840 -5069 5589 -5155 12857 6962 -60 -3074 6930 11705 788 -7865 3850 -1889 -11049 3386 10320
-13809 2355 2492 7069 3585 -13913 -14155 3198 1956 -13177 2904 -8608 1781 -11978 -8549 19316 -13826 4170 5696 -9350 -11323 541 8720 1 -4743 -5128 -13557 849 -1977 4089 -13882 11965 -1073 -11968 5246 -2074 4161 -1044 7853 -17608 7518 3685 -1499 -9431 -216 775 11839 -13840 -5069 5589 -5155 12857 6962 -60 -3074 6930 11705 788 -7865 3850 -1889 -11049 3386 10320
-13809 2355 2492 7069 3585 -13913 -14155 3198 1956 -13177 2904 -8608 1781 -11978 -8549 19316 -13826 4170 5696 -9350 -11323 541 8720 1 -4743 -5128 -13557 849 -1977 4089 -13882 11965 -1073 -11968 5246 -2074 4161 -1044 7853 -17608 7518 3685 -1499 -9431 -216 775 11839 -13840 -5069 5589 -5155 12857 6962 -60 -3074 6930 11705 788 -7865 3850 -1889 -11049 3386 10320
-13809 2355 2492 7069 3585 -13913 -14155 3198 1956 -13177 2904 -8608 1781 -11978 -8549 19316 -13826 4170 5696 -9350 -11323 541 8720 1 -4743 -5128 -13557 849 -1977 4089 -13882 11965 -1073 -11968 5246 -2074 4161 -1044 7853 -17608 7518 3685 -1499 -9431 -216 775 11839 -13840 -5069 5589 -5155 12857 6962 -60 -3074 6930 11705 788 -7865 3850 -1889 -11049 3386 10320
-13809 2355 2492 7069 3585 -13913 -14155 3198 1956 -13177 2904 -8608 1781 -11978 -8549 19316 -13826 4170 5696 -9350 -11323 541 8720 1 -4743 -5128 -13557 849 -1977 4089 -13882 11965 -1073 -11968 5246 -2074 4161 -1044 7853 -17608 7518 3685 -1499 -9431 -216 775 11839 -13840 -5069 5589 -5155 12857 6962 -60 -3074 6930 11705 788 -7865 3850 -1889 -11049 3386 10320
-13809 2355 2492 7069 3585 -13913 -14155 3198 1956 -13177 2904 -8608 1781 -11978 -8549 19316 -13826 4170 5696 -9350 -11323 541 8720 1 -4743 -5128 -13557 849 -1977 4089 -13882 11965 -1073 -11968 5246 -2074 4161 -1044 7853 -17608 7518 3685 -1499 -9431 -216 775 11839 -13840 -5069 5589 -5155 12857 6962 -60 -3074 6930 11705 788 -7865 3850 -1889 -11049 3386 10320
-13809 2355 2492 7069 3585 -13913 -14155 3198 1956 -13177 2904 -8608 1781 -11978 -8549 19316 -13826 4170 5696 -9350 -11323 541 8720 1 -4743 -5128 -13557 849 -1977 4089 -13882 11965 -1073 -11968 5246 -2074 4161 -1044 7853 -17608 7518 3685 -1499 -9431 -216 775 11839 -13840 -5069 5589 -5155 12857 6962 -60 -3074 6930 11705 788 -7865 3850 -1889 -11049 3386 10320
-13809 2355 2492 7069 3585 -13913 -14155 3198 1956 -13177 2904 -8608 1781 -11978 -8549 19316 -13826 4170 5696 -9350 -11323 541 8720 1 -4743 -5128 -13557 849 -1977 4089 -13882 11965 -1073 -11968 5246 -2074 4161 -1044 7853 -17608 7518 3685 -1499 -9431 -216 775 11839 -13840 -5069 5589 -5155 12857 6962 -60 -3074 6930 11705 788 -7865 3850 -1889 -11049 3386 10320
-13809 2355 2492 7069 3585 -13913 -14155 3198 1956 -13177 2904 -8608 1781 -11978 -8549 19316 -13826 4170 5696 -9350 -11323 541 8720 1 -4743 -5128 -13557 849 -1977 4089 -13882 11965 -1073 -11968 5246 -2074 4161 -1044 7853 -17608 7518 3685 -1499 -9431 -216 775 11839 -13840 -5069 5589 -5155 12857 6962 -60 -3074 6930 11705 788 -7865 3850 -1889 -11049 3386 10320
-13809 2355 2492 7069 3585 -13913 -14155 3198 1956 -13177 2904 -8608 1781 -11978 -8549 19316 -13826 4170 5696 -9350 -11323 541 8720 1 -4743 -5128 -13557 849 -1977 4089 -13882 11965 -1073 -11968 5246 -2074 4161 -1044 7853 -17608 7518 3685 -1499 -9431 -216 775 11839 -13840 -5069 5589 -5155 12857 6962 -60 -3074 6930 11705 788 -7865 3850 -1889 -11049 3386 10320
-13809 2355 2492 7069 3585 -13913 -14155 3198 1956 -13177 2904 -8608 1781 -11978 -8549 19316 -13826 4170 5696 -9350 -11323 541 8720 1 -4743 -5128 -13557 849 -1977 4089 -13882 11965 -1073 -11968 5246 -2074 4161 -1044 7853 -17608 7518 3685 -1499 -9431 -216 775 11839 -13840 -5069 5589 -5155 12857 6962 -60 -3074 6930 11705 788 -7865 3850 -1889 -11049 3386 10320
-13809 2355 2492 7069 3585 -13913 -14155 3198 1956 -13177 2904 -8608 1781 -11978 -8549 19316 -13826 4170 5696 -9350 -11323 541 8720 1 -4743 -5128 -13557 849 -1977 4089 -13882 11965 -1073 -11968 5246 -2074 4161 -1044 7853 -17608 7518 3685 -1499 -9431 -216 775 11839 -13840 -5069 5589 -5155 12857 6962 -60 -3074 6930 11705 788 -7865 3850 -1889 -11049 3386 10320
-13809 2355 2492 7069 3585 -13913 -14155 3198 1956 -13177 2904 -8608 1781 -11978 -8549 19316 -13826 4170 5696 -9350 -11323 541 8720 1 -4743 -5128 -13557 849 -1977 4089 -13882 11965 -1073 -11968 5246 -2074 4161 -1044 7853 -17608 7518 3685 -1499 -9431 -216 775 11839 -13840 -5069 5589 -5155 12857 6962 -60 -3074 6930 11705 788 -7865 3850 -1889 -11049 3386 10320
-13809 2355 2492 7069 3585 -13913 -14155 3198 1956 -13177 2904 -8608 1781 -11978 -8549 19316 -13826 4170 5696 -9350 -11323 541 8720 1 -4743 -5128 -13557 849 -1977 4089 -13882 11965 -1073 -11968 5246 -2074 4161 -1044 7853 -17608 7518 3685 -1499 -9431 -216 775 11839 -13840 -5069 5589 -5155 12857 6962 -60 -3074 6930 11705 788 -7865 3850 -1889 -11049 3386 10320
-13809 2355 2492 7069 3585 -13913 -14155 3198 1956 -13177 2904 -8608 1781 -11978 -8549 19316 -13826 4170 5696 -9350 -11323 541 8720 1 -4743 -5128 -13557 849 -1977 4089 -13882 11965 -1073 -11968 5246 -2074 4161 -1044 7853 -17608 7518 3685 -1499 -9431 -216 775 11839 -13840 -5069 5589 -5155 12857 6962 -60 -3074 6930 11705 788 -7865 3850 -1889 -11049 3386 10320
-13809 2355 2492 7069 3585 -13913 -14155 3198 1956 -13177 2904 -8608 1781 -11978 -8549 19316 -13826 4170 5696 -9350 -11323 541 8720 1 -4743 -5128 -13557 849 -1977 4089 -13882 11965 -1073 -11968 5246 -2074 4161 -1044 7853 -17608 7518 3685 -1499 -9431 -216 775 11839 -13840 -5069 5589 -5155 12857 6962 -60 -3074 6930 11705 788 -7865 3850 -1889 -11049 3386 10320
-13809 2355 2492 7069 3585 -13913 -14155 3198 1956 -13177 2904 -8608 1781 -11978 -8549 19316 -13826 4170 5696 -9350 -11323 541 8720 1 -4743 -5128 -13557 849 -1977 4089 -13882 11965 -1073 -11968 5246 -2074 4161 -1044 7853 -17608 7518 3685 -1499 -9431 -216 775 11839 -13840 -5069 5589 -5155 12857 6962 -60 -3074 6930 11705 788 -7865 3850 -1889 -11049 3386 10320
-13809 2355 2492 7069 3585 -13913 -14155 3198 1956 -13177 2904 -8608 1781 -11978 -8549 19316 -13826 4170 5696 -9350 -11323 541 8720 1 -4743 -5128 -13557 849 -1977 4089 -13882 11965 -1073 -11968 5246 -2074 4161 -1044 7853 -17608 7518 3685 -1499 -9431 -216 775 11839 -13840 -5069 5589 -5155 12857 6962 -60 -3074 6930 11705 788 -7865 3850 -1889 -11049 3386 10320
-13809 2355 2492 7069 3585 -13913 -14155 3198 1956 -13177 2904 -8608 1781 -11978 -8549 19316 -13826 4170 5696 -9350 -11323 541 8720 1 -4743 -5128 -13557 849 -1977 4089 -13882 11965 -1073 -11968 5246 -2074 4161 -1044 7853 -17608 7518 3685 -1499 -9431 -216 775 11839 -13840 -5069 5589 -5155 12857 6962 -60 -3074 6930 11705 788 -7865 3850 -1889 -11049 3386 10320
-13809 2355 2492 7069 3585 -13913 -14155 3198 1956 -13177 2904 -8608 1781 -11978 -8549 19316 -13826 4170 5696 -9350 -11323 541 8720 1 -4743 -5128 -13557 849 -1977 4089 -13882 11965 -1073 -11968 5246 -2074 4161 -1044 7853 -17608 7518 3685 -1499 -9431 -216 775 11839 -13840 -5069 5589 -5155 12857 6962 -60 -3074 6930 11705 788 -7865 3850 -1889 -11049 3386 10320
-13809 2355 2492 7069 3585 -13913 -14155 3198 1956 -13177 2904 -8608 1781 -11978 -8549 19316 -13826 4170 5696 -9350 -11323 541 8720 1 -4743 -5128 -13557 849 -1977 4089 -13882 11965 -1073 -11968 5246 -2074 4161 -1044 7853 -17608 7518 3685 -1499 -9431 -216 775 11839 -13840 -5069 5589 -5155 12857 6962 -60 -3074 6930 11705 788 -7865 3850 -1889 -11049 3386 10320
-13809 2355 2492 7069 3585 -13913 -14155 3198 1956 -13177 2904 -8608 1781 -11978 -8549 19316 -13826 4170 5696 -9350 -11323 541 8720 1 -4743 -5128 -13557 849 -1977 4089 -13882 11965 -1073 -11968 5246 -2074 4161 -1044 7853 -17608 7518 3685 -1499 -9431 -216 775 11839 -13840 -5069 5589 -5155 12857 6962 -60 -3074 6930 11705 788 -7865 3850 -1889 -11049 3386 10320
-13809 2355 2492 7069 3585 -13913 -14155 3198 1956 -13177 2904 -8608 1781 -11978 -8549 19316 -13826 4170 5696 -9350 -11323 541 8720 1 -4743 -5128 -13557 849 -1977 4089 -13882 11965 -1073 -11968 5246 -2074 4161 -1044 7853 -17608 7518 3685 -1499 -9431 -216 775 11839 -13840 -5069 5589 -5155 12857 6962 -60 -3074 6930 11705 788 -7865 3850 -1889 -11049 3386 10320
-13809 2355 2492 7069 3585 -13913 -14155 3198 1956 -13177 2904 -8608 1781 -11978 -8549 19316 -13826 4170 5696 -9350 -11323 541 8720 1 -4743 -5128 -13557 849 -1977 4089 -13882 11965 -1073 -11968 5246 -2074 4161 -1044 7853 -17608 7518 3685 -1499 -9431 -216 775 11839 -13840 -5069 5589 -5155 12857 6962 -60 -3074 6930 11705 788 -7865 3850 -1889 -11049 3386 10320
-13809 2355 2492 7069 3585 -13913 -14155 3198 1956 -13177 2904 -8608 1781 -11978 -8549 19316 -13826 4170 5696 -9350 -11323 541 8720 1 -4743 -5128 -13557 849 -1977 4089 -13882 11965 -1073 -11968 5246 -2074 4161 -1044 7853 -17608 7518 3685 -1499 -9431 -216 775 11839 -13840 -5069 5589 -5155 12857 6962 -60 -3074 6930 11705 788 -7865 3850 -1889 -11049 3386 10320
-13809 2355 2492 7069 3585 -13913 -14155 3198 1956 -13177 2904 -8608 1781 -11978 -8549 19316 -13826 4170 5696 -9350 -11323 541 8720 1 -4743 -5128 -13557 849 -1977 4089 -13882 11965 -1073 -11968 5246 -2074 4161 -1044 7853 -17608 7518 3685 -1499 -9431 -216 775 11839 -13840 -5069 5589 -5155 12857 6962 -60 -3074 6930 11705 788 -7865 3850 -1889 -11049 3386 10320
-13809 2355 2492 7069 3585 -13913 -14155 3198 1956 -13177 2904 -8608 1781 -11978 -8549 19316 -13826 4170 5696 -9350 -11323 541 8720 1 -4743 -5128 -13557 849 -1977 4089 -13882 11965 -1073 -11968 5246 -2074 4161 -1044 7853 -17608 7518 3685 -1499 -9431 -216 775 11839 -13840 -5069 5589 -5155 12857 6962 -60 -3074 6930 11705 788 -7865 3850 -1889 -11049 3386 10320
-13809 2355 2492 7069 3585 -13913 -14155 3198 1956 -13177 2904 -8608 1781 -11978 -8549 19316 -13826 4170 5696 -9350 -11323 541 8720 1 -4743 -5128 -13557 849 -1977 4089 -13882 11965 -1073 -11968 5246 -2074 4161 -1044 7853 -17608 7518 3685 -1499 -9431 -216 775 11839 -13840 -5069 5589 -5155 12857 6962 -60 -3074 6930 11705 788 -7865 3850 -1889 -11049 3386 10320
-13809 2355 2492 7069 3585 -13913 -14155 3198 1956 -13177 2904 -8608 1781 -11978 -8549 19316 -13826 4170 5696 -9350 -11323 541 8720 1 -4743 -5128 -13557 849 -1977 4089 -13882 11965 -1073 -11968 5246 -2074 4161 -1044 7853 -17608 7518 3685 -1499 -9431 -216 775 11839 -13840 -5069 5589 -5155 12857 6962 -60 -3074 6930 11705 788 -7865 3850 -1889 -11049 3386 10320
-13809 2355 2492 7069 3585 -13913 -14155 3198 1956 -13177 2904 -8608 1781 -11978 -8549 19316 -13826 4170 5696 -9350 -11323 541 8720 1 -4743 -5128 -13557 849 -1977 4089 -13882 11965 -1073 -11968 5246 -2074 4161 -1044 7853 -17608 7518 3685 -1499 -9431 -216 775 11839 -13840 -5069 5589 -5155 12857 6962 -60 -3074 6930 11705 788 -7865 3850 -1889 -11049 3386 10320
-13809 2355 2492 7069 3585 -13913 -14155 3198 1956 -13177 2904 -8608 1781 -11978 -8549 19316 -13826 4170 5696 -9350 -11323 541 8720 1 -4743 -5128 -13557 849 -1977 4089 -13882 11965 -1073 -11968 5246 -2074 4161 -1044 7853 -17608 7518 3685 -1499 -9431 -216 775 11839 -13840 -5069 5589 -5155 12857 6962 -60 -3074 6930 11705 788 -7865 3850 -1889 -11049 3386 10320
-13809 2355 2492 7069 3585 -13913 -14155 3198 1956 -13177 2904 -8608 1781 -11978 -8549 19316 -13826 4170 5696 -9350 -11323 541 8720 1 -4743 -5128 -13557 849 -1977 4089 -13882 11965 -1073 -11968 5246 -2074 4161 -1044 7853 -17608 7518 3685 -1499 -9431 -216 775 11839 -13840 -5069 5589 -5155 12857 6962 -60 -3074 6930 11705 788 -7865 3850 -1889 -11049 3386 10320
-13809 2355 2492 7069 3585 -13913 -14155 3198 1956 -13177 2904 -8608 1781 -11978 -8549 19316 -13826 4170 5696 -9350 -11323 541 8720 1 -4743 -5128 -13557 849 -1977 4089 -13882 11965 -1073 -11968 5246 -2074 4161 -1044 7853 -17608 7518 3685 -1499 -9431 -216 775 11839 -13840 -5069 5589 -5155 12857 6962 -60 -3074 6930 11705 788 -7865 3850 -1889 -11049 3386 10320
-13809 2355 2492 7069 3585 -13913 -14155 3198 1956 -13177 2904 -8608 1781 -11978 -8549 19316 -13826 4170 5696 -9350 -11323 541 8720 1 -4743 -5128 -13557 849 -1977 4089 -13882 11965 -1073 -11968 5246 -2074 4161 -1044 7853 -17608 7518 3685 -1499 -9431 -216 775 11839 -13840 -5069 5589 -5155 12857 6962 -60 -3074 6930 11705 788 -7865 3850 -1889 -11049 3386 10320
-13809 2355 2492 7069 3585 -13913 -14155 3198 1956 -13177 2904 -8608 1781 -11978 -8549 19316 -13826 4170 5696 -9350 -11323 541 8720 1 -4743 -5128 -13557 849 -1977 4089 -13882 11965 -1073 -11968 5246 -2074 4161 -1044 7853 -17608 7518 3685 -1499 -9431 -216 775 11839 -13840 -5069 5589 -5155 12857 6962 -60 -3074 6930 11705 788 -7865 3850 -1889 -11049 3386 10320
-13809 2355 2492 7069 3585 -13913 -14155 3198 1956 -13177 2904 -8608 1781 -11978 -8549 19316 -13826 4170 5696 -9350 -11323 541 8720 1 -4743 -5128 -13557 849 -1977 4089 -13882 11965 -1073 -11968 5246 -2074 4161 -1044 7853 -17608 7518 3685 -1499 -9431 -216 775 11839 -13840 -5069 5589 -5155 12857 6962 -60 -3074 6930 11705 788 -7865 3850 -1889 -11049 3386 10320
-13809 2355 2492 7069 3585 -13913 -14155 3198 1956 -13177 2904 -8608 1781 -11978 -8549 19316 -13826 4170 5696 -9350 -11323 541 8720 1 -4743 -5128 -13557 849 -1977 4089 -13882 11965 -1073 -11968 5246 -2074 4161 -1044 7853 -17608 7518 3685 -1499 -9431 -216 775 11839 -13840 -5069 5589 -5155 12857 6962 -60 -3074 6930 11705 788 -7865 3850 -1889 -11049 3386 10320
-13809 2355 2492 7069 3585 -13913 -14155 3198 1956 -13177 2904 -8608 1781 -11978 -8549 19316 -13826 4170 5696 -9350 -11323 541 8720 1 -4743 -5128 -13557 849 -1977 4089 -13882 11965 -1073 -11968 5246 -2074 4161 -1044 7853 -17608 7518 3685 -1499 -9431 -216 775 11839 -13840 -5069 5589 -5155 12857 6962 -60 -3074 6930 11705 788 -7865 3850 -1889 -11049 3386 10320
-13809 2355 2492 7069 3585 -13913 -14155 3198 1956 -13177 2904 -8608 1781 -11978 -8549 19316 -13826 4170 5696 -9350 -11323 541 8720 1 -4743 -5128 -13557 849 -1977 4089 -13882 11965 -1073 -11968 5246 -2074 4161 -1044 7853 -17608 7518 3685 -1499 -9431 -216 775 11839 -13840 -5069 5589 -5155 12857 6962 -60 -3074 6930 11705 788 -7865 3850 -1889 -11049 3386 10320
-13809 2355 2492 7069 3585 -13913 -14155 3198 1956 -13177 2904 -8608 1781 -11978 -8549 19316 -13826 4170 5696 -9350 -11323 541 8720 1 -4743 -5128 -13557 849 -1977 4089 -13882 11965 -1073 -11968 5246 -2074 4161 -1044 7853 -17608 7518 3685 -1499 -9431 -216 775 11839 -13840 -5069 5589 -5155 12857 6962 -60 -3074 6930 11705 788 -7865 3850 -1889 -11049 3386 10320
-13809 2355 2492 7069 3585 -13913 -14155 3198 1956 -13177 2904 -8608 1781 -11978 -8549 19316 -13826 4170 5696 -9350 -11323 541 8720 1 -4743 -5128 -13557 849 -1977 4089 -13882 11965 -1073 -11968 5246 -2074 4161 -1044 7853 -17608 7518 3685 -1499 -9431 -216 775 11839 -13840 -5069 5589 -5155 12857 6962 -60 -3074 6930 11705 788 -7865 3850 -1889 -11049 3386 10320
-13809 2355 2492 7069 3585 -13913 -14155 3198 1956 -13177 2904 -8608 1781 -11978 -8549 19316 -13826 4170 5696 -9350 -11323 541 8720 1 -4743 -5128 -13557 849 -1977 4089 -13882 11965 -1073 -11968 5246 -2074 4161 -1044 7853 -17608 7518 3685 -1499 -9431 -216 775 11839 -13840 -5069 5589 -5155 12857 6962 -60 -3074 6930 11705 788 -7865 3850 -1889 -11049 3386 10320
-13809 2355 2492 7069 3585 -13913 -14155 3198 1956 -13177 2904 -8608 1781 -11978 -8549 19316 -13826 4170 5696 -9350 -11323 541 8720 1 -4743 -5128 -13557 849 -1977 4089 -13882 11965 -1073 -11968 5246 -2074 4161 -1044 7853 -17608 7518 3685 -1499 -9431 -216 775 11839 -13840 -5069 5589 -5155 12857 6962 -60 -3074 6930 11705 788 -7865 3850 -1889 -11049 3386 10320
-13809 2355 2492 7069 3585 -13913 -14155 3198 1956 -13177 2904 -8608 1781 -11978 -8549 19316 -13826 4170 5696 -9350 -11323 541 8720 1 -4743 -5128 -13557 849 -1977 4089 -13882 11965 -1073 -11968 5246 -2074 4161 -1044 7853 -17608 7518 3685 -1499 -9431 -216 775 11839 -13840 -5069 5589 -5155 12857 6962 -60 -3074 6930 11705 788 -7865 3850 -1889 -11049 3386 10320
-13809 2355 2492 7069 3585 -13913 -14155 3198 1956 -13177 2904 -8608 1781 -11978 -8549 19316 -13826 4170 5696 -9350 -11323 541 8720 1 -4743 -5128 -13557 849 -1977 4089 -13882 11965 -1073 -11968 5246 -2074 4161 -1044 7853 -17608 7518 3685 -1499 -9431 -216 775 11839 -13840 -5069 5589 -5155 12857 6962 -60 -3074 6930 11705 788 -7865 3850 -1889 -11049 3386 10320
-13809 2355 2492 7069 3585 -13913 -14155 3198 1956 -13177 2904 -8608 1781 -11978 -8549 19316 -13826 4170 5696 -9350 -11323 541 8720 1 -4743 -5128 -13557 849 -1977 4089 -13882 11965 -1073 -11968 5246 -2074 4161 -1044 7853 -17608 7518 3685 -1499 -9431 -216 775 11839 -13840 -5069 5589 -5155 12857 6962 -60 -3074 6930 11705 788 -7865 3850 -1889 -11049 3386 10320
-13809 2355 2492 7069 3585 -13913 -14155 3198 1956 -13177 2904 -8608 1781 -11978 -8549 19316 -13826 4170 5696 -9350 -11323 541 8720 1 -4743 -5128 -13557 849 -1977 4089 -13882 11965 -1073 -11968 5246 -2074 4161 -1044 7853 -17608 7518 3685 -1499 -9431 -216 775 11839 -13840 -5069 5589 -5155 12857 6962 -60 -3074 6930 11705 788 -7865 3850 -1889 -11049 3386 10320
-13809 2355 2492 7069 3585 -13913 -14155 3198 1956 -13177 2904 -8608 1781 -11978 -8549 19316 -13826 4170 5696 -9350 -11323 541 8720 1 -4743 -5128 -13557 849 -1977 4089 -13882 11965 -1073 -11968 5246 -2074 4161 -1044 7853 -17608 7518 3685 -1499 -9431 -216 775 11839 -13840 -5069 5589 -5155 12857 6962 -60 -3074 6930 11705 788 -7865 3850 -1889 -11049 3386 10320
-13809 2355 2492 7069 3585 -13913 -14155 3198 1956 -13177 2904 -8608 1781 -11978 -8549 19316 -13826 4170 5696 -9350 -11323 541 8720 1 -4743 -5128 -13557 849 -1977 4089 -13882 11965 -1073 -11968 5246 -2074 4161 -1044 7853 -17608 7518 3685 -1499 -9431 -216 775 11839 -13840 -5069 5589 -5155 12857 6962 -60 -3074 6930 11705 788 -7865 3850 -1889 -11049 3386 10320
-13809 2355 2492 7069 3585 -13913 -14155 3198 1956 -13177 2904 -8608 1781 -11978 -8549 19316 -13826 4170 5696 -9350 -11323 541 8720 1 -4743 -5128 -13557 849 -1977 4089 -13882 11965 -1073 -11968 5246 -2074 4161 -1044 7853 -17608 7518 3685 -1499 -9431 -216 775 11839 -13840 -5069 5589 -5155 12857 6962 -60 -3074 6930 11705 788 -7865 3850 -1889 -11049 3386 10320
-13809 2355 2492 7069 3585 -13913 -14155 3198 1956 -13177 2904 -8608 1781 -11978 -8549 19316 -13826 4170 5696 -9350 -11323 541 8720 1 -4743 -5128 -13557 849 -1977 4089 -13882 11965 -1073 -11968 5246 -2074 4161 -1044 7853 -17608 7518 3685 -1499 -9431 -216 775 11839 -13840 -5069 5589 -5155 12857 6962 -60 -3074 6930 11705 788 -7865 3850 -1889 -11049 3386 10320
-13809 2355 2492 7069 3585 -13913 -14155 3198 1956 -13177 2904 -8608 1781 -11978 -8549 19316 -13826 4170 5696 -9350 -11323 541 8720 1 -4743 -5128 -13557 849 -1977 4089 -13882 11965 -1073 -11968 5246 -2074 4161 -1044 7853 -17608 7518 3685 -1499 -9431 -216 775 11839 -13840 -5069 5589 -5155 12857 6962 -60 -3074 6930 11705 788 -7865 3850 -1889 -11049 3386 10320
-13809 2355 2492 7069 3585 -13913 -14155 3198 1956 -13177 2904 -8608 1781 -11978 -8549 19316 -13826 4170 5696 -9350 -11323 541 8720 1 -4743 -5128 -13557 849 -1977 4089 -13882 11965 -1073 -11968 5246 -2074 4161 -1044 7853 -17608 7518 3685 -1499 -9431 -216 775 11839 -13840 -5069 5589 -5155 12857 6962 -60 -3074 6930 11705 788 -7865 3850 -1889 -11049 3386 10320
-13809 2355 2492 7069 3585 -13913 -14155 3198 1956 -13177 2904 -8608 1781 -11978 -8549 19316 -13826 4170 5696 -9350 -11323 541 8720 1 -4743 -5128 -13557 849 -1977 4089 -13882 11965 -1073 -11968 5246 -2074 4161 -1044 7853 -17608 7518 3685 -1499 -9431 -216 775 11839 -13840 -5069 5589 -5155 12857 6962 -60 -3074 6930 11705 788 -7865 3850 -1889 -11049 3386 10320
-13809 2355 2492 7069 3585 -13913 -14155 3198 1956 -13177 2904 -8608 1781 -11978 -8549 19316 -13826 4170 5696 -9350 -11323 541 8720 1 -4743 -5128 -13557 849 -1977 4089 -13882 11965 -1073 -11968 5246 -2074 4161 -1044 7853 -17608 7518 3685 -1499 -9431 -216 775 11839 -13840 -5069 5589 -5155 12857 6962 -60 -3074 6930 11705 788 -7865 3850 -1889 -11049 3386 10320
-13809 2355 2492 7069 3585 -13913 -14155 3198 1956 -13177 2904 -8608 1781 -11978 -8549 19316 -13826 4170 5696 -9350 -11323 541 8720 1 -4743 -5128 -13557 849 -1977 4089 -13882 11965 -1073 -11968 5246 -2074 4161 -1044 7853 -17608 7518 3685 -1499 -9431 -216 775 11839 -13840 -5069 5589 -5155 12857 6962 -60 -3074 6930 11705 788 -7865 3850 -1889 -11049 3386 10320
-13809 2355 2492 7069 3585 -13913 -14155 3198 1956 -13177 2904 -8608 1781 -11978 -8549 19316 -13826 4170 5696 -9350 -11323 541 8720 1 -4743 -5128 -13557 849 -1977 4089 -13882 11965 -1073 -11968 5246 -2074 4161 -1044 7853 -17608 7518 3685 -1499 -9431 -216 775 11839 -13840 -5069 5589 -5155 12857 6962 -60 -3074 6930 11705 788 -7865 3850 -1889 -11049 3386 10320
-13809 2355 2492 7069 3585 -13913 -14155 3198 1956 -13177 2904 -8608 1781 -11978 -8549 19316 -13826 4170 5696 -9350 -11323 541 8720 1 -4743 -5128 -13557 849 -1977 4089 -13882 11965 -1073 -11968 5246 -2074 4161 -1044 7853 -17608 7518 3685 -1499 -9431 -216 775 11839 -13840 -5069 5589 -5155 12857 6962 -60 -3074 6930 11705 788 -7865 3850 -1889 -11049 3386 10320
-13809 2355 2492 7069 3585 -13913 -14155 3198 1956 -13177 2904 -8608 1781 -11978 -8549 19316 -13826 4170 5696 -9350 -11323 541 8720 1 -4743 -5128 -13557 849 -1977 4089 -13882 11965 -1073 -11968 5246 -2074 4161 -1044 7853 -17608 7518 3685 -1499 -9431 -216 775 11839 -13840 -5069 5589 -5155 12857 6962 -60 -3074 6930 11705 788 -7865 3850 -1889 -11049 3386 10320
-13809 2355 2492 7069 3585 -13913 -14155 3198 1956 -13177 2904 -8608 1781 -11978 -8549 19316 -13826 4170 5696 -9350 -11323 541 8720 1 -4743 -5128 -13557 849 -1977 4089 -13882 11965 -1073 -11968 5246 -2074 4161 -1044 7853 -17608 7518 3685 -1499 -9431 -216 775 11839 -13840 -5069 5589 -5155 12857 6962 -60 -3074 6930 11705 788 -7865 3850 -1889 -11049 3386 10320
-13809 2355 2492 7069 3585 -13913 -14155 3198 1956 -13177 2904 -8608 1781 -11978 -8549 19316 -13826 4170 5696 -9350 -11323 541 8720 1 -4743 -5128 -13557 849 -1977 4089 -13882 11965 -1073 -11968 5246 -2074 4161 -1044 7853 -17608 7518 3685 -1499 -9431 -216 775 11839 -13840 -5069 5589 -5155 12857 6962 -60 -3074 6930 11705 788 -7865 3850 -1889 -11049 3386 10320
-13809 2355 2492 7069 3585 -13913 -14155 3198 1956 -13177 2904 -8608 1781 -11978 -8549 19316 -13826 4170 5696 -9350 -11323 541 8720 1 -4743 -5128 -13557 849 -1977 4089 -13882 11965 -1073 -11968 5246 -2074 4161 -1044 7853 -17608 7518 3685 -1499 -9431 -216 775 11839 -13840 -5069 5589 -5155 12857 6962 -60 -3074 6930 11705 788 -7865 3850 -1889 -11049 3386 10320
-13809 2355 2492 7069 3585 -13913 -14155 3198 1956 -13177 2904 -8608 1781 -11978 -8549 19316 -13826 4170 5696 -9350 -11323 541 8720 1 -4743 -5128 -13557 849 -1977 4089 -13882 11965 -1073 -11968 5246 -2074 4161 -1044 7853 -17608 7518 3685 -1499 -9431 -216 775 11839 -13840 -5069 5589 -5155 12857 6962 -60 -3074 6930 11705 788 -7865 3850 -1889 -11049 3386 10320
-13809 2355 2492 7069 3585 -13913 -14155 3198 1956 -13177 2904 -8608 1781 -11978 -8549 19316 -13826 4170 5696 -9350 -11323 541 8720 1 -4743 -5128 -13557 849 -1977 4089 -13882 11965 -1073 -11968 5246 -2074 4161 -1044 7853 -17608 7518 3685 -1499 -9431 -216 775 11839 -13840 -5069 5589 -5155 12857 6962 -60 -3074 6930 11705 788 -7865 3850 -1889 -11049 3386 10320
-13809 2355 2492 7069 3585 -13913 -14155 3198 1956 -13177 2904 -8608 1781 -11978 -8549 19316 -13826 4170 5696 -9350 -11323 541 8720 1 -4743 -5128 -13557 849 -1977 4089 -13882 11965 -1073 -11968 5246 -2074 4161 -1044 7853 -17608 7518 3685 -1499 -9431 -216 775 11839 -13840 -5069 5589 -5155 12857 6962 -60 -3074 6930 11705 788 -7865 3850 -1889 -11049 3386 10320
-13809 2355 2492 7069 3585 -13913 -14155 3198 1956 -13177 2904 -8608 1781 -11978 -8549 19316 -13826 4170 5696 -9350 -11323 541 8720 1 -4743 -5128 -13557 849 -1977 4089 -13882 11965 -1073 -11968 5246 -2074 4161 -1044 7853 -17608 7518 3685 -1499 -9431 -216 775 11839 -13840 -5069 5589 -5155 12857 6962 -60 -3074 6930 11705 788 -7865 3850 -1889 -11049 3386 10320
-13809 2355 2492 7069 3585 -13913 -14155 3198 1956 -13177 2904 -8608 1781 -11978 -8549 19316 -13826 4170 5696 -9350 -11323 541 8720 1 -4743 -5128 -13557 849 -1977 4089 -13882 11965 -1073 -11968 5246 -2074 4161 -1044 7853 -17608 7518 3685 -1499 -9431 -216 775 11839 -13840 -5069 5589 -5155 12857 6962 -60 -3074 6930 11705 788 -7865 3850 -1889 -11049 3386 10320
-13809 2355 2492 7069 3585 -13913 -14155 3198 1956 -13177 2904 -8608 1781 -11978 -8549 19316 -13826 4170 5696 -9350 -11323 541 8720 1 -4743 -5128 -13557 849 -1977 4089 -13882 11965 -1073 -11968 5246 -2074 4161 -1044 7853 -17608 7518 3685 -1499 -9431 -216 775 11839 -13840 -5069 5589 -5155 12857 6962 -60 -3074 6930 11705 788 -7865 3850 -1889 -11049 3386 10320
-13809 2355 2492 7069 3585 -13913 -14155 3198 1956 -13177 2904 -8608 1781 -11978 -8549 19316 -13826 4170 5696 -9350 -11323 541 8720 1 -4743 -5128 -13557 849 -1977 4089 -13882 11965 -1073 -11968 5246 -2074 4161 -1044 7853 -17608 7518 3685 -1499 -9431 -216 775 11839 -13840 -5069 5589 -5155 12857 6962 -60 -3074 6930 11705 788 -7865 3850 -1889 -11049 3386 10320
-13809 2355 2492 7069 3585 -13913 -14155 3198 1956 -13177 2904 -8608 1781 -11978 -8549 19316 -13826 4170 5696 -9350 -11323 541 8720 1 -4743 -5128 -13557 849 -1977 4089 -13882 11965 -1073 -11968 5246 -2074 4161 -1044 7853 -17608 7518 3685 -1499 -9431 -216 775 11839 -13840 -5069 5589 -5155 12857 6962 -60 -3074 6930 11705 788 -7865 3850 -1889 -11049 3386 10320
-13809 2355 2492 7069 3585 -13913 -14155 3198 1956 -13177 2904 -8608 1781 -11978 -8549 19316 -13826 4170 5696 -9350 -11323 541 8720 1 -4743 -5128 -13557 849 -1977 4089 -13882 11965 -1073 -11968 5246 -2074 4161 -1044 7853 -17608 7518 3685 -1499 -9431 -216 775 11839 -13840 -5069 5589 -5155 12857 6962 -60 -3074 6930 11705 788 -7865 3850 -1889 -11049 3386 10320
