2535 -4204 145 6544 3132 4389 900 -2191 -1935 5265 6322 -2114 782 -3941 2145 214 -1284 154 229 3203 4977 2203 -256 3649 -8906 -71 -14312 -666 636 -3527 1303 7508 4874 -4337 43 0 -3743 301 -751 -5331 -4034 690 209 9336 939 1248 2310 2438 2101 -4444 1294 -1063 -3628 1903 2607 4263 4807 4246 4841 330 1568 -226 4408 3459
2565 -4261 209 6511 3104 4534 1033 -2267 -1970 5250 6318 -2091 798 -3965 2260 244 -1471 145 226 3063 5044 2285 -66 3742 -8981 -194 -14387 -618 593 -3385 1462 7568 4896 -4278 66 -123 -3791 422 -854 -5368 -4058 690 429 9322 877 1358 2366 2645 2118 -4424 1245 -1147 -3550 1899 2562 4376 4926 4254 4787 454 1605 -96 4392 3497
2535 -4221 201 6545 3051 4538 947 -2248 -2049 5219 6298 -2126 788 -4003 2248 286 -1374 168 261 3045 5106 2294 -61 3762 -8995 -143 -14395 -625 589 -3435 1469 7618 4942 -4359 67 -38 -3805 355 -922 -5401 -4133 720 414 9406 897 1378 2365 2559 2120 -4403 1250 -1152 -3557 1903 2593 4418 4985 4263 4849 420 1593 -177 4383 3527
2517 -4181 169 6448 3136 4386 960 -2185 -1997 5185 6233 -2084 832 -3875 2210 263 -1323 177 241 3070 4963 2228 -154 3597 -8845 -81 -14153 -690 672 -3438 1341 7464 4823 -4301 15 -38 -3729 344 -827 -5255 -4044 745 328 9233 949 1294 2274 2472 2053 -4380 1225 -1098 -3493 1876 2550 4253 4886 4223 4768 353 1515 -220 4372 3492
2512 -4277 234 6539 3222 4472 1062 -2259 -2006 5217 6278 -2092 867 -3889 2271 347 -1344 152 215 3041 5018 2304 -132 3633 -9017 -96 -14297 -603 593 -3426 1436 7512 4876 -4336 -23 -86 -3778 435 -827 -5311 -4114 728 385 9281 935 1320 2335 2616 2138 -4410 1232 -1006 -3449 1874 2590 4379 4928 4284 4852 403 1540 -188 4349 3622
2521 -4096 227 6321 3217 4268 1023 -2237 -1992 4962 6181 -2027 903 -3813 2196 276 -1261 305 284 2978 4926 2222 -208 3417 -8747 -112 -13874 -558 654 -3489 1257 7341 4786 -4222 -42 -39 -3685 424 -722 -5143 -3997 790 286 9075 940 1294 2287 2383 2057 -4336 1118 -954 -3441 1934 2568 4140 4727 4264 4745 347 1479 -241 4335 3597
2484 -4214 192 6512 3132 4414 1047 -2256 -1933 5236 6215 -2105 830 -3871 2179 366 -1308 149 169 3079 4981 2271 -137 3601 -8855 -121 -14150 -658 666 -3368 1335 7432 4824 -4308 43 -28 -3738 390 -776 -5197 -4011 722 337 9206 927 1253 2254 2506 2085 -4377 1230 -1052 -3505 1827 2555 4273 4869 4287 4832 366 1516 -206 4343 3475
2540 -4264 215 6592 3230 4495 1089 -2240 -1928 5236 6310 -2079 862 -3845 2165 348 -1317 131 144 3010 4999 2310 -224 3639 -8989 -119 -14289 -593 637 -3392 1385 7471 4884 -4308 26 -92 -3770 540 -797 -5313 -4065 696 401 9262 890 1291 2313 2631 2124 -4409 1215 -942 -3416 1858 2617 4339 4911 4323 4830 433 1540 -178 4321 3587
2505 -4186 168 6495 3002 4444 932 -2175 -2002 5228 6241 -2122 806 -3941 2185 267 -1332 166 236 3060 4981 2265 -74 3644 -8798 -126 -14233 -656 607 -3405 1312 7448 4916 -4264 97 -23 -3740 329 -850 -5257 -4065 725 397 9308 936 1294 2308 2504 2044 -4413 1255 -1136 -3529 1856 2527 4270 4909 4264 4772 356 1548 -145 4358 3447
2527 -4006 217 6273 2717 4408 737 -2117 -2134 5082 6124 -2117 810 -4144 2221 222 -1263 279 364 3044 5032 2241 17 3501 -8579 -1 -14071 -697 622 -3615 1386 7379 4924 -4101 141 141 -3846 72 -874 -5282 -4194 808 369 9316 946 1284 2314 2298 1951 -4257 1207 -1169 -3601 1864 2407 4270 4994 4221 4774 289 1636 -173 4236 3362
2562 -4240 157 6560 3092 4515 987 -2243 -2039 5239 6331 -2123 804 -3978 2239 262 -1399 160 235 3036 5053 2300 -50 3722 -8960 -164 -14393 -629 610 -3420 1407 7576 4919 -4293 77 -90 -3801 418 -902 -5365 -4107 736 440 9385 925 1385 2367 2599 2102 -4447 1206 -1145 -3522 1891 2566 4368 5007 4291 4795 397 1579 -136 4385 3552
2558 -4281 213 6568 3226 4560 1040 -2327 -2058 5231 6367 -2128 871 -3975 2275 325 -1374 139 224 3033 5084 2346 -123 3716 -9090 -145 -14436 -596 579 -3454 1417 7592 4904 -4352 11 -68 -3787 478 -856 -5417 -4144 730 420 9364 931 1344 2378 2639 2164 -4463 1221 -1078 -3487 1902 2636 4408 4970 4328 4881 415 1543 -161 4397 3644
2566 -4238 165 6503 3141 4449 1005 -2236 -1973 5234 6283 -2145 843 -3908 2237 313 -1378 165 214 3044 4997 2290 -64 3670 -8918 -143 -14323 -659 646 -3389 1397 7577 4865 -4300 28 -83 -3763 421 -856 -5258 -4062 712 366 9328 958 1328 2295 2561 2098 -4458 1247 -1179 -3488 1886 2569 4362 4948 4260 4788 373 1565 -205 4422 3500
2466 -4158 193 6436 3078 4452 978 -2252 -1972 5175 6211 -2125 794 -3958 2184 358 -1325 202 193 3052 5006 2310 -132 3583 -8840 -90 -14180 -570 569 -3414 1398 7449 4835 -4231 51 10 -3736 358 -770 -5300 -4112 693 362 9265 886 1259 2295 2528 2110 -4330 1239 -983 -3469 1825 2580 4318 4843 4279 4876 385 1559 -181 4309 3500
2519 -4098 219 6377 2998 4370 925 -2177 -1912 5117 6193 -2098 815 -3933 2143 272 -1326 276 265 3033 4982 2236 -118 3501 -8740 -135 -14084 -606 636 -3454 1324 7410 4865 -4205 82 34 -3702 329 -732 -5230 -4032 704 317 9242 893 1251 2275 2398 2077 -4368 1173 -1042 -3529 1916 2547 4227 4805 4238 4788 336 1570 -235 4333 3419
2555 -4150 216 6450 2958 4433 950 -2163 -1981 5163 6244 -2121 766 -4012 2182 302 -1357 260 251 3065 5083 2283 -14 3604 -8794 -167 -14289 -601 629 -3469 1374 7576 4933 -4255 109 -3 -3818 307 -827 -5262 -4091 723 338 9381 893 1323 2320 2437 2100 -4384 1236 -1118 -3566 1916 2565 4360 4912 4279 4828 397 1608 -189 4380 3434
2506 -4164 212 6453 3065 4443 902 -2184 -1961 5237 6228 -2077 818 -3942 2172 298 -1315 227 230 3093 5011 2260 -167 3585 -8857 -86 -14214 -635 620 -3487 1320 7436 4884 -4276 52 22 -3735 316 -748 -5319 -4119 665 315 9318 928 1223 2291 2456 2080 -4374 1252 -1006 -3542 1882 2588 4287 4828 4259 4871 353 1542 -219 4347 3438
2527 -4141 187 6435 3103 4432 990 -2272 -1948 5135 6201 -2082 805 -3941 2181 282 -1301 200 240 3015 5018 2263 -123 3639 -8845 -144 -14198 -568 571 -3444 1394 7480 4859 -4260 21 -19 -3751 410 -796 -5302 -4060 701 329 9261 877 1285 2340 2480 2149 -4362 1243 -1087 -3508 1853 2599 4359 4825 4249 4838 377 1544 -195 4322 3516
2521 -4129 222 6297 3037 4348 986 -2173 -2026 5050 6147 -2054 812 -3922 2221 315 -1392 225 260 2971 4981 2264 -15 3547 -8701 -145 -14023 -567 601 -3378 1361 7429 4771 -4190 45 -66 -3724 370 -826 -5220 -4033 714 360 9161 888 1333 2296 2454 2064 -4304 1196 -1087 -3411 1888 2539 4274 4831 4193 4733 406 1536 -162 4323 3460
2557 -4264 192 6613 3200 4615 1105 -2284 -2003 5222 6368 -2116 806 -3929 2254 323 -1372 131 192 2928 5092 2358 -107 3749 -9098 -142 -14465 -535 537 -3381 1542 7636 4920 -4352 20 -123 -3838 535 -900 -5448 -4192 684 491 9409 840 1368 2400 2732 2223 -4395 1231 -1022 -3399 1886 2661 4507 5016 4321 4873 463 1586 -159 4351 3678
2508 -4274 215 6627 3207 4547 1057 -2296 -1956 5274 6341 -2151 819 -3918 2198 341 -1338 120 171 3073 5061 2319 -163 3695 -9064 -146 -14387 -579 572 -3399 1410 7546 4901 -4359 36 -51 -3770 466 -784 -5365 -4099 698 372 9327 886 1286 2329 2645 2195 -4441 1241 -1012 -3486 1870 2631 4408 4891 4294 4910 428 1553 -181 4350 3596
2642 -4276 214 6470 2992 4558 1010 -2238 -2045 5258 6310 -2186 813 -4092 2361 289 -1501 182 238 3002 5104 2315 114 3736 -8992 -185 -14622 -669 562 -3426 1573 7693 4969 -4236 55 -161 -3878 378 -956 -5372 -4162 695 467 9505 902 1415 2352 2688 2180 -4424 1296 -1278 -3459 1912 2507 4537 5129 4230 4797 433 1732 -112 4411 3507
2505 -4152 139 6433 3139 4379 861 -2155 -2024 5191 6209 -2032 800 -3878 2215 214 -1274 87 250 3100 4922 2186 -167 3613 -8790 -50 -14098 -702 612 -3492 1280 7418 4782 -4288 -41 -20 -3721 304 -798 -5262 -4059 705 292 9201 967 1233 2304 2440 2089 -4344 1304 -1122 -3507 1876 2595 4243 4818 4171 4765 310 1491 -176 4335 3459
2535 -4137 181 6429 2900 4404 829 -2077 -2032 5273 6188 -2094 798 -3984 2230 196 -1354 161 278 3140 4951 2182 -55 3620 -8754 -60 -14224 -820 660 -3468 1337 7443 4917 -4259 91 -6 -3767 147 -863 -5264 -4071 732 336 9314 953 1273 2258 2428 1978 -4354 1317 -1252 -3593 1881 2451 4239 4954 4128 4728 339 1603 -174 4362 3304
2648 -4248 161 6422 3003 4459 959 -2172 -2105 5251 6274 -2147 799 -4061 2394 232 -1542 184 261 3056 5056 2256 136 3674 -8827 -143 -14495 -758 665 -3428 1448 7630 4919 -4252 38 -163 -3859 279 -953 -5290 -4135 748 435 9492 945 1405 2334 2575 2084 -4389 1296 -1337 -3507 1909 2500 4369 5151 4202 4716 361 1686 -98 4492 3427
2572 -4256 195 6607 3084 4425 990 -2117 -1963 5328 6336 -2071 839 -3912 2151 274 -1322 191 232 3099 5042 2259 -172 3642 -8943 -100 -14376 -733 751 -3450 1355 7584 4937 -4375 105 -48 -3824 330 -833 -5273 -4074 749 349 9398 929 1295 2268 2472 2039 -4435 1253 -1110 -3585 1903 2544 4316 4971 4311 4820 372 1522 -239 4439 3447
2540 -4302 252 6524 3210 4513 1098 -2272 -1900 5218 6285 -2039 860 -3833 2233 330 -1405 116 181 2935 4976 2309 -137 3679 -9020 -167 -14253 -611 625 -3335 1522 7477 4849 -4303 -7 -145 -3752 546 -838 -5305 -4046 677 479 9216 868 1346 2339 2698 2137 -4395 1193 -1010 -3415 1872 2560 4383 4961 4253 4757 450 1546 -162 4299 3566
2595 -4308 219 6571 3289 4448 1072 -2306 -1999 5212 6381 -2102 905 -3940 2241 371 -1369 247 241 3056 5084 2330 -145 3653 -9084 -157 -14422 -604 678 -3474 1378 7612 4905 -4370 -10 -83 -3795 509 -795 -5346 -4098 747 342 9378 958 1361 2338 2543 2148 -4523 1186 -1037 -3519 1941 2649 4360 4949 4346 4902 379 1535 -246 4443 3639
2515 -4235 195 6518 3122 4463 1090 -2230 -1968 5157 6243 -2096 811 -3880 2198 396 -1373 144 180 2968 5019 2325 -70 3670 -8893 -158 -14215 -591 636 -3293 1437 7524 4839 -4301 46 -74 -3779 492 -876 -5256 -4045 702 435 9230 880 1341 2288 2587 2120 -4384 1205 -1073 -3419 1842 2598 4365 4941 4282 4805 419 1535 -184 4348 3529
2522 -4235 221 6572 3153 4464 1035 -2241 -1914 5216 6290 -2101 853 -3894 2136 307 -1339 188 171 3008 5001 2332 -216 3633 -8927 -126 -14273 -573 640 -3394 1396 7473 4915 -4290 60 -35 -3761 477 -772 -5304 -4066 700 389 9308 859 1285 2310 2571 2116 -4411 1210 -982 -3495 1842 2584 4324 4888 4312 4833 396 1523 -183 4361 3536
2497 -4174 172 6438 3033 4428 993 -2188 -1965 5174 6221 -2087 795 -3855 2175 269 -1365 154 238 2996 4943 2253 -81 3679 -8792 -128 -14086 -642 612 -3312 1379 7422 4825 -4276 74 -59 -3702 383 -889 -5259 -4008 712 423 9172 907 1319 2302 2559 2023 -4373 1203 -1140 -3473 1810 2528 4275 4899 4205 4721 396 1507 -147 4330 3456
2534 -4198 183 6462 3038 4489 972 -2212 -2023 5195 6258 -2094 825 -3940 2234 274 -1385 222 253 3015 5001 2298 -34 3690 -8890 -162 -14281 -627 594 -3402 1412 7519 4905 -4251 77 -80 -3745 384 -888 -5325 -4101 704 434 9331 944 1353 2338 2580 2073 -4411 1227 -1135 -3490 1875 2556 4359 4945 4258 4760 385 1580 -142 4341 3498
2595 -4269 219 6555 3078 4616 936 -2294 -2102 5289 6378 -2165 827 -4137 2306 343 -1420 179 278 3042 5200 2355 7 3749 -9084 -152 -14632 -636 570 -3496 1456 7696 5003 -4350 79 -32 -3840 372 -919 -5484 -4261 759 463 9571 917 1372 2420 2599 2146 -4473 1248 -1159 -3559 1916 2630 4466 5109 4339 4942 406 1594 -159 4442 3585
2555 -4281 223 6587 3146 4490 1030 -2215 -1960 5263 6336 -2098 837 -3910 2194 349 -1352 177 197 3044 5054 2306 -125 3680 -9012 -147 -14374 -615 640 -3419 1402 7573 4913 -4345 56 -77 -3786 458 -839 -5330 -4090 687 385 9359 924 1329 2322 2591 2123 -4454 1215 -1022 -3488 1909 2615 4384 4957 4321 4850 413 1564 -198 4375 3551
2534 -4244 205 6538 3141 4473 1001 -2269 -2026 5244 6307 -2122 838 -3969 2256 337 -1358 186 277 3068 5079 2278 -45 3648 -8985 -161 -14335 -633 616 -3426 1343 7568 4908 -4357 28 -27 -3750 379 -839 -5319 -4121 760 379 9366 953 1326 2336 2521 2120 -4463 1184 -1115 -3535 1908 2602 4352 4946 4300 4881 350 1512 -214 4410 3564
2500 -4203 211 6472 3085 4463 983 -2211 -1891 5203 6259 -2085 775 -3902 2183 323 -1361 140 208 3021 5003 2256 -80 3640 -8903 -205 -14221 -635 607 -3358 1378 7504 4845 -4288 56 -60 -3686 418 -812 -5259 -4048 688 393 9261 889 1295 2293 2564 2139 -4402 1219 -1064 -3470 1882 2598 4330 4869 4228 4803 406 1516 -192 4333 3483
2506 -4139 192 6437 3058 4390 993 -2167 -1954 5078 6204 -2039 773 -3857 2131 296 -1342 200 244 2908 4989 2269 -66 3595 -8768 -172 -14056 -540 608 -3358 1383 7437 4801 -4249 69 -78 -3739 454 -834 -5226 -4048 689 416 9200 861 1341 2319 2517 2131 -4338 1178 -1038 -3421 1876 2578 4321 4844 4229 4749 413 1493 -194 4295 3511
2533 -4200 202 6447 3120 4493 1017 -2268 -2087 5121 6228 -2092 818 -3955 2289 365 -1378 177 254 2940 5062 2317 3 3669 -8901 -131 -14241 -584 570 -3378 1460 7555 4854 -4299 -21 -61 -3786 429 -915 -5330 -4160 737 458 9309 898 1365 2358 2582 2141 -4335 1207 -1111 -3400 1857 2622 4419 4999 4266 4828 396 1540 -165 4343 3579
2491 -4134 228 6472 3080 4474 957 -2217 -1951 5129 6249 -2118 804 -3911 2157 310 -1286 210 236 3002 5032 2279 -151 3580 -8877 -101 -14185 -551 569 -3465 1365 7464 4870 -4275 45 -1 -3742 408 -788 -5317 -4129 699 354 9283 886 1265 2324 2517 2167 -4365 1214 -968 -3449 1887 2619 4349 4842 4270 4864 406 1535 -237 4303 3558
2544 -4207 210 6445 2982 4553 999 -2221 -1990 5194 6253 -2080 751 -3982 2251 262 -1458 104 219 2972 5014 2282 35 3723 -8881 -184 -14318 -608 516 -3351 1501 7510 4881 -4202 51 -117 -3770 427 -905 -5371 -4071 660 513 9285 844 1363 2380 2696 2163 -4333 1252 -1161 -3416 1844 2540 4429 4997 4209 4735 452 1630 -46 4267 3484
2493 -4120 132 6366 3104 4308 880 -2136 -1994 5144 6157 -2041 766 -3838 2205 229 -1281 134 228 3095 4881 2162 -119 3577 -8703 -60 -13998 -680 602 -3444 1288 7410 4730 -4259 -54 -20 -3696 280 -796 -5190 -4012 686 253 9145 989 1234 2271 2418 2080 -4314 1281 -1135 -3463 1840 2565 4264 4776 4142 4735 297 1489 -192 4325 3425
2477 -4100 153 6391 2872 4393 800 -2118 -1960 5272 6123 -2143 756 -3955 2214 211 -1282 176 249 3185 4934 2140 -33 3638 -8678 -97 -14129 -800 613 -3441 1287 7434 4919 -4246 60 74 -3712 111 -822 -5174 -4033 720 282 9279 978 1195 2225 2391 1994 -4359 1323 -1265 -3626 1844 2480 4244 4843 4153 4773 292 1584 -158 4360 3261
2477 -4100 153 6391 2872 4393 800 -2118 -1960 5272 6123 -2143 756 -3955 2214 211 -1282 176 249 3185 4934 2140 -33 3638 -8678 -97 -14129 -800 613 -3441 1287 7434 4919 -4246 60 74 -3712 111 -822 -5174 -4033 720 282 9279 978 1195 2225 2391 1994 -4359 1323 -1265 -3626 1844 2480 4244 4843 4153 4773 292 1584 -158 4360 3261
2477 -4100 153 6391 2872 4393 800 -2118 -1960 5272 6123 -2143 756 -3955 2214 211 -1282 176 249 3185 4934 2140 -33 3638 -8678 -97 -14129 -800 613 -3441 1287 7434 4919 -4246 60 74 -3712 111 -822 -5174 -4033 720 282 9279 978 1195 2225 2391 1994 -4359 1323 -1265 -3626 1844 2480 4244 4843 4153 4773 292 1584 -158 4360 3261
2477 -4100 153 6391 2872 4393 800 -2118 -1960 5272 6123 -2143 756 -3955 2214 211 -1282 176 249 3185 4934 2140 -33 3638 -8678 -97 -14129 -800 613 -3441 1287 7434 4919 -4246 60 74 -3712 111 -822 -5174 -4033 720 282 9279 978 1195 2225 2391 1994 -4359 1323 -1265 -3626 1844 2480 4244 4843 4153 4773 292 1584 -158 4360 3261
2477 -4100 153 6391 2872 4393 800 -2118 -1960 5272 6123 -2143 756 -3955 2214 211 -1282 176 249 3185 4934 2140 -33 3638 -8678 -97 -14129 -800 613 -3441 1287 7434 4919 -4246 60 74 -3712 111 -822 -5174 -4033 720 282 9279 978 1195 2225 2391 1994 -4359 1323 -1265 -3626 1844 2480 4244 4843 4153 4773 292 1584 -158 4360 3261
2477 -4100 153 6391 2872 4393 800 -2118 -1960 5272 6123 -2143 756 -3955 2214 211 -1282 176 249 3185 4934 2140 -33 3638 -8678 -97 -14129 -800 613 -3441 1287 7434 4919 -4246 60 74 -3712 111 -822 -5174 -4033 720 282 9279 978 1195 2225 2391 1994 -4359 1323 -1265 -3626 1844 2480 4244 4843 4153 4773 292 1584 -158 4360 3261
2477 -4100 153 6391 2872 4393 800 -2118 -1960 5272 6123 -2143 756 -3955 2214 211 -1282 176 249 3185 4934 2140 -33 3638 -8678 -97 -14129 -800 613 -3441 1287 7434 4919 -4246 60 74 -3712 111 -822 -5174 -4033 720 282 9279 978 1195 2225 2391 1994 -4359 1323 -1265 -3626 1844 2480 4244 4843 4153 4773 292 1584 -158 4360 3261
2477 -4100 153 6391 2872 4393 800 -2118 -1960 5272 6123 -2143 756 -3955 2214 211 -1282 176 249 3185 4934 2140 -33 3638 -8678 -97 -14129 -800 613 -3441 1287 7434 4919 -4246 60 74 -3712 111 -822 -5174 -4033 720 282 9279 978 1195 2225 2391 1994 -4359 1323 -1265 -3626 1844 2480 4244 4843 4153 4773 292 1584 -158 4360 3261
2477 -4100 153 6391 2872 4393 800 -2118 -1960 5272 6123 -2143 756 -3955 2214 211 -1282 176 249 3185 4934 2140 -33 3638 -8678 -97 -14129 -800 613 -3441 1287 7434 4919 -4246 60 74 -3712 111 -822 -5174 -4033 720 282 9279 978 1195 2225 2391 1994 -4359 1323 -1265 -3626 1844 2480 4244 4843 4153 4773 292 1584 -158 4360 3261
2477 -4100 153 6391 2872 4393 800 -2118 -1960 5272 6123 -2143 756 -3955 2214 211 -1282 176 249 3185 4934 2140 -33 3638 -8678 -97 -14129 -800 613 -3441 1287 7434 4919 -4246 60 74 -3712 111 -822 -5174 -4033 720 282 9279 978 1195 2225 2391 1994 -4359 1323 -1265 -3626 1844 2480 4244 4843 4153 4773 292 1584 -158 4360 3261
2477 -4100 153 6391 2872 4393 800 -2118 -1960 5272 6123 -2143 756 -3955 2214 211 -1282 176 249 3185 4934 2140 -33 3638 -8678 -97 -14129 -800 613 -3441 1287 7434 4919 -4246 60 74 -3712 111 -822 -5174 -4033 720 282 9279 978 1195 2225 2391 1994 -4359 1323 -1265 -3626 1844 2480 4244 4843 4153 4773 292 1584 -158 4360 3261
2477 -4100 153 6391 2872 4393 800 -2118 -1960 5272 6123 -2143 756 -3955 2214 211 -1282 176 249 3185 4934 2140 -33 3638 -8678 -97 -14129 -800 613 -3441 1287 7434 4919 -4246 60 74 -3712 111 -822 -5174 -4033 720 282 9279 978 1195 2225 2391 1994 -4359 1323 -1265 -3626 1844 2480 4244 4843 4153 4773 292 1584 -158 4360 3261
2477 -4100 153 6391 2872 4393 800 -2118 -1960 5272 6123 -2143 756 -3955 2214 211 -1282 176 249 3185 4934 2140 -33 3638 -8678 -97 -14129 -800 613 -3441 1287 7434 4919 -4246 60 74 -3712 111 -822 -5174 -4033 720 282 9279 978 1195 2225 2391 1994 -4359 1323 -1265 -3626 1844 2480 4244 4843 4153 4773 292 1584 -158 4360 3261
2477 -4100 153 6391 2872 4393 800 -2118 -1960 5272 6123 -2143 756 -3955 2214 211 -1282 176 249 3185 4934 2140 -33 3638 -8678 -97 -14129 -800 613 -3441 1287 7434 4919 -4246 60 74 -3712 111 -822 -5174 -4033 720 282 9279 978 1195 2225 2391 1994 -4359 1323 -1265 -3626 1844 2480 4244 4843 4153 4773 292 1584 -158 4360 3261
2477 -4100 153 6391 2872 4393 800 -2118 -1960 5272 6123 -2143 756 -3955 2214 211 -1282 176 249 3185 4934 2140 -33 3638 -8678 -97 -14129 -800 613 -3441 1287 7434 4919 -4246 60 74 -3712 111 -822 -5174 -4033 720 282 9279 978 1195 2225 2391 1994 -4359 1323 -1265 -3626 1844 2480 4244 4843 4153 4773 292 1584 -158 4360 3261
2477 -4100 153 6391 2872 4393 800 -2118 -1960 5272 6123 -2143 756 -3955 2214 211 -1282 176 249 3185 4934 2140 -33 3638 -8678 -97 -14129 -800 613 -3441 1287 7434 4919 -4246 60 74 -3712 111 -822 -5174 -4033 720 282 9279 978 1195 2225 2391 1994 -4359 1323 -1265 -3626 1844 2480 4244 4843 4153 4773 292 1584 -158 4360 3261
2477 -4100 153 6391 2872 4393 800 -2118 -1960 5272 6123 -2143 756 -3955 2214 211 -1282 176 249 3185 4934 2140 -33 3638 -8678 -97 -14129 -800 613 -3441 1287 7434 4919 -4246 60 74 -3712 111 -822 -5174 -4033 720 282 9279 978 1195 2225 2391 1994 -4359 1323 -1265 -3626 1844 2480 4244 4843 4153 4773 292 1584 -158 4360 3261
2477 -4100 153 6391 2872 4393 800 -2118 -1960 5272 6123 -2143 756 -3955 2214 211 -1282 176 249 3185 4934 2140 -33 3638 -8678 -97 -14129 -800 613 -3441 1287 7434 4919 -4246 60 74 -3712 111 -822 -5174 -4033 720 282 9279 978 1195 2225 2391 1994 -4359 1323 -1265 -3626 1844 2480 4244 4843 4153 4773 292 1584 -158 4360 3261
2477 -4100 153 6391 2872 4393 800 -2118 -1960 5272 6123 -2143 756 -3955 2214 211 -1282 176 249 3185 4934 2140 -33 3638 -8678 -97 -14129 -800 613 -3441 1287 7434 4919 -4246 60 74 -3712 111 -822 -5174 -4033 720 282 9279 978 1195 2225 2391 1994 -4359 1323 -1265 -3626 1844 2480 4244 4843 4153 4773 292 1584 -158 4360 3261
2477 -4100 153 6391 2872 4393 800 -2118 -1960 5272 6123 -2143 756 -3955 2214 211 -1282 176 249 3185 4934 2140 -33 3638 -8678 -97 -14129 -800 613 -3441 1287 7434 4919 -4246 60 74 -3712 111 -822 -5174 -4033 720 282 9279 978 1195 2225 2391 1994 -4359 1323 -1265 -3626 1844 2480 4244 4843 4153 4773 292 1584 -158 4360 3261
2477 -4100 153 6391 2872 4393 800 -2118 -1960 5272 6123 -2143 756 -3955 2214 211 -1282 176 249 3185 4934 2140 -33 3638 -8678 -97 -14129 -800 613 -3441 1287 7434 4919 -4246 60 74 -3712 111 -822 -5174 -4033 720 282 9279 978 1195 2225 2391 1994 -4359 1323 -1265 -3626 1844 2480 4244 4843 4153 4773 292 1584 -158 4360 3261
2477 -4100 153 6391 2872 4393 800 -2118 -1960 5272 6123 -2143 756 -3955 2214 211 -1282 176 249 3185 4934 2140 -33 3638 -8678 -97 -14129 -800 613 -3441 1287 7434 4919 -4246 60 74 -3712 111 -822 -5174 -4033 720 282 9279 978 1195 2225 2391 1994 -4359 1323 -1265 -3626 1844 2480 4244 4843 4153 4773 292 1584 -158 4360 3261
2477 -4100 153 6391 2872 4393 800 -2118 -1960 5272 6123 -2143 756 -3955 2214 211 -1282 176 249 3185 4934 2140 -33 3638 -8678 -97 -14129 -800 613 -3441 1287 7434 4919 -4246 60 74 -3712 111 -822 -5174 -4033 720 282 9279 978 1195 2225 2391 1994 -4359 1323 -1265 -3626 1844 2480 4244 4843 4153 4773 292 1584 -158 4360 3261
2477 -4100 153 6391 2872 4393 800 -2118 -1960 5272 6123 -2143 756 -3955 2214 211 -1282 176 249 3185 4934 2140 -33 3638 -8678 -97 -14129 -800 613 -3441 1287 7434 4919 -4246 60 74 -3712 111 -822 -5174 -4033 720 282 9279 978 1195 2225 2391 1994 -4359 1323 -1265 -3626 1844 2480 4244 4843 4153 4773 292 1584 -158 4360 3261
2477 -4100 153 6391 2872 4393 800 -2118 -1960 5272 6123 -2143 756 -3955 2214 211 -1282 176 249 3185 4934 2140 -33 3638 -8678 -97 -14129 -800 613 -3441 1287 7434 4919 -4246 60 74 -3712 111 -822 -5174 -4033 720 282 9279 978 1195 2225 2391 1994 -4359 1323 -1265 -3626 1844 2480 4244 4843 4153 4773 292 1584 -158 4360 3261
2477 -4100 153 6391 2872 4393 800 -2118 -1960 5272 6123 -2143 756 -3955 2214 211 -1282 176 249 3185 4934 2140 -33 3638 -8678 -97 -14129 -800 613 -3441 1287 7434 4919 -4246 60 74 -3712 111 -822 -5174 -4033 720 282 9279 978 1195 2225 2391 1994 -4359 1323 -1265 -3626 1844 2480 4244 4843 4153 4773 292 1584 -158 4360 3261
2477 -4100 153 6391 2872 4393 800 -2118 -1960 5272 6123 -2143 756 -3955 2214 211 -1282 176 249 3185 4934 2140 -33 3638 -8678 -97 -14129 -800 613 -3441 1287 7434 4919 -4246 60 74 -3712 111 -822 -5174 -4033 720 282 9279 978 1195 2225 2391 1994 -4359 1323 -1265 -3626 1844 2480 4244 4843 4153 4773 292 1584 -158 4360 3261
2477 -4100 153 6391 2872 4393 800 -2118 -1960 5272 6123 -2143 756 -3955 2214 211 -1282 176 249 3185 4934 2140 -33 3638 -8678 -97 -14129 -800 613 -3441 1287 7434 4919 -4246 60 74 -3712 111 -822 -5174 -4033 720 282 9279 978 1195 2225 2391 1994 -4359 1323 -1265 -3626 1844 2480 4244 4843 4153 4773 292 1584 -158 4360 3261
2477 -4100 153 6391 2872 4393 800 -2118 -1960 5272 6123 -2143 756 -3955 2214 211 -1282 176 249 3185 4934 2140 -33 3638 -8678 -97 -14129 -800 613 -3441 1287 7434 4919 -4246 60 74 -3712 111 -822 -5174 -4033 720 282 9279 978 1195 2225 2391 1994 -4359 1323 -1265 -3626 1844 2480 4244 4843 4153 4773 292 1584 -158 4360 3261
2477 -4100 153 6391 2872 4393 800 -2118 -1960 5272 6123 -2143 756 -3955 2214 211 -1282 176 249 3185 4934 2140 -33 3638 -8678 -97 -14129 -800 613 -3441 1287 7434 4919 -4246 60 74 -3712 111 -822 -5174 -4033 720 282 9279 978 1195 2225 2391 1994 -4359 1323 -1265 -3626 1844 2480 4244 4843 4153 4773 292 1584 -158 4360 3261
2477 -4100 153 6391 2872 4393 800 -2118 -1960 5272 6123 -2143 756 -3955 2214 211 -1282 176 249 3185 4934 2140 -33 3638 -8678 -97 -14129 -800 613 -3441 1287 7434 4919 -4246 60 74 -3712 111 -822 -5174 -4033 720 282 9279 978 1195 2225 2391 1994 -4359 1323 -1265 -3626 1844 2480 4244 4843 4153 4773 292 1584 -158 4360 3261
2477 -4100 153 6391 2872 4393 800 -2118 -1960 5272 6123 -2143 756 -3955 2214 211 -1282 176 249 3185 4934 2140 -33 3638 -8678 -97 -14129 -800 613 -3441 1287 7434 4919 -4246 60 74 -3712 111 -822 -5174 -4033 720 282 9279 978 1195 2225 2391 1994 -4359 1323 -1265 -3626 1844 2480 4244 4843 4153 4773 292 1584 -158 4360 3261
2477 -4100 153 6391 2872 4393 800 -2118 -1960 5272 6123 -2143 756 -3955 2214 211 -1282 176 249 3185 4934 2140 -33 3638 -8678 -97 -14129 -800 613 -3441 1287 7434 4919 -4246 60 74 -3712 111 -822 -5174 -4033 720 282 9279 978 1195 2225 2391 1994 -4359 1323 -1265 -3626 1844 2480 4244 4843 4153 4773 292 1584 -158 4360 3261
2477 -4100 153 6391 2872 4393 800 -2118 -1960 5272 6123 -2143 756 -3955 2214 211 -1282 176 249 3185 4934 2140 -33 3638 -8678 -97 -14129 -800 613 -3441 1287 7434 4919 -4246 60 74 -3712 111 -822 -5174 -4033 720 282 9279 978 1195 2225 2391 1994 -4359 1323 -1265 -3626 1844 2480 4244 4843 4153 4773 292 1584 -158 4360 3261
2477 -4100 153 6391 2872 4393 800 -2118 -1960 5272 6123 -2143 756 -3955 2214 211 -1282 176 249 3185 4934 2140 -33 3638 -8678 -97 -14129 -800 613 -3441 1287 7434 4919 -4246 60 74 -3712 111 -822 -5174 -4033 720 282 9279 978 1195 2225 2391 1994 -4359 1323 -1265 -3626 1844 2480 4244 4843 4153 4773 292 1584 -158 4360 3261
2477 -4100 153 6391 2872 4393 800 -2118 -1960 5272 6123 -2143 756 -3955 2214 211 -1282 176 249 3185 4934 2140 -33 3638 -8678 -97 -14129 -800 613 -3441 1287 7434 4919 -4246 60 74 -3712 111 -822 -5174 -4033 720 282 9279 978 1195 2225 2391 1994 -4359 1323 -1265 -3626 1844 2480 4244 4843 4153 4773 292 1584 -158 4360 3261
2477 -4100 153 6391 2872 4393 800 -2118 -1960 5272 6123 -2143 756 -3955 2214 211 -1282 176 249 3185 4934 2140 -33 3638 -8678 -97 -14129 -800 613 -3441 1287 7434 4919 -4246 60 74 -3712 111 -822 -5174 -4033 720 282 9279 978 1195 2225 2391 1994 -4359 1323 -1265 -3626 1844 2480 4244 4843 4153 4773 292 1584 -158 4360 3261
2477 -4100 153 6391 2872 4393 800 -2118 -1960 5272 6123 -2143 756 -3955 2214 211 -1282 176 249 3185 4934 2140 -33 3638 -8678 -97 -14129 -800 613 -3441 1287 7434 4919 -4246 60 74 -3712 111 -822 -5174 -4033 720 282 9279 978 1195 2225 2391 1994 -4359 1323 -1265 -3626 1844 2480 4244 4843 4153 4773 292 1584 -158 4360 3261
2477 -4100 153 6391 2872 4393 800 -2118 -1960 5272 6123 -2143 756 -3955 2214 211 -1282 176 249 3185 4934 2140 -33 3638 -8678 -97 -14129 -800 613 -3441 1287 7434 4919 -4246 60 74 -3712 111 -822 -5174 -4033 720 282 9279 978 1195 2225 2391 1994 -4359 1323 -1265 -3626 1844 2480 4244 4843 4153 4773 292 1584 -158 4360 3261
2477 -4100 153 6391 2872 4393 800 -2118 -1960 5272 6123 -2143 756 -3955 2214 211 -1282 176 249 3185 4934 2140 -33 3638 -8678 -97 -14129 -800 613 -3441 1287 7434 4919 -4246 60 74 -3712 111 -822 -5174 -4033 720 282 9279 978 1195 2225 2391 1994 -4359 1323 -1265 -3626 1844 2480 4244 4843 4153 4773 292 1584 -158 4360 3261
2477 -4100 153 6391 2872 4393 800 -2118 -1960 5272 6123 -2143 756 -3955 2214 211 -1282 176 249 3185 4934 2140 -33 3638 -8678 -97 -14129 -800 613 -3441 1287 7434 4919 -4246 60 74 -3712 111 -822 -5174 -4033 720 282 9279 978 1195 2225 2391 1994 -4359 1323 -1265 -3626 1844 2480 4244 4843 4153 4773 292 1584 -158 4360 3261
2477 -4100 153 6391 2872 4393 800 -2118 -1960 5272 6123 -2143 756 -3955 2214 211 -1282 176 249 3185 4934 2140 -33 3638 -8678 -97 -14129 -800 613 -3441 1287 7434 4919 -4246 60 74 -3712 111 -822 -5174 -4033 720 282 9279 978 1195 2225 2391 1994 -4359 1323 -1265 -3626 1844 2480 4244 4843 4153 4773 292 1584 -158 4360 3261
2477 -4100 153 6391 2872 4393 800 -2118 -1960 5272 6123 -2143 756 -3955 2214 211 -1282 176 249 3185 4934 2140 -33 3638 -8678 -97 -14129 -800 613 -3441 1287 7434 4919 -4246 60 74 -3712 111 -822 -5174 -4033 720 282 9279 978 1195 2225 2391 1994 -4359 1323 -1265 -3626 1844 2480 4244 4843 4153 4773 292 1584 -158 4360 3261
2477 -4100 153 6391 2872 4393 800 -2118 -1960 5272 6123 -2143 756 -3955 2214 211 -1282 176 249 3185 4934 2140 -33 3638 -8678 -97 -14129 -800 613 -3441 1287 7434 4919 -4246 60 74 -3712 111 -822 -5174 -4033 720 282 9279 978 1195 2225 2391 1994 -4359 1323 -1265 -3626 1844 2480 4244 4843 4153 4773 292 1584 -158 4360 3261
2477 -4100 153 6391 2872 4393 800 -2118 -1960 5272 6123 -2143 756 -3955 2214 211 -1282 176 249 3185 4934 2140 -33 3638 -8678 -97 -14129 -800 613 -3441 1287 7434 4919 -4246 60 74 -3712 111 -822 -5174 -4033 720 282 9279 978 1195 2225 2391 1994 -4359 1323 -1265 -3626 1844 2480 4244 4843 4153 4773 292 1584 -158 4360 3261
2477 -4100 153 6391 2872 4393 800 -2118 -1960 5272 6123 -2143 756 -3955 2214 211 -1282 176 249 3185 4934 2140 -33 3638 -8678 -97 -14129 -800 613 -3441 1287 7434 4919 -4246 60 74 -3712 111 -822 -5174 -4033 720 282 9279 978 1195 2225 2391 1994 -4359 1323 -1265 -3626 1844 2480 4244 4843 4153 4773 292 1584 -158 4360 3261
2477 -4100 153 6391 2872 4393 800 -2118 -1960 5272 6123 -2143 756 -3955 2214 211 -1282 176 249 3185 4934 2140 -33 3638 -8678 -97 -14129 -800 613 -3441 1287 7434 4919 -4246 60 74 -3712 111 -822 -5174 -4033 720 282 9279 978 1195 2225 2391 1994 -4359 1323 -1265 -3626 1844 2480 4244 4843 4153 4773 292 1584 -158 4360 3261
2477 -4100 153 6391 2872 4393 800 -2118 -1960 5272 6123 -2143 756 -3955 2214 211 -1282 176 249 3185 4934 2140 -33 3638 -8678 -97 -14129 -800 613 -3441 1287 7434 4919 -4246 60 74 -3712 111 -822 -5174 -4033 720 282 9279 978 1195 2225 2391 1994 -4359 1323 -1265 -3626 1844 2480 4244 4843 4153 4773 292 1584 -158 4360 3261
2477 -4100 153 6391 2872 4393 800 -2118 -1960 5272 6123 -2143 756 -3955 2214 211 -1282 176 249 3185 4934 2140 -33 3638 -8678 -97 -14129 -800 613 -3441 1287 7434 4919 -4246 60 74 -3712 111 -822 -5174 -4033 720 282 9279 978 1195 2225 2391 1994 -4359 1323 -1265 -3626 1844 2480 4244 4843 4153 4773 292 1584 -158 4360 3261
2477 -4100 153 6391 2872 4393 800 -2118 -1960 5272 6123 -2143 756 -3955 2214 211 -1282 176 249 3185 4934 2140 -33 3638 -8678 -97 -14129 -800 613 -3441 1287 7434 4919 -4246 60 74 -3712 111 -822 -5174 -4033 720 282 9279 978 1195 2225 2391 1994 -4359 1323 -1265 -3626 1844 2480 4244 4843 4153 4773 292 1584 -158 4360 3261
2477 -4100 153 6391 2872 4393 800 -2118 -1960 5272 6123 -2143 756 -3955 2214 211 -1282 176 249 3185 4934 2140 -33 3638 -8678 -97 -14129 -800 613 -3441 1287 7434 4919 -4246 60 74 -3712 111 -822 -5174 -4033 720 282 9279 978 1195 2225 2391 1994 -4359 1323 -1265 -3626 1844 2480 4244 4843 4153 4773 292 1584 -158 4360 3261
2477 -4100 153 6391 2872 4393 800 -2118 -1960 5272 6123 -2143 756 -3955 2214 211 -1282 176 249 3185 4934 2140 -33 3638 -8678 -97 -14129 -800 613 -3441 1287 7434 4919 -4246 60 74 -3712 111 -822 -5174 -4033 720 282 9279 978 1195 2225 2391 1994 -4359 1323 -1265 -3626 1844 2480 4244 4843 4153 4773 292 1584 -158 4360 3261
2477 -4100 153 6391 2872 4393 800 -2118 -1960 5272 6123 -2143 756 -3955 2214 211 -1282 176 249 3185 4934 2140 -33 3638 -8678 -97 -14129 -800 613 -3441 1287 7434 4919 -4246 60 74 -3712 111 -822 -5174 -4033 720 282 9279 978 1195 2225 2391 1994 -4359 1323 -1265 -3626 1844 2480 4244 4843 4153 4773 292 1584 -158 4360 3261
2477 -4100 153 6391 2872 4393 800 -2118 -1960 5272 6123 -2143 756 -3955 2214 211 -1282 176 249 3185 4934 2140 -33 3638 -8678 -97 -14129 -800 613 -3441 1287 7434 4919 -4246 60 74 -3712 111 -822 -5174 -4033 720 282 9279 978 1195 2225 2391 1994 -4359 1323 -1265 -3626 1844 2480 4244 4843 4153 4773 292 1584 -158 4360 3261
2477 -4100 153 6391 2872 4393 800 -2118 -1960 5272 6123 -2143 756 -3955 2214 211 -1282 176 249 3185 4934 2140 -33 3638 -8678 -97 -14129 -800 613 -3441 1287 7434 4919 -4246 60 74 -3712 111 -822 -5174 -4033 720 282 9279 978 1195 2225 2391 1994 -4359 1323 -1265 -3626 1844 2480 4244 4843 4153 4773 292 1584 -158 4360 3261
2477 -4100 153 6391 2872 4393 800 -2118 -1960 5272 6123 -2143 756 -3955 2214 211 -1282 176 249 3185 4934 2140 -33 3638 -8678 -97 -14129 -800 613 -3441 1287 7434 4919 -4246 60 74 -3712 111 -822 -5174 -4033 720 282 9279 978 1195 2225 2391 1994 -4359 1323 -1265 -3626 1844 2480 4244 4843 4153 4773 292 1584 -158 4360 3261
2477 -4100 153 6391 2872 4393 800 -2118 -1960 5272 6123 -2143 756 -3955 2214 211 -1282 176 249 3185 4934 2140 -33 3638 -8678 -97 -14129 -800 613 -3441 1287 7434 4919 -4246 60 74 -3712 111 -822 -5174 -4033 720 282 9279 978 1195 2225 2391 1994 -4359 1323 -1265 -3626 1844 2480 4244 4843 4153 4773 292 1584 -158 4360 3261
2477 -4100 153 6391 2872 4393 800 -2118 -1960 5272 6123 -2143 756 -3955 2214 211 -1282 176 249 3185 4934 2140 -33 3638 -8678 -97 -14129 -800 613 -3441 1287 7434 4919 -4246 60 74 -3712 111 -822 -5174 -4033 720 282 9279 978 1195 2225 2391 1994 -4359 1323 -1265 -3626 1844 2480 4244 4843 4153 4773 292 1584 -158 4360 3261
2477 -4100 153 6391 2872 4393 800 -2118 -1960 5272 6123 -2143 756 -3955 2214 211 -1282 176 249 3185 4934 2140 -33 3638 -8678 -97 -14129 -800 613 -3441 1287 7434 4919 -4246 60 74 -3712 111 -822 -5174 -4033 720 282 9279 978 1195 2225 2391 1994 -4359 1323 -1265 -3626 1844 2480 4244 4843 4153 4773 292 1584 -158 4360 3261
2477 -4100 153 6391 2872 4393 800 -2118 -1960 5272 6123 -2143 756 -3955 2214 211 -1282 176 249 3185 4934 2140 -33 3638 -8678 -97 -14129 -800 613 -3441 1287 7434 4919 -4246 60 74 -3712 111 -822 -5174 -4033 720 282 9279 978 1195 2225 2391 1994 -4359 1323 -1265 -3626 1844 2480 4244 4843 4153 4773 292 1584 -158 4360 3261
2477 -4100 153 6391 2872 4393 800 -2118 -1960 5272 6123 -2143 756 -3955 2214 211 -1282 176 249 3185 4934 2140 -33 3638 -8678 -97 -14129 -800 613 -3441 1287 7434 4919 -4246 60 74 -3712 111 -822 -5174 -4033 720 282 9279 978 1195 2225 2391 1994 -4359 1323 -1265 -3626 1844 2480 4244 4843 4153 4773 292 1584 -158 4360 3261
2477 -4100 153 6391 2872 4393 800 -2118 -1960 5272 6123 -2143 756 -3955 2214 211 -1282 176 249 3185 4934 2140 -33 3638 -8678 -97 -14129 -800 613 -3441 1287 7434 4919 -4246 60 74 -3712 111 -822 -5174 -4033 720 282 9279 978 1195 2225 2391 1994 -4359 1323 -1265 -3626 1844 2480 4244 4843 4153 4773 292 1584 -158 4360 3261
2477 -4100 153 6391 2872 4393 800 -2118 -1960 5272 6123 -2143 756 -3955 2214 211 -1282 176 249 3185 4934 2140 -33 3638 -8678 -97 -14129 -800 613 -3441 1287 7434 4919 -4246 60 74 -3712 111 -822 -5174 -4033 720 282 9279 978 1195 2225 2391 1994 -4359 1323 -1265 -3626 1844 2480 4244 4843 4153 4773 292 1584 -158 4360 3261
2477 -4100 153 6391 2872 4393 800 -2118 -1960 5272 6123 -2143 756 -3955 2214 211 -1282 176 249 3185 4934 2140 -33 3638 -8678 -97 -14129 -800 613 -3441 1287 7434 4919 -4246 60 74 -3712 111 -822 -5174 -4033 720 282 9279 978 1195 2225 2391 1994 -4359 1323 -1265 -3626 1844 2480 4244 4843 4153 4773 292 1584 -158 4360 3261
2477 -4100 153 6391 2872 4393 800 -2118 -1960 5272 6123 -2143 756 -3955 2214 211 -1282 176 249 3185 4934 2140 -33 3638 -8678 -97 -14129 -800 613 -3441 1287 7434 4919 -4246 60 74 -3712 111 -822 -5174 -4033 720 282 9279 978 1195 2225 2391 1994 -4359 1323 -1265 -3626 1844 2480 4244 4843 4153 4773 292 1584 -158 4360 3261
2477 -4100 153 6391 2872 4393 800 -2118 -1960 5272 6123 -2143 756 -3955 2214 211 -1282 176 249 3185 4934 2140 -33 3638 -8678 -97 -14129 -800 613 -3441 1287 7434 4919 -4246 60 74 -3712 111 -822 -5174 -4033 720 282 9279 978 1195 2225 2391 1994 -4359 1323 -1265 -3626 1844 2480 4244 4843 4153 4773 292 1584 -158 4360 3261
2477 -4100 153 6391 2872 4393 800 -2118 -1960 5272 6123 -2143 756 -3955 2214 211 -1282 176 249 3185 4934 2140 -33 3638 -8678 -97 -14129 -800 613 -3441 1287 7434 4919 -4246 60 74 -3712 111 -822 -5174 -4033 720 282 9279 978 1195 2225 2391 1994 -4359 1323 -1265 -3626 1844 2480 4244 4843 4153 4773 292 1584 -158 4360 3261
2477 -4100 153 6391 2872 4393 800 -2118 -1960 5272 6123 -2143 756 -3955 2214 211 -1282 176 249 3185 4934 2140 -33 3638 -8678 -97 -14129 -800 613 -3441 1287 7434 4919 -4246 60 74 -3712 111 -822 -5174 -4033 720 282 9279 978 1195 2225 2391 1994 -4359 1323 -1265 -3626 1844 2480 4244 4843 4153 4773 292 1584 -158 4360 3261
2477 -4100 153 6391 2872 4393 800 -2118 -1960 5272 6123 -2143 756 -3955 2214 211 -1282 176 249 3185 4934 2140 -33 3638 -8678 -97 -14129 -800 613 -3441 1287 7434 4919 -4246 60 74 -3712 111 -822 -5174 -4033 720 282 9279 978 1195 2225 2391 1994 -4359 1323 -1265 -3626 1844 2480 4244 4843 4153 4773 292 1584 -158 4360 3261
2477 -4100 153 6391 2872 4393 800 -2118 -1960 5272 6123 -2143 756 -3955 2214 211 -1282 176 249 3185 4934 2140 -33 3638 -8678 -97 -14129 -800 613 -3441 1287 7434 4919 -4246 60 74 -3712 111 -822 -5174 -4033 720 282 9279 978 1195 2225 2391 1994 -4359 1323 -1265 -3626 1844 2480 4244 4843 4153 4773 292 1584 -158 4360 3261
2477 -4100 153 6391 2872 4393 800 -2118 -1960 5272 6123 -2143 756 -3955 2214 211 -1282 176 249 3185 4934 2140 -33 3638 -8678 -97 -14129 -800 613 -3441 1287 7434 4919 -4246 60 74 -3712 111 -822 -5174 -4033 720 282 9279 978 1195 2225 2391 1994 -4359 1323 -1265 -3626 1844 2480 4244 4843 4153 4773 292 1584 -158 4360 3261
2477 -4100 153 6391 2872 4393 800 -2118 -1960 5272 6123 -2143 756 -3955 2214 211 -1282 176 249 3185 4934 2140 -33 3638 -8678 -97 -14129 -800 613 -3441 1287 7434 4919 -4246 60 74 -3712 111 -822 -5174 -4033 720 282 9279 978 1195 2225 2391 1994 -4359 1323 -1265 -3626 1844 2480 4244 4843 4153 4773 292 1584 -158 4360 3261
2477 -4100 153 6391 2872 4393 800 -2118 -1960 5272 6123 -2143 756 -3955 2214 211 -1282 176 249 3185 4934 2140 -33 3638 -8678 -97 -14129 -800 613 -3441 1287 7434 4919 -4246 60 74 -3712 111 -822 -5174 -4033 720 282 9279 978 1195 2225 2391 1994 -4359 1323 -1265 -3626 1844 2480 4244 4843 4153 4773 292 1584 -158 4360 3261
2477 -4100 153 6391 2872 4393 800 -2118 -1960 5272 6123 -2143 756 -3955 2214 211 -1282 176 249 3185 4934 2140 -33 3638 -8678 -97 -14129 -800 613 -3441 1287 7434 4919 -4246 60 74 -3712 111 -822 -5174 -4033 720 282 9279 978 1195 2225 2391 1994 -4359 1323 -1265 -3626 1844 2480 4244 4843 4153 4773 292 1584 -158 4360 3261
2477 -4100 153 6391 2872 4393 800 -2118 -1960 5272 6123 -2143 756 -3955 2214 211 -1282 176 249 3185 4934 2140 -33 3638 -8678 -97 -14129 -800 613 -3441 1287 7434 4919 -4246 60 74 -3712 111 -822 -5174 -4033 720 282 9279 978 1195 2225 2391 1994 -4359 1323 -1265 -3626 1844 2480 4244 4843 4153 4773 292 1584 -158 4360 3261
2477 -4100 153 6391 2872 4393 800 -2118 -1960 5272 6123 -2143 756 -3955 2214 211 -1282 176 249 3185 4934 2140 -33 3638 -8678 -97 -14129 -800 613 -3441 1287 7434 4919 -4246 60 74 -3712 111 -822 -5174 -4033 720 282 9279 978 1195 2225 2391 1994 -4359 1323 -1265 -3626 1844 2480 4244 4843 4153 4773 292 1584 -158 4360 3261
2477 -4100 153 6391 2872 4393 800 -2118 -1960 5272 6123 -2143 756 -3955 2214 211 -1282 176 249 3185 4934 2140 -33 3638 -8678 -97 -14129 -800 613 -3441 1287 7434 4919 -4246 60 74 -3712 111 -822 -5174 -4033 720 282 9279 978 1195 2225 2391 1994 -4359 1323 -1265 -3626 1844 2480 4244 4843 4153 4773 292 1584 -158 4360 3261
2477 -4100 153 6391 2872 4393 800 -2118 -1960 5272 6123 -2143 756 -3955 2214 211 -1282 176 249 3185 4934 2140 -33 3638 -8678 -97 -14129 -800 613 -3441 1287 7434 4919 -4246 60 74 -3712 111 -822 -5174 -4033 720 282 9279 978 1195 2225 2391 1994 -4359 1323 -1265 -3626 1844 2480 4244 4843 4153 4773 292 1584 -158 4360 3261
2477 -4100 153 6391 2872 4393 800 -2118 -1960 5272 6123 -2143 756 -3955 2214 211 -1282 176 249 3185 4934 2140 -33 3638 -8678 -97 -14129 -800 613 -3441 1287 7434 4919 -4246 60 74 -3712 111 -822 -5174 -4033 720 282 9279 978 1195 2225 2391 1994 -4359 1323 -1265 -3626 1844 2480 4244 4843 4153 4773 292 1584 -158 4360 3261
2477 -4100 153 6391 2872 4393 800 -2118 -1960 5272 6123 -2143 756 -3955 2214 211 -1282 176 249 3185 4934 2140 -33 3638 -8678 -97 -14129 -800 613 -3441 1287 7434 4919 -4246 60 74 -3712 111 -822 -5174 -4033 720 282 9279 978 1195 2225 2391 1994 -4359 1323 -1265 -3626 1844 2480 4244 4843 4153 4773 292 1584 -158 4360 3261
2477 -4100 153 6391 2872 4393 800 -2118 -1960 5272 6123 -2143 756 -3955 2214 211 -1282 176 249 3185 4934 2140 -33 3638 -8678 -97 -14129 -800 613 -3441 1287 7434 4919 -4246 60 74 -3712 111 -822 -5174 -4033 720 282 9279 978 1195 2225 2391 1994 -4359 1323 -1265 -3626 1844 2480 4244 4843 4153 4773 292 1584 -158 4360 3261
2477 -4100 153 6391 2872 4393 800 -2118 -1960 5272 6123 -2143 756 -3955 2214 211 -1282 176 249 3185 4934 2140 -33 3638 -8678 -97 -14129 -800 613 -3441 1287 7434 4919 -4246 60 74 -3712 111 -822 -5174 -4033 720 282 9279 978 1195 2225 2391 1994 -4359 1323 -1265 -3626 1844 2480 4244 4843 4153 4773 292 1584 -158 4360 3261
2477 -4100 153 6391 2872 4393 800 -2118 -1960 5272 6123 -2143 756 -3955 2214 211 -1282 176 249 3185 4934 2140 -33 3638 -8678 -97 -14129 -800 613 -3441 1287 7434 4919 -4246 60 74 -3712 111 -822 -5174 -4033 720 282 9279 978 1195 2225 2391 1994 -4359 1323 -1265 -3626 1844 2480 4244 4843 4153 4773 292 1584 -158 4360 3261
2477 -4100 153 6391 2872 4393 800 -2118 -1960 5272 6123 -2143 756 -3955 2214 211 -1282 176 249 3185 4934 2140 -33 3638 -8678 -97 -14129 -800 613 -3441 1287 7434 4919 -4246 60 74 -3712 111 -822 -5174 -4033 720 282 9279 978 1195 2225 2391 1994 -4359 1323 -1265 -3626 1844 2480 4244 4843 4153 4773 292 1584 -158 4360 3261
2477 -4100 153 6391 2872 4393 800 -2118 -1960 5272 6123 -2143 756 -3955 2214 211 -1282 176 249 3185 4934 2140 -33 3638 -8678 -97 -14129 -800 613 -3441 1287 7434 4919 -4246 60 74 -3712 111 -822 -5174 -4033 720 282 9279 978 1195 2225 2391 1994 -4359 1323 -1265 -3626 1844 2480 4244 4843 4153 4773 292 1584 -158 4360 3261
2477 -4100 153 6391 2872 4393 800 -2118 -1960 5272 6123 -2143 756 -3955 2214 211 -1282 176 249 3185 4934 2140 -33 3638 -8678 -97 -14129 -800 613 -3441 1287 7434 4919 -4246 60 74 -3712 111 -822 -5174 -4033 720 282 9279 978 1195 2225 2391 1994 -4359 1323 -1265 -3626 1844 2480 4244 4843 4153 4773 292 1584 -158 4360 3261
2477 -4100 153 6391 2872 4393 800 -2118 -1960 5272 6123 -2143 756 -3955 2214 211 -1282 176 249 3185 4934 2140 -33 3638 -8678 -97 -14129 -800 613 -3441 1287 7434 4919 -4246 60 74 -3712 111 -822 -5174 -4033 720 282 9279 978 1195 2225 2391 1994 -4359 1323 -1265 -3626 1844 2480 4244 4843 4153 4773 292 1584 -158 4360 3261
