0 0 0 0 1 -1 0 0 -11 0 -1 0 1 1 0 2 1 -2 0 2 -1 0 0 -1 1 -1 1 0 2 -2 1 -4 2 -2 0 0 1 0 0 4 -1 0 1 5 3 0 0 1 0 -3 0 1 0 2 0 4 -1 2 0 0 0 -1 0 0
0 3 -2 -11 7 10 -2 -10 -6 -8 8 -3 -2 -2 5 -11 52 15 5 -1 2 4 4 -5 5 -8 23 -6 -3 -2 7 22 12 -5 11 -2 9 -5 0 11 4 9 -7 14 -27 0 -3 7 -3 -2 0 13 -4 8 -1 -16 5 10 3 14 -9 -9 10 -2
12 -3 1 -13 2 -7 -3 -2 -15 -3 -8 2 -8 8 -1 -5 22 10 -4 -3 -6 12 13 5 -12 1 13 2 -3 0 -2 0 9 10 7 14 2 11 8 4 -2 7 6 7 -28 1 4 4 -5 -7 -10 7 6 3 1 -14 8 -3 -4 11 4 1 6 -6
4 -1 -6 -3 9 -6 6 -9 -41 5 -1 -5 -5 7 1 3 31 6 -8 -9 -3 10 8 7 9 2 11 -2 1 5 -4 -2 -2 1 0 -2 1 4 1 8 6 -5 5 14 -13 -8 -2 -5 0 -1 8 0 0 1 -4 3 7 -1 9 7 -2 13 0 1
1 -4 -8 -8 9 13 -6 0 -6 -5 -13 -8 11 -8 -4 3 23 8 5 -13 2 14 10 2 11 -11 -7 2 -1 1 -8 -28 -1 6 4 16 -9 -3 5 16 -8 1 -11 13 -18 -5 -3 -12 -4 24 -2 11 16 -6 -5 -17 0 4 2 -3 3 -2 -11 1
2 -17 -18 -2 10 4 -10 -9 2 -3 10 -2 -2 2 -6 3 7 9 -10 -14 -6 17 2 7 -5 0 -24 6 7 17 -1 0 -1 13 18 5 2 18 11 6 -5 -6 -8 20 -16 -5 1 8 -3 -27 8 7 4 -11 -4 -14 -13 -4 -2 -7 -4 3 -10 2
6 -15 4 -10 6 2 4 -2 -2 12 -11 -5 7 7 4 -6 25 6 -4 -1 -1 7 -7 22 -11 -4 -10 -5 13 -2 0 -11 4 22 6 3 -2 5 11 -1 -3 8 -7 6 -5 -3 5 -19 -17 1 0 11 -6 -12 -6 -21 -10 -3 -7 -7 -15 -1 -8 0
0 4 -5 -6 0 1 2 -23 -9 14 0 -14 5 2 -6 -5 21 -5 -2 -16 4 3 3 4 -20 0 2 3 3 8 0 19 4 14 8 1 11 -2 2 6 -7 0 -12 17 -5 -13 -11 -9 1 -25 10 4 6 6 -7 -17 1 11 -10 -19 5 -2 -4 1
-4 8 5 -11 -2 -14 6 -15 -8 0 2 -12 2 8 -9 -3 13 9 1 2 18 1 -3 6 -1 -4 15 7 -6 6 2 15 8 14 3 0 7 -1 2 -4 2 -3 8 12 -13 5 -9 7 1 -13 -7 16 -5 0 -6 -7 -2 -1 10 -11 -4 7 5 -3
5 2 -15 -3 -2 1 9 -3 -1 -2 -14 -4 13 -4 -10 -12 19 -6 1 -6 15 -8 -4 6 4 -8 7 -2 4 -6 2 -5 -7 11 12 6 -2 18 8 -2 7 -5 5 25 -13 3 -12 -25 1 -3 9 6 6 7 3 -3 11 -17 2 -10 -6 -5 7 5
3 11 -4 -11 6 -3 0 0 -18 8 3 0 1 0 1 -12 16 11 -4 5 -11 14 -1 -2 11 10 32 -9 -5 7 15 17 5 10 -12 -1 6 -7 3 -13 -1 -14 11 19 -17 11 4 6 -8 7 -11 11 -13 -3 -5 -8 8 8 15 8 -4 5 5 4
-1 -3 3 -7 -1 0 -13 14 -5 -2 3 -7 13 3 -6 -6 -1 21 3 -9 -1 3 12 -6 6 -7 12 -6 14 6 0 13 10 22 -7 14 -2 17 -1 3 -10 -1 4 -8 -20 -5 -5 -1 -15 -6 -1 17 -9 -8 3 -7 4 -3 -4 -1 0 -4 8 9
3 -3 -2 -1 8 -4 4 -1 -41 -1 -1 -9 2 7 -4 -7 14 5 -7 -5 0 10 5 0 3 2 -1 -2 13 2 -5 -7 -3 6 6 2 5 2 0 -1 -1 -3 8 20 -5 -10 -7 -5 -1 -3 0 2 -4 4 -6 3 9 -7 12 -1 2 7 -2 -1
-5 12 2 -11 13 7 -3 -14 -8 -3 10 -6 7 -2 -2 -8 32 -5 1 14 -3 2 14 -14 -15 -6 0 14 -4 0 1 9 6 11 9 2 10 8 -2 14 -9 2 -16 15 -1 -9 -11 9 -19 11 -10 16 1 11 1 -25 -2 6 -4 -13 -3 9 -10 3
3 -2 -12 -10 0 -1 3 -5 -2 -1 -12 -1 17 5 -5 -2 14 -10 -2 -4 16 -8 -4 8 -15 -9 9 1 7 -8 5 4 -6 13 9 5 5 17 6 -5 -1 -7 5 22 -11 0 -16 -21 4 -7 5 10 -3 4 0 -9 6 -17 1 -10 -2 -3 13 4
5 6 -8 -12 12 4 -14 4 -13 4 5 -4 7 10 9 -9 16 7 9 11 -10 4 -1 0 11 4 25 -5 -12 -4 4 9 13 10 -9 15 4 6 3 -3 -5 -8 16 21 -11 5 3 -7 7 29 -5 -6 -24 -3 0 -17 2 4 1 6 1 -9 2 4
-3 13 3 -3 0 10 2 -4 -7 -2 -4 -6 3 2 -14 10 -7 -12 6 -1 -2 6 9 5 2 -12 -1 -1 7 -4 16 -13 -3 18 -22 1 8 0 -15 16 -7 3 5 4 -27 -6 -17 -4 -3 34 -1 11 -4 -2 -6 -17 0 0 13 -2 -2 5 -4 17
2 9 5 4 14 7 3 7 -29 2 2 -4 9 -12 -15 -17 -10 -2 0 9 -10 7 0 1 -2 -10 3 -7 6 -2 1 -5 0 7 -17 0 -1 2 1 19 5 1 6 30 -22 -8 -14 -11 4 -10 6 17 4 0 -4 -11 2 2 11 -10 -13 9 -10 14
-19 11 -2 6 12 9 -2 -4 -10 9 -4 -14 -3 0 -8 -13 -15 3 -5 3 -4 11 6 -12 -10 7 10 -23 2 15 19 12 -7 19 -6 -1 1 5 -10 8 0 -15 0 14 -20 -6 -9 -2 -15 1 2 21 -8 -3 -4 -17 6 4 8 -6 -10 18 -4 2
3 -4 -5 -6 11 -2 13 7 -14 -1 6 -14 -7 -3 6 -3 0 8 -2 -10 5 18 -5 5 -7 3 9 -22 9 -14 7 13 3 19 -2 8 7 -1 -12 22 -14 8 1 14 -6 -6 -11 -9 -5 5 -9 4 1 -14 -12 -21 -11 3 0 6 -6 13 -3 8
-4 10 -9 -8 -7 9 2 -17 -10 4 4 -12 9 -10 1 4 -2 4 -7 -8 -1 11 7 0 -14 3 17 -14 4 9 -1 27 -2 24 -5 1 16 0 -6 20 -5 -6 12 8 -9 -1 -17 6 -4 -12 -11 13 -8 -1 2 -18 -8 -1 3 -12 -1 9 -4 -3
-1 7 -3 -3 -5 2 1 -18 -16 5 -16 -7 0 -2 -21 -4 25 -9 3 -2 4 -2 3 -3 -24 3 25 5 10 5 6 18 -2 1 -11 -1 -5 14 7 -5 5 0 13 4 -16 2 4 6 -6 -17 4 12 0 7 4 3 -1 -11 6 -6 -5 -14 -3 -7
1 9 -1 -5 6 8 2 -3 -35 -10 -3 -4 5 -8 -7 7 -4 2 4 -1 -7 -1 11 -2 -1 3 -7 3 4 -4 -3 3 -2 6 -2 2 4 1 -5 -3 -4 2 11 28 0 2 2 2 1 -3 -2 2 2 4 0 5 1 -6 1 -9 -4 -5 0 -2
6 9 3 -6 11 2 -2 -3 -33 -8 1 0 2 -6 -12 -4 13 0 11 -5 -6 2 8 -3 13 4 -2 -4 -2 -6 -2 -1 3 9 -15 8 3 -2 -8 0 -3 -8 7 27 4 6 0 4 -5 9 2 4 -7 -2 0 1 7 -5 4 -5 -10 -12 8 9
3 -13 13 -4 14 2 9 -6 -8 -11 -3 -1 -5 -8 7 -11 30 -4 16 5 -2 3 3 3 -2 3 33 -4 -5 4 1 4 -3 2 1 6 -9 0 -3 -7 -11 -9 -1 13 -19 -2 -13 -6 -11 -1 -4 5 -2 -13 -6 -12 3 -12 -2 6 -13 -9 1 -3
-5 -1 2 -6 0 2 3 -6 -25 2 9 -6 -5 9 -3 -9 14 6 -4 -16 3 0 6 6 4 9 5 -6 0 10 2 2 3 7 -3 0 6 3 -1 -8 3 -16 8 5 -10 0 4 4 3 -2 5 6 -8 0 3 6 13 -4 6 5 -6 12 -2 -6
-3 -6 -9 -4 6 10 -3 1 -5 -8 -12 -6 7 -6 -6 2 20 8 3 -10 2 15 10 0 6 -10 -8 1 1 3 -6 -31 -3 0 3 18 -8 -5 3 20 -4 3 -15 9 -18 -3 -4 -14 -5 17 -3 13 13 -7 -7 -21 -1 4 5 -3 4 -2 -13 1
3 -17 -22 -1 10 8 -9 -6 1 -7 9 -5 -4 -2 -6 2 0 12 -9 -9 -6 18 3 4 -7 -2 -23 3 8 15 2 2 -1 12 15 3 4 18 11 9 -2 -6 -3 10 -21 -4 2 7 -1 -23 1 4 2 -11 -1 -11 -11 -7 -6 -6 -4 2 -17 -1
8 -10 4 -6 3 8 1 3 -3 12 -10 -10 7 8 0 -11 16 3 -4 0 -2 7 -5 18 -13 -8 -12 -3 16 -1 1 -8 3 19 6 3 -3 -1 11 0 -2 5 -5 5 1 -1 5 -17 -18 -4 -7 12 -5 -11 -7 -22 -9 1 -6 -9 -11 -6 -9 -1
1 8 -7 -7 0 4 3 -21 -11 17 2 -16 4 -2 -8 -4 13 -2 -4 -13 4 6 5 -1 -19 -2 1 1 5 4 1 20 3 13 7 2 12 -4 -1 9 -12 -2 -14 14 -3 -14 -8 -9 0 -25 9 6 6 5 -12 -16 2 11 -10 -19 8 1 -6 1
4 4 1 -7 -2 -9 11 -10 -9 3 -5 -14 6 7 -7 -1 1 4 -2 1 7 5 3 -4 1 -8 18 13 2 2 -2 6 5 14 1 6 8 0 1 -4 1 -6 9 9 -15 6 -8 0 0 -2 -19 13 -5 4 -4 -8 -7 9 14 -20 3 8 6 -1
-4 0 -3 -4 -7 -7 11 -15 -10 5 11 0 0 0 1 1 -2 13 -10 8 -3 13 4 -9 0 2 17 0 -7 5 8 5 14 12 -5 2 -10 10 9 -5 4 -4 18 18 -16 21 0 1 -10 -11 -10 -1 8 6 -3 -10 12 -3 1 3 -4 7 3 -1
3 -5 2 -6 -1 0 -11 21 -5 -2 2 -7 14 4 -1 -4 2 24 3 -6 2 -2 14 -10 16 -7 18 -6 14 8 1 13 16 20 -7 17 -1 16 0 2 -16 0 5 -8 -14 -5 -2 -2 -15 -5 5 12 -12 -9 7 -10 8 -1 -7 -3 4 -1 8 9
7 0 -7 2 8 4 13 -6 -18 -1 -6 -13 -10 -3 -8 5 10 4 -4 6 3 7 -2 -2 0 1 17 1 4 1 -1 7 -7 11 3 5 8 11 8 5 1 -6 7 22 0 -2 -15 4 5 13 -4 1 -20 4 -4 -11 7 5 1 -14 -2 -1 13 0
-8 11 3 -5 5 13 4 -3 -10 -1 -5 -4 2 -3 -12 7 -7 -14 5 3 -7 8 8 5 4 -17 -8 2 11 -5 18 -19 -4 16 -19 3 5 2 -16 18 -6 0 5 4 -22 -7 -15 -6 -7 30 2 7 -4 0 -6 -17 2 2 19 -3 -1 3 -2 18
-2 9 6 3 13 9 3 7 -29 4 -2 -4 11 -16 -15 -11 -8 -4 -1 7 -10 6 -3 -4 -4 -14 2 -5 5 -3 3 -6 2 3 -12 1 0 6 5 24 2 1 3 30 -20 -5 -13 -9 2 -12 7 18 4 2 -3 -12 1 3 13 -9 -12 7 -8 19
-17 12 -2 3 12 9 -3 0 -11 8 -5 -14 -5 -2 -10 -18 -20 4 -8 3 -7 12 4 -17 -7 8 9 -22 5 13 15 14 -9 17 -5 0 5 3 -13 8 -2 -16 2 15 -18 -6 -9 0 -14 0 -4 17 -8 -3 -3 -18 6 8 7 -7 -3 17 -2 5
4 -3 -4 -6 11 -3 14 8 -13 0 4 -16 -4 -6 9 -3 0 6 -1 -7 6 15 -4 0 -2 5 4 -24 11 -14 10 12 5 16 0 10 8 -1 -9 23 -8 5 2 16 -5 -5 -15 -8 -7 8 -16 2 1 -10 -12 -24 -10 4 0 9 -3 14 -5 8
-4 10 -10 -8 -10 7 0 -19 -11 5 4 -14 9 -13 2 3 -4 5 -9 -8 0 11 6 1 -18 0 12 -14 8 8 1 20 -3 20 -4 3 16 -2 -8 22 -3 -4 10 3 -9 4 -19 7 -5 -17 -9 10 -10 0 2 -16 -8 0 1 -9 2 6 -4 -7
-1 6 -3 -1 -6 3 -1 -18 -16 8 -13 -7 -3 0 -23 -3 23 -11 2 -2 8 -1 2 -6 -24 3 23 6 10 2 5 11 -2 0 -10 -1 -3 14 8 -4 3 1 12 2 -16 4 2 8 -5 -15 5 15 -2 7 3 5 -3 -7 5 -5 -2 -13 -4 -6
0 5 2 -5 6 6 7 -2 -35 -6 -3 -5 6 -9 -10 4 -3 3 6 -1 -5 -1 11 -1 4 5 -6 5 6 -3 -1 4 -1 4 -1 2 5 1 -3 0 -1 -1 9 22 3 3 1 0 4 1 4 -1 0 2 0 3 2 -6 -1 -6 -3 -6 -2 0
-3 -13 7 -2 -20 5 -6 -10 -11 -20 5 7 -7 12 -5 -14 7 -8 8 -25 12 -21 -4 9 15 -1 -30 -4 -5 3 0 10 10 5 -19 -1 1 2 0 -6 -5 4 -2 -35 -16 26 7 -7 -2 6 6 4 -18 -14 0 38 17 14 10 6 1 -10 -18 -12
-3 -13 7 -2 -20 5 -6 -10 -11 -20 5 7 -7 12 -5 -14 7 -8 8 -25 12 -21 -4 9 15 -1 -30 -4 -5 3 0 10 10 5 -19 -1 1 2 0 -6 -5 4 -2 -35 -16 26 7 -7 -2 6 6 4 -18 -14 0 38 17 14 10 6 1 -10 -18 -12
-3 -13 7 -2 -20 5 -6 -10 -11 -20 5 7 -7 12 -5 -14 7 -8 8 -25 12 -21 -4 9 15 -1 -30 -4 -5 3 0 10 10 5 -19 -1 1 2 0 -6 -5 4 -2 -35 -16 26 7 -7 -2 6 6 4 -18 -14 0 38 17 14 10 6 1 -10 -18 -12
-3 -13 7 -2 -20 5 -6 -10 -11 -20 5 7 -7 12 -5 -14 7 -8 8 -25 12 -21 -4 9 15 -1 -30 -4 -5 3 0 10 10 5 -19 -1 1 2 0 -6 -5 4 -2 -35 -16 26 7 -7 -2 6 6 4 -18 -14 0 38 17 14 10 6 1 -10 -18 -12
-3 -13 7 -2 -20 5 -6 -10 -11 -20 5 7 -7 12 -5 -14 7 -8 8 -25 12 -21 -4 9 15 -1 -30 -4 -5 3 0 10 10 5 -19 -1 1 2 0 -6 -5 4 -2 -35 -16 26 7 -7 -2 6 6 4 -18 -14 0 38 17 14 10 6 1 -10 -18 -12
-3 -13 7 -2 -20 5 -6 -10 -11 -20 5 7 -7 12 -5 -14 7 -8 8 -25 12 -21 -4 9 15 -1 -30 -4 -5 3 0 10 10 5 -19 -1 1 2 0 -6 -5 4 -2 -35 -16 26 7 -7 -2 6 6 4 -18 -14 0 38 17 14 10 6 1 -10 -18 -12
-3 -13 7 -2 -20 5 -6 -10 -11 -20 5 7 -7 12 -5 -14 7 -8 8 -25 12 -21 -4 9 15 -1 -30 -4 -5 3 0 10 10 5 -19 -1 1 2 0 -6 -5 4 -2 -35 -16 26 7 -7 -2 6 6 4 -18 -14 0 38 17 14 10 6 1 -10 -18 -12
-3 -13 7 -2 -20 5 -6 -10 -11 -20 5 7 -7 12 -5 -14 7 -8 8 -25 12 -21 -4 9 15 -1 -30 -4 -5 3 0 10 10 5 -19 -1 1 2 0 -6 -5 4 -2 -35 -16 26 7 -7 -2 6 6 4 -18 -14 0 38 17 14 10 6 1 -10 -18 -12
-3 -13 7 -2 -20 5 -6 -10 -11 -20 5 7 -7 12 -5 -14 7 -8 8 -25 12 -21 -4 9 15 -1 -30 -4 -5 3 0 10 10 5 -19 -1 1 2 0 -6 -5 4 -2 -35 -16 26 7 -7 -2 6 6 4 -18 -14 0 38 17 14 10 6 1 -10 -18 -12
-3 -13 7 -2 -20 5 -6 -10 -11 -20 5 7 -7 12 -5 -14 7 -8 8 -25 12 -21 -4 9 15 -1 -30 -4 -5 3 0 10 10 5 -19 -1 1 2 0 -6 -5 4 -2 -35 -16 26 7 -7 -2 6 6 4 -18 -14 0 38 17 14 10 6 1 -10 -18 -12
-3 -13 7 -2 -20 5 -6 -10 -11 -20 5 7 -7 12 -5 -14 7 -8 8 -25 12 -21 -4 9 15 -1 -30 -4 -5 3 0 10 10 5 -19 -1 1 2 0 -6 -5 4 -2 -35 -16 26 7 -7 -2 6 6 4 -18 -14 0 38 17 14 10 6 1 -10 -18 -12
-3 -13 7 -2 -20 5 -6 -10 -11 -20 5 7 -7 12 -5 -14 7 -8 8 -25 12 -21 -4 9 15 -1 -30 -4 -5 3 0 10 10 5 -19 -1 1 2 0 -6 -5 4 -2 -35 -16 26 7 -7 -2 6 6 4 -18 -14 0 38 17 14 10 6 1 -10 -18 -12
-3 -13 7 -2 -20 5 -6 -10 -11 -20 5 7 -7 12 -5 -14 7 -8 8 -25 12 -21 -4 9 15 -1 -30 -4 -5 3 0 10 10 5 -19 -1 1 2 0 -6 -5 4 -2 -35 -16 26 7 -7 -2 6 6 4 -18 -14 0 38 17 14 10 6 1 -10 -18 -12
-3 -13 7 -2 -20 5 -6 -10 -11 -20 5 7 -7 12 -5 -14 7 -8 8 -25 12 -21 -4 9 15 -1 -30 -4 -5 3 0 10 10 5 -19 -1 1 2 0 -6 -5 4 -2 -35 -16 26 7 -7 -2 6 6 4 -18 -14 0 38 17 14 10 6 1 -10 -18 -12
-3 -13 7 -2 -20 5 -6 -10 -11 -20 5 7 -7 12 -5 -14 7 -8 8 -25 12 -21 -4 9 15 -1 -30 -4 -5 3 0 10 10 5 -19 -1 1 2 0 -6 -5 4 -2 -35 -16 26 7 -7 -2 6 6 4 -18 -14 0 38 17 14 10 6 1 -10 -18 -12
-3 -13 7 -2 -20 5 -6 -10 -11 -20 5 7 -7 12 -5 -14 7 -8 8 -25 12 -21 -4 9 15 -1 -30 -4 -5 3 0 10 10 5 -19 -1 1 2 0 -6 -5 4 -2 -35 -16 26 7 -7 -2 6 6 4 -18 -14 0 38 17 14 10 6 1 -10 -18 -12
-3 -13 7 -2 -20 5 -6 -10 -11 -20 5 7 -7 12 -5 -14 7 -8 8 -25 12 -21 -4 9 15 -1 -30 -4 -5 3 0 10 10 5 -19 -1 1 2 0 -6 -5 4 -2 -35 -16 26 7 -7 -2 6 6 4 -18 -14 0 38 17 14 10 6 1 -10 -18 -12
-3 -13 7 -2 -20 5 -6 -10 -11 -20 5 7 -7 12 -5 -14 7 -8 8 -25 12 -21 -4 9 15 -1 -30 -4 -5 3 0 10 10 5 -19 -1 1 2 0 -6 -5 4 -2 -35 -16 26 7 -7 -2 6 6 4 -18 -14 0 38 17 14 10 6 1 -10 -18 -12
-3 -13 7 -2 -20 5 -6 -10 -11 -20 5 7 -7 12 -5 -14 7 -8 8 -25 12 -21 -4 9 15 -1 -30 -4 -5 3 0 10 10 5 -19 -1 1 2 0 -6 -5 4 -2 -35 -16 26 7 -7 -2 6 6 4 -18 -14 0 38 17 14 10 6 1 -10 -18 -12
-3 -13 7 -2 -20 5 -6 -10 -11 -20 5 7 -7 12 -5 -14 7 -8 8 -25 12 -21 -4 9 15 -1 -30 -4 -5 3 0 10 10 5 -19 -1 1 2 0 -6 -5 4 -2 -35 -16 26 7 -7 -2 6 6 4 -18 -14 0 38 17 14 10 6 1 -10 -18 -12
-3 -13 7 -2 -20 5 -6 -10 -11 -20 5 7 -7 12 -5 -14 7 -8 8 -25 12 -21 -4 9 15 -1 -30 -4 -5 3 0 10 10 5 -19 -1 1 2 0 -6 -5 4 -2 -35 -16 26 7 -7 -2 6 6 4 -18 -14 0 38 17 14 10 6 1 -10 -18 -12
-3 -13 7 -2 -20 5 -6 -10 -11 -20 5 7 -7 12 -5 -14 7 -8 8 -25 12 -21 -4 9 15 -1 -30 -4 -5 3 0 10 10 5 -19 -1 1 2 0 -6 -5 4 -2 -35 -16 26 7 -7 -2 6 6 4 -18 -14 0 38 17 14 10 6 1 -10 -18 -12
-3 -13 7 -2 -20 5 -6 -10 -11 -20 5 7 -7 12 -5 -14 7 -8 8 -25 12 -21 -4 9 15 -1 -30 -4 -5 3 0 10 10 5 -19 -1 1 2 0 -6 -5 4 -2 -35 -16 26 7 -7 -2 6 6 4 -18 -14 0 38 17 14 10 6 1 -10 -18 -12
-3 -13 7 -2 -20 5 -6 -10 -11 -20 5 7 -7 12 -5 -14 7 -8 8 -25 12 -21 -4 9 15 -1 -30 -4 -5 3 0 10 10 5 -19 -1 1 2 0 -6 -5 4 -2 -35 -16 26 7 -7 -2 6 6 4 -18 -14 0 38 17 14 10 6 1 -10 -18 -12
-3 -13 7 -2 -20 5 -6 -10 -11 -20 5 7 -7 12 -5 -14 7 -8 8 -25 12 -21 -4 9 15 -1 -30 -4 -5 3 0 10 10 5 -19 -1 1 2 0 -6 -5 4 -2 -35 -16 26 7 -7 -2 6 6 4 -18 -14 0 38 17 14 10 6 1 -10 -18 -12
-3 -13 7 -2 -20 5 -6 -10 -11 -20 5 7 -7 12 -5 -14 7 -8 8 -25 12 -21 -4 9 15 -1 -30 -4 -5 3 0 10 10 5 -19 -1 1 2 0 -6 -5 4 -2 -35 -16 26 7 -7 -2 6 6 4 -18 -14 0 38 17 14 10 6 1 -10 -18 -12
-3 -13 7 -2 -20 5 -6 -10 -11 -20 5 7 -7 12 -5 -14 7 -8 8 -25 12 -21 -4 9 15 -1 -30 -4 -5 3 0 10 10 5 -19 -1 1 2 0 -6 -5 4 -2 -35 -16 26 7 -7 -2 6 6 4 -18 -14 0 38 17 14 10 6 1 -10 -18 -12
-3 -13 7 -2 -20 5 -6 -10 -11 -20 5 7 -7 12 -5 -14 7 -8 8 -25 12 -21 -4 9 15 -1 -30 -4 -5 3 0 10 10 5 -19 -1 1 2 0 -6 -5 4 -2 -35 -16 26 7 -7 -2 6 6 4 -18 -14 0 38 17 14 10 6 1 -10 -18 -12
-3 -13 7 -2 -20 5 -6 -10 -11 -20 5 7 -7 12 -5 -14 7 -8 8 -25 12 -21 -4 9 15 -1 -30 -4 -5 3 0 10 10 5 -19 -1 1 2 0 -6 -5 4 -2 -35 -16 26 7 -7 -2 6 6 4 -18 -14 0 38 17 14 10 6 1 -10 -18 -12
-3 -13 7 -2 -20 5 -6 -10 -11 -20 5 7 -7 12 -5 -14 7 -8 8 -25 12 -21 -4 9 15 -1 -30 -4 -5 3 0 10 10 5 -19 -1 1 2 0 -6 -5 4 -2 -35 -16 26 7 -7 -2 6 6 4 -18 -14 0 38 17 14 10 6 1 -10 -18 -12
-3 -13 7 -2 -20 5 -6 -10 -11 -20 5 7 -7 12 -5 -14 7 -8 8 -25 12 -21 -4 9 15 -1 -30 -4 -5 3 0 10 10 5 -19 -1 1 2 0 -6 -5 4 -2 -35 -16 26 7 -7 -2 6 6 4 -18 -14 0 38 17 14 10 6 1 -10 -18 -12
-3 -13 7 -2 -20 5 -6 -10 -11 -20 5 7 -7 12 -5 -14 7 -8 8 -25 12 -21 -4 9 15 -1 -30 -4 -5 3 0 10 10 5 -19 -1 1 2 0 -6 -5 4 -2 -35 -16 26 7 -7 -2 6 6 4 -18 -14 0 38 17 14 10 6 1 -10 -18 -12
-3 -13 7 -2 -20 5 -6 -10 -11 -20 5 7 -7 12 -5 -14 7 -8 8 -25 12 -21 -4 9 15 -1 -30 -4 -5 3 0 10 10 5 -19 -1 1 2 0 -6 -5 4 -2 -35 -16 26 7 -7 -2 6 6 4 -18 -14 0 38 17 14 10 6 1 -10 -18 -12
-3 -13 7 -2 -20 5 -6 -10 -11 -20 5 7 -7 12 -5 -14 7 -8 8 -25 12 -21 -4 9 15 -1 -30 -4 -5 3 0 10 10 5 -19 -1 1 2 0 -6 -5 4 -2 -35 -16 26 7 -7 -2 6 6 4 -18 -14 0 38 17 14 10 6 1 -10 -18 -12
-3 -13 7 -2 -20 5 -6 -10 -11 -20 5 7 -7 12 -5 -14 7 -8 8 -25 12 -21 -4 9 15 -1 -30 -4 -5 3 0 10 10 5 -19 -1 1 2 0 -6 -5 4 -2 -35 -16 26 7 -7 -2 6 6 4 -18 -14 0 38 17 14 10 6 1 -10 -18 -12
-3 -13 7 -2 -20 5 -6 -10 -11 -20 5 7 -7 12 -5 -14 7 -8 8 -25 12 -21 -4 9 15 -1 -30 -4 -5 3 0 10 10 5 -19 -1 1 2 0 -6 -5 4 -2 -35 -16 26 7 -7 -2 6 6 4 -18 -14 0 38 17 14 10 6 1 -10 -18 -12
-3 -13 7 -2 -20 5 -6 -10 -11 -20 5 7 -7 12 -5 -14 7 -8 8 -25 12 -21 -4 9 15 -1 -30 -4 -5 3 0 10 10 5 -19 -1 1 2 0 -6 -5 4 -2 -35 -16 26 7 -7 -2 6 6 4 -18 -14 0 38 17 14 10 6 1 -10 -18 -12
-3 -13 7 -2 -20 5 -6 -10 -11 -20 5 7 -7 12 -5 -14 7 -8 8 -25 12 -21 -4 9 15 -1 -30 -4 -5 3 0 10 10 5 -19 -1 1 2 0 -6 -5 4 -2 -35 -16 26 7 -7 -2 6 6 4 -18 -14 0 38 17 14 10 6 1 -10 -18 -12
-3 -13 7 -2 -20 5 -6 -10 -11 -20 5 7 -7 12 -5 -14 7 -8 8 -25 12 -21 -4 9 15 -1 -30 -4 -5 3 0 10 10 5 -19 -1 1 2 0 -6 -5 4 -2 -35 -16 26 7 -7 -2 6 6 4 -18 -14 0 38 17 14 10 6 1 -10 -18 -12
-3 -13 7 -2 -20 5 -6 -10 -11 -20 5 7 -7 12 -5 -14 7 -8 8 -25 12 -21 -4 9 15 -1 -30 -4 -5 3 0 10 10 5 -19 -1 1 2 0 -6 -5 4 -2 -35 -16 26 7 -7 -2 6 6 4 -18 -14 0 38 17 14 10 6 1 -10 -18 -12
-3 -13 7 -2 -20 5 -6 -10 -11 -20 5 7 -7 12 -5 -14 7 -8 8 -25 12 -21 -4 9 15 -1 -30 -4 -5 3 0 10 10 5 -19 -1 1 2 0 -6 -5 4 -2 -35 -16 26 7 -7 -2 6 6 4 -18 -14 0 38 17 14 10 6 1 -10 -18 -12
-3 -13 7 -2 -20 5 -6 -10 -11 -20 5 7 -7 12 -5 -14 7 -8 8 -25 12 -21 -4 9 15 -1 -30 -4 -5 3 0 10 10 5 -19 -1 1 2 0 -6 -5 4 -2 -35 -16 26 7 -7 -2 6 6 4 -18 -14 0 38 17 14 10 6 1 -10 -18 -12
-3 -13 7 -2 -20 5 -6 -10 -11 -20 5 7 -7 12 -5 -14 7 -8 8 -25 12 -21 -4 9 15 -1 -30 -4 -5 3 0 10 10 5 -19 -1 1 2 0 -6 -5 4 -2 -35 -16 26 7 -7 -2 6 6 4 -18 -14 0 38 17 14 10 6 1 -10 -18 -12
-3 -13 7 -2 -20 5 -6 -10 -11 -20 5 7 -7 12 -5 -14 7 -8 8 -25 12 -21 -4 9 15 -1 -30 -4 -5 3 0 10 10 5 -19 -1 1 2 0 -6 -5 4 -2 -35 -16 26 7 -7 -2 6 6 4 -18 -14 0 38 17 14 10 6 1 -10 -18 -12
-3 -13 7 -2 -20 5 -6 -10 -11 -20 5 7 -7 12 -5 -14 7 -8 8 -25 12 -21 -4 9 15 -1 -30 -4 -5 3 0 10 10 5 -19 -1 1 2 0 -6 -5 4 -2 -35 -16 26 7 -7 -2 6 6 4 -18 -14 0 38 17 14 10 6 1 -10 -18 -12
-3 -13 7 -2 -20 5 -6 -10 -11 -20 5 7 -7 12 -5 -14 7 -8 8 -25 12 -21 -4 9 15 -1 -30 -4 -5 3 0 10 10 5 -19 -1 1 2 0 -6 -5 4 -2 -35 -16 26 7 -7 -2 6 6 4 -18 -14 0 38 17 14 10 6 1 -10 -18 -12
-3 -13 7 -2 -20 5 -6 -10 -11 -20 5 7 -7 12 -5 -14 7 -8 8 -25 12 -21 -4 9 15 -1 -30 -4 -5 3 0 10 10 5 -19 -1 1 2 0 -6 -5 4 -2 -35 -16 26 7 -7 -2 6 6 4 -18 -14 0 38 17 14 10 6 1 -10 -18 -12
-3 -13 7 -2 -20 5 -6 -10 -11 -20 5 7 -7 12 -5 -14 7 -8 8 -25 12 -21 -4 9 15 -1 -30 -4 -5 3 0 10 10 5 -19 -1 1 2 0 -6 -5 4 -2 -35 -16 26 7 -7 -2 6 6 4 -18 -14 0 38 17 14 10 6 1 -10 -18 -12
-3 -13 7 -2 -20 5 -6 -10 -11 -20 5 7 -7 12 -5 -14 7 -8 8 -25 12 -21 -4 9 15 -1 -30 -4 -5 3 0 10 10 5 -19 -1 1 2 0 -6 -5 4 -2 -35 -16 26 7 -7 -2 6 6 4 -18 -14 0 38 17 14 10 6 1 -10 -18 -12
-3 -13 7 -2 -20 5 -6 -10 -11 -20 5 7 -7 12 -5 -14 7 -8 8 -25 12 -21 -4 9 15 -1 -30 -4 -5 3 0 10 10 5 -19 -1 1 2 0 -6 -5 4 -2 -35 -16 26 7 -7 -2 6 6 4 -18 -14 0 38 17 14 10 6 1 -10 -18 -12
-3 -13 7 -2 -20 5 -6 -10 -11 -20 5 7 -7 12 -5 -14 7 -8 8 -25 12 -21 -4 9 15 -1 -30 -4 -5 3 0 10 10 5 -19 -1 1 2 0 -6 -5 4 -2 -35 -16 26 7 -7 -2 6 6 4 -18 -14 0 38 17 14 10 6 1 -10 -18 -12
-3 -13 7 -2 -20 5 -6 -10 -11 -20 5 7 -7 12 -5 -14 7 -8 8 -25 12 -21 -4 9 15 -1 -30 -4 -5 3 0 10 10 5 -19 -1 1 2 0 -6 -5 4 -2 -35 -16 26 7 -7 -2 6 6 4 -18 -14 0 38 17 14 10 6 1 -10 -18 -12
-3 -13 7 -2 -20 5 -6 -10 -11 -20 5 7 -7 12 -5 -14 7 -8 8 -25 12 -21 -4 9 15 -1 -30 -4 -5 3 0 10 10 5 -19 -1 1 2 0 -6 -5 4 -2 -35 -16 26 7 -7 -2 6 6 4 -18 -14 0 38 17 14 10 6 1 -10 -18 -12
-3 -13 7 -2 -20 5 -6 -10 -11 -20 5 7 -7 12 -5 -14 7 -8 8 -25 12 -21 -4 9 15 -1 -30 -4 -5 3 0 10 10 5 -19 -1 1 2 0 -6 -5 4 -2 -35 -16 26 7 -7 -2 6 6 4 -18 -14 0 38 17 14 10 6 1 -10 -18 -12
-3 -13 7 -2 -20 5 -6 -10 -11 -20 5 7 -7 12 -5 -14 7 -8 8 -25 12 -21 -4 9 15 -1 -30 -4 -5 3 0 10 10 5 -19 -1 1 2 0 -6 -5 4 -2 -35 -16 26 7 -7 -2 6 6 4 -18 -14 0 38 17 14 10 6 1 -10 -18 -12
-3 -13 7 -2 -20 5 -6 -10 -11 -20 5 7 -7 12 -5 -14 7 -8 8 -25 12 -21 -4 9 15 -1 -30 -4 -5 3 0 10 10 5 -19 -1 1 2 0 -6 -5 4 -2 -35 -16 26 7 -7 -2 6 6 4 -18 -14 0 38 17 14 10 6 1 -10 -18 -12
-3 -13 7 -2 -20 5 -6 -10 -11 -20 5 7 -7 12 -5 -14 7 -8 8 -25 12 -21 -4 9 15 -1 -30 -4 -5 3 0 10 10 5 -19 -1 1 2 0 -6 -5 4 -2 -35 -16 26 7 -7 -2 6 6 4 -18 -14 0 38 17 14 10 6 1 -10 -18 -12
-3 -13 7 -2 -20 5 -6 -10 -11 -20 5 7 -7 12 -5 -14 7 -8 8 -25 12 -21 -4 9 15 -1 -30 -4 -5 3 0 10 10 5 -19 -1 1 2 0 -6 -5 4 -2 -35 -16 26 7 -7 -2 6 6 4 -18 -14 0 38 17 14 10 6 1 -10 -18 -12
-3 -13 7 -2 -20 5 -6 -10 -11 -20 5 7 -7 12 -5 -14 7 -8 8 -25 12 -21 -4 9 15 -1 -30 -4 -5 3 0 10 10 5 -19 -1 1 2 0 -6 -5 4 -2 -35 -16 26 7 -7 -2 6 6 4 -18 -14 0 38 17 14 10 6 1 -10 -18 -12
-3 -13 7 -2 -20 5 -6 -10 -11 -20 5 7 -7 12 -5 -14 7 -8 8 -25 12 -21 -4 9 15 -1 -30 -4 -5 3 0 10 10 5 -19 -1 1 2 0 -6 -5 4 -2 -35 -16 26 7 -7 -2 6 6 4 -18 -14 0 38 17 14 10 6 1 -10 -18 -12
-3 -13 7 -2 -20 5 -6 -10 -11 -20 5 7 -7 12 -5 -14 7 -8 8 -25 12 -21 -4 9 15 -1 -30 -4 -5 3 0 10 10 5 -19 -1 1 2 0 -6 -5 4 -2 -35 -16 26 7 -7 -2 6 6 4 -18 -14 0 38 17 14 10 6 1 -10 -18 -12
-3 -13 7 -2 -20 5 -6 -10 -11 -20 5 7 -7 12 -5 -14 7 -8 8 -25 12 -21 -4 9 15 -1 -30 -4 -5 3 0 10 10 5 -19 -1 1 2 0 -6 -5 4 -2 -35 -16 26 7 -7 -2 6 6 4 -18 -14 0 38 17 14 10 6 1 -10 -18 -12
-3 -13 7 -2 -20 5 -6 -10 -11 -20 5 7 -7 12 -5 -14 7 -8 8 -25 12 -21 -4 9 15 -1 -30 -4 -5 3 0 10 10 5 -19 -1 1 2 0 -6 -5 4 -2 -35 -16 26 7 -7 -2 6 6 4 -18 -14 0 38 17 14 10 6 1 -10 -18 -12
-3 -13 7 -2 -20 5 -6 -10 -11 -20 5 7 -7 12 -5 -14 7 -8 8 -25 12 -21 -4 9 15 -1 -30 -4 -5 3 0 10 10 5 -19 -1 1 2 0 -6 -5 4 -2 -35 -16 26 7 -7 -2 6 6 4 -18 -14 0 38 17 14 10 6 1 -10 -18 -12
-3 -13 7 -2 -20 5 -6 -10 -11 -20 5 7 -7 12 -5 -14 7 -8 8 -25 12 -21 -4 9 15 -1 -30 -4 -5 3 0 10 10 5 -19 -1 1 2 0 -6 -5 4 -2 -35 -16 26 7 -7 -2 6 6 4 -18 -14 0 38 17 14 10 6 1 -10 -18 -12
-3 -13 7 -2 -20 5 -6 -10 -11 -20 5 7 -7 12 -5 -14 7 -8 8 -25 12 -21 -4 9 15 -1 -30 -4 -5 3 0 10 10 5 -19 -1 1 2 0 -6 -5 4 -2 -35 -16 26 7 -7 -2 6 6 4 -18 -14 0 38 17 14 10 6 1 -10 -18 -12
-3 -13 7 -2 -20 5 -6 -10 -11 -20 5 7 -7 12 -5 -14 7 -8 8 -25 12 -21 -4 9 15 -1 -30 -4 -5 3 0 10 10 5 -19 -1 1 2 0 -6 -5 4 -2 -35 -16 26 7 -7 -2 6 6 4 -18 -14 0 38 17 14 10 6 1 -10 -18 -12
-3 -13 7 -2 -20 5 -6 -10 -11 -20 5 7 -7 12 -5 -14 7 -8 8 -25 12 -21 -4 9 15 -1 -30 -4 -5 3 0 10 10 5 -19 -1 1 2 0 -6 -5 4 -2 -35 -16 26 7 -7 -2 6 6 4 -18 -14 0 38 17 14 10 6 1 -10 -18 -12
-3 -13 7 -2 -20 5 -6 -10 -11 -20 5 7 -7 12 -5 -14 7 -8 8 -25 12 -21 -4 9 15 -1 -30 -4 -5 3 0 10 10 5 -19 -1 1 2 0 -6 -5 4 -2 -35 -16 26 7 -7 -2 6 6 4 -18 -14 0 38 17 14 10 6 1 -10 -18 -12
-3 -13 7 -2 -20 5 -6 -10 -11 -20 5 7 -7 12 -5 -14 7 -8 8 -25 12 -21 -4 9 15 -1 -30 -4 -5 3 0 10 10 5 -19 -1 1 2 0 -6 -5 4 -2 -35 -16 26 7 -7 -2 6 6 4 -18 -14 0 38 17 14 10 6 1 -10 -18 -12
-3 -13 7 -2 -20 5 -6 -10 -11 -20 5 7 -7 12 -5 -14 7 -8 8 -25 12 -21 -4 9 15 -1 -30 -4 -5 3 0 10 10 5 -19 -1 1 2 0 -6 -5 4 -2 -35 -16 26 7 -7 -2 6 6 4 -18 -14 0 38 17 14 10 6 1 -10 -18 -12
-3 -13 7 -2 -20 5 -6 -10 -11 -20 5 7 -7 12 -5 -14 7 -8 8 -25 12 -21 -4 9 15 -1 -30 -4 -5 3 0 10 10 5 -19 -1 1 2 0 -6 -5 4 -2 -35 -16 26 7 -7 -2 6 6 4 -18 -14 0 38 17 14 10 6 1 -10 -18 -12
-3 -13 7 -2 -20 5 -6 -10 -11 -20 5 7 -7 12 -5 -14 7 -8 8 -25 12 -21 -4 9 15 -1 -30 -4 -5 3 0 10 10 5 -19 -1 1 2 0 -6 -5 4 -2 -35 -16 26 7 -7 -2 6 6 4 -18 -14 0 38 17 14 10 6 1 -10 -18 -12
-3 -13 7 -2 -20 5 -6 -10 -11 -20 5 7 -7 12 -5 -14 7 -8 8 -25 12 -21 -4 9 15 -1 -30 -4 -5 3 0 10 10 5 -19 -1 1 2 0 -6 -5 4 -2 -35 -16 26 7 -7 -2 6 6 4 -18 -14 0 38 17 14 10 6 1 -10 -18 -12
-3 -13 7 -2 -20 5 -6 -10 -11 -20 5 7 -7 12 -5 -14 7 -8 8 -25 12 -21 -4 9 15 -1 -30 -4 -5 3 0 10 10 5 -19 -1 1 2 0 -6 -5 4 -2 -35 -16 26 7 -7 -2 6 6 4 -18 -14 0 38 17 14 10 6 1 -10 -18 -12
-3 -13 7 -2 -20 5 -6 -10 -11 -20 5 7 -7 12 -5 -14 7 -8 8 -25 12 -21 -4 9 15 -1 -30 -4 -5 3 0 10 10 5 -19 -1 1 2 0 -6 -5 4 -2 -35 -16 26 7 -7 -2 6 6 4 -18 -14 0 38 17 14 10 6 1 -10 -18 -12
-3 -13 7 -2 -20 5 -6 -10 -11 -20 5 7 -7 12 -5 -14 7 -8 8 -25 12 -21 -4 9 15 -1 -30 -4 -5 3 0 10 10 5 -19 -1 1 2 0 -6 -5 4 -2 -35 -16 26 7 -7 -2 6 6 4 -18 -14 0 38 17 14 10 6 1 -10 -18 -12
-3 -13 7 -2 -20 5 -6 -10 -11 -20 5 7 -7 12 -5 -14 7 -8 8 -25 12 -21 -4 9 15 -1 -30 -4 -5 3 0 10 10 5 -19 -1 1 2 0 -6 -5 4 -2 -35 -16 26 7 -7 -2 6 6 4 -18 -14 0 38 17 14 10 6 1 -10 -18 -12
-3 -13 7 -2 -20 5 -6 -10 -11 -20 5 7 -7 12 -5 -14 7 -8 8 -25 12 -21 -4 9 15 -1 -30 -4 -5 3 0 10 10 5 -19 -1 1 2 0 -6 -5 4 -2 -35 -16 26 7 -7 -2 6 6 4 -18 -14 0 38 17 14 10 6 1 -10 -18 -12
-3 -13 7 -2 -20 5 -6 -10 -11 -20 5 7 -7 12 -5 -14 7 -8 8 -25 12 -21 -4 9 15 -1 -30 -4 -5 3 0 10 10 5 -19 -1 1 2 0 -6 -5 4 -2 -35 -16 26 7 -7 -2 6 6 4 -18 -14 0 38 17 14 10 6 1 -10 -18 -12
-3 -13 7 -2 -20 5 -6 -10 -11 -20 5 7 -7 12 -5 -14 7 -8 8 -25 12 -21 -4 9 15 -1 -30 -4 -5 3 0 10 10 5 -19 -1 1 2 0 -6 -5 4 -2 -35 -16 26 7 -7 -2 6 6 4 -18 -14 0 38 17 14 10 6 1 -10 -18 -12
-3 -13 7 -2 -20 5 -6 -10 -11 -20 5 7 -7 12 -5 -14 7 -8 8 -25 12 -21 -4 9 15 -1 -30 -4 -5 3 0 10 10 5 -19 -1 1 2 0 -6 -5 4 -2 -35 -16 26 7 -7 -2 6 6 4 -18 -14 0 38 17 14 10 6 1 -10 -18 -12
-3 -13 7 -2 -20 5 -6 -10 -11 -20 5 7 -7 12 -5 -14 7 -8 8 -25 12 -21 -4 9 15 -1 -30 -4 -5 3 0 10 10 5 -19 -1 1 2 0 -6 -5 4 -2 -35 -16 26 7 -7 -2 6 6 4 -18 -14 0 38 17 14 10 6 1 -10 -18 -12
-3 -13 7 -2 -20 5 -6 -10 -11 -20 5 7 -7 12 -5 -14 7 -8 8 -25 12 -21 -4 9 15 -1 -30 -4 -5 3 0 10 10 5 -19 -1 1 2 0 -6 -5 4 -2 -35 -16 26 7 -7 -2 6 6 4 -18 -14 0 38 17 14 10 6 1 -10 -18 -12
-3 -13 7 -2 -20 5 -6 -10 -11 -20 5 7 -7 12 -5 -14 7 -8 8 -25 12 -21 -4 9 15 -1 -30 -4 -5 3 0 10 10 5 -19 -1 1 2 0 -6 -5 4 -2 -35 -16 26 7 -7 -2 6 6 4 -18 -14 0 38 17 14 10 6 1 -10 -18 -12
-3 -13 7 -2 -20 5 -6 -10 -11 -20 5 7 -7 12 -5 -14 7 -8 8 -25 12 -21 -4 9 15 -1 -30 -4 -5 3 0 10 10 5 -19 -1 1 2 0 -6 -5 4 -2 -35 -16 26 7 -7 -2 6 6 4 -18 -14 0 38 17 14 10 6 1 -10 -18 -12
-3 -13 7 -2 -20 5 -6 -10 -11 -20 5 7 -7 12 -5 -14 7 -8 8 -25 12 -21 -4 9 15 -1 -30 -4 -5 3 0 10 10 5 -19 -1 1 2 0 -6 -5 4 -2 -35 -16 26 7 -7 -2 6 6 4 -18 -14 0 38 17 14 10 6 1 -10 -18 -12
