-2 0 0 -1 -1 2 2 0 0 -3 1 -2 -1 -2 -1 -1 -1 0 0 2 -2 0 -2 0 2 -1 0 3 0 2 0 -1 1 -1 2 0 1 -3 0 0 2 2 -1 -1 -1 0 -1 1 -1 1 -2 -2 1 -2 0 -1 -1 -2 0 -1 -5 1 -1 1
-8 -1 1 -6 9 12 10 -3 -1 7 5 -3 18 0 -2 -23 -5 -8 -8 -3 -6 -8 -1 -1 2 -6 1 6 -15 0 -5 -9 11 14 1 5 20 -17 4 3 3 4 1 -2 -6 4 -5 -5 -2 4 -2 10 -7 0 -13 3 -1 -5 8 11 -56 -5 -4 -5
-12 -2 5 -21 10 -7 20 -9 0 3 -19 6 -1 -12 -11 -9 -7 -16 -1 -2 -2 -4 26 -16 12 -19 -1 -23 10 3 3 -4 16 -16 1 19 -2 -31 6 -21 0 6 13 8 -1 -14 -17 18 10 8 -6 0 7 -3 11 -1 -1 -13 -3 -1 -31 0 6 -24
-7 -4 12 3 6 3 3 3 29 2 -1 1 -14 -21 -7 -4 -3 2 -8 -3 6 -3 -1 8 5 4 -9 21 -8 11 3 14 5 -8 9 -6 2 -11 17 6 -7 14 -6 -2 -3 12 -3 13 4 6 2 2 -1 13 -6 3 1 7 1 -3 -49 -3 3 4
-12 -1 -24 -7 3 -32 16 4 -7 4 10 -5 4 -8 -8 26 -6 -1 6 -1 13 -4 4 -2 2 3 -21 5 -17 3 5 22 -7 -7 15 -11 -1 6 4 10 -9 8 -4 -7 -1 -16 -1 8 18 -3 2 3 7 11 -17 4 3 -13 -4 -6 -17 -7 -25 -17
-7 -8 -9 -6 11 -25 -9 0 2 20 12 4 19 20 -6 -8 6 -30 1 19 -8 -1 7 1 -7 -8 -7 -12 21 3 -11 2 9 -6 4 -2 -2 -21 19 -4 -6 4 -8 -8 -5 -14 -2 0 -2 -3 12 8 9 14 -31 9 9 -11 20 -8 8 -18 0 -1
-8 -7 -6 -16 -2 -40 1 -8 15 9 5 -14 6 2 9 31 -6 9 -5 -7 9 -14 -13 4 2 3 -22 -8 -8 -7 0 5 -7 15 8 1 -20 12 10 1 -4 5 -1 -5 -2 3 6 18 2 10 11 0 -9 12 -18 -1 8 -13 4 -6 -2 10 -10 -2
-15 4 -14 -16 1 -24 0 -9 -6 2 17 3 -11 0 10 26 -3 3 -9 13 -10 -14 3 9 8 -8 22 1 1 -14 3 3 -2 -2 5 23 -3 4 3 5 -5 8 -4 -9 1 -10 -7 -2 4 12 18 0 -1 11 -30 -6 4 -10 1 12 -3 -13 -14 0
-2 0 -30 1 -1 -21 -5 7 -4 -9 7 -4 -6 -11 6 -6 -3 -1 -4 -24 2 2 10 12 3 -4 -16 -15 3 2 16 -1 6 -4 -7 15 8 -9 -1 3 9 19 4 0 -9 -7 -2 8 22 30 -6 0 -5 -2 16 -20 1 -11 -2 -5 -30 -14 1 5
1 6 -13 -11 -7 -14 -10 -7 -20 1 -24 11 -9 0 6 11 -3 13 -12 -2 -9 -4 -14 3 -14 8 -13 4 -12 8 -3 5 -17 -5 -3 8 -3 4 0 -9 5 9 4 -12 -6 8 10 10 -4 14 11 -30 12 -8 -13 -10 0 9 -8 -18 -22 3 14 9
5 11 -6 -5 7 1 -3 -17 4 -6 0 17 6 7 0 -21 -9 5 10 0 -26 16 16 -8 2 9 -3 -12 5 6 2 -8 -14 33 1 25 3 2 7 4 7 17 -3 14 -7 -2 -10 12 -21 -2 26 20 14 -10 5 -7 -2 -2 -2 -29 -21 -28 -8 -3
10 2 -14 -1 -5 -31 -11 -13 0 1 -7 13 6 -5 3 8 0 -10 4 18 -1 -4 6 -18 -7 -5 -12 -20 12 3 -9 -10 2 11 -7 8 19 -21 -6 1 5 1 -7 -2 7 7 4 -1 0 7 -5 5 11 8 5 2 -5 13 6 -11 -7 -19 5 0
0 -3 17 5 7 -2 5 6 28 6 1 4 -14 -28 -12 1 0 9 -13 -1 8 -1 -2 7 3 5 -13 17 -17 14 3 11 -3 -5 12 -8 5 -8 13 6 -6 13 -3 5 -13 14 1 8 5 6 7 -7 -14 12 -6 -2 6 9 2 0 -43 -3 7 10
2 1 -5 -5 -13 -20 16 -7 -2 -5 13 -6 -7 -3 -1 12 -17 3 -12 -2 -24 -21 18 11 1 4 14 1 -1 -2 13 6 15 2 13 22 3 -15 -5 -7 5 14 -19 -14 -14 -17 -8 2 -2 -1 -1 -2 -1 0 -20 -9 3 4 18 5 -4 4 -1 -13
2 0 -11 -8 -4 -18 -8 3 -20 0 -22 19 -12 -7 12 0 -11 13 -16 0 -1 -6 -13 2 -15 11 -17 1 -11 7 -7 1 -16 -5 1 8 -3 4 0 -9 4 11 0 -5 -16 4 5 9 -1 13 3 -23 1 -9 -13 -18 -6 7 -5 -13 -20 -3 2 8
-7 3 -25 -1 6 4 3 -22 20 -4 -11 14 2 4 -1 3 -4 2 7 -16 -12 26 -1 1 -10 18 -13 -2 6 4 9 5 -7 10 -7 24 -1 -14 -2 2 -3 2 -8 4 -8 -11 -15 -1 -7 9 3 -5 -1 -22 -11 -3 -12 3 -3 -6 -16 -5 -24 10
-1 -22 -24 8 -14 -39 -16 11 8 -12 -3 -7 -8 -36 -24 2 -13 14 -40 -1 -11 14 -27 2 -1 8 -6 0 -26 -4 -1 -1 3 -15 17 2 -15 17 6 9 -1 10 13 3 -2 -2 -9 -19 -14 7 1 -13 4 -3 -21 -3 -5 -5 -18 0 -1 -25 -12 -13
-18 -15 10 5 1 -25 5 1 -12 -9 9 -4 9 14 -3 10 -4 22 -18 13 30 9 1 -21 -15 -6 0 2 5 20 -40 -4 -8 -16 -9 0 -8 -6 5 18 1 44 -17 1 -1 -8 -2 -7 11 -6 -6 -28 -8 15 -2 -28 -4 2 8 -19 -10 -2 -5 4
8 -18 16 11 10 -33 -13 8 17 -6 -11 6 0 8 -3 6 3 0 -9 14 -11 6 -1 -6 -9 11 1 -9 3 4 -20 -6 6 -5 -8 -10 2 5 15 4 -14 25 -8 1 13 -10 -2 -34 -21 -2 -9 20 24 7 -22 -9 -23 -2 6 -18 6 0 -20 -11
4 1 -15 -7 -2 -35 -5 2 4 -3 -10 -17 14 -6 -15 22 5 5 -23 4 -2 -10 11 5 -16 1 -3 -4 -8 -1 -9 14 11 -19 -12 -7 7 0 12 2 -9 4 0 8 20 12 3 -2 -9 2 5 4 2 -2 -17 -2 -5 0 -5 2 -8 -9 -25 0
3 -23 -2 -7 6 -24 -9 2 -3 11 10 9 -4 -9 -15 5 4 5 -21 15 -7 -10 15 17 -26 -7 12 -6 11 -9 1 -16 16 3 4 -1 3 -8 17 -5 -12 -7 6 -17 0 -4 -12 5 -12 11 6 -4 6 -3 -21 -16 -1 4 -5 -12 -6 -2 8 7
-5 3 4 -5 -12 -20 -7 3 -16 -7 -4 -7 -6 17 -3 -1 -16 -1 3 15 -6 -10 -4 14 -14 7 -4 -23 -2 -6 10 -14 4 -2 0 0 -12 7 20 -13 15 -4 9 16 -15 -11 5 8 -8 3 2 -10 -9 -16 7 -10 2 10 -6 1 -23 -3 1 9
2 -2 -5 0 -12 26 1 2 -14 8 4 -5 -1 9 -4 8 -10 2 6 5 1 7 -3 5 -8 -17 -3 -21 -1 -4 2 -5 -1 -12 2 -3 -1 2 -3 -7 -9 7 0 -1 -2 -1 -1 4 -3 -7 2 -4 -5 3 3 7 4 -5 6 1 -63 -3 4 -4
10 0 -11 0 -18 13 -2 -3 -7 9 0 -7 7 15 -8 21 5 3 9 -1 4 8 -4 9 -5 -16 -6 -25 1 3 8 -1 -3 -11 1 -12 6 -8 -8 0 -12 1 -3 -8 -3 7 -2 1 -2 2 0 -5 -10 10 5 11 1 0 3 0 -51 7 -2 2
17 -8 7 2 12 14 1 -9 -7 -1 12 -8 0 15 -1 -3 -12 -2 -6 -7 15 -1 5 0 -4 2 -11 -18 10 -5 -2 -9 -6 -11 -4 -5 0 15 6 4 -13 4 0 6 1 3 3 8 9 25 13 -4 2 -1 -6 -11 3 6 -2 -7 -42 12 15 -4
6 7 6 12 -3 10 -5 0 13 7 -10 2 -9 -14 -2 -23 3 -10 0 9 -2 5 2 2 -8 5 -16 9 -18 9 3 6 6 3 -9 -6 3 3 10 -4 10 6 5 -4 2 24 -4 2 19 -3 -2 -4 -2 6 -17 20 10 2 1 1 -56 -1 15 5
-11 -2 -26 -6 0 -37 22 3 -11 3 10 -7 7 -8 -9 26 -3 -1 7 -2 17 -9 7 -3 1 4 -21 5 -18 1 2 21 -5 -11 13 -11 -6 5 7 13 -10 8 -5 -6 -6 -18 2 9 18 -3 4 2 5 10 -18 3 6 -15 2 -5 -16 -6 -23 -17
-6 -6 -7 -6 13 -32 -9 4 2 20 10 5 22 21 -1 -10 6 -31 4 20 -5 -1 4 -5 -7 -6 -9 -11 22 4 -10 4 8 -1 5 -12 0 -18 22 -1 -8 5 -7 -10 -6 -11 -2 -1 1 -1 11 6 6 11 -28 7 9 -16 19 -8 13 -22 2 -5
-8 -8 -6 -20 -3 -45 5 -11 11 9 3 -15 5 4 8 31 -5 11 -7 -4 9 -14 -11 7 2 4 -21 -6 -12 -6 1 4 -3 16 7 0 -20 13 6 2 -2 3 0 -3 -1 6 6 17 4 14 5 2 -12 13 -18 3 8 -12 2 -11 1 7 -3 0
-10 4 -10 -20 1 -23 -4 -10 -5 1 16 -1 -13 3 8 30 1 3 -7 14 -15 -13 4 11 7 -6 19 2 -1 -11 5 0 -3 3 5 23 -10 3 3 4 -2 9 -7 -12 -6 -11 -5 -5 8 11 20 0 -2 7 -32 -7 -1 -7 0 10 -2 -14 -12 -1
-5 -7 -23 1 -3 -18 -7 2 -2 -9 9 -3 -6 -9 6 6 7 -3 -2 -24 7 -4 6 5 8 1 -14 -16 3 -3 11 2 7 -4 -4 7 -10 -15 -1 -12 6 18 0 1 -14 -8 2 5 24 36 -16 2 -3 -2 22 -23 -7 -10 -8 2 -33 -11 -5 7
6 7 -4 1 6 -19 -13 -15 1 0 -5 4 8 -3 -7 -13 13 1 8 -15 -7 6 -3 21 20 10 -15 -36 -4 -11 -17 8 -18 36 1 17 -8 -15 5 28 4 12 -5 5 -2 -6 -4 12 -15 -3 14 6 -6 10 10 -12 3 -23 -9 -13 -15 -15 12 -10
13 1 -14 0 -2 -24 -11 -15 -5 -2 -7 8 6 -3 3 7 1 -7 6 10 -1 -5 10 -18 -6 -6 -18 -20 12 2 -12 -6 -1 11 -4 6 19 -25 -11 -1 3 5 -5 -1 7 7 5 0 4 8 -9 2 10 6 0 6 -10 14 5 -8 -11 -15 6 0
7 -3 18 21 15 5 2 -3 20 10 6 13 -14 -27 -9 6 -6 -1 0 -4 6 8 -3 13 5 8 -14 18 -1 5 -4 10 0 -2 20 2 -2 -13 11 10 -7 -5 0 4 -21 1 14 5 3 14 13 -5 -7 6 -14 -3 -15 4 1 6 -42 -2 5 5
-3 -22 -21 5 -18 -42 -13 6 10 -8 -3 -8 -6 -27 -24 2 -15 8 -35 1 -3 11 -27 5 3 7 -9 4 -26 1 -2 0 1 -14 16 4 -10 18 4 14 0 13 15 7 -2 0 -5 -18 -14 6 2 -9 2 -2 -21 3 -4 -5 -18 -3 -3 -22 -13 -13
-17 -16 8 2 1 -23 6 -1 -13 -6 11 -3 11 14 -5 10 -2 21 -18 12 31 9 5 -25 -18 -6 -4 1 5 23 -44 -4 -6 -15 -9 3 -8 -7 5 15 3 43 -18 1 0 -8 0 -9 10 -4 -5 -27 -10 15 -5 -26 -3 -1 7 -17 -11 -3 -6 8
6 -14 15 11 11 -35 -11 6 17 -3 -8 3 4 12 3 8 8 2 -8 12 -10 8 2 -8 -8 7 0 -7 -1 9 -16 -10 7 -1 -4 -12 3 2 11 -5 -16 28 -10 6 14 -10 2 -39 -20 2 -11 19 27 6 -21 -8 -25 -5 6 -19 7 -1 -21 -15
4 1 -15 -4 -1 -36 -5 1 2 0 -9 -19 16 -8 -20 22 7 6 -21 -3 -1 -11 8 7 -14 0 -4 -1 -14 1 -10 14 9 -17 -10 -7 6 3 15 8 -7 4 -2 6 20 14 1 -6 -13 3 3 3 -1 1 -19 -4 -8 -2 -5 2 -9 -6 -26 0
3 -22 0 -9 5 -22 -6 3 -6 11 7 11 -6 -10 -16 2 6 8 -12 12 -4 -13 17 13 -25 -9 13 -3 6 -11 0 -16 15 1 1 -1 0 -7 14 -3 -14 -9 4 -18 -2 -3 -11 1 -10 13 7 -5 3 -3 -20 -16 1 5 -4 -15 -6 -2 7 8
-4 3 6 -5 -13 -22 -8 1 -18 -9 -4 -5 -7 18 -2 -5 -16 -2 2 15 -2 -10 -3 16 -16 5 -2 -22 -5 -3 11 -12 4 -2 3 2 -11 9 19 -12 16 -4 7 12 -13 -10 8 8 -7 1 8 -11 -12 -16 6 -11 1 7 -3 1 -20 1 3 9
2 -1 -5 2 -13 30 -2 0 -14 7 4 -4 -1 9 -3 9 -7 -3 5 7 3 4 -6 1 -5 -22 -11 -19 -2 -2 2 -5 0 -9 1 -1 -2 6 -4 -6 -6 7 3 -4 4 1 -4 4 -2 -6 -4 -8 -4 9 3 9 4 -3 3 -2 -68 -4 4 -1
19 8 -9 19 6 -38 8 -25 -4 19 -26 10 8 22 9 -35 15 -20 15 5 -3 -9 -15 2 -12 -18 -25 4 2 -6 11 -20 13 2 -17 -17 -12 37 14 -17 38 -23 21 -14 -29 23 12 -23 3 9 1 -9 -1 -15 20 35 12 6 -4 -8 -22 3 8 23
19 8 -9 19 6 -38 8 -25 -4 19 -26 10 8 22 9 -35 15 -20 15 5 -3 -9 -15 2 -12 -18 -25 4 2 -6 11 -20 13 2 -17 -17 -12 37 14 -17 38 -23 21 -14 -29 23 12 -23 3 9 1 -9 -1 -15 20 35 12 6 -4 -8 -22 3 8 23
19 8 -9 19 6 -38 8 -25 -4 19 -26 10 8 22 9 -35 15 -20 15 5 -3 -9 -15 2 -12 -18 -25 4 2 -6 11 -20 13 2 -17 -17 -12 37 14 -17 38 -23 21 -14 -29 23 12 -23 3 9 1 -9 -1 -15 20 35 12 6 -4 -8 -22 3 8 23
19 8 -9 19 6 -38 8 -25 -4 19 -26 10 8 22 9 -35 15 -20 15 5 -3 -9 -15 2 -12 -18 -25 4 2 -6 11 -20 13 2 -17 -17 -12 37 14 -17 38 -23 21 -14 -29 23 12 -23 3 9 1 -9 -1 -15 20 35 12 6 -4 -8 -22 3 8 23
19 8 -9 19 6 -38 8 -25 -4 19 -26 10 8 22 9 -35 15 -20 15 5 -3 -9 -15 2 -12 -18 -25 4 2 -6 11 -20 13 2 -17 -17 -12 37 14 -17 38 -23 21 -14 -29 23 12 -23 3 9 1 -9 -1 -15 20 35 12 6 -4 -8 -22 3 8 23
19 8 -9 19 6 -38 8 -25 -4 19 -26 10 8 22 9 -35 15 -20 15 5 -3 -9 -15 2 -12 -18 -25 4 2 -6 11 -20 13 2 -17 -17 -12 37 14 -17 38 -23 21 -14 -29 23 12 -23 3 9 1 -9 -1 -15 20 35 12 6 -4 -8 -22 3 8 23
19 8 -9 19 6 -38 8 -25 -4 19 -26 10 8 22 9 -35 15 -20 15 5 -3 -9 -15 2 -12 -18 -25 4 2 -6 11 -20 13 2 -17 -17 -12 37 14 -17 38 -23 21 -14 -29 23 12 -23 3 9 1 -9 -1 -15 20 35 12 6 -4 -8 -22 3 8 23
19 8 -9 19 6 -38 8 -25 -4 19 -26 10 8 22 9 -35 15 -20 15 5 -3 -9 -15 2 -12 -18 -25 4 2 -6 11 -20 13 2 -17 -17 -12 37 14 -17 38 -23 21 -14 -29 23 12 -23 3 9 1 -9 -1 -15 20 35 12 6 -4 -8 -22 3 8 23
19 8 -9 19 6 -38 8 -25 -4 19 -26 10 8 22 9 -35 15 -20 15 5 -3 -9 -15 2 -12 -18 -25 4 2 -6 11 -20 13 2 -17 -17 -12 37 14 -17 38 -23 21 -14 -29 23 12 -23 3 9 1 -9 -1 -15 20 35 12 6 -4 -8 -22 3 8 23
19 8 -9 19 6 -38 8 -25 -4 19 -26 10 8 22 9 -35 15 -20 15 5 -3 -9 -15 2 -12 -18 -25 4 2 -6 11 -20 13 2 -17 -17 -12 37 14 -17 38 -23 21 -14 -29 23 12 -23 3 9 1 -9 -1 -15 20 35 12 6 -4 -8 -22 3 8 23
19 8 -9 19 6 -38 8 -25 -4 19 -26 10 8 22 9 -35 15 -20 15 5 -3 -9 -15 2 -12 -18 -25 4 2 -6 11 -20 13 2 -17 -17 -12 37 14 -17 38 -23 21 -14 -29 23 12 -23 3 9 1 -9 -1 -15 20 35 12 6 -4 -8 -22 3 8 23
19 8 -9 19 6 -38 8 -25 -4 19 -26 10 8 22 9 -35 15 -20 15 5 -3 -9 -15 2 -12 -18 -25 4 2 -6 11 -20 13 2 -17 -17 -12 37 14 -17 38 -23 21 -14 -29 23 12 -23 3 9 1 -9 -1 -15 20 35 12 6 -4 -8 -22 3 8 23
19 8 -9 19 6 -38 8 -25 -4 19 -26 10 8 22 9 -35 15 -20 15 5 -3 -9 -15 2 -12 -18 -25 4 2 -6 11 -20 13 2 -17 -17 -12 37 14 -17 38 -23 21 -14 -29 23 12 -23 3 9 1 -9 -1 -15 20 35 12 6 -4 -8 -22 3 8 23
19 8 -9 19 6 -38 8 -25 -4 19 -26 10 8 22 9 -35 15 -20 15 5 -3 -9 -15 2 -12 -18 -25 4 2 -6 11 -20 13 2 -17 -17 -12 37 14 -17 38 -23 21 -14 -29 23 12 -23 3 9 1 -9 -1 -15 20 35 12 6 -4 -8 -22 3 8 23
19 8 -9 19 6 -38 8 -25 -4 19 -26 10 8 22 9 -35 15 -20 15 5 -3 -9 -15 2 -12 -18 -25 4 2 -6 11 -20 13 2 -17 -17 -12 37 14 -17 38 -23 21 -14 -29 23 12 -23 3 9 1 -9 -1 -15 20 35 12 6 -4 -8 -22 3 8 23
19 8 -9 19 6 -38 8 -25 -4 19 -26 10 8 22 9 -35 15 -20 15 5 -3 -9 -15 2 -12 -18 -25 4 2 -6 11 -20 13 2 -17 -17 -12 37 14 -17 38 -23 21 -14 -29 23 12 -23 3 9 1 -9 -1 -15 20 35 12 6 -4 -8 -22 3 8 23
19 8 -9 19 6 -38 8 -25 -4 19 -26 10 8 22 9 -35 15 -20 15 5 -3 -9 -15 2 -12 -18 -25 4 2 -6 11 -20 13 2 -17 -17 -12 37 14 -17 38 -23 21 -14 -29 23 12 -23 3 9 1 -9 -1 -15 20 35 12 6 -4 -8 -22 3 8 23
19 8 -9 19 6 -38 8 -25 -4 19 -26 10 8 22 9 -35 15 -20 15 5 -3 -9 -15 2 -12 -18 -25 4 2 -6 11 -20 13 2 -17 -17 -12 37 14 -17 38 -23 21 -14 -29 23 12 -23 3 9 1 -9 -1 -15 20 35 12 6 -4 -8 -22 3 8 23
19 8 -9 19 6 -38 8 -25 -4 19 -26 10 8 22 9 -35 15 -20 15 5 -3 -9 -15 2 -12 -18 -25 4 2 -6 11 -20 13 2 -17 -17 -12 37 14 -17 38 -23 21 -14 -29 23 12 -23 3 9 1 -9 -1 -15 20 35 12 6 -4 -8 -22 3 8 23
19 8 -9 19 6 -38 8 -25 -4 19 -26 10 8 22 9 -35 15 -20 15 5 -3 -9 -15 2 -12 -18 -25 4 2 -6 11 -20 13 2 -17 -17 -12 37 14 -17 38 -23 21 -14 -29 23 12 -23 3 9 1 -9 -1 -15 20 35 12 6 -4 -8 -22 3 8 23
19 8 -9 19 6 -38 8 -25 -4 19 -26 10 8 22 9 -35 15 -20 15 5 -3 -9 -15 2 -12 -18 -25 4 2 -6 11 -20 13 2 -17 -17 -12 37 14 -17 38 -23 21 -14 -29 23 12 -23 3 9 1 -9 -1 -15 20 35 12 6 -4 -8 -22 3 8 23
19 8 -9 19 6 -38 8 -25 -4 19 -26 10 8 22 9 -35 15 -20 15 5 -3 -9 -15 2 -12 -18 -25 4 2 -6 11 -20 13 2 -17 -17 -12 37 14 -17 38 -23 21 -14 -29 23 12 -23 3 9 1 -9 -1 -15 20 35 12 6 -4 -8 -22 3 8 23
19 8 -9 19 6 -38 8 -25 -4 19 -26 10 8 22 9 -35 15 -20 15 5 -3 -9 -15 2 -12 -18 -25 4 2 -6 11 -20 13 2 -17 -17 -12 37 14 -17 38 -23 21 -14 -29 23 12 -23 3 9 1 -9 -1 -15 20 35 12 6 -4 -8 -22 3 8 23
19 8 -9 19 6 -38 8 -25 -4 19 -26 10 8 22 9 -35 15 -20 15 5 -3 -9 -15 2 -12 -18 -25 4 2 -6 11 -20 13 2 -17 -17 -12 37 14 -17 38 -23 21 -14 -29 23 12 -23 3 9 1 -9 -1 -15 20 35 12 6 -4 -8 -22 3 8 23
19 8 -9 19 6 -38 8 -25 -4 19 -26 10 8 22 9 -35 15 -20 15 5 -3 -9 -15 2 -12 -18 -25 4 2 -6 11 -20 13 2 -17 -17 -12 37 14 -17 38 -23 21 -14 -29 23 12 -23 3 9 1 -9 -1 -15 20 35 12 6 -4 -8 -22 3 8 23
19 8 -9 19 6 -38 8 -25 -4 19 -26 10 8 22 9 -35 15 -20 15 5 -3 -9 -15 2 -12 -18 -25 4 2 -6 11 -20 13 2 -17 -17 -12 37 14 -17 38 -23 21 -14 -29 23 12 -23 3 9 1 -9 -1 -15 20 35 12 6 -4 -8 -22 3 8 23
19 8 -9 19 6 -38 8 -25 -4 19 -26 10 8 22 9 -35 15 -20 15 5 -3 -9 -15 2 -12 -18 -25 4 2 -6 11 -20 13 2 -17 -17 -12 37 14 -17 38 -23 21 -14 -29 23 12 -23 3 9 1 -9 -1 -15 20 35 12 6 -4 -8 -22 3 8 23
19 8 -9 19 6 -38 8 -25 -4 19 -26 10 8 22 9 -35 15 -20 15 5 -3 -9 -15 2 -12 -18 -25 4 2 -6 11 -20 13 2 -17 -17 -12 37 14 -17 38 -23 21 -14 -29 23 12 -23 3 9 1 -9 -1 -15 20 35 12 6 -4 -8 -22 3 8 23
19 8 -9 19 6 -38 8 -25 -4 19 -26 10 8 22 9 -35 15 -20 15 5 -3 -9 -15 2 -12 -18 -25 4 2 -6 11 -20 13 2 -17 -17 -12 37 14 -17 38 -23 21 -14 -29 23 12 -23 3 9 1 -9 -1 -15 20 35 12 6 -4 -8 -22 3 8 23
19 8 -9 19 6 -38 8 -25 -4 19 -26 10 8 22 9 -35 15 -20 15 5 -3 -9 -15 2 -12 -18 -25 4 2 -6 11 -20 13 2 -17 -17 -12 37 14 -17 38 -23 21 -14 -29 23 12 -23 3 9 1 -9 -1 -15 20 35 12 6 -4 -8 -22 3 8 23
19 8 -9 19 6 -38 8 -25 -4 19 -26 10 8 22 9 -35 15 -20 15 5 -3 -9 -15 2 -12 -18 -25 4 2 -6 11 -20 13 2 -17 -17 -12 37 14 -17 38 -23 21 -14 -29 23 12 -23 3 9 1 -9 -1 -15 20 35 12 6 -4 -8 -22 3 8 23
19 8 -9 19 6 -38 8 -25 -4 19 -26 10 8 22 9 -35 15 -20 15 5 -3 -9 -15 2 -12 -18 -25 4 2 -6 11 -20 13 2 -17 -17 -12 37 14 -17 38 -23 21 -14 -29 23 12 -23 3 9 1 -9 -1 -15 20 35 12 6 -4 -8 -22 3 8 23
19 8 -9 19 6 -38 8 -25 -4 19 -26 10 8 22 9 -35 15 -20 15 5 -3 -9 -15 2 -12 -18 -25 4 2 -6 11 -20 13 2 -17 -17 -12 37 14 -17 38 -23 21 -14 -29 23 12 -23 3 9 1 -9 -1 -15 20 35 12 6 -4 -8 -22 3 8 23
19 8 -9 19 6 -38 8 -25 -4 19 -26 10 8 22 9 -35 15 -20 15 5 -3 -9 -15 2 -12 -18 -25 4 2 -6 11 -20 13 2 -17 -17 -12 37 14 -17 38 -23 21 -14 -29 23 12 -23 3 9 1 -9 -1 -15 20 35 12 6 -4 -8 -22 3 8 23
19 8 -9 19 6 -38 8 -25 -4 19 -26 10 8 22 9 -35 15 -20 15 5 -3 -9 -15 2 -12 -18 -25 4 2 -6 11 -20 13 2 -17 -17 -12 37 14 -17 38 -23 21 -14 -29 23 12 -23 3 9 1 -9 -1 -15 20 35 12 6 -4 -8 -22 3 8 23
19 8 -9 19 6 -38 8 -25 -4 19 -26 10 8 22 9 -35 15 -20 15 5 -3 -9 -15 2 -12 -18 -25 4 2 -6 11 -20 13 2 -17 -17 -12 37 14 -17 38 -23 21 -14 -29 23 12 -23 3 9 1 -9 -1 -15 20 35 12 6 -4 -8 -22 3 8 23
19 8 -9 19 6 -38 8 -25 -4 19 -26 10 8 22 9 -35 15 -20 15 5 -3 -9 -15 2 -12 -18 -25 4 2 -6 11 -20 13 2 -17 -17 -12 37 14 -17 38 -23 21 -14 -29 23 12 -23 3 9 1 -9 -1 -15 20 35 12 6 -4 -8 -22 3 8 23
19 8 -9 19 6 -38 8 -25 -4 19 -26 10 8 22 9 -35 15 -20 15 5 -3 -9 -15 2 -12 -18 -25 4 2 -6 11 -20 13 2 -17 -17 -12 37 14 -17 38 -23 21 -14 -29 23 12 -23 3 9 1 -9 -1 -15 20 35 12 6 -4 -8 -22 3 8 23
19 8 -9 19 6 -38 8 -25 -4 19 -26 10 8 22 9 -35 15 -20 15 5 -3 -9 -15 2 -12 -18 -25 4 2 -6 11 -20 13 2 -17 -17 -12 37 14 -17 38 -23 21 -14 -29 23 12 -23 3 9 1 -9 -1 -15 20 35 12 6 -4 -8 -22 3 8 23
19 8 -9 19 6 -38 8 -25 -4 19 -26 10 8 22 9 -35 15 -20 15 5 -3 -9 -15 2 -12 -18 -25 4 2 -6 11 -20 13 2 -17 -17 -12 37 14 -17 38 -23 21 -14 -29 23 12 -23 3 9 1 -9 -1 -15 20 35 12 6 -4 -8 -22 3 8 23
19 8 -9 19 6 -38 8 -25 -4 19 -26 10 8 22 9 -35 15 -20 15 5 -3 -9 -15 2 -12 -18 -25 4 2 -6 11 -20 13 2 -17 -17 -12 37 14 -17 38 -23 21 -14 -29 23 12 -23 3 9 1 -9 -1 -15 20 35 12 6 -4 -8 -22 3 8 23
19 8 -9 19 6 -38 8 -25 -4 19 -26 10 8 22 9 -35 15 -20 15 5 -3 -9 -15 2 -12 -18 -25 4 2 -6 11 -20 13 2 -17 -17 -12 37 14 -17 38 -23 21 -14 -29 23 12 -23 3 9 1 -9 -1 -15 20 35 12 6 -4 -8 -22 3 8 23
19 8 -9 19 6 -38 8 -25 -4 19 -26 10 8 22 9 -35 15 -20 15 5 -3 -9 -15 2 -12 -18 -25 4 2 -6 11 -20 13 2 -17 -17 -12 37 14 -17 38 -23 21 -14 -29 23 12 -23 3 9 1 -9 -1 -15 20 35 12 6 -4 -8 -22 3 8 23
19 8 -9 19 6 -38 8 -25 -4 19 -26 10 8 22 9 -35 15 -20 15 5 -3 -9 -15 2 -12 -18 -25 4 2 -6 11 -20 13 2 -17 -17 -12 37 14 -17 38 -23 21 -14 -29 23 12 -23 3 9 1 -9 -1 -15 20 35 12 6 -4 -8 -22 3 8 23
19 8 -9 19 6 -38 8 -25 -4 19 -26 10 8 22 9 -35 15 -20 15 5 -3 -9 -15 2 -12 -18 -25 4 2 -6 11 -20 13 2 -17 -17 -12 37 14 -17 38 -23 21 -14 -29 23 12 -23 3 9 1 -9 -1 -15 20 35 12 6 -4 -8 -22 3 8 23
19 8 -9 19 6 -38 8 -25 -4 19 -26 10 8 22 9 -35 15 -20 15 5 -3 -9 -15 2 -12 -18 -25 4 2 -6 11 -20 13 2 -17 -17 -12 37 14 -17 38 -23 21 -14 -29 23 12 -23 3 9 1 -9 -1 -15 20 35 12 6 -4 -8 -22 3 8 23
19 8 -9 19 6 -38 8 -25 -4 19 -26 10 8 22 9 -35 15 -20 15 5 -3 -9 -15 2 -12 -18 -25 4 2 -6 11 -20 13 2 -17 -17 -12 37 14 -17 38 -23 21 -14 -29 23 12 -23 3 9 1 -9 -1 -15 20 35 12 6 -4 -8 -22 3 8 23
19 8 -9 19 6 -38 8 -25 -4 19 -26 10 8 22 9 -35 15 -20 15 5 -3 -9 -15 2 -12 -18 -25 4 2 -6 11 -20 13 2 -17 -17 -12 37 14 -17 38 -23 21 -14 -29 23 12 -23 3 9 1 -9 -1 -15 20 35 12 6 -4 -8 -22 3 8 23
19 8 -9 19 6 -38 8 -25 -4 19 -26 10 8 22 9 -35 15 -20 15 5 -3 -9 -15 2 -12 -18 -25 4 2 -6 11 -20 13 2 -17 -17 -12 37 14 -17 38 -23 21 -14 -29 23 12 -23 3 9 1 -9 -1 -15 20 35 12 6 -4 -8 -22 3 8 23
19 8 -9 19 6 -38 8 -25 -4 19 -26 10 8 22 9 -35 15 -20 15 5 -3 -9 -15 2 -12 -18 -25 4 2 -6 11 -20 13 2 -17 -17 -12 37 14 -17 38 -23 21 -14 -29 23 12 -23 3 9 1 -9 -1 -15 20 35 12 6 -4 -8 -22 3 8 23
19 8 -9 19 6 -38 8 -25 -4 19 -26 10 8 22 9 -35 15 -20 15 5 -3 -9 -15 2 -12 -18 -25 4 2 -6 11 -20 13 2 -17 -17 -12 37 14 -17 38 -23 21 -14 -29 23 12 -23 3 9 1 -9 -1 -15 20 35 12 6 -4 -8 -22 3 8 23
19 8 -9 19 6 -38 8 -25 -4 19 -26 10 8 22 9 -35 15 -20 15 5 -3 -9 -15 2 -12 -18 -25 4 2 -6 11 -20 13 2 -17 -17 -12 37 14 -17 38 -23 21 -14 -29 23 12 -23 3 9 1 -9 -1 -15 20 35 12 6 -4 -8 -22 3 8 23
19 8 -9 19 6 -38 8 -25 -4 19 -26 10 8 22 9 -35 15 -20 15 5 -3 -9 -15 2 -12 -18 -25 4 2 -6 11 -20 13 2 -17 -17 -12 37 14 -17 38 -23 21 -14 -29 23 12 -23 3 9 1 -9 -1 -15 20 35 12 6 -4 -8 -22 3 8 23
19 8 -9 19 6 -38 8 -25 -4 19 -26 10 8 22 9 -35 15 -20 15 5 -3 -9 -15 2 -12 -18 -25 4 2 -6 11 -20 13 2 -17 -17 -12 37 14 -17 38 -23 21 -14 -29 23 12 -23 3 9 1 -9 -1 -15 20 35 12 6 -4 -8 -22 3 8 23
19 8 -9 19 6 -38 8 -25 -4 19 -26 10 8 22 9 -35 15 -20 15 5 -3 -9 -15 2 -12 -18 -25 4 2 -6 11 -20 13 2 -17 -17 -12 37 14 -17 38 -23 21 -14 -29 23 12 -23 3 9 1 -9 -1 -15 20 35 12 6 -4 -8 -22 3 8 23
19 8 -9 19 6 -38 8 -25 -4 19 -26 10 8 22 9 -35 15 -20 15 5 -3 -9 -15 2 -12 -18 -25 4 2 -6 11 -20 13 2 -17 -17 -12 37 14 -17 38 -23 21 -14 -29 23 12 -23 3 9 1 -9 -1 -15 20 35 12 6 -4 -8 -22 3 8 23
19 8 -9 19 6 -38 8 -25 -4 19 -26 10 8 22 9 -35 15 -20 15 5 -3 -9 -15 2 -12 -18 -25 4 2 -6 11 -20 13 2 -17 -17 -12 37 14 -17 38 -23 21 -14 -29 23 12 -23 3 9 1 -9 -1 -15 20 35 12 6 -4 -8 -22 3 8 23
19 8 -9 19 6 -38 8 -25 -4 19 -26 10 8 22 9 -35 15 -20 15 5 -3 -9 -15 2 -12 -18 -25 4 2 -6 11 -20 13 2 -17 -17 -12 37 14 -17 38 -23 21 -14 -29 23 12 -23 3 9 1 -9 -1 -15 20 35 12 6 -4 -8 -22 3 8 23
19 8 -9 19 6 -38 8 -25 -4 19 -26 10 8 22 9 -35 15 -20 15 5 -3 -9 -15 2 -12 -18 -25 4 2 -6 11 -20 13 2 -17 -17 -12 37 14 -17 38 -23 21 -14 -29 23 12 -23 3 9 1 -9 -1 -15 20 35 12 6 -4 -8 -22 3 8 23
19 8 -9 19 6 -38 8 -25 -4 19 -26 10 8 22 9 -35 15 -20 15 5 -3 -9 -15 2 -12 -18 -25 4 2 -6 11 -20 13 2 -17 -17 -12 37 14 -17 38 -23 21 -14 -29 23 12 -23 3 9 1 -9 -1 -15 20 35 12 6 -4 -8 -22 3 8 23
19 8 -9 19 6 -38 8 -25 -4 19 -26 10 8 22 9 -35 15 -20 15 5 -3 -9 -15 2 -12 -18 -25 4 2 -6 11 -20 13 2 -17 -17 -12 37 14 -17 38 -23 21 -14 -29 23 12 -23 3 9 1 -9 -1 -15 20 35 12 6 -4 -8 -22 3 8 23
19 8 -9 19 6 -38 8 -25 -4 19 -26 10 8 22 9 -35 15 -20 15 5 -3 -9 -15 2 -12 -18 -25 4 2 -6 11 -20 13 2 -17 -17 -12 37 14 -17 38 -23 21 -14 -29 23 12 -23 3 9 1 -9 -1 -15 20 35 12 6 -4 -8 -22 3 8 23
19 8 -9 19 6 -38 8 -25 -4 19 -26 10 8 22 9 -35 15 -20 15 5 -3 -9 -15 2 -12 -18 -25 4 2 -6 11 -20 13 2 -17 -17 -12 37 14 -17 38 -23 21 -14 -29 23 12 -23 3 9 1 -9 -1 -15 20 35 12 6 -4 -8 -22 3 8 23
19 8 -9 19 6 -38 8 -25 -4 19 -26 10 8 22 9 -35 15 -20 15 5 -3 -9 -15 2 -12 -18 -25 4 2 -6 11 -20 13 2 -17 -17 -12 37 14 -17 38 -23 21 -14 -29 23 12 -23 3 9 1 -9 -1 -15 20 35 12 6 -4 -8 -22 3 8 23
19 8 -9 19 6 -38 8 -25 -4 19 -26 10 8 22 9 -35 15 -20 15 5 -3 -9 -15 2 -12 -18 -25 4 2 -6 11 -20 13 2 -17 -17 -12 37 14 -17 38 -23 21 -14 -29 23 12 -23 3 9 1 -9 -1 -15 20 35 12 6 -4 -8 -22 3 8 23
19 8 -9 19 6 -38 8 -25 -4 19 -26 10 8 22 9 -35 15 -20 15 5 -3 -9 -15 2 -12 -18 -25 4 2 -6 11 -20 13 2 -17 -17 -12 37 14 -17 38 -23 21 -14 -29 23 12 -23 3 9 1 -9 -1 -15 20 35 12 6 -4 -8 -22 3 8 23
19 8 -9 19 6 -38 8 -25 -4 19 -26 10 8 22 9 -35 15 -20 15 5 -3 -9 -15 2 -12 -18 -25 4 2 -6 11 -20 13 2 -17 -17 -12 37 14 -17 38 -23 21 -14 -29 23 12 -23 3 9 1 -9 -1 -15 20 35 12 6 -4 -8 -22 3 8 23
19 8 -9 19 6 -38 8 -25 -4 19 -26 10 8 22 9 -35 15 -20 15 5 -3 -9 -15 2 -12 -18 -25 4 2 -6 11 -20 13 2 -17 -17 -12 37 14 -17 38 -23 21 -14 -29 23 12 -23 3 9 1 -9 -1 -15 20 35 12 6 -4 -8 -22 3 8 23
19 8 -9 19 6 -38 8 -25 -4 19 -26 10 8 22 9 -35 15 -20 15 5 -3 -9 -15 2 -12 -18 -25 4 2 -6 11 -20 13 2 -17 -17 -12 37 14 -17 38 -23 21 -14 -29 23 12 -23 3 9 1 -9 -1 -15 20 35 12 6 -4 -8 -22 3 8 23
19 8 -9 19 6 -38 8 -25 -4 19 -26 10 8 22 9 -35 15 -20 15 5 -3 -9 -15 2 -12 -18 -25 4 2 -6 11 -20 13 2 -17 -17 -12 37 14 -17 38 -23 21 -14 -29 23 12 -23 3 9 1 -9 -1 -15 20 35 12 6 -4 -8 -22 3 8 23
19 8 -9 19 6 -38 8 -25 -4 19 -26 10 8 22 9 -35 15 -20 15 5 -3 -9 -15 2 -12 -18 -25 4 2 -6 11 -20 13 2 -17 -17 -12 37 14 -17 38 -23 21 -14 -29 23 12 -23 3 9 1 -9 -1 -15 20 35 12 6 -4 -8 -22 3 8 23
19 8 -9 19 6 -38 8 -25 -4 19 -26 10 8 22 9 -35 15 -20 15 5 -3 -9 -15 2 -12 -18 -25 4 2 -6 11 -20 13 2 -17 -17 -12 37 14 -17 38 -23 21 -14 -29 23 12 -23 3 9 1 -9 -1 -15 20 35 12 6 -4 -8 -22 3 8 23
19 8 -9 19 6 -38 8 -25 -4 19 -26 10 8 22 9 -35 15 -20 15 5 -3 -9 -15 2 -12 -18 -25 4 2 -6 11 -20 13 2 -17 -17 -12 37 14 -17 38 -23 21 -14 -29 23 12 -23 3 9 1 -9 -1 -15 20 35 12 6 -4 -8 -22 3 8 23
19 8 -9 19 6 -38 8 -25 -4 19 -26 10 8 22 9 -35 15 -20 15 5 -3 -9 -15 2 -12 -18 -25 4 2 -6 11 -20 13 2 -17 -17 -12 37 14 -17 38 -23 21 -14 -29 23 12 -23 3 9 1 -9 -1 -15 20 35 12 6 -4 -8 -22 3 8 23
19 8 -9 19 6 -38 8 -25 -4 19 -26 10 8 22 9 -35 15 -20 15 5 -3 -9 -15 2 -12 -18 -25 4 2 -6 11 -20 13 2 -17 -17 -12 37 14 -17 38 -23 21 -14 -29 23 12 -23 3 9 1 -9 -1 -15 20 35 12 6 -4 -8 -22 3 8 23
19 8 -9 19 6 -38 8 -25 -4 19 -26 10 8 22 9 -35 15 -20 15 5 -3 -9 -15 2 -12 -18 -25 4 2 -6 11 -20 13 2 -17 -17 -12 37 14 -17 38 -23 21 -14 -29 23 12 -23 3 9 1 -9 -1 -15 20 35 12 6 -4 -8 -22 3 8 23
19 8 -9 19 6 -38 8 -25 -4 19 -26 10 8 22 9 -35 15 -20 15 5 -3 -9 -15 2 -12 -18 -25 4 2 -6 11 -20 13 2 -17 -17 -12 37 14 -17 38 -23 21 -14 -29 23 12 -23 3 9 1 -9 -1 -15 20 35 12 6 -4 -8 -22 3 8 23
19 8 -9 19 6 -38 8 -25 -4 19 -26 10 8 22 9 -35 15 -20 15 5 -3 -9 -15 2 -12 -18 -25 4 2 -6 11 -20 13 2 -17 -17 -12 37 14 -17 38 -23 21 -14 -29 23 12 -23 3 9 1 -9 -1 -15 20 35 12 6 -4 -8 -22 3 8 23
19 8 -9 19 6 -38 8 -25 -4 19 -26 10 8 22 9 -35 15 -20 15 5 -3 -9 -15 2 -12 -18 -25 4 2 -6 11 -20 13 2 -17 -17 -12 37 14 -17 38 -23 21 -14 -29 23 12 -23 3 9 1 -9 -1 -15 20 35 12 6 -4 -8 -22 3 8 23
19 8 -9 19 6 -38 8 -25 -4 19 -26 10 8 22 9 -35 15 -20 15 5 -3 -9 -15 2 -12 -18 -25 4 2 -6 11 -20 13 2 -17 -17 -12 37 14 -17 38 -23 21 -14 -29 23 12 -23 3 9 1 -9 -1 -15 20 35 12 6 -4 -8 -22 3 8 23
19 8 -9 19 6 -38 8 -25 -4 19 -26 10 8 22 9 -35 15 -20 15 5 -3 -9 -15 2 -12 -18 -25 4 2 -6 11 -20 13 2 -17 -17 -12 37 14 -17 38 -23 21 -14 -29 23 12 -23 3 9 1 -9 -1 -15 20 35 12 6 -4 -8 -22 3 8 23
19 8 -9 19 6 -38 8 -25 -4 19 -26 10 8 22 9 -35 15 -20 15 5 -3 -9 -15 2 -12 -18 -25 4 2 -6 11 -20 13 2 -17 -17 -12 37 14 -17 38 -23 21 -14 -29 23 12 -23 3 9 1 -9 -1 -15 20 35 12 6 -4 -8 -22 3 8 23
19 8 -9 19 6 -38 8 -25 -4 19 -26 10 8 22 9 -35 15 -20 15 5 -3 -9 -15 2 -12 -18 -25 4 2 -6 11 -20 13 2 -17 -17 -12 37 14 -17 38 -23 21 -14 -29 23 12 -23 3 9 1 -9 -1 -15 20 35 12 6 -4 -8 -22 3 8 23
19 8 -9 19 6 -38 8 -25 -4 19 -26 10 8 22 9 -35 15 -20 15 5 -3 -9 -15 2 -12 -18 -25 4 2 -6 11 -20 13 2 -17 -17 -12 37 14 -17 38 -23 21 -14 -29 23 12 -23 3 9 1 -9 -1 -15 20 35 12 6 -4 -8 -22 3 8 23
19 8 -9 19 6 -38 8 -25 -4 19 -26 10 8 22 9 -35 15 -20 15 5 -3 -9 -15 2 -12 -18 -25 4 2 -6 11 -20 13 2 -17 -17 -12 37 14 -17 38 -23 21 -14 -29 23 12 -23 3 9 1 -9 -1 -15 20 35 12 6 -4 -8 -22 3 8 23
19 8 -9 19 6 -38 8 -25 -4 19 -26 10 8 22 9 -35 15 -20 15 5 -3 -9 -15 2 -12 -18 -25 4 2 -6 11 -20 13 2 -17 -17 -12 37 14 -17 38 -23 21 -14 -29 23 12 -23 3 9 1 -9 -1 -15 20 35 12 6 -4 -8 -22 3 8 23
19 8 -9 19 6 -38 8 -25 -4 19 -26 10 8 22 9 -35 15 -20 15 5 -3 -9 -15 2 -12 -18 -25 4 2 -6 11 -20 13 2 -17 -17 -12 37 14 -17 38 -23 21 -14 -29 23 12 -23 3 9 1 -9 -1 -15 20 35 12 6 -4 -8 -22 3 8 23
