-2 -2 -1 1 -1 0 -3 2 0 -2 -3 1 -2 0 0 0 2 1 3 -2 0 3 -1 4 0 -3 -1 1 2 0 1 3 4 1 -4 0 -2 -3 3 0 -2 -1 -3 -1 -2 -1 -1 2 0 0 -3 -3 0 4 1 1 3 0 -2 -2 -2 4 0 -2
11 1 -8 -9 -1 20 -2 -2 -2 -10 -9 5 4 6 2 -4 -13 -8 0 -16 -3 39 12 11 11 -36 12 -17 1 -4 -35 9 -21 12 5 10 2 28 18 12 1 -7 3 34 -6 18 -19 49 10 2 7 2 7 -2 27 -61 30 10 -23 -9 4 20 1 -5
14 5 -20 -7 -25 20 1 -2 -9 -18 11 16 15 18 -19 -16 -15 8 -9 -7 -23 47 11 8 -20 0 16 10 1 12 -13 10 -1 -4 -5 1 -6 -8 21 1 -4 9 -12 18 1 -18 13 67 -25 -30 -1 -3 18 15 13 -24 -4 0 3 13 2 16 29 -4
-12 -8 -8 7 19 10 6 -12 7 -19 7 1 -6 2 3 -23 0 4 6 -5 5 24 -1 7 -6 -7 -1 -15 0 -10 -27 21 0 8 -7 -13 -25 2 8 -7 -10 -2 -6 -1 -2 2 -4 7 -2 4 -34 4 3 23 -12 -45 -16 -13 -6 -11 -3 18 10 -9
30 -6 24 5 16 39 -31 8 52 44 -11 -6 2 -17 15 -32 -5 9 -7 -5 26 35 -22 -28 2 41 1 7 -7 -20 19 3 -13 -3 21 -8 -40 12 -2 -17 7 17 26 -38 -16 -14 -5 -1 8 -28 -3 28 20 10 -7 -11 -6 -10 19 -1 -24 12 13 -7
9 -6 2 12 -8 2 22 4 -2 -14 -8 -13 -26 2 6 -25 2 -2 7 9 3 38 -10 1 -9 5 13 13 -8 -43 -4 11 20 7 3 -13 -3 22 -11 6 31 -12 10 -15 -4 -27 16 24 22 -8 -6 -5 6 -28 11 -13 -2 18 5 20 14 -4 21 -20
13 12 28 -28 -1 0 -14 -13 25 34 9 8 6 -15 17 -18 18 5 -25 1 1 35 -46 -18 3 8 7 13 -12 -20 -8 3 8 -1 10 -7 -28 9 34 17 10 -12 -3 -27 -11 -11 8 -1 -16 -25 -4 16 4 4 9 1 -10 11 1 9 6 3 16 -19
-2 27 36 4 -11 28 20 -22 4 -27 -1 -8 9 27 24 -2 -6 13 -16 -3 2 41 -3 -9 -2 -2 14 -2 -8 -20 6 -8 9 15 -20 -3 2 4 35 10 8 8 0 -10 -17 7 -1 9 4 4 7 7 37 -13 10 -12 -5 7 2 16 -9 23 27 -3
-14 -9 16 10 11 -4 -1 -7 7 -10 22 9 12 10 -14 -13 15 18 -2 -5 15 13 4 11 -10 -32 9 -7 -4 -13 0 -5 22 21 -20 10 30 2 23 -2 11 3 -9 -10 -5 -10 3 8 -39 0 -3 -13 8 6 12 -21 -21 8 1 -9 12 5 20 -4
-13 5 26 -9 10 -10 -7 -11 13 2 -20 -1 14 -18 5 -7 -7 -14 6 9 14 -14 -17 -47 -11 -23 20 10 10 -7 -23 3 -6 -4 -15 8 -14 21 27 3 3 3 5 -27 -5 11 -6 10 -33 -14 5 2 -25 -10 1 -16 20 0 -2 -7 15 8 1 -6
-30 -6 -7 -5 8 1 -29 -14 4 4 -9 13 18 -4 -15 -24 2 10 14 -1 13 0 -9 -1 7 -17 6 19 28 3 -11 -16 -1 11 -11 18 -3 12 7 20 -7 18 -5 11 17 -6 -4 8 -22 -27 16 -8 -20 -9 -8 -19 4 3 7 -27 -2 12 -13 8
6 5 -16 -28 -16 5 18 6 9 0 4 -3 -7 15 1 -22 13 19 18 2 27 39 -24 -31 -10 -32 38 23 20 -14 -2 -4 12 4 -4 13 22 1 1 -32 1 14 1 -1 4 -6 14 12 4 -12 17 -8 9 -9 4 2 30 0 8 -11 28 -3 2 -13
-17 -4 5 10 19 -1 3 -9 11 -21 -1 3 -21 -1 -6 -28 0 7 0 4 5 15 -4 -4 -19 -10 29 -14 5 3 -13 13 -12 5 -21 1 -9 15 3 -13 -5 14 -20 -3 -3 9 -6 -17 3 1 -30 3 6 14 -8 -19 -2 -7 -15 -11 -6 11 -6 -8
19 4 33 -30 -21 20 -2 -15 8 -28 2 -6 -2 40 8 -19 3 24 -22 -24 -30 51 9 -3 -7 -8 37 0 -11 27 1 -5 5 15 -25 1 9 4 25 20 15 14 -13 10 -17 -4 16 23 12 29 22 12 23 5 0 10 6 2 -13 7 -13 30 22 -4
-18 10 24 7 10 -16 -5 -17 7 -6 -18 7 4 -17 -7 -7 -18 -15 9 9 16 3 -17 -21 -21 -17 38 -7 -13 -8 -15 -19 24 7 -16 7 0 21 33 1 7 3 15 -11 2 10 -14 7 -27 -14 -4 8 -16 3 5 13 18 1 -7 -9 6 9 9 -18
-26 -7 -5 -2 -8 7 -13 -22 -8 -2 5 14 -16 -4 -17 -39 -3 13 19 -6 13 24 -8 10 -17 -1 17 -2 -1 17 -2 12 38 -6 -5 9 1 7 6 16 11 4 -8 -1 4 -4 14 6 -8 -12 -9 -15 -11 3 -4 19 12 -12 -5 -18 13 -1 -9 -9
9 -14 0 11 3 7 -5 19 0 -5 25 18 29 6 -6 -37 -3 7 -5 27 4 25 -8 11 -14 -13 52 10 -8 -1 -24 2 21 -22 0 -5 -28 12 11 3 8 0 -12 -2 -9 6 -2 -23 -16 -15 -16 -10 -1 -7 -8 16 7 22 26 -26 -2 6 5 -4
-4 9 8 -9 -4 -2 3 -13 6 -4 -4 4 -3 8 -3 -14 5 4 -7 -1 -21 20 15 -5 -17 -26 16 -5 24 15 -13 -7 7 21 2 -18 1 8 3 7 -6 -14 2 2 2 -25 14 -3 -16 -13 -24 -11 -8 -15 12 -1 29 29 -2 -27 1 11 -8 -12
11 22 -9 5 -2 -12 -4 -24 5 -9 24 26 27 18 -13 -12 -7 8 -7 9 2 29 -10 -2 -4 -26 55 -11 6 6 -22 -12 40 -12 -3 -21 -2 -4 12 9 -8 3 1 14 1 -5 7 0 16 10 -11 -7 2 -43 7 20 23 11 20 2 -1 7 -6 -9
9 21 10 -3 14 16 -18 -8 15 -26 15 17 20 -5 22 4 9 7 -6 11 8 22 8 -17 -7 -13 29 -17 -18 14 -30 -10 13 -7 22 -18 37 -10 17 -28 -6 2 -7 -11 5 19 29 0 -1 4 3 9 22 -18 21 14 -17 -9 10 2 -14 0 -12 16
8 35 -16 6 -14 12 16 -14 22 -19 3 28 21 37 -37 5 17 1 0 17 -8 37 -3 -8 -1 -22 50 -11 -11 9 -12 4 21 25 -1 -16 27 34 34 -9 -11 9 4 0 -5 -14 3 13 23 5 -12 18 23 -26 21 10 -7 8 8 -7 -10 2 4 -4
-8 12 -13 2 2 0 -9 5 -12 8 -11 13 -25 5 -8 3 -2 -17 16 23 -6 0 2 -26 -4 -7 7 -2 7 -2 -8 -15 34 -11 -4 -8 12 15 30 -25 8 3 15 15 10 3 3 12 -6 3 -4 23 -14 -8 13 -4 8 7 23 -23 4 8 3 -8
-9 -2 18 2 -5 -8 -4 -1 -1 -5 -17 7 -25 6 -6 2 15 1 2 13 -15 9 -7 47 -3 -1 10 -10 2 4 8 17 13 -3 1 -3 -21 12 12 -27 -6 10 -3 -19 2 -5 -10 36 6 2 -6 -7 9 10 10 32 -1 -7 13 5 -4 -9 -13 4
6 -10 16 -7 -13 -17 6 -13 -10 -1 -1 8 -29 3 5 -4 6 6 5 8 -10 -5 12 30 0 -6 -12 -12 10 1 4 -8 21 -15 -2 -13 -38 5 12 -31 4 3 0 -27 5 -5 5 31 13 -7 -25 9 4 -6 -10 45 4 -5 12 21 -2 -11 -18 16
6 -3 -1 -22 15 0 4 -14 3 -10 1 -3 -12 -1 19 3 -3 -16 8 -2 4 23 -24 3 -26 1 35 1 -5 33 -14 -8 46 3 -32 1 -11 7 2 9 17 -3 18 13 -1 17 -5 42 2 -17 -3 24 -19 -6 1 10 27 23 19 20 12 0 -16 -30
18 4 -7 13 -7 -7 2 -5 -21 -5 20 -11 -36 -7 4 2 -4 16 5 2 10 6 -5 -1 -3 22 20 -26 -1 1 -23 2 23 -8 14 -12 -40 4 -1 -4 18 4 -6 16 4 -3 -14 -17 3 12 -25 14 7 -5 -3 -47 6 -5 3 -7 -4 -16 -22 0
40 -1 13 6 16 33 -30 -2 46 47 -6 -6 -9 0 14 -19 -1 20 -12 0 22 17 -18 -31 0 41 2 0 0 -8 23 7 4 -5 17 -8 -44 12 -7 -27 18 14 30 -35 -20 -3 -2 -3 10 -23 -8 41 22 2 -5 -4 -3 -5 31 5 -26 7 0 -8
18 -1 -15 16 -14 -8 5 2 -6 -9 -12 -9 -35 9 3 -8 8 2 5 3 -4 18 -9 -10 -2 6 22 6 2 -17 1 21 38 3 1 -8 -11 23 -27 -9 36 -13 12 -14 -4 -21 8 22 19 -1 -10 6 2 -47 9 -3 -3 15 27 26 16 -9 10 -18
17 18 8 -25 0 -5 -30 -9 21 36 -2 6 1 -7 5 7 22 14 -32 10 -5 12 -43 -29 7 5 3 17 5 -6 -10 22 22 -13 4 -6 -35 7 23 -4 14 -18 3 -23 -11 -7 4 2 -5 -20 -6 22 -2 -16 12 9 -8 5 21 14 8 -7 3 -24
0 30 15 11 -14 18 8 -23 3 -25 -9 -9 5 44 13 11 -1 14 -19 -7 -1 21 -2 -17 2 -8 12 -2 2 4 9 7 25 12 -29 -4 0 -4 20 -4 12 6 6 -4 -24 10 -4 19 16 13 11 11 40 -24 9 -9 -10 -10 24 20 -12 24 20 -8
-13 -10 5 22 -1 -9 -24 -7 3 7 13 6 4 38 -27 10 17 15 0 0 14 -11 -8 18 -1 -27 2 -3 -3 0 -2 11 49 1 -22 8 13 -3 16 -18 23 11 -10 3 -8 -4 -2 22 -23 -12 -6 1 -1 4 -6 -17 -22 -1 15 -3 16 0 5 1
1 8 17 18 2 -6 -16 9 12 12 -10 -1 31 5 -26 -5 8 -9 0 -2 15 -8 4 2 0 -38 24 26 16 19 1 -4 41 -31 -12 25 -3 11 -5 6 15 -6 -6 -5 6 5 -26 11 -20 -21 2 16 8 -25 -5 -20 -16 2 9 -10 -14 0 2 -5
8 5 -20 -27 -17 -2 20 -5 11 -6 -7 -7 -5 35 -3 -14 8 4 19 -5 30 20 -28 -22 -1 -20 33 23 19 -11 2 9 29 7 -9 6 14 -9 -11 -49 16 1 7 -6 0 8 7 17 6 -12 8 4 7 -10 -2 -1 18 -1 12 -3 27 -7 0 -9
-17 1 15 10 8 -2 16 -41 -3 10 14 -3 13 33 6 -8 19 -1 9 -17 3 -1 -5 -5 -18 -3 41 -19 -19 12 -11 21 30 -4 -23 13 17 13 -17 -16 0 -15 -8 1 12 24 22 2 1 -8 -11 26 3 2 5 -32 14 15 -7 -10 -11 -5 4 -14
6 -14 -10 7 -1 3 -3 8 -6 -7 26 23 32 25 0 -35 -2 0 -9 19 -5 7 -22 10 -7 6 47 16 3 1 -18 13 23 -26 -14 -11 -32 -1 -1 0 25 -9 1 -9 -7 5 0 -23 -13 -14 -16 -12 6 -4 -12 4 1 20 27 -14 -4 -3 5 -4
-6 9 8 -9 -15 -5 3 -21 -2 -13 2 12 11 26 -1 -15 -1 -3 -4 -7 -24 6 -4 -1 -10 -11 18 8 22 9 -8 3 12 16 -12 -24 -3 -11 -6 3 12 -22 9 0 -2 -19 8 -4 -16 -12 -24 -5 -5 -15 8 -16 17 25 -12 -19 -6 6 -9 -8
16 20 -11 9 -7 -16 -1 -30 -3 -13 16 20 43 35 -15 -22 -4 -2 -2 3 -6 21 -25 -3 -2 -13 63 2 11 2 -22 -5 42 -18 -21 -19 -7 -18 -3 3 10 -10 4 11 -11 -1 7 -6 18 1 -15 -8 9 -34 -5 8 16 13 4 6 0 -5 -4 -10
6 21 15 -2 11 15 -18 -19 14 -24 6 18 31 12 22 -8 8 -7 -14 4 9 10 -3 -26 -6 -2 39 -8 -11 13 -26 2 10 -8 7 -23 31 -26 -1 -23 6 -5 0 -14 10 31 25 -7 -2 -1 4 13 20 -9 9 15 -21 -12 -5 3 -14 -7 -12 18
3 30 -16 1 -26 9 23 -23 15 -17 2 34 26 52 -30 2 18 -8 3 11 -14 18 -2 -17 3 -10 58 -3 -4 1 -11 20 12 25 -17 -13 32 22 25 -10 -4 7 15 1 -2 -9 3 2 28 1 -4 17 26 -18 11 9 -18 8 -10 -4 -6 -6 0 -9
-8 8 -8 3 -5 5 -10 -10 -17 5 -8 16 -3 17 -7 -6 -6 -25 17 10 -17 -23 -2 -51 1 -2 12 8 19 -6 -12 3 18 -18 -20 -8 22 1 28 -25 19 -4 23 11 14 5 0 -5 -12 -1 7 26 -12 -6 9 -11 0 5 7 -26 4 -2 3 -10
-7 -2 16 3 -16 -8 -19 -11 -11 -1 -13 10 -8 10 -7 -5 9 -9 -2 3 -23 -13 -8 28 5 0 18 -5 18 -3 2 40 -10 -7 -18 -8 -3 -3 6 -20 -2 -3 8 -18 7 -4 -11 12 6 -4 6 -6 8 16 10 27 -7 -6 -3 1 -4 -26 -14 8
-42 0 -8 -15 35 -13 -11 15 -14 9 44 -13 -33 -20 4 35 -8 8 4 19 5 -87 13 8 29 32 -46 -10 -27 -16 -27 -72 -57 -6 11 -1 27 6 2 46 44 -17 35 22 23 -7 12 -104 -24 -17 45 0 -15 -49 24 -36 27 18 73 22 45 -44 3 4
-42 0 -8 -15 35 -13 -11 15 -14 9 44 -13 -33 -20 4 35 -8 8 4 19 5 -87 13 8 29 32 -46 -10 -27 -16 -27 -72 -57 -6 11 -1 27 6 2 46 44 -17 35 22 23 -7 12 -104 -24 -17 45 0 -15 -49 24 -36 27 18 73 22 45 -44 3 4
-42 0 -8 -15 35 -13 -11 15 -14 9 44 -13 -33 -20 4 35 -8 8 4 19 5 -87 13 8 29 32 -46 -10 -27 -16 -27 -72 -57 -6 11 -1 27 6 2 46 44 -17 35 22 23 -7 12 -104 -24 -17 45 0 -15 -49 24 -36 27 18 73 22 45 -44 3 4
-42 0 -8 -15 35 -13 -11 15 -14 9 44 -13 -33 -20 4 35 -8 8 4 19 5 -87 13 8 29 32 -46 -10 -27 -16 -27 -72 -57 -6 11 -1 27 6 2 46 44 -17 35 22 23 -7 12 -104 -24 -17 45 0 -15 -49 24 -36 27 18 73 22 45 -44 3 4
-42 0 -8 -15 35 -13 -11 15 -14 9 44 -13 -33 -20 4 35 -8 8 4 19 5 -87 13 8 29 32 -46 -10 -27 -16 -27 -72 -57 -6 11 -1 27 6 2 46 44 -17 35 22 23 -7 12 -104 -24 -17 45 0 -15 -49 24 -36 27 18 73 22 45 -44 3 4
-42 0 -8 -15 35 -13 -11 15 -14 9 44 -13 -33 -20 4 35 -8 8 4 19 5 -87 13 8 29 32 -46 -10 -27 -16 -27 -72 -57 -6 11 -1 27 6 2 46 44 -17 35 22 23 -7 12 -104 -24 -17 45 0 -15 -49 24 -36 27 18 73 22 45 -44 3 4
-42 0 -8 -15 35 -13 -11 15 -14 9 44 -13 -33 -20 4 35 -8 8 4 19 5 -87 13 8 29 32 -46 -10 -27 -16 -27 -72 -57 -6 11 -1 27 6 2 46 44 -17 35 22 23 -7 12 -104 -24 -17 45 0 -15 -49 24 -36 27 18 73 22 45 -44 3 4
-42 0 -8 -15 35 -13 -11 15 -14 9 44 -13 -33 -20 4 35 -8 8 4 19 5 -87 13 8 29 32 -46 -10 -27 -16 -27 -72 -57 -6 11 -1 27 6 2 46 44 -17 35 22 23 -7 12 -104 -24 -17 45 0 -15 -49 24 -36 27 18 73 22 45 -44 3 4
-42 0 -8 -15 35 -13 -11 15 -14 9 44 -13 -33 -20 4 35 -8 8 4 19 5 -87 13 8 29 32 -46 -10 -27 -16 -27 -72 -57 -6 11 -1 27 6 2 46 44 -17 35 22 23 -7 12 -104 -24 -17 45 0 -15 -49 24 -36 27 18 73 22 45 -44 3 4
-42 0 -8 -15 35 -13 -11 15 -14 9 44 -13 -33 -20 4 35 -8 8 4 19 5 -87 13 8 29 32 -46 -10 -27 -16 -27 -72 -57 -6 11 -1 27 6 2 46 44 -17 35 22 23 -7 12 -104 -24 -17 45 0 -15 -49 24 -36 27 18 73 22 45 -44 3 4
-42 0 -8 -15 35 -13 -11 15 -14 9 44 -13 -33 -20 4 35 -8 8 4 19 5 -87 13 8 29 32 -46 -10 -27 -16 -27 -72 -57 -6 11 -1 27 6 2 46 44 -17 35 22 23 -7 12 -104 -24 -17 45 0 -15 -49 24 -36 27 18 73 22 45 -44 3 4
-42 0 -8 -15 35 -13 -11 15 -14 9 44 -13 -33 -20 4 35 -8 8 4 19 5 -87 13 8 29 32 -46 -10 -27 -16 -27 -72 -57 -6 11 -1 27 6 2 46 44 -17 35 22 23 -7 12 -104 -24 -17 45 0 -15 -49 24 -36 27 18 73 22 45 -44 3 4
-42 0 -8 -15 35 -13 -11 15 -14 9 44 -13 -33 -20 4 35 -8 8 4 19 5 -87 13 8 29 32 -46 -10 -27 -16 -27 -72 -57 -6 11 -1 27 6 2 46 44 -17 35 22 23 -7 12 -104 -24 -17 45 0 -15 -49 24 -36 27 18 73 22 45 -44 3 4
-42 0 -8 -15 35 -13 -11 15 -14 9 44 -13 -33 -20 4 35 -8 8 4 19 5 -87 13 8 29 32 -46 -10 -27 -16 -27 -72 -57 -6 11 -1 27 6 2 46 44 -17 35 22 23 -7 12 -104 -24 -17 45 0 -15 -49 24 -36 27 18 73 22 45 -44 3 4
-42 0 -8 -15 35 -13 -11 15 -14 9 44 -13 -33 -20 4 35 -8 8 4 19 5 -87 13 8 29 32 -46 -10 -27 -16 -27 -72 -57 -6 11 -1 27 6 2 46 44 -17 35 22 23 -7 12 -104 -24 -17 45 0 -15 -49 24 -36 27 18 73 22 45 -44 3 4
-42 0 -8 -15 35 -13 -11 15 -14 9 44 -13 -33 -20 4 35 -8 8 4 19 5 -87 13 8 29 32 -46 -10 -27 -16 -27 -72 -57 -6 11 -1 27 6 2 46 44 -17 35 22 23 -7 12 -104 -24 -17 45 0 -15 -49 24 -36 27 18 73 22 45 -44 3 4
-42 0 -8 -15 35 -13 -11 15 -14 9 44 -13 -33 -20 4 35 -8 8 4 19 5 -87 13 8 29 32 -46 -10 -27 -16 -27 -72 -57 -6 11 -1 27 6 2 46 44 -17 35 22 23 -7 12 -104 -24 -17 45 0 -15 -49 24 -36 27 18 73 22 45 -44 3 4
-42 0 -8 -15 35 -13 -11 15 -14 9 44 -13 -33 -20 4 35 -8 8 4 19 5 -87 13 8 29 32 -46 -10 -27 -16 -27 -72 -57 -6 11 -1 27 6 2 46 44 -17 35 22 23 -7 12 -104 -24 -17 45 0 -15 -49 24 -36 27 18 73 22 45 -44 3 4
-42 0 -8 -15 35 -13 -11 15 -14 9 44 -13 -33 -20 4 35 -8 8 4 19 5 -87 13 8 29 32 -46 -10 -27 -16 -27 -72 -57 -6 11 -1 27 6 2 46 44 -17 35 22 23 -7 12 -104 -24 -17 45 0 -15 -49 24 -36 27 18 73 22 45 -44 3 4
-42 0 -8 -15 35 -13 -11 15 -14 9 44 -13 -33 -20 4 35 -8 8 4 19 5 -87 13 8 29 32 -46 -10 -27 -16 -27 -72 -57 -6 11 -1 27 6 2 46 44 -17 35 22 23 -7 12 -104 -24 -17 45 0 -15 -49 24 -36 27 18 73 22 45 -44 3 4
-42 0 -8 -15 35 -13 -11 15 -14 9 44 -13 -33 -20 4 35 -8 8 4 19 5 -87 13 8 29 32 -46 -10 -27 -16 -27 -72 -57 -6 11 -1 27 6 2 46 44 -17 35 22 23 -7 12 -104 -24 -17 45 0 -15 -49 24 -36 27 18 73 22 45 -44 3 4
-42 0 -8 -15 35 -13 -11 15 -14 9 44 -13 -33 -20 4 35 -8 8 4 19 5 -87 13 8 29 32 -46 -10 -27 -16 -27 -72 -57 -6 11 -1 27 6 2 46 44 -17 35 22 23 -7 12 -104 -24 -17 45 0 -15 -49 24 -36 27 18 73 22 45 -44 3 4
-42 0 -8 -15 35 -13 -11 15 -14 9 44 -13 -33 -20 4 35 -8 8 4 19 5 -87 13 8 29 32 -46 -10 -27 -16 -27 -72 -57 -6 11 -1 27 6 2 46 44 -17 35 22 23 -7 12 -104 -24 -17 45 0 -15 -49 24 -36 27 18 73 22 45 -44 3 4
-42 0 -8 -15 35 -13 -11 15 -14 9 44 -13 -33 -20 4 35 -8 8 4 19 5 -87 13 8 29 32 -46 -10 -27 -16 -27 -72 -57 -6 11 -1 27 6 2 46 44 -17 35 22 23 -7 12 -104 -24 -17 45 0 -15 -49 24 -36 27 18 73 22 45 -44 3 4
-42 0 -8 -15 35 -13 -11 15 -14 9 44 -13 -33 -20 4 35 -8 8 4 19 5 -87 13 8 29 32 -46 -10 -27 -16 -27 -72 -57 -6 11 -1 27 6 2 46 44 -17 35 22 23 -7 12 -104 -24 -17 45 0 -15 -49 24 -36 27 18 73 22 45 -44 3 4
-42 0 -8 -15 35 -13 -11 15 -14 9 44 -13 -33 -20 4 35 -8 8 4 19 5 -87 13 8 29 32 -46 -10 -27 -16 -27 -72 -57 -6 11 -1 27 6 2 46 44 -17 35 22 23 -7 12 -104 -24 -17 45 0 -15 -49 24 -36 27 18 73 22 45 -44 3 4
-42 0 -8 -15 35 -13 -11 15 -14 9 44 -13 -33 -20 4 35 -8 8 4 19 5 -87 13 8 29 32 -46 -10 -27 -16 -27 -72 -57 -6 11 -1 27 6 2 46 44 -17 35 22 23 -7 12 -104 -24 -17 45 0 -15 -49 24 -36 27 18 73 22 45 -44 3 4
-42 0 -8 -15 35 -13 -11 15 -14 9 44 -13 -33 -20 4 35 -8 8 4 19 5 -87 13 8 29 32 -46 -10 -27 -16 -27 -72 -57 -6 11 -1 27 6 2 46 44 -17 35 22 23 -7 12 -104 -24 -17 45 0 -15 -49 24 -36 27 18 73 22 45 -44 3 4
-42 0 -8 -15 35 -13 -11 15 -14 9 44 -13 -33 -20 4 35 -8 8 4 19 5 -87 13 8 29 32 -46 -10 -27 -16 -27 -72 -57 -6 11 -1 27 6 2 46 44 -17 35 22 23 -7 12 -104 -24 -17 45 0 -15 -49 24 -36 27 18 73 22 45 -44 3 4
-42 0 -8 -15 35 -13 -11 15 -14 9 44 -13 -33 -20 4 35 -8 8 4 19 5 -87 13 8 29 32 -46 -10 -27 -16 -27 -72 -57 -6 11 -1 27 6 2 46 44 -17 35 22 23 -7 12 -104 -24 -17 45 0 -15 -49 24 -36 27 18 73 22 45 -44 3 4
-42 0 -8 -15 35 -13 -11 15 -14 9 44 -13 -33 -20 4 35 -8 8 4 19 5 -87 13 8 29 32 -46 -10 -27 -16 -27 -72 -57 -6 11 -1 27 6 2 46 44 -17 35 22 23 -7 12 -104 -24 -17 45 0 -15 -49 24 -36 27 18 73 22 45 -44 3 4
-42 0 -8 -15 35 -13 -11 15 -14 9 44 -13 -33 -20 4 35 -8 8 4 19 5 -87 13 8 29 32 -46 -10 -27 -16 -27 -72 -57 -6 11 -1 27 6 2 46 44 -17 35 22 23 -7 12 -104 -24 -17 45 0 -15 -49 24 -36 27 18 73 22 45 -44 3 4
-42 0 -8 -15 35 -13 -11 15 -14 9 44 -13 -33 -20 4 35 -8 8 4 19 5 -87 13 8 29 32 -46 -10 -27 -16 -27 -72 -57 -6 11 -1 27 6 2 46 44 -17 35 22 23 -7 12 -104 -24 -17 45 0 -15 -49 24 -36 27 18 73 22 45 -44 3 4
-42 0 -8 -15 35 -13 -11 15 -14 9 44 -13 -33 -20 4 35 -8 8 4 19 5 -87 13 8 29 32 -46 -10 -27 -16 -27 -72 -57 -6 11 -1 27 6 2 46 44 -17 35 22 23 -7 12 -104 -24 -17 45 0 -15 -49 24 -36 27 18 73 22 45 -44 3 4
-42 0 -8 -15 35 -13 -11 15 -14 9 44 -13 -33 -20 4 35 -8 8 4 19 5 -87 13 8 29 32 -46 -10 -27 -16 -27 -72 -57 -6 11 -1 27 6 2 46 44 -17 35 22 23 -7 12 -104 -24 -17 45 0 -15 -49 24 -36 27 18 73 22 45 -44 3 4
-42 0 -8 -15 35 -13 -11 15 -14 9 44 -13 -33 -20 4 35 -8 8 4 19 5 -87 13 8 29 32 -46 -10 -27 -16 -27 -72 -57 -6 11 -1 27 6 2 46 44 -17 35 22 23 -7 12 -104 -24 -17 45 0 -15 -49 24 -36 27 18 73 22 45 -44 3 4
-42 0 -8 -15 35 -13 -11 15 -14 9 44 -13 -33 -20 4 35 -8 8 4 19 5 -87 13 8 29 32 -46 -10 -27 -16 -27 -72 -57 -6 11 -1 27 6 2 46 44 -17 35 22 23 -7 12 -104 -24 -17 45 0 -15 -49 24 -36 27 18 73 22 45 -44 3 4
-42 0 -8 -15 35 -13 -11 15 -14 9 44 -13 -33 -20 4 35 -8 8 4 19 5 -87 13 8 29 32 -46 -10 -27 -16 -27 -72 -57 -6 11 -1 27 6 2 46 44 -17 35 22 23 -7 12 -104 -24 -17 45 0 -15 -49 24 -36 27 18 73 22 45 -44 3 4
-42 0 -8 -15 35 -13 -11 15 -14 9 44 -13 -33 -20 4 35 -8 8 4 19 5 -87 13 8 29 32 -46 -10 -27 -16 -27 -72 -57 -6 11 -1 27 6 2 46 44 -17 35 22 23 -7 12 -104 -24 -17 45 0 -15 -49 24 -36 27 18 73 22 45 -44 3 4
-42 0 -8 -15 35 -13 -11 15 -14 9 44 -13 -33 -20 4 35 -8 8 4 19 5 -87 13 8 29 32 -46 -10 -27 -16 -27 -72 -57 -6 11 -1 27 6 2 46 44 -17 35 22 23 -7 12 -104 -24 -17 45 0 -15 -49 24 -36 27 18 73 22 45 -44 3 4
-42 0 -8 -15 35 -13 -11 15 -14 9 44 -13 -33 -20 4 35 -8 8 4 19 5 -87 13 8 29 32 -46 -10 -27 -16 -27 -72 -57 -6 11 -1 27 6 2 46 44 -17 35 22 23 -7 12 -104 -24 -17 45 0 -15 -49 24 -36 27 18 73 22 45 -44 3 4
-42 0 -8 -15 35 -13 -11 15 -14 9 44 -13 -33 -20 4 35 -8 8 4 19 5 -87 13 8 29 32 -46 -10 -27 -16 -27 -72 -57 -6 11 -1 27 6 2 46 44 -17 35 22 23 -7 12 -104 -24 -17 45 0 -15 -49 24 -36 27 18 73 22 45 -44 3 4
-42 0 -8 -15 35 -13 -11 15 -14 9 44 -13 -33 -20 4 35 -8 8 4 19 5 -87 13 8 29 32 -46 -10 -27 -16 -27 -72 -57 -6 11 -1 27 6 2 46 44 -17 35 22 23 -7 12 -104 -24 -17 45 0 -15 -49 24 -36 27 18 73 22 45 -44 3 4
-42 0 -8 -15 35 -13 -11 15 -14 9 44 -13 -33 -20 4 35 -8 8 4 19 5 -87 13 8 29 32 -46 -10 -27 -16 -27 -72 -57 -6 11 -1 27 6 2 46 44 -17 35 22 23 -7 12 -104 -24 -17 45 0 -15 -49 24 -36 27 18 73 22 45 -44 3 4
-42 0 -8 -15 35 -13 -11 15 -14 9 44 -13 -33 -20 4 35 -8 8 4 19 5 -87 13 8 29 32 -46 -10 -27 -16 -27 -72 -57 -6 11 -1 27 6 2 46 44 -17 35 22 23 -7 12 -104 -24 -17 45 0 -15 -49 24 -36 27 18 73 22 45 -44 3 4
-42 0 -8 -15 35 -13 -11 15 -14 9 44 -13 -33 -20 4 35 -8 8 4 19 5 -87 13 8 29 32 -46 -10 -27 -16 -27 -72 -57 -6 11 -1 27 6 2 46 44 -17 35 22 23 -7 12 -104 -24 -17 45 0 -15 -49 24 -36 27 18 73 22 45 -44 3 4
-42 0 -8 -15 35 -13 -11 15 -14 9 44 -13 -33 -20 4 35 -8 8 4 19 5 -87 13 8 29 32 -46 -10 -27 -16 -27 -72 -57 -6 11 -1 27 6 2 46 44 -17 35 22 23 -7 12 -104 -24 -17 45 0 -15 -49 24 -36 27 18 73 22 45 -44 3 4
-42 0 -8 -15 35 -13 -11 15 -14 9 44 -13 -33 -20 4 35 -8 8 4 19 5 -87 13 8 29 32 -46 -10 -27 -16 -27 -72 -57 -6 11 -1 27 6 2 46 44 -17 35 22 23 -7 12 -104 -24 -17 45 0 -15 -49 24 -36 27 18 73 22 45 -44 3 4
-42 0 -8 -15 35 -13 -11 15 -14 9 44 -13 -33 -20 4 35 -8 8 4 19 5 -87 13 8 29 32 -46 -10 -27 -16 -27 -72 -57 -6 11 -1 27 6 2 46 44 -17 35 22 23 -7 12 -104 -24 -17 45 0 -15 -49 24 -36 27 18 73 22 45 -44 3 4
-42 0 -8 -15 35 -13 -11 15 -14 9 44 -13 -33 -20 4 35 -8 8 4 19 5 -87 13 8 29 32 -46 -10 -27 -16 -27 -72 -57 -6 11 -1 27 6 2 46 44 -17 35 22 23 -7 12 -104 -24 -17 45 0 -15 -49 24 -36 27 18 73 22 45 -44 3 4
-42 0 -8 -15 35 -13 -11 15 -14 9 44 -13 -33 -20 4 35 -8 8 4 19 5 -87 13 8 29 32 -46 -10 -27 -16 -27 -72 -57 -6 11 -1 27 6 2 46 44 -17 35 22 23 -7 12 -104 -24 -17 45 0 -15 -49 24 -36 27 18 73 22 45 -44 3 4
-42 0 -8 -15 35 -13 -11 15 -14 9 44 -13 -33 -20 4 35 -8 8 4 19 5 -87 13 8 29 32 -46 -10 -27 -16 -27 -72 -57 -6 11 -1 27 6 2 46 44 -17 35 22 23 -7 12 -104 -24 -17 45 0 -15 -49 24 -36 27 18 73 22 45 -44 3 4
-42 0 -8 -15 35 -13 -11 15 -14 9 44 -13 -33 -20 4 35 -8 8 4 19 5 -87 13 8 29 32 -46 -10 -27 -16 -27 -72 -57 -6 11 -1 27 6 2 46 44 -17 35 22 23 -7 12 -104 -24 -17 45 0 -15 -49 24 -36 27 18 73 22 45 -44 3 4
-42 0 -8 -15 35 -13 -11 15 -14 9 44 -13 -33 -20 4 35 -8 8 4 19 5 -87 13 8 29 32 -46 -10 -27 -16 -27 -72 -57 -6 11 -1 27 6 2 46 44 -17 35 22 23 -7 12 -104 -24 -17 45 0 -15 -49 24 -36 27 18 73 22 45 -44 3 4
-42 0 -8 -15 35 -13 -11 15 -14 9 44 -13 -33 -20 4 35 -8 8 4 19 5 -87 13 8 29 32 -46 -10 -27 -16 -27 -72 -57 -6 11 -1 27 6 2 46 44 -17 35 22 23 -7 12 -104 -24 -17 45 0 -15 -49 24 -36 27 18 73 22 45 -44 3 4
-42 0 -8 -15 35 -13 -11 15 -14 9 44 -13 -33 -20 4 35 -8 8 4 19 5 -87 13 8 29 32 -46 -10 -27 -16 -27 -72 -57 -6 11 -1 27 6 2 46 44 -17 35 22 23 -7 12 -104 -24 -17 45 0 -15 -49 24 -36 27 18 73 22 45 -44 3 4
-42 0 -8 -15 35 -13 -11 15 -14 9 44 -13 -33 -20 4 35 -8 8 4 19 5 -87 13 8 29 32 -46 -10 -27 -16 -27 -72 -57 -6 11 -1 27 6 2 46 44 -17 35 22 23 -7 12 -104 -24 -17 45 0 -15 -49 24 -36 27 18 73 22 45 -44 3 4
-42 0 -8 -15 35 -13 -11 15 -14 9 44 -13 -33 -20 4 35 -8 8 4 19 5 -87 13 8 29 32 -46 -10 -27 -16 -27 -72 -57 -6 11 -1 27 6 2 46 44 -17 35 22 23 -7 12 -104 -24 -17 45 0 -15 -49 24 -36 27 18 73 22 45 -44 3 4
-42 0 -8 -15 35 -13 -11 15 -14 9 44 -13 -33 -20 4 35 -8 8 4 19 5 -87 13 8 29 32 -46 -10 -27 -16 -27 -72 -57 -6 11 -1 27 6 2 46 44 -17 35 22 23 -7 12 -104 -24 -17 45 0 -15 -49 24 -36 27 18 73 22 45 -44 3 4
-42 0 -8 -15 35 -13 -11 15 -14 9 44 -13 -33 -20 4 35 -8 8 4 19 5 -87 13 8 29 32 -46 -10 -27 -16 -27 -72 -57 -6 11 -1 27 6 2 46 44 -17 35 22 23 -7 12 -104 -24 -17 45 0 -15 -49 24 -36 27 18 73 22 45 -44 3 4
-42 0 -8 -15 35 -13 -11 15 -14 9 44 -13 -33 -20 4 35 -8 8 4 19 5 -87 13 8 29 32 -46 -10 -27 -16 -27 -72 -57 -6 11 -1 27 6 2 46 44 -17 35 22 23 -7 12 -104 -24 -17 45 0 -15 -49 24 -36 27 18 73 22 45 -44 3 4
-42 0 -8 -15 35 -13 -11 15 -14 9 44 -13 -33 -20 4 35 -8 8 4 19 5 -87 13 8 29 32 -46 -10 -27 -16 -27 -72 -57 -6 11 -1 27 6 2 46 44 -17 35 22 23 -7 12 -104 -24 -17 45 0 -15 -49 24 -36 27 18 73 22 45 -44 3 4
-42 0 -8 -15 35 -13 -11 15 -14 9 44 -13 -33 -20 4 35 -8 8 4 19 5 -87 13 8 29 32 -46 -10 -27 -16 -27 -72 -57 -6 11 -1 27 6 2 46 44 -17 35 22 23 -7 12 -104 -24 -17 45 0 -15 -49 24 -36 27 18 73 22 45 -44 3 4
-42 0 -8 -15 35 -13 -11 15 -14 9 44 -13 -33 -20 4 35 -8 8 4 19 5 -87 13 8 29 32 -46 -10 -27 -16 -27 -72 -57 -6 11 -1 27 6 2 46 44 -17 35 22 23 -7 12 -104 -24 -17 45 0 -15 -49 24 -36 27 18 73 22 45 -44 3 4
-42 0 -8 -15 35 -13 -11 15 -14 9 44 -13 -33 -20 4 35 -8 8 4 19 5 -87 13 8 29 32 -46 -10 -27 -16 -27 -72 -57 -6 11 -1 27 6 2 46 44 -17 35 22 23 -7 12 -104 -24 -17 45 0 -15 -49 24 -36 27 18 73 22 45 -44 3 4
-42 0 -8 -15 35 -13 -11 15 -14 9 44 -13 -33 -20 4 35 -8 8 4 19 5 -87 13 8 29 32 -46 -10 -27 -16 -27 -72 -57 -6 11 -1 27 6 2 46 44 -17 35 22 23 -7 12 -104 -24 -17 45 0 -15 -49 24 -36 27 18 73 22 45 -44 3 4
-42 0 -8 -15 35 -13 -11 15 -14 9 44 -13 -33 -20 4 35 -8 8 4 19 5 -87 13 8 29 32 -46 -10 -27 -16 -27 -72 -57 -6 11 -1 27 6 2 46 44 -17 35 22 23 -7 12 -104 -24 -17 45 0 -15 -49 24 -36 27 18 73 22 45 -44 3 4
-42 0 -8 -15 35 -13 -11 15 -14 9 44 -13 -33 -20 4 35 -8 8 4 19 5 -87 13 8 29 32 -46 -10 -27 -16 -27 -72 -57 -6 11 -1 27 6 2 46 44 -17 35 22 23 -7 12 -104 -24 -17 45 0 -15 -49 24 -36 27 18 73 22 45 -44 3 4
-42 0 -8 -15 35 -13 -11 15 -14 9 44 -13 -33 -20 4 35 -8 8 4 19 5 -87 13 8 29 32 -46 -10 -27 -16 -27 -72 -57 -6 11 -1 27 6 2 46 44 -17 35 22 23 -7 12 -104 -24 -17 45 0 -15 -49 24 -36 27 18 73 22 45 -44 3 4
-42 0 -8 -15 35 -13 -11 15 -14 9 44 -13 -33 -20 4 35 -8 8 4 19 5 -87 13 8 29 32 -46 -10 -27 -16 -27 -72 -57 -6 11 -1 27 6 2 46 44 -17 35 22 23 -7 12 -104 -24 -17 45 0 -15 -49 24 -36 27 18 73 22 45 -44 3 4
-42 0 -8 -15 35 -13 -11 15 -14 9 44 -13 -33 -20 4 35 -8 8 4 19 5 -87 13 8 29 32 -46 -10 -27 -16 -27 -72 -57 -6 11 -1 27 6 2 46 44 -17 35 22 23 -7 12 -104 -24 -17 45 0 -15 -49 24 -36 27 18 73 22 45 -44 3 4
-42 0 -8 -15 35 -13 -11 15 -14 9 44 -13 -33 -20 4 35 -8 8 4 19 5 -87 13 8 29 32 -46 -10 -27 -16 -27 -72 -57 -6 11 -1 27 6 2 46 44 -17 35 22 23 -7 12 -104 -24 -17 45 0 -15 -49 24 -36 27 18 73 22 45 -44 3 4
-42 0 -8 -15 35 -13 -11 15 -14 9 44 -13 -33 -20 4 35 -8 8 4 19 5 -87 13 8 29 32 -46 -10 -27 -16 -27 -72 -57 -6 11 -1 27 6 2 46 44 -17 35 22 23 -7 12 -104 -24 -17 45 0 -15 -49 24 -36 27 18 73 22 45 -44 3 4
-42 0 -8 -15 35 -13 -11 15 -14 9 44 -13 -33 -20 4 35 -8 8 4 19 5 -87 13 8 29 32 -46 -10 -27 -16 -27 -72 -57 -6 11 -1 27 6 2 46 44 -17 35 22 23 -7 12 -104 -24 -17 45 0 -15 -49 24 -36 27 18 73 22 45 -44 3 4
-42 0 -8 -15 35 -13 -11 15 -14 9 44 -13 -33 -20 4 35 -8 8 4 19 5 -87 13 8 29 32 -46 -10 -27 -16 -27 -72 -57 -6 11 -1 27 6 2 46 44 -17 35 22 23 -7 12 -104 -24 -17 45 0 -15 -49 24 -36 27 18 73 22 45 -44 3 4
-42 0 -8 -15 35 -13 -11 15 -14 9 44 -13 -33 -20 4 35 -8 8 4 19 5 -87 13 8 29 32 -46 -10 -27 -16 -27 -72 -57 -6 11 -1 27 6 2 46 44 -17 35 22 23 -7 12 -104 -24 -17 45 0 -15 -49 24 -36 27 18 73 22 45 -44 3 4
-42 0 -8 -15 35 -13 -11 15 -14 9 44 -13 -33 -20 4 35 -8 8 4 19 5 -87 13 8 29 32 -46 -10 -27 -16 -27 -72 -57 -6 11 -1 27 6 2 46 44 -17 35 22 23 -7 12 -104 -24 -17 45 0 -15 -49 24 -36 27 18 73 22 45 -44 3 4
-42 0 -8 -15 35 -13 -11 15 -14 9 44 -13 -33 -20 4 35 -8 8 4 19 5 -87 13 8 29 32 -46 -10 -27 -16 -27 -72 -57 -6 11 -1 27 6 2 46 44 -17 35 22 23 -7 12 -104 -24 -17 45 0 -15 -49 24 -36 27 18 73 22 45 -44 3 4
-42 0 -8 -15 35 -13 -11 15 -14 9 44 -13 -33 -20 4 35 -8 8 4 19 5 -87 13 8 29 32 -46 -10 -27 -16 -27 -72 -57 -6 11 -1 27 6 2 46 44 -17 35 22 23 -7 12 -104 -24 -17 45 0 -15 -49 24 -36 27 18 73 22 45 -44 3 4
-42 0 -8 -15 35 -13 -11 15 -14 9 44 -13 -33 -20 4 35 -8 8 4 19 5 -87 13 8 29 32 -46 -10 -27 -16 -27 -72 -57 -6 11 -1 27 6 2 46 44 -17 35 22 23 -7 12 -104 -24 -17 45 0 -15 -49 24 -36 27 18 73 22 45 -44 3 4
-42 0 -8 -15 35 -13 -11 15 -14 9 44 -13 -33 -20 4 35 -8 8 4 19 5 -87 13 8 29 32 -46 -10 -27 -16 -27 -72 -57 -6 11 -1 27 6 2 46 44 -17 35 22 23 -7 12 -104 -24 -17 45 0 -15 -49 24 -36 27 18 73 22 45 -44 3 4
-42 0 -8 -15 35 -13 -11 15 -14 9 44 -13 -33 -20 4 35 -8 8 4 19 5 -87 13 8 29 32 -46 -10 -27 -16 -27 -72 -57 -6 11 -1 27 6 2 46 44 -17 35 22 23 -7 12 -104 -24 -17 45 0 -15 -49 24 -36 27 18 73 22 45 -44 3 4
-42 0 -8 -15 35 -13 -11 15 -14 9 44 -13 -33 -20 4 35 -8 8 4 19 5 -87 13 8 29 32 -46 -10 -27 -16 -27 -72 -57 -6 11 -1 27 6 2 46 44 -17 35 22 23 -7 12 -104 -24 -17 45 0 -15 -49 24 -36 27 18 73 22 45 -44 3 4
-42 0 -8 -15 35 -13 -11 15 -14 9 44 -13 -33 -20 4 35 -8 8 4 19 5 -87 13 8 29 32 -46 -10 -27 -16 -27 -72 -57 -6 11 -1 27 6 2 46 44 -17 35 22 23 -7 12 -104 -24 -17 45 0 -15 -49 24 -36 27 18 73 22 45 -44 3 4
-42 0 -8 -15 35 -13 -11 15 -14 9 44 -13 -33 -20 4 35 -8 8 4 19 5 -87 13 8 29 32 -46 -10 -27 -16 -27 -72 -57 -6 11 -1 27 6 2 46 44 -17 35 22 23 -7 12 -104 -24 -17 45 0 -15 -49 24 -36 27 18 73 22 45 -44 3 4
-42 0 -8 -15 35 -13 -11 15 -14 9 44 -13 -33 -20 4 35 -8 8 4 19 5 -87 13 8 29 32 -46 -10 -27 -16 -27 -72 -57 -6 11 -1 27 6 2 46 44 -17 35 22 23 -7 12 -104 -24 -17 45 0 -15 -49 24 -36 27 18 73 22 45 -44 3 4
-42 0 -8 -15 35 -13 -11 15 -14 9 44 -13 -33 -20 4 35 -8 8 4 19 5 -87 13 8 29 32 -46 -10 -27 -16 -27 -72 -57 -6 11 -1 27 6 2 46 44 -17 35 22 23 -7 12 -104 -24 -17 45 0 -15 -49 24 -36 27 18 73 22 45 -44 3 4
