2 0 0 0 -1 0 0 -2 -2 0 1 1 2 0 1 1 -1 -1 -2 2 4 1 -1 -2 1 -1 0 -1 3 1 1 0 -1 0 0 -2 0 0 -2 0 1 1 1 0 1 0 1 2 0 1 2 -1 1 -1 2 -2 1 1 2 -5 0 0 2 0
-10 -3 7 5 3 7 -3 -7 -7 -17 3 -3 9 -6 9 5 -2 -1 -3 -19 45 -6 -4 5 -9 -3 -6 -13 38 1 -3 10 7 7 -10 -8 8 11 -6 3 2 -8 8 -4 8 10 -5 -9 -3 -4 9 -6 -11 5 3 -1 13 2 -4 -3 -6 -69 7 1
-20 -4 4 -2 3 -6 -7 10 6 -4 -27 -2 12 -2 2 7 4 8 9 17 6 -11 -10 -4 4 -1 5 -13 32 -21 25 7 10 2 -15 -20 3 5 -6 -4 4 -6 -5 -4 -9 1 -3 -3 6 3 -3 -6 -15 0 -13 15 21 5 2 -5 3 -37 8 6
21 3 0 -3 5 0 5 10 3 14 -7 1 6 -8 6 -5 -4 1 -2 22 15 -1 -4 -2 -6 -8 14 1 19 -7 8 1 18 8 3 -9 -2 1 4 -6 0 -5 10 -3 7 2 -2 8 2 1 4 -2 -1 -1 9 -16 4 9 -5 -5 -6 -5 -20 8
15 -4 3 -2 -4 -11 7 4 9 1 11 15 18 -10 -25 0 12 0 -7 4 -5 4 3 -18 2 -6 15 7 25 2 -5 0 -8 10 3 -6 0 -10 15 3 9 -5 -25 -5 9 7 -5 4 0 6 12 10 5 9 -1 -27 -7 2 3 11 4 17 -37 -3
5 -12 11 -7 3 3 -11 -6 -6 -4 0 27 -7 2 24 2 4 17 -18 -11 -22 10 8 -12 4 10 11 -12 32 -22 -12 0 13 -5 -1 5 0 -16 3 1 -7 -8 -6 -11 1 9 -11 1 9 3 -14 -9 0 4 1 -4 -12 8 11 10 0 14 -8 2
-7 0 2 5 -3 -12 16 6 -1 -7 3 18 9 -5 0 -4 9 11 -5 -2 -6 -4 0 -4 0 -2 -9 -4 15 -3 -3 -9 -2 3 -7 9 -9 -5 -1 0 -6 1 -24 -3 20 -1 -9 -3 -14 4 -4 5 6 15 17 -18 2 -2 -20 10 3 22 -28 -10
-28 4 4 9 -3 3 7 3 7 -9 0 -2 5 -9 9 7 -3 2 8 4 -9 11 4 1 -11 2 -18 3 18 -9 -2 -1 14 -13 0 2 -6 9 -2 -3 8 -1 -16 -8 -3 10 2 3 1 6 0 0 11 -2 6 12 -6 -7 13 -7 15 20 -33 1
-39 11 8 11 -1 5 15 1 6 7 22 -3 -2 2 -9 22 -5 0 -6 43 -11 -1 8 -11 3 -7 -11 15 21 -30 1 3 5 -9 11 -30 9 -1 -9 19 -5 3 3 -3 4 -9 -7 -1 6 4 1 -8 11 3 -2 8 -4 9 -4 4 -18 -6 -3 13
-3 17 -1 12 -2 -5 0 2 -12 3 12 4 3 3 -6 3 5 9 -5 5 -5 4 7 -3 -3 0 12 2 -1 3 -8 -12 19 6 -2 -12 -11 -7 18 -1 -4 9 3 8 2 -3 -7 -3 9 -5 0 3 0 -7 -5 3 -5 0 2 10 19 8 -8 -2
-3 -5 -1 -6 3 -7 11 28 -32 0 12 2 12 -13 13 12 14 -9 -5 1 22 25 7 -2 -1 10 14 16 23 22 -3 5 13 5 11 -15 6 20 7 -9 -9 -6 1 -10 9 -28 8 0 -25 14 -8 6 -3 11 -8 18 3 8 -14 1 -16 -1 45 10
-25 1 -7 3 4 -11 0 -4 -2 -8 -2 14 11 1 2 8 21 -4 -11 13 -7 9 -7 9 -2 5 -4 -1 7 -2 -14 1 4 13 1 -6 1 11 -9 -8 -5 -15 4 4 6 -12 -8 8 -10 -7 -9 -4 2 -6 5 -6 -3 0 -3 9 -10 16 12 -10
33 -1 -4 10 8 -2 7 5 7 8 2 1 8 -5 8 -6 -2 0 -7 40 8 2 5 -4 -1 -4 7 7 6 0 3 -6 22 7 12 -10 -1 -7 4 2 2 -14 8 1 14 -1 7 4 8 -3 1 -1 8 3 12 -23 -5 7 -6 -4 -2 14 -16 7
-11 7 9 -5 1 4 20 11 5 -25 -9 -11 11 -16 19 22 21 -6 0 -11 17 12 3 0 -9 9 -5 -6 52 10 -4 2 0 0 -7 -4 5 -5 -3 -5 9 8 -21 -5 5 2 -9 0 5 3 -8 -12 7 9 11 -7 4 -4 8 -28 2 -17 -22 12
-6 7 -1 16 -5 2 4 3 -11 -1 3 5 7 6 -7 3 8 19 -3 16 4 2 11 -1 -3 -1 8 1 20 -1 -10 -5 19 -2 0 -7 -11 -8 8 -2 -4 5 0 12 8 -14 -7 -3 13 3 -3 -2 4 -4 -4 8 -7 -2 2 7 12 0 -6 -3
12 -4 -12 18 -6 -18 12 23 -13 12 10 -5 6 -4 2 19 4 3 -13 0 12 6 -2 -7 -6 -13 6 8 19 2 12 9 10 -10 3 -16 7 8 -6 14 -10 -9 7 8 9 -15 -3 -3 -2 16 -9 7 15 5 4 -11 -11 7 -21 9 -18 8 12 11
20 2 4 15 -6 -3 -7 17 -19 4 25 9 -3 -2 -6 3 -18 10 -1 14 16 3 -4 7 -11 -5 -9 7 22 3 3 8 15 -3 13 9 -1 12 10 11 0 -3 -22 17 10 -11 2 -7 -1 15 3 1 27 -11 13 7 20 -15 6 -2 -17 31 -16 -12
7 -1 10 0 -7 -6 -19 3 -3 9 16 -6 22 2 -5 -10 -24 7 -10 -20 6 1 6 -7 3 -14 7 11 46 -9 -4 19 -14 2 -10 -2 5 -25 4 4 -1 -1 -6 5 18 -6 -11 -8 10 -12 -12 -18 16 -21 -1 27 1 2 2 -26 -4 15 1 0
-1 -13 21 -1 -7 -11 -6 -12 -17 -8 7 5 -8 -1 21 10 -15 -2 3 -6 24 20 -2 1 13 0 -3 3 34 -20 -5 18 12 -18 -11 12 10 -6 -11 -9 -12 8 -8 -4 9 -1 20 -9 1 14 2 -21 22 -6 -7 13 2 7 -7 -13 -29 21 -1 13
-18 -1 3 4 -12 9 -8 -13 -10 -3 -11 13 -2 -5 -5 21 -11 -6 6 -5 7 4 -4 2 -9 -25 -5 4 20 -13 -7 -7 5 -4 12 16 -11 0 -1 -3 8 -21 -13 -3 4 -5 7 6 -12 7 -17 2 4 -12 0 -3 -2 -7 -7 10 -15 36 -21 6
-30 -1 11 -4 15 9 -5 -10 -3 -17 -26 -20 8 -1 7 2 3 5 7 6 12 -3 -5 -9 -2 2 -12 5 22 -14 1 5 11 -7 18 13 -1 6 -10 -2 -4 3 -13 -8 2 8 10 8 12 2 -6 -5 15 -16 -9 6 -13 -3 -10 -2 -3 22 -6 5
-9 -3 8 1 -4 1 6 8 15 8 -16 -1 -1 2 -9 -7 14 8 -12 7 12 -3 -5 7 -6 -1 19 14 -20 5 -13 1 14 -11 6 9 -3 -5 3 -2 5 2 -8 -3 0 9 -2 -10 4 1 -14 -9 -8 -4 -5 7 12 16 -2 7 12 -16 9 23
-4 -2 4 2 -12 4 2 -5 8 -7 -7 1 3 5 -2 4 -1 3 -4 1 33 4 6 -7 -2 1 2 -4 6 2 -2 0 11 -5 3 -4 -1 -7 -2 4 0 -2 0 7 5 24 -4 -1 9 -3 -8 -8 8 -9 5 4 -6 3 1 6 2 -37 14 0
-3 -12 8 2 -13 -5 -1 -8 10 -12 -8 -1 2 -7 -7 2 4 0 0 -22 35 0 -2 1 2 -7 6 -6 11 2 -4 -2 2 -3 -3 -11 1 -11 -3 5 -3 -5 5 14 -1 8 -11 -6 15 -2 -11 -12 12 -2 -2 8 -1 5 1 10 0 -46 9 -4
-12 4 4 6 4 -4 -5 -2 -1 -14 -14 6 6 0 10 -2 -11 2 -4 -27 41 -3 1 5 1 -7 1 5 21 7 -4 -5 8 -10 -2 2 -1 -11 8 -4 -4 -6 1 10 -3 6 -6 4 -5 -6 -15 -5 4 -1 10 3 2 3 -3 3 1 -53 16 8
10 -3 5 -11 4 -5 2 -8 0 12 -5 4 -1 -1 6 0 1 -2 -4 20 29 -3 3 5 -6 5 12 9 -9 -2 2 6 1 -3 1 -8 -2 4 -8 -1 0 -11 5 -2 1 23 16 -7 -2 -9 3 2 12 0 3 -8 -1 10 -3 13 -7 -30 -15 8
11 -3 6 4 -6 -14 4 3 11 3 2 19 16 -8 -27 -3 10 -3 -4 1 -2 -3 3 -19 1 0 18 9 28 6 -1 1 -18 6 3 0 -1 -11 15 4 9 0 -31 -2 7 5 -3 1 -3 5 3 8 13 7 1 -27 -6 2 4 12 -2 13 -39 0
8 -14 18 -5 2 -1 -10 -11 -3 0 -3 26 -10 7 17 0 0 14 -17 -11 -22 6 11 -8 3 20 15 -11 26 -15 -7 -1 5 -10 1 9 3 -16 0 -1 -6 -10 -5 -5 4 6 -11 0 8 0 -15 -10 6 1 4 -3 -15 10 11 13 -10 18 -5 7
-11 -2 2 8 -6 -13 18 0 1 -11 -4 18 9 -4 0 -5 4 11 -5 -3 -8 -14 3 0 1 6 -9 -3 17 8 -4 -9 -7 -8 -6 18 -4 -4 -2 -1 -4 4 -23 0 21 3 -6 -1 -14 5 -10 5 12 13 18 -18 7 0 -15 8 6 19 -26 -6
-30 -4 3 11 -5 3 12 4 4 -11 -7 -2 9 -6 6 7 -1 5 8 -2 -6 2 -1 1 -10 5 -12 7 22 0 3 -6 10 -18 4 1 -9 8 -2 -1 4 5 -14 2 -4 8 7 6 -1 8 -6 1 19 -1 8 8 -6 -1 13 -9 12 22 -29 -2
-44 9 1 10 -1 1 19 -2 4 3 8 -4 5 9 -7 16 -8 -4 -8 34 -12 -7 9 -7 5 -7 -16 19 34 -21 6 -8 -4 -15 8 -28 10 2 -12 19 -2 6 3 10 0 -5 -6 -3 1 2 -8 -11 18 3 2 -1 1 10 6 1 -17 -22 -1 5
0 -3 20 4 16 -9 0 7 -9 7 14 3 13 0 -6 0 -4 -5 -7 19 0 4 2 -7 -14 3 17 13 31 16 0 4 -8 -11 17 -20 9 12 7 -3 -13 2 -4 6 2 -28 4 -1 -33 3 -7 -22 -6 20 -2 5 8 0 2 14 -9 -10 19 23
-25 0 -4 0 -4 -7 2 0 -4 -7 -8 11 16 4 2 7 18 -8 -7 5 2 5 -10 7 -2 8 1 2 20 2 -15 3 -6 11 2 -8 1 4 -11 -10 -4 -9 9 11 4 -14 -9 9 -9 -4 -10 2 2 -9 9 -17 -7 4 -1 9 -11 2 17 -13
31 -9 4 12 -1 -10 11 7 6 8 -4 1 9 -2 9 -5 -1 -13 -3 14 14 -16 -2 3 3 -9 1 12 7 7 -2 -2 24 7 2 -7 -9 -10 7 9 -8 -2 6 -1 -1 -6 6 4 2 5 -3 5 10 -5 4 -31 2 7 9 1 -13 11 -25 4
27 2 9 14 -12 -4 -7 22 -20 7 23 7 4 -1 -1 2 -20 11 -7 7 4 -3 -7 5 -10 0 -3 8 24 8 3 9 8 -7 9 9 1 9 15 11 4 7 -21 21 6 -5 -2 -6 1 11 3 1 24 -12 14 10 21 -7 12 0 -20 29 -18 -15
7 -2 14 2 -13 -8 -17 6 -5 9 12 -7 28 2 -2 -6 -28 10 -11 -23 5 -4 3 -8 4 -13 8 14 51 -9 -6 23 -20 -1 -10 -2 5 -28 3 4 4 3 -4 12 12 -5 -11 -7 5 -12 -8 -19 10 -23 -4 25 2 6 8 -23 -3 14 -2 -1
-3 -14 19 -2 -9 -11 -3 -7 -18 -9 5 1 -6 1 25 16 -20 1 6 -14 21 15 0 2 17 3 -2 2 37 -19 -2 18 7 -21 -12 18 12 -8 -5 -8 -10 9 0 -1 8 -2 22 -9 -1 16 -3 -19 17 -6 -4 10 1 12 -2 -9 -27 20 0 8
-8 0 10 7 -12 9 -5 -10 -9 -4 -8 10 3 -6 -2 20 -16 -10 7 -8 7 1 -4 1 -6 -21 -3 -1 25 -9 -4 -10 2 -2 10 14 -14 1 -2 -2 15 -19 -12 2 4 -5 7 5 -12 6 -17 1 0 -15 3 -14 -2 -1 -3 14 -17 38 -24 5
-29 2 15 -5 15 10 -3 -4 -5 -17 -24 -19 10 -2 7 1 0 5 10 -1 12 -12 -6 -9 2 7 -13 5 18 -12 4 8 7 -10 17 15 0 4 -10 -1 -1 10 -8 -8 -1 10 10 4 10 7 -5 -3 8 -18 -7 4 -15 -3 -7 1 -5 25 -9 2
-5 -1 13 -3 -5 -1 5 14 18 8 -11 0 5 3 -5 -6 10 10 -6 4 8 -6 -8 5 -1 1 19 11 -19 5 -8 0 9 -7 5 7 -5 -9 4 -2 10 9 -4 -1 -4 9 0 -11 4 5 -14 -9 -10 -4 -6 6 10 21 2 14 13 -16 1 21
-7 -2 5 -2 -14 4 1 1 9 0 -4 1 11 3 0 3 -4 7 0 -4 35 -3 2 -7 1 0 1 -7 2 1 -1 -3 7 -4 5 -8 -4 -8 2 3 0 3 5 8 -1 23 0 -5 5 -4 -8 -7 3 -11 4 1 -8 13 2 11 0 -41 11 -5
-3 5 23 -11 -23 -13 29 8 12 69 5 4 -3 23 2 -51 22 -15 9 11 -33 3 3 -4 -19 7 16 8 -104 18 -33 3 -3 -16 0 -22 -2 -3 0 -6 -2 13 -21 1 -4 9 -9 -13 18 -6 8 7 -4 -8 -28 25 33 12 -8 33 -7 -1 -55 7
-3 5 23 -11 -23 -13 29 8 12 69 5 4 -3 23 2 -51 22 -15 9 11 -33 3 3 -4 -19 7 16 8 -104 18 -33 3 -3 -16 0 -22 -2 -3 0 -6 -2 13 -21 1 -4 9 -9 -13 18 -6 8 7 -4 -8 -28 25 33 12 -8 33 -7 -1 -55 7
-3 5 23 -11 -23 -13 29 8 12 69 5 4 -3 23 2 -51 22 -15 9 11 -33 3 3 -4 -19 7 16 8 -104 18 -33 3 -3 -16 0 -22 -2 -3 0 -6 -2 13 -21 1 -4 9 -9 -13 18 -6 8 7 -4 -8 -28 25 33 12 -8 33 -7 -1 -55 7
-3 5 23 -11 -23 -13 29 8 12 69 5 4 -3 23 2 -51 22 -15 9 11 -33 3 3 -4 -19 7 16 8 -104 18 -33 3 -3 -16 0 -22 -2 -3 0 -6 -2 13 -21 1 -4 9 -9 -13 18 -6 8 7 -4 -8 -28 25 33 12 -8 33 -7 -1 -55 7
-3 5 23 -11 -23 -13 29 8 12 69 5 4 -3 23 2 -51 22 -15 9 11 -33 3 3 -4 -19 7 16 8 -104 18 -33 3 -3 -16 0 -22 -2 -3 0 -6 -2 13 -21 1 -4 9 -9 -13 18 -6 8 7 -4 -8 -28 25 33 12 -8 33 -7 -1 -55 7
-3 5 23 -11 -23 -13 29 8 12 69 5 4 -3 23 2 -51 22 -15 9 11 -33 3 3 -4 -19 7 16 8 -104 18 -33 3 -3 -16 0 -22 -2 -3 0 -6 -2 13 -21 1 -4 9 -9 -13 18 -6 8 7 -4 -8 -28 25 33 12 -8 33 -7 -1 -55 7
-3 5 23 -11 -23 -13 29 8 12 69 5 4 -3 23 2 -51 22 -15 9 11 -33 3 3 -4 -19 7 16 8 -104 18 -33 3 -3 -16 0 -22 -2 -3 0 -6 -2 13 -21 1 -4 9 -9 -13 18 -6 8 7 -4 -8 -28 25 33 12 -8 33 -7 -1 -55 7
-3 5 23 -11 -23 -13 29 8 12 69 5 4 -3 23 2 -51 22 -15 9 11 -33 3 3 -4 -19 7 16 8 -104 18 -33 3 -3 -16 0 -22 -2 -3 0 -6 -2 13 -21 1 -4 9 -9 -13 18 -6 8 7 -4 -8 -28 25 33 12 -8 33 -7 -1 -55 7
-3 5 23 -11 -23 -13 29 8 12 69 5 4 -3 23 2 -51 22 -15 9 11 -33 3 3 -4 -19 7 16 8 -104 18 -33 3 -3 -16 0 -22 -2 -3 0 -6 -2 13 -21 1 -4 9 -9 -13 18 -6 8 7 -4 -8 -28 25 33 12 -8 33 -7 -1 -55 7
-3 5 23 -11 -23 -13 29 8 12 69 5 4 -3 23 2 -51 22 -15 9 11 -33 3 3 -4 -19 7 16 8 -104 18 -33 3 -3 -16 0 -22 -2 -3 0 -6 -2 13 -21 1 -4 9 -9 -13 18 -6 8 7 -4 -8 -28 25 33 12 -8 33 -7 -1 -55 7
-3 5 23 -11 -23 -13 29 8 12 69 5 4 -3 23 2 -51 22 -15 9 11 -33 3 3 -4 -19 7 16 8 -104 18 -33 3 -3 -16 0 -22 -2 -3 0 -6 -2 13 -21 1 -4 9 -9 -13 18 -6 8 7 -4 -8 -28 25 33 12 -8 33 -7 -1 -55 7
-3 5 23 -11 -23 -13 29 8 12 69 5 4 -3 23 2 -51 22 -15 9 11 -33 3 3 -4 -19 7 16 8 -104 18 -33 3 -3 -16 0 -22 -2 -3 0 -6 -2 13 -21 1 -4 9 -9 -13 18 -6 8 7 -4 -8 -28 25 33 12 -8 33 -7 -1 -55 7
-3 5 23 -11 -23 -13 29 8 12 69 5 4 -3 23 2 -51 22 -15 9 11 -33 3 3 -4 -19 7 16 8 -104 18 -33 3 -3 -16 0 -22 -2 -3 0 -6 -2 13 -21 1 -4 9 -9 -13 18 -6 8 7 -4 -8 -28 25 33 12 -8 33 -7 -1 -55 7
-3 5 23 -11 -23 -13 29 8 12 69 5 4 -3 23 2 -51 22 -15 9 11 -33 3 3 -4 -19 7 16 8 -104 18 -33 3 -3 -16 0 -22 -2 -3 0 -6 -2 13 -21 1 -4 9 -9 -13 18 -6 8 7 -4 -8 -28 25 33 12 -8 33 -7 -1 -55 7
-3 5 23 -11 -23 -13 29 8 12 69 5 4 -3 23 2 -51 22 -15 9 11 -33 3 3 -4 -19 7 16 8 -104 18 -33 3 -3 -16 0 -22 -2 -3 0 -6 -2 13 -21 1 -4 9 -9 -13 18 -6 8 7 -4 -8 -28 25 33 12 -8 33 -7 -1 -55 7
-3 5 23 -11 -23 -13 29 8 12 69 5 4 -3 23 2 -51 22 -15 9 11 -33 3 3 -4 -19 7 16 8 -104 18 -33 3 -3 -16 0 -22 -2 -3 0 -6 -2 13 -21 1 -4 9 -9 -13 18 -6 8 7 -4 -8 -28 25 33 12 -8 33 -7 -1 -55 7
-3 5 23 -11 -23 -13 29 8 12 69 5 4 -3 23 2 -51 22 -15 9 11 -33 3 3 -4 -19 7 16 8 -104 18 -33 3 -3 -16 0 -22 -2 -3 0 -6 -2 13 -21 1 -4 9 -9 -13 18 -6 8 7 -4 -8 -28 25 33 12 -8 33 -7 -1 -55 7
-3 5 23 -11 -23 -13 29 8 12 69 5 4 -3 23 2 -51 22 -15 9 11 -33 3 3 -4 -19 7 16 8 -104 18 -33 3 -3 -16 0 -22 -2 -3 0 -6 -2 13 -21 1 -4 9 -9 -13 18 -6 8 7 -4 -8 -28 25 33 12 -8 33 -7 -1 -55 7
-3 5 23 -11 -23 -13 29 8 12 69 5 4 -3 23 2 -51 22 -15 9 11 -33 3 3 -4 -19 7 16 8 -104 18 -33 3 -3 -16 0 -22 -2 -3 0 -6 -2 13 -21 1 -4 9 -9 -13 18 -6 8 7 -4 -8 -28 25 33 12 -8 33 -7 -1 -55 7
-3 5 23 -11 -23 -13 29 8 12 69 5 4 -3 23 2 -51 22 -15 9 11 -33 3 3 -4 -19 7 16 8 -104 18 -33 3 -3 -16 0 -22 -2 -3 0 -6 -2 13 -21 1 -4 9 -9 -13 18 -6 8 7 -4 -8 -28 25 33 12 -8 33 -7 -1 -55 7
-3 5 23 -11 -23 -13 29 8 12 69 5 4 -3 23 2 -51 22 -15 9 11 -33 3 3 -4 -19 7 16 8 -104 18 -33 3 -3 -16 0 -22 -2 -3 0 -6 -2 13 -21 1 -4 9 -9 -13 18 -6 8 7 -4 -8 -28 25 33 12 -8 33 -7 -1 -55 7
-3 5 23 -11 -23 -13 29 8 12 69 5 4 -3 23 2 -51 22 -15 9 11 -33 3 3 -4 -19 7 16 8 -104 18 -33 3 -3 -16 0 -22 -2 -3 0 -6 -2 13 -21 1 -4 9 -9 -13 18 -6 8 7 -4 -8 -28 25 33 12 -8 33 -7 -1 -55 7
-3 5 23 -11 -23 -13 29 8 12 69 5 4 -3 23 2 -51 22 -15 9 11 -33 3 3 -4 -19 7 16 8 -104 18 -33 3 -3 -16 0 -22 -2 -3 0 -6 -2 13 -21 1 -4 9 -9 -13 18 -6 8 7 -4 -8 -28 25 33 12 -8 33 -7 -1 -55 7
-3 5 23 -11 -23 -13 29 8 12 69 5 4 -3 23 2 -51 22 -15 9 11 -33 3 3 -4 -19 7 16 8 -104 18 -33 3 -3 -16 0 -22 -2 -3 0 -6 -2 13 -21 1 -4 9 -9 -13 18 -6 8 7 -4 -8 -28 25 33 12 -8 33 -7 -1 -55 7
-3 5 23 -11 -23 -13 29 8 12 69 5 4 -3 23 2 -51 22 -15 9 11 -33 3 3 -4 -19 7 16 8 -104 18 -33 3 -3 -16 0 -22 -2 -3 0 -6 -2 13 -21 1 -4 9 -9 -13 18 -6 8 7 -4 -8 -28 25 33 12 -8 33 -7 -1 -55 7
-3 5 23 -11 -23 -13 29 8 12 69 5 4 -3 23 2 -51 22 -15 9 11 -33 3 3 -4 -19 7 16 8 -104 18 -33 3 -3 -16 0 -22 -2 -3 0 -6 -2 13 -21 1 -4 9 -9 -13 18 -6 8 7 -4 -8 -28 25 33 12 -8 33 -7 -1 -55 7
-3 5 23 -11 -23 -13 29 8 12 69 5 4 -3 23 2 -51 22 -15 9 11 -33 3 3 -4 -19 7 16 8 -104 18 -33 3 -3 -16 0 -22 -2 -3 0 -6 -2 13 -21 1 -4 9 -9 -13 18 -6 8 7 -4 -8 -28 25 33 12 -8 33 -7 -1 -55 7
-3 5 23 -11 -23 -13 29 8 12 69 5 4 -3 23 2 -51 22 -15 9 11 -33 3 3 -4 -19 7 16 8 -104 18 -33 3 -3 -16 0 -22 -2 -3 0 -6 -2 13 -21 1 -4 9 -9 -13 18 -6 8 7 -4 -8 -28 25 33 12 -8 33 -7 -1 -55 7
-3 5 23 -11 -23 -13 29 8 12 69 5 4 -3 23 2 -51 22 -15 9 11 -33 3 3 -4 -19 7 16 8 -104 18 -33 3 -3 -16 0 -22 -2 -3 0 -6 -2 13 -21 1 -4 9 -9 -13 18 -6 8 7 -4 -8 -28 25 33 12 -8 33 -7 -1 -55 7
-3 5 23 -11 -23 -13 29 8 12 69 5 4 -3 23 2 -51 22 -15 9 11 -33 3 3 -4 -19 7 16 8 -104 18 -33 3 -3 -16 0 -22 -2 -3 0 -6 -2 13 -21 1 -4 9 -9 -13 18 -6 8 7 -4 -8 -28 25 33 12 -8 33 -7 -1 -55 7
-3 5 23 -11 -23 -13 29 8 12 69 5 4 -3 23 2 -51 22 -15 9 11 -33 3 3 -4 -19 7 16 8 -104 18 -33 3 -3 -16 0 -22 -2 -3 0 -6 -2 13 -21 1 -4 9 -9 -13 18 -6 8 7 -4 -8 -28 25 33 12 -8 33 -7 -1 -55 7
-3 5 23 -11 -23 -13 29 8 12 69 5 4 -3 23 2 -51 22 -15 9 11 -33 3 3 -4 -19 7 16 8 -104 18 -33 3 -3 -16 0 -22 -2 -3 0 -6 -2 13 -21 1 -4 9 -9 -13 18 -6 8 7 -4 -8 -28 25 33 12 -8 33 -7 -1 -55 7
-3 5 23 -11 -23 -13 29 8 12 69 5 4 -3 23 2 -51 22 -15 9 11 -33 3 3 -4 -19 7 16 8 -104 18 -33 3 -3 -16 0 -22 -2 -3 0 -6 -2 13 -21 1 -4 9 -9 -13 18 -6 8 7 -4 -8 -28 25 33 12 -8 33 -7 -1 -55 7
-3 5 23 -11 -23 -13 29 8 12 69 5 4 -3 23 2 -51 22 -15 9 11 -33 3 3 -4 -19 7 16 8 -104 18 -33 3 -3 -16 0 -22 -2 -3 0 -6 -2 13 -21 1 -4 9 -9 -13 18 -6 8 7 -4 -8 -28 25 33 12 -8 33 -7 -1 -55 7
-3 5 23 -11 -23 -13 29 8 12 69 5 4 -3 23 2 -51 22 -15 9 11 -33 3 3 -4 -19 7 16 8 -104 18 -33 3 -3 -16 0 -22 -2 -3 0 -6 -2 13 -21 1 -4 9 -9 -13 18 -6 8 7 -4 -8 -28 25 33 12 -8 33 -7 -1 -55 7
-3 5 23 -11 -23 -13 29 8 12 69 5 4 -3 23 2 -51 22 -15 9 11 -33 3 3 -4 -19 7 16 8 -104 18 -33 3 -3 -16 0 -22 -2 -3 0 -6 -2 13 -21 1 -4 9 -9 -13 18 -6 8 7 -4 -8 -28 25 33 12 -8 33 -7 -1 -55 7
-3 5 23 -11 -23 -13 29 8 12 69 5 4 -3 23 2 -51 22 -15 9 11 -33 3 3 -4 -19 7 16 8 -104 18 -33 3 -3 -16 0 -22 -2 -3 0 -6 -2 13 -21 1 -4 9 -9 -13 18 -6 8 7 -4 -8 -28 25 33 12 -8 33 -7 -1 -55 7
-3 5 23 -11 -23 -13 29 8 12 69 5 4 -3 23 2 -51 22 -15 9 11 -33 3 3 -4 -19 7 16 8 -104 18 -33 3 -3 -16 0 -22 -2 -3 0 -6 -2 13 -21 1 -4 9 -9 -13 18 -6 8 7 -4 -8 -28 25 33 12 -8 33 -7 -1 -55 7
-3 5 23 -11 -23 -13 29 8 12 69 5 4 -3 23 2 -51 22 -15 9 11 -33 3 3 -4 -19 7 16 8 -104 18 -33 3 -3 -16 0 -22 -2 -3 0 -6 -2 13 -21 1 -4 9 -9 -13 18 -6 8 7 -4 -8 -28 25 33 12 -8 33 -7 -1 -55 7
-3 5 23 -11 -23 -13 29 8 12 69 5 4 -3 23 2 -51 22 -15 9 11 -33 3 3 -4 -19 7 16 8 -104 18 -33 3 -3 -16 0 -22 -2 -3 0 -6 -2 13 -21 1 -4 9 -9 -13 18 -6 8 7 -4 -8 -28 25 33 12 -8 33 -7 -1 -55 7
-3 5 23 -11 -23 -13 29 8 12 69 5 4 -3 23 2 -51 22 -15 9 11 -33 3 3 -4 -19 7 16 8 -104 18 -33 3 -3 -16 0 -22 -2 -3 0 -6 -2 13 -21 1 -4 9 -9 -13 18 -6 8 7 -4 -8 -28 25 33 12 -8 33 -7 -1 -55 7
-3 5 23 -11 -23 -13 29 8 12 69 5 4 -3 23 2 -51 22 -15 9 11 -33 3 3 -4 -19 7 16 8 -104 18 -33 3 -3 -16 0 -22 -2 -3 0 -6 -2 13 -21 1 -4 9 -9 -13 18 -6 8 7 -4 -8 -28 25 33 12 -8 33 -7 -1 -55 7
-3 5 23 -11 -23 -13 29 8 12 69 5 4 -3 23 2 -51 22 -15 9 11 -33 3 3 -4 -19 7 16 8 -104 18 -33 3 -3 -16 0 -22 -2 -3 0 -6 -2 13 -21 1 -4 9 -9 -13 18 -6 8 7 -4 -8 -28 25 33 12 -8 33 -7 -1 -55 7
-3 5 23 -11 -23 -13 29 8 12 69 5 4 -3 23 2 -51 22 -15 9 11 -33 3 3 -4 -19 7 16 8 -104 18 -33 3 -3 -16 0 -22 -2 -3 0 -6 -2 13 -21 1 -4 9 -9 -13 18 -6 8 7 -4 -8 -28 25 33 12 -8 33 -7 -1 -55 7
-3 5 23 -11 -23 -13 29 8 12 69 5 4 -3 23 2 -51 22 -15 9 11 -33 3 3 -4 -19 7 16 8 -104 18 -33 3 -3 -16 0 -22 -2 -3 0 -6 -2 13 -21 1 -4 9 -9 -13 18 -6 8 7 -4 -8 -28 25 33 12 -8 33 -7 -1 -55 7
-3 5 23 -11 -23 -13 29 8 12 69 5 4 -3 23 2 -51 22 -15 9 11 -33 3 3 -4 -19 7 16 8 -104 18 -33 3 -3 -16 0 -22 -2 -3 0 -6 -2 13 -21 1 -4 9 -9 -13 18 -6 8 7 -4 -8 -28 25 33 12 -8 33 -7 -1 -55 7
-3 5 23 -11 -23 -13 29 8 12 69 5 4 -3 23 2 -51 22 -15 9 11 -33 3 3 -4 -19 7 16 8 -104 18 -33 3 -3 -16 0 -22 -2 -3 0 -6 -2 13 -21 1 -4 9 -9 -13 18 -6 8 7 -4 -8 -28 25 33 12 -8 33 -7 -1 -55 7
-3 5 23 -11 -23 -13 29 8 12 69 5 4 -3 23 2 -51 22 -15 9 11 -33 3 3 -4 -19 7 16 8 -104 18 -33 3 -3 -16 0 -22 -2 -3 0 -6 -2 13 -21 1 -4 9 -9 -13 18 -6 8 7 -4 -8 -28 25 33 12 -8 33 -7 -1 -55 7
-3 5 23 -11 -23 -13 29 8 12 69 5 4 -3 23 2 -51 22 -15 9 11 -33 3 3 -4 -19 7 16 8 -104 18 -33 3 -3 -16 0 -22 -2 -3 0 -6 -2 13 -21 1 -4 9 -9 -13 18 -6 8 7 -4 -8 -28 25 33 12 -8 33 -7 -1 -55 7
-3 5 23 -11 -23 -13 29 8 12 69 5 4 -3 23 2 -51 22 -15 9 11 -33 3 3 -4 -19 7 16 8 -104 18 -33 3 -3 -16 0 -22 -2 -3 0 -6 -2 13 -21 1 -4 9 -9 -13 18 -6 8 7 -4 -8 -28 25 33 12 -8 33 -7 -1 -55 7
-3 5 23 -11 -23 -13 29 8 12 69 5 4 -3 23 2 -51 22 -15 9 11 -33 3 3 -4 -19 7 16 8 -104 18 -33 3 -3 -16 0 -22 -2 -3 0 -6 -2 13 -21 1 -4 9 -9 -13 18 -6 8 7 -4 -8 -28 25 33 12 -8 33 -7 -1 -55 7
-3 5 23 -11 -23 -13 29 8 12 69 5 4 -3 23 2 -51 22 -15 9 11 -33 3 3 -4 -19 7 16 8 -104 18 -33 3 -3 -16 0 -22 -2 -3 0 -6 -2 13 -21 1 -4 9 -9 -13 18 -6 8 7 -4 -8 -28 25 33 12 -8 33 -7 -1 -55 7
-3 5 23 -11 -23 -13 29 8 12 69 5 4 -3 23 2 -51 22 -15 9 11 -33 3 3 -4 -19 7 16 8 -104 18 -33 3 -3 -16 0 -22 -2 -3 0 -6 -2 13 -21 1 -4 9 -9 -13 18 -6 8 7 -4 -8 -28 25 33 12 -8 33 -7 -1 -55 7
-3 5 23 -11 -23 -13 29 8 12 69 5 4 -3 23 2 -51 22 -15 9 11 -33 3 3 -4 -19 7 16 8 -104 18 -33 3 -3 -16 0 -22 -2 -3 0 -6 -2 13 -21 1 -4 9 -9 -13 18 -6 8 7 -4 -8 -28 25 33 12 -8 33 -7 -1 -55 7
-3 5 23 -11 -23 -13 29 8 12 69 5 4 -3 23 2 -51 22 -15 9 11 -33 3 3 -4 -19 7 16 8 -104 18 -33 3 -3 -16 0 -22 -2 -3 0 -6 -2 13 -21 1 -4 9 -9 -13 18 -6 8 7 -4 -8 -28 25 33 12 -8 33 -7 -1 -55 7
-3 5 23 -11 -23 -13 29 8 12 69 5 4 -3 23 2 -51 22 -15 9 11 -33 3 3 -4 -19 7 16 8 -104 18 -33 3 -3 -16 0 -22 -2 -3 0 -6 -2 13 -21 1 -4 9 -9 -13 18 -6 8 7 -4 -8 -28 25 33 12 -8 33 -7 -1 -55 7
-3 5 23 -11 -23 -13 29 8 12 69 5 4 -3 23 2 -51 22 -15 9 11 -33 3 3 -4 -19 7 16 8 -104 18 -33 3 -3 -16 0 -22 -2 -3 0 -6 -2 13 -21 1 -4 9 -9 -13 18 -6 8 7 -4 -8 -28 25 33 12 -8 33 -7 -1 -55 7
-3 5 23 -11 -23 -13 29 8 12 69 5 4 -3 23 2 -51 22 -15 9 11 -33 3 3 -4 -19 7 16 8 -104 18 -33 3 -3 -16 0 -22 -2 -3 0 -6 -2 13 -21 1 -4 9 -9 -13 18 -6 8 7 -4 -8 -28 25 33 12 -8 33 -7 -1 -55 7
-3 5 23 -11 -23 -13 29 8 12 69 5 4 -3 23 2 -51 22 -15 9 11 -33 3 3 -4 -19 7 16 8 -104 18 -33 3 -3 -16 0 -22 -2 -3 0 -6 -2 13 -21 1 -4 9 -9 -13 18 -6 8 7 -4 -8 -28 25 33 12 -8 33 -7 -1 -55 7
-3 5 23 -11 -23 -13 29 8 12 69 5 4 -3 23 2 -51 22 -15 9 11 -33 3 3 -4 -19 7 16 8 -104 18 -33 3 -3 -16 0 -22 -2 -3 0 -6 -2 13 -21 1 -4 9 -9 -13 18 -6 8 7 -4 -8 -28 25 33 12 -8 33 -7 -1 -55 7
-3 5 23 -11 -23 -13 29 8 12 69 5 4 -3 23 2 -51 22 -15 9 11 -33 3 3 -4 -19 7 16 8 -104 18 -33 3 -3 -16 0 -22 -2 -3 0 -6 -2 13 -21 1 -4 9 -9 -13 18 -6 8 7 -4 -8 -28 25 33 12 -8 33 -7 -1 -55 7
-3 5 23 -11 -23 -13 29 8 12 69 5 4 -3 23 2 -51 22 -15 9 11 -33 3 3 -4 -19 7 16 8 -104 18 -33 3 -3 -16 0 -22 -2 -3 0 -6 -2 13 -21 1 -4 9 -9 -13 18 -6 8 7 -4 -8 -28 25 33 12 -8 33 -7 -1 -55 7
-3 5 23 -11 -23 -13 29 8 12 69 5 4 -3 23 2 -51 22 -15 9 11 -33 3 3 -4 -19 7 16 8 -104 18 -33 3 -3 -16 0 -22 -2 -3 0 -6 -2 13 -21 1 -4 9 -9 -13 18 -6 8 7 -4 -8 -28 25 33 12 -8 33 -7 -1 -55 7
-3 5 23 -11 -23 -13 29 8 12 69 5 4 -3 23 2 -51 22 -15 9 11 -33 3 3 -4 -19 7 16 8 -104 18 -33 3 -3 -16 0 -22 -2 -3 0 -6 -2 13 -21 1 -4 9 -9 -13 18 -6 8 7 -4 -8 -28 25 33 12 -8 33 -7 -1 -55 7
-3 5 23 -11 -23 -13 29 8 12 69 5 4 -3 23 2 -51 22 -15 9 11 -33 3 3 -4 -19 7 16 8 -104 18 -33 3 -3 -16 0 -22 -2 -3 0 -6 -2 13 -21 1 -4 9 -9 -13 18 -6 8 7 -4 -8 -28 25 33 12 -8 33 -7 -1 -55 7
-3 5 23 -11 -23 -13 29 8 12 69 5 4 -3 23 2 -51 22 -15 9 11 -33 3 3 -4 -19 7 16 8 -104 18 -33 3 -3 -16 0 -22 -2 -3 0 -6 -2 13 -21 1 -4 9 -9 -13 18 -6 8 7 -4 -8 -28 25 33 12 -8 33 -7 -1 -55 7
-3 5 23 -11 -23 -13 29 8 12 69 5 4 -3 23 2 -51 22 -15 9 11 -33 3 3 -4 -19 7 16 8 -104 18 -33 3 -3 -16 0 -22 -2 -3 0 -6 -2 13 -21 1 -4 9 -9 -13 18 -6 8 7 -4 -8 -28 25 33 12 -8 33 -7 -1 -55 7
-3 5 23 -11 -23 -13 29 8 12 69 5 4 -3 23 2 -51 22 -15 9 11 -33 3 3 -4 -19 7 16 8 -104 18 -33 3 -3 -16 0 -22 -2 -3 0 -6 -2 13 -21 1 -4 9 -9 -13 18 -6 8 7 -4 -8 -28 25 33 12 -8 33 -7 -1 -55 7
-3 5 23 -11 -23 -13 29 8 12 69 5 4 -3 23 2 -51 22 -15 9 11 -33 3 3 -4 -19 7 16 8 -104 18 -33 3 -3 -16 0 -22 -2 -3 0 -6 -2 13 -21 1 -4 9 -9 -13 18 -6 8 7 -4 -8 -28 25 33 12 -8 33 -7 -1 -55 7
-3 5 23 -11 -23 -13 29 8 12 69 5 4 -3 23 2 -51 22 -15 9 11 -33 3 3 -4 -19 7 16 8 -104 18 -33 3 -3 -16 0 -22 -2 -3 0 -6 -2 13 -21 1 -4 9 -9 -13 18 -6 8 7 -4 -8 -28 25 33 12 -8 33 -7 -1 -55 7
-3 5 23 -11 -23 -13 29 8 12 69 5 4 -3 23 2 -51 22 -15 9 11 -33 3 3 -4 -19 7 16 8 -104 18 -33 3 -3 -16 0 -22 -2 -3 0 -6 -2 13 -21 1 -4 9 -9 -13 18 -6 8 7 -4 -8 -28 25 33 12 -8 33 -7 -1 -55 7
-3 5 23 -11 -23 -13 29 8 12 69 5 4 -3 23 2 -51 22 -15 9 11 -33 3 3 -4 -19 7 16 8 -104 18 -33 3 -3 -16 0 -22 -2 -3 0 -6 -2 13 -21 1 -4 9 -9 -13 18 -6 8 7 -4 -8 -28 25 33 12 -8 33 -7 -1 -55 7
-3 5 23 -11 -23 -13 29 8 12 69 5 4 -3 23 2 -51 22 -15 9 11 -33 3 3 -4 -19 7 16 8 -104 18 -33 3 -3 -16 0 -22 -2 -3 0 -6 -2 13 -21 1 -4 9 -9 -13 18 -6 8 7 -4 -8 -28 25 33 12 -8 33 -7 -1 -55 7
-3 5 23 -11 -23 -13 29 8 12 69 5 4 -3 23 2 -51 22 -15 9 11 -33 3 3 -4 -19 7 16 8 -104 18 -33 3 -3 -16 0 -22 -2 -3 0 -6 -2 13 -21 1 -4 9 -9 -13 18 -6 8 7 -4 -8 -28 25 33 12 -8 33 -7 -1 -55 7
-3 5 23 -11 -23 -13 29 8 12 69 5 4 -3 23 2 -51 22 -15 9 11 -33 3 3 -4 -19 7 16 8 -104 18 -33 3 -3 -16 0 -22 -2 -3 0 -6 -2 13 -21 1 -4 9 -9 -13 18 -6 8 7 -4 -8 -28 25 33 12 -8 33 -7 -1 -55 7
-3 5 23 -11 -23 -13 29 8 12 69 5 4 -3 23 2 -51 22 -15 9 11 -33 3 3 -4 -19 7 16 8 -104 18 -33 3 -3 -16 0 -22 -2 -3 0 -6 -2 13 -21 1 -4 9 -9 -13 18 -6 8 7 -4 -8 -28 25 33 12 -8 33 -7 -1 -55 7
-3 5 23 -11 -23 -13 29 8 12 69 5 4 -3 23 2 -51 22 -15 9 11 -33 3 3 -4 -19 7 16 8 -104 18 -33 3 -3 -16 0 -22 -2 -3 0 -6 -2 13 -21 1 -4 9 -9 -13 18 -6 8 7 -4 -8 -28 25 33 12 -8 33 -7 -1 -55 7
-3 5 23 -11 -23 -13 29 8 12 69 5 4 -3 23 2 -51 22 -15 9 11 -33 3 3 -4 -19 7 16 8 -104 18 -33 3 -3 -16 0 -22 -2 -3 0 -6 -2 13 -21 1 -4 9 -9 -13 18 -6 8 7 -4 -8 -28 25 33 12 -8 33 -7 -1 -55 7
-3 5 23 -11 -23 -13 29 8 12 69 5 4 -3 23 2 -51 22 -15 9 11 -33 3 3 -4 -19 7 16 8 -104 18 -33 3 -3 -16 0 -22 -2 -3 0 -6 -2 13 -21 1 -4 9 -9 -13 18 -6 8 7 -4 -8 -28 25 33 12 -8 33 -7 -1 -55 7
-3 5 23 -11 -23 -13 29 8 12 69 5 4 -3 23 2 -51 22 -15 9 11 -33 3 3 -4 -19 7 16 8 -104 18 -33 3 -3 -16 0 -22 -2 -3 0 -6 -2 13 -21 1 -4 9 -9 -13 18 -6 8 7 -4 -8 -28 25 33 12 -8 33 -7 -1 -55 7
-3 5 23 -11 -23 -13 29 8 12 69 5 4 -3 23 2 -51 22 -15 9 11 -33 3 3 -4 -19 7 16 8 -104 18 -33 3 -3 -16 0 -22 -2 -3 0 -6 -2 13 -21 1 -4 9 -9 -13 18 -6 8 7 -4 -8 -28 25 33 12 -8 33 -7 -1 -55 7
-3 5 23 -11 -23 -13 29 8 12 69 5 4 -3 23 2 -51 22 -15 9 11 -33 3 3 -4 -19 7 16 8 -104 18 -33 3 -3 -16 0 -22 -2 -3 0 -6 -2 13 -21 1 -4 9 -9 -13 18 -6 8 7 -4 -8 -28 25 33 12 -8 33 -7 -1 -55 7
-3 5 23 -11 -23 -13 29 8 12 69 5 4 -3 23 2 -51 22 -15 9 11 -33 3 3 -4 -19 7 16 8 -104 18 -33 3 -3 -16 0 -22 -2 -3 0 -6 -2 13 -21 1 -4 9 -9 -13 18 -6 8 7 -4 -8 -28 25 33 12 -8 33 -7 -1 -55 7
-3 5 23 -11 -23 -13 29 8 12 69 5 4 -3 23 2 -51 22 -15 9 11 -33 3 3 -4 -19 7 16 8 -104 18 -33 3 -3 -16 0 -22 -2 -3 0 -6 -2 13 -21 1 -4 9 -9 -13 18 -6 8 7 -4 -8 -28 25 33 12 -8 33 -7 -1 -55 7
-3 5 23 -11 -23 -13 29 8 12 69 5 4 -3 23 2 -51 22 -15 9 11 -33 3 3 -4 -19 7 16 8 -104 18 -33 3 -3 -16 0 -22 -2 -3 0 -6 -2 13 -21 1 -4 9 -9 -13 18 -6 8 7 -4 -8 -28 25 33 12 -8 33 -7 -1 -55 7
-3 5 23 -11 -23 -13 29 8 12 69 5 4 -3 23 2 -51 22 -15 9 11 -33 3 3 -4 -19 7 16 8 -104 18 -33 3 -3 -16 0 -22 -2 -3 0 -6 -2 13 -21 1 -4 9 -9 -13 18 -6 8 7 -4 -8 -28 25 33 12 -8 33 -7 -1 -55 7
-3 5 23 -11 -23 -13 29 8 12 69 5 4 -3 23 2 -51 22 -15 9 11 -33 3 3 -4 -19 7 16 8 -104 18 -33 3 -3 -16 0 -22 -2 -3 0 -6 -2 13 -21 1 -4 9 -9 -13 18 -6 8 7 -4 -8 -28 25 33 12 -8 33 -7 -1 -55 7
