-87
-358
275
-207
-407
-185
-454
-147
-215
-172
-101
-283
104
-237
-153
-137
-338
-311
-309
-339
-389
-144
-482
-310
-85
-45
-409
-201
-260
-99
-262
-207
-85
-155
-315
-123
-309
-131
-296
-364
-369
-300
-329
-361
-74
-84
-229
-86
191
-57
-81
29
-277
-219
-314
-145
-263
-233
-130
21
-101
-305
-174
-147
-145
-375
-296
-82
-103
83
-284
-13
-229
-221
-453
-363
-48
-446
-137
-151
-52
-429
-302
-226
-313
-3
-421
-237
-358
10
-161
-143
-224
-172
-128
-291
-405
7
-162
-242
240
-82
-471
19
-296
-440
-138
-128
-203
-333
-443
-181
-167
-339
-321
-517
-196
-139
-279
-58
-82
-85
-396
-243
-449
-182
10
-31
161
-28
117
-282
-4
-276
-160
-54
-359
-16
-361
-234
-230
-141
-18
-413
-111
-310
6
-44
-95
-224
-114
128
-365
-970
-127
-289
-285
-432
-493
-407
-123
-93
-137
-245
-294
-108
16
-323
-122
-637
-174
118
-274
-236
-209
-94
-246
-372
-147
54
-91
-231
-289
-273
-105
-293
-208
-303
80
-113
15
-15
-418
-372
-269
-203
-471
-278
-421
-345
0
-414
-114
-322
-29
-239
-218
-66
-113
-22
-275
-93
-262
-170
-364
-364
-225
-222
-391
-5
-317
-257
-367
-359
-196
-302
-87
-966
-407
-478
-120
-221
-434
-235
-76
-1579
-177
-333
-306
-172
-327
-436
-283
-147
-331
-264
-283
-192
-395
-612
-589
-271
-80
-1020
-383
-104
-488
-381
-119
-166
-365
-294
-214
-190
-195
-234
-240
-44
-145
-322
-159
-164
-348
-184
-102
-540
-397
-186
-300
-74
-489
-532
-258
-95
-343
-356
-124
-131
4
8
-76
-407
-96
-277
-16
-341
-298
-352
-144
-447
-23
-277
8
-138
-170
-83
-451
-715
-182
-238
38
-104
-216
-252
-530
-249
-301
-268
-361
45
-306
-125
-51
-354
15
-71
-491
22
-282
0
-131
-320
-306
4
-162
-109
-230
-338
-286
19
318
-425
7
-50
-170
-118
-270
-202
-32
-215
-20
-305
-54
-363
-185
-68
-18
-178
-22
-427
-328
-283
-191
-185
-79
-239
-1076
-325
-209
-44
-428
-145
-141
-180
-121
-67
-342
-172
56
-463
-404
-168
-411
-4
-115
10
143
-308
100
-249
8
-108
-156
-347
-213
-263
-313
81
-187
-221
-170
-151
-256
-289
-322
-47
-290
-176
-146
26
-244
-18
-198
-229
-315
-311
117
94
-227
-474
157
-424
-38
-159
-41
-407
-165
-406
-184
-219
-87
18
-257
-173
-134
-124
-298
-218
-369
-439
-420
-320
-305
-241
-258
-291
-289
-121
-322
-398
-151
-302
-51
-185
-96
-174
-69
-533
-264
-61
-246
-471
-300
-326
-338
-721
-254
-327
-422
-241
-218
-242
24
-198
-1130
-136
-87
-617
-130
87
-207
-196
-242
-143
-725
-65
-244
-87
-379
-83
-356
-249
-382
-311
-268
-234
-353
-120
19
-410
-300
-222
-18
-201
-142
106
-117
-220
-299
-169
-114
-3
-464
-143
-142
-5
-326
-309
93
-117
-49
169
-519
-38
-219
-154
-366
-71
-179
-87
-62
-155
-112
-106
-297
-471
-95
-135
-203
-127
-210
-73
-1450
95
-234
-283
-245
-488
-374
-340
-347
-108
-239
-443
-381
-172
-100
-334
-320
-214
-105
-194
-244
78
-372
-56
-292
-193
-521
-292
-255
-393
-33
-283
-139
-199
-241
-275
-235
-308
-297
-336
-255
-490
-77
-402
-327
-24
-188
-431
-174
-99
-12
-119
-200
-230
-18
-215
-330
-54
-172
-715
-299
-434
-97
-22
-111
-108
-27
-82
-295
-136
-434
-238
-341
-699
-225
-240
-188
-432
-126
-275
-449
-252
-188
-168
-279
53
-157
-81
-49
-108
-175
-86
-153
107
-300
-241
-300
-21
-273
-154
-75
-89
-170
-84
-178
-470
-282
-361
-206
-102
-269
-178
-25
-293
-321
-205
-318
-359
-289
-310
-221
-345
-67
-145
-111
-207
-254
-142
-356
-106
-456
-260
-379
-252
65
-426
-210
-173
-332
-446
41
-126
102
-272
-472
-62
-266
-56
-317
-407
-125
-302
-401
109
-263
-74
-134
-229
-243
-103
-384
-113
-218
30
-191
-479
-347
-314
-182
-308
-275
-189
-182
-131
-218
-373
-421
-58
-296
-30
-226
-524
-147
-130
-20
-473
-4
-93
-342
-78
-151
-414
-410
-283
101
-243
-149
-297
-208
-52
-515
-310
-274
-62
-191
-273
-399
-442
-169
-421
-147
-115
-114
-289
-394
65
-346
-433
-118
-42
-151
-234
-266
-326
-56
-244
-477
-313
-284
-243
41
-169
-400
-358
-358
-347
-43
-136
-279
-464
-256
-275
98
-194
-85
-568
-244
-212
-110
-411
-385
-253
-156
-22
-291
77
-360
-187
-128
-207
-269
-345
-136
-230
-213
-2
-316
-276
-244
-455
-154
-221
-350
-12
18
-279
-480
-368
-202
-95
88
-406
-175
-148
-14
-197
-192
-429
-140
-141
-337
-315
-86
-49
-110
-16
-88
-416
11
-90
-467
-180
-143
-385
-128
-383
-230
-155
-278
31
-53
-179
-384
-344
-164
-406
-215
-174
-296
-227
-111
-244
-287
-153
-593
-183
-80
4
-24
15
-221
-50
-547
-253
-153
-220
-352
-22
-257
55
-574
-128
-226
-184
-482
-138
-99
-287
-302
-36
-216
-390
-228
-311
-227
26
-458
-395
-100
-198
-25
-243
-79
-259
-285
-238
-334
-488
-92
-269
-429
-300
-367
-293
-283
-311
-132
-226
-579
-284
-399
440
-429
-268
-275
-333
-260
31
-69
-186
-275
-405
-372
-31
-386
-259
-38
-374
-350
-132
9
-40
-291
-88
-69
-370
-237
-391
-156
-380
-240
-228
-217
-326
-331
-146
-299
-403
-195
-191
-200
-130
18
38
-90
-232
-213
-328
26
129
-186
-113
-242
-427
-306
-306
-83
-110
-219
-69
-283
-377
-369
-392
-118
-420
-367
-59
-510
-271
89
-361
-169
-346
-477
-146
-375
-394
-86
-9
-361
-445
-80
-158
-165
-461
-41
-230
-219
-262
-117
-94
-86
-136
-447
-414
-158
-116
-294
-415
130
-476
-387
-153
36
-105
-302
-288
-146
-83
-68
-188
-531
14
-111
50
-355
-344
-319
-347
-396
-332
-191
-331
-402
-110
-93
-56
-94
-282
-208
-215
-219
90
-92
-253
-286
-627
-83
-100
-360
-306
-220
-82
-41
-319
-13
-313
20
-227
-157
-170
-29
-118
-221
-372
-335
-449
-128
-124
-198
-130
-56
-402
-213
-207
-496
-205
-310
-562
-352
-245
-343
-50
-73
-370
-405
-52
-169
-51
75
110
-322
-345
-249
-228
-446
-158
-180
-624
-216
8
-235
-272
-58
-203
25
-249
117
-215
-266
-250
-126
-410
-396
-58
-379
26
-378
-410
-105
-178
-44
-165
-409
-343
-161
-200
-188
-185
123
-311
-56
-259
-136
-388
-238
-645
-82
-308
-470
-301
-61
-255
80
-178
-226
-295
-63
-379
-49
-144
8
56
11
-249
-240
-410
-198
-349
-26
-330
-111
-266
-32
-516
-409
-160
-71
-146
-208
-230
-163
-115
-461
50
-93
-226
-304
-277
-379
-404
-202
-32
-338
-261
-239
6
-121
-335
-203
12
-113
-118
-370
-248
-257
-122
-53
-410
-448
-318
-221
-287
-396
-302
-237
-209
-218
-221
-371
-97
-403
-479
-100
-308
17
-267
-153
145
-236
-73
-59
-217
-115
-177
16
7
-233
-145
-435
-379
-92
-276
-300
-221
-307
-27
-246
-205
9
101
-406
-370
-91
-47
-231
-172
-16
-449
-155
-194
-211
-89
-154
-44
-15
-296
-205
-284
-87
-242
-474
-265
-6
-237
-10
-169
-82
-210
-261
-392
-6
48
-262
-38
-65
-484
-377
-235
-254
-337
-246
-92
-219
-77
-113
-373
-523
-422
-228
8
-102
12
-301
-164
-225
-174
20
-318
-313
-585
-186
-258
-292
-59
-193
-155
-458
-150
-195
-253
-332
-311
-390
-233
-179
-344
-329
-441
-188
-92
-380
-137
-141
-101
-191
66
-100
-241
-326
179
-228
40
-426
-345
-12
-213
-79
-286
-566
-160
-79
-422
-255
-470
-149
-140
-388
-352
-161
-211
204
-91
-263
-77
-130
-248
-314
-116
-252
-66
-133
-234
-364
-43
-142
-230
-321
-219
42
-229
-28
-328
-242
109
-273
-350
-482
-118
-96
-329
-434
-62
304
-136
-233
-146
-514
-49
-193
-173
-462
-475
-668
-268
201
-272
-133
-360
206
-175
-39
-161
-159
43
-173
-184
-220
-226
-79
-65
-333
-164
-320
-213
-219
-105
-148
-301
527
-452
-229
-290
-227
-217
-289
194
-195
-214
-97
-4
-426
-12
-452
-75
-351
-103
-238
-422
-244
-665
136
-52
-177
-71
-128
-13
-143
-464
-187
-371
-233
-106
-52
-276
-95
-114
-86
-126
-350
-255
-271
-423
-101
-227
-460
-123
-42
-348
-394
-103
-300
-447
-440
6
-84
-209
-318
-120
-424
-184
-314
-252
-335
-224
-358
-375
-326
-384
-161
-73
-251
-57
-228
13
-256
-189
-406
-198
-465
-156
-242
-331
-385
-416
-268
1
-369
-247
-116
3
-98
-104
-127
-398
-30
-206
-281
-269
-121
-148
-278
-58
-422
-32
-214
-285
-554
-410
-216
-113
-521
-15
197
169
-385
-170
-134
-464
-235
-156
-433
-104
-153
-959
-253
-137
31
-412
-469
-374
-269
-157
-126
-441
-18
-299
-256
-349
-323
-234
-394
-64
-296
-235
-271
-171
-221
-65
-60
-503
-329
-177
-289
-100
-187
-95
-279
4
-290
-70
-97
-114
-110
-152
-244
-206
-318
-83
-187
-110
-200
-225
-351
-235
-208
-385
-108
-52
-19
-261
99
-173
-87
-158
-62
109
-77
-194
-301
-290
-144
-217
-154
-325
-270
-274
-313
-298
-119
297
-64
264
-81
-336
-264
-229
-239
-151
-216
69
-258
-118
-313
-201
-254
-65
-266
-77
-268
-173
-33
-231
-458
-358
125
-115
-322
-120
-307
-273
-184
-43
-174
-579
-340
-74
-60
-343
-179
-69
-331
-44
-361
-275
-406
-322
-27
-217
-290
-282
-305
-235
-165
-417
-231
-234
-175
-310
-499
-138
-237
-216
-85
-41
-183
-265
-129
-405
-120
-382
-212
-113
-87
-209
-285
-286
-89
-62
-29
-436
-145
-43
-102
-120
-294
-278
-233
-292
-7
-172
-467
-129
-181
-319
-101
-392
-305
-174
-95
-195
-337
-376
-316
-87
73
-186
-23
-214
-335
-350
-145
-120
-198
-51
-416
-281
-58
-350
-135
76
-249
-334
-37
-94
-237
-328
-194
-235
-338
-86
-350
-329
-210
-102
-38
-50
-525
-387
-268
-280
-160
-328
-91
-307
-288
119
-176
-69
-244
-269
-223
-217
-231
83
-183
-106
-312
-144
-260
-143
-372
-473
-157
-4
-271
-289
-166
-176
-253
-245
-201
-288
-128
-105
-132
-366
-219
-66
47
-196
-78
-520
159
-59
-244
-239
-24
-312
-272
-209
-247
-257
-91
-500
-311
-290
-431
-397
-390
-451
-327
-314
46
-219
-161
-339
-376
-3
-313
-250
-143
-513
-447
-155
-266
-415
-67
-72
-139
-263
-297
-318
-50
-409
-494
-195
-117
-245
-429
-66
-216
-68
-767
-172
-330
-295
-142
-117
-198
-30
-316
-63
-476
-292
-142
-410
-272
-107
-231
-221
-167
-365
-235
-20
-214
-375
-321
-107
18
-726
-281
-229
-245
-266
-581
-150
-179
59
-53
-220
-129
-228
-181
-226
198
-300
-254
-67
-310
-474
-274
-446
-163
-139
-167
-415
-605
-424
-175
-130
-226
-363
-174
-230
-387
-105
-391
-75
-218
-315
-749
-129
-285
-127
-390
-333
-281
-171
0
-268
-207
-78
-41
-112
-413
-73
-120
-437
-377
-231
-108
160
-271
-34
-152
-95
-314
-312
-893
-470
-250
-147
32
-410
-346
-63
-147
254
-262
-195
-389
-230
-473
-95
-373
-317
-371
-339
-236
-179
-128
-370
-179
4
-131
-351
-123
-336
-218
-381
-63
-221
25
-279
-18
-192
-109
-458
-525
-359
-187
-461
-186
-46
-347
-317
-31
-228
-89
-150
-44
-268
-44
-249
-42
103
-97
-274
-181
-89
-341
-88
-380
-174
-69
-108
-77
-509
13
-206
-469
-519
-238
-36
-185
-301
-122
-96
-172
-373
-376
-131
-29
-319
-80
-739
-250
-209
-159
-153
-298
-53
-239
-438
-60
37
-117
-113
-184
-162
-458
-441
-176
-79
-457
-276
-111
-302
-484
-58
-71
-26
-462
-303
-68
305
-133
-353
-404
-329
-125
-39
-156
67
-196
-247
-324
-188
-456
-97
-302
-754
-349
-59
-139
-273
-404
-86
-62
-137
-209
-153
-255
-41
-269
-13
-53
-326
-454
-126
-376
-402
-236
-636
158
-117
-180
-217
-73
-235
-56
-493
-174
-182
-85
-243
-129
-286
-316
-348
-574
-279
89
-348
-243
16
-131
-265
-31
-58
-167
-316
-222
-87
-360
-270
-118
-37
-314
-371
-266
166
-357
23
-209
-416
-255
-215
-75
-156
-179
-144
-338
-363
-202
-134
-467
-226
-349
-350
-111
-151
-367
-211
-1113
-143
-143
-498
7
-65
-212
-71
59
36
-121
-93
-279
22
-269
-203
-128
-100
-304
-141
-185
-72
46
-187
-72
57
-241
-333
-458
-342
-287
611
-366
199
-87
-130
-203
-405
-299
-1535
-286
-432
-506
-379
-357
-173
-117
-82
-369
-391
-118
-238
-383
-446
-50
-116
-417
-250
-258
-193
22
-374
-386
-50
-21
-509
-294
-391
121
-565
255
-331
-370
-47
-124
-371
-326
-104
-308
-341
-72
-162
-12
97
-216
-267
-271
-44
-276
-256
-231
-571
-82
-243
-52
-151
-320
-47
22
-320
-127
-375
-456
-438
-250
-488
-364
-247
-543
-214
-212
-114
-402
-102
-304
-240
-219
-133
32
-132
-257
-86
-271
-210
-245
-228
-387
-430
181
-132
-175
-286
-325
-154
-469
-174
-392
-863
-131
-456
-19
6
-125
-1355
-408
-392
-24
-377
-40
-168
-318
60
-199
-165
-335
-466
-375
-14
20
-314
54
-36
-101
-115
-139
-498
-343
-84
-1202
-98
-8
-211
-279
-145
-317
-155
-256
-219
-291
694
-284
190
-52
-84
-129
-478
-176
-405
-307
-274
-352
-330
-112
-255
-344
-371
-337
-72
-80
-362
-112
-89
-185
-127
-98
-319
-467
-432
-332
-474
-289
-133
-984
-191
-461
23
-320
-80
-222
-312
20
-42
-241
-64
-39
-312
-9
-299
-89
-461
-343
-166
-223
-303
-171
-228
-298
-329
-137
-351
-106
-177
-135
-78
-169
-251
-248
-308
-197
-40
-79
-259
-50
-186
-384
-444
-313
-152
-359
-338
-254
-223
-217
-125
-259
-184
-260
-371
-265
-126
-134
-255
-371
-1139
-421
-468
-46
-266
-192
-112
-160
-234
-330
-48
-138
-19
-227
-183
-226
-176
-64
-29
-405
-433
-250
-37
-337
333
-334
21
-217
-156
-98
-144
-71
-40
-231
-214
-253
-325
-194
58
-93
-389
-424
-498
-108
-107
-411
-296
-48
-273
-285
-135
-271
-317
-416
-362
-212
-437
-58
-42
-134
-146
-70
-369
-526
-290
-438
-170
-177
-194
-341
-344
-657
-100
-178
-20
-307
-436
-146
-150
-204
-156
-38
-190
-212
-401
-106
-424
-150
-331
-383
-421
-265
58
364
-182
-4
-246
-98
-474
-239
-276
-229
-47
-36
-50
-171
-261
-259
-108
-265
-395
-367
-151
-120
-135
-47
-287
-275
-508
-192
-285
-140
-332
-383
-422
-509
-338
-228
-72
-28
-453
-294
-335
3
-222
-117
73
-300
-120
-136
-29
-161
-468
-267
42
-104
113
-227
-187
-149
-387
-56
-358
-80
-48
-90
-136
-16
5
-390
-119
-64
-19
-266
-264
57
-439
-258
129
-397
-181
-307
-76
-256
-721
-233
-35
-279
-154
24
-167
-38
-249
-208
-50
-43
-48
-175
-385
-66
-196
-255
-256
-175
-336
574
-268
-444
-21
-263
-143
-3
-451
-162
-94
-25
-193
-251
-383
-284
-481
-142
-155
-254
-212
-149
-217
-226
-229
-57
-307
-267
-430
-236
-236
-357
-120
33
-39
-49
-217
-201
161
-213
-242
-84
-108
-414
-118
-42
-248
-378
-295
-63
-173
-330
-189
-73
-119
-108
-235
-231
-258
-272
-90
-192
-458
-348
-104
-598
-442
-137
14
-403
-262
-379
-160
-149
-202
-46
-248
-227
-164
-350
-89
-216
-38
-84
-165
-154
-689
-278
-93
-79
-56
-214
-311
-165
-4
-255
-166
-140
-395
-103
-82
-607
-454
617
-380
-107
-291
-79
-434
-461
287
-194
-197
-260
-338
-271
-238
-452
-168
-409
-307
13
-221
-260
-200
-212
-581
-542
-74
-211
-485
-214
-388
146
95
-344
-264
-235
-371
-251
-94
-369
-347
-343
-170
50
-328
73
-209
-345
-114
-441
-390
30
-268
-187
-326
-151
-107
-393
-226
-427
-439
-132
-444
-216
-456
-112
-56
-134
-339
-172
-113
50
-78
-350
-81
-359
-224
-220
-360
-153
-223
-70
256
-486
-358
-395
-240
-134
-401
-357
-187
-477
-103
-127
-280
-297
-394
-271
-122
-124
-423
-273
-386
-161
-183
-64
-303
-166
-375
-232
49
24
-239
-333
-359
28
-336
-299
-250
-117
-1072
-356
-75
-308
-359
-431
-655
-117
-244
-140
-131
8
-186
-131
-218
-343
12
-244
-115
62
-309
-73
-168
-177
-178
86
-521
-37
-440
-237
-206
-279
-345
-13
-314
6
-106
-287
650
-359
-238
-274
-415
-341
-215
-388
-361
-240
-246
32
-177
-159
-511
-95
-100
-382
-349
9
-237
-203
-360
-126
-299
-366
-144
-367
-388
-193
-197
-390
19
-231
-41
-139
-306
-375
-233
-127
-139
-173
-264
-450
-38
-77
-190
-26
-248
-228
-220
-15
-68
-215
-200
-291
-321
-311
-183
-209
-384
-198
-277
-332
-242
-359
-166
-270
134
-339
-52
-259
-137
-607
-473
-170
-77
-441
-319
-99
-124
-49
-285
-110
-196
-393
-270
-341
-46
-216
-21
-392
-50
-303
-218
-221
-435
-306
-432
-425
-183
-265
-192
-293
-228
55
-200
-251
-260
-216
-193
-377
-163
-75
-45
-508
-72
-382
-414
-72
-399
-244
-131
-706
-295
-153
-467
-447
-426
-23
-229
-324
-106
-644
-268
-87
-280
-94
-137
-287
242
-323
-39
-205
-476
-384
-195
-110
-394
-691
-244
-281
42
-381
-315
-559
-57
50
55
0
-89
-152
-103
-242
-155
-139
-312
