3454256
1869871
3516445
3061920
2598164
-183561
3455440
1601435
5893869
4960308
-505839
19893
4334471
4249590
3843817
1707701
4884966
1774637
2800597
3381683
1337876
3276100
1403977
5366323
2207322
3449731
6069840
2023265
1631326
1656586
4563977
3061104
3462350
4721593
2484756
3157207
1333974
1775807
6554667
3122406
2732211
-1364220
3048391
3327020
6137103
3099245
3090642
-2216849
4344463
4268748
4697915
5744607
3115373
2108189
3238716
1671160
4287970
4382691
4435753
2237056
3987841
9709643
5072522
3863753
4513277
3505036
5203696
2872081
3707759
3428802
3263202
2342358
7941486
3202291
2377957
-1312490
2646161
-19145230
2091746
5173117
4639678
3472973
5870225
1034349
2958898
-140404
2954893
4422183
2312540
3989993
2849343
3820465
2764083
4958849
4665763
5406929
3759352
-13332943
2677839
1952213
7902508
2424838
309234
5076866
3838139
4135298
3457929
4550409
5799313
4260389
53399672
3080245
2844259
5084313
2676052
3597246
4579823
2983839
3588060
5562014
2846573
2395979
2093495
2802649
4598291
3970819
4351921
1149649
3598297
3438396
1235890
-1841320
4715610
3378059
5053449
3697642
2747865
2850280
4728841
2577376
5236236
5883796
5760212
2722949
6376421
2625171
4148399
4603009
2506361
2744096
1278998
4456616
2912005
2347580
2841602
4494433
4339386
5955562
3770240
5569595
4393524
4323546
4215479
2736497
4892309
5859098
1866318
3387217
5462011
3068068
3167002
3331348
4079327
2916421
3199656
2074028
2451878
3601263
1766015
4641203
3748413
2055416
3225623
3438798
3420900
3180509
3077262
3581131
1382687
2706114
3505798
3411322
6329437
7108405
3005199
2527005
5189594
2098194
3550720
3700196
2938142
4051905
2492856
3476731
2749577
3404344
2896180
4171442
4266855
5204693
4427476
5370961
4090262
5762385
2199910
2667831
4210344
-13128803
1101896
-10190317
3794423
6481091
5435678
969566
5053942
3689483
2679210
2035878
2878668
4347252
3918198
2733792
2596585
2325934
1216291
2402979
3700101
4826639
4191730
2830479
-5672139
6604068
3781856
5103037
2853828
6316168
3020382
-1527828
3155446
4011863
4128760
2571684
2778902
2823379
3845636
2069121
5381643
4590073
3279208
2282120
3821277
2300652
5324262
4074663
3957605
2797640
3935023
6262855
3293166
6210246
3673128
3542327
3469398
4183041
3376351
4600963
2779162
5004783
2721578
5095360
5944521
1887644
1303318
3247575
3776430
3879225
4264689
1507590
4837682
6298099
4576742
2317989
2796534
2349381
3286162
2244219
1199259
2840355
3764046
3412706
3719960
4208239
2213347
6134771
5856491
4619127
4651113
2966613
3504883
3921848
2988529
2434568
4053221
3730629
2599703
2916727
3056878
2390637
5109184
3908395
4443473
3942592
3216645
3000848
878029
5578494
-874761
2209177
2113006
4795601
6568556
8533772
4172671
3918415
3014138
3569928
6508400
3596182
3070043
3761537
2578048
3085972
2666343
3757347
3215114
3363895
3691657
6686607
2014007
2789051
3987446
4466830
4234529
2159091
4901105
3514571
3047626
2664837
5471352
1890662
2705537
8971717
3179227
2633370
2997346
3208118
-115114
2725294
2735086
3855541
5594682
2556805
4064922
4651464
2497612
4274770
4274815
5127140
3585629
4237031
4298218
3595965
1470892
4211238
3138450
2440054
5132627
2560015
2789080
1834393
2653131
1285717
2897750
5467879
5680542
5108033
6504799
3742877
353048
3659745
2628760
3441854
6554056
2792567
4702472
886009
2601743
2920191
1386103
2557466
3559845
2842904
4231513
4025413
1500841
3706791
1412793
1387471
2495356
4077521
2968913
7387795
4373403
3126568
5195033
2070285
1750816
2409236
2318037
2635256
3633308
3537015
3232145
3662808
4427209
2621872
2471975
2438417
1929134
2419944
1927603
3528760
4063698
2821008
3037294
4476401
338690
4568894
3275359
5215093
4420133
2484681
1909846
-19765802
4125048
3733317
3925206
2027810
5553819
3448277
1387777
4934557
4992999
3438924
3282398
5881532
3391116
3856647
3413518
4150501
3308118
3257938
6145719
1543312
4679098
3079416
3299322
5508054
4653125
3388262
3238534
4649775
4563674
4007478
3016249
4400115
2667499
4947466
2681049
3372695
2563243
1655782
2905972
3069051
39257788
3227750
-12196346
1673920
-1427439
3071915
5737130
4662947
2485123
2021790
5079319
1635235
5760091
6563919
5053061
5346298
5650989
4728609
2330522
3506717
2716241
5346227
1405337
1233129
3877277
4480254
4596933
5593641
2168244
4082003
5286971
6911225
3859381
3399235
1636884
2915458
5518589
3228875
3207356
4052998
1879179
1138246
3420267
3049508
4992743
2826333
-191453
1297855
3893249
3240498
4462815
2939809
3320173
3825354
3002474
3604885
3743998
16079026
3091363
3788784
1218921
5400789
5121260
2927927
4393973
1294986
2380753
2349030
2435408
4555667
2508604
3853808
4608132
3185790
3429546
3812498
1745502
5489387
6851754
3424985
4061188
3404281
3369093
4771455
1842796
4012755
3125534
4098204
4381773
3553748
2049795
1767408
2673768
2384341
20046888
5867968
1678459
2605315
2146641
2531355
3672025
5603893
3153652
3252824
3770332
5865006
1422543
2898697
2335880
3276850
1997829
5031206
2305346
5831018
4320751
4371990
3997168
7619670
4942847
5763604
2355181
4386716
4054592
3777006
2381771
3226719
2978049
6742820
6674833
3219117
919012
3205476
4609704
3569726
3881144
3704239
4565567
4587404
2215543
3943308
2542223
3695410
3447498
4336222
4708624
4365537
3133171
2774878
7260633
2031964
2594987
4358804
5715093
4671965
3975705
4246763
3304037
96622
-213858
2494148
3438022
4451187
6571335
8378658
5634899
4855542
3241110
4718057
3087055
3981933
7024304
3302111
1109278
2866716
3937592
6249506
3160801
3238235
3274288
3506281
2654842
2273833
-922836
258943
1390163
2243249
3947567
4503792
2615002
694410
1823308
2553495
2801443
3313705
2838711
1292114
3490433
7641570
4062595
2971156
1238349
-473707
3117095
5310663
3203153
3194483
3127354
4888108
735296
5362175
3611108
4115667
4892120
4611645
2599081
3863129
3946588
3606952
2884385
5375626
2962236
2360271
1721080
5351188
4503741
4513798
3850324
3621513
3476724
3800333
2188592
3470465
3855578
3294083
1981385
2249649
3329156
-11025493
2463048
1007102
2439333
748760
3149380
1523863
2934482
1078936
2553976
4712624
2574107
4773386
5001569
3308212
4804061
1173054
5187796
-3353315
3596254
299904
2398075
2687467
5299657
4574497
2570475
3430441
2701881
3373471
3142609
4201084
3451512
4791221
5332144
3344768
4809336
3266797
