-488 -353 -174 130 -229 31 -615 193 103 -543 -681 288 -592 176 8 -387 506 269 799 -353 156 991 -434 574 -195 -846 344 222 586 -95 -27 758 1169 230 -969 -82 -443 -476 740 -403 -274 -160 -568 -369 -349 -217 -91 597 -39 -179 -792 -516 49 723 266 75 786 10 -325 -593 -306 839 -52 -565
-503 -291 660 278 -656 -197 -715 -595 -81 -653 -567 492 -912 1285 -349 -453 825 528 489 -202 -246 1291 -431 1355 -404 -1344 939 -86 530 26 -145 986 2443 81 -1579 -94 -820 119 1492 -1011 485 80 -493 -715 -399 -375 -75 2278 -255 -500 -912 -32 442 338 410 262 370 125 373 -5 -85 654 119 -506
-590 49 1175 73 -415 -195 -684 -1089 85 -798 -455 711 -1066 1311 -120 -734 894 524 387 82 -316 1455 -468 864 -586 -1458 1486 -475 475 115 -573 707 2622 13 -1552 -433 -897 423 2047 -1458 512 167 -421 -970 -265 -126 87 1981 -318 -336 -1245 481 531 205 442 359 314 72 423 -278 -267 688 -72 -444
-436 245 954 -132 -384 302 -603 -947 314 -995 -618 614 -434 992 146 -778 493 390 298 -181 -169 1859 -526 351 -620 -1277 1573 -155 436 170 -585 661 1887 278 -1529 -266 -655 248 1926 -741 236 143 -314 -762 -442 17 42 1911 -320 -485 -770 254 612 224 602 83 626 125 119 -195 -364 1025 156 -605
88 44 1271 -15 -887 -445 -268 -1153 52 -675 -862 521 -2077 1380 287 -627 1306 551 285 481 -530 1783 -1050 1908 -523 -651 1820 -496 514 -82 -77 1519 3135 -332 -1225 -785 -2219 801 1340 -2374 833 53 45 -2030 -308 -345 -6 3056 893 -589 -1435 640 1077 -424 585 1871 337 24 1395 1040 -189 -290 -597 -504
46 278 979 44 -262 599 -870 -840 917 -660 -385 878 -423 1025 117 -1103 941 670 160 136 103 2223 -877 703 -484 -696 2115 -380 193 53 -435 1126 1834 80 -861 -633 -913 308 1580 -1532 126 383 -217 -1422 -421 -55 137 1515 292 -549 -974 451 1253 292 587 748 89 -202 479 -143 -755 463 -229 -332
-371 -138 506 204 -352 88 -575 -629 275 -664 -651 629 -785 943 -105 -930 803 241 608 -44 -152 1426 -710 895 -386 -890 1541 -238 617 -210 -400 1438 1532 51 -1262 -428 -864 177 1157 -1445 56 35 -231 -1016 -223 -147 -132 1463 227 -425 -1074 115 666 598 454 191 388 -73 68 -347 -425 350 -199 -498
-371 -189 817 35 -419 -48 -963 -522 230 -582 -634 793 -766 823 -222 -666 784 385 429 -30 -378 1266 -366 1200 -380 -1129 1093 -181 625 241 -172 822 1876 -57 -1268 -347 -859 47 1591 -1183 99 178 -376 -967 -248 -273 -92 1777 -146 -427 -963 85 495 543 423 881 353 -41 208 -257 -495 568 -256 -288
-798 -264 366 170 -221 -175 -832 -283 -42 -510 -770 580 -646 361 -339 -524 537 143 826 -52 -40 1035 -486 1020 -545 -1129 1024 59 579 344 -282 652 1947 -84 -1297 132 -787 131 1336 -591 -75 112 -508 -456 -92 -98 -276 1632 -526 -590 -802 -169 -84 592 368 297 794 89 133 -591 -281 713 -206 -566
-519 -219 344 23 -618 -619 -739 -371 -461 -262 -928 875 -1731 832 -364 -311 825 -91 1052 537 -522 613 -289 1242 -347 -1240 782 -147 1064 177 -119 502 2841 -607 -1243 -467 -1134 285 1670 -2074 322 70 -2 -823 208 -274 -142 2295 -12 -517 -1230 432 -57 118 433 1384 749 134 934 -340 -109 172 -652 -307
-755 -174 259 209 -269 -306 -831 -158 -32 -381 -865 628 -653 382 -487 -418 550 -10 908 41 1 807 -465 767 -446 -1329 972 166 756 228 -190 540 2071 -140 -1313 87 -566 107 1379 -756 -11 29 -339 -465 -57 -163 -357 1454 -503 -546 -792 -113 -148 428 409 430 812 132 173 -702 -205 641 -208 -608
-698 -461 172 355 -147 -88 -882 -31 105 -512 -555 559 -489 350 -332 -560 666 344 652 -194 -33 893 -354 1212 -213 -1047 455 48 659 40 -150 898 1391 80 -1134 -80 -808 -219 1062 -507 -238 -15 -685 -560 -272 -301 -302 953 -337 -371 -1031 -449 131 814 196 76 352 -32 -109 -646 -441 742 -140 -380
-410 223 665 -26 -359 191 -621 -780 214 -883 -629 654 -505 921 123 -686 540 236 439 -84 -195 1525 -501 242 -514 -1175 1476 -129 565 109 -540 723 1853 149 -1383 -411 -508 83 1622 -949 184 0 -210 -710 -303 -4 72 1519 -151 -385 -842 234 499 152 595 201 632 136 138 -342 -388 823 -24 -573
-259 -54 1462 33 -293 -45 -1134 -1065 510 27 -613 830 -1188 861 -35 -1055 1004 463 145 267 -297 1577 -994 1008 -586 -745 1401 -301 489 -126 -255 1114 2452 -351 -1251 -498 -1713 596 1991 -1753 583 200 -89 -1707 -272 -326 -34 2300 -333 -1029 -1299 779 682 435 498 821 32 -18 817 70 -409 314 -118 -546
-483 -194 317 150 -594 -582 -666 -369 -540 -364 -887 871 -1871 818 -369 -278 762 -130 1055 590 -575 670 -231 1297 -364 -1118 840 -336 926 139 -205 538 2791 -577 -1180 -545 -1154 399 1709 -2055 349 102 8 -725 197 -255 -192 2290 92 -376 -1304 485 -4 138 493 1215 711 120 894 -326 -151 153 -654 -299
-647 -379 41 237 -165 -73 -795 220 48 -541 -771 431 -477 87 -238 -338 431 168 745 -255 1 895 -292 843 -279 -1040 345 226 568 116 -31 584 1354 118 -1151 77 -580 -294 1109 -183 -288 -71 -636 -329 -339 -213 -314 907 -381 -267 -793 -495 -73 791 283 191 711 56 -247 -639 -390 983 23 -563
-551 -321 346 110 -316 -202 -657 -51 41 -596 -838 494 -896 162 -53 -306 641 240 652 -79 -196 1042 -409 1295 -269 -920 457 -76 503 -9 -28 827 1371 112 -986 -175 -896 -94 1187 -684 -297 -42 -549 -788 -305 -263 -208 1338 -9 -261 -942 -444 159 709 424 792 692 -30 -95 -239 -351 633 -232 -414
-474 -323 93 141 -266 -147 -887 206 -5 -376 -755 464 -689 148 -82 -31 622 145 632 -140 -160 746 -409 1024 -131 -836 156 120 513 70 58 757 1442 -3 -1014 -120 -634 -404 1141 -527 -241 -147 -519 -505 -339 -210 -233 1057 -144 -211 -762 -374 23 775 404 593 574 11 -53 -352 -357 689 -140 -464
-572 -316 203 302 -438 -162 -756 -64 16 -525 -771 418 -661 587 -292 -370 719 187 646 -215 -101 949 -609 1140 -213 -993 687 212 629 -132 37 1160 1653 130 -1318 -60 -537 -223 972 -616 53 -161 -424 -628 -329 -348 -303 1257 -106 -378 -735 -403 221 627 413 338 411 73 -44 -310 -207 509 -15 -608
-756 -264 313 280 -423 -173 -986 -271 -87 -418 -691 719 -607 749 -463 -599 706 117 693 -24 -233 790 -578 807 -265 -1189 904 190 821 -78 -170 1025 1877 -49 -1513 -107 -462 -75 1456 -819 189 -65 -333 -592 -184 -308 -269 1214 -454 -481 -766 -185 83 596 426 318 370 125 115 -686 -182 540 -34 -566
-391 -252 533 95 -515 -20 -837 -432 85 -557 -654 512 -922 717 -115 -656 757 441 430 -176 -231 1397 -687 1217 -330 -852 941 -35 583 -68 -144 1253 1717 25 -1276 -218 -1028 -46 1302 -937 150 36 -471 -878 -348 -322 -155 1742 -66 -505 -886 -128 503 669 437 420 352 -69 145 -76 -270 497 -61 -504
-233 -74 1139 -268 -912 -847 -605 -1322 -411 -608 -870 1002 -2210 1359 -101 -528 1192 29 716 672 -876 1081 -926 2218 -674 -946 2113 -739 973 468 -395 1437 3223 -682 -1493 -846 -1936 594 1669 -2976 621 162 221 -1622 242 -108 -211 3350 489 -747 -1465 727 535 78 639 2282 707 7 1248 510 -56 -748 -1337 -259
23 651 896 -27 -478 79 -755 -1709 -181 -1010 -123 945 -1176 1667 138 -922 731 148 395 416 -398 1942 -1128 243 -1051 -815 3624 -947 448 726 -1605 1295 3280 -434 -1557 -883 -1151 701 1931 -2073 1039 127 205 -513 86 449 -40 2242 -42 -556 -1255 1353 789 -244 916 -228 735 279 954 -352 -324 -120 -841 -770
-343 27 648 155 -297 -99 -581 -942 -115 -845 -374 577 -1120 879 148 -473 782 269 544 -43 -303 1352 -601 1039 -702 -695 1792 -721 276 479 -711 1173 2217 -104 -1280 -475 -1000 153 1287 -1356 195 -11 -393 -647 -85 179 -23 1693 64 -292 -1252 456 524 496 575 173 610 37 217 -178 -492 245 -558 -529
-800 -384 396 345 -180 -277 -766 -366 -164 -588 -642 673 -1082 562 -298 -537 674 141 780 22 -309 763 -271 1092 -365 -1135 641 -347 683 -39 -361 949 1715 -62 -1340 -295 -850 34 1514 -1188 -64 15 -485 -635 -113 -168 -257 1356 -321 -231 -1274 -40 84 867 334 148 404 -68 1 -646 -328 614 -207 -404
-528 -161 419 30 -275 27 -642 -447 18 -857 -669 522 -687 529 82 -554 514 145 592 -207 -220 1291 -465 818 -481 -1000 1061 -153 484 126 -439 948 1506 127 -1310 -248 -621 -103 1291 -747 -57 -72 -422 -570 -250 -8 -76 1490 -148 -330 -868 -119 254 663 487 231 673 44 -133 -306 -317 704 -112 -543
92 -153 1011 15 -820 -578 -424 -867 -23 -479 -981 505 -2178 1005 223 -540 1220 380 408 471 -560 1461 -1005 1877 -432 -519 1422 -356 597 -126 4 1482 2953 -402 -1082 -756 -2250 715 1114 -2180 810 -61 84 -1944 -241 -468 -61 2891 840 -631 -1447 515 738 -359 517 1910 387 58 1280 997 -114 -338 -667 -523
-121 212 574 30 -352 430 -799 -606 643 -741 -569 848 -460 939 38 -788 896 392 352 92 -12 1836 -806 758 -352 -779 1800 -276 335 25 -433 1283 1587 135 -918 -580 -628 85 1408 -1466 -42 198 -216 -1143 -337 -11 40 1442 338 -434 -864 197 1002 458 640 700 210 -204 234 -228 -597 388 -300 -345
-336 -125 207 203 -424 61 -572 -433 177 -710 -590 676 -547 966 -197 -691 767 214 611 -82 -210 1279 -561 962 -279 -945 1388 -134 603 -36 -335 1317 1511 69 -1203 -387 -630 -25 1023 -1171 -64 -41 -313 -734 -245 -137 -106 1289 280 -299 -952 -68 572 516 451 330 454 4 21 -381 -441 413 -225 -453
-496 -203 668 147 -556 -202 -910 -518 -29 -593 -685 857 -827 942 -348 -623 824 214 582 51 -490 985 -355 1332 -265 -1177 1058 -156 808 96 -146 977 1910 -145 -1336 -409 -707 -38 1509 -1343 113 71 -294 -915 -115 -312 -143 1709 -62 -378 -939 -31 439 511 465 965 328 -20 201 -345 -405 336 -351 -226
-565 -265 55 -49 -341 -151 -738 -248 -117 -560 -692 598 -775 458 -126 -391 598 101 872 -106 -131 1076 -556 1088 -451 -939 939 58 641 396 -183 739 1946 -85 -1234 -101 -633 -226 1077 -794 -115 -15 -383 -386 -90 -81 -86 1600 -100 -470 -767 -215 -25 567 411 722 925 111 168 -376 -217 521 -410 -554
-745 -323 -77 33 -337 -79 -696 -126 27 -526 -570 568 -413 427 -314 -545 571 321 897 -294 172 1019 -474 666 -330 -1189 673 253 685 29 -88 648 1592 257 -1222 92 -180 -322 1098 -473 -170 -25 -526 -357 -207 -266 -17 1029 -430 -418 -642 -547 -56 626 372 242 813 95 -160 -716 -91 765 -51 -561
-643 -420 277 444 -133 21 -942 -169 197 -497 -450 687 -368 582 -398 -758 711 332 555 -109 -76 993 -451 1149 -303 -992 849 -19 615 15 -261 1129 1449 13 -1210 -168 -802 -129 1129 -737 -119 22 -590 -678 -272 -266 -284 981 -386 -473 -1080 -303 298 851 238 6 180 -25 -4 -692 -481 638 -88 -404
-747 -397 171 220 -264 -7 -1027 -136 98 -556 -559 704 -242 431 -637 -716 472 369 652 -292 -7 1253 -301 1051 -460 -1375 670 290 719 195 -245 594 1695 146 -1374 221 -588 -102 1464 -276 -62 152 -673 -315 -216 -435 -271 1770 -942 -802 -773 -408 42 755 355 -218 417 89 -28 -623 -234 998 191 -522
-570 -376 388 157 -331 -231 -667 -32 47 -563 -792 496 -882 208 -97 -332 719 291 685 -65 -129 1037 -424 1405 -248 -944 400 -6 492 -55 44 778 1534 77 -995 -136 -905 -100 1189 -696 -225 -2 -586 -858 -294 -327 -186 1427 -59 -311 -923 -453 182 665 379 812 568 -33 -3 -192 -334 611 -197 -374
-532 -327 183 216 -240 -108 -899 53 21 -469 -647 521 -519 317 -161 -199 640 191 630 -168 -73 858 -391 1092 -243 -995 420 119 503 187 -49 761 1688 -54 -1147 -54 -616 -355 1156 -538 -142 -105 -565 -510 -306 -143 -221 1227 -278 -348 -795 -318 99 701 360 476 486 21 25 -370 -368 705 -117 -461
-578 -328 106 310 -422 -55 -726 -87 41 -574 -635 421 -523 629 -271 -438 718 292 632 -328 -27 1058 -564 1028 -237 -983 654 217 554 -136 4 1161 1608 203 -1292 -40 -390 -333 917 -506 28 -186 -534 -552 -361 -344 -154 1148 -165 -369 -742 -470 262 662 411 140 387 70 -147 -356 -209 609 91 -614
-713 -277 233 283 -435 -93 -923 -226 -53 -463 -650 615 -571 708 -422 -513 695 199 634 -180 -213 830 -531 839 -203 -1078 684 160 732 -134 -99 1136 1594 70 -1431 -83 -376 -219 1326 -707 69 -70 -429 -547 -251 -337 -234 1162 -377 -379 -714 -289 177 741 422 148 272 10 -67 -576 -194 576 61 -534
-481 -228 428 68 -468 72 -888 -456 142 -589 -591 569 -709 701 -240 -846 671 446 466 -240 -142 1549 -738 1033 -440 -960 1125 74 622 -23 -286 1238 1673 66 -1338 -123 -891 -59 1335 -781 120 56 -524 -715 -309 -330 -145 1698 -290 -653 -865 -166 441 749 434 99 391 -46 19 -283 -238 613 33 -602
-413 -81 1057 -237 -760 -669 -835 -1165 -262 -595 -930 1002 -1711 1252 -208 -524 1108 -121 660 520 -822 1035 -1046 1947 -695 -1024 2143 -500 933 452 -416 1600 2838 -483 -1682 -643 -1406 442 1679 -2538 512 97 221 -1428 165 -70 -289 3103 153 -829 -1123 519 395 367 745 1939 629 70 961 274 -8 -590 -1078 -422
-97 833 931 152 -347 225 -840 -1875 -32 -1081 14 1138 -601 1870 46 -1042 757 79 309 423 -295 1928 -1089 -176 -1140 -978 3977 -935 297 721 -1842 1360 3291 -472 -1585 -860 -653 663 1988 -2142 1042 64 143 -525 150 638 172 2060 -318 -678 -1202 1437 911 -317 1026 -557 482 280 864 -540 -413 -44 -630 -742
-499 -411 -102 181 -217 -101 -674 298 8 -517 -730 296 -609 14 -9 -121 463 208 735 -338 -3 789 -321 892 -133 -825 70 136 547 17 64 698 1104 187 -1005 -74 -643 -521 862 -185 -420 -170 -631 -341 -414 -221 -259 651 -45 -68 -827 -611 -46 842 252 299 825 16 -356 -480 -391 879 -108 -513
-499 -411 -102 181 -217 -101 -674 298 8 -517 -730 296 -609 14 -9 -121 463 208 735 -338 -3 789 -321 892 -133 -825 70 136 547 17 64 698 1104 187 -1005 -74 -643 -521 862 -185 -420 -170 -631 -341 -414 -221 -259 651 -45 -68 -827 -611 -46 842 252 299 825 16 -356 -480 -391 879 -108 -513
-499 -411 -102 181 -217 -101 -674 298 8 -517 -730 296 -609 14 -9 -121 463 208 735 -338 -3 789 -321 892 -133 -825 70 136 547 17 64 698 1104 187 -1005 -74 -643 -521 862 -185 -420 -170 -631 -341 -414 -221 -259 651 -45 -68 -827 -611 -46 842 252 299 825 16 -356 -480 -391 879 -108 -513
-499 -411 -102 181 -217 -101 -674 298 8 -517 -730 296 -609 14 -9 -121 463 208 735 -338 -3 789 -321 892 -133 -825 70 136 547 17 64 698 1104 187 -1005 -74 -643 -521 862 -185 -420 -170 -631 -341 -414 -221 -259 651 -45 -68 -827 -611 -46 842 252 299 825 16 -356 -480 -391 879 -108 -513
-499 -411 -102 181 -217 -101 -674 298 8 -517 -730 296 -609 14 -9 -121 463 208 735 -338 -3 789 -321 892 -133 -825 70 136 547 17 64 698 1104 187 -1005 -74 -643 -521 862 -185 -420 -170 -631 -341 -414 -221 -259 651 -45 -68 -827 -611 -46 842 252 299 825 16 -356 -480 -391 879 -108 -513
-499 -411 -102 181 -217 -101 -674 298 8 -517 -730 296 -609 14 -9 -121 463 208 735 -338 -3 789 -321 892 -133 -825 70 136 547 17 64 698 1104 187 -1005 -74 -643 -521 862 -185 -420 -170 -631 -341 -414 -221 -259 651 -45 -68 -827 -611 -46 842 252 299 825 16 -356 -480 -391 879 -108 -513
-499 -411 -102 181 -217 -101 -674 298 8 -517 -730 296 -609 14 -9 -121 463 208 735 -338 -3 789 -321 892 -133 -825 70 136 547 17 64 698 1104 187 -1005 -74 -643 -521 862 -185 -420 -170 -631 -341 -414 -221 -259 651 -45 -68 -827 -611 -46 842 252 299 825 16 -356 -480 -391 879 -108 -513
-499 -411 -102 181 -217 -101 -674 298 8 -517 -730 296 -609 14 -9 -121 463 208 735 -338 -3 789 -321 892 -133 -825 70 136 547 17 64 698 1104 187 -1005 -74 -643 -521 862 -185 -420 -170 -631 -341 -414 -221 -259 651 -45 -68 -827 -611 -46 842 252 299 825 16 -356 -480 -391 879 -108 -513
-499 -411 -102 181 -217 -101 -674 298 8 -517 -730 296 -609 14 -9 -121 463 208 735 -338 -3 789 -321 892 -133 -825 70 136 547 17 64 698 1104 187 -1005 -74 -643 -521 862 -185 -420 -170 -631 -341 -414 -221 -259 651 -45 -68 -827 -611 -46 842 252 299 825 16 -356 -480 -391 879 -108 -513
-499 -411 -102 181 -217 -101 -674 298 8 -517 -730 296 -609 14 -9 -121 463 208 735 -338 -3 789 -321 892 -133 -825 70 136 547 17 64 698 1104 187 -1005 -74 -643 -521 862 -185 -420 -170 -631 -341 -414 -221 -259 651 -45 -68 -827 -611 -46 842 252 299 825 16 -356 -480 -391 879 -108 -513
-499 -411 -102 181 -217 -101 -674 298 8 -517 -730 296 -609 14 -9 -121 463 208 735 -338 -3 789 -321 892 -133 -825 70 136 547 17 64 698 1104 187 -1005 -74 -643 -521 862 -185 -420 -170 -631 -341 -414 -221 -259 651 -45 -68 -827 -611 -46 842 252 299 825 16 -356 -480 -391 879 -108 -513
-499 -411 -102 181 -217 -101 -674 298 8 -517 -730 296 -609 14 -9 -121 463 208 735 -338 -3 789 -321 892 -133 -825 70 136 547 17 64 698 1104 187 -1005 -74 -643 -521 862 -185 -420 -170 -631 -341 -414 -221 -259 651 -45 -68 -827 -611 -46 842 252 299 825 16 -356 -480 -391 879 -108 -513
-499 -411 -102 181 -217 -101 -674 298 8 -517 -730 296 -609 14 -9 -121 463 208 735 -338 -3 789 -321 892 -133 -825 70 136 547 17 64 698 1104 187 -1005 -74 -643 -521 862 -185 -420 -170 -631 -341 -414 -221 -259 651 -45 -68 -827 -611 -46 842 252 299 825 16 -356 -480 -391 879 -108 -513
-499 -411 -102 181 -217 -101 -674 298 8 -517 -730 296 -609 14 -9 -121 463 208 735 -338 -3 789 -321 892 -133 -825 70 136 547 17 64 698 1104 187 -1005 -74 -643 -521 862 -185 -420 -170 -631 -341 -414 -221 -259 651 -45 -68 -827 -611 -46 842 252 299 825 16 -356 -480 -391 879 -108 -513
-499 -411 -102 181 -217 -101 -674 298 8 -517 -730 296 -609 14 -9 -121 463 208 735 -338 -3 789 -321 892 -133 -825 70 136 547 17 64 698 1104 187 -1005 -74 -643 -521 862 -185 -420 -170 -631 -341 -414 -221 -259 651 -45 -68 -827 -611 -46 842 252 299 825 16 -356 -480 -391 879 -108 -513
-499 -411 -102 181 -217 -101 -674 298 8 -517 -730 296 -609 14 -9 -121 463 208 735 -338 -3 789 -321 892 -133 -825 70 136 547 17 64 698 1104 187 -1005 -74 -643 -521 862 -185 -420 -170 -631 -341 -414 -221 -259 651 -45 -68 -827 -611 -46 842 252 299 825 16 -356 -480 -391 879 -108 -513
-499 -411 -102 181 -217 -101 -674 298 8 -517 -730 296 -609 14 -9 -121 463 208 735 -338 -3 789 -321 892 -133 -825 70 136 547 17 64 698 1104 187 -1005 -74 -643 -521 862 -185 -420 -170 -631 -341 -414 -221 -259 651 -45 -68 -827 -611 -46 842 252 299 825 16 -356 -480 -391 879 -108 -513
-499 -411 -102 181 -217 -101 -674 298 8 -517 -730 296 -609 14 -9 -121 463 208 735 -338 -3 789 -321 892 -133 -825 70 136 547 17 64 698 1104 187 -1005 -74 -643 -521 862 -185 -420 -170 -631 -341 -414 -221 -259 651 -45 -68 -827 -611 -46 842 252 299 825 16 -356 -480 -391 879 -108 -513
-499 -411 -102 181 -217 -101 -674 298 8 -517 -730 296 -609 14 -9 -121 463 208 735 -338 -3 789 -321 892 -133 -825 70 136 547 17 64 698 1104 187 -1005 -74 -643 -521 862 -185 -420 -170 -631 -341 -414 -221 -259 651 -45 -68 -827 -611 -46 842 252 299 825 16 -356 -480 -391 879 -108 -513
-499 -411 -102 181 -217 -101 -674 298 8 -517 -730 296 -609 14 -9 -121 463 208 735 -338 -3 789 -321 892 -133 -825 70 136 547 17 64 698 1104 187 -1005 -74 -643 -521 862 -185 -420 -170 -631 -341 -414 -221 -259 651 -45 -68 -827 -611 -46 842 252 299 825 16 -356 -480 -391 879 -108 -513
-499 -411 -102 181 -217 -101 -674 298 8 -517 -730 296 -609 14 -9 -121 463 208 735 -338 -3 789 -321 892 -133 -825 70 136 547 17 64 698 1104 187 -1005 -74 -643 -521 862 -185 -420 -170 -631 -341 -414 -221 -259 651 -45 -68 -827 -611 -46 842 252 299 825 16 -356 -480 -391 879 -108 -513
-499 -411 -102 181 -217 -101 -674 298 8 -517 -730 296 -609 14 -9 -121 463 208 735 -338 -3 789 -321 892 -133 -825 70 136 547 17 64 698 1104 187 -1005 -74 -643 -521 862 -185 -420 -170 -631 -341 -414 -221 -259 651 -45 -68 -827 -611 -46 842 252 299 825 16 -356 -480 -391 879 -108 -513
-499 -411 -102 181 -217 -101 -674 298 8 -517 -730 296 -609 14 -9 -121 463 208 735 -338 -3 789 -321 892 -133 -825 70 136 547 17 64 698 1104 187 -1005 -74 -643 -521 862 -185 -420 -170 -631 -341 -414 -221 -259 651 -45 -68 -827 -611 -46 842 252 299 825 16 -356 -480 -391 879 -108 -513
-499 -411 -102 181 -217 -101 -674 298 8 -517 -730 296 -609 14 -9 -121 463 208 735 -338 -3 789 -321 892 -133 -825 70 136 547 17 64 698 1104 187 -1005 -74 -643 -521 862 -185 -420 -170 -631 -341 -414 -221 -259 651 -45 -68 -827 -611 -46 842 252 299 825 16 -356 -480 -391 879 -108 -513
-499 -411 -102 181 -217 -101 -674 298 8 -517 -730 296 -609 14 -9 -121 463 208 735 -338 -3 789 -321 892 -133 -825 70 136 547 17 64 698 1104 187 -1005 -74 -643 -521 862 -185 -420 -170 -631 -341 -414 -221 -259 651 -45 -68 -827 -611 -46 842 252 299 825 16 -356 -480 -391 879 -108 -513
-499 -411 -102 181 -217 -101 -674 298 8 -517 -730 296 -609 14 -9 -121 463 208 735 -338 -3 789 -321 892 -133 -825 70 136 547 17 64 698 1104 187 -1005 -74 -643 -521 862 -185 -420 -170 -631 -341 -414 -221 -259 651 -45 -68 -827 -611 -46 842 252 299 825 16 -356 -480 -391 879 -108 -513
-499 -411 -102 181 -217 -101 -674 298 8 -517 -730 296 -609 14 -9 -121 463 208 735 -338 -3 789 -321 892 -133 -825 70 136 547 17 64 698 1104 187 -1005 -74 -643 -521 862 -185 -420 -170 -631 -341 -414 -221 -259 651 -45 -68 -827 -611 -46 842 252 299 825 16 -356 -480 -391 879 -108 -513
-499 -411 -102 181 -217 -101 -674 298 8 -517 -730 296 -609 14 -9 -121 463 208 735 -338 -3 789 -321 892 -133 -825 70 136 547 17 64 698 1104 187 -1005 -74 -643 -521 862 -185 -420 -170 -631 -341 -414 -221 -259 651 -45 -68 -827 -611 -46 842 252 299 825 16 -356 -480 -391 879 -108 -513
-499 -411 -102 181 -217 -101 -674 298 8 -517 -730 296 -609 14 -9 -121 463 208 735 -338 -3 789 -321 892 -133 -825 70 136 547 17 64 698 1104 187 -1005 -74 -643 -521 862 -185 -420 -170 -631 -341 -414 -221 -259 651 -45 -68 -827 -611 -46 842 252 299 825 16 -356 -480 -391 879 -108 -513
-499 -411 -102 181 -217 -101 -674 298 8 -517 -730 296 -609 14 -9 -121 463 208 735 -338 -3 789 -321 892 -133 -825 70 136 547 17 64 698 1104 187 -1005 -74 -643 -521 862 -185 -420 -170 -631 -341 -414 -221 -259 651 -45 -68 -827 -611 -46 842 252 299 825 16 -356 -480 -391 879 -108 -513
-499 -411 -102 181 -217 -101 -674 298 8 -517 -730 296 -609 14 -9 -121 463 208 735 -338 -3 789 -321 892 -133 -825 70 136 547 17 64 698 1104 187 -1005 -74 -643 -521 862 -185 -420 -170 -631 -341 -414 -221 -259 651 -45 -68 -827 -611 -46 842 252 299 825 16 -356 -480 -391 879 -108 -513
-499 -411 -102 181 -217 -101 -674 298 8 -517 -730 296 -609 14 -9 -121 463 208 735 -338 -3 789 -321 892 -133 -825 70 136 547 17 64 698 1104 187 -1005 -74 -643 -521 862 -185 -420 -170 -631 -341 -414 -221 -259 651 -45 -68 -827 -611 -46 842 252 299 825 16 -356 -480 -391 879 -108 -513
-499 -411 -102 181 -217 -101 -674 298 8 -517 -730 296 -609 14 -9 -121 463 208 735 -338 -3 789 -321 892 -133 -825 70 136 547 17 64 698 1104 187 -1005 -74 -643 -521 862 -185 -420 -170 -631 -341 -414 -221 -259 651 -45 -68 -827 -611 -46 842 252 299 825 16 -356 -480 -391 879 -108 -513
-499 -411 -102 181 -217 -101 -674 298 8 -517 -730 296 -609 14 -9 -121 463 208 735 -338 -3 789 -321 892 -133 -825 70 136 547 17 64 698 1104 187 -1005 -74 -643 -521 862 -185 -420 -170 -631 -341 -414 -221 -259 651 -45 -68 -827 -611 -46 842 252 299 825 16 -356 -480 -391 879 -108 -513
-499 -411 -102 181 -217 -101 -674 298 8 -517 -730 296 -609 14 -9 -121 463 208 735 -338 -3 789 -321 892 -133 -825 70 136 547 17 64 698 1104 187 -1005 -74 -643 -521 862 -185 -420 -170 -631 -341 -414 -221 -259 651 -45 -68 -827 -611 -46 842 252 299 825 16 -356 -480 -391 879 -108 -513
-499 -411 -102 181 -217 -101 -674 298 8 -517 -730 296 -609 14 -9 -121 463 208 735 -338 -3 789 -321 892 -133 -825 70 136 547 17 64 698 1104 187 -1005 -74 -643 -521 862 -185 -420 -170 -631 -341 -414 -221 -259 651 -45 -68 -827 -611 -46 842 252 299 825 16 -356 -480 -391 879 -108 -513
-499 -411 -102 181 -217 -101 -674 298 8 -517 -730 296 -609 14 -9 -121 463 208 735 -338 -3 789 -321 892 -133 -825 70 136 547 17 64 698 1104 187 -1005 -74 -643 -521 862 -185 -420 -170 -631 -341 -414 -221 -259 651 -45 -68 -827 -611 -46 842 252 299 825 16 -356 -480 -391 879 -108 -513
-499 -411 -102 181 -217 -101 -674 298 8 -517 -730 296 -609 14 -9 -121 463 208 735 -338 -3 789 -321 892 -133 -825 70 136 547 17 64 698 1104 187 -1005 -74 -643 -521 862 -185 -420 -170 -631 -341 -414 -221 -259 651 -45 -68 -827 -611 -46 842 252 299 825 16 -356 -480 -391 879 -108 -513
-499 -411 -102 181 -217 -101 -674 298 8 -517 -730 296 -609 14 -9 -121 463 208 735 -338 -3 789 -321 892 -133 -825 70 136 547 17 64 698 1104 187 -1005 -74 -643 -521 862 -185 -420 -170 -631 -341 -414 -221 -259 651 -45 -68 -827 -611 -46 842 252 299 825 16 -356 -480 -391 879 -108 -513
-499 -411 -102 181 -217 -101 -674 298 8 -517 -730 296 -609 14 -9 -121 463 208 735 -338 -3 789 -321 892 -133 -825 70 136 547 17 64 698 1104 187 -1005 -74 -643 -521 862 -185 -420 -170 -631 -341 -414 -221 -259 651 -45 -68 -827 -611 -46 842 252 299 825 16 -356 -480 -391 879 -108 -513
-499 -411 -102 181 -217 -101 -674 298 8 -517 -730 296 -609 14 -9 -121 463 208 735 -338 -3 789 -321 892 -133 -825 70 136 547 17 64 698 1104 187 -1005 -74 -643 -521 862 -185 -420 -170 -631 -341 -414 -221 -259 651 -45 -68 -827 -611 -46 842 252 299 825 16 -356 -480 -391 879 -108 -513
-499 -411 -102 181 -217 -101 -674 298 8 -517 -730 296 -609 14 -9 -121 463 208 735 -338 -3 789 -321 892 -133 -825 70 136 547 17 64 698 1104 187 -1005 -74 -643 -521 862 -185 -420 -170 -631 -341 -414 -221 -259 651 -45 -68 -827 -611 -46 842 252 299 825 16 -356 -480 -391 879 -108 -513
-499 -411 -102 181 -217 -101 -674 298 8 -517 -730 296 -609 14 -9 -121 463 208 735 -338 -3 789 -321 892 -133 -825 70 136 547 17 64 698 1104 187 -1005 -74 -643 -521 862 -185 -420 -170 -631 -341 -414 -221 -259 651 -45 -68 -827 -611 -46 842 252 299 825 16 -356 -480 -391 879 -108 -513
-499 -411 -102 181 -217 -101 -674 298 8 -517 -730 296 -609 14 -9 -121 463 208 735 -338 -3 789 -321 892 -133 -825 70 136 547 17 64 698 1104 187 -1005 -74 -643 -521 862 -185 -420 -170 -631 -341 -414 -221 -259 651 -45 -68 -827 -611 -46 842 252 299 825 16 -356 -480 -391 879 -108 -513
-499 -411 -102 181 -217 -101 -674 298 8 -517 -730 296 -609 14 -9 -121 463 208 735 -338 -3 789 -321 892 -133 -825 70 136 547 17 64 698 1104 187 -1005 -74 -643 -521 862 -185 -420 -170 -631 -341 -414 -221 -259 651 -45 -68 -827 -611 -46 842 252 299 825 16 -356 -480 -391 879 -108 -513
-499 -411 -102 181 -217 -101 -674 298 8 -517 -730 296 -609 14 -9 -121 463 208 735 -338 -3 789 -321 892 -133 -825 70 136 547 17 64 698 1104 187 -1005 -74 -643 -521 862 -185 -420 -170 -631 -341 -414 -221 -259 651 -45 -68 -827 -611 -46 842 252 299 825 16 -356 -480 -391 879 -108 -513
-499 -411 -102 181 -217 -101 -674 298 8 -517 -730 296 -609 14 -9 -121 463 208 735 -338 -3 789 -321 892 -133 -825 70 136 547 17 64 698 1104 187 -1005 -74 -643 -521 862 -185 -420 -170 -631 -341 -414 -221 -259 651 -45 -68 -827 -611 -46 842 252 299 825 16 -356 -480 -391 879 -108 -513
-499 -411 -102 181 -217 -101 -674 298 8 -517 -730 296 -609 14 -9 -121 463 208 735 -338 -3 789 -321 892 -133 -825 70 136 547 17 64 698 1104 187 -1005 -74 -643 -521 862 -185 -420 -170 -631 -341 -414 -221 -259 651 -45 -68 -827 -611 -46 842 252 299 825 16 -356 -480 -391 879 -108 -513
-499 -411 -102 181 -217 -101 -674 298 8 -517 -730 296 -609 14 -9 -121 463 208 735 -338 -3 789 -321 892 -133 -825 70 136 547 17 64 698 1104 187 -1005 -74 -643 -521 862 -185 -420 -170 -631 -341 -414 -221 -259 651 -45 -68 -827 -611 -46 842 252 299 825 16 -356 -480 -391 879 -108 -513
-499 -411 -102 181 -217 -101 -674 298 8 -517 -730 296 -609 14 -9 -121 463 208 735 -338 -3 789 -321 892 -133 -825 70 136 547 17 64 698 1104 187 -1005 -74 -643 -521 862 -185 -420 -170 -631 -341 -414 -221 -259 651 -45 -68 -827 -611 -46 842 252 299 825 16 -356 -480 -391 879 -108 -513
-499 -411 -102 181 -217 -101 -674 298 8 -517 -730 296 -609 14 -9 -121 463 208 735 -338 -3 789 -321 892 -133 -825 70 136 547 17 64 698 1104 187 -1005 -74 -643 -521 862 -185 -420 -170 -631 -341 -414 -221 -259 651 -45 -68 -827 -611 -46 842 252 299 825 16 -356 -480 -391 879 -108 -513
-499 -411 -102 181 -217 -101 -674 298 8 -517 -730 296 -609 14 -9 -121 463 208 735 -338 -3 789 -321 892 -133 -825 70 136 547 17 64 698 1104 187 -1005 -74 -643 -521 862 -185 -420 -170 -631 -341 -414 -221 -259 651 -45 -68 -827 -611 -46 842 252 299 825 16 -356 -480 -391 879 -108 -513
-499 -411 -102 181 -217 -101 -674 298 8 -517 -730 296 -609 14 -9 -121 463 208 735 -338 -3 789 -321 892 -133 -825 70 136 547 17 64 698 1104 187 -1005 -74 -643 -521 862 -185 -420 -170 -631 -341 -414 -221 -259 651 -45 -68 -827 -611 -46 842 252 299 825 16 -356 -480 -391 879 -108 -513
-499 -411 -102 181 -217 -101 -674 298 8 -517 -730 296 -609 14 -9 -121 463 208 735 -338 -3 789 -321 892 -133 -825 70 136 547 17 64 698 1104 187 -1005 -74 -643 -521 862 -185 -420 -170 -631 -341 -414 -221 -259 651 -45 -68 -827 -611 -46 842 252 299 825 16 -356 -480 -391 879 -108 -513
-499 -411 -102 181 -217 -101 -674 298 8 -517 -730 296 -609 14 -9 -121 463 208 735 -338 -3 789 -321 892 -133 -825 70 136 547 17 64 698 1104 187 -1005 -74 -643 -521 862 -185 -420 -170 -631 -341 -414 -221 -259 651 -45 -68 -827 -611 -46 842 252 299 825 16 -356 -480 -391 879 -108 -513
-499 -411 -102 181 -217 -101 -674 298 8 -517 -730 296 -609 14 -9 -121 463 208 735 -338 -3 789 -321 892 -133 -825 70 136 547 17 64 698 1104 187 -1005 -74 -643 -521 862 -185 -420 -170 -631 -341 -414 -221 -259 651 -45 -68 -827 -611 -46 842 252 299 825 16 -356 -480 -391 879 -108 -513
-499 -411 -102 181 -217 -101 -674 298 8 -517 -730 296 -609 14 -9 -121 463 208 735 -338 -3 789 -321 892 -133 -825 70 136 547 17 64 698 1104 187 -1005 -74 -643 -521 862 -185 -420 -170 -631 -341 -414 -221 -259 651 -45 -68 -827 -611 -46 842 252 299 825 16 -356 -480 -391 879 -108 -513
-499 -411 -102 181 -217 -101 -674 298 8 -517 -730 296 -609 14 -9 -121 463 208 735 -338 -3 789 -321 892 -133 -825 70 136 547 17 64 698 1104 187 -1005 -74 -643 -521 862 -185 -420 -170 -631 -341 -414 -221 -259 651 -45 -68 -827 -611 -46 842 252 299 825 16 -356 -480 -391 879 -108 -513
-499 -411 -102 181 -217 -101 -674 298 8 -517 -730 296 -609 14 -9 -121 463 208 735 -338 -3 789 -321 892 -133 -825 70 136 547 17 64 698 1104 187 -1005 -74 -643 -521 862 -185 -420 -170 -631 -341 -414 -221 -259 651 -45 -68 -827 -611 -46 842 252 299 825 16 -356 -480 -391 879 -108 -513
-499 -411 -102 181 -217 -101 -674 298 8 -517 -730 296 -609 14 -9 -121 463 208 735 -338 -3 789 -321 892 -133 -825 70 136 547 17 64 698 1104 187 -1005 -74 -643 -521 862 -185 -420 -170 -631 -341 -414 -221 -259 651 -45 -68 -827 -611 -46 842 252 299 825 16 -356 -480 -391 879 -108 -513
-499 -411 -102 181 -217 -101 -674 298 8 -517 -730 296 -609 14 -9 -121 463 208 735 -338 -3 789 -321 892 -133 -825 70 136 547 17 64 698 1104 187 -1005 -74 -643 -521 862 -185 -420 -170 -631 -341 -414 -221 -259 651 -45 -68 -827 -611 -46 842 252 299 825 16 -356 -480 -391 879 -108 -513
-499 -411 -102 181 -217 -101 -674 298 8 -517 -730 296 -609 14 -9 -121 463 208 735 -338 -3 789 -321 892 -133 -825 70 136 547 17 64 698 1104 187 -1005 -74 -643 -521 862 -185 -420 -170 -631 -341 -414 -221 -259 651 -45 -68 -827 -611 -46 842 252 299 825 16 -356 -480 -391 879 -108 -513
-499 -411 -102 181 -217 -101 -674 298 8 -517 -730 296 -609 14 -9 -121 463 208 735 -338 -3 789 -321 892 -133 -825 70 136 547 17 64 698 1104 187 -1005 -74 -643 -521 862 -185 -420 -170 -631 -341 -414 -221 -259 651 -45 -68 -827 -611 -46 842 252 299 825 16 -356 -480 -391 879 -108 -513
-499 -411 -102 181 -217 -101 -674 298 8 -517 -730 296 -609 14 -9 -121 463 208 735 -338 -3 789 -321 892 -133 -825 70 136 547 17 64 698 1104 187 -1005 -74 -643 -521 862 -185 -420 -170 -631 -341 -414 -221 -259 651 -45 -68 -827 -611 -46 842 252 299 825 16 -356 -480 -391 879 -108 -513
-499 -411 -102 181 -217 -101 -674 298 8 -517 -730 296 -609 14 -9 -121 463 208 735 -338 -3 789 -321 892 -133 -825 70 136 547 17 64 698 1104 187 -1005 -74 -643 -521 862 -185 -420 -170 -631 -341 -414 -221 -259 651 -45 -68 -827 -611 -46 842 252 299 825 16 -356 -480 -391 879 -108 -513
-499 -411 -102 181 -217 -101 -674 298 8 -517 -730 296 -609 14 -9 -121 463 208 735 -338 -3 789 -321 892 -133 -825 70 136 547 17 64 698 1104 187 -1005 -74 -643 -521 862 -185 -420 -170 -631 -341 -414 -221 -259 651 -45 -68 -827 -611 -46 842 252 299 825 16 -356 -480 -391 879 -108 -513
-499 -411 -102 181 -217 -101 -674 298 8 -517 -730 296 -609 14 -9 -121 463 208 735 -338 -3 789 -321 892 -133 -825 70 136 547 17 64 698 1104 187 -1005 -74 -643 -521 862 -185 -420 -170 -631 -341 -414 -221 -259 651 -45 -68 -827 -611 -46 842 252 299 825 16 -356 -480 -391 879 -108 -513
-499 -411 -102 181 -217 -101 -674 298 8 -517 -730 296 -609 14 -9 -121 463 208 735 -338 -3 789 -321 892 -133 -825 70 136 547 17 64 698 1104 187 -1005 -74 -643 -521 862 -185 -420 -170 -631 -341 -414 -221 -259 651 -45 -68 -827 -611 -46 842 252 299 825 16 -356 -480 -391 879 -108 -513
-499 -411 -102 181 -217 -101 -674 298 8 -517 -730 296 -609 14 -9 -121 463 208 735 -338 -3 789 -321 892 -133 -825 70 136 547 17 64 698 1104 187 -1005 -74 -643 -521 862 -185 -420 -170 -631 -341 -414 -221 -259 651 -45 -68 -827 -611 -46 842 252 299 825 16 -356 -480 -391 879 -108 -513
-499 -411 -102 181 -217 -101 -674 298 8 -517 -730 296 -609 14 -9 -121 463 208 735 -338 -3 789 -321 892 -133 -825 70 136 547 17 64 698 1104 187 -1005 -74 -643 -521 862 -185 -420 -170 -631 -341 -414 -221 -259 651 -45 -68 -827 -611 -46 842 252 299 825 16 -356 -480 -391 879 -108 -513
-499 -411 -102 181 -217 -101 -674 298 8 -517 -730 296 -609 14 -9 -121 463 208 735 -338 -3 789 -321 892 -133 -825 70 136 547 17 64 698 1104 187 -1005 -74 -643 -521 862 -185 -420 -170 -631 -341 -414 -221 -259 651 -45 -68 -827 -611 -46 842 252 299 825 16 -356 -480 -391 879 -108 -513
-499 -411 -102 181 -217 -101 -674 298 8 -517 -730 296 -609 14 -9 -121 463 208 735 -338 -3 789 -321 892 -133 -825 70 136 547 17 64 698 1104 187 -1005 -74 -643 -521 862 -185 -420 -170 -631 -341 -414 -221 -259 651 -45 -68 -827 -611 -46 842 252 299 825 16 -356 -480 -391 879 -108 -513
-499 -411 -102 181 -217 -101 -674 298 8 -517 -730 296 -609 14 -9 -121 463 208 735 -338 -3 789 -321 892 -133 -825 70 136 547 17 64 698 1104 187 -1005 -74 -643 -521 862 -185 -420 -170 -631 -341 -414 -221 -259 651 -45 -68 -827 -611 -46 842 252 299 825 16 -356 -480 -391 879 -108 -513
-499 -411 -102 181 -217 -101 -674 298 8 -517 -730 296 -609 14 -9 -121 463 208 735 -338 -3 789 -321 892 -133 -825 70 136 547 17 64 698 1104 187 -1005 -74 -643 -521 862 -185 -420 -170 -631 -341 -414 -221 -259 651 -45 -68 -827 -611 -46 842 252 299 825 16 -356 -480 -391 879 -108 -513
-499 -411 -102 181 -217 -101 -674 298 8 -517 -730 296 -609 14 -9 -121 463 208 735 -338 -3 789 -321 892 -133 -825 70 136 547 17 64 698 1104 187 -1005 -74 -643 -521 862 -185 -420 -170 -631 -341 -414 -221 -259 651 -45 -68 -827 -611 -46 842 252 299 825 16 -356 -480 -391 879 -108 -513
-499 -411 -102 181 -217 -101 -674 298 8 -517 -730 296 -609 14 -9 -121 463 208 735 -338 -3 789 -321 892 -133 -825 70 136 547 17 64 698 1104 187 -1005 -74 -643 -521 862 -185 -420 -170 -631 -341 -414 -221 -259 651 -45 -68 -827 -611 -46 842 252 299 825 16 -356 -480 -391 879 -108 -513
-499 -411 -102 181 -217 -101 -674 298 8 -517 -730 296 -609 14 -9 -121 463 208 735 -338 -3 789 -321 892 -133 -825 70 136 547 17 64 698 1104 187 -1005 -74 -643 -521 862 -185 -420 -170 -631 -341 -414 -221 -259 651 -45 -68 -827 -611 -46 842 252 299 825 16 -356 -480 -391 879 -108 -513
-499 -411 -102 181 -217 -101 -674 298 8 -517 -730 296 -609 14 -9 -121 463 208 735 -338 -3 789 -321 892 -133 -825 70 136 547 17 64 698 1104 187 -1005 -74 -643 -521 862 -185 -420 -170 -631 -341 -414 -221 -259 651 -45 -68 -827 -611 -46 842 252 299 825 16 -356 -480 -391 879 -108 -513
-499 -411 -102 181 -217 -101 -674 298 8 -517 -730 296 -609 14 -9 -121 463 208 735 -338 -3 789 -321 892 -133 -825 70 136 547 17 64 698 1104 187 -1005 -74 -643 -521 862 -185 -420 -170 -631 -341 -414 -221 -259 651 -45 -68 -827 -611 -46 842 252 299 825 16 -356 -480 -391 879 -108 -513
-499 -411 -102 181 -217 -101 -674 298 8 -517 -730 296 -609 14 -9 -121 463 208 735 -338 -3 789 -321 892 -133 -825 70 136 547 17 64 698 1104 187 -1005 -74 -643 -521 862 -185 -420 -170 -631 -341 -414 -221 -259 651 -45 -68 -827 -611 -46 842 252 299 825 16 -356 -480 -391 879 -108 -513
-499 -411 -102 181 -217 -101 -674 298 8 -517 -730 296 -609 14 -9 -121 463 208 735 -338 -3 789 -321 892 -133 -825 70 136 547 17 64 698 1104 187 -1005 -74 -643 -521 862 -185 -420 -170 -631 -341 -414 -221 -259 651 -45 -68 -827 -611 -46 842 252 299 825 16 -356 -480 -391 879 -108 -513
-499 -411 -102 181 -217 -101 -674 298 8 -517 -730 296 -609 14 -9 -121 463 208 735 -338 -3 789 -321 892 -133 -825 70 136 547 17 64 698 1104 187 -1005 -74 -643 -521 862 -185 -420 -170 -631 -341 -414 -221 -259 651 -45 -68 -827 -611 -46 842 252 299 825 16 -356 -480 -391 879 -108 -513
-499 -411 -102 181 -217 -101 -674 298 8 -517 -730 296 -609 14 -9 -121 463 208 735 -338 -3 789 -321 892 -133 -825 70 136 547 17 64 698 1104 187 -1005 -74 -643 -521 862 -185 -420 -170 -631 -341 -414 -221 -259 651 -45 -68 -827 -611 -46 842 252 299 825 16 -356 -480 -391 879 -108 -513
-499 -411 -102 181 -217 -101 -674 298 8 -517 -730 296 -609 14 -9 -121 463 208 735 -338 -3 789 -321 892 -133 -825 70 136 547 17 64 698 1104 187 -1005 -74 -643 -521 862 -185 -420 -170 -631 -341 -414 -221 -259 651 -45 -68 -827 -611 -46 842 252 299 825 16 -356 -480 -391 879 -108 -513
-499 -411 -102 181 -217 -101 -674 298 8 -517 -730 296 -609 14 -9 -121 463 208 735 -338 -3 789 -321 892 -133 -825 70 136 547 17 64 698 1104 187 -1005 -74 -643 -521 862 -185 -420 -170 -631 -341 -414 -221 -259 651 -45 -68 -827 -611 -46 842 252 299 825 16 -356 -480 -391 879 -108 -513
-499 -411 -102 181 -217 -101 -674 298 8 -517 -730 296 -609 14 -9 -121 463 208 735 -338 -3 789 -321 892 -133 -825 70 136 547 17 64 698 1104 187 -1005 -74 -643 -521 862 -185 -420 -170 -631 -341 -414 -221 -259 651 -45 -68 -827 -611 -46 842 252 299 825 16 -356 -480 -391 879 -108 -513
-499 -411 -102 181 -217 -101 -674 298 8 -517 -730 296 -609 14 -9 -121 463 208 735 -338 -3 789 -321 892 -133 -825 70 136 547 17 64 698 1104 187 -1005 -74 -643 -521 862 -185 -420 -170 -631 -341 -414 -221 -259 651 -45 -68 -827 -611 -46 842 252 299 825 16 -356 -480 -391 879 -108 -513
