252 6 52 93 -255 -44 86 -422 -453 -50 186 321 527 -30 245 308 -182 -166 -486 517 850 218 -220 -458 178 -231 -33 -178 888 154 166 -46 -129 -59 57 -411 -53 -8 -469 1 217 166 111 5 320 -16 193 460 -42 273 314 -223 325 -240 522 -528 164 256 377 -996 -32 245 252 24
344 -279 424 -348 438 -482 -112 864 286 397 -1600 878 1439 -749 783 269 308 689 -360 2279 1275 -253 -747 -810 -95 -496 1376 -905 4321 -1846 1411 461 1807 791 -629 -1804 46 89 -111 -596 225 -943 30 -660 349 380 -591 598 436 351 101 -614 -695 49 199 -893 1144 1061 91 -565 -274 -1894 -1270 688
387 -358 414 -131 0 -576 270 120 -89 -82 -20 1777 1080 -519 471 207 652 674 -1086 906 -63 446 -74 -1051 78 -147 738 -480 3219 -1018 -162 -67 730 463 -160 -585 -211 -536 84 -193 9 -590 -925 -585 918 341 -692 570 -17 421 -19 -219 261 395 769 -1593 -114 607 137 78 -36 961 -1837 -68
-898 -914 1345 134 -158 -875 900 278 -177 -1205 373 4090 781 -839 2030 114 1224 2531 -1834 -652 -2675 976 852 -1705 -63 590 -157 -1172 5480 -2558 -1353 -808 1485 -428 -656 1032 -1019 -1650 345 -12 -664 -744 -3594 -1616 1945 1170 -1783 65 -371 966 -1322 -221 1014 1735 1847 -2034 -1125 372 -289 1561 847 4037 -5139 -632
-1471 -457 974 561 -345 -1051 1481 448 -184 -1284 444 3322 970 -863 1538 70 1062 2111 -1267 -424 -1946 624 575 -1172 -236 307 -1021 -886 4351 -1808 -999 -962 1033 -447 -748 1122 -1186 -1027 -30 -26 -596 -354 -3596 -1216 2153 786 -1435 -63 -940 920 -1027 58 1216 1712 2182 -1830 -655 -22 -927 1161 898 3924 -4894 -883
-2660 391 510 971 -453 -12 1118 162 358 -907 399 517 862 -874 900 813 -161 415 179 869 -634 978 324 -410 -772 -27 -1828 114 2612 -1084 -170 -301 1113 -1125 -94 -77 -672 557 -506 -80 565 57 -1885 -832 445 778 -60 409 -203 786 85 -93 1316 158 1195 350 -420 -416 813 -849 1194 2296 -3380 -60
-4857 895 780 1636 -539 379 1488 411 882 -1185 679 -18 903 -1272 1159 1563 -439 408 744 1681 -1406 1638 749 -308 -1445 77 -2795 673 3460 -1943 -319 -229 2179 -1979 181 -521 -794 1162 -511 -10 970 15 -2371 -1215 -44 1163 30 487 177 1028 60 -193 1935 -155 1067 1608 -917 -722 1693 -1017 1834 3013 -4920 333
-1929 749 151 853 -242 -168 550 32 -598 -338 807 422 812 -332 341 1068 267 88 -420 1345 13 996 261 -363 -391 -38 -462 346 1804 -450 -432 -301 1220 -213 228 -1130 -384 456 -56 -79 99 65 -330 -152 342 -235 -149 425 1 296 23 -187 742 -396 357 404 -331 57 571 -415 542 1219 -777 89
-5764 267 -1524 736 960 -2447 52 -891 -538 -1836 -458 3099 2578 176 511 1901 4736 -893 -2504 3184 -1457 2099 -1545 1930 -474 1095 -920 -120 1832 -529 -3157 211 1094 2905 385 -1442 209 2511 -2042 -1790 -1146 -3406 866 850 1440 -2746 -1733 1863 -2209 -1528 -2059 -928 574 -1414 1119 -1346 -753 38 -741 1993 -2298 3788 2660 -2160
-1343 137 -557 470 561 -1048 627 400 -989 -617 232 1159 1713 -498 888 1152 2028 -579 -1370 2511 678 1589 -252 281 -237 444 194 475 2157 370 -1084 -31 1438 1329 751 -1459 145 1110 -546 -806 -448 -1555 446 65 1258 -1681 -230 937 -1027 -180 -824 -387 547 -272 703 -819 -286 460 -568 86 -1160 1715 1463 -191
-1093 178 -997 1039 1083 -1464 803 31 152 -819 -253 1637 2214 -470 1119 999 2815 -551 -1916 4416 112 1496 -491 743 -444 447 -53 313 2328 -140 -1561 -238 2154 2090 931 -1634 119 870 -936 -938 -391 -2707 762 485 1862 -1625 -610 1338 -595 -958 -1169 -773 980 -474 1595 -2412 -683 483 -711 365 -1397 2760 183 -534
-404 762 -662 2840 -797 -849 1710 1870 -1889 -148 699 208 1683 17 -85 2119 1913 2100 -1335 2096 1682 1047 1125 -482 -938 -611 1079 447 4978 218 -698 -12 2945 -589 132 -2021 -701 -463 327 376 -829 -23 -43 1758 1774 -2548 -1234 -323 1427 1252 -1141 -246 1658 -53 271 -173 -1370 136 -806 560 192 346 -473 515
-571 1033 -315 2760 -869 -555 2277 2255 -1815 -819 464 -211 1870 -376 325 2630 2375 2185 -1154 1595 2157 1275 1413 -516 -1208 -363 1058 259 6469 543 -805 -29 3009 -747 -157 -2027 -707 -821 489 250 -545 484 -744 1682 1848 -2490 -1506 -496 1788 1414 -1302 -542 1777 255 416 -111 -1251 -62 -475 -217 563 -376 -1334 889
809 -113 -518 1822 -750 -1366 1009 1793 -1639 450 1146 5 1042 -443 432 1903 271 659 -1291 576 1834 954 -21 -657 -646 -1077 296 585 3696 79 573 809 1377 -870 268 -1278 316 391 -452 971 -672 -513 -227 932 1373 -1488 -340 -191 160 1566 -756 4 2031 -29 796 -693 -585 315 -1174 -159 -1433 1361 160 716
2227 -413 -339 2668 -1283 -2218 380 3099 -2713 1335 2797 -116 1148 -565 170 2159 -1295 1044 -1634 184 2783 1214 -217 -594 -999 -1980 219 1470 5467 -160 1100 2061 1699 -1415 535 -1090 842 590 -175 1899 -1104 -903 -929 1769 2181 -2299 -267 -942 127 2346 -1098 -158 3820 -777 1082 162 -23 30 -1711 -393 -3103 3200 103 722
-84 -757 1518 856 -1092 -961 -1176 -109 -2147 -7 1196 155 869 -292 804 1418 -2310 360 -499 -679 2685 1437 -201 -490 123 -1771 -271 1154 5888 -1878 -206 2015 911 -1391 15 742 561 -786 -659 224 -699 -449 -1489 369 1901 -990 855 -603 273 1224 -1089 -1729 3224 -1949 -25 1596 26 117 -933 -1593 -2945 3965 -673 960
-2342 -1094 2421 410 -691 -148 -1216 -1633 -2482 -1454 -751 180 -11 -520 1637 2326 -2043 2 648 -300 3256 1783 -633 -347 152 -1613 -1213 1016 6069 -3034 -611 1600 2012 -2156 924 2363 182 -77 -1341 -610 -741 -567 -2405 -542 1468 -329 2318 -96 35 1910 -1299 -1858 3466 -2253 -678 1362 -449 -126 -1475 -781 -3694 5560 -1796 1551
-3327 -443 1549 45 -242 1069 -1283 -2088 -1548 -1486 -2320 -135 510 -477 536 2050 -1279 -173 790 -151 2216 616 -728 -611 -520 -2074 -1209 762 4443 -2448 -590 307 1261 -1193 1916 2327 -720 71 -1082 -530 193 -1295 -2129 -825 875 71 1642 896 -58 996 -1747 -844 2023 -2449 -619 526 -916 -537 -1233 -111 -2092 5045 -2024 1120
-3837 -265 1431 -195 853 1207 -794 -1767 -897 -1959 -3076 -1382 911 -308 731 1226 -232 225 757 587 2117 104 -788 -970 -463 -851 -1419 677 3574 -1982 -203 338 1459 -1105 2290 1898 -521 583 -1325 -403 -62 -402 -1898 -939 522 725 1516 1158 770 679 -1232 -725 2000 -2297 -762 475 -1308 -384 -1140 -287 -1027 3776 -1305 905
-1931 -156 854 -90 379 616 -114 -909 -117 -1199 -1835 -904 898 -43 480 494 272 257 -97 803 2180 142 -397 -797 -208 -108 -503 283 1995 -655 -124 251 1066 -656 1269 544 -180 167 -916 -130 12 86 -861 -347 459 1020 629 676 863 239 -617 -774 1243 -1373 -106 161 -652 188 -339 -582 -121 635 57 612
-318 -75 319 3 -250 214 55 -611 -212 -506 -480 -73 640 -31 288 439 -9 -82 -404 464 1751 288 -204 -592 35 -201 -100 -150 1280 42 53 50 274 -240 362 -249 -62 -79 -602 1 202 129 -138 11 361 564 219 479 365 196 -31 -528 631 -620 388 -244 -64 249 264 -922 -10 -393 429 206
-110 -465 541 181 -837 -163 32 -671 323 -732 -616 235 621 -171 -111 292 23 36 -578 -649 3264 213 -86 -435 123 -464 472 -244 1371 344 -194 -89 398 -425 45 -715 -28 -749 -326 218 48 -157 130 709 263 1045 -395 71 754 -14 -546 -870 873 -471 427 29 -5 574 293 -134 125 -3134 978 161
-96 -715 1001 -36 -599 -833 -179 -1091 539 -887 -1331 740 692 -491 171 98 -219 -53 -628 -1591 5779 -187 67 136 -20 -562 1151 257 1889 487 -325 -89 380 -774 -179 -1071 -86 -1191 -158 106 -225 -1045 333 1248 26 1972 -252 -302 586 -705 -1153 -923 1690 -230 707 -150 -65 1018 -6 1129 -292 -6681 506 506
1304 -655 1116 -716 8 -1131 105 -1003 289 758 -634 1769 657 -338 -53 -74 255 -42 -1033 1029 3219 -278 501 -524 -299 547 2018 861 1528 31 -33 397 -473 -416 143 -662 -174 -668 -133 23 215 -1158 -815 -54 509 2410 897 -380 -148 -588 -122 58 1899 221 723 -1870 -465 1265 166 1569 -811 -2901 -2453 884
720 -447 630 -136 -212 -361 -67 -719 -322 69 27 1254 395 30 387 140 -67 173 -929 270 581 192 179 -754 221 400 687 -239 1679 -88 -5 8 -296 -315 28 -120 15 -541 -284 -8 119 -166 -428 -154 517 527 49 308 41 189 -19 -310 769 -5 661 -986 -234 603 586 -277 -337 309 -585 257
-952 -1762 2277 512 -547 -1324 881 -1008 16 -1156 -797 4188 284 32 1554 -82 319 2284 -1847 -1218 -2634 -379 1347 -1071 110 2576 689 -790 5340 -931 -905 -829 47 -2254 -208 2270 -259 -1799 -80 -164 -654 -510 -3267 -478 2036 1309 -1131 58 -375 778 -2367 -558 2606 1124 2040 -1845 -1237 1101 403 1778 -382 4036 -4234 295
-1872 -1200 1458 994 -760 -1251 1717 -548 67 -1546 -840 3290 868 -298 1164 -92 316 2024 -1195 -897 -2120 -883 868 -617 -125 1907 -454 -565 4513 -100 -622 -1167 -61 -2168 -300 2231 -612 -1014 -305 -170 -454 56 -3290 -221 2161 1049 -835 243 -945 928 -2030 -76 2518 1228 2397 -1785 -482 607 -126 1021 454 3965 -4302 -229
-3567 -525 512 1542 -901 -464 2234 132 271 -1699 -833 1055 1527 -732 702 553 13 1093 193 -91 -873 -560 93 -147 -782 791 -1693 457 3675 345 118 -1148 478 -2318 101 931 -1038 460 -539 -69 188 753 -2643 204 965 945 323 670 -876 1154 -1138 202 2732 584 2003 -479 -162 75 578 -705 1341 3249 -4186 -473
-4649 -464 527 1676 -759 271 1999 333 388 -1537 -790 -24 1587 -685 817 1227 -251 614 687 404 -734 176 -73 -153 -1224 613 -1832 1126 4033 -138 478 -964 1125 -2713 677 -331 -1063 1090 -638 81 491 830 -1944 441 -258 920 861 950 -330 1221 -919 -147 2991 -51 1428 714 -692 117 1885 -1445 1335 2826 -3852 -197
-2903 -304 367 1016 -468 -109 1222 93 -44 -945 -494 311 1524 -285 568 900 156 -1 2 728 34 203 -321 -132 -705 411 -913 752 3176 138 -1 -451 496 -1308 566 -679 -535 718 -695 -124 121 343 -808 522 51 14 398 882 -566 702 -666 -255 1815 -220 1139 -254 -414 270 1196 -852 337 1568 -1594 -222
-5249 -103 -702 209 -808 -1701 639 108 -858 -1397 -1691 2433 3730 873 503 1536 3873 -1953 -1643 1493 596 916 -2184 1491 -473 1638 273 716 4798 563 -3280 627 -1084 2364 592 -2055 186 842 -2337 -2044 -1044 -1952 2022 2465 880 -3313 -1878 2026 -2143 -776 -2282 326 603 -1911 2037 -4076 -1456 997 -52 2021 -2658 466 3521 -2648
-1649 -508 113 918 -528 -1618 991 510 -453 -325 -839 1500 2874 461 749 830 1831 -1786 -1298 1940 1188 -243 -1330 866 -183 423 215 1325 4088 657 -1920 368 498 1372 637 -1862 -157 66 -1003 -579 -1101 -1067 1346 1631 569 -2506 -725 1330 -1402 -45 -1562 50 1176 -1310 1494 -3771 -530 1038 620 1125 -2550 785 862 -1138
268 -1134 1985 376 -1247 -1191 -372 -161 -2020 -455 899 253 636 130 2083 1443 -2374 65 -129 -703 2328 890 -292 -24 1286 -165 -211 769 5106 -1437 -251 1884 539 -1719 -698 1081 935 -928 -375 -236 -668 865 -264 664 1049 -586 1585 -570 -75 1429 -403 -1847 2320 -1392 224 571 489 1156 502 -1342 -2967 2574 -456 298
-304 -1260 2696 392 -1251 -770 -711 -623 -2075 -851 -188 -26 1085 -168 2218 1821 -2898 -232 431 -1473 2852 449 -438 -168 1243 -883 -371 926 6131 -2052 -455 1851 789 -1759 -234 1974 330 -1326 -546 -401 -275 279 -648 312 1134 -469 2013 -382 -151 1499 -1240 -1879 2226 -2388 -134 129 -160 1147 123 -830 -3423 4382 -1674 710
-1325 -1629 3451 205 -1379 -600 -757 -1271 -2912 -1712 -449 95 88 -300 3124 2947 -3508 -192 1242 -2029 3400 1252 -475 -39 1677 -660 -837 545 6884 -3029 -325 1976 1295 -2945 -239 3363 590 -879 -884 -905 -369 430 -1107 -70 1246 -242 3250 -651 -383 2517 -1470 -2325 2621 -2370 -350 493 -313 1278 -377 -442 -4463 5680 -1990 1169
-3271 -307 2813 -100 263 1128 -783 -1331 -1769 -2150 -2564 -1104 1151 -524 1446 1938 -1854 -110 1449 -1087 2512 -546 -865 -863 452 -649 -1442 492 4941 -2372 69 831 924 -1823 1830 2860 -470 39 -1338 -483 592 109 -1513 -632 528 567 2149 455 190 1605 -1635 -1013 1430 -3035 -538 -165 -1483 159 -791 381 -2495 5570 -2316 808
-3191 -77 2260 -137 598 1168 -456 -1048 -1244 -1992 -2564 -1207 1226 -463 1086 1340 -1090 60 1198 -540 2098 -809 -839 -931 224 -251 -1407 427 3779 -1753 222 546 863 -1517 1902 2248 -507 278 -1278 -324 535 371 -1349 -676 305 795 1708 609 386 1331 -1245 -652 1209 -2561 -370 -228 -1429 22 -620 223 -1571 4482 -1965 586
-2553 88 1541 -378 871 915 -165 -538 -512 -1502 -2135 -1436 1323 -178 762 362 -205 438 628 99 2005 -931 -710 -1050 251 402 -1042 349 2140 -931 381 599 689 -1100 1594 1131 -177 221 -1100 -106 189 1030 -703 -598 45 1172 1098 510 865 829 -495 -557 923 -1895 -289 118 -1187 184 -281 -333 -395 1965 -681 321
-1512 9 1016 -251 103 637 -92 -472 -280 -879 -1275 -713 1182 -45 516 403 -293 291 210 133 2249 -506 -473 -909 225 110 -578 -20 1583 -458 255 266 477 -711 1064 336 -219 -32 -770 -12 223 688 -232 -163 85 1145 725 373 586 479 -342 -553 677 -1462 80 -104 -790 470 41 -326 -268 335 -20 90
-1007 -104 860 -251 -637 372 73 -109 326 -321 -866 -180 1300 177 265 304 -122 448 -180 158 2907 -360 -363 -749 209 61 61 -186 864 -14 -47 53 554 -524 787 -281 -293 -452 -403 43 231 608 187 289 39 1501 365 -16 477 169 -588 -764 373 -1284 279 -151 -520 1143 245 218 -41 -1788 742 82
-6 -65 214 -15 -427 5 83 -335 -300 -151 -106 219 872 61 336 340 -96 -162 -445 432 1621 80 -335 -484 222 -105 -19 -200 1060 207 35 48 25 -32 215 -527 -86 -134 -503 -25 150 260 306 207 229 300 210 418 76 199 96 -350 392 -627 551 -638 -37 519 450 -747 -211 -483 575 -140
-2915 -96 1087 970 -315 -471 722 306 -578 -587 -104 727 1336 -167 646 1556 160 528 -829 1434 900 546 171 -439 -320 -141 -202 1012 4555 -1371 -626 231 1525 -1023 800 -792 22 -1 -524 217 -389 -506 -857 268 962 -385 -202 30 -118 671 -1551 -1015 1718 -652 400 135 -525 843 -170 668 -1262 1071 -820 703
-2915 -96 1087 970 -315 -471 722 306 -578 -587 -104 727 1336 -167 646 1556 160 528 -829 1434 900 546 171 -439 -320 -141 -202 1012 4555 -1371 -626 231 1525 -1023 800 -792 22 -1 -524 217 -389 -506 -857 268 962 -385 -202 30 -118 671 -1551 -1015 1718 -652 400 135 -525 843 -170 668 -1262 1071 -820 703
-2915 -96 1087 970 -315 -471 722 306 -578 -587 -104 727 1336 -167 646 1556 160 528 -829 1434 900 546 171 -439 -320 -141 -202 1012 4555 -1371 -626 231 1525 -1023 800 -792 22 -1 -524 217 -389 -506 -857 268 962 -385 -202 30 -118 671 -1551 -1015 1718 -652 400 135 -525 843 -170 668 -1262 1071 -820 703
-2915 -96 1087 970 -315 -471 722 306 -578 -587 -104 727 1336 -167 646 1556 160 528 -829 1434 900 546 171 -439 -320 -141 -202 1012 4555 -1371 -626 231 1525 -1023 800 -792 22 -1 -524 217 -389 -506 -857 268 962 -385 -202 30 -118 671 -1551 -1015 1718 -652 400 135 -525 843 -170 668 -1262 1071 -820 703
-2915 -96 1087 970 -315 -471 722 306 -578 -587 -104 727 1336 -167 646 1556 160 528 -829 1434 900 546 171 -439 -320 -141 -202 1012 4555 -1371 -626 231 1525 -1023 800 -792 22 -1 -524 217 -389 -506 -857 268 962 -385 -202 30 -118 671 -1551 -1015 1718 -652 400 135 -525 843 -170 668 -1262 1071 -820 703
-2915 -96 1087 970 -315 -471 722 306 -578 -587 -104 727 1336 -167 646 1556 160 528 -829 1434 900 546 171 -439 -320 -141 -202 1012 4555 -1371 -626 231 1525 -1023 800 -792 22 -1 -524 217 -389 -506 -857 268 962 -385 -202 30 -118 671 -1551 -1015 1718 -652 400 135 -525 843 -170 668 -1262 1071 -820 703
-2915 -96 1087 970 -315 -471 722 306 -578 -587 -104 727 1336 -167 646 1556 160 528 -829 1434 900 546 171 -439 -320 -141 -202 1012 4555 -1371 -626 231 1525 -1023 800 -792 22 -1 -524 217 -389 -506 -857 268 962 -385 -202 30 -118 671 -1551 -1015 1718 -652 400 135 -525 843 -170 668 -1262 1071 -820 703
-2915 -96 1087 970 -315 -471 722 306 -578 -587 -104 727 1336 -167 646 1556 160 528 -829 1434 900 546 171 -439 -320 -141 -202 1012 4555 -1371 -626 231 1525 -1023 800 -792 22 -1 -524 217 -389 -506 -857 268 962 -385 -202 30 -118 671 -1551 -1015 1718 -652 400 135 -525 843 -170 668 -1262 1071 -820 703
-2915 -96 1087 970 -315 -471 722 306 -578 -587 -104 727 1336 -167 646 1556 160 528 -829 1434 900 546 171 -439 -320 -141 -202 1012 4555 -1371 -626 231 1525 -1023 800 -792 22 -1 -524 217 -389 -506 -857 268 962 -385 -202 30 -118 671 -1551 -1015 1718 -652 400 135 -525 843 -170 668 -1262 1071 -820 703
-2915 -96 1087 970 -315 -471 722 306 -578 -587 -104 727 1336 -167 646 1556 160 528 -829 1434 900 546 171 -439 -320 -141 -202 1012 4555 -1371 -626 231 1525 -1023 800 -792 22 -1 -524 217 -389 -506 -857 268 962 -385 -202 30 -118 671 -1551 -1015 1718 -652 400 135 -525 843 -170 668 -1262 1071 -820 703
-2915 -96 1087 970 -315 -471 722 306 -578 -587 -104 727 1336 -167 646 1556 160 528 -829 1434 900 546 171 -439 -320 -141 -202 1012 4555 -1371 -626 231 1525 -1023 800 -792 22 -1 -524 217 -389 -506 -857 268 962 -385 -202 30 -118 671 -1551 -1015 1718 -652 400 135 -525 843 -170 668 -1262 1071 -820 703
-2915 -96 1087 970 -315 -471 722 306 -578 -587 -104 727 1336 -167 646 1556 160 528 -829 1434 900 546 171 -439 -320 -141 -202 1012 4555 -1371 -626 231 1525 -1023 800 -792 22 -1 -524 217 -389 -506 -857 268 962 -385 -202 30 -118 671 -1551 -1015 1718 -652 400 135 -525 843 -170 668 -1262 1071 -820 703
-2915 -96 1087 970 -315 -471 722 306 -578 -587 -104 727 1336 -167 646 1556 160 528 -829 1434 900 546 171 -439 -320 -141 -202 1012 4555 -1371 -626 231 1525 -1023 800 -792 22 -1 -524 217 -389 -506 -857 268 962 -385 -202 30 -118 671 -1551 -1015 1718 -652 400 135 -525 843 -170 668 -1262 1071 -820 703
-2915 -96 1087 970 -315 -471 722 306 -578 -587 -104 727 1336 -167 646 1556 160 528 -829 1434 900 546 171 -439 -320 -141 -202 1012 4555 -1371 -626 231 1525 -1023 800 -792 22 -1 -524 217 -389 -506 -857 268 962 -385 -202 30 -118 671 -1551 -1015 1718 -652 400 135 -525 843 -170 668 -1262 1071 -820 703
-2915 -96 1087 970 -315 -471 722 306 -578 -587 -104 727 1336 -167 646 1556 160 528 -829 1434 900 546 171 -439 -320 -141 -202 1012 4555 -1371 -626 231 1525 -1023 800 -792 22 -1 -524 217 -389 -506 -857 268 962 -385 -202 30 -118 671 -1551 -1015 1718 -652 400 135 -525 843 -170 668 -1262 1071 -820 703
-2915 -96 1087 970 -315 -471 722 306 -578 -587 -104 727 1336 -167 646 1556 160 528 -829 1434 900 546 171 -439 -320 -141 -202 1012 4555 -1371 -626 231 1525 -1023 800 -792 22 -1 -524 217 -389 -506 -857 268 962 -385 -202 30 -118 671 -1551 -1015 1718 -652 400 135 -525 843 -170 668 -1262 1071 -820 703
-2915 -96 1087 970 -315 -471 722 306 -578 -587 -104 727 1336 -167 646 1556 160 528 -829 1434 900 546 171 -439 -320 -141 -202 1012 4555 -1371 -626 231 1525 -1023 800 -792 22 -1 -524 217 -389 -506 -857 268 962 -385 -202 30 -118 671 -1551 -1015 1718 -652 400 135 -525 843 -170 668 -1262 1071 -820 703
-2915 -96 1087 970 -315 -471 722 306 -578 -587 -104 727 1336 -167 646 1556 160 528 -829 1434 900 546 171 -439 -320 -141 -202 1012 4555 -1371 -626 231 1525 -1023 800 -792 22 -1 -524 217 -389 -506 -857 268 962 -385 -202 30 -118 671 -1551 -1015 1718 -652 400 135 -525 843 -170 668 -1262 1071 -820 703
-2915 -96 1087 970 -315 -471 722 306 -578 -587 -104 727 1336 -167 646 1556 160 528 -829 1434 900 546 171 -439 -320 -141 -202 1012 4555 -1371 -626 231 1525 -1023 800 -792 22 -1 -524 217 -389 -506 -857 268 962 -385 -202 30 -118 671 -1551 -1015 1718 -652 400 135 -525 843 -170 668 -1262 1071 -820 703
-2915 -96 1087 970 -315 -471 722 306 -578 -587 -104 727 1336 -167 646 1556 160 528 -829 1434 900 546 171 -439 -320 -141 -202 1012 4555 -1371 -626 231 1525 -1023 800 -792 22 -1 -524 217 -389 -506 -857 268 962 -385 -202 30 -118 671 -1551 -1015 1718 -652 400 135 -525 843 -170 668 -1262 1071 -820 703
-2915 -96 1087 970 -315 -471 722 306 -578 -587 -104 727 1336 -167 646 1556 160 528 -829 1434 900 546 171 -439 -320 -141 -202 1012 4555 -1371 -626 231 1525 -1023 800 -792 22 -1 -524 217 -389 -506 -857 268 962 -385 -202 30 -118 671 -1551 -1015 1718 -652 400 135 -525 843 -170 668 -1262 1071 -820 703
-2915 -96 1087 970 -315 -471 722 306 -578 -587 -104 727 1336 -167 646 1556 160 528 -829 1434 900 546 171 -439 -320 -141 -202 1012 4555 -1371 -626 231 1525 -1023 800 -792 22 -1 -524 217 -389 -506 -857 268 962 -385 -202 30 -118 671 -1551 -1015 1718 -652 400 135 -525 843 -170 668 -1262 1071 -820 703
-2915 -96 1087 970 -315 -471 722 306 -578 -587 -104 727 1336 -167 646 1556 160 528 -829 1434 900 546 171 -439 -320 -141 -202 1012 4555 -1371 -626 231 1525 -1023 800 -792 22 -1 -524 217 -389 -506 -857 268 962 -385 -202 30 -118 671 -1551 -1015 1718 -652 400 135 -525 843 -170 668 -1262 1071 -820 703
-2915 -96 1087 970 -315 -471 722 306 -578 -587 -104 727 1336 -167 646 1556 160 528 -829 1434 900 546 171 -439 -320 -141 -202 1012 4555 -1371 -626 231 1525 -1023 800 -792 22 -1 -524 217 -389 -506 -857 268 962 -385 -202 30 -118 671 -1551 -1015 1718 -652 400 135 -525 843 -170 668 -1262 1071 -820 703
-2915 -96 1087 970 -315 -471 722 306 -578 -587 -104 727 1336 -167 646 1556 160 528 -829 1434 900 546 171 -439 -320 -141 -202 1012 4555 -1371 -626 231 1525 -1023 800 -792 22 -1 -524 217 -389 -506 -857 268 962 -385 -202 30 -118 671 -1551 -1015 1718 -652 400 135 -525 843 -170 668 -1262 1071 -820 703
-2915 -96 1087 970 -315 -471 722 306 -578 -587 -104 727 1336 -167 646 1556 160 528 -829 1434 900 546 171 -439 -320 -141 -202 1012 4555 -1371 -626 231 1525 -1023 800 -792 22 -1 -524 217 -389 -506 -857 268 962 -385 -202 30 -118 671 -1551 -1015 1718 -652 400 135 -525 843 -170 668 -1262 1071 -820 703
-2915 -96 1087 970 -315 -471 722 306 -578 -587 -104 727 1336 -167 646 1556 160 528 -829 1434 900 546 171 -439 -320 -141 -202 1012 4555 -1371 -626 231 1525 -1023 800 -792 22 -1 -524 217 -389 -506 -857 268 962 -385 -202 30 -118 671 -1551 -1015 1718 -652 400 135 -525 843 -170 668 -1262 1071 -820 703
-2915 -96 1087 970 -315 -471 722 306 -578 -587 -104 727 1336 -167 646 1556 160 528 -829 1434 900 546 171 -439 -320 -141 -202 1012 4555 -1371 -626 231 1525 -1023 800 -792 22 -1 -524 217 -389 -506 -857 268 962 -385 -202 30 -118 671 -1551 -1015 1718 -652 400 135 -525 843 -170 668 -1262 1071 -820 703
-2915 -96 1087 970 -315 -471 722 306 -578 -587 -104 727 1336 -167 646 1556 160 528 -829 1434 900 546 171 -439 -320 -141 -202 1012 4555 -1371 -626 231 1525 -1023 800 -792 22 -1 -524 217 -389 -506 -857 268 962 -385 -202 30 -118 671 -1551 -1015 1718 -652 400 135 -525 843 -170 668 -1262 1071 -820 703
-2915 -96 1087 970 -315 -471 722 306 -578 -587 -104 727 1336 -167 646 1556 160 528 -829 1434 900 546 171 -439 -320 -141 -202 1012 4555 -1371 -626 231 1525 -1023 800 -792 22 -1 -524 217 -389 -506 -857 268 962 -385 -202 30 -118 671 -1551 -1015 1718 -652 400 135 -525 843 -170 668 -1262 1071 -820 703
-2915 -96 1087 970 -315 -471 722 306 -578 -587 -104 727 1336 -167 646 1556 160 528 -829 1434 900 546 171 -439 -320 -141 -202 1012 4555 -1371 -626 231 1525 -1023 800 -792 22 -1 -524 217 -389 -506 -857 268 962 -385 -202 30 -118 671 -1551 -1015 1718 -652 400 135 -525 843 -170 668 -1262 1071 -820 703
-2915 -96 1087 970 -315 -471 722 306 -578 -587 -104 727 1336 -167 646 1556 160 528 -829 1434 900 546 171 -439 -320 -141 -202 1012 4555 -1371 -626 231 1525 -1023 800 -792 22 -1 -524 217 -389 -506 -857 268 962 -385 -202 30 -118 671 -1551 -1015 1718 -652 400 135 -525 843 -170 668 -1262 1071 -820 703
-2915 -96 1087 970 -315 -471 722 306 -578 -587 -104 727 1336 -167 646 1556 160 528 -829 1434 900 546 171 -439 -320 -141 -202 1012 4555 -1371 -626 231 1525 -1023 800 -792 22 -1 -524 217 -389 -506 -857 268 962 -385 -202 30 -118 671 -1551 -1015 1718 -652 400 135 -525 843 -170 668 -1262 1071 -820 703
-2915 -96 1087 970 -315 -471 722 306 -578 -587 -104 727 1336 -167 646 1556 160 528 -829 1434 900 546 171 -439 -320 -141 -202 1012 4555 -1371 -626 231 1525 -1023 800 -792 22 -1 -524 217 -389 -506 -857 268 962 -385 -202 30 -118 671 -1551 -1015 1718 -652 400 135 -525 843 -170 668 -1262 1071 -820 703
-2915 -96 1087 970 -315 -471 722 306 -578 -587 -104 727 1336 -167 646 1556 160 528 -829 1434 900 546 171 -439 -320 -141 -202 1012 4555 -1371 -626 231 1525 -1023 800 -792 22 -1 -524 217 -389 -506 -857 268 962 -385 -202 30 -118 671 -1551 -1015 1718 -652 400 135 -525 843 -170 668 -1262 1071 -820 703
-2915 -96 1087 970 -315 -471 722 306 -578 -587 -104 727 1336 -167 646 1556 160 528 -829 1434 900 546 171 -439 -320 -141 -202 1012 4555 -1371 -626 231 1525 -1023 800 -792 22 -1 -524 217 -389 -506 -857 268 962 -385 -202 30 -118 671 -1551 -1015 1718 -652 400 135 -525 843 -170 668 -1262 1071 -820 703
-2915 -96 1087 970 -315 -471 722 306 -578 -587 -104 727 1336 -167 646 1556 160 528 -829 1434 900 546 171 -439 -320 -141 -202 1012 4555 -1371 -626 231 1525 -1023 800 -792 22 -1 -524 217 -389 -506 -857 268 962 -385 -202 30 -118 671 -1551 -1015 1718 -652 400 135 -525 843 -170 668 -1262 1071 -820 703
-2915 -96 1087 970 -315 -471 722 306 -578 -587 -104 727 1336 -167 646 1556 160 528 -829 1434 900 546 171 -439 -320 -141 -202 1012 4555 -1371 -626 231 1525 -1023 800 -792 22 -1 -524 217 -389 -506 -857 268 962 -385 -202 30 -118 671 -1551 -1015 1718 -652 400 135 -525 843 -170 668 -1262 1071 -820 703
-2915 -96 1087 970 -315 -471 722 306 -578 -587 -104 727 1336 -167 646 1556 160 528 -829 1434 900 546 171 -439 -320 -141 -202 1012 4555 -1371 -626 231 1525 -1023 800 -792 22 -1 -524 217 -389 -506 -857 268 962 -385 -202 30 -118 671 -1551 -1015 1718 -652 400 135 -525 843 -170 668 -1262 1071 -820 703
-2915 -96 1087 970 -315 -471 722 306 -578 -587 -104 727 1336 -167 646 1556 160 528 -829 1434 900 546 171 -439 -320 -141 -202 1012 4555 -1371 -626 231 1525 -1023 800 -792 22 -1 -524 217 -389 -506 -857 268 962 -385 -202 30 -118 671 -1551 -1015 1718 -652 400 135 -525 843 -170 668 -1262 1071 -820 703
-2915 -96 1087 970 -315 -471 722 306 -578 -587 -104 727 1336 -167 646 1556 160 528 -829 1434 900 546 171 -439 -320 -141 -202 1012 4555 -1371 -626 231 1525 -1023 800 -792 22 -1 -524 217 -389 -506 -857 268 962 -385 -202 30 -118 671 -1551 -1015 1718 -652 400 135 -525 843 -170 668 -1262 1071 -820 703
-2915 -96 1087 970 -315 -471 722 306 -578 -587 -104 727 1336 -167 646 1556 160 528 -829 1434 900 546 171 -439 -320 -141 -202 1012 4555 -1371 -626 231 1525 -1023 800 -792 22 -1 -524 217 -389 -506 -857 268 962 -385 -202 30 -118 671 -1551 -1015 1718 -652 400 135 -525 843 -170 668 -1262 1071 -820 703
-2915 -96 1087 970 -315 -471 722 306 -578 -587 -104 727 1336 -167 646 1556 160 528 -829 1434 900 546 171 -439 -320 -141 -202 1012 4555 -1371 -626 231 1525 -1023 800 -792 22 -1 -524 217 -389 -506 -857 268 962 -385 -202 30 -118 671 -1551 -1015 1718 -652 400 135 -525 843 -170 668 -1262 1071 -820 703
-2915 -96 1087 970 -315 -471 722 306 -578 -587 -104 727 1336 -167 646 1556 160 528 -829 1434 900 546 171 -439 -320 -141 -202 1012 4555 -1371 -626 231 1525 -1023 800 -792 22 -1 -524 217 -389 -506 -857 268 962 -385 -202 30 -118 671 -1551 -1015 1718 -652 400 135 -525 843 -170 668 -1262 1071 -820 703
-2915 -96 1087 970 -315 -471 722 306 -578 -587 -104 727 1336 -167 646 1556 160 528 -829 1434 900 546 171 -439 -320 -141 -202 1012 4555 -1371 -626 231 1525 -1023 800 -792 22 -1 -524 217 -389 -506 -857 268 962 -385 -202 30 -118 671 -1551 -1015 1718 -652 400 135 -525 843 -170 668 -1262 1071 -820 703
-2915 -96 1087 970 -315 -471 722 306 -578 -587 -104 727 1336 -167 646 1556 160 528 -829 1434 900 546 171 -439 -320 -141 -202 1012 4555 -1371 -626 231 1525 -1023 800 -792 22 -1 -524 217 -389 -506 -857 268 962 -385 -202 30 -118 671 -1551 -1015 1718 -652 400 135 -525 843 -170 668 -1262 1071 -820 703
-2915 -96 1087 970 -315 -471 722 306 -578 -587 -104 727 1336 -167 646 1556 160 528 -829 1434 900 546 171 -439 -320 -141 -202 1012 4555 -1371 -626 231 1525 -1023 800 -792 22 -1 -524 217 -389 -506 -857 268 962 -385 -202 30 -118 671 -1551 -1015 1718 -652 400 135 -525 843 -170 668 -1262 1071 -820 703
-2915 -96 1087 970 -315 -471 722 306 -578 -587 -104 727 1336 -167 646 1556 160 528 -829 1434 900 546 171 -439 -320 -141 -202 1012 4555 -1371 -626 231 1525 -1023 800 -792 22 -1 -524 217 -389 -506 -857 268 962 -385 -202 30 -118 671 -1551 -1015 1718 -652 400 135 -525 843 -170 668 -1262 1071 -820 703
-2915 -96 1087 970 -315 -471 722 306 -578 -587 -104 727 1336 -167 646 1556 160 528 -829 1434 900 546 171 -439 -320 -141 -202 1012 4555 -1371 -626 231 1525 -1023 800 -792 22 -1 -524 217 -389 -506 -857 268 962 -385 -202 30 -118 671 -1551 -1015 1718 -652 400 135 -525 843 -170 668 -1262 1071 -820 703
-2915 -96 1087 970 -315 -471 722 306 -578 -587 -104 727 1336 -167 646 1556 160 528 -829 1434 900 546 171 -439 -320 -141 -202 1012 4555 -1371 -626 231 1525 -1023 800 -792 22 -1 -524 217 -389 -506 -857 268 962 -385 -202 30 -118 671 -1551 -1015 1718 -652 400 135 -525 843 -170 668 -1262 1071 -820 703
-2915 -96 1087 970 -315 -471 722 306 -578 -587 -104 727 1336 -167 646 1556 160 528 -829 1434 900 546 171 -439 -320 -141 -202 1012 4555 -1371 -626 231 1525 -1023 800 -792 22 -1 -524 217 -389 -506 -857 268 962 -385 -202 30 -118 671 -1551 -1015 1718 -652 400 135 -525 843 -170 668 -1262 1071 -820 703
-2915 -96 1087 970 -315 -471 722 306 -578 -587 -104 727 1336 -167 646 1556 160 528 -829 1434 900 546 171 -439 -320 -141 -202 1012 4555 -1371 -626 231 1525 -1023 800 -792 22 -1 -524 217 -389 -506 -857 268 962 -385 -202 30 -118 671 -1551 -1015 1718 -652 400 135 -525 843 -170 668 -1262 1071 -820 703
-2915 -96 1087 970 -315 -471 722 306 -578 -587 -104 727 1336 -167 646 1556 160 528 -829 1434 900 546 171 -439 -320 -141 -202 1012 4555 -1371 -626 231 1525 -1023 800 -792 22 -1 -524 217 -389 -506 -857 268 962 -385 -202 30 -118 671 -1551 -1015 1718 -652 400 135 -525 843 -170 668 -1262 1071 -820 703
-2915 -96 1087 970 -315 -471 722 306 -578 -587 -104 727 1336 -167 646 1556 160 528 -829 1434 900 546 171 -439 -320 -141 -202 1012 4555 -1371 -626 231 1525 -1023 800 -792 22 -1 -524 217 -389 -506 -857 268 962 -385 -202 30 -118 671 -1551 -1015 1718 -652 400 135 -525 843 -170 668 -1262 1071 -820 703
-2915 -96 1087 970 -315 -471 722 306 -578 -587 -104 727 1336 -167 646 1556 160 528 -829 1434 900 546 171 -439 -320 -141 -202 1012 4555 -1371 -626 231 1525 -1023 800 -792 22 -1 -524 217 -389 -506 -857 268 962 -385 -202 30 -118 671 -1551 -1015 1718 -652 400 135 -525 843 -170 668 -1262 1071 -820 703
-2915 -96 1087 970 -315 -471 722 306 -578 -587 -104 727 1336 -167 646 1556 160 528 -829 1434 900 546 171 -439 -320 -141 -202 1012 4555 -1371 -626 231 1525 -1023 800 -792 22 -1 -524 217 -389 -506 -857 268 962 -385 -202 30 -118 671 -1551 -1015 1718 -652 400 135 -525 843 -170 668 -1262 1071 -820 703
-2915 -96 1087 970 -315 -471 722 306 -578 -587 -104 727 1336 -167 646 1556 160 528 -829 1434 900 546 171 -439 -320 -141 -202 1012 4555 -1371 -626 231 1525 -1023 800 -792 22 -1 -524 217 -389 -506 -857 268 962 -385 -202 30 -118 671 -1551 -1015 1718 -652 400 135 -525 843 -170 668 -1262 1071 -820 703
-2915 -96 1087 970 -315 -471 722 306 -578 -587 -104 727 1336 -167 646 1556 160 528 -829 1434 900 546 171 -439 -320 -141 -202 1012 4555 -1371 -626 231 1525 -1023 800 -792 22 -1 -524 217 -389 -506 -857 268 962 -385 -202 30 -118 671 -1551 -1015 1718 -652 400 135 -525 843 -170 668 -1262 1071 -820 703
-2915 -96 1087 970 -315 -471 722 306 -578 -587 -104 727 1336 -167 646 1556 160 528 -829 1434 900 546 171 -439 -320 -141 -202 1012 4555 -1371 -626 231 1525 -1023 800 -792 22 -1 -524 217 -389 -506 -857 268 962 -385 -202 30 -118 671 -1551 -1015 1718 -652 400 135 -525 843 -170 668 -1262 1071 -820 703
-2915 -96 1087 970 -315 -471 722 306 -578 -587 -104 727 1336 -167 646 1556 160 528 -829 1434 900 546 171 -439 -320 -141 -202 1012 4555 -1371 -626 231 1525 -1023 800 -792 22 -1 -524 217 -389 -506 -857 268 962 -385 -202 30 -118 671 -1551 -1015 1718 -652 400 135 -525 843 -170 668 -1262 1071 -820 703
-2915 -96 1087 970 -315 -471 722 306 -578 -587 -104 727 1336 -167 646 1556 160 528 -829 1434 900 546 171 -439 -320 -141 -202 1012 4555 -1371 -626 231 1525 -1023 800 -792 22 -1 -524 217 -389 -506 -857 268 962 -385 -202 30 -118 671 -1551 -1015 1718 -652 400 135 -525 843 -170 668 -1262 1071 -820 703
-2915 -96 1087 970 -315 -471 722 306 -578 -587 -104 727 1336 -167 646 1556 160 528 -829 1434 900 546 171 -439 -320 -141 -202 1012 4555 -1371 -626 231 1525 -1023 800 -792 22 -1 -524 217 -389 -506 -857 268 962 -385 -202 30 -118 671 -1551 -1015 1718 -652 400 135 -525 843 -170 668 -1262 1071 -820 703
-2915 -96 1087 970 -315 -471 722 306 -578 -587 -104 727 1336 -167 646 1556 160 528 -829 1434 900 546 171 -439 -320 -141 -202 1012 4555 -1371 -626 231 1525 -1023 800 -792 22 -1 -524 217 -389 -506 -857 268 962 -385 -202 30 -118 671 -1551 -1015 1718 -652 400 135 -525 843 -170 668 -1262 1071 -820 703
-2915 -96 1087 970 -315 -471 722 306 -578 -587 -104 727 1336 -167 646 1556 160 528 -829 1434 900 546 171 -439 -320 -141 -202 1012 4555 -1371 -626 231 1525 -1023 800 -792 22 -1 -524 217 -389 -506 -857 268 962 -385 -202 30 -118 671 -1551 -1015 1718 -652 400 135 -525 843 -170 668 -1262 1071 -820 703
-2915 -96 1087 970 -315 -471 722 306 -578 -587 -104 727 1336 -167 646 1556 160 528 -829 1434 900 546 171 -439 -320 -141 -202 1012 4555 -1371 -626 231 1525 -1023 800 -792 22 -1 -524 217 -389 -506 -857 268 962 -385 -202 30 -118 671 -1551 -1015 1718 -652 400 135 -525 843 -170 668 -1262 1071 -820 703
-2915 -96 1087 970 -315 -471 722 306 -578 -587 -104 727 1336 -167 646 1556 160 528 -829 1434 900 546 171 -439 -320 -141 -202 1012 4555 -1371 -626 231 1525 -1023 800 -792 22 -1 -524 217 -389 -506 -857 268 962 -385 -202 30 -118 671 -1551 -1015 1718 -652 400 135 -525 843 -170 668 -1262 1071 -820 703
-2915 -96 1087 970 -315 -471 722 306 -578 -587 -104 727 1336 -167 646 1556 160 528 -829 1434 900 546 171 -439 -320 -141 -202 1012 4555 -1371 -626 231 1525 -1023 800 -792 22 -1 -524 217 -389 -506 -857 268 962 -385 -202 30 -118 671 -1551 -1015 1718 -652 400 135 -525 843 -170 668 -1262 1071 -820 703
-2915 -96 1087 970 -315 -471 722 306 -578 -587 -104 727 1336 -167 646 1556 160 528 -829 1434 900 546 171 -439 -320 -141 -202 1012 4555 -1371 -626 231 1525 -1023 800 -792 22 -1 -524 217 -389 -506 -857 268 962 -385 -202 30 -118 671 -1551 -1015 1718 -652 400 135 -525 843 -170 668 -1262 1071 -820 703
-2915 -96 1087 970 -315 -471 722 306 -578 -587 -104 727 1336 -167 646 1556 160 528 -829 1434 900 546 171 -439 -320 -141 -202 1012 4555 -1371 -626 231 1525 -1023 800 -792 22 -1 -524 217 -389 -506 -857 268 962 -385 -202 30 -118 671 -1551 -1015 1718 -652 400 135 -525 843 -170 668 -1262 1071 -820 703
-2915 -96 1087 970 -315 -471 722 306 -578 -587 -104 727 1336 -167 646 1556 160 528 -829 1434 900 546 171 -439 -320 -141 -202 1012 4555 -1371 -626 231 1525 -1023 800 -792 22 -1 -524 217 -389 -506 -857 268 962 -385 -202 30 -118 671 -1551 -1015 1718 -652 400 135 -525 843 -170 668 -1262 1071 -820 703
-2915 -96 1087 970 -315 -471 722 306 -578 -587 -104 727 1336 -167 646 1556 160 528 -829 1434 900 546 171 -439 -320 -141 -202 1012 4555 -1371 -626 231 1525 -1023 800 -792 22 -1 -524 217 -389 -506 -857 268 962 -385 -202 30 -118 671 -1551 -1015 1718 -652 400 135 -525 843 -170 668 -1262 1071 -820 703
-2915 -96 1087 970 -315 -471 722 306 -578 -587 -104 727 1336 -167 646 1556 160 528 -829 1434 900 546 171 -439 -320 -141 -202 1012 4555 -1371 -626 231 1525 -1023 800 -792 22 -1 -524 217 -389 -506 -857 268 962 -385 -202 30 -118 671 -1551 -1015 1718 -652 400 135 -525 843 -170 668 -1262 1071 -820 703
-2915 -96 1087 970 -315 -471 722 306 -578 -587 -104 727 1336 -167 646 1556 160 528 -829 1434 900 546 171 -439 -320 -141 -202 1012 4555 -1371 -626 231 1525 -1023 800 -792 22 -1 -524 217 -389 -506 -857 268 962 -385 -202 30 -118 671 -1551 -1015 1718 -652 400 135 -525 843 -170 668 -1262 1071 -820 703
-2915 -96 1087 970 -315 -471 722 306 -578 -587 -104 727 1336 -167 646 1556 160 528 -829 1434 900 546 171 -439 -320 -141 -202 1012 4555 -1371 -626 231 1525 -1023 800 -792 22 -1 -524 217 -389 -506 -857 268 962 -385 -202 30 -118 671 -1551 -1015 1718 -652 400 135 -525 843 -170 668 -1262 1071 -820 703
-2915 -96 1087 970 -315 -471 722 306 -578 -587 -104 727 1336 -167 646 1556 160 528 -829 1434 900 546 171 -439 -320 -141 -202 1012 4555 -1371 -626 231 1525 -1023 800 -792 22 -1 -524 217 -389 -506 -857 268 962 -385 -202 30 -118 671 -1551 -1015 1718 -652 400 135 -525 843 -170 668 -1262 1071 -820 703
-2915 -96 1087 970 -315 -471 722 306 -578 -587 -104 727 1336 -167 646 1556 160 528 -829 1434 900 546 171 -439 -320 -141 -202 1012 4555 -1371 -626 231 1525 -1023 800 -792 22 -1 -524 217 -389 -506 -857 268 962 -385 -202 30 -118 671 -1551 -1015 1718 -652 400 135 -525 843 -170 668 -1262 1071 -820 703
-2915 -96 1087 970 -315 -471 722 306 -578 -587 -104 727 1336 -167 646 1556 160 528 -829 1434 900 546 171 -439 -320 -141 -202 1012 4555 -1371 -626 231 1525 -1023 800 -792 22 -1 -524 217 -389 -506 -857 268 962 -385 -202 30 -118 671 -1551 -1015 1718 -652 400 135 -525 843 -170 668 -1262 1071 -820 703
-2915 -96 1087 970 -315 -471 722 306 -578 -587 -104 727 1336 -167 646 1556 160 528 -829 1434 900 546 171 -439 -320 -141 -202 1012 4555 -1371 -626 231 1525 -1023 800 -792 22 -1 -524 217 -389 -506 -857 268 962 -385 -202 30 -118 671 -1551 -1015 1718 -652 400 135 -525 843 -170 668 -1262 1071 -820 703
-2915 -96 1087 970 -315 -471 722 306 -578 -587 -104 727 1336 -167 646 1556 160 528 -829 1434 900 546 171 -439 -320 -141 -202 1012 4555 -1371 -626 231 1525 -1023 800 -792 22 -1 -524 217 -389 -506 -857 268 962 -385 -202 30 -118 671 -1551 -1015 1718 -652 400 135 -525 843 -170 668 -1262 1071 -820 703
-2915 -96 1087 970 -315 -471 722 306 -578 -587 -104 727 1336 -167 646 1556 160 528 -829 1434 900 546 171 -439 -320 -141 -202 1012 4555 -1371 -626 231 1525 -1023 800 -792 22 -1 -524 217 -389 -506 -857 268 962 -385 -202 30 -118 671 -1551 -1015 1718 -652 400 135 -525 843 -170 668 -1262 1071 -820 703
-2915 -96 1087 970 -315 -471 722 306 -578 -587 -104 727 1336 -167 646 1556 160 528 -829 1434 900 546 171 -439 -320 -141 -202 1012 4555 -1371 -626 231 1525 -1023 800 -792 22 -1 -524 217 -389 -506 -857 268 962 -385 -202 30 -118 671 -1551 -1015 1718 -652 400 135 -525 843 -170 668 -1262 1071 -820 703
-2915 -96 1087 970 -315 -471 722 306 -578 -587 -104 727 1336 -167 646 1556 160 528 -829 1434 900 546 171 -439 -320 -141 -202 1012 4555 -1371 -626 231 1525 -1023 800 -792 22 -1 -524 217 -389 -506 -857 268 962 -385 -202 30 -118 671 -1551 -1015 1718 -652 400 135 -525 843 -170 668 -1262 1071 -820 703
-2915 -96 1087 970 -315 -471 722 306 -578 -587 -104 727 1336 -167 646 1556 160 528 -829 1434 900 546 171 -439 -320 -141 -202 1012 4555 -1371 -626 231 1525 -1023 800 -792 22 -1 -524 217 -389 -506 -857 268 962 -385 -202 30 -118 671 -1551 -1015 1718 -652 400 135 -525 843 -170 668 -1262 1071 -820 703
-2915 -96 1087 970 -315 -471 722 306 -578 -587 -104 727 1336 -167 646 1556 160 528 -829 1434 900 546 171 -439 -320 -141 -202 1012 4555 -1371 -626 231 1525 -1023 800 -792 22 -1 -524 217 -389 -506 -857 268 962 -385 -202 30 -118 671 -1551 -1015 1718 -652 400 135 -525 843 -170 668 -1262 1071 -820 703
-2915 -96 1087 970 -315 -471 722 306 -578 -587 -104 727 1336 -167 646 1556 160 528 -829 1434 900 546 171 -439 -320 -141 -202 1012 4555 -1371 -626 231 1525 -1023 800 -792 22 -1 -524 217 -389 -506 -857 268 962 -385 -202 30 -118 671 -1551 -1015 1718 -652 400 135 -525 843 -170 668 -1262 1071 -820 703
-2915 -96 1087 970 -315 -471 722 306 -578 -587 -104 727 1336 -167 646 1556 160 528 -829 1434 900 546 171 -439 -320 -141 -202 1012 4555 -1371 -626 231 1525 -1023 800 -792 22 -1 -524 217 -389 -506 -857 268 962 -385 -202 30 -118 671 -1551 -1015 1718 -652 400 135 -525 843 -170 668 -1262 1071 -820 703
-2915 -96 1087 970 -315 -471 722 306 -578 -587 -104 727 1336 -167 646 1556 160 528 -829 1434 900 546 171 -439 -320 -141 -202 1012 4555 -1371 -626 231 1525 -1023 800 -792 22 -1 -524 217 -389 -506 -857 268 962 -385 -202 30 -118 671 -1551 -1015 1718 -652 400 135 -525 843 -170 668 -1262 1071 -820 703
