-36 -1 -44 602 -16 -813 540 -56 -426 171 285 -147 191 -8 -279 700 57 248 -288 -4 85 -605 151 -48 -305 -1640 -20 -424 424 244 65 -107 35 140 486 -344 -68 -241 4 87 -468 216 466 -119 220 267 37 83 230 100 191 -18 673 -151 -47 472 -241 464 -60 134 420 -173 -35 -68
-2171 -968 -2102 37 -1616 -411 150 1017 -379 2436 -1633 -1054 -191 1357 1387 1609 -2379 121 -1504 1119 -742 -583 -2680 -1102 1150 -3382 184 -1027 2574 -267 2150 452 -1408 -1420 -984 -3729 1519 -1505 383 -1073 245 -637 -455 386 -638 792 -380 4023 924 -1439 983 1021 1580 -1120 2822 3187 -367 -937 -918 -1582 -176 361 -2794 -3185
-632 -104 -491 442 -907 -579 437 81 -621 1053 -470 -126 -447 308 197 251 181 75 -707 199 72 273 -554 -131 -580 -2174 -112 -668 1036 30 489 -252 -440 -868 442 -2318 637 -879 414 -318 237 668 30 37 71 13 -688 1546 293 48 298 566 843 -210 433 829 -209 276 -497 -761 -25 178 -632 -106
-550 327 -480 458 -1113 274 749 437 -415 735 -955 -18 -834 -1 940 901 19 -738 -438 382 585 1046 -453 -188 -696 -1771 -593 -991 1207 759 893 -298 -282 -502 940 -3604 1388 -581 740 865 -8 689 149 413 697 230 -803 855 543 -347 613 452 680 -893 473 404 -89 192 -1296 -747 -860 -162 -1220 -702
1091 1138 411 719 -755 464 -72 828 1430 1257 400 80 -1027 -2718 1102 1646 -527 -31 -684 -333 225 304 -1427 -920 -128 -1758 -856 165 1013 -161 2344 -829 -1276 800 332 -617 1046 -696 1151 3070 -284 -98 -532 1564 -455 -225 -1066 -221 -708 373 -1267 423 -26 -2202 -307 -493 -1454 76 -2036 -1440 603 2742 -503 -522
4919 -698 -480 686 -703 1584 788 517 2550 -488 711 -872 -233 -3808 2854 1994 -25 -404 -1339 984 349 -3186 828 -2336 -1492 -1077 374 -810 3442 -149 3214 312 -1013 1481 -2136 1485 2426 313 948 6130 -1484 -211 -1254 622 -1322 1565 106 -992 -2238 431 -859 539 1188 -863 -461 -1797 -1235 -2859 -3531 -1439 1963 1831 -147 -2712
1044 504 -71 873 -974 432 590 430 542 576 -155 62 -894 -1210 1019 1112 -228 -485 -516 194 635 748 -302 -483 -1124 -2363 -514 -673 1268 446 1374 -172 -538 -27 951 -2408 1422 -407 820 2406 -157 975 111 1169 -14 214 -957 80 -358 -197 394 30 356 -1182 224 -546 -479 -410 -1408 -845 -497 838 -1125 -627
45 1177 114 1344 -1138 -257 86 374 593 1324 -1 61 -1500 -1639 872 1392 -603 -224 -286 -376 784 1413 -1659 -223 -631 -3162 -587 -702 646 725 2035 -670 -1298 -7 1320 -2897 1407 -894 878 1983 618 547 -171 1579 -227 -806 -999 229 427 -100 -754 47 35 -1475 158 209 -840 131 -1397 -1341 -314 2040 -1084 166
32 -27 -249 577 -472 -365 635 -2 -698 391 -66 -126 -58 0 241 737 373 166 84 -131 35 -86 -83 110 -703 -1500 -210 -605 654 627 -150 -98 299 -19 582 -1276 90 -170 147 177 10 678 145 -103 227 21 -10 252 290 -84 606 58 753 -793 238 65 8 394 -128 -50 231 -290 -214 167
-943 -631 -815 457 -1346 -1777 -696 -457 -610 3071 -1284 82 743 -288 -518 163 -330 1269 -1862 -456 -886 1469 144 161 -2005 -2051 1182 -852 216 -961 627 167 57 -1097 9 -2130 426 -1519 137 -2627 1188 2915 155 385 -934 21 -2258 4382 -557 165 759 1011 1672 -529 -212 292 -429 -139 1368 86 -144 1601 -495 257
-46 -19 -97 651 -126 -848 486 -115 -547 344 130 -169 191 17 -135 776 139 284 -183 -40 19 -449 79 -10 -358 -1340 -66 -548 436 354 -9 -45 106 135 443 -502 14 -164 35 -33 -359 332 402 -214 192 177 -26 203 234 127 267 -9 776 -377 12 435 -195 484 -3 146 422 -221 -151 7
-13 -55 -38 677 -136 -764 434 -161 -586 237 231 -235 81 4 -136 660 36 159 -129 -84 144 -508 223 48 -342 -1541 -40 -534 493 385 -70 -65 8 128 483 -731 121 -207 53 97 -334 353 363 -107 320 137 76 38 292 38 299 43 626 -348 54 376 -164 399 -148 145 232 -213 -26 170
-405 150 -528 367 -1198 385 686 403 -826 833 -734 -94 -612 112 814 901 144 -400 -168 25 327 909 -495 35 -770 -1894 -485 -843 1164 777 421 -338 18 -542 815 -3316 903 -498 605 636 232 925 -63 336 400 24 -619 952 386 -404 930 427 780 -1186 570 156 86 167 -831 -561 -588 -142 -864 -244
-342 1171 424 1075 -991 -267 -387 596 689 2075 514 286 -1318 -1872 249 1299 -728 307 -426 -1029 482 1570 -2183 -319 -121 -3517 -788 5 202 64 1972 -1292 -1359 146 1167 -2135 806 -1049 828 1603 510 345 -222 1987 -287 -1224 -1244 672 -128 484 -1444 208 -367 -1859 7 339 -1257 305 -894 -1362 -201 3226 -640 572
-673 -247 -756 28 -1512 -1829 -422 -482 -112 2743 -797 -61 445 -605 -492 -363 -740 662 -1195 186 -528 1367 636 50 -1587 -2700 467 -5 793 -753 258 230 -20 -1030 -51 -2091 34 -1615 37 -2518 569 2440 266 100 -832 499 -1783 4117 -1064 468 1121 1532 1255 -558 193 612 -607 -407 315 717 -238 1006 -616 -151
-353 -297 -287 1013 -460 -1244 -33 -400 -783 1310 -588 -1 552 35 -135 820 274 790 -756 -487 -306 297 61 221 -1247 -949 566 -1081 30 192 238 49 215 -59 420 -1196 471 -304 0 -947 322 1505 377 -2 -120 -90 -798 1408 179 104 402 -64 1360 -501 -308 155 -135 241 791 151 153 442 -265 466
-149 161 -159 447 -679 -520 498 22 -1047 252 45 -237 330 -3 -134 1203 16 181 108 -574 112 -198 213 361 -434 -1693 169 -298 287 527 68 -204 228 -160 522 -879 -201 -280 320 33 19 484 280 -501 -295 -50 -38 711 196 -329 810 719 1165 -481 -120 366 -34 568 83 429 570 -150 366 523
-101 -2 -430 468 -667 -525 494 70 -1056 677 -353 137 227 37 145 1009 592 499 64 -432 -116 250 -160 348 -966 -1267 -45 -642 427 751 -90 -140 344 -242 401 -1216 102 3 168 -158 271 1025 102 -373 -238 -146 -134 919 228 190 690 78 1281 -810 -39 147 146 441 241 -14 541 -234 -123 470
-457 847 -190 -1519 -1612 1193 31 1666 -3772 -639 -454 1117 273 -724 -1184 2164 401 307 1050 -2046 -118 709 644 2208 -456 -1664 298 1061 574 2271 -18 -397 -533 -1219 -126 -1667 625 506 1247 1024 499 1389 -866 -2024 -1659 -499 976 1780 895 998 855 759 2603 -2183 -1013 326 964 818 -202 -79 1377 -1582 1793 2906
-575 596 -354 1746 -1599 -405 870 -190 -196 659 -1658 275 -906 337 883 937 549 -682 -496 378 1121 2549 -819 386 -2169 -1470 2 -2085 711 1512 1071 -225 -486 -1170 1922 -4717 2418 -27 818 334 774 1524 674 150 378 73 -1282 1309 1241 -530 1107 -270 1371 -114 466 673 -124 -199 -769 -415 -1046 -589 -2271 267
-174 514 -711 274 -1627 652 1385 570 -1208 73 -1300 312 -1024 -148 1240 1378 1016 -591 782 -150 710 1471 -767 721 -1588 -1869 -383 -903 1303 2188 99 -413 249 -1002 1026 -3767 1098 26 604 852 918 1387 -416 -529 -146 -187 226 803 1136 -574 1542 576 1481 -1303 489 -165 644 366 -1053 -452 142 -1228 -766 821
-482 -165 -458 232 -627 -848 140 -26 -322 1182 -377 153 420 -193 -435 450 110 551 -1022 -84 -206 721 89 246 -1182 -1710 300 -655 202 -169 157 -224 205 -464 417 -1139 9 -751 95 -884 161 1315 375 260 -137 263 -1020 1874 -11 193 469 366 848 -306 -185 331 -364 536 495 -34 175 472 -211 -162
-1067 -481 -894 -1449 -662 627 1187 1055 634 467 -609 720 -614 22 -789 38 685 -122 -2072 667 47 1219 -893 137 -539 -2963 -491 136 1137 -766 -112 -1431 -361 -1751 614 -1606 -40 -1568 57 -450 -430 402 430 1053 538 964 -973 2396 440 -85 573 1253 -218 895 242 933 -356 1515 -96 -1526 208 168 50 -1458
-1243 -604 -940 -949 -682 123 490 960 266 1271 -830 744 21 105 -665 -19 490 413 -2242 288 -280 1140 -958 37 -1159 -3049 102 -49 611 -1019 274 -1107 -94 -1706 345 -1733 -12 -1494 118 -1077 64 1222 211 1061 -41 750 -1422 3075 75 31 675 922 502 434 45 656 -403 816 269 -1205 93 815 -348 -855
-811 -373 -638 329 -1003 -868 66 99 -431 1778 -771 225 113 153 -216 270 196 593 -1216 -75 -197 1025 -477 -91 -1294 -2404 259 -633 541 -320 453 -326 -115 -1093 330 -2202 518 -843 225 -1203 412 1496 245 304 -259 141 -1279 2791 -128 378 546 551 1173 -160 108 696 -323 -11 338 -402 -153 746 -813 -36
-810 970 -221 1271 -1595 -26 844 175 -165 321 -1923 27 -1372 -22 1520 767 585 -1257 -269 944 1032 2446 -673 251 -1669 -291 -521 -1902 991 1647 840 -69 -365 -1087 1639 -4763 2305 -315 1216 405 628 1017 144 -242 775 456 -1200 810 1591 -640 1174 412 1096 -1014 504 359 -333 740 -2130 -670 -844 -1215 -2378 57
1205 898 246 554 -786 471 80 846 1367 925 416 72 -906 -2380 917 1501 -361 -11 -790 -235 347 282 -1294 -734 -297 -1990 -651 54 1076 -39 2153 -917 -1125 524 286 -568 937 -638 1031 2786 -373 -112 -447 1341 -488 -27 -903 -21 -690 408 -1070 388 74 -1709 -181 -341 -1396 -92 -1901 -1278 699 2284 -481 -568
4493 -544 -465 502 -677 1539 749 558 2202 -272 587 -748 -327 -3585 2583 1908 -223 -389 -1194 696 319 -3006 923 -2260 -1335 -1262 254 -615 3308 -160 2974 297 -860 1484 -1931 1054 2157 188 1033 5667 -1357 -78 -1162 567 -955 1334 113 -866 -2165 382 -939 767 1145 -997 -495 -1737 -1097 -2634 -3259 -1279 1467 1812 24 -2360
736 356 -37 738 -857 271 456 431 308 605 -91 37 -715 -997 724 1047 -14 -217 -469 -46 415 780 -475 -308 -938 -2151 -503 -507 966 457 965 -389 -326 -65 877 -2034 983 -376 679 1627 -103 777 70 905 105 141 -753 251 -195 -51 320 124 366 -1167 234 -383 -529 -121 -1078 -654 -250 736 -895 -265
-75 1292 323 1326 -1184 -210 -102 449 629 1598 144 199 -1503 -1619 692 1339 -544 -59 -229 -681 703 1775 -2025 -124 -445 -3019 -820 -421 478 593 1881 -1016 -1316 -46 1477 -2761 1196 -903 938 1771 568 484 -137 1721 -207 -1006 -1207 323 205 82 -827 25 -153 -1771 253 217 -1051 261 -1243 -1282 -300 2334 -1088 516
-23 -3 -188 628 -361 -632 367 -17 -638 292 214 -142 132 96 -16 656 229 253 -52 -154 136 -190 14 148 -540 -1670 -164 -569 317 508 -72 -125 191 8 525 -942 -19 -124 141 54 -183 400 323 -102 169 20 -1 273 185 179 369 -8 709 -479 99 368 -193 429 -114 9 255 -128 -168 158
-200 -100 -96 515 -440 -514 85 173 -967 451 278 -163 -7 32 8 637 421 302 145 -319 186 131 21 107 -466 -1718 -339 -642 123 669 -304 -245 271 -69 272 -1306 45 75 235 -96 -114 356 77 -110 325 -108 63 422 248 748 191 62 617 -878 -79 282 -211 579 -390 -86 78 -80 -236 507
-50 -100 -55 653 -141 -723 398 -140 -615 245 217 -216 61 50 -97 606 137 158 -92 -108 164 -434 185 89 -364 -1493 -116 -525 455 418 -177 -146 32 62 457 -792 120 -168 42 30 -314 356 326 -112 362 119 107 62 294 94 363 67 599 -351 84 369 -150 412 -208 141 232 -250 -15 269
-728 794 -366 1048 -1582 187 1206 356 -264 -8 -1557 106 -1444 129 1240 775 796 -1173 -287 843 1338 2289 -698 244 -1651 -1466 -383 -1875 1069 1824 1013 -464 -286 -1092 1625 -4709 2143 -202 957 729 570 743 158 -204 788 321 -734 807 1572 -355 701 315 1015 -322 420 600 -209 436 -1937 -801 -763 -1084 -1998 -175
-62 142 -309 328 -974 -397 441 215 -1117 404 -65 -191 147 -153 3 1335 175 239 180 -714 94 270 -60 420 -656 -2160 118 -219 221 771 218 -293 377 -301 607 -1302 -209 -305 359 23 271 678 160 -441 -467 -210 -100 1050 124 -231 775 789 1251 -722 -21 222 -25 455 178 258 569 88 240 552
-96 20 -540 429 -847 -339 522 138 -1102 600 -311 150 128 172 272 962 703 427 229 -455 59 433 -283 395 -1021 -1541 -208 -664 433 942 -220 -245 372 -379 443 -1589 98 128 217 -44 328 942 97 -318 -195 -239 -6 919 210 249 805 95 1271 -771 61 203 184 400 108 -107 397 -249 -195 532
-437 965 -210 -1678 -1577 1225 -97 1785 -4034 -813 -405 1198 417 -804 -1347 2196 359 378 1064 -2100 -204 598 721 2465 -418 -1445 307 1289 485 2386 -14 -359 -601 -1257 -212 -1398 576 535 1352 1123 393 1386 -935 -2217 -1858 -534 1087 1790 883 1144 842 710 2776 -2306 -1066 368 923 920 -210 -142 1606 -1703 1978 3091
-489 810 -316 1776 -1704 -67 1157 -80 -13 346 -1671 348 -1170 442 1045 911 666 -994 -329 624 1311 2763 -1030 399 -2118 -1327 -378 -2022 966 1723 973 -339 -555 -1314 2235 -4996 2582 117 945 732 608 1265 775 103 545 186 -1229 965 1310 -617 1362 -356 1273 -136 751 772 -154 -178 -1143 -512 -1112 -953 -2599 135
-181 467 -706 255 -1676 833 1308 615 -1242 137 -1302 254 -1148 -140 1395 1280 1130 -641 844 -150 723 1610 -824 725 -1593 -1684 -565 -917 1336 2250 -147 -528 343 -1035 1006 -3960 1108 62 630 840 947 1388 -536 -460 23 -222 232 721 1105 -520 1662 646 1390 -1534 590 -327 608 424 -1254 -511 60 -1201 -806 957
-562 -184 -538 153 -778 -822 43 45 -348 1350 -482 228 414 -174 -428 384 123 569 -1143 -127 -181 989 25 304 -1352 -1949 356 -635 144 -216 196 -299 252 -656 435 -1422 34 -830 143 -1034 308 1520 328 347 -236 212 -1187 2229 -97 204 565 497 910 -310 -184 309 -387 475 526 -88 82 645 -298 -80
-1017 -465 -878 -1360 -751 584 1204 997 578 518 -691 677 -739 71 -677 -76 724 -125 -2036 714 -22 1073 -937 35 -553 -2853 -488 125 1323 -851 -112 -1299 -444 -1881 602 -1684 58 -1612 179 -452 -311 430 354 903 466 903 -1036 2433 413 -138 596 1355 -96 864 313 929 -341 1496 -161 -1649 250 133 -15 -1327
27 -35 -48 565 -18 -750 560 -108 -322 145 208 -165 169 -81 -213 718 80 165 -361 66 57 -637 167 -33 -298 -1334 -35 -435 544 212 49 -121 -19 144 466 -278 39 -277 8 160 -538 207 455 -121 262 337 -16 46 246 -10 242 57 642 -147 -18 434 -256 498 -101 101 481 -212 2 -142
27 -35 -48 565 -18 -750 560 -108 -322 145 208 -165 169 -81 -213 718 80 165 -361 66 57 -637 167 -33 -298 -1334 -35 -435 544 212 49 -121 -19 144 466 -278 39 -277 8 160 -538 207 455 -121 262 337 -16 46 246 -10 242 57 642 -147 -18 434 -256 498 -101 101 481 -212 2 -142
27 -35 -48 565 -18 -750 560 -108 -322 145 208 -165 169 -81 -213 718 80 165 -361 66 57 -637 167 -33 -298 -1334 -35 -435 544 212 49 -121 -19 144 466 -278 39 -277 8 160 -538 207 455 -121 262 337 -16 46 246 -10 242 57 642 -147 -18 434 -256 498 -101 101 481 -212 2 -142
27 -35 -48 565 -18 -750 560 -108 -322 145 208 -165 169 -81 -213 718 80 165 -361 66 57 -637 167 -33 -298 -1334 -35 -435 544 212 49 -121 -19 144 466 -278 39 -277 8 160 -538 207 455 -121 262 337 -16 46 246 -10 242 57 642 -147 -18 434 -256 498 -101 101 481 -212 2 -142
27 -35 -48 565 -18 -750 560 -108 -322 145 208 -165 169 -81 -213 718 80 165 -361 66 57 -637 167 -33 -298 -1334 -35 -435 544 212 49 -121 -19 144 466 -278 39 -277 8 160 -538 207 455 -121 262 337 -16 46 246 -10 242 57 642 -147 -18 434 -256 498 -101 101 481 -212 2 -142
27 -35 -48 565 -18 -750 560 -108 -322 145 208 -165 169 -81 -213 718 80 165 -361 66 57 -637 167 -33 -298 -1334 -35 -435 544 212 49 -121 -19 144 466 -278 39 -277 8 160 -538 207 455 -121 262 337 -16 46 246 -10 242 57 642 -147 -18 434 -256 498 -101 101 481 -212 2 -142
27 -35 -48 565 -18 -750 560 -108 -322 145 208 -165 169 -81 -213 718 80 165 -361 66 57 -637 167 -33 -298 -1334 -35 -435 544 212 49 -121 -19 144 466 -278 39 -277 8 160 -538 207 455 -121 262 337 -16 46 246 -10 242 57 642 -147 -18 434 -256 498 -101 101 481 -212 2 -142
27 -35 -48 565 -18 -750 560 -108 -322 145 208 -165 169 -81 -213 718 80 165 -361 66 57 -637 167 -33 -298 -1334 -35 -435 544 212 49 -121 -19 144 466 -278 39 -277 8 160 -538 207 455 -121 262 337 -16 46 246 -10 242 57 642 -147 -18 434 -256 498 -101 101 481 -212 2 -142
27 -35 -48 565 -18 -750 560 -108 -322 145 208 -165 169 -81 -213 718 80 165 -361 66 57 -637 167 -33 -298 -1334 -35 -435 544 212 49 -121 -19 144 466 -278 39 -277 8 160 -538 207 455 -121 262 337 -16 46 246 -10 242 57 642 -147 -18 434 -256 498 -101 101 481 -212 2 -142
27 -35 -48 565 -18 -750 560 -108 -322 145 208 -165 169 -81 -213 718 80 165 -361 66 57 -637 167 -33 -298 -1334 -35 -435 544 212 49 -121 -19 144 466 -278 39 -277 8 160 -538 207 455 -121 262 337 -16 46 246 -10 242 57 642 -147 -18 434 -256 498 -101 101 481 -212 2 -142
27 -35 -48 565 -18 -750 560 -108 -322 145 208 -165 169 -81 -213 718 80 165 -361 66 57 -637 167 -33 -298 -1334 -35 -435 544 212 49 -121 -19 144 466 -278 39 -277 8 160 -538 207 455 -121 262 337 -16 46 246 -10 242 57 642 -147 -18 434 -256 498 -101 101 481 -212 2 -142
27 -35 -48 565 -18 -750 560 -108 -322 145 208 -165 169 -81 -213 718 80 165 -361 66 57 -637 167 -33 -298 -1334 -35 -435 544 212 49 -121 -19 144 466 -278 39 -277 8 160 -538 207 455 -121 262 337 -16 46 246 -10 242 57 642 -147 -18 434 -256 498 -101 101 481 -212 2 -142
27 -35 -48 565 -18 -750 560 -108 -322 145 208 -165 169 -81 -213 718 80 165 -361 66 57 -637 167 -33 -298 -1334 -35 -435 544 212 49 -121 -19 144 466 -278 39 -277 8 160 -538 207 455 -121 262 337 -16 46 246 -10 242 57 642 -147 -18 434 -256 498 -101 101 481 -212 2 -142
27 -35 -48 565 -18 -750 560 -108 -322 145 208 -165 169 -81 -213 718 80 165 -361 66 57 -637 167 -33 -298 -1334 -35 -435 544 212 49 -121 -19 144 466 -278 39 -277 8 160 -538 207 455 -121 262 337 -16 46 246 -10 242 57 642 -147 -18 434 -256 498 -101 101 481 -212 2 -142
27 -35 -48 565 -18 -750 560 -108 -322 145 208 -165 169 -81 -213 718 80 165 -361 66 57 -637 167 -33 -298 -1334 -35 -435 544 212 49 -121 -19 144 466 -278 39 -277 8 160 -538 207 455 -121 262 337 -16 46 246 -10 242 57 642 -147 -18 434 -256 498 -101 101 481 -212 2 -142
27 -35 -48 565 -18 -750 560 -108 -322 145 208 -165 169 -81 -213 718 80 165 -361 66 57 -637 167 -33 -298 -1334 -35 -435 544 212 49 -121 -19 144 466 -278 39 -277 8 160 -538 207 455 -121 262 337 -16 46 246 -10 242 57 642 -147 -18 434 -256 498 -101 101 481 -212 2 -142
27 -35 -48 565 -18 -750 560 -108 -322 145 208 -165 169 -81 -213 718 80 165 -361 66 57 -637 167 -33 -298 -1334 -35 -435 544 212 49 -121 -19 144 466 -278 39 -277 8 160 -538 207 455 -121 262 337 -16 46 246 -10 242 57 642 -147 -18 434 -256 498 -101 101 481 -212 2 -142
27 -35 -48 565 -18 -750 560 -108 -322 145 208 -165 169 -81 -213 718 80 165 -361 66 57 -637 167 -33 -298 -1334 -35 -435 544 212 49 -121 -19 144 466 -278 39 -277 8 160 -538 207 455 -121 262 337 -16 46 246 -10 242 57 642 -147 -18 434 -256 498 -101 101 481 -212 2 -142
27 -35 -48 565 -18 -750 560 -108 -322 145 208 -165 169 -81 -213 718 80 165 -361 66 57 -637 167 -33 -298 -1334 -35 -435 544 212 49 -121 -19 144 466 -278 39 -277 8 160 -538 207 455 -121 262 337 -16 46 246 -10 242 57 642 -147 -18 434 -256 498 -101 101 481 -212 2 -142
27 -35 -48 565 -18 -750 560 -108 -322 145 208 -165 169 -81 -213 718 80 165 -361 66 57 -637 167 -33 -298 -1334 -35 -435 544 212 49 -121 -19 144 466 -278 39 -277 8 160 -538 207 455 -121 262 337 -16 46 246 -10 242 57 642 -147 -18 434 -256 498 -101 101 481 -212 2 -142
27 -35 -48 565 -18 -750 560 -108 -322 145 208 -165 169 -81 -213 718 80 165 -361 66 57 -637 167 -33 -298 -1334 -35 -435 544 212 49 -121 -19 144 466 -278 39 -277 8 160 -538 207 455 -121 262 337 -16 46 246 -10 242 57 642 -147 -18 434 -256 498 -101 101 481 -212 2 -142
27 -35 -48 565 -18 -750 560 -108 -322 145 208 -165 169 -81 -213 718 80 165 -361 66 57 -637 167 -33 -298 -1334 -35 -435 544 212 49 -121 -19 144 466 -278 39 -277 8 160 -538 207 455 -121 262 337 -16 46 246 -10 242 57 642 -147 -18 434 -256 498 -101 101 481 -212 2 -142
27 -35 -48 565 -18 -750 560 -108 -322 145 208 -165 169 -81 -213 718 80 165 -361 66 57 -637 167 -33 -298 -1334 -35 -435 544 212 49 -121 -19 144 466 -278 39 -277 8 160 -538 207 455 -121 262 337 -16 46 246 -10 242 57 642 -147 -18 434 -256 498 -101 101 481 -212 2 -142
27 -35 -48 565 -18 -750 560 -108 -322 145 208 -165 169 -81 -213 718 80 165 -361 66 57 -637 167 -33 -298 -1334 -35 -435 544 212 49 -121 -19 144 466 -278 39 -277 8 160 -538 207 455 -121 262 337 -16 46 246 -10 242 57 642 -147 -18 434 -256 498 -101 101 481 -212 2 -142
27 -35 -48 565 -18 -750 560 -108 -322 145 208 -165 169 -81 -213 718 80 165 -361 66 57 -637 167 -33 -298 -1334 -35 -435 544 212 49 -121 -19 144 466 -278 39 -277 8 160 -538 207 455 -121 262 337 -16 46 246 -10 242 57 642 -147 -18 434 -256 498 -101 101 481 -212 2 -142
27 -35 -48 565 -18 -750 560 -108 -322 145 208 -165 169 -81 -213 718 80 165 -361 66 57 -637 167 -33 -298 -1334 -35 -435 544 212 49 -121 -19 144 466 -278 39 -277 8 160 -538 207 455 -121 262 337 -16 46 246 -10 242 57 642 -147 -18 434 -256 498 -101 101 481 -212 2 -142
27 -35 -48 565 -18 -750 560 -108 -322 145 208 -165 169 -81 -213 718 80 165 -361 66 57 -637 167 -33 -298 -1334 -35 -435 544 212 49 -121 -19 144 466 -278 39 -277 8 160 -538 207 455 -121 262 337 -16 46 246 -10 242 57 642 -147 -18 434 -256 498 -101 101 481 -212 2 -142
27 -35 -48 565 -18 -750 560 -108 -322 145 208 -165 169 -81 -213 718 80 165 -361 66 57 -637 167 -33 -298 -1334 -35 -435 544 212 49 -121 -19 144 466 -278 39 -277 8 160 -538 207 455 -121 262 337 -16 46 246 -10 242 57 642 -147 -18 434 -256 498 -101 101 481 -212 2 -142
27 -35 -48 565 -18 -750 560 -108 -322 145 208 -165 169 -81 -213 718 80 165 -361 66 57 -637 167 -33 -298 -1334 -35 -435 544 212 49 -121 -19 144 466 -278 39 -277 8 160 -538 207 455 -121 262 337 -16 46 246 -10 242 57 642 -147 -18 434 -256 498 -101 101 481 -212 2 -142
27 -35 -48 565 -18 -750 560 -108 -322 145 208 -165 169 -81 -213 718 80 165 -361 66 57 -637 167 -33 -298 -1334 -35 -435 544 212 49 -121 -19 144 466 -278 39 -277 8 160 -538 207 455 -121 262 337 -16 46 246 -10 242 57 642 -147 -18 434 -256 498 -101 101 481 -212 2 -142
27 -35 -48 565 -18 -750 560 -108 -322 145 208 -165 169 -81 -213 718 80 165 -361 66 57 -637 167 -33 -298 -1334 -35 -435 544 212 49 -121 -19 144 466 -278 39 -277 8 160 -538 207 455 -121 262 337 -16 46 246 -10 242 57 642 -147 -18 434 -256 498 -101 101 481 -212 2 -142
27 -35 -48 565 -18 -750 560 -108 -322 145 208 -165 169 -81 -213 718 80 165 -361 66 57 -637 167 -33 -298 -1334 -35 -435 544 212 49 -121 -19 144 466 -278 39 -277 8 160 -538 207 455 -121 262 337 -16 46 246 -10 242 57 642 -147 -18 434 -256 498 -101 101 481 -212 2 -142
27 -35 -48 565 -18 -750 560 -108 -322 145 208 -165 169 -81 -213 718 80 165 -361 66 57 -637 167 -33 -298 -1334 -35 -435 544 212 49 -121 -19 144 466 -278 39 -277 8 160 -538 207 455 -121 262 337 -16 46 246 -10 242 57 642 -147 -18 434 -256 498 -101 101 481 -212 2 -142
27 -35 -48 565 -18 -750 560 -108 -322 145 208 -165 169 -81 -213 718 80 165 -361 66 57 -637 167 -33 -298 -1334 -35 -435 544 212 49 -121 -19 144 466 -278 39 -277 8 160 -538 207 455 -121 262 337 -16 46 246 -10 242 57 642 -147 -18 434 -256 498 -101 101 481 -212 2 -142
27 -35 -48 565 -18 -750 560 -108 -322 145 208 -165 169 -81 -213 718 80 165 -361 66 57 -637 167 -33 -298 -1334 -35 -435 544 212 49 -121 -19 144 466 -278 39 -277 8 160 -538 207 455 -121 262 337 -16 46 246 -10 242 57 642 -147 -18 434 -256 498 -101 101 481 -212 2 -142
27 -35 -48 565 -18 -750 560 -108 -322 145 208 -165 169 -81 -213 718 80 165 -361 66 57 -637 167 -33 -298 -1334 -35 -435 544 212 49 -121 -19 144 466 -278 39 -277 8 160 -538 207 455 -121 262 337 -16 46 246 -10 242 57 642 -147 -18 434 -256 498 -101 101 481 -212 2 -142
27 -35 -48 565 -18 -750 560 -108 -322 145 208 -165 169 -81 -213 718 80 165 -361 66 57 -637 167 -33 -298 -1334 -35 -435 544 212 49 -121 -19 144 466 -278 39 -277 8 160 -538 207 455 -121 262 337 -16 46 246 -10 242 57 642 -147 -18 434 -256 498 -101 101 481 -212 2 -142
27 -35 -48 565 -18 -750 560 -108 -322 145 208 -165 169 -81 -213 718 80 165 -361 66 57 -637 167 -33 -298 -1334 -35 -435 544 212 49 -121 -19 144 466 -278 39 -277 8 160 -538 207 455 -121 262 337 -16 46 246 -10 242 57 642 -147 -18 434 -256 498 -101 101 481 -212 2 -142
27 -35 -48 565 -18 -750 560 -108 -322 145 208 -165 169 -81 -213 718 80 165 -361 66 57 -637 167 -33 -298 -1334 -35 -435 544 212 49 -121 -19 144 466 -278 39 -277 8 160 -538 207 455 -121 262 337 -16 46 246 -10 242 57 642 -147 -18 434 -256 498 -101 101 481 -212 2 -142
27 -35 -48 565 -18 -750 560 -108 -322 145 208 -165 169 -81 -213 718 80 165 -361 66 57 -637 167 -33 -298 -1334 -35 -435 544 212 49 -121 -19 144 466 -278 39 -277 8 160 -538 207 455 -121 262 337 -16 46 246 -10 242 57 642 -147 -18 434 -256 498 -101 101 481 -212 2 -142
27 -35 -48 565 -18 -750 560 -108 -322 145 208 -165 169 -81 -213 718 80 165 -361 66 57 -637 167 -33 -298 -1334 -35 -435 544 212 49 -121 -19 144 466 -278 39 -277 8 160 -538 207 455 -121 262 337 -16 46 246 -10 242 57 642 -147 -18 434 -256 498 -101 101 481 -212 2 -142
27 -35 -48 565 -18 -750 560 -108 -322 145 208 -165 169 -81 -213 718 80 165 -361 66 57 -637 167 -33 -298 -1334 -35 -435 544 212 49 -121 -19 144 466 -278 39 -277 8 160 -538 207 455 -121 262 337 -16 46 246 -10 242 57 642 -147 -18 434 -256 498 -101 101 481 -212 2 -142
27 -35 -48 565 -18 -750 560 -108 -322 145 208 -165 169 -81 -213 718 80 165 -361 66 57 -637 167 -33 -298 -1334 -35 -435 544 212 49 -121 -19 144 466 -278 39 -277 8 160 -538 207 455 -121 262 337 -16 46 246 -10 242 57 642 -147 -18 434 -256 498 -101 101 481 -212 2 -142
27 -35 -48 565 -18 -750 560 -108 -322 145 208 -165 169 -81 -213 718 80 165 -361 66 57 -637 167 -33 -298 -1334 -35 -435 544 212 49 -121 -19 144 466 -278 39 -277 8 160 -538 207 455 -121 262 337 -16 46 246 -10 242 57 642 -147 -18 434 -256 498 -101 101 481 -212 2 -142
27 -35 -48 565 -18 -750 560 -108 -322 145 208 -165 169 -81 -213 718 80 165 -361 66 57 -637 167 -33 -298 -1334 -35 -435 544 212 49 -121 -19 144 466 -278 39 -277 8 160 -538 207 455 -121 262 337 -16 46 246 -10 242 57 642 -147 -18 434 -256 498 -101 101 481 -212 2 -142
27 -35 -48 565 -18 -750 560 -108 -322 145 208 -165 169 -81 -213 718 80 165 -361 66 57 -637 167 -33 -298 -1334 -35 -435 544 212 49 -121 -19 144 466 -278 39 -277 8 160 -538 207 455 -121 262 337 -16 46 246 -10 242 57 642 -147 -18 434 -256 498 -101 101 481 -212 2 -142
27 -35 -48 565 -18 -750 560 -108 -322 145 208 -165 169 -81 -213 718 80 165 -361 66 57 -637 167 -33 -298 -1334 -35 -435 544 212 49 -121 -19 144 466 -278 39 -277 8 160 -538 207 455 -121 262 337 -16 46 246 -10 242 57 642 -147 -18 434 -256 498 -101 101 481 -212 2 -142
27 -35 -48 565 -18 -750 560 -108 -322 145 208 -165 169 -81 -213 718 80 165 -361 66 57 -637 167 -33 -298 -1334 -35 -435 544 212 49 -121 -19 144 466 -278 39 -277 8 160 -538 207 455 -121 262 337 -16 46 246 -10 242 57 642 -147 -18 434 -256 498 -101 101 481 -212 2 -142
27 -35 -48 565 -18 -750 560 -108 -322 145 208 -165 169 -81 -213 718 80 165 -361 66 57 -637 167 -33 -298 -1334 -35 -435 544 212 49 -121 -19 144 466 -278 39 -277 8 160 -538 207 455 -121 262 337 -16 46 246 -10 242 57 642 -147 -18 434 -256 498 -101 101 481 -212 2 -142
27 -35 -48 565 -18 -750 560 -108 -322 145 208 -165 169 -81 -213 718 80 165 -361 66 57 -637 167 -33 -298 -1334 -35 -435 544 212 49 -121 -19 144 466 -278 39 -277 8 160 -538 207 455 -121 262 337 -16 46 246 -10 242 57 642 -147 -18 434 -256 498 -101 101 481 -212 2 -142
27 -35 -48 565 -18 -750 560 -108 -322 145 208 -165 169 -81 -213 718 80 165 -361 66 57 -637 167 -33 -298 -1334 -35 -435 544 212 49 -121 -19 144 466 -278 39 -277 8 160 -538 207 455 -121 262 337 -16 46 246 -10 242 57 642 -147 -18 434 -256 498 -101 101 481 -212 2 -142
27 -35 -48 565 -18 -750 560 -108 -322 145 208 -165 169 -81 -213 718 80 165 -361 66 57 -637 167 -33 -298 -1334 -35 -435 544 212 49 -121 -19 144 466 -278 39 -277 8 160 -538 207 455 -121 262 337 -16 46 246 -10 242 57 642 -147 -18 434 -256 498 -101 101 481 -212 2 -142
27 -35 -48 565 -18 -750 560 -108 -322 145 208 -165 169 -81 -213 718 80 165 -361 66 57 -637 167 -33 -298 -1334 -35 -435 544 212 49 -121 -19 144 466 -278 39 -277 8 160 -538 207 455 -121 262 337 -16 46 246 -10 242 57 642 -147 -18 434 -256 498 -101 101 481 -212 2 -142
27 -35 -48 565 -18 -750 560 -108 -322 145 208 -165 169 -81 -213 718 80 165 -361 66 57 -637 167 -33 -298 -1334 -35 -435 544 212 49 -121 -19 144 466 -278 39 -277 8 160 -538 207 455 -121 262 337 -16 46 246 -10 242 57 642 -147 -18 434 -256 498 -101 101 481 -212 2 -142
27 -35 -48 565 -18 -750 560 -108 -322 145 208 -165 169 -81 -213 718 80 165 -361 66 57 -637 167 -33 -298 -1334 -35 -435 544 212 49 -121 -19 144 466 -278 39 -277 8 160 -538 207 455 -121 262 337 -16 46 246 -10 242 57 642 -147 -18 434 -256 498 -101 101 481 -212 2 -142
27 -35 -48 565 -18 -750 560 -108 -322 145 208 -165 169 -81 -213 718 80 165 -361 66 57 -637 167 -33 -298 -1334 -35 -435 544 212 49 -121 -19 144 466 -278 39 -277 8 160 -538 207 455 -121 262 337 -16 46 246 -10 242 57 642 -147 -18 434 -256 498 -101 101 481 -212 2 -142
27 -35 -48 565 -18 -750 560 -108 -322 145 208 -165 169 -81 -213 718 80 165 -361 66 57 -637 167 -33 -298 -1334 -35 -435 544 212 49 -121 -19 144 466 -278 39 -277 8 160 -538 207 455 -121 262 337 -16 46 246 -10 242 57 642 -147 -18 434 -256 498 -101 101 481 -212 2 -142
27 -35 -48 565 -18 -750 560 -108 -322 145 208 -165 169 -81 -213 718 80 165 -361 66 57 -637 167 -33 -298 -1334 -35 -435 544 212 49 -121 -19 144 466 -278 39 -277 8 160 -538 207 455 -121 262 337 -16 46 246 -10 242 57 642 -147 -18 434 -256 498 -101 101 481 -212 2 -142
27 -35 -48 565 -18 -750 560 -108 -322 145 208 -165 169 -81 -213 718 80 165 -361 66 57 -637 167 -33 -298 -1334 -35 -435 544 212 49 -121 -19 144 466 -278 39 -277 8 160 -538 207 455 -121 262 337 -16 46 246 -10 242 57 642 -147 -18 434 -256 498 -101 101 481 -212 2 -142
27 -35 -48 565 -18 -750 560 -108 -322 145 208 -165 169 -81 -213 718 80 165 -361 66 57 -637 167 -33 -298 -1334 -35 -435 544 212 49 -121 -19 144 466 -278 39 -277 8 160 -538 207 455 -121 262 337 -16 46 246 -10 242 57 642 -147 -18 434 -256 498 -101 101 481 -212 2 -142
27 -35 -48 565 -18 -750 560 -108 -322 145 208 -165 169 -81 -213 718 80 165 -361 66 57 -637 167 -33 -298 -1334 -35 -435 544 212 49 -121 -19 144 466 -278 39 -277 8 160 -538 207 455 -121 262 337 -16 46 246 -10 242 57 642 -147 -18 434 -256 498 -101 101 481 -212 2 -142
27 -35 -48 565 -18 -750 560 -108 -322 145 208 -165 169 -81 -213 718 80 165 -361 66 57 -637 167 -33 -298 -1334 -35 -435 544 212 49 -121 -19 144 466 -278 39 -277 8 160 -538 207 455 -121 262 337 -16 46 246 -10 242 57 642 -147 -18 434 -256 498 -101 101 481 -212 2 -142
27 -35 -48 565 -18 -750 560 -108 -322 145 208 -165 169 -81 -213 718 80 165 -361 66 57 -637 167 -33 -298 -1334 -35 -435 544 212 49 -121 -19 144 466 -278 39 -277 8 160 -538 207 455 -121 262 337 -16 46 246 -10 242 57 642 -147 -18 434 -256 498 -101 101 481 -212 2 -142
27 -35 -48 565 -18 -750 560 -108 -322 145 208 -165 169 -81 -213 718 80 165 -361 66 57 -637 167 -33 -298 -1334 -35 -435 544 212 49 -121 -19 144 466 -278 39 -277 8 160 -538 207 455 -121 262 337 -16 46 246 -10 242 57 642 -147 -18 434 -256 498 -101 101 481 -212 2 -142
27 -35 -48 565 -18 -750 560 -108 -322 145 208 -165 169 -81 -213 718 80 165 -361 66 57 -637 167 -33 -298 -1334 -35 -435 544 212 49 -121 -19 144 466 -278 39 -277 8 160 -538 207 455 -121 262 337 -16 46 246 -10 242 57 642 -147 -18 434 -256 498 -101 101 481 -212 2 -142
27 -35 -48 565 -18 -750 560 -108 -322 145 208 -165 169 -81 -213 718 80 165 -361 66 57 -637 167 -33 -298 -1334 -35 -435 544 212 49 -121 -19 144 466 -278 39 -277 8 160 -538 207 455 -121 262 337 -16 46 246 -10 242 57 642 -147 -18 434 -256 498 -101 101 481 -212 2 -142
27 -35 -48 565 -18 -750 560 -108 -322 145 208 -165 169 -81 -213 718 80 165 -361 66 57 -637 167 -33 -298 -1334 -35 -435 544 212 49 -121 -19 144 466 -278 39 -277 8 160 -538 207 455 -121 262 337 -16 46 246 -10 242 57 642 -147 -18 434 -256 498 -101 101 481 -212 2 -142
27 -35 -48 565 -18 -750 560 -108 -322 145 208 -165 169 -81 -213 718 80 165 -361 66 57 -637 167 -33 -298 -1334 -35 -435 544 212 49 -121 -19 144 466 -278 39 -277 8 160 -538 207 455 -121 262 337 -16 46 246 -10 242 57 642 -147 -18 434 -256 498 -101 101 481 -212 2 -142
27 -35 -48 565 -18 -750 560 -108 -322 145 208 -165 169 -81 -213 718 80 165 -361 66 57 -637 167 -33 -298 -1334 -35 -435 544 212 49 -121 -19 144 466 -278 39 -277 8 160 -538 207 455 -121 262 337 -16 46 246 -10 242 57 642 -147 -18 434 -256 498 -101 101 481 -212 2 -142
27 -35 -48 565 -18 -750 560 -108 -322 145 208 -165 169 -81 -213 718 80 165 -361 66 57 -637 167 -33 -298 -1334 -35 -435 544 212 49 -121 -19 144 466 -278 39 -277 8 160 -538 207 455 -121 262 337 -16 46 246 -10 242 57 642 -147 -18 434 -256 498 -101 101 481 -212 2 -142
27 -35 -48 565 -18 -750 560 -108 -322 145 208 -165 169 -81 -213 718 80 165 -361 66 57 -637 167 -33 -298 -1334 -35 -435 544 212 49 -121 -19 144 466 -278 39 -277 8 160 -538 207 455 -121 262 337 -16 46 246 -10 242 57 642 -147 -18 434 -256 498 -101 101 481 -212 2 -142
27 -35 -48 565 -18 -750 560 -108 -322 145 208 -165 169 -81 -213 718 80 165 -361 66 57 -637 167 -33 -298 -1334 -35 -435 544 212 49 -121 -19 144 466 -278 39 -277 8 160 -538 207 455 -121 262 337 -16 46 246 -10 242 57 642 -147 -18 434 -256 498 -101 101 481 -212 2 -142
27 -35 -48 565 -18 -750 560 -108 -322 145 208 -165 169 -81 -213 718 80 165 -361 66 57 -637 167 -33 -298 -1334 -35 -435 544 212 49 -121 -19 144 466 -278 39 -277 8 160 -538 207 455 -121 262 337 -16 46 246 -10 242 57 642 -147 -18 434 -256 498 -101 101 481 -212 2 -142
27 -35 -48 565 -18 -750 560 -108 -322 145 208 -165 169 -81 -213 718 80 165 -361 66 57 -637 167 -33 -298 -1334 -35 -435 544 212 49 -121 -19 144 466 -278 39 -277 8 160 -538 207 455 -121 262 337 -16 46 246 -10 242 57 642 -147 -18 434 -256 498 -101 101 481 -212 2 -142
27 -35 -48 565 -18 -750 560 -108 -322 145 208 -165 169 -81 -213 718 80 165 -361 66 57 -637 167 -33 -298 -1334 -35 -435 544 212 49 -121 -19 144 466 -278 39 -277 8 160 -538 207 455 -121 262 337 -16 46 246 -10 242 57 642 -147 -18 434 -256 498 -101 101 481 -212 2 -142
27 -35 -48 565 -18 -750 560 -108 -322 145 208 -165 169 -81 -213 718 80 165 -361 66 57 -637 167 -33 -298 -1334 -35 -435 544 212 49 -121 -19 144 466 -278 39 -277 8 160 -538 207 455 -121 262 337 -16 46 246 -10 242 57 642 -147 -18 434 -256 498 -101 101 481 -212 2 -142
27 -35 -48 565 -18 -750 560 -108 -322 145 208 -165 169 -81 -213 718 80 165 -361 66 57 -637 167 -33 -298 -1334 -35 -435 544 212 49 -121 -19 144 466 -278 39 -277 8 160 -538 207 455 -121 262 337 -16 46 246 -10 242 57 642 -147 -18 434 -256 498 -101 101 481 -212 2 -142
27 -35 -48 565 -18 -750 560 -108 -322 145 208 -165 169 -81 -213 718 80 165 -361 66 57 -637 167 -33 -298 -1334 -35 -435 544 212 49 -121 -19 144 466 -278 39 -277 8 160 -538 207 455 -121 262 337 -16 46 246 -10 242 57 642 -147 -18 434 -256 498 -101 101 481 -212 2 -142
27 -35 -48 565 -18 -750 560 -108 -322 145 208 -165 169 -81 -213 718 80 165 -361 66 57 -637 167 -33 -298 -1334 -35 -435 544 212 49 -121 -19 144 466 -278 39 -277 8 160 -538 207 455 -121 262 337 -16 46 246 -10 242 57 642 -147 -18 434 -256 498 -101 101 481 -212 2 -142
27 -35 -48 565 -18 -750 560 -108 -322 145 208 -165 169 -81 -213 718 80 165 -361 66 57 -637 167 -33 -298 -1334 -35 -435 544 212 49 -121 -19 144 466 -278 39 -277 8 160 -538 207 455 -121 262 337 -16 46 246 -10 242 57 642 -147 -18 434 -256 498 -101 101 481 -212 2 -142
27 -35 -48 565 -18 -750 560 -108 -322 145 208 -165 169 -81 -213 718 80 165 -361 66 57 -637 167 -33 -298 -1334 -35 -435 544 212 49 -121 -19 144 466 -278 39 -277 8 160 -538 207 455 -121 262 337 -16 46 246 -10 242 57 642 -147 -18 434 -256 498 -101 101 481 -212 2 -142
27 -35 -48 565 -18 -750 560 -108 -322 145 208 -165 169 -81 -213 718 80 165 -361 66 57 -637 167 -33 -298 -1334 -35 -435 544 212 49 -121 -19 144 466 -278 39 -277 8 160 -538 207 455 -121 262 337 -16 46 246 -10 242 57 642 -147 -18 434 -256 498 -101 101 481 -212 2 -142
27 -35 -48 565 -18 -750 560 -108 -322 145 208 -165 169 -81 -213 718 80 165 -361 66 57 -637 167 -33 -298 -1334 -35 -435 544 212 49 -121 -19 144 466 -278 39 -277 8 160 -538 207 455 -121 262 337 -16 46 246 -10 242 57 642 -147 -18 434 -256 498 -101 101 481 -212 2 -142
27 -35 -48 565 -18 -750 560 -108 -322 145 208 -165 169 -81 -213 718 80 165 -361 66 57 -637 167 -33 -298 -1334 -35 -435 544 212 49 -121 -19 144 466 -278 39 -277 8 160 -538 207 455 -121 262 337 -16 46 246 -10 242 57 642 -147 -18 434 -256 498 -101 101 481 -212 2 -142
27 -35 -48 565 -18 -750 560 -108 -322 145 208 -165 169 -81 -213 718 80 165 -361 66 57 -637 167 -33 -298 -1334 -35 -435 544 212 49 -121 -19 144 466 -278 39 -277 8 160 -538 207 455 -121 262 337 -16 46 246 -10 242 57 642 -147 -18 434 -256 498 -101 101 481 -212 2 -142
27 -35 -48 565 -18 -750 560 -108 -322 145 208 -165 169 -81 -213 718 80 165 -361 66 57 -637 167 -33 -298 -1334 -35 -435 544 212 49 -121 -19 144 466 -278 39 -277 8 160 -538 207 455 -121 262 337 -16 46 246 -10 242 57 642 -147 -18 434 -256 498 -101 101 481 -212 2 -142
27 -35 -48 565 -18 -750 560 -108 -322 145 208 -165 169 -81 -213 718 80 165 -361 66 57 -637 167 -33 -298 -1334 -35 -435 544 212 49 -121 -19 144 466 -278 39 -277 8 160 -538 207 455 -121 262 337 -16 46 246 -10 242 57 642 -147 -18 434 -256 498 -101 101 481 -212 2 -142
