249 0 249 0 0 0 0 498 -249 -249 -249 -249 -249 0 249 0 0 -498 498 -249 0 0 -747 -1245 -498 -498 498 -249 249 249 -249 -498 249 -249 249 -498 498 0 249 249 -249 249 498 498 249 498 0 0 249 -249 -249 -498 -249 249 249 249 747 249 -498 -249 747 -249 249 -249
-68 285 1002 -1031 592 123 609 245 2378 191 -90 -1342 -269 749 -2927 -432 -235 1352 -5 545 -329 550 715 -4916 602 -447 556 1637 536 -885 -493 -1139 -852 -1511 -478 -1118 -2140 3361 184 -796 -1177 -1050 -2199 102 548 -2317 82 535 -1200 797 641 137 -360 1335 1131 -1647 330 436 228 -1231 957 -697 -892 1368
263 985 1116 -650 432 323 39 205 2320 178 -218 -732 -172 1232 -1818 -1360 -466 608 185 723 -717 439 -130 -3086 -469 -450 396 -67 47 -603 -551 -1041 -432 -1306 -621 -161 -404 2156 611 -172 -684 -309 -862 246 280 -2010 -224 618 -389 -269 277 -431 -294 -331 323 -1308 517 1039 -11 -281 1201 -325 -522 341
46 181 536 -139 558 -233 460 307 822 -128 -258 -786 23 -104 -1063 -584 -616 95 41 242 -268 -124 -128 -1938 142 -727 154 372 96 6 -25 -465 -519 -388 -128 -641 -372 1543 -164 -165 -622 -158 -399 335 140 -696 -128 61 -367 -14 767 -55 -649 620 502 -573 563 -32 58 -387 446 -517 -47 162
128 -1550 574 -131 1214 1659 1130 1814 -2677 375 -745 -1639 -155 56 -1343 -131 -1915 1365 276 502 567 -2443 2051 -1555 1606 -326 478 500 763 890 13 -679 -1826 -573 -433 254 -2459 2138 -522 -227 -357 560 -4234 -297 737 -506 -1564 -11 -2575 861 1345 271 -718 2307 761 -1027 -963 218 684 -103 -404 338 -694 1384
48 -328 656 63 444 287 609 397 -794 -9 -640 -1116 8 -50 -271 -420 -903 41 8 272 393 -925 -140 -1173 244 -563 490 231 0 173 -97 -552 -627 -354 -20 -349 -221 959 -451 -12 -560 379 -711 497 54 -74 -597 13 -762 44 597 -136 -481 698 541 -256 -36 -12 9 -236 96 -315 140 105
115 -219 685 135 1114 563 774 591 -325 -355 -491 -1097 176 -214 -1577 -852 -1366 241 46 39 -559 -935 990 -2149 741 -635 -90 912 328 583 -28 -516 -1093 -220 -290 -136 -974 1904 -356 -339 193 598 -1546 51 -367 -712 -397 322 -1292 268 1585 -154 -1006 1263 679 -444 195 154 190 21 -302 -186 -221 736
-232 179 808 -58 1134 -2087 578 643 1235 657 -109 -817 408 -1046 -1141 -1395 -2001 688 -104 869 -1237 -655 -4 -97 354 -1238 356 185 -613 -149 1396 33 -1582 645 -652 -261 -144 2306 -924 81 -1011 8 -761 398 -84 -585 -1146 -1135 -271 -391 2051 1281 -1233 1045 132 -1719 715 -1238 709 372 631 -709 -62 -371
307 611 764 -256 315 46 302 65 1945 -52 -170 -456 -5 389 -1495 -1340 -467 181 278 502 -527 194 -137 -2868 -35 -545 37 -54 -336 -243 -469 -488 91 -977 -116 -582 -14 1584 -39 -165 -579 35 -141 320 453 -1163 -155 503 -490 11 816 -472 -456 67 488 -535 423 524 -90 -391 869 -350 -51 25
-528 1442 194 431 1691 267 1520 -1484 1420 -1106 -341 -3830 19 -1167 -2941 -3086 -1546 374 -856 -782 -2348 -1013 1773 -4721 -227 -184 -2220 -50 165 85 -814 -107 564 -760 732 820 -11 3187 129 -491 271 266 -796 -923 -1850 -3206 242 1299 -1830 1045 1494 -828 -1154 631 -274 -1260 -308 1026 -1294 54 -690 -175 804 -286
656 284 740 153 1132 624 693 -614 1686 -599 -215 -1475 644 46 -2890 -1265 -541 138 -487 28 -1448 -179 956 -5212 222 -704 -655 1385 769 -118 -342 -216 -92 -1332 9 -512 -1108 2052 -241 -604 -569 -46 -934 279 -367 -1698 354 744 -1054 786 1229 -902 -1074 1527 449 115 388 242 193 -798 -298 -378 114 645
264 -40 330 4 268 -72 122 384 343 -172 -170 -82 -92 -159 -144 -229 -166 -422 428 -91 -217 99 -515 -1539 -144 -538 325 -102 129 101 -240 -466 118 -248 261 -506 287 496 -137 65 -299 350 466 591 244 280 62 -84 -34 -217 356 -433 -425 293 318 223 754 203 -320 -437 600 -226 273 -277
94 194 671 -206 599 -298 361 383 1169 -31 -279 -718 57 -78 -1258 -787 -756 255 170 382 -400 -150 85 -1920 198 -699 173 326 -18 -44 -79 -545 -675 -468 -157 -571 -441 1762 -171 -185 -651 -174 -441 278 189 -896 -251 36 -451 -1 934 -58 -597 538 504 -703 550 41 70 -344 477 -516 -113 135
-159 -267 972 -28 1013 -1910 594 577 355 636 -779 -1919 449 -1022 -1154 -1194 -2416 1005 -352 1011 -724 -1469 517 149 401 -1191 362 545 -449 -43 1190 -93 -2309 266 -831 -160 -290 2192 -939 37 -1250 -424 -973 156 -284 -840 -1543 -1123 -420 26 1896 1124 -856 1336 219 -1892 176 -1564 634 385 92 -1290 5 -410
-189 1328 577 356 1551 513 1179 -1280 1387 -1215 -406 -3104 371 -828 -3129 -2868 -1496 251 -814 -764 -2586 -1025 1736 -4826 -400 -398 -1846 343 190 23 -697 22 278 -1035 287 737 77 2876 192 -587 105 430 -996 -621 -1745 -2998 154 1181 -1577 925 1384 -870 -823 845 -272 -973 52 885 -878 79 -767 -1 437 -88
41 309 367 -86 13 -152 140 278 463 -638 -212 -423 50 -410 -349 -785 -433 -282 564 -166 -400 -425 -283 -1563 -101 -648 -47 -249 -369 420 -344 -123 322 -368 242 -601 652 536 -154 120 -457 249 612 368 422 -75 -76 192 -15 1 437 -253 -261 240 435 48 546 100 -397 -129 456 -284 165 -398
-590 797 1167 -91 -696 -2615 161 378 3166 -2351 -395 390 1045 -2719 -422 -2422 -2620 292 2304 -21 -661 -3350 -764 2538 435 -1831 375 -139 -2918 2865 633 607 -143 71 998 -2066 1418 -286 -1120 774 -2262 295 854 734 1825 -485 -301 -2029 796 -712 1187 2574 -793 -1034 2688 674 2252 -1165 1366 1751 -696 -1344 530 -832
-242 296 640 -66 -16 -1168 -105 598 826 -475 -406 -658 222 -839 -265 -1115 -1209 8 863 -253 -871 -1237 -141 -662 -23 -1137 240 -350 -630 1110 212 172 -324 -33 208 -554 621 558 -167 440 -595 73 378 200 410 253 -273 -643 496 -286 797 603 -397 350 471 -313 1169 -496 -333 120 262 -699 189 -750
-982 137 1473 -850 -231 -1317 -209 856 930 -2325 -277 1298 980 -2992 -47 -1902 -1737 240 1157 -1057 -1302 -2756 1113 1825 695 -1335 557 131 -3337 570 -293 1575 -300 -269 -441 -1652 3259 1306 -1095 177 -1181 1993 1057 668 697 425 -719 -1229 -232 68 1946 1571 1745 219 1199 -254 1491 -1288 -676 159 -487 404 -1045 -1863
-183 -368 1595 -298 2127 -3347 424 714 2074 268 187 -332 357 -3232 387 -2739 -2384 1458 217 512 -2383 -2330 481 2037 511 -845 1489 -125 -1960 -1088 2677 871 -360 1157 -966 -318 1801 2371 -1929 720 -1328 2916 -808 2135 -307 190 -440 -4029 -1081 -596 2729 2536 -2327 495 351 -1295 1892 -1903 -318 166 750 154 384 -1854
-171 -241 879 -177 918 -1312 552 638 1029 -111 -266 -377 81 -1115 -414 -1087 -1221 485 358 129 -833 -1151 168 -490 273 -712 788 500 -829 -165 639 -94 -576 -115 -117 -718 310 1461 -695 157 -828 802 -198 700 230 -103 -179 -1263 -373 -148 1257 601 -815 618 643 -230 1078 -481 -180 -278 187 -430 176 -646
1513 958 1385 907 830 495 365 -1926 1092 -696 -469 -1489 1294 688 -2341 -1941 -443 -498 -1028 -296 -2498 133 259 -4902 -1856 -576 -837 769 1092 -104 -350 -165 449 -1427 -272 370 467 -170 1019 19 235 1321 -538 610 -1888 -1075 -145 639 -399 720 -118 -2065 -1474 1037 -57 1046 652 171 -3 352 -544 -366 1293 364
-13 135 606 -10 183 -75 92 401 -100 -120 -502 -964 -72 194 -101 -432 -368 -121 351 -358 -445 -634 -289 -2283 15 -893 369 -11 200 638 -45 -194 33 -450 -6 -275 -58 536 161 252 -200 419 -163 532 93 536 -46 -46 186 -150 323 -163 -432 724 205 18 823 -74 -496 -730 352 -262 247 -166
208 -25 280 23 89 48 55 476 -259 -245 -293 -421 -218 3 73 -28 -80 -414 434 -302 -113 -141 -576 -1572 -361 -554 450 -84 309 299 -195 -448 189 -306 224 -447 292 161 187 198 -251 241 282 480 198 441 28 -1 171 -193 -114 -435 -281 440 231 222 743 206 -458 -363 620 -228 221 -178
806 1689 1666 -559 1337 1521 9 245 3927 695 -594 -1508 -273 2547 -4082 -2499 -1197 1496 -287 1463 -1789 -91 685 -5382 -418 -584 422 316 297 -1115 -241 -1401 -914 -2530 -1290 938 -1472 3924 701 -508 -1127 -670 -2651 99 179 -4451 -589 1135 -943 -949 810 -503 -118 -408 -619 -2348 469 2220 838 -309 1497 432 -1439 909
625 438 1062 285 874 181 365 -519 1581 -190 -468 -610 601 85 -1757 -1347 -902 -146 -131 330 -1046 53 147 -2991 -99 -802 -489 135 80 -191 -359 -655 -400 -804 -166 -25 -80 1534 -375 -334 -478 645 -213 759 -486 -1047 -370 145 -830 4 1348 -779 -811 295 342 -116 551 71 364 -423 47 -235 575 -77
75 -1362 745 -167 1006 1270 1103 1693 -2571 535 -731 -1252 -94 223 -902 -334 -1799 1300 402 638 591 -2142 1612 -1017 1199 -284 594 1 480 762 24 -675 -1611 -490 -476 358 -2044 1677 -292 -5 -337 817 -3932 -185 735 -203 -1840 -60 -2313 764 1068 146 -684 1942 730 -901 -994 166 683 152 -199 375 -413 1228
138 -283 909 47 230 69 265 529 -702 87 -583 -813 155 1 -21 -704 -851 -17 257 413 433 -905 -222 -540 -65 -510 720 -123 -187 155 -93 -619 -651 -238 26 -303 53 754 -233 202 -501 442 -406 524 -39 99 -855 51 -642 -2 454 -255 -428 469 481 -161 -187 12 -151 108 236 -151 128 75
170 -278 743 -20 733 306 414 707 -381 -270 -512 -668 124 -196 -955 -660 -1145 145 448 36 -392 -803 678 -1458 454 -591 143 372 238 639 -127 -541 -883 -156 -201 -115 -596 1283 -169 44 81 614 -1076 149 -134 -275 -523 133 -908 55 1179 -196 -693 936 589 -220 212 155 57 190 -38 -139 -114 480
-30 -29 789 -157 1206 -2627 101 829 1484 771 -58 -630 477 -1565 -859 -1397 -2112 771 382 752 -1849 -774 207 452 126 -1200 584 -17 -438 -47 1597 165 -1614 826 -435 40 51 2011 -896 275 -1162 -7 -406 431 -147 -320 -1146 -1776 59 -499 2043 1532 -1037 1127 -152 -1661 1088 -1399 508 599 764 -739 -10 -736
308 191 555 -120 260 133 171 291 950 -151 -216 -308 -82 133 -819 -617 -276 -96 408 121 -293 35 -312 -2376 -28 -583 295 43 -9 -23 -312 -506 133 -690 58 -550 10 1001 -113 -65 -531 188 -32 544 392 -365 -50 164 -303 -109 527 -365 -318 307 445 -120 616 305 -114 -518 752 -205 46 -27
188 -71 256 83 418 288 259 449 153 -226 -322 -653 -213 -98 -588 -281 -313 -303 377 -255 -307 -303 -162 -2455 120 -633 191 162 305 251 -190 -412 168 -509 283 -361 -186 891 -205 -69 -371 143 -52 434 229 -27 116 145 -270 -114 544 -370 -313 662 210 117 645 294 -255 -677 453 -85 132 -65
314 -59 388 -19 323 -52 115 346 325 -114 -229 -56 -94 -164 -110 -227 -196 -377 467 -57 -220 128 -490 -1486 -84 -530 343 -162 129 85 -231 -495 113 -216 227 -404 265 515 -167 54 -285 508 353 675 190 301 -33 -143 -133 -244 419 -400 -420 253 304 172 773 182 -274 -446 627 -150 305 -253
190 685 745 -1094 1220 -1401 -304 -284 2277 411 164 -522 730 -518 -892 -1016 -1100 1299 809 691 -2392 134 266 -1159 266 -852 824 366 77 -45 374 -275 -1099 211 393 873 -502 1959 -179 10 -757 428 180 290 -434 -869 -1236 -452 142 -494 1048 1125 -249 507 -423 -1206 783 -73 274 326 735 180 -569 -345
-661 778 1230 -124 -599 -2685 191 422 3114 -2246 -459 282 1001 -2763 -333 -2542 -2733 344 2371 4 -791 -3468 -716 2543 538 -1892 469 -128 -2978 2813 687 629 -113 74 971 -1917 1349 -136 -1161 791 -2326 432 739 778 1801 -480 -351 -2153 713 -774 1319 2648 -684 -967 2649 698 2320 -1279 1385 1676 -748 -1241 569 -837
-198 239 626 -70 -108 -1299 -102 686 943 -692 -351 -300 260 -1166 -208 -1074 -1279 -58 1089 -218 -779 -1324 -275 -38 -42 -1147 366 -259 -841 1144 253 159 -291 -2 292 -732 761 421 -285 429 -902 72 488 331 576 164 -322 -851 500 -378 768 800 -191 254 695 -131 1280 -581 -26 384 239 -656 155 -663
-1123 105 1667 -1002 -244 -1205 -259 927 604 -2613 -287 1619 1093 -3409 113 -2050 -1732 219 1213 -1280 -1415 -2895 1393 2206 787 -1290 590 114 -3820 341 -422 1885 -229 -308 -648 -1665 3812 1521 -1201 119 -1249 2445 1186 777 550 490 -879 -1241 -409 136 2164 1648 2421 303 1156 -333 1429 -1495 -852 93 -539 756 -1305 -2092
-167 -424 1619 -332 2003 -3561 236 872 2124 157 137 -208 440 -3514 388 -2792 -2525 1431 512 410 -2566 -2518 656 2330 470 -914 1508 -136 -2082 -899 2641 991 -474 1128 -877 -343 1925 2284 -1904 761 -1497 2756 -591 2029 -252 237 -523 -4165 -908 -594 2806 2654 -1951 576 355 -1262 2033 -2065 -345 301 688 64 321 -1988
-107 -317 1126 -186 1481 -1883 710 495 1183 205 -228 -514 95 -1574 99 -1538 -1451 864 367 349 -1226 -1413 154 121 305 -566 1133 391 -1083 -593 1278 -13 -410 162 -262 -387 469 1586 -1021 348 -1023 1623 -387 1264 -52 50 -242 -2169 -676 -291 1542 1014 -1363 494 570 -304 1257 -832 -268 -272 292 -259 514 -1005
2067 1356 1931 1268 1161 721 451 -2968 1690 -908 -591 -1928 1985 1038 -3315 -2821 -624 -542 -1576 -310 -3573 238 625 -6411 -2486 -637 -1377 1123 1443 -286 -380 -51 582 -1989 -571 817 477 -276 1420 -58 398 1826 -914 739 -2828 -1684 -262 902 -642 1108 -55 -2750 -1968 1284 -165 1429 592 73 295 596 -1055 -378 1772 583
37 154 621 23 120 -147 89 356 -81 -124 -488 -857 -63 178 3 -468 -348 -204 400 -351 -435 -543 -414 -2136 -116 -873 387 -91 152 616 -65 -206 112 -450 -8 -277 81 370 225 288 -185 491 -38 563 59 607 -87 -64 226 -155 257 -232 -413 638 237 115 826 -91 -480 -630 389 -277 343 -190
-261 1891 1639 -1889 -1960 -1639 -1505 -5038 4003 -367 1650 -1380 -840 -262 -897 5005 1981 2807 -809 -94 -504 -1068 -436 -4569 3740 -1225 -1121 -611 1631 202 -2913 -1112 -99 -195 -314 -2092 1083 1287 -2555 15519 -1750 428 2990 328 381 -250 -1069 1020 -279 -9603 2980 1159 300 -422 -598 1307 -8096 872 -1045 186 2419 -16 -2654 -3932
-261 1891 1639 -1889 -1960 -1639 -1505 -5038 4003 -367 1650 -1380 -840 -262 -897 5005 1981 2807 -809 -94 -504 -1068 -436 -4569 3740 -1225 -1121 -611 1631 202 -2913 -1112 -99 -195 -314 -2092 1083 1287 -2555 15519 -1750 428 2990 328 381 -250 -1069 1020 -279 -9603 2980 1159 300 -422 -598 1307 -8096 872 -1045 186 2419 -16 -2654 -3932
-261 1891 1639 -1889 -1960 -1639 -1505 -5038 4003 -367 1650 -1380 -840 -262 -897 5005 1981 2807 -809 -94 -504 -1068 -436 -4569 3740 -1225 -1121 -611 1631 202 -2913 -1112 -99 -195 -314 -2092 1083 1287 -2555 15519 -1750 428 2990 328 381 -250 -1069 1020 -279 -9603 2980 1159 300 -422 -598 1307 -8096 872 -1045 186 2419 -16 -2654 -3932
-261 1891 1639 -1889 -1960 -1639 -1505 -5038 4003 -367 1650 -1380 -840 -262 -897 5005 1981 2807 -809 -94 -504 -1068 -436 -4569 3740 -1225 -1121 -611 1631 202 -2913 -1112 -99 -195 -314 -2092 1083 1287 -2555 15519 -1750 428 2990 328 381 -250 -1069 1020 -279 -9603 2980 1159 300 -422 -598 1307 -8096 872 -1045 186 2419 -16 -2654 -3932
-261 1891 1639 -1889 -1960 -1639 -1505 -5038 4003 -367 1650 -1380 -840 -262 -897 5005 1981 2807 -809 -94 -504 -1068 -436 -4569 3740 -1225 -1121 -611 1631 202 -2913 -1112 -99 -195 -314 -2092 1083 1287 -2555 15519 -1750 428 2990 328 381 -250 -1069 1020 -279 -9603 2980 1159 300 -422 -598 1307 -8096 872 -1045 186 2419 -16 -2654 -3932
-261 1891 1639 -1889 -1960 -1639 -1505 -5038 4003 -367 1650 -1380 -840 -262 -897 5005 1981 2807 -809 -94 -504 -1068 -436 -4569 3740 -1225 -1121 -611 1631 202 -2913 -1112 -99 -195 -314 -2092 1083 1287 -2555 15519 -1750 428 2990 328 381 -250 -1069 1020 -279 -9603 2980 1159 300 -422 -598 1307 -8096 872 -1045 186 2419 -16 -2654 -3932
-261 1891 1639 -1889 -1960 -1639 -1505 -5038 4003 -367 1650 -1380 -840 -262 -897 5005 1981 2807 -809 -94 -504 -1068 -436 -4569 3740 -1225 -1121 -611 1631 202 -2913 -1112 -99 -195 -314 -2092 1083 1287 -2555 15519 -1750 428 2990 328 381 -250 -1069 1020 -279 -9603 2980 1159 300 -422 -598 1307 -8096 872 -1045 186 2419 -16 -2654 -3932
-261 1891 1639 -1889 -1960 -1639 -1505 -5038 4003 -367 1650 -1380 -840 -262 -897 5005 1981 2807 -809 -94 -504 -1068 -436 -4569 3740 -1225 -1121 -611 1631 202 -2913 -1112 -99 -195 -314 -2092 1083 1287 -2555 15519 -1750 428 2990 328 381 -250 -1069 1020 -279 -9603 2980 1159 300 -422 -598 1307 -8096 872 -1045 186 2419 -16 -2654 -3932
-261 1891 1639 -1889 -1960 -1639 -1505 -5038 4003 -367 1650 -1380 -840 -262 -897 5005 1981 2807 -809 -94 -504 -1068 -436 -4569 3740 -1225 -1121 -611 1631 202 -2913 -1112 -99 -195 -314 -2092 1083 1287 -2555 15519 -1750 428 2990 328 381 -250 -1069 1020 -279 -9603 2980 1159 300 -422 -598 1307 -8096 872 -1045 186 2419 -16 -2654 -3932
-261 1891 1639 -1889 -1960 -1639 -1505 -5038 4003 -367 1650 -1380 -840 -262 -897 5005 1981 2807 -809 -94 -504 -1068 -436 -4569 3740 -1225 -1121 -611 1631 202 -2913 -1112 -99 -195 -314 -2092 1083 1287 -2555 15519 -1750 428 2990 328 381 -250 -1069 1020 -279 -9603 2980 1159 300 -422 -598 1307 -8096 872 -1045 186 2419 -16 -2654 -3932
-261 1891 1639 -1889 -1960 -1639 -1505 -5038 4003 -367 1650 -1380 -840 -262 -897 5005 1981 2807 -809 -94 -504 -1068 -436 -4569 3740 -1225 -1121 -611 1631 202 -2913 -1112 -99 -195 -314 -2092 1083 1287 -2555 15519 -1750 428 2990 328 381 -250 -1069 1020 -279 -9603 2980 1159 300 -422 -598 1307 -8096 872 -1045 186 2419 -16 -2654 -3932
-261 1891 1639 -1889 -1960 -1639 -1505 -5038 4003 -367 1650 -1380 -840 -262 -897 5005 1981 2807 -809 -94 -504 -1068 -436 -4569 3740 -1225 -1121 -611 1631 202 -2913 -1112 -99 -195 -314 -2092 1083 1287 -2555 15519 -1750 428 2990 328 381 -250 -1069 1020 -279 -9603 2980 1159 300 -422 -598 1307 -8096 872 -1045 186 2419 -16 -2654 -3932
-261 1891 1639 -1889 -1960 -1639 -1505 -5038 4003 -367 1650 -1380 -840 -262 -897 5005 1981 2807 -809 -94 -504 -1068 -436 -4569 3740 -1225 -1121 -611 1631 202 -2913 -1112 -99 -195 -314 -2092 1083 1287 -2555 15519 -1750 428 2990 328 381 -250 -1069 1020 -279 -9603 2980 1159 300 -422 -598 1307 -8096 872 -1045 186 2419 -16 -2654 -3932
-261 1891 1639 -1889 -1960 -1639 -1505 -5038 4003 -367 1650 -1380 -840 -262 -897 5005 1981 2807 -809 -94 -504 -1068 -436 -4569 3740 -1225 -1121 -611 1631 202 -2913 -1112 -99 -195 -314 -2092 1083 1287 -2555 15519 -1750 428 2990 328 381 -250 -1069 1020 -279 -9603 2980 1159 300 -422 -598 1307 -8096 872 -1045 186 2419 -16 -2654 -3932
-261 1891 1639 -1889 -1960 -1639 -1505 -5038 4003 -367 1650 -1380 -840 -262 -897 5005 1981 2807 -809 -94 -504 -1068 -436 -4569 3740 -1225 -1121 -611 1631 202 -2913 -1112 -99 -195 -314 -2092 1083 1287 -2555 15519 -1750 428 2990 328 381 -250 -1069 1020 -279 -9603 2980 1159 300 -422 -598 1307 -8096 872 -1045 186 2419 -16 -2654 -3932
-261 1891 1639 -1889 -1960 -1639 -1505 -5038 4003 -367 1650 -1380 -840 -262 -897 5005 1981 2807 -809 -94 -504 -1068 -436 -4569 3740 -1225 -1121 -611 1631 202 -2913 -1112 -99 -195 -314 -2092 1083 1287 -2555 15519 -1750 428 2990 328 381 -250 -1069 1020 -279 -9603 2980 1159 300 -422 -598 1307 -8096 872 -1045 186 2419 -16 -2654 -3932
-261 1891 1639 -1889 -1960 -1639 -1505 -5038 4003 -367 1650 -1380 -840 -262 -897 5005 1981 2807 -809 -94 -504 -1068 -436 -4569 3740 -1225 -1121 -611 1631 202 -2913 -1112 -99 -195 -314 -2092 1083 1287 -2555 15519 -1750 428 2990 328 381 -250 -1069 1020 -279 -9603 2980 1159 300 -422 -598 1307 -8096 872 -1045 186 2419 -16 -2654 -3932
-261 1891 1639 -1889 -1960 -1639 -1505 -5038 4003 -367 1650 -1380 -840 -262 -897 5005 1981 2807 -809 -94 -504 -1068 -436 -4569 3740 -1225 -1121 -611 1631 202 -2913 -1112 -99 -195 -314 -2092 1083 1287 -2555 15519 -1750 428 2990 328 381 -250 -1069 1020 -279 -9603 2980 1159 300 -422 -598 1307 -8096 872 -1045 186 2419 -16 -2654 -3932
-261 1891 1639 -1889 -1960 -1639 -1505 -5038 4003 -367 1650 -1380 -840 -262 -897 5005 1981 2807 -809 -94 -504 -1068 -436 -4569 3740 -1225 -1121 -611 1631 202 -2913 -1112 -99 -195 -314 -2092 1083 1287 -2555 15519 -1750 428 2990 328 381 -250 -1069 1020 -279 -9603 2980 1159 300 -422 -598 1307 -8096 872 -1045 186 2419 -16 -2654 -3932
-261 1891 1639 -1889 -1960 -1639 -1505 -5038 4003 -367 1650 -1380 -840 -262 -897 5005 1981 2807 -809 -94 -504 -1068 -436 -4569 3740 -1225 -1121 -611 1631 202 -2913 -1112 -99 -195 -314 -2092 1083 1287 -2555 15519 -1750 428 2990 328 381 -250 -1069 1020 -279 -9603 2980 1159 300 -422 -598 1307 -8096 872 -1045 186 2419 -16 -2654 -3932
-261 1891 1639 -1889 -1960 -1639 -1505 -5038 4003 -367 1650 -1380 -840 -262 -897 5005 1981 2807 -809 -94 -504 -1068 -436 -4569 3740 -1225 -1121 -611 1631 202 -2913 -1112 -99 -195 -314 -2092 1083 1287 -2555 15519 -1750 428 2990 328 381 -250 -1069 1020 -279 -9603 2980 1159 300 -422 -598 1307 -8096 872 -1045 186 2419 -16 -2654 -3932
-261 1891 1639 -1889 -1960 -1639 -1505 -5038 4003 -367 1650 -1380 -840 -262 -897 5005 1981 2807 -809 -94 -504 -1068 -436 -4569 3740 -1225 -1121 -611 1631 202 -2913 -1112 -99 -195 -314 -2092 1083 1287 -2555 15519 -1750 428 2990 328 381 -250 -1069 1020 -279 -9603 2980 1159 300 -422 -598 1307 -8096 872 -1045 186 2419 -16 -2654 -3932
-261 1891 1639 -1889 -1960 -1639 -1505 -5038 4003 -367 1650 -1380 -840 -262 -897 5005 1981 2807 -809 -94 -504 -1068 -436 -4569 3740 -1225 -1121 -611 1631 202 -2913 -1112 -99 -195 -314 -2092 1083 1287 -2555 15519 -1750 428 2990 328 381 -250 -1069 1020 -279 -9603 2980 1159 300 -422 -598 1307 -8096 872 -1045 186 2419 -16 -2654 -3932
-261 1891 1639 -1889 -1960 -1639 -1505 -5038 4003 -367 1650 -1380 -840 -262 -897 5005 1981 2807 -809 -94 -504 -1068 -436 -4569 3740 -1225 -1121 -611 1631 202 -2913 -1112 -99 -195 -314 -2092 1083 1287 -2555 15519 -1750 428 2990 328 381 -250 -1069 1020 -279 -9603 2980 1159 300 -422 -598 1307 -8096 872 -1045 186 2419 -16 -2654 -3932
-261 1891 1639 -1889 -1960 -1639 -1505 -5038 4003 -367 1650 -1380 -840 -262 -897 5005 1981 2807 -809 -94 -504 -1068 -436 -4569 3740 -1225 -1121 -611 1631 202 -2913 -1112 -99 -195 -314 -2092 1083 1287 -2555 15519 -1750 428 2990 328 381 -250 -1069 1020 -279 -9603 2980 1159 300 -422 -598 1307 -8096 872 -1045 186 2419 -16 -2654 -3932
-261 1891 1639 -1889 -1960 -1639 -1505 -5038 4003 -367 1650 -1380 -840 -262 -897 5005 1981 2807 -809 -94 -504 -1068 -436 -4569 3740 -1225 -1121 -611 1631 202 -2913 -1112 -99 -195 -314 -2092 1083 1287 -2555 15519 -1750 428 2990 328 381 -250 -1069 1020 -279 -9603 2980 1159 300 -422 -598 1307 -8096 872 -1045 186 2419 -16 -2654 -3932
-261 1891 1639 -1889 -1960 -1639 -1505 -5038 4003 -367 1650 -1380 -840 -262 -897 5005 1981 2807 -809 -94 -504 -1068 -436 -4569 3740 -1225 -1121 -611 1631 202 -2913 -1112 -99 -195 -314 -2092 1083 1287 -2555 15519 -1750 428 2990 328 381 -250 -1069 1020 -279 -9603 2980 1159 300 -422 -598 1307 -8096 872 -1045 186 2419 -16 -2654 -3932
-261 1891 1639 -1889 -1960 -1639 -1505 -5038 4003 -367 1650 -1380 -840 -262 -897 5005 1981 2807 -809 -94 -504 -1068 -436 -4569 3740 -1225 -1121 -611 1631 202 -2913 -1112 -99 -195 -314 -2092 1083 1287 -2555 15519 -1750 428 2990 328 381 -250 -1069 1020 -279 -9603 2980 1159 300 -422 -598 1307 -8096 872 -1045 186 2419 -16 -2654 -3932
-261 1891 1639 -1889 -1960 -1639 -1505 -5038 4003 -367 1650 -1380 -840 -262 -897 5005 1981 2807 -809 -94 -504 -1068 -436 -4569 3740 -1225 -1121 -611 1631 202 -2913 -1112 -99 -195 -314 -2092 1083 1287 -2555 15519 -1750 428 2990 328 381 -250 -1069 1020 -279 -9603 2980 1159 300 -422 -598 1307 -8096 872 -1045 186 2419 -16 -2654 -3932
-261 1891 1639 -1889 -1960 -1639 -1505 -5038 4003 -367 1650 -1380 -840 -262 -897 5005 1981 2807 -809 -94 -504 -1068 -436 -4569 3740 -1225 -1121 -611 1631 202 -2913 -1112 -99 -195 -314 -2092 1083 1287 -2555 15519 -1750 428 2990 328 381 -250 -1069 1020 -279 -9603 2980 1159 300 -422 -598 1307 -8096 872 -1045 186 2419 -16 -2654 -3932
-261 1891 1639 -1889 -1960 -1639 -1505 -5038 4003 -367 1650 -1380 -840 -262 -897 5005 1981 2807 -809 -94 -504 -1068 -436 -4569 3740 -1225 -1121 -611 1631 202 -2913 -1112 -99 -195 -314 -2092 1083 1287 -2555 15519 -1750 428 2990 328 381 -250 -1069 1020 -279 -9603 2980 1159 300 -422 -598 1307 -8096 872 -1045 186 2419 -16 -2654 -3932
-261 1891 1639 -1889 -1960 -1639 -1505 -5038 4003 -367 1650 -1380 -840 -262 -897 5005 1981 2807 -809 -94 -504 -1068 -436 -4569 3740 -1225 -1121 -611 1631 202 -2913 -1112 -99 -195 -314 -2092 1083 1287 -2555 15519 -1750 428 2990 328 381 -250 -1069 1020 -279 -9603 2980 1159 300 -422 -598 1307 -8096 872 -1045 186 2419 -16 -2654 -3932
-261 1891 1639 -1889 -1960 -1639 -1505 -5038 4003 -367 1650 -1380 -840 -262 -897 5005 1981 2807 -809 -94 -504 -1068 -436 -4569 3740 -1225 -1121 -611 1631 202 -2913 -1112 -99 -195 -314 -2092 1083 1287 -2555 15519 -1750 428 2990 328 381 -250 -1069 1020 -279 -9603 2980 1159 300 -422 -598 1307 -8096 872 -1045 186 2419 -16 -2654 -3932
-261 1891 1639 -1889 -1960 -1639 -1505 -5038 4003 -367 1650 -1380 -840 -262 -897 5005 1981 2807 -809 -94 -504 -1068 -436 -4569 3740 -1225 -1121 -611 1631 202 -2913 -1112 -99 -195 -314 -2092 1083 1287 -2555 15519 -1750 428 2990 328 381 -250 -1069 1020 -279 -9603 2980 1159 300 -422 -598 1307 -8096 872 -1045 186 2419 -16 -2654 -3932
-261 1891 1639 -1889 -1960 -1639 -1505 -5038 4003 -367 1650 -1380 -840 -262 -897 5005 1981 2807 -809 -94 -504 -1068 -436 -4569 3740 -1225 -1121 -611 1631 202 -2913 -1112 -99 -195 -314 -2092 1083 1287 -2555 15519 -1750 428 2990 328 381 -250 -1069 1020 -279 -9603 2980 1159 300 -422 -598 1307 -8096 872 -1045 186 2419 -16 -2654 -3932
-261 1891 1639 -1889 -1960 -1639 -1505 -5038 4003 -367 1650 -1380 -840 -262 -897 5005 1981 2807 -809 -94 -504 -1068 -436 -4569 3740 -1225 -1121 -611 1631 202 -2913 -1112 -99 -195 -314 -2092 1083 1287 -2555 15519 -1750 428 2990 328 381 -250 -1069 1020 -279 -9603 2980 1159 300 -422 -598 1307 -8096 872 -1045 186 2419 -16 -2654 -3932
-261 1891 1639 -1889 -1960 -1639 -1505 -5038 4003 -367 1650 -1380 -840 -262 -897 5005 1981 2807 -809 -94 -504 -1068 -436 -4569 3740 -1225 -1121 -611 1631 202 -2913 -1112 -99 -195 -314 -2092 1083 1287 -2555 15519 -1750 428 2990 328 381 -250 -1069 1020 -279 -9603 2980 1159 300 -422 -598 1307 -8096 872 -1045 186 2419 -16 -2654 -3932
-261 1891 1639 -1889 -1960 -1639 -1505 -5038 4003 -367 1650 -1380 -840 -262 -897 5005 1981 2807 -809 -94 -504 -1068 -436 -4569 3740 -1225 -1121 -611 1631 202 -2913 -1112 -99 -195 -314 -2092 1083 1287 -2555 15519 -1750 428 2990 328 381 -250 -1069 1020 -279 -9603 2980 1159 300 -422 -598 1307 -8096 872 -1045 186 2419 -16 -2654 -3932
-261 1891 1639 -1889 -1960 -1639 -1505 -5038 4003 -367 1650 -1380 -840 -262 -897 5005 1981 2807 -809 -94 -504 -1068 -436 -4569 3740 -1225 -1121 -611 1631 202 -2913 -1112 -99 -195 -314 -2092 1083 1287 -2555 15519 -1750 428 2990 328 381 -250 -1069 1020 -279 -9603 2980 1159 300 -422 -598 1307 -8096 872 -1045 186 2419 -16 -2654 -3932
-261 1891 1639 -1889 -1960 -1639 -1505 -5038 4003 -367 1650 -1380 -840 -262 -897 5005 1981 2807 -809 -94 -504 -1068 -436 -4569 3740 -1225 -1121 -611 1631 202 -2913 -1112 -99 -195 -314 -2092 1083 1287 -2555 15519 -1750 428 2990 328 381 -250 -1069 1020 -279 -9603 2980 1159 300 -422 -598 1307 -8096 872 -1045 186 2419 -16 -2654 -3932
-261 1891 1639 -1889 -1960 -1639 -1505 -5038 4003 -367 1650 -1380 -840 -262 -897 5005 1981 2807 -809 -94 -504 -1068 -436 -4569 3740 -1225 -1121 -611 1631 202 -2913 -1112 -99 -195 -314 -2092 1083 1287 -2555 15519 -1750 428 2990 328 381 -250 -1069 1020 -279 -9603 2980 1159 300 -422 -598 1307 -8096 872 -1045 186 2419 -16 -2654 -3932
-261 1891 1639 -1889 -1960 -1639 -1505 -5038 4003 -367 1650 -1380 -840 -262 -897 5005 1981 2807 -809 -94 -504 -1068 -436 -4569 3740 -1225 -1121 -611 1631 202 -2913 -1112 -99 -195 -314 -2092 1083 1287 -2555 15519 -1750 428 2990 328 381 -250 -1069 1020 -279 -9603 2980 1159 300 -422 -598 1307 -8096 872 -1045 186 2419 -16 -2654 -3932
-261 1891 1639 -1889 -1960 -1639 -1505 -5038 4003 -367 1650 -1380 -840 -262 -897 5005 1981 2807 -809 -94 -504 -1068 -436 -4569 3740 -1225 -1121 -611 1631 202 -2913 -1112 -99 -195 -314 -2092 1083 1287 -2555 15519 -1750 428 2990 328 381 -250 -1069 1020 -279 -9603 2980 1159 300 -422 -598 1307 -8096 872 -1045 186 2419 -16 -2654 -3932
-261 1891 1639 -1889 -1960 -1639 -1505 -5038 4003 -367 1650 -1380 -840 -262 -897 5005 1981 2807 -809 -94 -504 -1068 -436 -4569 3740 -1225 -1121 -611 1631 202 -2913 -1112 -99 -195 -314 -2092 1083 1287 -2555 15519 -1750 428 2990 328 381 -250 -1069 1020 -279 -9603 2980 1159 300 -422 -598 1307 -8096 872 -1045 186 2419 -16 -2654 -3932
-261 1891 1639 -1889 -1960 -1639 -1505 -5038 4003 -367 1650 -1380 -840 -262 -897 5005 1981 2807 -809 -94 -504 -1068 -436 -4569 3740 -1225 -1121 -611 1631 202 -2913 -1112 -99 -195 -314 -2092 1083 1287 -2555 15519 -1750 428 2990 328 381 -250 -1069 1020 -279 -9603 2980 1159 300 -422 -598 1307 -8096 872 -1045 186 2419 -16 -2654 -3932
-261 1891 1639 -1889 -1960 -1639 -1505 -5038 4003 -367 1650 -1380 -840 -262 -897 5005 1981 2807 -809 -94 -504 -1068 -436 -4569 3740 -1225 -1121 -611 1631 202 -2913 -1112 -99 -195 -314 -2092 1083 1287 -2555 15519 -1750 428 2990 328 381 -250 -1069 1020 -279 -9603 2980 1159 300 -422 -598 1307 -8096 872 -1045 186 2419 -16 -2654 -3932
-261 1891 1639 -1889 -1960 -1639 -1505 -5038 4003 -367 1650 -1380 -840 -262 -897 5005 1981 2807 -809 -94 -504 -1068 -436 -4569 3740 -1225 -1121 -611 1631 202 -2913 -1112 -99 -195 -314 -2092 1083 1287 -2555 15519 -1750 428 2990 328 381 -250 -1069 1020 -279 -9603 2980 1159 300 -422 -598 1307 -8096 872 -1045 186 2419 -16 -2654 -3932
-261 1891 1639 -1889 -1960 -1639 -1505 -5038 4003 -367 1650 -1380 -840 -262 -897 5005 1981 2807 -809 -94 -504 -1068 -436 -4569 3740 -1225 -1121 -611 1631 202 -2913 -1112 -99 -195 -314 -2092 1083 1287 -2555 15519 -1750 428 2990 328 381 -250 -1069 1020 -279 -9603 2980 1159 300 -422 -598 1307 -8096 872 -1045 186 2419 -16 -2654 -3932
-261 1891 1639 -1889 -1960 -1639 -1505 -5038 4003 -367 1650 -1380 -840 -262 -897 5005 1981 2807 -809 -94 -504 -1068 -436 -4569 3740 -1225 -1121 -611 1631 202 -2913 -1112 -99 -195 -314 -2092 1083 1287 -2555 15519 -1750 428 2990 328 381 -250 -1069 1020 -279 -9603 2980 1159 300 -422 -598 1307 -8096 872 -1045 186 2419 -16 -2654 -3932
-261 1891 1639 -1889 -1960 -1639 -1505 -5038 4003 -367 1650 -1380 -840 -262 -897 5005 1981 2807 -809 -94 -504 -1068 -436 -4569 3740 -1225 -1121 -611 1631 202 -2913 -1112 -99 -195 -314 -2092 1083 1287 -2555 15519 -1750 428 2990 328 381 -250 -1069 1020 -279 -9603 2980 1159 300 -422 -598 1307 -8096 872 -1045 186 2419 -16 -2654 -3932
-261 1891 1639 -1889 -1960 -1639 -1505 -5038 4003 -367 1650 -1380 -840 -262 -897 5005 1981 2807 -809 -94 -504 -1068 -436 -4569 3740 -1225 -1121 -611 1631 202 -2913 -1112 -99 -195 -314 -2092 1083 1287 -2555 15519 -1750 428 2990 328 381 -250 -1069 1020 -279 -9603 2980 1159 300 -422 -598 1307 -8096 872 -1045 186 2419 -16 -2654 -3932
-261 1891 1639 -1889 -1960 -1639 -1505 -5038 4003 -367 1650 -1380 -840 -262 -897 5005 1981 2807 -809 -94 -504 -1068 -436 -4569 3740 -1225 -1121 -611 1631 202 -2913 -1112 -99 -195 -314 -2092 1083 1287 -2555 15519 -1750 428 2990 328 381 -250 -1069 1020 -279 -9603 2980 1159 300 -422 -598 1307 -8096 872 -1045 186 2419 -16 -2654 -3932
-261 1891 1639 -1889 -1960 -1639 -1505 -5038 4003 -367 1650 -1380 -840 -262 -897 5005 1981 2807 -809 -94 -504 -1068 -436 -4569 3740 -1225 -1121 -611 1631 202 -2913 -1112 -99 -195 -314 -2092 1083 1287 -2555 15519 -1750 428 2990 328 381 -250 -1069 1020 -279 -9603 2980 1159 300 -422 -598 1307 -8096 872 -1045 186 2419 -16 -2654 -3932
-261 1891 1639 -1889 -1960 -1639 -1505 -5038 4003 -367 1650 -1380 -840 -262 -897 5005 1981 2807 -809 -94 -504 -1068 -436 -4569 3740 -1225 -1121 -611 1631 202 -2913 -1112 -99 -195 -314 -2092 1083 1287 -2555 15519 -1750 428 2990 328 381 -250 -1069 1020 -279 -9603 2980 1159 300 -422 -598 1307 -8096 872 -1045 186 2419 -16 -2654 -3932
-261 1891 1639 -1889 -1960 -1639 -1505 -5038 4003 -367 1650 -1380 -840 -262 -897 5005 1981 2807 -809 -94 -504 -1068 -436 -4569 3740 -1225 -1121 -611 1631 202 -2913 -1112 -99 -195 -314 -2092 1083 1287 -2555 15519 -1750 428 2990 328 381 -250 -1069 1020 -279 -9603 2980 1159 300 -422 -598 1307 -8096 872 -1045 186 2419 -16 -2654 -3932
-261 1891 1639 -1889 -1960 -1639 -1505 -5038 4003 -367 1650 -1380 -840 -262 -897 5005 1981 2807 -809 -94 -504 -1068 -436 -4569 3740 -1225 -1121 -611 1631 202 -2913 -1112 -99 -195 -314 -2092 1083 1287 -2555 15519 -1750 428 2990 328 381 -250 -1069 1020 -279 -9603 2980 1159 300 -422 -598 1307 -8096 872 -1045 186 2419 -16 -2654 -3932
-261 1891 1639 -1889 -1960 -1639 -1505 -5038 4003 -367 1650 -1380 -840 -262 -897 5005 1981 2807 -809 -94 -504 -1068 -436 -4569 3740 -1225 -1121 -611 1631 202 -2913 -1112 -99 -195 -314 -2092 1083 1287 -2555 15519 -1750 428 2990 328 381 -250 -1069 1020 -279 -9603 2980 1159 300 -422 -598 1307 -8096 872 -1045 186 2419 -16 -2654 -3932
-261 1891 1639 -1889 -1960 -1639 -1505 -5038 4003 -367 1650 -1380 -840 -262 -897 5005 1981 2807 -809 -94 -504 -1068 -436 -4569 3740 -1225 -1121 -611 1631 202 -2913 -1112 -99 -195 -314 -2092 1083 1287 -2555 15519 -1750 428 2990 328 381 -250 -1069 1020 -279 -9603 2980 1159 300 -422 -598 1307 -8096 872 -1045 186 2419 -16 -2654 -3932
-261 1891 1639 -1889 -1960 -1639 -1505 -5038 4003 -367 1650 -1380 -840 -262 -897 5005 1981 2807 -809 -94 -504 -1068 -436 -4569 3740 -1225 -1121 -611 1631 202 -2913 -1112 -99 -195 -314 -2092 1083 1287 -2555 15519 -1750 428 2990 328 381 -250 -1069 1020 -279 -9603 2980 1159 300 -422 -598 1307 -8096 872 -1045 186 2419 -16 -2654 -3932
-261 1891 1639 -1889 -1960 -1639 -1505 -5038 4003 -367 1650 -1380 -840 -262 -897 5005 1981 2807 -809 -94 -504 -1068 -436 -4569 3740 -1225 -1121 -611 1631 202 -2913 -1112 -99 -195 -314 -2092 1083 1287 -2555 15519 -1750 428 2990 328 381 -250 -1069 1020 -279 -9603 2980 1159 300 -422 -598 1307 -8096 872 -1045 186 2419 -16 -2654 -3932
-261 1891 1639 -1889 -1960 -1639 -1505 -5038 4003 -367 1650 -1380 -840 -262 -897 5005 1981 2807 -809 -94 -504 -1068 -436 -4569 3740 -1225 -1121 -611 1631 202 -2913 -1112 -99 -195 -314 -2092 1083 1287 -2555 15519 -1750 428 2990 328 381 -250 -1069 1020 -279 -9603 2980 1159 300 -422 -598 1307 -8096 872 -1045 186 2419 -16 -2654 -3932
-261 1891 1639 -1889 -1960 -1639 -1505 -5038 4003 -367 1650 -1380 -840 -262 -897 5005 1981 2807 -809 -94 -504 -1068 -436 -4569 3740 -1225 -1121 -611 1631 202 -2913 -1112 -99 -195 -314 -2092 1083 1287 -2555 15519 -1750 428 2990 328 381 -250 -1069 1020 -279 -9603 2980 1159 300 -422 -598 1307 -8096 872 -1045 186 2419 -16 -2654 -3932
-261 1891 1639 -1889 -1960 -1639 -1505 -5038 4003 -367 1650 -1380 -840 -262 -897 5005 1981 2807 -809 -94 -504 -1068 -436 -4569 3740 -1225 -1121 -611 1631 202 -2913 -1112 -99 -195 -314 -2092 1083 1287 -2555 15519 -1750 428 2990 328 381 -250 -1069 1020 -279 -9603 2980 1159 300 -422 -598 1307 -8096 872 -1045 186 2419 -16 -2654 -3932
-261 1891 1639 -1889 -1960 -1639 -1505 -5038 4003 -367 1650 -1380 -840 -262 -897 5005 1981 2807 -809 -94 -504 -1068 -436 -4569 3740 -1225 -1121 -611 1631 202 -2913 -1112 -99 -195 -314 -2092 1083 1287 -2555 15519 -1750 428 2990 328 381 -250 -1069 1020 -279 -9603 2980 1159 300 -422 -598 1307 -8096 872 -1045 186 2419 -16 -2654 -3932
-261 1891 1639 -1889 -1960 -1639 -1505 -5038 4003 -367 1650 -1380 -840 -262 -897 5005 1981 2807 -809 -94 -504 -1068 -436 -4569 3740 -1225 -1121 -611 1631 202 -2913 -1112 -99 -195 -314 -2092 1083 1287 -2555 15519 -1750 428 2990 328 381 -250 -1069 1020 -279 -9603 2980 1159 300 -422 -598 1307 -8096 872 -1045 186 2419 -16 -2654 -3932
-261 1891 1639 -1889 -1960 -1639 -1505 -5038 4003 -367 1650 -1380 -840 -262 -897 5005 1981 2807 -809 -94 -504 -1068 -436 -4569 3740 -1225 -1121 -611 1631 202 -2913 -1112 -99 -195 -314 -2092 1083 1287 -2555 15519 -1750 428 2990 328 381 -250 -1069 1020 -279 -9603 2980 1159 300 -422 -598 1307 -8096 872 -1045 186 2419 -16 -2654 -3932
-261 1891 1639 -1889 -1960 -1639 -1505 -5038 4003 -367 1650 -1380 -840 -262 -897 5005 1981 2807 -809 -94 -504 -1068 -436 -4569 3740 -1225 -1121 -611 1631 202 -2913 -1112 -99 -195 -314 -2092 1083 1287 -2555 15519 -1750 428 2990 328 381 -250 -1069 1020 -279 -9603 2980 1159 300 -422 -598 1307 -8096 872 -1045 186 2419 -16 -2654 -3932
-261 1891 1639 -1889 -1960 -1639 -1505 -5038 4003 -367 1650 -1380 -840 -262 -897 5005 1981 2807 -809 -94 -504 -1068 -436 -4569 3740 -1225 -1121 -611 1631 202 -2913 -1112 -99 -195 -314 -2092 1083 1287 -2555 15519 -1750 428 2990 328 381 -250 -1069 1020 -279 -9603 2980 1159 300 -422 -598 1307 -8096 872 -1045 186 2419 -16 -2654 -3932
-261 1891 1639 -1889 -1960 -1639 -1505 -5038 4003 -367 1650 -1380 -840 -262 -897 5005 1981 2807 -809 -94 -504 -1068 -436 -4569 3740 -1225 -1121 -611 1631 202 -2913 -1112 -99 -195 -314 -2092 1083 1287 -2555 15519 -1750 428 2990 328 381 -250 -1069 1020 -279 -9603 2980 1159 300 -422 -598 1307 -8096 872 -1045 186 2419 -16 -2654 -3932
-261 1891 1639 -1889 -1960 -1639 -1505 -5038 4003 -367 1650 -1380 -840 -262 -897 5005 1981 2807 -809 -94 -504 -1068 -436 -4569 3740 -1225 -1121 -611 1631 202 -2913 -1112 -99 -195 -314 -2092 1083 1287 -2555 15519 -1750 428 2990 328 381 -250 -1069 1020 -279 -9603 2980 1159 300 -422 -598 1307 -8096 872 -1045 186 2419 -16 -2654 -3932
-261 1891 1639 -1889 -1960 -1639 -1505 -5038 4003 -367 1650 -1380 -840 -262 -897 5005 1981 2807 -809 -94 -504 -1068 -436 -4569 3740 -1225 -1121 -611 1631 202 -2913 -1112 -99 -195 -314 -2092 1083 1287 -2555 15519 -1750 428 2990 328 381 -250 -1069 1020 -279 -9603 2980 1159 300 -422 -598 1307 -8096 872 -1045 186 2419 -16 -2654 -3932
-261 1891 1639 -1889 -1960 -1639 -1505 -5038 4003 -367 1650 -1380 -840 -262 -897 5005 1981 2807 -809 -94 -504 -1068 -436 -4569 3740 -1225 -1121 -611 1631 202 -2913 -1112 -99 -195 -314 -2092 1083 1287 -2555 15519 -1750 428 2990 328 381 -250 -1069 1020 -279 -9603 2980 1159 300 -422 -598 1307 -8096 872 -1045 186 2419 -16 -2654 -3932
-261 1891 1639 -1889 -1960 -1639 -1505 -5038 4003 -367 1650 -1380 -840 -262 -897 5005 1981 2807 -809 -94 -504 -1068 -436 -4569 3740 -1225 -1121 -611 1631 202 -2913 -1112 -99 -195 -314 -2092 1083 1287 -2555 15519 -1750 428 2990 328 381 -250 -1069 1020 -279 -9603 2980 1159 300 -422 -598 1307 -8096 872 -1045 186 2419 -16 -2654 -3932
-261 1891 1639 -1889 -1960 -1639 -1505 -5038 4003 -367 1650 -1380 -840 -262 -897 5005 1981 2807 -809 -94 -504 -1068 -436 -4569 3740 -1225 -1121 -611 1631 202 -2913 -1112 -99 -195 -314 -2092 1083 1287 -2555 15519 -1750 428 2990 328 381 -250 -1069 1020 -279 -9603 2980 1159 300 -422 -598 1307 -8096 872 -1045 186 2419 -16 -2654 -3932
-261 1891 1639 -1889 -1960 -1639 -1505 -5038 4003 -367 1650 -1380 -840 -262 -897 5005 1981 2807 -809 -94 -504 -1068 -436 -4569 3740 -1225 -1121 -611 1631 202 -2913 -1112 -99 -195 -314 -2092 1083 1287 -2555 15519 -1750 428 2990 328 381 -250 -1069 1020 -279 -9603 2980 1159 300 -422 -598 1307 -8096 872 -1045 186 2419 -16 -2654 -3932
-261 1891 1639 -1889 -1960 -1639 -1505 -5038 4003 -367 1650 -1380 -840 -262 -897 5005 1981 2807 -809 -94 -504 -1068 -436 -4569 3740 -1225 -1121 -611 1631 202 -2913 -1112 -99 -195 -314 -2092 1083 1287 -2555 15519 -1750 428 2990 328 381 -250 -1069 1020 -279 -9603 2980 1159 300 -422 -598 1307 -8096 872 -1045 186 2419 -16 -2654 -3932
-261 1891 1639 -1889 -1960 -1639 -1505 -5038 4003 -367 1650 -1380 -840 -262 -897 5005 1981 2807 -809 -94 -504 -1068 -436 -4569 3740 -1225 -1121 -611 1631 202 -2913 -1112 -99 -195 -314 -2092 1083 1287 -2555 15519 -1750 428 2990 328 381 -250 -1069 1020 -279 -9603 2980 1159 300 -422 -598 1307 -8096 872 -1045 186 2419 -16 -2654 -3932
-261 1891 1639 -1889 -1960 -1639 -1505 -5038 4003 -367 1650 -1380 -840 -262 -897 5005 1981 2807 -809 -94 -504 -1068 -436 -4569 3740 -1225 -1121 -611 1631 202 -2913 -1112 -99 -195 -314 -2092 1083 1287 -2555 15519 -1750 428 2990 328 381 -250 -1069 1020 -279 -9603 2980 1159 300 -422 -598 1307 -8096 872 -1045 186 2419 -16 -2654 -3932
-261 1891 1639 -1889 -1960 -1639 -1505 -5038 4003 -367 1650 -1380 -840 -262 -897 5005 1981 2807 -809 -94 -504 -1068 -436 -4569 3740 -1225 -1121 -611 1631 202 -2913 -1112 -99 -195 -314 -2092 1083 1287 -2555 15519 -1750 428 2990 328 381 -250 -1069 1020 -279 -9603 2980 1159 300 -422 -598 1307 -8096 872 -1045 186 2419 -16 -2654 -3932
-261 1891 1639 -1889 -1960 -1639 -1505 -5038 4003 -367 1650 -1380 -840 -262 -897 5005 1981 2807 -809 -94 -504 -1068 -436 -4569 3740 -1225 -1121 -611 1631 202 -2913 -1112 -99 -195 -314 -2092 1083 1287 -2555 15519 -1750 428 2990 328 381 -250 -1069 1020 -279 -9603 2980 1159 300 -422 -598 1307 -8096 872 -1045 186 2419 -16 -2654 -3932
-261 1891 1639 -1889 -1960 -1639 -1505 -5038 4003 -367 1650 -1380 -840 -262 -897 5005 1981 2807 -809 -94 -504 -1068 -436 -4569 3740 -1225 -1121 -611 1631 202 -2913 -1112 -99 -195 -314 -2092 1083 1287 -2555 15519 -1750 428 2990 328 381 -250 -1069 1020 -279 -9603 2980 1159 300 -422 -598 1307 -8096 872 -1045 186 2419 -16 -2654 -3932
-261 1891 1639 -1889 -1960 -1639 -1505 -5038 4003 -367 1650 -1380 -840 -262 -897 5005 1981 2807 -809 -94 -504 -1068 -436 -4569 3740 -1225 -1121 -611 1631 202 -2913 -1112 -99 -195 -314 -2092 1083 1287 -2555 15519 -1750 428 2990 328 381 -250 -1069 1020 -279 -9603 2980 1159 300 -422 -598 1307 -8096 872 -1045 186 2419 -16 -2654 -3932
-261 1891 1639 -1889 -1960 -1639 -1505 -5038 4003 -367 1650 -1380 -840 -262 -897 5005 1981 2807 -809 -94 -504 -1068 -436 -4569 3740 -1225 -1121 -611 1631 202 -2913 -1112 -99 -195 -314 -2092 1083 1287 -2555 15519 -1750 428 2990 328 381 -250 -1069 1020 -279 -9603 2980 1159 300 -422 -598 1307 -8096 872 -1045 186 2419 -16 -2654 -3932
-261 1891 1639 -1889 -1960 -1639 -1505 -5038 4003 -367 1650 -1380 -840 -262 -897 5005 1981 2807 -809 -94 -504 -1068 -436 -4569 3740 -1225 -1121 -611 1631 202 -2913 -1112 -99 -195 -314 -2092 1083 1287 -2555 15519 -1750 428 2990 328 381 -250 -1069 1020 -279 -9603 2980 1159 300 -422 -598 1307 -8096 872 -1045 186 2419 -16 -2654 -3932
-261 1891 1639 -1889 -1960 -1639 -1505 -5038 4003 -367 1650 -1380 -840 -262 -897 5005 1981 2807 -809 -94 -504 -1068 -436 -4569 3740 -1225 -1121 -611 1631 202 -2913 -1112 -99 -195 -314 -2092 1083 1287 -2555 15519 -1750 428 2990 328 381 -250 -1069 1020 -279 -9603 2980 1159 300 -422 -598 1307 -8096 872 -1045 186 2419 -16 -2654 -3932
-261 1891 1639 -1889 -1960 -1639 -1505 -5038 4003 -367 1650 -1380 -840 -262 -897 5005 1981 2807 -809 -94 -504 -1068 -436 -4569 3740 -1225 -1121 -611 1631 202 -2913 -1112 -99 -195 -314 -2092 1083 1287 -2555 15519 -1750 428 2990 328 381 -250 -1069 1020 -279 -9603 2980 1159 300 -422 -598 1307 -8096 872 -1045 186 2419 -16 -2654 -3932
-261 1891 1639 -1889 -1960 -1639 -1505 -5038 4003 -367 1650 -1380 -840 -262 -897 5005 1981 2807 -809 -94 -504 -1068 -436 -4569 3740 -1225 -1121 -611 1631 202 -2913 -1112 -99 -195 -314 -2092 1083 1287 -2555 15519 -1750 428 2990 328 381 -250 -1069 1020 -279 -9603 2980 1159 300 -422 -598 1307 -8096 872 -1045 186 2419 -16 -2654 -3932
