4 2 2 3 0 1 2 1 1 1 -4 0 2 2 -1 1 1 5 8 -3 0 -4 -3 -2 -1 -4 1 4 -4 3 0 0 3 5 -3 -1 -1 -6 3 0 0 -1 0 -1 2 2 -1 -6 -1 0 5 -2 -2 -10 3 -6 -3 -3 -1 6 -4 -5 -9 4
15 24 8 18 9 10 1 -12 1 13 4 5 -9 7 -12 4 -9 -2 11 14 10 -8 13 17 7 12 9 -43 21 -4 -5 -6 -5 0 -3 1 9 4 8 -6 -21 -18 -14 7 -30 7 16 -11 -1 -16 27 -24 -11 -2 -2 14 1 8 -4 -3 -8 1 3 -14
0 30 1 2 -8 -5 -8 -18 -26 22 7 1 -16 13 -8 -10 -6 -6 15 -22 15 27 -8 5 -3 -6 3 -11 1 13 -10 -2 -13 -7 0 4 23 10 10 -30 10 -22 -10 13 3 -4 -19 -35 5 10 18 -22 -14 0 -13 16 4 9 -8 -12 -21 -3 33 -18
4 -5 9 7 -6 0 -8 -19 -23 0 5 -5 -11 10 -1 -14 2 3 -18 -12 -2 8 11 -6 -4 5 11 -4 -19 17 -19 11 -15 -2 13 8 2 7 15 -17 28 -15 -8 18 15 7 -17 -27 9 15 17 -3 13 -3 24 -6 -8 6 3 -10 8 4 -3 -2
-20 0 -9 -7 5 20 0 -1 -15 -18 7 -22 -12 5 0 2 1 -16 6 -7 20 1 -4 27 -12 -13 -1 -36 1 4 -5 9 11 11 22 -7 -3 19 -8 -6 12 9 -3 17 5 20 14 6 14 -4 9 -8 15 -2 15 -8 -18 -2 -5 -2 11 12 -5 -13
-19 20 -11 8 4 8 -1 -3 -9 -15 2 -8 -5 9 3 2 -18 -26 18 10 13 3 9 12 -20 -2 -7 -19 11 -13 -5 25 3 2 10 -11 -6 10 -16 2 22 -5 12 1 0 14 -3 10 27 -8 10 -1 24 -1 6 -6 -16 11 -7 -9 4 10 4 -12
-10 25 -10 1 2 20 4 1 -6 -5 1 -3 -7 16 -1 -9 -15 -19 -2 1 -7 7 -3 -2 -5 2 -6 -23 4 0 -26 8 1 12 12 3 -17 6 10 -3 1 -5 17 7 14 -9 1 -2 -1 -12 4 -1 6 -13 23 8 -17 3 0 -22 10 3 1 -2
17 9 5 -18 -7 12 1 14 -11 -19 -3 -6 2 8 15 2 -11 -5 -14 11 6 15 3 -1 -5 -6 -2 -22 1 -13 -7 14 -3 7 11 5 -1 29 18 2 5 -10 12 -1 13 6 -9 -14 -34 2 -7 -18 19 0 16 1 -6 10 17 -4 9 -5 9 -3
-11 -6 -3 12 -22 -5 10 0 -17 7 28 -5 -1 -20 32 -6 -20 -17 1 4 5 1 20 -30 -13 5 -14 3 18 -11 -14 -6 14 12 3 -1 -7 3 3 -9 -2 15 -19 -22 1 7 -24 -24 -15 -8 -3 -12 -2 -6 7 4 -2 -20 1 -3 -14 3 -9 9
1 12 -8 2 8 -6 16 -1 4 4 -6 1 -2 6 0 -10 -11 0 -3 -11 0 -3 13 -4 -17 -6 15 1 15 -6 -9 -5 16 19 5 10 -14 9 36 14 -14 10 -13 -2 -4 2 11 5 -17 5 -11 8 -11 -9 25 1 -2 -11 0 5 11 10 20 -4
-25 -1 -33 11 -10 -8 12 12 -6 4 29 13 -13 -16 19 3 -18 -11 4 -3 5 -7 24 -51 -7 4 5 6 20 -16 -4 -15 22 16 12 -2 -19 8 -1 -21 4 8 -16 -23 1 24 -15 -19 -16 -8 -14 3 -21 -8 20 5 0 -16 7 2 -17 -1 -1 14
-9 -13 -22 4 -17 2 -1 9 12 15 15 -4 2 -27 7 1 13 -16 -11 -11 -16 15 35 1 15 12 12 -14 5 -11 19 3 35 16 15 3 11 11 -7 2 0 -4 -19 1 4 -5 -4 11 -16 -19 7 5 -11 -10 2 -29 -1 -17 13 -20 -15 -22 -1 -4
16 -7 2 25 -10 -4 0 16 -5 9 -8 -6 7 -6 13 7 9 8 -12 13 -16 16 25 1 -13 12 12 5 -3 9 -8 14 17 16 -14 25 7 7 4 -13 4 -5 -13 11 7 24 7 11 3 0 8 -11 6 9 27 -18 -16 -3 -1 -11 12 6 -9 6
17 24 20 22 -17 7 18 13 -8 -11 2 -13 -13 -1 -1 14 -6 -5 -11 7 -11 16 16 13 -17 -17 -24 -6 -5 -13 -7 17 21 12 -26 11 -6 14 16 2 -4 -8 -22 0 -2 17 8 -11 3 -10 5 -13 2 -7 -11 12 -11 7 -4 -16 21 -11 -6 4
2 17 6 24 2 -25 22 16 15 1 -20 5 4 7 4 2 -10 14 -1 -25 -2 -13 27 -10 -23 -27 -2 -15 22 26 -8 -7 44 2 -3 24 6 -4 49 8 -17 0 -16 10 -11 -9 9 9 37 -14 -23 5 -3 -5 43 -21 -31 8 -16 28 9 6 25 -32
6 11 0 0 -6 -20 17 2 7 -3 -12 20 14 14 2 -13 -14 14 1 -13 -2 -1 26 -9 -1 -22 -31 -14 11 16 1 2 41 -3 -14 3 10 -6 44 18 0 -7 -52 4 7 7 -12 1 19 -9 -15 4 -12 7 47 -17 -34 8 5 19 1 12 11 -20
-10 18 -5 -1 -15 3 34 -5 4 3 -10 -16 -3 23 -5 3 2 2 -7 -16 10 -5 15 -8 -31 -5 -1 -13 -5 -20 4 9 28 -13 9 -13 2 5 10 0 8 -18 -27 5 -11 -5 9 2 27 2 11 -14 13 -7 -8 9 15 24 -6 -23 11 9 -14 1
-21 23 5 -5 -19 -4 14 -30 23 13 -19 -7 3 14 -2 -2 -13 4 3 -15 14 22 23 1 -4 -15 4 -20 2 -10 -12 0 29 7 18 -11 10 12 -10 -3 9 -25 -14 1 12 -6 -4 6 24 -13 1 -3 7 2 8 10 7 9 19 2 20 3 -3 -8
-3 14 -17 -17 -4 -11 34 -13 11 25 -13 2 -1 22 -13 -9 3 -3 13 -9 -5 -21 17 -18 -21 -3 -4 -14 -9 -9 0 6 35 4 5 -14 10 9 -1 2 8 -19 -18 -6 4 6 -10 7 21 -12 -1 0 24 -3 -1 14 2 34 -6 -20 33 -3 5 -4
-10 10 2 -8 -4 5 28 9 -3 5 13 -11 18 7 -12 5 -4 -20 -13 8 9 16 8 1 -5 -10 -4 -13 12 0 -17 2 36 -3 9 -11 3 12 1 12 23 -21 3 13 -3 -21 4 -3 7 -1 3 -6 -2 -7 16 -5 -5 16 0 -24 0 0 1 7
11 18 -3 -3 -9 17 47 11 -3 2 -11 12 -5 6 7 1 -16 -11 -13 24 1 -4 17 -13 2 -6 -7 -16 17 -20 -32 2 19 10 2 -11 11 10 0 -4 8 -34 -6 -11 -1 -11 0 1 -23 8 -4 -21 23 3 -9 -12 -5 15 10 -8 27 -20 -14 12
-1 13 24 12 -3 6 28 -22 -5 1 -2 2 -8 12 16 5 -2 13 15 12 -11 13 2 8 -3 -7 4 -4 -5 3 -14 17 6 13 -20 -4 24 1 -1 -22 -12 -6 12 13 1 -4 4 -20 -21 4 -16 -12 -1 0 -4 -13 3 0 -9 -7 8 5 -1 10
9 5 5 -6 -9 6 4 3 7 -8 1 -13 -3 12 -1 4 7 16 6 -13 -4 -8 3 2 -6 -10 3 -23 6 4 -7 1 -21 -3 -10 2 14 -1 -2 -12 -4 -1 -7 -8 -8 -4 11 -5 -12 -2 -18 -3 0 3 7 -9 -3 -20 2 -6 1 -6 -5 -8
7 11 10 -17 -13 18 -10 -1 -2 -4 3 -1 -15 -12 -20 -1 -5 11 3 4 0 -13 17 -1 -25 -14 24 -4 -5 -6 -7 1 -2 -10 -9 -11 -7 -8 -2 -5 10 13 6 12 2 -3 4 28 -18 -8 -15 4 3 -10 18 -2 -23 -8 -7 4 -20 -8 8 -8
6 12 23 -13 12 -1 9 -23 1 19 11 0 -17 -2 1 16 -9 -5 8 1 -5 12 8 -1 -30 -6 2 2 0 12 -2 19 -16 12 -15 -28 7 -15 -1 -16 -10 -13 4 5 1 4 -25 -31 9 -13 4 0 9 -7 19 4 -19 9 -7 2 -4 8 21 -13
4 -4 12 11 -3 -4 -11 -21 -8 9 -2 4 -7 2 -1 0 9 4 -24 2 6 10 14 -13 -5 10 15 -4 -16 19 -9 11 -14 5 14 2 8 -7 14 -21 13 -16 -6 8 7 16 -22 -15 8 4 17 4 9 -5 22 -5 -24 -4 8 -2 -1 4 -6 -1
-32 1 0 -4 3 15 -2 -5 -20 -27 14 -24 -10 6 2 2 -1 -13 3 -9 27 2 -7 30 -22 -4 -1 -34 6 0 -9 7 9 12 19 -11 6 19 -9 -4 10 10 -5 17 8 25 11 -6 17 -4 11 -12 19 -2 15 -9 -22 4 -18 -5 7 14 -1 -16
-25 16 -21 1 5 5 3 -7 -10 -14 2 -13 -9 18 5 -2 -15 -28 21 7 17 9 17 2 -27 0 -7 -30 19 -12 -7 20 13 -4 12 -3 12 10 -17 -2 22 -7 9 4 -6 22 -11 14 30 -9 9 1 33 -22 11 -10 -20 17 -16 -11 6 16 9 -17
-17 31 -10 0 2 27 16 -14 -8 -8 0 -19 -13 14 10 -7 -18 -14 -9 5 0 23 1 2 -12 11 -6 -24 8 2 -21 8 6 12 13 -3 -9 4 11 -3 -1 -13 16 6 5 1 -4 -1 -1 -13 10 2 26 -20 19 10 -22 7 -2 -21 20 8 14 -11
13 3 0 -14 -9 15 5 17 -4 -11 7 -11 2 8 15 9 -8 0 -15 16 8 20 6 9 -5 -7 4 -18 2 -9 -5 11 1 10 16 4 -2 22 11 -8 4 -15 6 2 8 3 -4 -16 -29 10 -11 -22 11 0 15 5 -12 10 10 -3 -2 -5 15 -7
-8 -10 -13 17 -15 -1 7 5 -11 2 17 -2 -9 -9 19 -9 -19 -15 0 0 2 4 30 -30 1 4 2 4 13 -2 -12 -3 15 10 10 -7 -10 -1 4 -9 0 6 -15 -18 -3 12 -13 -16 -16 -13 2 -13 -2 -10 -2 7 -4 -17 12 -14 -10 -3 -7 10
-28 -8 -44 14 -4 -3 15 23 -20 3 21 4 -22 -21 20 -1 -31 -16 2 -3 9 -13 29 -60 -17 11 15 21 13 -15 -12 -5 25 15 24 -13 -21 -1 3 -16 -6 15 -9 -26 -19 23 -11 -10 -16 -18 -3 -2 -24 1 4 13 2 -24 5 -4 -19 -3 -1 19
-8 -13 -14 7 -24 6 3 -2 7 15 22 -1 -8 -32 8 -12 8 -20 -8 -2 -17 14 33 9 18 11 6 -7 -7 -4 11 2 26 18 16 -2 6 4 -5 -1 -11 -8 -17 -9 -2 -1 -3 0 -10 -20 14 -3 -13 -7 -13 -21 -3 -14 8 -19 -16 -25 9 -9
12 5 5 5 8 -5 13 10 -3 14 4 7 24 1 12 -12 -16 13 2 4 -4 2 33 4 -12 4 -16 0 -5 19 16 13 16 -4 -8 0 17 -14 21 4 8 -14 -15 -4 -5 12 -17 10 14 -16 -1 5 -3 2 1 6 -24 0 2 19 21 -14 5 -15
-8 15 -13 -14 -9 4 33 -4 4 -6 -8 -14 -7 26 1 -8 -5 5 -9 -19 13 -9 13 -7 -26 6 -2 -9 -12 -13 8 9 19 -14 13 -20 8 5 3 -4 2 -16 -37 5 -10 6 4 0 31 1 14 -2 20 -7 -4 21 23 15 -7 -23 12 2 -10 -1
-14 14 1 -4 -22 -7 8 -21 14 7 -18 -17 2 11 -6 0 -14 -1 3 -10 15 13 16 3 -4 -4 10 -26 1 -6 -2 5 7 -2 20 -8 13 5 -14 -2 0 -23 -16 -8 8 9 -3 5 34 -9 -3 0 5 9 -2 3 9 19 20 1 9 0 0 -4
-12 5 -19 -24 -1 -9 27 -8 5 22 -6 -4 -2 19 -8 -9 3 -4 14 -13 -1 -18 15 -20 -25 3 1 -7 -16 -2 5 2 22 2 8 -15 13 2 -1 3 11 -14 -30 -1 -2 11 -8 3 31 -9 2 0 31 -4 0 24 4 21 -8 -22 29 -3 15 -7
-14 10 -2 -15 -2 11 33 16 -5 3 10 -20 23 7 -15 3 -5 -11 -12 9 7 10 10 1 -5 -6 -1 -8 8 4 -12 4 31 -7 2 -11 3 2 -1 12 21 -19 -4 13 -4 -21 -2 -6 6 -6 8 -10 1 -8 16 0 -2 17 -9 -25 -1 0 5 5
4 13 -12 -8 -4 15 41 15 -6 -2 -12 6 -10 5 6 -1 -17 -16 -9 21 2 -3 18 -2 4 1 -2 -18 12 -14 -25 -6 16 0 3 -5 7 10 3 -5 -1 -31 -10 -12 -12 -6 2 -4 -17 -2 2 -21 25 5 -11 -6 -9 14 2 -2 22 -20 -7 6
-8 13 17 6 -4 8 26 -9 1 3 -1 9 -8 11 19 5 -2 12 15 19 -14 6 11 3 3 -4 14 6 -12 8 -7 20 -2 12 -22 7 25 -7 -8 -26 -10 -7 6 13 -9 8 12 -18 -19 1 -10 -7 3 -2 -13 -1 6 10 -7 -5 5 6 1 2
4 -13 -2 -23 10 -3 18 13 5 0 11 -24 0 5 6 3 1 11 -3 -15 -5 -7 7 5 -5 -7 13 -25 -3 14 -3 1 -34 -8 1 9 23 -21 -2 -5 -3 8 -6 -1 -6 3 15 -14 -11 -7 -8 5 -2 1 -8 11 -10 -18 5 -4 1 -11 -4 -3
-6 11 14 0 -4 7 -3 16 -3 -2 5 5 5 7 -5 -2 2 2 -2 -2 7 3 -2 7 18 0 3 6 -9 -4 -5 -5 -20 -6 12 -16 -11 6 -14 -1 1 -12 -3 -7 7 3 7 -2 6 -2 4 -13 1 -8 1 1 -3 -2 1 -13 2 12 -2 -2
-6 11 14 0 -4 7 -3 16 -3 -2 5 5 5 7 -5 -2 2 2 -2 -2 7 3 -2 7 18 0 3 6 -9 -4 -5 -5 -20 -6 12 -16 -11 6 -14 -1 1 -12 -3 -7 7 3 7 -2 6 -2 4 -13 1 -8 1 1 -3 -2 1 -13 2 12 -2 -2
-6 11 14 0 -4 7 -3 16 -3 -2 5 5 5 7 -5 -2 2 2 -2 -2 7 3 -2 7 18 0 3 6 -9 -4 -5 -5 -20 -6 12 -16 -11 6 -14 -1 1 -12 -3 -7 7 3 7 -2 6 -2 4 -13 1 -8 1 1 -3 -2 1 -13 2 12 -2 -2
-6 11 14 0 -4 7 -3 16 -3 -2 5 5 5 7 -5 -2 2 2 -2 -2 7 3 -2 7 18 0 3 6 -9 -4 -5 -5 -20 -6 12 -16 -11 6 -14 -1 1 -12 -3 -7 7 3 7 -2 6 -2 4 -13 1 -8 1 1 -3 -2 1 -13 2 12 -2 -2
-6 11 14 0 -4 7 -3 16 -3 -2 5 5 5 7 -5 -2 2 2 -2 -2 7 3 -2 7 18 0 3 6 -9 -4 -5 -5 -20 -6 12 -16 -11 6 -14 -1 1 -12 -3 -7 7 3 7 -2 6 -2 4 -13 1 -8 1 1 -3 -2 1 -13 2 12 -2 -2
-6 11 14 0 -4 7 -3 16 -3 -2 5 5 5 7 -5 -2 2 2 -2 -2 7 3 -2 7 18 0 3 6 -9 -4 -5 -5 -20 -6 12 -16 -11 6 -14 -1 1 -12 -3 -7 7 3 7 -2 6 -2 4 -13 1 -8 1 1 -3 -2 1 -13 2 12 -2 -2
-6 11 14 0 -4 7 -3 16 -3 -2 5 5 5 7 -5 -2 2 2 -2 -2 7 3 -2 7 18 0 3 6 -9 -4 -5 -5 -20 -6 12 -16 -11 6 -14 -1 1 -12 -3 -7 7 3 7 -2 6 -2 4 -13 1 -8 1 1 -3 -2 1 -13 2 12 -2 -2
-6 11 14 0 -4 7 -3 16 -3 -2 5 5 5 7 -5 -2 2 2 -2 -2 7 3 -2 7 18 0 3 6 -9 -4 -5 -5 -20 -6 12 -16 -11 6 -14 -1 1 -12 -3 -7 7 3 7 -2 6 -2 4 -13 1 -8 1 1 -3 -2 1 -13 2 12 -2 -2
-6 11 14 0 -4 7 -3 16 -3 -2 5 5 5 7 -5 -2 2 2 -2 -2 7 3 -2 7 18 0 3 6 -9 -4 -5 -5 -20 -6 12 -16 -11 6 -14 -1 1 -12 -3 -7 7 3 7 -2 6 -2 4 -13 1 -8 1 1 -3 -2 1 -13 2 12 -2 -2
-6 11 14 0 -4 7 -3 16 -3 -2 5 5 5 7 -5 -2 2 2 -2 -2 7 3 -2 7 18 0 3 6 -9 -4 -5 -5 -20 -6 12 -16 -11 6 -14 -1 1 -12 -3 -7 7 3 7 -2 6 -2 4 -13 1 -8 1 1 -3 -2 1 -13 2 12 -2 -2
-6 11 14 0 -4 7 -3 16 -3 -2 5 5 5 7 -5 -2 2 2 -2 -2 7 3 -2 7 18 0 3 6 -9 -4 -5 -5 -20 -6 12 -16 -11 6 -14 -1 1 -12 -3 -7 7 3 7 -2 6 -2 4 -13 1 -8 1 1 -3 -2 1 -13 2 12 -2 -2
-6 11 14 0 -4 7 -3 16 -3 -2 5 5 5 7 -5 -2 2 2 -2 -2 7 3 -2 7 18 0 3 6 -9 -4 -5 -5 -20 -6 12 -16 -11 6 -14 -1 1 -12 -3 -7 7 3 7 -2 6 -2 4 -13 1 -8 1 1 -3 -2 1 -13 2 12 -2 -2
-6 11 14 0 -4 7 -3 16 -3 -2 5 5 5 7 -5 -2 2 2 -2 -2 7 3 -2 7 18 0 3 6 -9 -4 -5 -5 -20 -6 12 -16 -11 6 -14 -1 1 -12 -3 -7 7 3 7 -2 6 -2 4 -13 1 -8 1 1 -3 -2 1 -13 2 12 -2 -2
-6 11 14 0 -4 7 -3 16 -3 -2 5 5 5 7 -5 -2 2 2 -2 -2 7 3 -2 7 18 0 3 6 -9 -4 -5 -5 -20 -6 12 -16 -11 6 -14 -1 1 -12 -3 -7 7 3 7 -2 6 -2 4 -13 1 -8 1 1 -3 -2 1 -13 2 12 -2 -2
-6 11 14 0 -4 7 -3 16 -3 -2 5 5 5 7 -5 -2 2 2 -2 -2 7 3 -2 7 18 0 3 6 -9 -4 -5 -5 -20 -6 12 -16 -11 6 -14 -1 1 -12 -3 -7 7 3 7 -2 6 -2 4 -13 1 -8 1 1 -3 -2 1 -13 2 12 -2 -2
-6 11 14 0 -4 7 -3 16 -3 -2 5 5 5 7 -5 -2 2 2 -2 -2 7 3 -2 7 18 0 3 6 -9 -4 -5 -5 -20 -6 12 -16 -11 6 -14 -1 1 -12 -3 -7 7 3 7 -2 6 -2 4 -13 1 -8 1 1 -3 -2 1 -13 2 12 -2 -2
-6 11 14 0 -4 7 -3 16 -3 -2 5 5 5 7 -5 -2 2 2 -2 -2 7 3 -2 7 18 0 3 6 -9 -4 -5 -5 -20 -6 12 -16 -11 6 -14 -1 1 -12 -3 -7 7 3 7 -2 6 -2 4 -13 1 -8 1 1 -3 -2 1 -13 2 12 -2 -2
-6 11 14 0 -4 7 -3 16 -3 -2 5 5 5 7 -5 -2 2 2 -2 -2 7 3 -2 7 18 0 3 6 -9 -4 -5 -5 -20 -6 12 -16 -11 6 -14 -1 1 -12 -3 -7 7 3 7 -2 6 -2 4 -13 1 -8 1 1 -3 -2 1 -13 2 12 -2 -2
-6 11 14 0 -4 7 -3 16 -3 -2 5 5 5 7 -5 -2 2 2 -2 -2 7 3 -2 7 18 0 3 6 -9 -4 -5 -5 -20 -6 12 -16 -11 6 -14 -1 1 -12 -3 -7 7 3 7 -2 6 -2 4 -13 1 -8 1 1 -3 -2 1 -13 2 12 -2 -2
-6 11 14 0 -4 7 -3 16 -3 -2 5 5 5 7 -5 -2 2 2 -2 -2 7 3 -2 7 18 0 3 6 -9 -4 -5 -5 -20 -6 12 -16 -11 6 -14 -1 1 -12 -3 -7 7 3 7 -2 6 -2 4 -13 1 -8 1 1 -3 -2 1 -13 2 12 -2 -2
-6 11 14 0 -4 7 -3 16 -3 -2 5 5 5 7 -5 -2 2 2 -2 -2 7 3 -2 7 18 0 3 6 -9 -4 -5 -5 -20 -6 12 -16 -11 6 -14 -1 1 -12 -3 -7 7 3 7 -2 6 -2 4 -13 1 -8 1 1 -3 -2 1 -13 2 12 -2 -2
-6 11 14 0 -4 7 -3 16 -3 -2 5 5 5 7 -5 -2 2 2 -2 -2 7 3 -2 7 18 0 3 6 -9 -4 -5 -5 -20 -6 12 -16 -11 6 -14 -1 1 -12 -3 -7 7 3 7 -2 6 -2 4 -13 1 -8 1 1 -3 -2 1 -13 2 12 -2 -2
-6 11 14 0 -4 7 -3 16 -3 -2 5 5 5 7 -5 -2 2 2 -2 -2 7 3 -2 7 18 0 3 6 -9 -4 -5 -5 -20 -6 12 -16 -11 6 -14 -1 1 -12 -3 -7 7 3 7 -2 6 -2 4 -13 1 -8 1 1 -3 -2 1 -13 2 12 -2 -2
-6 11 14 0 -4 7 -3 16 -3 -2 5 5 5 7 -5 -2 2 2 -2 -2 7 3 -2 7 18 0 3 6 -9 -4 -5 -5 -20 -6 12 -16 -11 6 -14 -1 1 -12 -3 -7 7 3 7 -2 6 -2 4 -13 1 -8 1 1 -3 -2 1 -13 2 12 -2 -2
-6 11 14 0 -4 7 -3 16 -3 -2 5 5 5 7 -5 -2 2 2 -2 -2 7 3 -2 7 18 0 3 6 -9 -4 -5 -5 -20 -6 12 -16 -11 6 -14 -1 1 -12 -3 -7 7 3 7 -2 6 -2 4 -13 1 -8 1 1 -3 -2 1 -13 2 12 -2 -2
-6 11 14 0 -4 7 -3 16 -3 -2 5 5 5 7 -5 -2 2 2 -2 -2 7 3 -2 7 18 0 3 6 -9 -4 -5 -5 -20 -6 12 -16 -11 6 -14 -1 1 -12 -3 -7 7 3 7 -2 6 -2 4 -13 1 -8 1 1 -3 -2 1 -13 2 12 -2 -2
-6 11 14 0 -4 7 -3 16 -3 -2 5 5 5 7 -5 -2 2 2 -2 -2 7 3 -2 7 18 0 3 6 -9 -4 -5 -5 -20 -6 12 -16 -11 6 -14 -1 1 -12 -3 -7 7 3 7 -2 6 -2 4 -13 1 -8 1 1 -3 -2 1 -13 2 12 -2 -2
-6 11 14 0 -4 7 -3 16 -3 -2 5 5 5 7 -5 -2 2 2 -2 -2 7 3 -2 7 18 0 3 6 -9 -4 -5 -5 -20 -6 12 -16 -11 6 -14 -1 1 -12 -3 -7 7 3 7 -2 6 -2 4 -13 1 -8 1 1 -3 -2 1 -13 2 12 -2 -2
-6 11 14 0 -4 7 -3 16 -3 -2 5 5 5 7 -5 -2 2 2 -2 -2 7 3 -2 7 18 0 3 6 -9 -4 -5 -5 -20 -6 12 -16 -11 6 -14 -1 1 -12 -3 -7 7 3 7 -2 6 -2 4 -13 1 -8 1 1 -3 -2 1 -13 2 12 -2 -2
-6 11 14 0 -4 7 -3 16 -3 -2 5 5 5 7 -5 -2 2 2 -2 -2 7 3 -2 7 18 0 3 6 -9 -4 -5 -5 -20 -6 12 -16 -11 6 -14 -1 1 -12 -3 -7 7 3 7 -2 6 -2 4 -13 1 -8 1 1 -3 -2 1 -13 2 12 -2 -2
-6 11 14 0 -4 7 -3 16 -3 -2 5 5 5 7 -5 -2 2 2 -2 -2 7 3 -2 7 18 0 3 6 -9 -4 -5 -5 -20 -6 12 -16 -11 6 -14 -1 1 -12 -3 -7 7 3 7 -2 6 -2 4 -13 1 -8 1 1 -3 -2 1 -13 2 12 -2 -2
-6 11 14 0 -4 7 -3 16 -3 -2 5 5 5 7 -5 -2 2 2 -2 -2 7 3 -2 7 18 0 3 6 -9 -4 -5 -5 -20 -6 12 -16 -11 6 -14 -1 1 -12 -3 -7 7 3 7 -2 6 -2 4 -13 1 -8 1 1 -3 -2 1 -13 2 12 -2 -2
-6 11 14 0 -4 7 -3 16 -3 -2 5 5 5 7 -5 -2 2 2 -2 -2 7 3 -2 7 18 0 3 6 -9 -4 -5 -5 -20 -6 12 -16 -11 6 -14 -1 1 -12 -3 -7 7 3 7 -2 6 -2 4 -13 1 -8 1 1 -3 -2 1 -13 2 12 -2 -2
-6 11 14 0 -4 7 -3 16 -3 -2 5 5 5 7 -5 -2 2 2 -2 -2 7 3 -2 7 18 0 3 6 -9 -4 -5 -5 -20 -6 12 -16 -11 6 -14 -1 1 -12 -3 -7 7 3 7 -2 6 -2 4 -13 1 -8 1 1 -3 -2 1 -13 2 12 -2 -2
-6 11 14 0 -4 7 -3 16 -3 -2 5 5 5 7 -5 -2 2 2 -2 -2 7 3 -2 7 18 0 3 6 -9 -4 -5 -5 -20 -6 12 -16 -11 6 -14 -1 1 -12 -3 -7 7 3 7 -2 6 -2 4 -13 1 -8 1 1 -3 -2 1 -13 2 12 -2 -2
-6 11 14 0 -4 7 -3 16 -3 -2 5 5 5 7 -5 -2 2 2 -2 -2 7 3 -2 7 18 0 3 6 -9 -4 -5 -5 -20 -6 12 -16 -11 6 -14 -1 1 -12 -3 -7 7 3 7 -2 6 -2 4 -13 1 -8 1 1 -3 -2 1 -13 2 12 -2 -2
-6 11 14 0 -4 7 -3 16 -3 -2 5 5 5 7 -5 -2 2 2 -2 -2 7 3 -2 7 18 0 3 6 -9 -4 -5 -5 -20 -6 12 -16 -11 6 -14 -1 1 -12 -3 -7 7 3 7 -2 6 -2 4 -13 1 -8 1 1 -3 -2 1 -13 2 12 -2 -2
-6 11 14 0 -4 7 -3 16 -3 -2 5 5 5 7 -5 -2 2 2 -2 -2 7 3 -2 7 18 0 3 6 -9 -4 -5 -5 -20 -6 12 -16 -11 6 -14 -1 1 -12 -3 -7 7 3 7 -2 6 -2 4 -13 1 -8 1 1 -3 -2 1 -13 2 12 -2 -2
-6 11 14 0 -4 7 -3 16 -3 -2 5 5 5 7 -5 -2 2 2 -2 -2 7 3 -2 7 18 0 3 6 -9 -4 -5 -5 -20 -6 12 -16 -11 6 -14 -1 1 -12 -3 -7 7 3 7 -2 6 -2 4 -13 1 -8 1 1 -3 -2 1 -13 2 12 -2 -2
-6 11 14 0 -4 7 -3 16 -3 -2 5 5 5 7 -5 -2 2 2 -2 -2 7 3 -2 7 18 0 3 6 -9 -4 -5 -5 -20 -6 12 -16 -11 6 -14 -1 1 -12 -3 -7 7 3 7 -2 6 -2 4 -13 1 -8 1 1 -3 -2 1 -13 2 12 -2 -2
-6 11 14 0 -4 7 -3 16 -3 -2 5 5 5 7 -5 -2 2 2 -2 -2 7 3 -2 7 18 0 3 6 -9 -4 -5 -5 -20 -6 12 -16 -11 6 -14 -1 1 -12 -3 -7 7 3 7 -2 6 -2 4 -13 1 -8 1 1 -3 -2 1 -13 2 12 -2 -2
-6 11 14 0 -4 7 -3 16 -3 -2 5 5 5 7 -5 -2 2 2 -2 -2 7 3 -2 7 18 0 3 6 -9 -4 -5 -5 -20 -6 12 -16 -11 6 -14 -1 1 -12 -3 -7 7 3 7 -2 6 -2 4 -13 1 -8 1 1 -3 -2 1 -13 2 12 -2 -2
-6 11 14 0 -4 7 -3 16 -3 -2 5 5 5 7 -5 -2 2 2 -2 -2 7 3 -2 7 18 0 3 6 -9 -4 -5 -5 -20 -6 12 -16 -11 6 -14 -1 1 -12 -3 -7 7 3 7 -2 6 -2 4 -13 1 -8 1 1 -3 -2 1 -13 2 12 -2 -2
-6 11 14 0 -4 7 -3 16 -3 -2 5 5 5 7 -5 -2 2 2 -2 -2 7 3 -2 7 18 0 3 6 -9 -4 -5 -5 -20 -6 12 -16 -11 6 -14 -1 1 -12 -3 -7 7 3 7 -2 6 -2 4 -13 1 -8 1 1 -3 -2 1 -13 2 12 -2 -2
-6 11 14 0 -4 7 -3 16 -3 -2 5 5 5 7 -5 -2 2 2 -2 -2 7 3 -2 7 18 0 3 6 -9 -4 -5 -5 -20 -6 12 -16 -11 6 -14 -1 1 -12 -3 -7 7 3 7 -2 6 -2 4 -13 1 -8 1 1 -3 -2 1 -13 2 12 -2 -2
-6 11 14 0 -4 7 -3 16 -3 -2 5 5 5 7 -5 -2 2 2 -2 -2 7 3 -2 7 18 0 3 6 -9 -4 -5 -5 -20 -6 12 -16 -11 6 -14 -1 1 -12 -3 -7 7 3 7 -2 6 -2 4 -13 1 -8 1 1 -3 -2 1 -13 2 12 -2 -2
-6 11 14 0 -4 7 -3 16 -3 -2 5 5 5 7 -5 -2 2 2 -2 -2 7 3 -2 7 18 0 3 6 -9 -4 -5 -5 -20 -6 12 -16 -11 6 -14 -1 1 -12 -3 -7 7 3 7 -2 6 -2 4 -13 1 -8 1 1 -3 -2 1 -13 2 12 -2 -2
-6 11 14 0 -4 7 -3 16 -3 -2 5 5 5 7 -5 -2 2 2 -2 -2 7 3 -2 7 18 0 3 6 -9 -4 -5 -5 -20 -6 12 -16 -11 6 -14 -1 1 -12 -3 -7 7 3 7 -2 6 -2 4 -13 1 -8 1 1 -3 -2 1 -13 2 12 -2 -2
-6 11 14 0 -4 7 -3 16 -3 -2 5 5 5 7 -5 -2 2 2 -2 -2 7 3 -2 7 18 0 3 6 -9 -4 -5 -5 -20 -6 12 -16 -11 6 -14 -1 1 -12 -3 -7 7 3 7 -2 6 -2 4 -13 1 -8 1 1 -3 -2 1 -13 2 12 -2 -2
-6 11 14 0 -4 7 -3 16 -3 -2 5 5 5 7 -5 -2 2 2 -2 -2 7 3 -2 7 18 0 3 6 -9 -4 -5 -5 -20 -6 12 -16 -11 6 -14 -1 1 -12 -3 -7 7 3 7 -2 6 -2 4 -13 1 -8 1 1 -3 -2 1 -13 2 12 -2 -2
-6 11 14 0 -4 7 -3 16 -3 -2 5 5 5 7 -5 -2 2 2 -2 -2 7 3 -2 7 18 0 3 6 -9 -4 -5 -5 -20 -6 12 -16 -11 6 -14 -1 1 -12 -3 -7 7 3 7 -2 6 -2 4 -13 1 -8 1 1 -3 -2 1 -13 2 12 -2 -2
-6 11 14 0 -4 7 -3 16 -3 -2 5 5 5 7 -5 -2 2 2 -2 -2 7 3 -2 7 18 0 3 6 -9 -4 -5 -5 -20 -6 12 -16 -11 6 -14 -1 1 -12 -3 -7 7 3 7 -2 6 -2 4 -13 1 -8 1 1 -3 -2 1 -13 2 12 -2 -2
-6 11 14 0 -4 7 -3 16 -3 -2 5 5 5 7 -5 -2 2 2 -2 -2 7 3 -2 7 18 0 3 6 -9 -4 -5 -5 -20 -6 12 -16 -11 6 -14 -1 1 -12 -3 -7 7 3 7 -2 6 -2 4 -13 1 -8 1 1 -3 -2 1 -13 2 12 -2 -2
-6 11 14 0 -4 7 -3 16 -3 -2 5 5 5 7 -5 -2 2 2 -2 -2 7 3 -2 7 18 0 3 6 -9 -4 -5 -5 -20 -6 12 -16 -11 6 -14 -1 1 -12 -3 -7 7 3 7 -2 6 -2 4 -13 1 -8 1 1 -3 -2 1 -13 2 12 -2 -2
-6 11 14 0 -4 7 -3 16 -3 -2 5 5 5 7 -5 -2 2 2 -2 -2 7 3 -2 7 18 0 3 6 -9 -4 -5 -5 -20 -6 12 -16 -11 6 -14 -1 1 -12 -3 -7 7 3 7 -2 6 -2 4 -13 1 -8 1 1 -3 -2 1 -13 2 12 -2 -2
-6 11 14 0 -4 7 -3 16 -3 -2 5 5 5 7 -5 -2 2 2 -2 -2 7 3 -2 7 18 0 3 6 -9 -4 -5 -5 -20 -6 12 -16 -11 6 -14 -1 1 -12 -3 -7 7 3 7 -2 6 -2 4 -13 1 -8 1 1 -3 -2 1 -13 2 12 -2 -2
-6 11 14 0 -4 7 -3 16 -3 -2 5 5 5 7 -5 -2 2 2 -2 -2 7 3 -2 7 18 0 3 6 -9 -4 -5 -5 -20 -6 12 -16 -11 6 -14 -1 1 -12 -3 -7 7 3 7 -2 6 -2 4 -13 1 -8 1 1 -3 -2 1 -13 2 12 -2 -2
-6 11 14 0 -4 7 -3 16 -3 -2 5 5 5 7 -5 -2 2 2 -2 -2 7 3 -2 7 18 0 3 6 -9 -4 -5 -5 -20 -6 12 -16 -11 6 -14 -1 1 -12 -3 -7 7 3 7 -2 6 -2 4 -13 1 -8 1 1 -3 -2 1 -13 2 12 -2 -2
-6 11 14 0 -4 7 -3 16 -3 -2 5 5 5 7 -5 -2 2 2 -2 -2 7 3 -2 7 18 0 3 6 -9 -4 -5 -5 -20 -6 12 -16 -11 6 -14 -1 1 -12 -3 -7 7 3 7 -2 6 -2 4 -13 1 -8 1 1 -3 -2 1 -13 2 12 -2 -2
-6 11 14 0 -4 7 -3 16 -3 -2 5 5 5 7 -5 -2 2 2 -2 -2 7 3 -2 7 18 0 3 6 -9 -4 -5 -5 -20 -6 12 -16 -11 6 -14 -1 1 -12 -3 -7 7 3 7 -2 6 -2 4 -13 1 -8 1 1 -3 -2 1 -13 2 12 -2 -2
-6 11 14 0 -4 7 -3 16 -3 -2 5 5 5 7 -5 -2 2 2 -2 -2 7 3 -2 7 18 0 3 6 -9 -4 -5 -5 -20 -6 12 -16 -11 6 -14 -1 1 -12 -3 -7 7 3 7 -2 6 -2 4 -13 1 -8 1 1 -3 -2 1 -13 2 12 -2 -2
-6 11 14 0 -4 7 -3 16 -3 -2 5 5 5 7 -5 -2 2 2 -2 -2 7 3 -2 7 18 0 3 6 -9 -4 -5 -5 -20 -6 12 -16 -11 6 -14 -1 1 -12 -3 -7 7 3 7 -2 6 -2 4 -13 1 -8 1 1 -3 -2 1 -13 2 12 -2 -2
-6 11 14 0 -4 7 -3 16 -3 -2 5 5 5 7 -5 -2 2 2 -2 -2 7 3 -2 7 18 0 3 6 -9 -4 -5 -5 -20 -6 12 -16 -11 6 -14 -1 1 -12 -3 -7 7 3 7 -2 6 -2 4 -13 1 -8 1 1 -3 -2 1 -13 2 12 -2 -2
-6 11 14 0 -4 7 -3 16 -3 -2 5 5 5 7 -5 -2 2 2 -2 -2 7 3 -2 7 18 0 3 6 -9 -4 -5 -5 -20 -6 12 -16 -11 6 -14 -1 1 -12 -3 -7 7 3 7 -2 6 -2 4 -13 1 -8 1 1 -3 -2 1 -13 2 12 -2 -2
-6 11 14 0 -4 7 -3 16 -3 -2 5 5 5 7 -5 -2 2 2 -2 -2 7 3 -2 7 18 0 3 6 -9 -4 -5 -5 -20 -6 12 -16 -11 6 -14 -1 1 -12 -3 -7 7 3 7 -2 6 -2 4 -13 1 -8 1 1 -3 -2 1 -13 2 12 -2 -2
-6 11 14 0 -4 7 -3 16 -3 -2 5 5 5 7 -5 -2 2 2 -2 -2 7 3 -2 7 18 0 3 6 -9 -4 -5 -5 -20 -6 12 -16 -11 6 -14 -1 1 -12 -3 -7 7 3 7 -2 6 -2 4 -13 1 -8 1 1 -3 -2 1 -13 2 12 -2 -2
-6 11 14 0 -4 7 -3 16 -3 -2 5 5 5 7 -5 -2 2 2 -2 -2 7 3 -2 7 18 0 3 6 -9 -4 -5 -5 -20 -6 12 -16 -11 6 -14 -1 1 -12 -3 -7 7 3 7 -2 6 -2 4 -13 1 -8 1 1 -3 -2 1 -13 2 12 -2 -2
-6 11 14 0 -4 7 -3 16 -3 -2 5 5 5 7 -5 -2 2 2 -2 -2 7 3 -2 7 18 0 3 6 -9 -4 -5 -5 -20 -6 12 -16 -11 6 -14 -1 1 -12 -3 -7 7 3 7 -2 6 -2 4 -13 1 -8 1 1 -3 -2 1 -13 2 12 -2 -2
-6 11 14 0 -4 7 -3 16 -3 -2 5 5 5 7 -5 -2 2 2 -2 -2 7 3 -2 7 18 0 3 6 -9 -4 -5 -5 -20 -6 12 -16 -11 6 -14 -1 1 -12 -3 -7 7 3 7 -2 6 -2 4 -13 1 -8 1 1 -3 -2 1 -13 2 12 -2 -2
-6 11 14 0 -4 7 -3 16 -3 -2 5 5 5 7 -5 -2 2 2 -2 -2 7 3 -2 7 18 0 3 6 -9 -4 -5 -5 -20 -6 12 -16 -11 6 -14 -1 1 -12 -3 -7 7 3 7 -2 6 -2 4 -13 1 -8 1 1 -3 -2 1 -13 2 12 -2 -2
-6 11 14 0 -4 7 -3 16 -3 -2 5 5 5 7 -5 -2 2 2 -2 -2 7 3 -2 7 18 0 3 6 -9 -4 -5 -5 -20 -6 12 -16 -11 6 -14 -1 1 -12 -3 -7 7 3 7 -2 6 -2 4 -13 1 -8 1 1 -3 -2 1 -13 2 12 -2 -2
-6 11 14 0 -4 7 -3 16 -3 -2 5 5 5 7 -5 -2 2 2 -2 -2 7 3 -2 7 18 0 3 6 -9 -4 -5 -5 -20 -6 12 -16 -11 6 -14 -1 1 -12 -3 -7 7 3 7 -2 6 -2 4 -13 1 -8 1 1 -3 -2 1 -13 2 12 -2 -2
-6 11 14 0 -4 7 -3 16 -3 -2 5 5 5 7 -5 -2 2 2 -2 -2 7 3 -2 7 18 0 3 6 -9 -4 -5 -5 -20 -6 12 -16 -11 6 -14 -1 1 -12 -3 -7 7 3 7 -2 6 -2 4 -13 1 -8 1 1 -3 -2 1 -13 2 12 -2 -2
-6 11 14 0 -4 7 -3 16 -3 -2 5 5 5 7 -5 -2 2 2 -2 -2 7 3 -2 7 18 0 3 6 -9 -4 -5 -5 -20 -6 12 -16 -11 6 -14 -1 1 -12 -3 -7 7 3 7 -2 6 -2 4 -13 1 -8 1 1 -3 -2 1 -13 2 12 -2 -2
-6 11 14 0 -4 7 -3 16 -3 -2 5 5 5 7 -5 -2 2 2 -2 -2 7 3 -2 7 18 0 3 6 -9 -4 -5 -5 -20 -6 12 -16 -11 6 -14 -1 1 -12 -3 -7 7 3 7 -2 6 -2 4 -13 1 -8 1 1 -3 -2 1 -13 2 12 -2 -2
-6 11 14 0 -4 7 -3 16 -3 -2 5 5 5 7 -5 -2 2 2 -2 -2 7 3 -2 7 18 0 3 6 -9 -4 -5 -5 -20 -6 12 -16 -11 6 -14 -1 1 -12 -3 -7 7 3 7 -2 6 -2 4 -13 1 -8 1 1 -3 -2 1 -13 2 12 -2 -2
-6 11 14 0 -4 7 -3 16 -3 -2 5 5 5 7 -5 -2 2 2 -2 -2 7 3 -2 7 18 0 3 6 -9 -4 -5 -5 -20 -6 12 -16 -11 6 -14 -1 1 -12 -3 -7 7 3 7 -2 6 -2 4 -13 1 -8 1 1 -3 -2 1 -13 2 12 -2 -2
-6 11 14 0 -4 7 -3 16 -3 -2 5 5 5 7 -5 -2 2 2 -2 -2 7 3 -2 7 18 0 3 6 -9 -4 -5 -5 -20 -6 12 -16 -11 6 -14 -1 1 -12 -3 -7 7 3 7 -2 6 -2 4 -13 1 -8 1 1 -3 -2 1 -13 2 12 -2 -2
-6 11 14 0 -4 7 -3 16 -3 -2 5 5 5 7 -5 -2 2 2 -2 -2 7 3 -2 7 18 0 3 6 -9 -4 -5 -5 -20 -6 12 -16 -11 6 -14 -1 1 -12 -3 -7 7 3 7 -2 6 -2 4 -13 1 -8 1 1 -3 -2 1 -13 2 12 -2 -2
-6 11 14 0 -4 7 -3 16 -3 -2 5 5 5 7 -5 -2 2 2 -2 -2 7 3 -2 7 18 0 3 6 -9 -4 -5 -5 -20 -6 12 -16 -11 6 -14 -1 1 -12 -3 -7 7 3 7 -2 6 -2 4 -13 1 -8 1 1 -3 -2 1 -13 2 12 -2 -2
-6 11 14 0 -4 7 -3 16 -3 -2 5 5 5 7 -5 -2 2 2 -2 -2 7 3 -2 7 18 0 3 6 -9 -4 -5 -5 -20 -6 12 -16 -11 6 -14 -1 1 -12 -3 -7 7 3 7 -2 6 -2 4 -13 1 -8 1 1 -3 -2 1 -13 2 12 -2 -2
-6 11 14 0 -4 7 -3 16 -3 -2 5 5 5 7 -5 -2 2 2 -2 -2 7 3 -2 7 18 0 3 6 -9 -4 -5 -5 -20 -6 12 -16 -11 6 -14 -1 1 -12 -3 -7 7 3 7 -2 6 -2 4 -13 1 -8 1 1 -3 -2 1 -13 2 12 -2 -2
-6 11 14 0 -4 7 -3 16 -3 -2 5 5 5 7 -5 -2 2 2 -2 -2 7 3 -2 7 18 0 3 6 -9 -4 -5 -5 -20 -6 12 -16 -11 6 -14 -1 1 -12 -3 -7 7 3 7 -2 6 -2 4 -13 1 -8 1 1 -3 -2 1 -13 2 12 -2 -2
-6 11 14 0 -4 7 -3 16 -3 -2 5 5 5 7 -5 -2 2 2 -2 -2 7 3 -2 7 18 0 3 6 -9 -4 -5 -5 -20 -6 12 -16 -11 6 -14 -1 1 -12 -3 -7 7 3 7 -2 6 -2 4 -13 1 -8 1 1 -3 -2 1 -13 2 12 -2 -2
-6 11 14 0 -4 7 -3 16 -3 -2 5 5 5 7 -5 -2 2 2 -2 -2 7 3 -2 7 18 0 3 6 -9 -4 -5 -5 -20 -6 12 -16 -11 6 -14 -1 1 -12 -3 -7 7 3 7 -2 6 -2 4 -13 1 -8 1 1 -3 -2 1 -13 2 12 -2 -2
-6 11 14 0 -4 7 -3 16 -3 -2 5 5 5 7 -5 -2 2 2 -2 -2 7 3 -2 7 18 0 3 6 -9 -4 -5 -5 -20 -6 12 -16 -11 6 -14 -1 1 -12 -3 -7 7 3 7 -2 6 -2 4 -13 1 -8 1 1 -3 -2 1 -13 2 12 -2 -2
-6 11 14 0 -4 7 -3 16 -3 -2 5 5 5 7 -5 -2 2 2 -2 -2 7 3 -2 7 18 0 3 6 -9 -4 -5 -5 -20 -6 12 -16 -11 6 -14 -1 1 -12 -3 -7 7 3 7 -2 6 -2 4 -13 1 -8 1 1 -3 -2 1 -13 2 12 -2 -2
