3 -5 1 -2 -1 0 -3 -3 4 -5 2 4 2 1 0 -1 -1 5 4 1 -1 2 -3 1 3 -2 0 2 1 6 -8 5 -3 -3 1 -5 1 4 6 -3 8 -5 6 -3 -3 2 7 2 1 0 -1 2 0 3 7 6 5 2 -10 -1 1 -2 -7 -3
20 -10 10 6 -12 12 -6 0 13 19 13 18 -18 18 -14 8 5 -5 -2 -13 4 -16 16 -8 11 9 -10 19 -2 -8 5 0 -22 -5 -5 -7 -4 -9 -5 -22 9 -10 26 -26 -18 -14 5 14 -4 -11 -9 -4 -13 -3 -8 -24 21 -14 -31 0 -7 16 -1 -1
-7 7 22 -8 -1 12 -4 -15 13 3 15 -4 -5 -7 9 7 11 0 -21 0 -1 -20 18 -6 9 8 1 17 -21 -5 21 1 -1 -7 -6 -19 -8 -28 -13 -14 8 -9 38 -19 -13 -4 16 -12 0 -7 -30 -3 -8 -13 -7 -27 28 -12 -9 1 -2 23 2 9
-11 5 0 7 9 8 -12 -21 -15 -10 1 0 9 6 -2 5 3 -3 11 1 -11 -19 6 -2 15 28 -7 -6 3 -5 0 6 -2 -4 5 -26 -12 0 -22 0 -5 -14 15 -9 -4 -13 -10 -3 8 -7 -15 -3 2 9 -9 13 20 0 8 -13 3 4 7 -2
24 -9 -7 9 -6 22 3 15 10 19 10 -20 2 0 12 10 15 17 -1 7 -5 3 31 12 13 -5 -10 -14 -28 -14 1 23 -13 -4 6 -14 -2 -11 3 -3 17 -7 6 -16 -23 -13 -23 -8 -1 -2 -8 2 10 3 28 0 -23 0 -1 -21 1 14 10 -5
6 -19 -9 11 -6 10 -24 15 -6 -12 8 -6 22 19 6 24 -1 17 16 1 -19 17 7 16 12 7 3 -14 -22 -1 1 9 -23 20 9 -20 3 -1 -10 -5 15 3 0 -18 -12 7 -25 -21 2 10 -36 18 -1 -2 20 -8 -9 1 6 -16 -1 1 3 -1
6 1 1 25 8 0 -24 1 2 -4 3 -13 -4 5 -17 2 15 6 20 -10 0 9 5 1 10 18 -8 -17 -6 -10 -13 1 -15 -17 10 20 7 -13 -15 13 1 -17 20 4 5 -28 -16 -13 -10 -2 11 -8 16 -6 11 16 -8 22 10 2 4 15 -12 -20
7 18 -14 3 14 -6 23 -7 -25 3 5 -4 1 8 1 -10 -18 1 3 13 -2 11 18 -1 -20 15 24 -10 22 13 -4 -16 9 -1 9 -42 13 -4 -3 17 5 -13 3 -10 -8 1 -19 -10 5 15 -13 -16 5 -12 24 -11 17 -3 17 -23 0 -12 31 -20
17 5 -4 -9 0 0 5 9 0 0 2 -12 -3 -25 -22 14 19 -13 29 -7 -26 1 28 0 -2 -7 5 -11 -14 -13 3 -9 2 -4 -4 6 -23 4 -5 0 19 7 18 -11 26 13 -4 15 -1 -15 -23 2 -16 -17 -24 4 38 29 19 6 -1 1 15 -4
-4 -6 -10 10 1 -3 -7 18 11 9 -21 7 15 -7 -29 13 16 -15 2 -9 4 18 -7 11 -12 -32 -25 -4 -22 1 -1 -14 4 -13 7 6 15 -4 20 -6 2 6 0 -16 14 8 4 20 7 -19 -12 0 13 -16 -12 24 8 -10 -6 4 -6 39 0 -31
12 -10 -1 -7 0 7 10 10 23 10 -7 -5 7 -20 -10 2 24 -19 23 -10 -13 19 20 -2 -7 -18 -5 -26 -10 -11 4 9 8 -13 -8 14 -25 -6 7 -1 21 13 10 -20 3 -2 -9 6 7 -12 -30 16 0 -13 -37 0 35 25 0 4 0 -1 37 -6
1 -18 13 -4 11 7 -1 3 8 20 -23 -15 -3 -11 -10 -15 0 -6 19 -8 -10 12 24 8 -5 -3 3 -11 -2 -15 4 6 -12 -3 -20 -3 -10 -6 3 -17 9 17 22 -5 11 7 -2 27 -3 7 -4 7 -9 -29 -18 12 38 1 0 14 6 7 9 -18
-14 -8 -6 1 -3 13 -6 -15 -24 -10 6 -9 7 14 -9 -11 12 1 7 6 -6 -23 -2 5 20 2 -4 0 -6 -3 -6 4 13 2 4 -26 -19 4 -10 -4 -17 -10 8 -12 23 -15 -12 6 2 7 -6 -6 -4 5 -17 10 21 9 1 -5 -2 8 -6 -6
4 15 -1 25 19 3 12 13 -36 -12 15 -12 20 13 7 -22 5 0 13 20 -4 12 2 16 -6 21 7 15 14 2 0 -14 7 14 0 -45 -12 10 -7 -10 -4 -9 -4 -16 -13 -1 -20 -1 23 1 12 -3 -1 -6 7 -11 12 5 -12 -7 -7 9 4 5
-16 -2 -26 12 -7 -8 14 5 10 1 -23 8 16 17 -16 0 11 -11 0 -14 10 -3 -6 3 -1 -23 -32 -2 -10 17 -6 -8 8 10 0 -24 5 -1 23 -22 -6 4 -1 -22 20 -10 3 10 -5 1 -5 -8 9 -16 -17 18 15 10 -18 -8 -14 41 5 -24
-12 7 -17 -10 14 -17 7 -3 -9 -4 6 -7 25 13 -9 -14 -1 -27 19 -7 0 -16 -2 9 5 0 -5 7 19 3 -11 -5 15 -8 14 -11 -19 -14 -4 -6 2 1 10 7 4 -11 -14 4 -7 3 -3 13 -2 -4 -8 -6 21 16 -7 -15 8 17 20 -18
-16 7 10 6 -11 5 6 -8 4 -3 -14 -28 0 8 16 -8 15 -21 14 -21 -2 -1 -3 2 31 -5 25 20 -7 -15 -3 -33 2 -26 -16 -34 -6 -13 0 -10 18 -14 0 -24 19 -2 -24 40 8 -5 -11 15 -16 -2 -7 -6 7 -12 17 -3 -31 9 10 -18
-17 -7 -9 -1 2 -7 -10 -12 15 1 -3 -16 -1 9 -13 -7 -6 -22 6 -24 -13 3 7 1 5 -14 1 12 -11 -24 1 -35 14 -14 -11 -8 -23 3 -10 -3 21 -4 -11 -4 1 -1 -2 8 -10 -5 11 13 -2 -22 -8 20 -11 -8 11 -11 -31 0 24 -13
-14 24 6 11 2 -13 -6 -6 -1 11 -1 -14 -7 -7 -8 -10 10 -10 29 -9 -3 1 -14 24 9 18 15 33 7 -6 1 -36 9 -20 -12 -20 -2 1 -10 7 17 -20 -5 -10 -6 -8 -10 35 11 -10 -8 13 -11 -24 7 -5 5 -20 24 -2 -18 -13 24 -6
-6 -19 2 9 8 -19 12 1 -19 9 -14 -22 7 13 -3 9 15 -21 3 2 12 -6 12 9 9 24 24 -9 2 -3 -14 -10 -8 -15 -4 -24 11 2 6 6 9 9 14 6 -14 -29 -23 10 21 -15 -4 20 15 -10 19 1 11 -9 12 -12 9 3 0 12
-1 -2 -19 22 7 1 14 7 -9 10 -14 12 -16 13 -13 10 -21 -14 38 -12 20 -6 -12 -11 7 9 17 15 2 -15 13 -7 23 -24 -3 2 21 2 -1 12 9 -10 11 2 -3 1 -9 14 15 -13 -47 33 7 1 13 -7 25 -8 30 -17 -1 2 6 6
1 10 4 8 1 -32 -9 18 13 27 -3 3 3 1 -14 2 5 6 -8 -3 -14 7 -15 8 6 -5 0 5 -16 -2 2 4 9 0 1 11 7 -5 32 5 -9 -10 -7 -1 15 -13 7 -8 1 1 -16 -10 -6 -15 -15 8 -18 2 -4 8 14 13 12 -11
14 5 2 24 8 -2 10 4 5 12 -5 -5 5 -12 -7 0 12 2 0 1 -16 -2 -14 -3 15 23 -8 -8 -8 1 14 -8 5 3 -4 -9 -8 -1 10 -7 -18 -6 -6 4 -4 2 18 14 -2 5 -13 -3 5 -3 -13 -17 -30 -2 -20 4 4 3 13 -6
10 6 25 -17 -7 10 2 8 2 -2 -2 -7 15 -4 -1 10 -4 6 -5 0 17 -1 -2 -1 16 -3 5 16 7 -9 -9 4 13 -19 10 -16 7 1 12 -2 4 1 -7 -2 -5 -18 24 -7 -6 -23 -1 6 -1 0 -1 9 -18 25 -2 4 8 -8 9 21
19 9 4 16 -24 -22 -21 9 -15 0 -1 16 17 -8 17 12 16 -8 7 -10 16 11 3 -9 -9 6 -9 9 -25 19 12 21 -29 12 -11 4 10 1 0 8 7 -18 -18 -30 -15 -2 -9 2 14 -10 2 3 -12 6 -30 -10 16 17 -1 -28 5 -17 30 29
-13 -5 -4 2 -5 -9 -12 -18 -21 -14 2 2 10 7 -3 2 3 -17 10 -3 0 -4 9 0 8 12 -7 -9 2 1 -4 3 -2 4 -1 -21 -11 -6 -17 -1 -10 -7 4 -19 4 -5 -3 7 5 -13 -2 -3 10 12 -11 19 24 14 8 -4 2 -2 0 -5
29 -13 -6 14 0 19 2 20 3 19 9 -23 3 -2 7 6 13 9 -1 17 -3 7 38 13 9 -1 -6 -17 -38 -15 -3 14 -17 1 8 -25 -8 -14 7 -2 13 -3 10 -21 -26 -11 -30 -15 -1 2 -13 3 9 7 30 2 -25 4 1 -15 9 16 13 -14
4 -15 -6 19 -15 16 -30 16 -8 -9 6 -14 21 12 3 19 0 22 3 4 -26 21 14 17 10 5 -2 -15 -17 2 0 3 -21 18 10 -32 0 1 -10 -3 20 9 0 -25 -8 3 -23 -20 2 4 -37 11 -8 -9 24 -10 -19 0 1 -3 1 1 -10 -4
0 -13 -2 23 -2 -1 -26 2 0 -7 1 -11 -1 6 -20 6 18 10 16 -7 0 11 11 0 17 12 -5 -18 -12 -13 -6 4 -18 -19 15 5 -1 -8 -13 9 3 -16 15 8 13 -20 -20 -13 -14 -5 9 -13 6 -11 16 7 -5 26 9 6 0 7 -7 -21
8 16 -12 -1 9 -8 17 -6 -18 0 7 10 7 3 1 -2 -24 -5 0 10 2 18 16 -2 -16 22 23 -19 17 5 -6 -19 7 7 5 -37 10 2 -1 11 9 -1 16 -17 -5 -3 -16 -13 -1 11 -10 -9 2 -7 25 -13 19 1 13 -12 9 -23 30 -14
13 -10 -6 -8 -1 -7 0 5 3 -5 2 0 -3 -11 -20 6 18 -11 31 -5 -18 4 12 5 -10 8 -3 -21 -1 -14 7 -14 8 0 -3 -3 -20 6 3 8 27 2 18 -13 37 2 -2 9 -2 -9 -15 5 -14 -25 -27 -8 30 21 9 2 -1 -14 14 -10
19 -7 5 -23 -10 -4 9 5 21 7 -3 10 5 -34 -19 -1 24 -21 30 -10 -9 29 24 10 -13 2 -10 -36 -2 -13 19 4 13 -15 -20 10 -20 6 3 13 32 3 12 -18 18 -5 0 6 -11 -20 -19 17 -9 -25 -30 -2 34 30 14 7 -3 -9 23 2
9 -24 6 -16 3 1 9 -6 18 1 -20 -10 -7 -18 -8 -16 -3 -9 10 0 0 16 28 8 -19 12 -4 -18 -10 -10 -5 -6 -2 -8 -32 -4 -11 0 5 -23 8 14 23 -15 16 4 -1 22 -1 7 -1 2 -19 -23 -21 1 47 2 15 14 18 5 13 -11
-5 -3 -29 4 2 -1 -4 5 -24 -9 5 8 11 22 -13 -17 -1 -4 9 4 14 -10 -1 -13 12 7 7 24 0 9 -3 4 22 5 3 -29 15 -18 -12 -1 15 -8 8 -8 1 0 -11 8 -5 7 -7 -5 -2 -2 -11 -21 27 -3 -4 -25 0 25 21 -4
-25 9 11 1 -16 0 11 -9 14 -5 -9 -34 -1 10 15 0 14 -11 8 -14 -7 -1 -1 -2 28 0 16 18 -8 -19 -4 -41 11 -27 -20 -26 -3 -9 -1 -5 13 -13 -3 -18 18 1 -21 25 0 -8 -12 21 -26 -8 1 -11 4 -15 23 -4 -34 4 11 -16
-11 -6 -4 -5 1 -9 -6 -16 9 1 -3 -15 2 14 -19 5 -10 -23 8 -20 -15 0 3 -5 1 -8 -5 0 -3 -21 -4 -36 18 -8 -21 -12 -10 2 -9 -11 16 0 -14 -2 1 -9 4 -1 -13 6 8 12 -6 -25 -7 14 -3 -9 12 -6 -29 1 27 -15
-15 24 5 1 0 -5 0 -9 18 5 -3 -14 -5 0 3 -7 10 -8 19 -16 -8 -1 -8 12 17 19 13 14 -6 -4 7 -42 7 -17 -12 -26 -2 -7 -16 8 16 -16 -6 -23 0 -9 -10 36 4 -8 -7 12 -21 -25 15 -8 7 -17 21 8 -17 -13 24 -6
1 -13 6 3 1 -24 16 -6 -27 1 -20 -29 4 16 -5 8 16 -15 6 0 4 -5 11 7 9 36 20 -3 8 -7 -15 -13 -4 -4 -14 -23 0 1 -3 7 4 4 9 4 -11 -30 -27 13 21 -12 4 15 19 -10 20 -5 9 -14 11 -3 10 6 0 14
-3 -10 -10 14 4 0 11 14 -8 10 -5 15 -16 17 -15 10 -20 -13 29 0 14 1 -7 -12 6 9 6 9 1 -12 9 -10 22 -20 -6 7 12 2 -7 9 -1 -16 7 -4 3 0 -4 3 9 -14 -43 25 4 3 17 -15 24 1 25 -4 -1 -9 6 7
-5 1 -2 6 -6 -30 1 16 19 25 8 11 1 -6 -7 3 4 21 3 -1 -3 9 -15 9 -1 5 4 -6 -12 0 4 3 9 2 1 2 4 -8 28 5 0 -9 -2 -1 19 -8 2 -15 6 0 -19 -10 4 -13 -13 -4 -13 -9 -6 5 10 4 12 -8
18 7 8 7 12 10 5 4 10 -1 0 -14 5 -2 -15 3 8 0 3 9 -7 -6 -12 -3 11 18 -9 -3 -5 8 2 -19 7 3 -14 -6 -13 3 7 5 -1 -13 -2 7 -11 3 22 7 -4 -14 -13 -11 8 -1 -12 -12 -37 -7 -18 10 19 -5 28 -7
5 7 9 -15 6 -6 7 8 -11 8 5 -5 -15 9 9 -4 -1 1 -5 -11 -2 8 2 4 0 17 -9 -15 -11 3 1 -21 -14 4 16 -3 9 -2 0 2 -7 -7 7 -4 -20 2 9 4 -1 -2 2 15 18 -11 -11 2 -20 5 -6 3 14 7 -21 -6
5 7 9 -15 6 -6 7 8 -11 8 5 -5 -15 9 9 -4 -1 1 -5 -11 -2 8 2 4 0 17 -9 -15 -11 3 1 -21 -14 4 16 -3 9 -2 0 2 -7 -7 7 -4 -20 2 9 4 -1 -2 2 15 18 -11 -11 2 -20 5 -6 3 14 7 -21 -6
5 7 9 -15 6 -6 7 8 -11 8 5 -5 -15 9 9 -4 -1 1 -5 -11 -2 8 2 4 0 17 -9 -15 -11 3 1 -21 -14 4 16 -3 9 -2 0 2 -7 -7 7 -4 -20 2 9 4 -1 -2 2 15 18 -11 -11 2 -20 5 -6 3 14 7 -21 -6
5 7 9 -15 6 -6 7 8 -11 8 5 -5 -15 9 9 -4 -1 1 -5 -11 -2 8 2 4 0 17 -9 -15 -11 3 1 -21 -14 4 16 -3 9 -2 0 2 -7 -7 7 -4 -20 2 9 4 -1 -2 2 15 18 -11 -11 2 -20 5 -6 3 14 7 -21 -6
5 7 9 -15 6 -6 7 8 -11 8 5 -5 -15 9 9 -4 -1 1 -5 -11 -2 8 2 4 0 17 -9 -15 -11 3 1 -21 -14 4 16 -3 9 -2 0 2 -7 -7 7 -4 -20 2 9 4 -1 -2 2 15 18 -11 -11 2 -20 5 -6 3 14 7 -21 -6
5 7 9 -15 6 -6 7 8 -11 8 5 -5 -15 9 9 -4 -1 1 -5 -11 -2 8 2 4 0 17 -9 -15 -11 3 1 -21 -14 4 16 -3 9 -2 0 2 -7 -7 7 -4 -20 2 9 4 -1 -2 2 15 18 -11 -11 2 -20 5 -6 3 14 7 -21 -6
5 7 9 -15 6 -6 7 8 -11 8 5 -5 -15 9 9 -4 -1 1 -5 -11 -2 8 2 4 0 17 -9 -15 -11 3 1 -21 -14 4 16 -3 9 -2 0 2 -7 -7 7 -4 -20 2 9 4 -1 -2 2 15 18 -11 -11 2 -20 5 -6 3 14 7 -21 -6
5 7 9 -15 6 -6 7 8 -11 8 5 -5 -15 9 9 -4 -1 1 -5 -11 -2 8 2 4 0 17 -9 -15 -11 3 1 -21 -14 4 16 -3 9 -2 0 2 -7 -7 7 -4 -20 2 9 4 -1 -2 2 15 18 -11 -11 2 -20 5 -6 3 14 7 -21 -6
5 7 9 -15 6 -6 7 8 -11 8 5 -5 -15 9 9 -4 -1 1 -5 -11 -2 8 2 4 0 17 -9 -15 -11 3 1 -21 -14 4 16 -3 9 -2 0 2 -7 -7 7 -4 -20 2 9 4 -1 -2 2 15 18 -11 -11 2 -20 5 -6 3 14 7 -21 -6
5 7 9 -15 6 -6 7 8 -11 8 5 -5 -15 9 9 -4 -1 1 -5 -11 -2 8 2 4 0 17 -9 -15 -11 3 1 -21 -14 4 16 -3 9 -2 0 2 -7 -7 7 -4 -20 2 9 4 -1 -2 2 15 18 -11 -11 2 -20 5 -6 3 14 7 -21 -6
5 7 9 -15 6 -6 7 8 -11 8 5 -5 -15 9 9 -4 -1 1 -5 -11 -2 8 2 4 0 17 -9 -15 -11 3 1 -21 -14 4 16 -3 9 -2 0 2 -7 -7 7 -4 -20 2 9 4 -1 -2 2 15 18 -11 -11 2 -20 5 -6 3 14 7 -21 -6
5 7 9 -15 6 -6 7 8 -11 8 5 -5 -15 9 9 -4 -1 1 -5 -11 -2 8 2 4 0 17 -9 -15 -11 3 1 -21 -14 4 16 -3 9 -2 0 2 -7 -7 7 -4 -20 2 9 4 -1 -2 2 15 18 -11 -11 2 -20 5 -6 3 14 7 -21 -6
5 7 9 -15 6 -6 7 8 -11 8 5 -5 -15 9 9 -4 -1 1 -5 -11 -2 8 2 4 0 17 -9 -15 -11 3 1 -21 -14 4 16 -3 9 -2 0 2 -7 -7 7 -4 -20 2 9 4 -1 -2 2 15 18 -11 -11 2 -20 5 -6 3 14 7 -21 -6
5 7 9 -15 6 -6 7 8 -11 8 5 -5 -15 9 9 -4 -1 1 -5 -11 -2 8 2 4 0 17 -9 -15 -11 3 1 -21 -14 4 16 -3 9 -2 0 2 -7 -7 7 -4 -20 2 9 4 -1 -2 2 15 18 -11 -11 2 -20 5 -6 3 14 7 -21 -6
5 7 9 -15 6 -6 7 8 -11 8 5 -5 -15 9 9 -4 -1 1 -5 -11 -2 8 2 4 0 17 -9 -15 -11 3 1 -21 -14 4 16 -3 9 -2 0 2 -7 -7 7 -4 -20 2 9 4 -1 -2 2 15 18 -11 -11 2 -20 5 -6 3 14 7 -21 -6
5 7 9 -15 6 -6 7 8 -11 8 5 -5 -15 9 9 -4 -1 1 -5 -11 -2 8 2 4 0 17 -9 -15 -11 3 1 -21 -14 4 16 -3 9 -2 0 2 -7 -7 7 -4 -20 2 9 4 -1 -2 2 15 18 -11 -11 2 -20 5 -6 3 14 7 -21 -6
5 7 9 -15 6 -6 7 8 -11 8 5 -5 -15 9 9 -4 -1 1 -5 -11 -2 8 2 4 0 17 -9 -15 -11 3 1 -21 -14 4 16 -3 9 -2 0 2 -7 -7 7 -4 -20 2 9 4 -1 -2 2 15 18 -11 -11 2 -20 5 -6 3 14 7 -21 -6
5 7 9 -15 6 -6 7 8 -11 8 5 -5 -15 9 9 -4 -1 1 -5 -11 -2 8 2 4 0 17 -9 -15 -11 3 1 -21 -14 4 16 -3 9 -2 0 2 -7 -7 7 -4 -20 2 9 4 -1 -2 2 15 18 -11 -11 2 -20 5 -6 3 14 7 -21 -6
5 7 9 -15 6 -6 7 8 -11 8 5 -5 -15 9 9 -4 -1 1 -5 -11 -2 8 2 4 0 17 -9 -15 -11 3 1 -21 -14 4 16 -3 9 -2 0 2 -7 -7 7 -4 -20 2 9 4 -1 -2 2 15 18 -11 -11 2 -20 5 -6 3 14 7 -21 -6
5 7 9 -15 6 -6 7 8 -11 8 5 -5 -15 9 9 -4 -1 1 -5 -11 -2 8 2 4 0 17 -9 -15 -11 3 1 -21 -14 4 16 -3 9 -2 0 2 -7 -7 7 -4 -20 2 9 4 -1 -2 2 15 18 -11 -11 2 -20 5 -6 3 14 7 -21 -6
5 7 9 -15 6 -6 7 8 -11 8 5 -5 -15 9 9 -4 -1 1 -5 -11 -2 8 2 4 0 17 -9 -15 -11 3 1 -21 -14 4 16 -3 9 -2 0 2 -7 -7 7 -4 -20 2 9 4 -1 -2 2 15 18 -11 -11 2 -20 5 -6 3 14 7 -21 -6
5 7 9 -15 6 -6 7 8 -11 8 5 -5 -15 9 9 -4 -1 1 -5 -11 -2 8 2 4 0 17 -9 -15 -11 3 1 -21 -14 4 16 -3 9 -2 0 2 -7 -7 7 -4 -20 2 9 4 -1 -2 2 15 18 -11 -11 2 -20 5 -6 3 14 7 -21 -6
5 7 9 -15 6 -6 7 8 -11 8 5 -5 -15 9 9 -4 -1 1 -5 -11 -2 8 2 4 0 17 -9 -15 -11 3 1 -21 -14 4 16 -3 9 -2 0 2 -7 -7 7 -4 -20 2 9 4 -1 -2 2 15 18 -11 -11 2 -20 5 -6 3 14 7 -21 -6
5 7 9 -15 6 -6 7 8 -11 8 5 -5 -15 9 9 -4 -1 1 -5 -11 -2 8 2 4 0 17 -9 -15 -11 3 1 -21 -14 4 16 -3 9 -2 0 2 -7 -7 7 -4 -20 2 9 4 -1 -2 2 15 18 -11 -11 2 -20 5 -6 3 14 7 -21 -6
5 7 9 -15 6 -6 7 8 -11 8 5 -5 -15 9 9 -4 -1 1 -5 -11 -2 8 2 4 0 17 -9 -15 -11 3 1 -21 -14 4 16 -3 9 -2 0 2 -7 -7 7 -4 -20 2 9 4 -1 -2 2 15 18 -11 -11 2 -20 5 -6 3 14 7 -21 -6
5 7 9 -15 6 -6 7 8 -11 8 5 -5 -15 9 9 -4 -1 1 -5 -11 -2 8 2 4 0 17 -9 -15 -11 3 1 -21 -14 4 16 -3 9 -2 0 2 -7 -7 7 -4 -20 2 9 4 -1 -2 2 15 18 -11 -11 2 -20 5 -6 3 14 7 -21 -6
5 7 9 -15 6 -6 7 8 -11 8 5 -5 -15 9 9 -4 -1 1 -5 -11 -2 8 2 4 0 17 -9 -15 -11 3 1 -21 -14 4 16 -3 9 -2 0 2 -7 -7 7 -4 -20 2 9 4 -1 -2 2 15 18 -11 -11 2 -20 5 -6 3 14 7 -21 -6
5 7 9 -15 6 -6 7 8 -11 8 5 -5 -15 9 9 -4 -1 1 -5 -11 -2 8 2 4 0 17 -9 -15 -11 3 1 -21 -14 4 16 -3 9 -2 0 2 -7 -7 7 -4 -20 2 9 4 -1 -2 2 15 18 -11 -11 2 -20 5 -6 3 14 7 -21 -6
5 7 9 -15 6 -6 7 8 -11 8 5 -5 -15 9 9 -4 -1 1 -5 -11 -2 8 2 4 0 17 -9 -15 -11 3 1 -21 -14 4 16 -3 9 -2 0 2 -7 -7 7 -4 -20 2 9 4 -1 -2 2 15 18 -11 -11 2 -20 5 -6 3 14 7 -21 -6
5 7 9 -15 6 -6 7 8 -11 8 5 -5 -15 9 9 -4 -1 1 -5 -11 -2 8 2 4 0 17 -9 -15 -11 3 1 -21 -14 4 16 -3 9 -2 0 2 -7 -7 7 -4 -20 2 9 4 -1 -2 2 15 18 -11 -11 2 -20 5 -6 3 14 7 -21 -6
5 7 9 -15 6 -6 7 8 -11 8 5 -5 -15 9 9 -4 -1 1 -5 -11 -2 8 2 4 0 17 -9 -15 -11 3 1 -21 -14 4 16 -3 9 -2 0 2 -7 -7 7 -4 -20 2 9 4 -1 -2 2 15 18 -11 -11 2 -20 5 -6 3 14 7 -21 -6
5 7 9 -15 6 -6 7 8 -11 8 5 -5 -15 9 9 -4 -1 1 -5 -11 -2 8 2 4 0 17 -9 -15 -11 3 1 -21 -14 4 16 -3 9 -2 0 2 -7 -7 7 -4 -20 2 9 4 -1 -2 2 15 18 -11 -11 2 -20 5 -6 3 14 7 -21 -6
5 7 9 -15 6 -6 7 8 -11 8 5 -5 -15 9 9 -4 -1 1 -5 -11 -2 8 2 4 0 17 -9 -15 -11 3 1 -21 -14 4 16 -3 9 -2 0 2 -7 -7 7 -4 -20 2 9 4 -1 -2 2 15 18 -11 -11 2 -20 5 -6 3 14 7 -21 -6
5 7 9 -15 6 -6 7 8 -11 8 5 -5 -15 9 9 -4 -1 1 -5 -11 -2 8 2 4 0 17 -9 -15 -11 3 1 -21 -14 4 16 -3 9 -2 0 2 -7 -7 7 -4 -20 2 9 4 -1 -2 2 15 18 -11 -11 2 -20 5 -6 3 14 7 -21 -6
5 7 9 -15 6 -6 7 8 -11 8 5 -5 -15 9 9 -4 -1 1 -5 -11 -2 8 2 4 0 17 -9 -15 -11 3 1 -21 -14 4 16 -3 9 -2 0 2 -7 -7 7 -4 -20 2 9 4 -1 -2 2 15 18 -11 -11 2 -20 5 -6 3 14 7 -21 -6
5 7 9 -15 6 -6 7 8 -11 8 5 -5 -15 9 9 -4 -1 1 -5 -11 -2 8 2 4 0 17 -9 -15 -11 3 1 -21 -14 4 16 -3 9 -2 0 2 -7 -7 7 -4 -20 2 9 4 -1 -2 2 15 18 -11 -11 2 -20 5 -6 3 14 7 -21 -6
5 7 9 -15 6 -6 7 8 -11 8 5 -5 -15 9 9 -4 -1 1 -5 -11 -2 8 2 4 0 17 -9 -15 -11 3 1 -21 -14 4 16 -3 9 -2 0 2 -7 -7 7 -4 -20 2 9 4 -1 -2 2 15 18 -11 -11 2 -20 5 -6 3 14 7 -21 -6
5 7 9 -15 6 -6 7 8 -11 8 5 -5 -15 9 9 -4 -1 1 -5 -11 -2 8 2 4 0 17 -9 -15 -11 3 1 -21 -14 4 16 -3 9 -2 0 2 -7 -7 7 -4 -20 2 9 4 -1 -2 2 15 18 -11 -11 2 -20 5 -6 3 14 7 -21 -6
5 7 9 -15 6 -6 7 8 -11 8 5 -5 -15 9 9 -4 -1 1 -5 -11 -2 8 2 4 0 17 -9 -15 -11 3 1 -21 -14 4 16 -3 9 -2 0 2 -7 -7 7 -4 -20 2 9 4 -1 -2 2 15 18 -11 -11 2 -20 5 -6 3 14 7 -21 -6
5 7 9 -15 6 -6 7 8 -11 8 5 -5 -15 9 9 -4 -1 1 -5 -11 -2 8 2 4 0 17 -9 -15 -11 3 1 -21 -14 4 16 -3 9 -2 0 2 -7 -7 7 -4 -20 2 9 4 -1 -2 2 15 18 -11 -11 2 -20 5 -6 3 14 7 -21 -6
5 7 9 -15 6 -6 7 8 -11 8 5 -5 -15 9 9 -4 -1 1 -5 -11 -2 8 2 4 0 17 -9 -15 -11 3 1 -21 -14 4 16 -3 9 -2 0 2 -7 -7 7 -4 -20 2 9 4 -1 -2 2 15 18 -11 -11 2 -20 5 -6 3 14 7 -21 -6
5 7 9 -15 6 -6 7 8 -11 8 5 -5 -15 9 9 -4 -1 1 -5 -11 -2 8 2 4 0 17 -9 -15 -11 3 1 -21 -14 4 16 -3 9 -2 0 2 -7 -7 7 -4 -20 2 9 4 -1 -2 2 15 18 -11 -11 2 -20 5 -6 3 14 7 -21 -6
5 7 9 -15 6 -6 7 8 -11 8 5 -5 -15 9 9 -4 -1 1 -5 -11 -2 8 2 4 0 17 -9 -15 -11 3 1 -21 -14 4 16 -3 9 -2 0 2 -7 -7 7 -4 -20 2 9 4 -1 -2 2 15 18 -11 -11 2 -20 5 -6 3 14 7 -21 -6
5 7 9 -15 6 -6 7 8 -11 8 5 -5 -15 9 9 -4 -1 1 -5 -11 -2 8 2 4 0 17 -9 -15 -11 3 1 -21 -14 4 16 -3 9 -2 0 2 -7 -7 7 -4 -20 2 9 4 -1 -2 2 15 18 -11 -11 2 -20 5 -6 3 14 7 -21 -6
5 7 9 -15 6 -6 7 8 -11 8 5 -5 -15 9 9 -4 -1 1 -5 -11 -2 8 2 4 0 17 -9 -15 -11 3 1 -21 -14 4 16 -3 9 -2 0 2 -7 -7 7 -4 -20 2 9 4 -1 -2 2 15 18 -11 -11 2 -20 5 -6 3 14 7 -21 -6
5 7 9 -15 6 -6 7 8 -11 8 5 -5 -15 9 9 -4 -1 1 -5 -11 -2 8 2 4 0 17 -9 -15 -11 3 1 -21 -14 4 16 -3 9 -2 0 2 -7 -7 7 -4 -20 2 9 4 -1 -2 2 15 18 -11 -11 2 -20 5 -6 3 14 7 -21 -6
5 7 9 -15 6 -6 7 8 -11 8 5 -5 -15 9 9 -4 -1 1 -5 -11 -2 8 2 4 0 17 -9 -15 -11 3 1 -21 -14 4 16 -3 9 -2 0 2 -7 -7 7 -4 -20 2 9 4 -1 -2 2 15 18 -11 -11 2 -20 5 -6 3 14 7 -21 -6
5 7 9 -15 6 -6 7 8 -11 8 5 -5 -15 9 9 -4 -1 1 -5 -11 -2 8 2 4 0 17 -9 -15 -11 3 1 -21 -14 4 16 -3 9 -2 0 2 -7 -7 7 -4 -20 2 9 4 -1 -2 2 15 18 -11 -11 2 -20 5 -6 3 14 7 -21 -6
5 7 9 -15 6 -6 7 8 -11 8 5 -5 -15 9 9 -4 -1 1 -5 -11 -2 8 2 4 0 17 -9 -15 -11 3 1 -21 -14 4 16 -3 9 -2 0 2 -7 -7 7 -4 -20 2 9 4 -1 -2 2 15 18 -11 -11 2 -20 5 -6 3 14 7 -21 -6
5 7 9 -15 6 -6 7 8 -11 8 5 -5 -15 9 9 -4 -1 1 -5 -11 -2 8 2 4 0 17 -9 -15 -11 3 1 -21 -14 4 16 -3 9 -2 0 2 -7 -7 7 -4 -20 2 9 4 -1 -2 2 15 18 -11 -11 2 -20 5 -6 3 14 7 -21 -6
5 7 9 -15 6 -6 7 8 -11 8 5 -5 -15 9 9 -4 -1 1 -5 -11 -2 8 2 4 0 17 -9 -15 -11 3 1 -21 -14 4 16 -3 9 -2 0 2 -7 -7 7 -4 -20 2 9 4 -1 -2 2 15 18 -11 -11 2 -20 5 -6 3 14 7 -21 -6
5 7 9 -15 6 -6 7 8 -11 8 5 -5 -15 9 9 -4 -1 1 -5 -11 -2 8 2 4 0 17 -9 -15 -11 3 1 -21 -14 4 16 -3 9 -2 0 2 -7 -7 7 -4 -20 2 9 4 -1 -2 2 15 18 -11 -11 2 -20 5 -6 3 14 7 -21 -6
5 7 9 -15 6 -6 7 8 -11 8 5 -5 -15 9 9 -4 -1 1 -5 -11 -2 8 2 4 0 17 -9 -15 -11 3 1 -21 -14 4 16 -3 9 -2 0 2 -7 -7 7 -4 -20 2 9 4 -1 -2 2 15 18 -11 -11 2 -20 5 -6 3 14 7 -21 -6
5 7 9 -15 6 -6 7 8 -11 8 5 -5 -15 9 9 -4 -1 1 -5 -11 -2 8 2 4 0 17 -9 -15 -11 3 1 -21 -14 4 16 -3 9 -2 0 2 -7 -7 7 -4 -20 2 9 4 -1 -2 2 15 18 -11 -11 2 -20 5 -6 3 14 7 -21 -6
5 7 9 -15 6 -6 7 8 -11 8 5 -5 -15 9 9 -4 -1 1 -5 -11 -2 8 2 4 0 17 -9 -15 -11 3 1 -21 -14 4 16 -3 9 -2 0 2 -7 -7 7 -4 -20 2 9 4 -1 -2 2 15 18 -11 -11 2 -20 5 -6 3 14 7 -21 -6
5 7 9 -15 6 -6 7 8 -11 8 5 -5 -15 9 9 -4 -1 1 -5 -11 -2 8 2 4 0 17 -9 -15 -11 3 1 -21 -14 4 16 -3 9 -2 0 2 -7 -7 7 -4 -20 2 9 4 -1 -2 2 15 18 -11 -11 2 -20 5 -6 3 14 7 -21 -6
5 7 9 -15 6 -6 7 8 -11 8 5 -5 -15 9 9 -4 -1 1 -5 -11 -2 8 2 4 0 17 -9 -15 -11 3 1 -21 -14 4 16 -3 9 -2 0 2 -7 -7 7 -4 -20 2 9 4 -1 -2 2 15 18 -11 -11 2 -20 5 -6 3 14 7 -21 -6
5 7 9 -15 6 -6 7 8 -11 8 5 -5 -15 9 9 -4 -1 1 -5 -11 -2 8 2 4 0 17 -9 -15 -11 3 1 -21 -14 4 16 -3 9 -2 0 2 -7 -7 7 -4 -20 2 9 4 -1 -2 2 15 18 -11 -11 2 -20 5 -6 3 14 7 -21 -6
5 7 9 -15 6 -6 7 8 -11 8 5 -5 -15 9 9 -4 -1 1 -5 -11 -2 8 2 4 0 17 -9 -15 -11 3 1 -21 -14 4 16 -3 9 -2 0 2 -7 -7 7 -4 -20 2 9 4 -1 -2 2 15 18 -11 -11 2 -20 5 -6 3 14 7 -21 -6
5 7 9 -15 6 -6 7 8 -11 8 5 -5 -15 9 9 -4 -1 1 -5 -11 -2 8 2 4 0 17 -9 -15 -11 3 1 -21 -14 4 16 -3 9 -2 0 2 -7 -7 7 -4 -20 2 9 4 -1 -2 2 15 18 -11 -11 2 -20 5 -6 3 14 7 -21 -6
5 7 9 -15 6 -6 7 8 -11 8 5 -5 -15 9 9 -4 -1 1 -5 -11 -2 8 2 4 0 17 -9 -15 -11 3 1 -21 -14 4 16 -3 9 -2 0 2 -7 -7 7 -4 -20 2 9 4 -1 -2 2 15 18 -11 -11 2 -20 5 -6 3 14 7 -21 -6
5 7 9 -15 6 -6 7 8 -11 8 5 -5 -15 9 9 -4 -1 1 -5 -11 -2 8 2 4 0 17 -9 -15 -11 3 1 -21 -14 4 16 -3 9 -2 0 2 -7 -7 7 -4 -20 2 9 4 -1 -2 2 15 18 -11 -11 2 -20 5 -6 3 14 7 -21 -6
5 7 9 -15 6 -6 7 8 -11 8 5 -5 -15 9 9 -4 -1 1 -5 -11 -2 8 2 4 0 17 -9 -15 -11 3 1 -21 -14 4 16 -3 9 -2 0 2 -7 -7 7 -4 -20 2 9 4 -1 -2 2 15 18 -11 -11 2 -20 5 -6 3 14 7 -21 -6
5 7 9 -15 6 -6 7 8 -11 8 5 -5 -15 9 9 -4 -1 1 -5 -11 -2 8 2 4 0 17 -9 -15 -11 3 1 -21 -14 4 16 -3 9 -2 0 2 -7 -7 7 -4 -20 2 9 4 -1 -2 2 15 18 -11 -11 2 -20 5 -6 3 14 7 -21 -6
5 7 9 -15 6 -6 7 8 -11 8 5 -5 -15 9 9 -4 -1 1 -5 -11 -2 8 2 4 0 17 -9 -15 -11 3 1 -21 -14 4 16 -3 9 -2 0 2 -7 -7 7 -4 -20 2 9 4 -1 -2 2 15 18 -11 -11 2 -20 5 -6 3 14 7 -21 -6
5 7 9 -15 6 -6 7 8 -11 8 5 -5 -15 9 9 -4 -1 1 -5 -11 -2 8 2 4 0 17 -9 -15 -11 3 1 -21 -14 4 16 -3 9 -2 0 2 -7 -7 7 -4 -20 2 9 4 -1 -2 2 15 18 -11 -11 2 -20 5 -6 3 14 7 -21 -6
5 7 9 -15 6 -6 7 8 -11 8 5 -5 -15 9 9 -4 -1 1 -5 -11 -2 8 2 4 0 17 -9 -15 -11 3 1 -21 -14 4 16 -3 9 -2 0 2 -7 -7 7 -4 -20 2 9 4 -1 -2 2 15 18 -11 -11 2 -20 5 -6 3 14 7 -21 -6
5 7 9 -15 6 -6 7 8 -11 8 5 -5 -15 9 9 -4 -1 1 -5 -11 -2 8 2 4 0 17 -9 -15 -11 3 1 -21 -14 4 16 -3 9 -2 0 2 -7 -7 7 -4 -20 2 9 4 -1 -2 2 15 18 -11 -11 2 -20 5 -6 3 14 7 -21 -6
5 7 9 -15 6 -6 7 8 -11 8 5 -5 -15 9 9 -4 -1 1 -5 -11 -2 8 2 4 0 17 -9 -15 -11 3 1 -21 -14 4 16 -3 9 -2 0 2 -7 -7 7 -4 -20 2 9 4 -1 -2 2 15 18 -11 -11 2 -20 5 -6 3 14 7 -21 -6
5 7 9 -15 6 -6 7 8 -11 8 5 -5 -15 9 9 -4 -1 1 -5 -11 -2 8 2 4 0 17 -9 -15 -11 3 1 -21 -14 4 16 -3 9 -2 0 2 -7 -7 7 -4 -20 2 9 4 -1 -2 2 15 18 -11 -11 2 -20 5 -6 3 14 7 -21 -6
5 7 9 -15 6 -6 7 8 -11 8 5 -5 -15 9 9 -4 -1 1 -5 -11 -2 8 2 4 0 17 -9 -15 -11 3 1 -21 -14 4 16 -3 9 -2 0 2 -7 -7 7 -4 -20 2 9 4 -1 -2 2 15 18 -11 -11 2 -20 5 -6 3 14 7 -21 -6
5 7 9 -15 6 -6 7 8 -11 8 5 -5 -15 9 9 -4 -1 1 -5 -11 -2 8 2 4 0 17 -9 -15 -11 3 1 -21 -14 4 16 -3 9 -2 0 2 -7 -7 7 -4 -20 2 9 4 -1 -2 2 15 18 -11 -11 2 -20 5 -6 3 14 7 -21 -6
5 7 9 -15 6 -6 7 8 -11 8 5 -5 -15 9 9 -4 -1 1 -5 -11 -2 8 2 4 0 17 -9 -15 -11 3 1 -21 -14 4 16 -3 9 -2 0 2 -7 -7 7 -4 -20 2 9 4 -1 -2 2 15 18 -11 -11 2 -20 5 -6 3 14 7 -21 -6
5 7 9 -15 6 -6 7 8 -11 8 5 -5 -15 9 9 -4 -1 1 -5 -11 -2 8 2 4 0 17 -9 -15 -11 3 1 -21 -14 4 16 -3 9 -2 0 2 -7 -7 7 -4 -20 2 9 4 -1 -2 2 15 18 -11 -11 2 -20 5 -6 3 14 7 -21 -6
5 7 9 -15 6 -6 7 8 -11 8 5 -5 -15 9 9 -4 -1 1 -5 -11 -2 8 2 4 0 17 -9 -15 -11 3 1 -21 -14 4 16 -3 9 -2 0 2 -7 -7 7 -4 -20 2 9 4 -1 -2 2 15 18 -11 -11 2 -20 5 -6 3 14 7 -21 -6
5 7 9 -15 6 -6 7 8 -11 8 5 -5 -15 9 9 -4 -1 1 -5 -11 -2 8 2 4 0 17 -9 -15 -11 3 1 -21 -14 4 16 -3 9 -2 0 2 -7 -7 7 -4 -20 2 9 4 -1 -2 2 15 18 -11 -11 2 -20 5 -6 3 14 7 -21 -6
5 7 9 -15 6 -6 7 8 -11 8 5 -5 -15 9 9 -4 -1 1 -5 -11 -2 8 2 4 0 17 -9 -15 -11 3 1 -21 -14 4 16 -3 9 -2 0 2 -7 -7 7 -4 -20 2 9 4 -1 -2 2 15 18 -11 -11 2 -20 5 -6 3 14 7 -21 -6
5 7 9 -15 6 -6 7 8 -11 8 5 -5 -15 9 9 -4 -1 1 -5 -11 -2 8 2 4 0 17 -9 -15 -11 3 1 -21 -14 4 16 -3 9 -2 0 2 -7 -7 7 -4 -20 2 9 4 -1 -2 2 15 18 -11 -11 2 -20 5 -6 3 14 7 -21 -6
5 7 9 -15 6 -6 7 8 -11 8 5 -5 -15 9 9 -4 -1 1 -5 -11 -2 8 2 4 0 17 -9 -15 -11 3 1 -21 -14 4 16 -3 9 -2 0 2 -7 -7 7 -4 -20 2 9 4 -1 -2 2 15 18 -11 -11 2 -20 5 -6 3 14 7 -21 -6
5 7 9 -15 6 -6 7 8 -11 8 5 -5 -15 9 9 -4 -1 1 -5 -11 -2 8 2 4 0 17 -9 -15 -11 3 1 -21 -14 4 16 -3 9 -2 0 2 -7 -7 7 -4 -20 2 9 4 -1 -2 2 15 18 -11 -11 2 -20 5 -6 3 14 7 -21 -6
5 7 9 -15 6 -6 7 8 -11 8 5 -5 -15 9 9 -4 -1 1 -5 -11 -2 8 2 4 0 17 -9 -15 -11 3 1 -21 -14 4 16 -3 9 -2 0 2 -7 -7 7 -4 -20 2 9 4 -1 -2 2 15 18 -11 -11 2 -20 5 -6 3 14 7 -21 -6
5 7 9 -15 6 -6 7 8 -11 8 5 -5 -15 9 9 -4 -1 1 -5 -11 -2 8 2 4 0 17 -9 -15 -11 3 1 -21 -14 4 16 -3 9 -2 0 2 -7 -7 7 -4 -20 2 9 4 -1 -2 2 15 18 -11 -11 2 -20 5 -6 3 14 7 -21 -6
5 7 9 -15 6 -6 7 8 -11 8 5 -5 -15 9 9 -4 -1 1 -5 -11 -2 8 2 4 0 17 -9 -15 -11 3 1 -21 -14 4 16 -3 9 -2 0 2 -7 -7 7 -4 -20 2 9 4 -1 -2 2 15 18 -11 -11 2 -20 5 -6 3 14 7 -21 -6
5 7 9 -15 6 -6 7 8 -11 8 5 -5 -15 9 9 -4 -1 1 -5 -11 -2 8 2 4 0 17 -9 -15 -11 3 1 -21 -14 4 16 -3 9 -2 0 2 -7 -7 7 -4 -20 2 9 4 -1 -2 2 15 18 -11 -11 2 -20 5 -6 3 14 7 -21 -6
5 7 9 -15 6 -6 7 8 -11 8 5 -5 -15 9 9 -4 -1 1 -5 -11 -2 8 2 4 0 17 -9 -15 -11 3 1 -21 -14 4 16 -3 9 -2 0 2 -7 -7 7 -4 -20 2 9 4 -1 -2 2 15 18 -11 -11 2 -20 5 -6 3 14 7 -21 -6
5 7 9 -15 6 -6 7 8 -11 8 5 -5 -15 9 9 -4 -1 1 -5 -11 -2 8 2 4 0 17 -9 -15 -11 3 1 -21 -14 4 16 -3 9 -2 0 2 -7 -7 7 -4 -20 2 9 4 -1 -2 2 15 18 -11 -11 2 -20 5 -6 3 14 7 -21 -6
5 7 9 -15 6 -6 7 8 -11 8 5 -5 -15 9 9 -4 -1 1 -5 -11 -2 8 2 4 0 17 -9 -15 -11 3 1 -21 -14 4 16 -3 9 -2 0 2 -7 -7 7 -4 -20 2 9 4 -1 -2 2 15 18 -11 -11 2 -20 5 -6 3 14 7 -21 -6
