4 -1 1 2 -4 3 4 4 -2 -1 6 4 5 1 -4 1 -4 -3 1 0 3 -3 -7 3 0 -9 1 2 -1 -3 -6 1 -2 -1 3 -4 6 -3 -2 -5 5 1 4 -2 -1 2 -8 -4 5 -2 -5 2 0 0 -1 6 -7 0 -3 1 -8 -2 -3 -4
13 -21 4 0 -2 3 -14 -24 5 7 -9 5 26 13 -27 0 6 1 -28 23 -13 -26 -19 7 0 17 -31 9 18 -9 -15 16 -19 20 -2 24 -2 -25 -7 27 0 7 34 -25 40 -13 -4 14 2 -23 7 2 -11 20 1 4 0 1 -16 -19 36 -12 2 -14
-5 -16 -22 2 -21 2 -3 -3 8 -6 -25 10 5 -6 -41 -2 5 1 -22 7 2 -4 -15 -14 -19 -11 -19 14 2 0 -13 20 -20 10 8 18 3 -7 -20 29 -8 -9 30 -33 34 -9 -8 15 23 -12 -10 -25 -13 3 -17 14 12 -3 -4 -3 24 -12 -1 -6
-4 11 -28 13 -15 25 -14 27 2 16 -10 17 13 19 -26 -8 7 16 -22 -13 -2 2 2 15 5 1 -11 10 -5 -17 -30 -4 -19 12 8 0 25 14 -12 8 -11 -9 14 -2 2 -9 7 -5 6 9 -14 -33 -23 0 -14 11 21 -33 -8 7 23 20 1 0
-2 -18 -4 16 -27 8 -21 10 6 17 -5 16 5 17 -9 -5 -5 10 6 -19 -36 -17 -21 -3 -1 -15 -6 25 12 -2 -23 -6 -21 -5 -6 38 9 17 -4 -2 14 -20 -2 -25 -14 2 -36 22 -5 -2 -14 -3 -15 -11 -8 -10 13 1 -30 -22 5 -8 -9 10
-12 -18 -9 14 -19 8 7 22 33 11 -14 12 5 4 4 3 -10 9 15 -25 -22 -1 -5 -5 -9 3 2 32 -14 -8 -43 14 -32 10 -16 28 11 13 6 -1 -2 6 11 -19 -3 17 -1 16 10 -6 -12 -13 21 1 -3 -10 6 6 -35 6 23 -13 31 5
-10 -17 -26 6 -11 6 -8 -18 -9 4 0 -6 -34 4 -1 16 14 22 -13 -48 -1 8 4 26 -9 13 4 14 -2 -16 -19 -25 17 11 -31 25 25 -14 -8 13 -19 -10 6 1 4 6 9 2 18 -7 -8 -5 1 6 -15 -17 14 3 -17 -11 25 -20 6 -7
-6 -17 -15 -8 -11 23 8 10 31 10 1 33 7 6 12 3 21 8 -14 -7 -7 3 16 16 -5 -16 -11 11 9 -8 -26 14 -10 30 3 30 2 14 19 3 20 -7 1 -12 -9 14 12 2 -6 -21 15 -29 -3 24 17 11 20 -4 -4 30 23 13 1 -23
-21 -41 -13 -23 -9 1 -30 18 46 24 3 26 -30 -12 -1 -20 -4 -12 10 -38 -4 3 -8 -9 8 -26 -31 12 38 -7 -1 11 -4 -12 -7 8 22 11 -29 49 -5 -31 2 -15 -17 -37 16 -13 1 -13 -2 -11 7 -1 12 20 2 -25 -29 1 17 -2 0 2
0 -26 -14 7 -10 -3 -9 4 33 -8 14 -1 -7 1 4 -33 6 4 -13 -10 -27 17 -26 6 19 -21 -37 36 4 -26 9 3 0 -18 10 23 15 -17 -26 18 23 4 33 -14 -12 -21 -13 -8 13 1 11 0 -16 11 -6 3 1 -6 -18 -16 19 -13 22 -2
-13 -33 -8 -8 3 -3 -19 10 35 20 -11 15 -7 -6 -22 -20 2 -3 9 -43 -8 13 -5 -11 12 -16 -38 23 15 -6 6 6 6 -20 9 10 12 0 -33 42 -16 -7 2 -17 -21 -28 2 -20 14 -12 -8 -19 -20 5 5 13 -6 -26 -27 -12 16 -8 13 -5
-19 -5 -24 -2 -19 -2 -17 13 10 -4 -10 23 -12 -1 1 -24 23 -20 -9 -26 16 11 4 13 -1 0 -10 3 27 -14 -18 20 18 2 3 7 17 -10 2 37 -9 -3 3 -5 -28 4 12 -5 1 -13 8 -13 -12 -12 -1 10 -6 -7 -25 -13 15 9 -2 4
-29 22 -24 25 -30 10 -2 24 5 0 -18 33 -2 26 -10 -5 -1 -3 -28 -5 3 12 -2 -6 4 6 7 -5 25 -41 -41 0 4 19 3 -9 27 10 -2 2 -24 -11 15 5 -4 -12 6 -20 10 2 -21 -27 -6 -12 -5 10 13 -39 -32 0 34 15 -7 -11
-24 -14 -4 22 -4 13 2 14 19 0 -4 57 -20 16 0 -24 -10 2 -7 -6 -12 -6 17 -4 11 -10 -16 -11 6 -20 -18 27 1 8 17 23 23 23 21 2 -9 -3 13 -11 7 -3 -1 0 -15 -16 -2 -19 18 17 24 0 26 -22 -8 19 24 -4 8 -30
-3 -9 -9 25 -11 -12 -3 7 38 -20 -7 8 -7 5 12 -34 4 16 -16 7 -20 40 -25 -5 28 -13 -11 16 -1 -42 4 8 -12 -7 28 17 35 8 -18 2 34 12 35 -28 16 -34 11 -13 1 -15 7 -8 -20 6 5 0 19 -17 -4 10 21 -1 8 6
17 -1 -21 13 -4 -17 13 -1 21 -17 -11 15 -11 -1 4 -36 -3 6 -8 -23 -10 27 -6 4 25 -10 -28 22 -7 -45 11 26 -23 -5 18 12 27 17 -4 16 18 16 12 -19 0 -40 19 -25 -8 -5 -3 -24 -36 16 -4 -2 22 -32 -18 29 33 3 23 11
16 24 -17 0 -14 -33 -20 9 23 22 16 9 -11 16 4 -21 19 -4 13 -42 13 10 23 14 -20 -8 -36 10 15 -1 -8 17 0 -12 -14 2 19 -34 13 12 22 3 13 -15 5 -13 20 -11 -23 -17 3 -10 -8 13 7 15 34 11 -24 -27 27 -18 -4 -12
20 15 -10 10 -25 -12 -6 -1 12 -3 -3 16 19 3 -4 3 5 1 5 -38 -8 9 5 18 -7 -26 -28 42 -17 -42 -11 -4 1 -15 1 -15 27 -26 25 9 18 -6 -1 -17 16 -15 -7 -14 5 -4 -27 -14 -12 -21 27 28 7 7 -10 -25 11 -8 11 11
15 11 -8 10 -13 -10 -2 -2 18 30 -1 14 -16 0 1 -3 18 12 12 -45 19 7 31 21 -9 -1 -22 1 4 -33 -4 14 5 -7 -6 1 11 -25 32 1 17 2 14 -12 21 -10 16 -8 -9 -25 1 -25 -7 7 10 22 16 26 -5 -20 33 -5 1 2
-16 11 -10 4 -31 22 7 -4 -4 -7 3 18 -2 13 10 10 30 5 -24 -34 -7 4 17 12 12 1 -23 -15 16 -33 -21 24 16 -18 -5 13 21 13 27 2 9 4 -21 -12 4 7 19 -12 -8 -9 -7 11 15 16 -15 3 27 2 -29 0 26 -10 -15 -12
2 -1 0 -2 -5 -5 -3 -3 6 27 10 19 1 1 8 10 17 -1 -16 -26 16 22 4 11 11 -27 -9 -7 24 -34 -8 29 -6 3 -24 24 13 -14 37 12 -14 2 13 -14 5 -16 13 6 -2 -29 11 -8 -19 20 18 22 21 3 -24 -5 16 2 -2 12
-2 11 -6 -5 8 8 -15 -1 19 21 -1 -4 -25 -9 -21 -4 9 3 2 -8 -12 14 -4 13 12 -55 -13 -8 23 -11 -7 10 7 -7 -1 13 15 -9 -16 -10 -2 -13 20 -5 5 6 -22 5 3 -18 13 11 -7 16 9 22 23 -10 0 22 -6 -22 18 -11
5 2 -12 -5 -4 5 8 -17 17 13 0 11 -5 0 -14 -15 -13 -4 0 19 -2 14 16 -5 -4 34 -10 -4 5 -11 6 5 -4 5 -17 10 2 -2 -12 9 13 8 8 -15 10 12 -7 13 8 1 -7 -5 6 -12 9 17 25 7 -5 -5 52 4 -5 -13
15 8 -9 -12 -3 4 2 6 9 12 8 -2 -6 0 -20 -16 -6 0 -4 12 -10 34 4 -5 -2 -4 -12 7 -5 -8 -7 8 11 -1 -21 12 0 -1 -9 -5 -3 5 2 -6 -5 15 -2 14 -4 16 14 -4 -7 -8 -8 28 24 3 -5 -20 24 -10 1 -12
35 -8 -14 1 -29 -8 4 18 13 -13 -23 -1 -36 -19 -15 13 -8 10 -26 19 -3 16 -15 0 28 2 -54 -17 -2 19 4 20 27 16 11 37 -5 -18 -5 15 9 -25 9 -19 1 -14 -6 -8 20 -2 -8 -10 9 8 14 3 5 12 -22 -36 29 -5 14 1
2 26 -20 6 -7 22 0 11 1 0 -5 13 2 24 -19 -2 -19 14 -12 -8 9 13 -7 -5 -1 5 -9 -9 3 -24 -36 -6 -3 15 8 0 14 16 -19 0 3 -7 13 1 -18 -11 19 -22 2 17 -10 -34 -13 6 -2 11 4 -33 -1 -2 24 8 3 -1
-1 -8 -13 10 -32 10 -25 24 0 7 7 19 2 22 -17 0 -13 -4 6 -20 -28 -4 -27 -26 -7 -18 -10 14 8 -7 -22 -16 -23 4 -2 42 -7 22 2 -8 17 -21 -8 -28 -33 3 -39 10 -3 7 -10 9 -9 -19 0 -5 20 -5 -22 -22 4 -14 -6 9
-13 -16 -4 8 -27 4 -6 26 24 4 -10 10 1 4 1 16 -6 0 22 -30 -19 -1 -13 -22 -11 11 5 24 -13 -8 -43 2 -35 15 -2 28 3 20 12 -10 9 11 9 -19 -16 4 12 7 14 -2 -16 -4 19 1 5 -11 5 10 -20 -11 24 -23 34 -1
-8 -2 -22 1 -15 -5 -8 -8 -6 -7 11 -7 -33 3 -4 23 14 14 -11 -48 -1 18 -1 -9 -9 18 2 -2 -7 -11 -27 -34 21 18 -18 29 9 0 -4 1 -5 -6 0 -3 0 8 19 -7 8 -13 -1 -4 5 -5 2 -17 20 5 -14 -26 29 -21 11 -11
-5 -4 -15 -20 -19 19 3 14 19 -2 11 36 2 1 12 4 15 -4 -15 -13 4 9 4 -7 -1 -11 -1 -6 12 -5 -23 -8 -5 33 12 31 -7 39 22 -1 25 -6 0 -19 -16 14 17 -16 -6 -16 5 -16 0 20 6 5 21 -3 5 11 21 4 7 -19
-9 -36 -12 -29 -7 -16 -24 12 31 18 2 25 -24 -11 0 -10 1 -9 21 -43 5 11 -17 -30 5 -31 -23 -4 35 -9 -9 1 1 3 -7 -4 9 19 -26 41 10 -6 1 -7 -15 -18 16 -18 -7 -12 -10 2 3 7 27 32 20 -16 -23 -6 25 -8 22 -1
-6 -18 -8 -21 -5 -4 -20 -3 12 17 -7 6 -18 -9 -20 -8 -1 -3 4 -52 -2 18 -11 -40 14 -25 -19 -3 19 -4 -4 -2 7 -12 8 3 -3 7 -22 53 -10 -1 1 -17 -23 -28 3 -23 8 -4 4 -13 -9 6 17 16 4 -11 -27 -16 9 -14 20 -1
-4 12 -18 -19 -18 -10 -17 11 8 -8 -8 8 -12 -11 6 -26 16 -29 -7 -26 20 17 -5 -3 -1 -4 -12 -15 36 -16 -8 16 20 2 22 12 6 2 -6 43 -7 -12 -2 -11 -37 1 10 -11 8 -18 10 -13 -14 -6 2 12 -5 3 -30 -26 15 1 13 -3
14 24 2 24 -3 6 24 11 18 6 6 -5 -1 34 -27 -8 -10 7 -2 1 12 5 -13 -13 7 3 -27 -23 7 -44 -25 35 -15 7 8 12 -4 16 37 12 -4 6 23 -22 -19 -30 14 -10 -20 4 0 -12 -21 21 33 9 10 7 10 -2 34 -3 17 18
16 31 -18 -14 -24 -43 -18 1 12 8 20 -3 -14 19 -3 -22 8 -10 19 -42 11 16 14 -5 -14 -5 -41 -6 10 -5 -15 12 -1 -12 -2 5 10 -28 15 17 25 -2 5 -15 -5 1 25 -22 -25 -17 1 -6 -14 13 7 15 27 13 -13 -41 27 -21 14 -8
14 16 -9 -8 -32 -28 -13 5 10 -8 4 5 17 5 -8 8 -1 -6 8 -26 2 21 -5 -6 -9 -27 -27 26 -15 -40 -17 -9 9 -3 12 -12 16 -12 29 11 21 0 5 -13 10 -17 -3 -17 5 2 -25 -12 -9 -17 23 29 6 7 2 -33 11 -12 26 11
26 23 -15 -10 -19 -25 -9 -3 14 16 -17 2 -12 -2 -5 -7 5 4 17 -45 19 24 20 4 -13 7 -25 -18 -2 -23 -7 3 11 2 -1 7 9 -10 29 4 28 3 -3 -14 17 -11 20 -22 -1 -20 -6 -10 -13 4 15 11 14 33 5 -37 37 -17 10 1
-12 19 -16 -5 -41 16 1 -1 -7 -24 14 12 -9 19 11 16 21 -2 -23 -33 4 18 0 -6 15 5 -24 -35 18 -37 -24 14 21 -8 6 16 16 19 30 1 14 1 -30 -8 -8 15 23 -12 -8 0 -15 14 12 18 -18 3 23 -9 -11 -7 29 -15 -1 -12
3 5 3 -11 -16 -12 -12 -3 9 21 12 12 -3 1 7 15 10 -6 -8 -25 21 29 -4 -8 5 -26 -5 -10 28 -36 -5 13 -5 14 -10 16 12 -3 34 22 -1 7 13 -3 -2 -17 17 5 9 -31 7 -4 -4 21 26 19 22 4 -11 -15 16 -11 6 14
6 30 -1 -13 -1 3 -24 -4 16 26 -1 8 -20 -16 -19 2 1 -2 9 -12 -12 11 -20 -4 4 -60 1 -23 29 -1 -18 -2 2 -6 8 9 -1 -5 -3 -8 -1 -8 18 4 -7 15 -19 1 -9 -21 19 18 -10 11 14 23 23 -4 8 3 -10 -26 22 -10
-2 1 -16 -3 -5 4 13 -18 -12 15 10 10 -5 18 -8 7 -20 -1 -4 17 -5 7 14 -9 -5 42 -17 -6 13 -8 17 -4 4 -1 -5 14 -11 3 2 7 1 4 3 -13 -12 8 4 12 10 -12 -12 4 -5 -5 9 11 22 -5 -6 -4 61 8 2 -4
3 4 -5 16 -8 3 9 16 -4 1 1 8 2 -19 -1 -4 -11 -8 -7 6 -31 8 4 4 -5 -46 -5 -7 -1 -11 20 -6 -10 18 -20 -14 2 18 -21 -26 1 -6 -4 11 -2 -6 14 32 0 20 8 -6 -7 -14 8 61 13 19 -12 -7 29 -11 20 -36
3 4 -5 16 -8 3 9 16 -4 1 1 8 2 -19 -1 -4 -11 -8 -7 6 -31 8 4 4 -5 -46 -5 -7 -1 -11 20 -6 -10 18 -20 -14 2 18 -21 -26 1 -6 -4 11 -2 -6 14 32 0 20 8 -6 -7 -14 8 61 13 19 -12 -7 29 -11 20 -36
3 4 -5 16 -8 3 9 16 -4 1 1 8 2 -19 -1 -4 -11 -8 -7 6 -31 8 4 4 -5 -46 -5 -7 -1 -11 20 -6 -10 18 -20 -14 2 18 -21 -26 1 -6 -4 11 -2 -6 14 32 0 20 8 -6 -7 -14 8 61 13 19 -12 -7 29 -11 20 -36
3 4 -5 16 -8 3 9 16 -4 1 1 8 2 -19 -1 -4 -11 -8 -7 6 -31 8 4 4 -5 -46 -5 -7 -1 -11 20 -6 -10 18 -20 -14 2 18 -21 -26 1 -6 -4 11 -2 -6 14 32 0 20 8 -6 -7 -14 8 61 13 19 -12 -7 29 -11 20 -36
3 4 -5 16 -8 3 9 16 -4 1 1 8 2 -19 -1 -4 -11 -8 -7 6 -31 8 4 4 -5 -46 -5 -7 -1 -11 20 -6 -10 18 -20 -14 2 18 -21 -26 1 -6 -4 11 -2 -6 14 32 0 20 8 -6 -7 -14 8 61 13 19 -12 -7 29 -11 20 -36
3 4 -5 16 -8 3 9 16 -4 1 1 8 2 -19 -1 -4 -11 -8 -7 6 -31 8 4 4 -5 -46 -5 -7 -1 -11 20 -6 -10 18 -20 -14 2 18 -21 -26 1 -6 -4 11 -2 -6 14 32 0 20 8 -6 -7 -14 8 61 13 19 -12 -7 29 -11 20 -36
3 4 -5 16 -8 3 9 16 -4 1 1 8 2 -19 -1 -4 -11 -8 -7 6 -31 8 4 4 -5 -46 -5 -7 -1 -11 20 -6 -10 18 -20 -14 2 18 -21 -26 1 -6 -4 11 -2 -6 14 32 0 20 8 -6 -7 -14 8 61 13 19 -12 -7 29 -11 20 -36
3 4 -5 16 -8 3 9 16 -4 1 1 8 2 -19 -1 -4 -11 -8 -7 6 -31 8 4 4 -5 -46 -5 -7 -1 -11 20 -6 -10 18 -20 -14 2 18 -21 -26 1 -6 -4 11 -2 -6 14 32 0 20 8 -6 -7 -14 8 61 13 19 -12 -7 29 -11 20 -36
3 4 -5 16 -8 3 9 16 -4 1 1 8 2 -19 -1 -4 -11 -8 -7 6 -31 8 4 4 -5 -46 -5 -7 -1 -11 20 -6 -10 18 -20 -14 2 18 -21 -26 1 -6 -4 11 -2 -6 14 32 0 20 8 -6 -7 -14 8 61 13 19 -12 -7 29 -11 20 -36
3 4 -5 16 -8 3 9 16 -4 1 1 8 2 -19 -1 -4 -11 -8 -7 6 -31 8 4 4 -5 -46 -5 -7 -1 -11 20 -6 -10 18 -20 -14 2 18 -21 -26 1 -6 -4 11 -2 -6 14 32 0 20 8 -6 -7 -14 8 61 13 19 -12 -7 29 -11 20 -36
3 4 -5 16 -8 3 9 16 -4 1 1 8 2 -19 -1 -4 -11 -8 -7 6 -31 8 4 4 -5 -46 -5 -7 -1 -11 20 -6 -10 18 -20 -14 2 18 -21 -26 1 -6 -4 11 -2 -6 14 32 0 20 8 -6 -7 -14 8 61 13 19 -12 -7 29 -11 20 -36
3 4 -5 16 -8 3 9 16 -4 1 1 8 2 -19 -1 -4 -11 -8 -7 6 -31 8 4 4 -5 -46 -5 -7 -1 -11 20 -6 -10 18 -20 -14 2 18 -21 -26 1 -6 -4 11 -2 -6 14 32 0 20 8 -6 -7 -14 8 61 13 19 -12 -7 29 -11 20 -36
3 4 -5 16 -8 3 9 16 -4 1 1 8 2 -19 -1 -4 -11 -8 -7 6 -31 8 4 4 -5 -46 -5 -7 -1 -11 20 -6 -10 18 -20 -14 2 18 -21 -26 1 -6 -4 11 -2 -6 14 32 0 20 8 -6 -7 -14 8 61 13 19 -12 -7 29 -11 20 -36
3 4 -5 16 -8 3 9 16 -4 1 1 8 2 -19 -1 -4 -11 -8 -7 6 -31 8 4 4 -5 -46 -5 -7 -1 -11 20 -6 -10 18 -20 -14 2 18 -21 -26 1 -6 -4 11 -2 -6 14 32 0 20 8 -6 -7 -14 8 61 13 19 -12 -7 29 -11 20 -36
3 4 -5 16 -8 3 9 16 -4 1 1 8 2 -19 -1 -4 -11 -8 -7 6 -31 8 4 4 -5 -46 -5 -7 -1 -11 20 -6 -10 18 -20 -14 2 18 -21 -26 1 -6 -4 11 -2 -6 14 32 0 20 8 -6 -7 -14 8 61 13 19 -12 -7 29 -11 20 -36
3 4 -5 16 -8 3 9 16 -4 1 1 8 2 -19 -1 -4 -11 -8 -7 6 -31 8 4 4 -5 -46 -5 -7 -1 -11 20 -6 -10 18 -20 -14 2 18 -21 -26 1 -6 -4 11 -2 -6 14 32 0 20 8 -6 -7 -14 8 61 13 19 -12 -7 29 -11 20 -36
3 4 -5 16 -8 3 9 16 -4 1 1 8 2 -19 -1 -4 -11 -8 -7 6 -31 8 4 4 -5 -46 -5 -7 -1 -11 20 -6 -10 18 -20 -14 2 18 -21 -26 1 -6 -4 11 -2 -6 14 32 0 20 8 -6 -7 -14 8 61 13 19 -12 -7 29 -11 20 -36
3 4 -5 16 -8 3 9 16 -4 1 1 8 2 -19 -1 -4 -11 -8 -7 6 -31 8 4 4 -5 -46 -5 -7 -1 -11 20 -6 -10 18 -20 -14 2 18 -21 -26 1 -6 -4 11 -2 -6 14 32 0 20 8 -6 -7 -14 8 61 13 19 -12 -7 29 -11 20 -36
3 4 -5 16 -8 3 9 16 -4 1 1 8 2 -19 -1 -4 -11 -8 -7 6 -31 8 4 4 -5 -46 -5 -7 -1 -11 20 -6 -10 18 -20 -14 2 18 -21 -26 1 -6 -4 11 -2 -6 14 32 0 20 8 -6 -7 -14 8 61 13 19 -12 -7 29 -11 20 -36
3 4 -5 16 -8 3 9 16 -4 1 1 8 2 -19 -1 -4 -11 -8 -7 6 -31 8 4 4 -5 -46 -5 -7 -1 -11 20 -6 -10 18 -20 -14 2 18 -21 -26 1 -6 -4 11 -2 -6 14 32 0 20 8 -6 -7 -14 8 61 13 19 -12 -7 29 -11 20 -36
3 4 -5 16 -8 3 9 16 -4 1 1 8 2 -19 -1 -4 -11 -8 -7 6 -31 8 4 4 -5 -46 -5 -7 -1 -11 20 -6 -10 18 -20 -14 2 18 -21 -26 1 -6 -4 11 -2 -6 14 32 0 20 8 -6 -7 -14 8 61 13 19 -12 -7 29 -11 20 -36
3 4 -5 16 -8 3 9 16 -4 1 1 8 2 -19 -1 -4 -11 -8 -7 6 -31 8 4 4 -5 -46 -5 -7 -1 -11 20 -6 -10 18 -20 -14 2 18 -21 -26 1 -6 -4 11 -2 -6 14 32 0 20 8 -6 -7 -14 8 61 13 19 -12 -7 29 -11 20 -36
3 4 -5 16 -8 3 9 16 -4 1 1 8 2 -19 -1 -4 -11 -8 -7 6 -31 8 4 4 -5 -46 -5 -7 -1 -11 20 -6 -10 18 -20 -14 2 18 -21 -26 1 -6 -4 11 -2 -6 14 32 0 20 8 -6 -7 -14 8 61 13 19 -12 -7 29 -11 20 -36
3 4 -5 16 -8 3 9 16 -4 1 1 8 2 -19 -1 -4 -11 -8 -7 6 -31 8 4 4 -5 -46 -5 -7 -1 -11 20 -6 -10 18 -20 -14 2 18 -21 -26 1 -6 -4 11 -2 -6 14 32 0 20 8 -6 -7 -14 8 61 13 19 -12 -7 29 -11 20 -36
3 4 -5 16 -8 3 9 16 -4 1 1 8 2 -19 -1 -4 -11 -8 -7 6 -31 8 4 4 -5 -46 -5 -7 -1 -11 20 -6 -10 18 -20 -14 2 18 -21 -26 1 -6 -4 11 -2 -6 14 32 0 20 8 -6 -7 -14 8 61 13 19 -12 -7 29 -11 20 -36
3 4 -5 16 -8 3 9 16 -4 1 1 8 2 -19 -1 -4 -11 -8 -7 6 -31 8 4 4 -5 -46 -5 -7 -1 -11 20 -6 -10 18 -20 -14 2 18 -21 -26 1 -6 -4 11 -2 -6 14 32 0 20 8 -6 -7 -14 8 61 13 19 -12 -7 29 -11 20 -36
3 4 -5 16 -8 3 9 16 -4 1 1 8 2 -19 -1 -4 -11 -8 -7 6 -31 8 4 4 -5 -46 -5 -7 -1 -11 20 -6 -10 18 -20 -14 2 18 -21 -26 1 -6 -4 11 -2 -6 14 32 0 20 8 -6 -7 -14 8 61 13 19 -12 -7 29 -11 20 -36
3 4 -5 16 -8 3 9 16 -4 1 1 8 2 -19 -1 -4 -11 -8 -7 6 -31 8 4 4 -5 -46 -5 -7 -1 -11 20 -6 -10 18 -20 -14 2 18 -21 -26 1 -6 -4 11 -2 -6 14 32 0 20 8 -6 -7 -14 8 61 13 19 -12 -7 29 -11 20 -36
3 4 -5 16 -8 3 9 16 -4 1 1 8 2 -19 -1 -4 -11 -8 -7 6 -31 8 4 4 -5 -46 -5 -7 -1 -11 20 -6 -10 18 -20 -14 2 18 -21 -26 1 -6 -4 11 -2 -6 14 32 0 20 8 -6 -7 -14 8 61 13 19 -12 -7 29 -11 20 -36
3 4 -5 16 -8 3 9 16 -4 1 1 8 2 -19 -1 -4 -11 -8 -7 6 -31 8 4 4 -5 -46 -5 -7 -1 -11 20 -6 -10 18 -20 -14 2 18 -21 -26 1 -6 -4 11 -2 -6 14 32 0 20 8 -6 -7 -14 8 61 13 19 -12 -7 29 -11 20 -36
3 4 -5 16 -8 3 9 16 -4 1 1 8 2 -19 -1 -4 -11 -8 -7 6 -31 8 4 4 -5 -46 -5 -7 -1 -11 20 -6 -10 18 -20 -14 2 18 -21 -26 1 -6 -4 11 -2 -6 14 32 0 20 8 -6 -7 -14 8 61 13 19 -12 -7 29 -11 20 -36
3 4 -5 16 -8 3 9 16 -4 1 1 8 2 -19 -1 -4 -11 -8 -7 6 -31 8 4 4 -5 -46 -5 -7 -1 -11 20 -6 -10 18 -20 -14 2 18 -21 -26 1 -6 -4 11 -2 -6 14 32 0 20 8 -6 -7 -14 8 61 13 19 -12 -7 29 -11 20 -36
3 4 -5 16 -8 3 9 16 -4 1 1 8 2 -19 -1 -4 -11 -8 -7 6 -31 8 4 4 -5 -46 -5 -7 -1 -11 20 -6 -10 18 -20 -14 2 18 -21 -26 1 -6 -4 11 -2 -6 14 32 0 20 8 -6 -7 -14 8 61 13 19 -12 -7 29 -11 20 -36
3 4 -5 16 -8 3 9 16 -4 1 1 8 2 -19 -1 -4 -11 -8 -7 6 -31 8 4 4 -5 -46 -5 -7 -1 -11 20 -6 -10 18 -20 -14 2 18 -21 -26 1 -6 -4 11 -2 -6 14 32 0 20 8 -6 -7 -14 8 61 13 19 -12 -7 29 -11 20 -36
3 4 -5 16 -8 3 9 16 -4 1 1 8 2 -19 -1 -4 -11 -8 -7 6 -31 8 4 4 -5 -46 -5 -7 -1 -11 20 -6 -10 18 -20 -14 2 18 -21 -26 1 -6 -4 11 -2 -6 14 32 0 20 8 -6 -7 -14 8 61 13 19 -12 -7 29 -11 20 -36
3 4 -5 16 -8 3 9 16 -4 1 1 8 2 -19 -1 -4 -11 -8 -7 6 -31 8 4 4 -5 -46 -5 -7 -1 -11 20 -6 -10 18 -20 -14 2 18 -21 -26 1 -6 -4 11 -2 -6 14 32 0 20 8 -6 -7 -14 8 61 13 19 -12 -7 29 -11 20 -36
3 4 -5 16 -8 3 9 16 -4 1 1 8 2 -19 -1 -4 -11 -8 -7 6 -31 8 4 4 -5 -46 -5 -7 -1 -11 20 -6 -10 18 -20 -14 2 18 -21 -26 1 -6 -4 11 -2 -6 14 32 0 20 8 -6 -7 -14 8 61 13 19 -12 -7 29 -11 20 -36
3 4 -5 16 -8 3 9 16 -4 1 1 8 2 -19 -1 -4 -11 -8 -7 6 -31 8 4 4 -5 -46 -5 -7 -1 -11 20 -6 -10 18 -20 -14 2 18 -21 -26 1 -6 -4 11 -2 -6 14 32 0 20 8 -6 -7 -14 8 61 13 19 -12 -7 29 -11 20 -36
3 4 -5 16 -8 3 9 16 -4 1 1 8 2 -19 -1 -4 -11 -8 -7 6 -31 8 4 4 -5 -46 -5 -7 -1 -11 20 -6 -10 18 -20 -14 2 18 -21 -26 1 -6 -4 11 -2 -6 14 32 0 20 8 -6 -7 -14 8 61 13 19 -12 -7 29 -11 20 -36
3 4 -5 16 -8 3 9 16 -4 1 1 8 2 -19 -1 -4 -11 -8 -7 6 -31 8 4 4 -5 -46 -5 -7 -1 -11 20 -6 -10 18 -20 -14 2 18 -21 -26 1 -6 -4 11 -2 -6 14 32 0 20 8 -6 -7 -14 8 61 13 19 -12 -7 29 -11 20 -36
3 4 -5 16 -8 3 9 16 -4 1 1 8 2 -19 -1 -4 -11 -8 -7 6 -31 8 4 4 -5 -46 -5 -7 -1 -11 20 -6 -10 18 -20 -14 2 18 -21 -26 1 -6 -4 11 -2 -6 14 32 0 20 8 -6 -7 -14 8 61 13 19 -12 -7 29 -11 20 -36
3 4 -5 16 -8 3 9 16 -4 1 1 8 2 -19 -1 -4 -11 -8 -7 6 -31 8 4 4 -5 -46 -5 -7 -1 -11 20 -6 -10 18 -20 -14 2 18 -21 -26 1 -6 -4 11 -2 -6 14 32 0 20 8 -6 -7 -14 8 61 13 19 -12 -7 29 -11 20 -36
3 4 -5 16 -8 3 9 16 -4 1 1 8 2 -19 -1 -4 -11 -8 -7 6 -31 8 4 4 -5 -46 -5 -7 -1 -11 20 -6 -10 18 -20 -14 2 18 -21 -26 1 -6 -4 11 -2 -6 14 32 0 20 8 -6 -7 -14 8 61 13 19 -12 -7 29 -11 20 -36
3 4 -5 16 -8 3 9 16 -4 1 1 8 2 -19 -1 -4 -11 -8 -7 6 -31 8 4 4 -5 -46 -5 -7 -1 -11 20 -6 -10 18 -20 -14 2 18 -21 -26 1 -6 -4 11 -2 -6 14 32 0 20 8 -6 -7 -14 8 61 13 19 -12 -7 29 -11 20 -36
3 4 -5 16 -8 3 9 16 -4 1 1 8 2 -19 -1 -4 -11 -8 -7 6 -31 8 4 4 -5 -46 -5 -7 -1 -11 20 -6 -10 18 -20 -14 2 18 -21 -26 1 -6 -4 11 -2 -6 14 32 0 20 8 -6 -7 -14 8 61 13 19 -12 -7 29 -11 20 -36
3 4 -5 16 -8 3 9 16 -4 1 1 8 2 -19 -1 -4 -11 -8 -7 6 -31 8 4 4 -5 -46 -5 -7 -1 -11 20 -6 -10 18 -20 -14 2 18 -21 -26 1 -6 -4 11 -2 -6 14 32 0 20 8 -6 -7 -14 8 61 13 19 -12 -7 29 -11 20 -36
3 4 -5 16 -8 3 9 16 -4 1 1 8 2 -19 -1 -4 -11 -8 -7 6 -31 8 4 4 -5 -46 -5 -7 -1 -11 20 -6 -10 18 -20 -14 2 18 -21 -26 1 -6 -4 11 -2 -6 14 32 0 20 8 -6 -7 -14 8 61 13 19 -12 -7 29 -11 20 -36
3 4 -5 16 -8 3 9 16 -4 1 1 8 2 -19 -1 -4 -11 -8 -7 6 -31 8 4 4 -5 -46 -5 -7 -1 -11 20 -6 -10 18 -20 -14 2 18 -21 -26 1 -6 -4 11 -2 -6 14 32 0 20 8 -6 -7 -14 8 61 13 19 -12 -7 29 -11 20 -36
3 4 -5 16 -8 3 9 16 -4 1 1 8 2 -19 -1 -4 -11 -8 -7 6 -31 8 4 4 -5 -46 -5 -7 -1 -11 20 -6 -10 18 -20 -14 2 18 -21 -26 1 -6 -4 11 -2 -6 14 32 0 20 8 -6 -7 -14 8 61 13 19 -12 -7 29 -11 20 -36
3 4 -5 16 -8 3 9 16 -4 1 1 8 2 -19 -1 -4 -11 -8 -7 6 -31 8 4 4 -5 -46 -5 -7 -1 -11 20 -6 -10 18 -20 -14 2 18 -21 -26 1 -6 -4 11 -2 -6 14 32 0 20 8 -6 -7 -14 8 61 13 19 -12 -7 29 -11 20 -36
3 4 -5 16 -8 3 9 16 -4 1 1 8 2 -19 -1 -4 -11 -8 -7 6 -31 8 4 4 -5 -46 -5 -7 -1 -11 20 -6 -10 18 -20 -14 2 18 -21 -26 1 -6 -4 11 -2 -6 14 32 0 20 8 -6 -7 -14 8 61 13 19 -12 -7 29 -11 20 -36
3 4 -5 16 -8 3 9 16 -4 1 1 8 2 -19 -1 -4 -11 -8 -7 6 -31 8 4 4 -5 -46 -5 -7 -1 -11 20 -6 -10 18 -20 -14 2 18 -21 -26 1 -6 -4 11 -2 -6 14 32 0 20 8 -6 -7 -14 8 61 13 19 -12 -7 29 -11 20 -36
3 4 -5 16 -8 3 9 16 -4 1 1 8 2 -19 -1 -4 -11 -8 -7 6 -31 8 4 4 -5 -46 -5 -7 -1 -11 20 -6 -10 18 -20 -14 2 18 -21 -26 1 -6 -4 11 -2 -6 14 32 0 20 8 -6 -7 -14 8 61 13 19 -12 -7 29 -11 20 -36
3 4 -5 16 -8 3 9 16 -4 1 1 8 2 -19 -1 -4 -11 -8 -7 6 -31 8 4 4 -5 -46 -5 -7 -1 -11 20 -6 -10 18 -20 -14 2 18 -21 -26 1 -6 -4 11 -2 -6 14 32 0 20 8 -6 -7 -14 8 61 13 19 -12 -7 29 -11 20 -36
3 4 -5 16 -8 3 9 16 -4 1 1 8 2 -19 -1 -4 -11 -8 -7 6 -31 8 4 4 -5 -46 -5 -7 -1 -11 20 -6 -10 18 -20 -14 2 18 -21 -26 1 -6 -4 11 -2 -6 14 32 0 20 8 -6 -7 -14 8 61 13 19 -12 -7 29 -11 20 -36
3 4 -5 16 -8 3 9 16 -4 1 1 8 2 -19 -1 -4 -11 -8 -7 6 -31 8 4 4 -5 -46 -5 -7 -1 -11 20 -6 -10 18 -20 -14 2 18 -21 -26 1 -6 -4 11 -2 -6 14 32 0 20 8 -6 -7 -14 8 61 13 19 -12 -7 29 -11 20 -36
3 4 -5 16 -8 3 9 16 -4 1 1 8 2 -19 -1 -4 -11 -8 -7 6 -31 8 4 4 -5 -46 -5 -7 -1 -11 20 -6 -10 18 -20 -14 2 18 -21 -26 1 -6 -4 11 -2 -6 14 32 0 20 8 -6 -7 -14 8 61 13 19 -12 -7 29 -11 20 -36
3 4 -5 16 -8 3 9 16 -4 1 1 8 2 -19 -1 -4 -11 -8 -7 6 -31 8 4 4 -5 -46 -5 -7 -1 -11 20 -6 -10 18 -20 -14 2 18 -21 -26 1 -6 -4 11 -2 -6 14 32 0 20 8 -6 -7 -14 8 61 13 19 -12 -7 29 -11 20 -36
3 4 -5 16 -8 3 9 16 -4 1 1 8 2 -19 -1 -4 -11 -8 -7 6 -31 8 4 4 -5 -46 -5 -7 -1 -11 20 -6 -10 18 -20 -14 2 18 -21 -26 1 -6 -4 11 -2 -6 14 32 0 20 8 -6 -7 -14 8 61 13 19 -12 -7 29 -11 20 -36
3 4 -5 16 -8 3 9 16 -4 1 1 8 2 -19 -1 -4 -11 -8 -7 6 -31 8 4 4 -5 -46 -5 -7 -1 -11 20 -6 -10 18 -20 -14 2 18 -21 -26 1 -6 -4 11 -2 -6 14 32 0 20 8 -6 -7 -14 8 61 13 19 -12 -7 29 -11 20 -36
3 4 -5 16 -8 3 9 16 -4 1 1 8 2 -19 -1 -4 -11 -8 -7 6 -31 8 4 4 -5 -46 -5 -7 -1 -11 20 -6 -10 18 -20 -14 2 18 -21 -26 1 -6 -4 11 -2 -6 14 32 0 20 8 -6 -7 -14 8 61 13 19 -12 -7 29 -11 20 -36
3 4 -5 16 -8 3 9 16 -4 1 1 8 2 -19 -1 -4 -11 -8 -7 6 -31 8 4 4 -5 -46 -5 -7 -1 -11 20 -6 -10 18 -20 -14 2 18 -21 -26 1 -6 -4 11 -2 -6 14 32 0 20 8 -6 -7 -14 8 61 13 19 -12 -7 29 -11 20 -36
3 4 -5 16 -8 3 9 16 -4 1 1 8 2 -19 -1 -4 -11 -8 -7 6 -31 8 4 4 -5 -46 -5 -7 -1 -11 20 -6 -10 18 -20 -14 2 18 -21 -26 1 -6 -4 11 -2 -6 14 32 0 20 8 -6 -7 -14 8 61 13 19 -12 -7 29 -11 20 -36
3 4 -5 16 -8 3 9 16 -4 1 1 8 2 -19 -1 -4 -11 -8 -7 6 -31 8 4 4 -5 -46 -5 -7 -1 -11 20 -6 -10 18 -20 -14 2 18 -21 -26 1 -6 -4 11 -2 -6 14 32 0 20 8 -6 -7 -14 8 61 13 19 -12 -7 29 -11 20 -36
3 4 -5 16 -8 3 9 16 -4 1 1 8 2 -19 -1 -4 -11 -8 -7 6 -31 8 4 4 -5 -46 -5 -7 -1 -11 20 -6 -10 18 -20 -14 2 18 -21 -26 1 -6 -4 11 -2 -6 14 32 0 20 8 -6 -7 -14 8 61 13 19 -12 -7 29 -11 20 -36
3 4 -5 16 -8 3 9 16 -4 1 1 8 2 -19 -1 -4 -11 -8 -7 6 -31 8 4 4 -5 -46 -5 -7 -1 -11 20 -6 -10 18 -20 -14 2 18 -21 -26 1 -6 -4 11 -2 -6 14 32 0 20 8 -6 -7 -14 8 61 13 19 -12 -7 29 -11 20 -36
3 4 -5 16 -8 3 9 16 -4 1 1 8 2 -19 -1 -4 -11 -8 -7 6 -31 8 4 4 -5 -46 -5 -7 -1 -11 20 -6 -10 18 -20 -14 2 18 -21 -26 1 -6 -4 11 -2 -6 14 32 0 20 8 -6 -7 -14 8 61 13 19 -12 -7 29 -11 20 -36
3 4 -5 16 -8 3 9 16 -4 1 1 8 2 -19 -1 -4 -11 -8 -7 6 -31 8 4 4 -5 -46 -5 -7 -1 -11 20 -6 -10 18 -20 -14 2 18 -21 -26 1 -6 -4 11 -2 -6 14 32 0 20 8 -6 -7 -14 8 61 13 19 -12 -7 29 -11 20 -36
3 4 -5 16 -8 3 9 16 -4 1 1 8 2 -19 -1 -4 -11 -8 -7 6 -31 8 4 4 -5 -46 -5 -7 -1 -11 20 -6 -10 18 -20 -14 2 18 -21 -26 1 -6 -4 11 -2 -6 14 32 0 20 8 -6 -7 -14 8 61 13 19 -12 -7 29 -11 20 -36
3 4 -5 16 -8 3 9 16 -4 1 1 8 2 -19 -1 -4 -11 -8 -7 6 -31 8 4 4 -5 -46 -5 -7 -1 -11 20 -6 -10 18 -20 -14 2 18 -21 -26 1 -6 -4 11 -2 -6 14 32 0 20 8 -6 -7 -14 8 61 13 19 -12 -7 29 -11 20 -36
3 4 -5 16 -8 3 9 16 -4 1 1 8 2 -19 -1 -4 -11 -8 -7 6 -31 8 4 4 -5 -46 -5 -7 -1 -11 20 -6 -10 18 -20 -14 2 18 -21 -26 1 -6 -4 11 -2 -6 14 32 0 20 8 -6 -7 -14 8 61 13 19 -12 -7 29 -11 20 -36
3 4 -5 16 -8 3 9 16 -4 1 1 8 2 -19 -1 -4 -11 -8 -7 6 -31 8 4 4 -5 -46 -5 -7 -1 -11 20 -6 -10 18 -20 -14 2 18 -21 -26 1 -6 -4 11 -2 -6 14 32 0 20 8 -6 -7 -14 8 61 13 19 -12 -7 29 -11 20 -36
3 4 -5 16 -8 3 9 16 -4 1 1 8 2 -19 -1 -4 -11 -8 -7 6 -31 8 4 4 -5 -46 -5 -7 -1 -11 20 -6 -10 18 -20 -14 2 18 -21 -26 1 -6 -4 11 -2 -6 14 32 0 20 8 -6 -7 -14 8 61 13 19 -12 -7 29 -11 20 -36
3 4 -5 16 -8 3 9 16 -4 1 1 8 2 -19 -1 -4 -11 -8 -7 6 -31 8 4 4 -5 -46 -5 -7 -1 -11 20 -6 -10 18 -20 -14 2 18 -21 -26 1 -6 -4 11 -2 -6 14 32 0 20 8 -6 -7 -14 8 61 13 19 -12 -7 29 -11 20 -36
3 4 -5 16 -8 3 9 16 -4 1 1 8 2 -19 -1 -4 -11 -8 -7 6 -31 8 4 4 -5 -46 -5 -7 -1 -11 20 -6 -10 18 -20 -14 2 18 -21 -26 1 -6 -4 11 -2 -6 14 32 0 20 8 -6 -7 -14 8 61 13 19 -12 -7 29 -11 20 -36
3 4 -5 16 -8 3 9 16 -4 1 1 8 2 -19 -1 -4 -11 -8 -7 6 -31 8 4 4 -5 -46 -5 -7 -1 -11 20 -6 -10 18 -20 -14 2 18 -21 -26 1 -6 -4 11 -2 -6 14 32 0 20 8 -6 -7 -14 8 61 13 19 -12 -7 29 -11 20 -36
3 4 -5 16 -8 3 9 16 -4 1 1 8 2 -19 -1 -4 -11 -8 -7 6 -31 8 4 4 -5 -46 -5 -7 -1 -11 20 -6 -10 18 -20 -14 2 18 -21 -26 1 -6 -4 11 -2 -6 14 32 0 20 8 -6 -7 -14 8 61 13 19 -12 -7 29 -11 20 -36
3 4 -5 16 -8 3 9 16 -4 1 1 8 2 -19 -1 -4 -11 -8 -7 6 -31 8 4 4 -5 -46 -5 -7 -1 -11 20 -6 -10 18 -20 -14 2 18 -21 -26 1 -6 -4 11 -2 -6 14 32 0 20 8 -6 -7 -14 8 61 13 19 -12 -7 29 -11 20 -36
3 4 -5 16 -8 3 9 16 -4 1 1 8 2 -19 -1 -4 -11 -8 -7 6 -31 8 4 4 -5 -46 -5 -7 -1 -11 20 -6 -10 18 -20 -14 2 18 -21 -26 1 -6 -4 11 -2 -6 14 32 0 20 8 -6 -7 -14 8 61 13 19 -12 -7 29 -11 20 -36
3 4 -5 16 -8 3 9 16 -4 1 1 8 2 -19 -1 -4 -11 -8 -7 6 -31 8 4 4 -5 -46 -5 -7 -1 -11 20 -6 -10 18 -20 -14 2 18 -21 -26 1 -6 -4 11 -2 -6 14 32 0 20 8 -6 -7 -14 8 61 13 19 -12 -7 29 -11 20 -36
3 4 -5 16 -8 3 9 16 -4 1 1 8 2 -19 -1 -4 -11 -8 -7 6 -31 8 4 4 -5 -46 -5 -7 -1 -11 20 -6 -10 18 -20 -14 2 18 -21 -26 1 -6 -4 11 -2 -6 14 32 0 20 8 -6 -7 -14 8 61 13 19 -12 -7 29 -11 20 -36
3 4 -5 16 -8 3 9 16 -4 1 1 8 2 -19 -1 -4 -11 -8 -7 6 -31 8 4 4 -5 -46 -5 -7 -1 -11 20 -6 -10 18 -20 -14 2 18 -21 -26 1 -6 -4 11 -2 -6 14 32 0 20 8 -6 -7 -14 8 61 13 19 -12 -7 29 -11 20 -36
3 4 -5 16 -8 3 9 16 -4 1 1 8 2 -19 -1 -4 -11 -8 -7 6 -31 8 4 4 -5 -46 -5 -7 -1 -11 20 -6 -10 18 -20 -14 2 18 -21 -26 1 -6 -4 11 -2 -6 14 32 0 20 8 -6 -7 -14 8 61 13 19 -12 -7 29 -11 20 -36
3 4 -5 16 -8 3 9 16 -4 1 1 8 2 -19 -1 -4 -11 -8 -7 6 -31 8 4 4 -5 -46 -5 -7 -1 -11 20 -6 -10 18 -20 -14 2 18 -21 -26 1 -6 -4 11 -2 -6 14 32 0 20 8 -6 -7 -14 8 61 13 19 -12 -7 29 -11 20 -36
3 4 -5 16 -8 3 9 16 -4 1 1 8 2 -19 -1 -4 -11 -8 -7 6 -31 8 4 4 -5 -46 -5 -7 -1 -11 20 -6 -10 18 -20 -14 2 18 -21 -26 1 -6 -4 11 -2 -6 14 32 0 20 8 -6 -7 -14 8 61 13 19 -12 -7 29 -11 20 -36
3 4 -5 16 -8 3 9 16 -4 1 1 8 2 -19 -1 -4 -11 -8 -7 6 -31 8 4 4 -5 -46 -5 -7 -1 -11 20 -6 -10 18 -20 -14 2 18 -21 -26 1 -6 -4 11 -2 -6 14 32 0 20 8 -6 -7 -14 8 61 13 19 -12 -7 29 -11 20 -36
3 4 -5 16 -8 3 9 16 -4 1 1 8 2 -19 -1 -4 -11 -8 -7 6 -31 8 4 4 -5 -46 -5 -7 -1 -11 20 -6 -10 18 -20 -14 2 18 -21 -26 1 -6 -4 11 -2 -6 14 32 0 20 8 -6 -7 -14 8 61 13 19 -12 -7 29 -11 20 -36
