-628 1381 2603 2627 -1553 -1323 -1541 -1324 -1844 89 1366 -1892 1631 -3370 1937 -2760 -2722 -818 -830 129 3514 -814 -742 1506 -2822 -2072 -3996 142 -2645 700 -3357 -278 269 -47 -1090 -1467 1395 3541 420 3566 -242 -1478 2072 1107 -2701 -273 -1208 1507 141 1989 2183 252 679 25 1383 -367 -135 -2914 1678 1903 -570 -504 4045 -1153
-535 1233 2648 2416 -1456 -1382 -1312 -1517 -1929 -165 884 -1872 1695 -3614 1823 -2359 -3077 -964 -999 362 3448 -648 -588 1590 -2979 -2318 -4325 447 -2792 395 -3309 -80 152 -108 -1038 -1600 1419 3649 464 4000 -320 -1725 2118 860 -2328 -257 -1540 1696 487 2285 2058 399 885 -46 1159 -443 -118 -2949 1809 2133 -888 -166 4040 -1568
-428 1279 2665 2270 -1413 -1412 -1227 -1590 -1859 -331 822 -1922 1704 -3661 1781 -2120 -3148 -917 -1078 476 3387 -642 -612 1652 -3184 -2369 -4434 572 -2742 278 -3277 -82 43 -65 -1007 -1541 1395 3548 396 4232 -378 -1768 2089 782 -2222 -284 -1603 1721 732 2484 2089 405 925 -57 1086 -483 -234 -3045 1859 2240 -1033 -135 4101 -1596
-396 1314 2539 2254 -1460 -1406 -1084 -1504 -1858 -361 670 -1928 1591 -3701 1748 -2011 -3148 -891 -1190 595 3289 -644 -559 1570 -3222 -2397 -4402 530 -2617 269 -3279 -11 -3 73 -961 -1543 1450 3456 406 4358 -452 -1752 2042 768 -2036 -323 -1553 1619 813 2473 2000 329 922 -131 988 -550 -275 -3045 1922 2299 -1045 -89 3983 -1682
-495 1040 2708 2033 -1290 -1177 -1310 -1761 -1692 -188 639 -1892 1800 -3521 1576 -2113 -3159 -935 -807 396 3401 -513 -739 1703 -3226 -2264 -4531 602 -2691 173 -3219 -70 135 -245 -1143 -1621 1283 3504 432 4036 -307 -1993 1991 758 -2235 -279 -1650 1863 880 2505 1927 651 1012 -172 975 -232 -285 -3021 1913 2051 -1089 -197 4060 -1511
-561 1155 2631 2130 -1336 -1235 -1241 -1618 -1729 -150 597 -1860 1694 -3506 1628 -2055 -3156 -955 -984 455 3389 -456 -725 1582 -3156 -2277 -4485 493 -2696 179 -3118 -52 81 -13 -1110 -1510 1333 3444 380 4110 -400 -1896 1952 833 -2206 -387 -1552 1785 811 2447 1849 533 986 -151 905 -339 -205 -2994 1906 2142 -1049 -79 3998 -1528
-513 1268 2610 2227 -1336 -1334 -1264 -1533 -1793 -242 757 -1896 1719 -3595 1684 -2113 -3129 -924 -1023 473 3353 -563 -684 1549 -3186 -2275 -4459 482 -2723 163 -3236 -38 42 -33 -1078 -1478 1369 3488 360 4174 -422 -1856 2003 832 -2190 -388 -1569 1749 827 2429 1967 480 945 -70 932 -471 -234 -3054 1902 2221 -1014 -121 4037 -1578
-405 1358 2409 2295 -1512 -1424 -1066 -1405 -1870 -346 741 -1868 1553 -3667 1725 -2075 -3002 -949 -1189 591 3220 -694 -581 1526 -3110 -2378 -4379 390 -2616 315 -3314 -56 -5 58 -897 -1391 1447 3439 280 4189 -408 -1705 2080 778 -2042 -377 -1473 1542 711 2340 1922 351 822 -33 956 -599 -225 -2984 1925 2318 -1007 -145 4059 -1688
-351 1269 2450 2248 -1420 -1425 -1099 -1459 -1788 -364 804 -1846 1660 -3690 1712 -2091 -3081 -976 -1099 543 3291 -640 -565 1388 -3146 -2370 -4431 481 -2673 229 -3214 -96 -44 -75 -921 -1482 1376 3498 297 4233 -434 -1778 2109 775 -2179 -429 -1501 1678 775 2417 1955 318 938 75 945 -620 -106 -3051 1894 2393 -989 -140 4121 -1725
-269 1412 2392 2394 -1520 -1561 -1074 -1263 -1919 -365 970 -1825 1522 -3711 1817 -2196 -2921 -937 -1211 507 3183 -1002 -677 1544 -3046 -2382 -4281 278 -2637 426 -3342 -162 -119 26 -814 -1270 1407 3542 180 4026 -316 -1637 2181 874 -2057 -363 -1399 1467 523 2205 1931 318 695 7 1042 -640 -68 -2899 1788 2341 -944 -253 4283 -1581
-311 1334 2455 2274 -1409 -1550 -1083 -1392 -1864 -427 846 -1882 1589 -3711 1787 -2117 -3069 -965 -1156 583 3269 -718 -568 1481 -3158 -2390 -4366 454 -2664 273 -3221 -85 -71 16 -871 -1523 1422 3481 320 4277 -427 -1697 2079 739 -2066 -360 -1525 1616 727 2412 2017 281 859 26 1006 -637 -136 -2995 1853 2405 -977 -71 4100 -1709
-433 1244 2508 2279 -1456 -1398 -1216 -1559 -1850 -275 829 -1869 1689 -3658 1747 -2237 -3088 -964 -1034 480 3320 -597 -521 1557 -3105 -2398 -4407 495 -2681 348 -3328 -108 91 -83 -1000 -1567 1405 3564 361 4138 -367 -1783 2151 780 -2245 -329 -1560 1691 679 2386 2082 387 948 17 1038 -526 -184 -3019 1943 2235 -988 -209 4053 -1698
-389 1222 2644 2310 -1415 -1435 -1178 -1543 -1842 -356 846 -1845 1753 -3689 1769 -2162 -3162 -932 -1039 484 3366 -693 -554 1532 -3139 -2401 -4456 528 -2747 255 -3246 -100 13 -159 -979 -1605 1375 3540 429 4210 -352 -1816 2144 803 -2220 -300 -1572 1691 711 2433 2053 372 934 -11 1126 -486 -141 -3040 1893 2290 -973 -135 4139 -1639
-522 1055 2619 2241 -1497 -1212 -1273 -1612 -1748 -182 733 -1793 1746 -3436 1671 -2173 -3007 -942 -936 351 3320 -606 -650 1585 -3042 -2323 -4410 427 -2675 351 -3219 -109 110 -226 -1029 -1512 1338 3472 367 3906 -233 -1893 2136 872 -2299 -325 -1562 1650 698 2254 1925 485 918 -54 1080 -326 -186 -2946 1915 2093 -983 -287 4052 -1549
-402 1196 2567 2351 -1426 -1480 -1217 -1476 -1851 -267 927 -1848 1696 -3629 1791 -2313 -2989 -1029 -984 421 3367 -781 -635 1522 -2981 -2384 -4292 417 -2748 373 -3266 -155 51 -109 -935 -1552 1438 3544 355 3971 -270 -1711 2128 806 -2406 -317 -1513 1596 526 2266 2034 390 832 7 1162 -494 -123 -2948 1794 2209 -889 -120 4090 -1545
-427 1152 2515 2300 -1374 -1426 -1208 -1537 -1756 -308 868 -1798 1728 -3589 1729 -2191 -3073 -983 -1021 451 3307 -675 -563 1455 -3084 -2386 -4338 467 -2677 292 -3220 -148 41 -106 -981 -1564 1411 3495 365 4049 -331 -1802 2099 778 -2373 -366 -1541 1656 677 2336 2056 366 950 51 1062 -511 -160 -2986 1887 2226 -917 -113 3998 -1644
-365 1261 2405 2328 -1502 -1455 -1126 -1430 -1846 -328 867 -1881 1630 -3749 1738 -2245 -2978 -1024 -1097 529 3304 -748 -565 1425 -3075 -2428 -4357 439 -2634 389 -3392 -118 37 -36 -915 -1505 1439 3552 252 4156 -368 -1761 2160 800 -2290 -432 -1500 1587 656 2286 2009 325 861 71 986 -649 -202 -3060 1875 2298 -980 -211 4142 -1729
-411 1116 2525 2122 -1341 -1320 -1226 -1621 -1669 -262 738 -1792 1658 -3517 1659 -2036 -3097 -993 -1029 453 3300 -553 -610 1487 -3178 -2304 -4381 531 -2633 233 -3116 -97 43 -98 -1005 -1531 1330 3470 359 4085 -359 -1813 2022 748 -2283 -366 -1584 1757 818 2402 1950 376 1023 -21 937 -454 -155 -2977 1856 2200 -1052 -117 3945 -1665
-406 1143 2480 2205 -1367 -1426 -1183 -1549 -1695 -309 813 -1782 1665 -3560 1687 -2046 -3119 -994 -1140 488 3233 -654 -563 1466 -3224 -2322 -4409 493 -2615 216 -3229 -97 23 -54 -994 -1470 1374 3497 315 4145 -414 -1839 2140 803 -2227 -445 -1548 1714 879 2401 1992 367 1007 35 927 -538 -139 -2987 1959 2289 -1020 -125 3992 -1707
-425 1187 2458 2238 -1442 -1343 -1148 -1537 -1795 -283 757 -1793 1643 -3565 1694 -2073 -3078 -959 -1088 498 3212 -629 -542 1539 -3110 -2347 -4375 452 -2622 292 -3277 -95 56 -74 -975 -1453 1370 3503 343 4073 -383 -1796 2117 788 -2149 -365 -1542 1662 751 2349 1956 374 953 -13 957 -505 -136 -2939 1934 2253 -1015 -178 4024 -1685
-470 1106 2530 2224 -1411 -1298 -1283 -1645 -1817 -171 752 -1811 1693 -3560 1713 -2248 -3075 -1048 -948 423 3396 -475 -548 1545 -3057 -2345 -4432 468 -2721 336 -3247 -126 164 -156 -1021 -1601 1351 3612 401 4006 -343 -1819 2113 775 -2355 -310 -1608 1787 682 2355 1993 413 1001 20 1023 -444 -94 -2943 1889 2203 -1028 -152 4014 -1743
-327 1173 2528 2192 -1468 -1251 -1193 -1528 -1876 -140 701 -1821 1628 -3611 1702 -2304 -2912 -1006 -826 406 3401 -593 -677 1562 -2910 -2386 -4429 351 -2739 401 -3174 -175 51 -202 -903 -1529 1267 3577 283 3876 -243 -1799 2099 835 -2265 -245 -1524 1671 526 2248 1845 457 820 -21 1096 -410 -11 -2901 1753 2199 -1034 -244 4232 -1622
-204 931 1791 1160 -869 -776 -1144 -1215 -824 33 597 -1209 1015 -2465 1069 -1578 -2188 -688 -803 33 2482 -595 -934 915 -2737 -1628 -3397 181 -1737 436 -1876 -135 -312 159 -941 -997 810 2638 -99 2572 95 -1500 1232 807 -1964 -6 -917 1452 339 1491 1306 109 783 -372 425 -162 -34 -2331 1227 1287 -757 -300 2865 -918
-620 1355 2669 2561 -1615 -1391 -1341 -1433 -1991 -38 962 -1906 1619 -3624 1907 -2521 -2976 -936 -958 362 3515 -734 -609 1696 -2864 -2396 -4244 357 -2833 551 -3436 -108 229 -22 -1042 -1569 1525 3617 453 3924 -269 -1584 2160 961 -2426 -284 -1433 1590 321 2187 2111 387 762 -48 1305 -429 -191 -2963 1845 2078 -788 -294 4106 -1436
-532 1242 2681 2192 -1457 -1213 -1291 -1631 -1763 -68 699 -1832 1597 -3475 1713 -2075 -3039 -906 -948 404 3418 -589 -700 1832 -3064 -2311 -4357 466 -2732 358 -3215 -134 168 -37 -1052 -1404 1376 3438 394 3925 -280 -1660 2031 865 -2286 -259 -1480 1713 646 2397 1908 513 871 -164 1143 -264 -254 -2904 1876 2055 -1063 -203 4068 -1396
-553 1328 2610 2327 -1525 -1290 -1254 -1476 -1816 -166 792 -1818 1599 -3564 1748 -2170 -3017 -874 -1033 475 3424 -641 -661 1618 -3040 -2354 -4353 424 -2718 339 -3274 -91 98 1 -1040 -1458 1387 3454 384 4085 -334 -1673 2028 900 -2203 -382 -1490 1648 621 2315 1932 427 844 -64 1068 -432 -255 -3029 1864 2146 -1016 -272 4135 -1491
-556 1216 2715 2202 -1420 -1322 -1329 -1682 -1808 -167 757 -1959 1728 -3625 1688 -2183 -3195 -966 -940 479 3409 -623 -747 1859 -3273 -2335 -4541 489 -2768 221 -3421 -56 167 -89 -1141 -1532 1422 3545 417 4144 -353 -1886 2072 829 -2237 -350 -1623 1773 846 2499 1972 630 922 -175 1022 -301 -307 -3048 2002 2140 -1068 -194 4181 -1485
-571 1214 2648 2192 -1476 -1223 -1254 -1619 -1774 -102 620 -1871 1636 -3511 1656 -2040 -3207 -901 -1039 498 3321 -554 -705 1761 -3262 -2293 -4502 450 -2665 234 -3302 -21 136 -9 -1126 -1452 1360 3461 400 4196 -410 -1918 2068 909 -2055 -454 -1553 1753 930 2452 1852 556 971 -193 897 -305 -257 -3013 2022 2158 -1131 -247 4121 -1528
-582 1207 2651 2218 -1473 -1199 -1305 -1608 -1787 -150 705 -1807 1706 -3469 1674 -2120 -3098 -890 -952 393 3354 -567 -686 1738 -3131 -2290 -4507 387 -2741 268 -3263 -75 124 -157 -1099 -1437 1315 3514 358 3998 -320 -1882 2094 895 -2126 -346 -1559 1751 749 2371 1899 562 925 -90 1008 -298 -183 -2969 1967 2129 -1046 -272 4171 -1511
-597 1296 2615 2391 -1590 -1213 -1309 -1433 -1839 -140 802 -1811 1659 -3513 1759 -2296 -2933 -852 -956 318 3412 -654 -699 1587 -2944 -2338 -4380 291 -2763 424 -3236 -96 74 -139 -1026 -1454 1367 3511 328 3881 -229 -1731 2079 952 -2231 -296 -1478 1605 452 2167 1916 446 799 -31 1137 -385 -160 -2981 1858 2085 -889 -360 4161 -1472
-530 1297 2596 2366 -1530 -1302 -1261 -1442 -1856 -189 820 -1824 1642 -3605 1763 -2262 -3018 -880 -992 435 3431 -668 -614 1577 -3010 -2368 -4380 403 -2751 368 -3297 -93 85 -93 -1019 -1539 1391 3516 419 4031 -310 -1698 2079 892 -2190 -302 -1506 1658 549 2291 1962 396 848 -33 1128 -447 -184 -3007 1883 2197 -936 -263 4135 -1550
-583 1378 2558 2478 -1617 -1306 -1282 -1421 -1991 -124 851 -1899 1660 -3670 1816 -2458 -2967 -938 -926 449 3476 -584 -546 1608 -2875 -2417 -4375 354 -2824 483 -3424 -107 189 -85 -1012 -1553 1456 3581 418 3996 -316 -1652 2132 898 -2296 -272 -1465 1618 417 2226 2026 403 781 14 1209 -487 -190 -3006 1916 2189 -873 -312 4165 -1595
-626 1309 2630 2339 -1542 -1211 -1306 -1551 -1923 -109 763 -1889 1719 -3577 1749 -2353 -3054 -864 -867 407 3433 -455 -550 1660 -2933 -2392 -4410 457 -2784 414 -3324 -73 188 -110 -1109 -1604 1386 3535 463 4010 -305 -1733 2079 883 -2235 -239 -1525 1704 501 2299 2065 452 892 -61 1140 -382 -224 -3026 1943 2095 -918 -339 4072 -1532
-609 1139 2693 2373 -1546 -1191 -1355 -1607 -1784 -78 751 -1852 1741 -3493 1742 -2289 -3066 -880 -916 334 3494 -584 -598 1650 -3005 -2374 -4366 445 -2735 457 -3280 -141 204 -152 -1084 -1614 1415 3512 486 3959 -266 -1815 2116 922 -2436 -279 -1511 1687 573 2298 2021 443 923 -66 1224 -301 -235 -2980 1918 2052 -921 -303 4042 -1512
-447 1271 2533 2272 -1496 -1383 -1186 -1495 -1803 -281 778 -1878 1615 -3651 1721 -2127 -3029 -973 -1093 540 3361 -679 -666 1577 -3159 -2393 -4430 444 -2681 302 -3330 -91 47 -1 -972 -1463 1410 3484 299 4192 -375 -1767 2086 829 -2197 -438 -1533 1646 768 2372 1947 409 856 -22 997 -518 -249 -3047 1917 2271 -1051 -203 4170 -1625
-610 1237 2644 2322 -1517 -1216 -1340 -1565 -1821 -55 736 -1827 1649 -3526 1729 -2272 -3073 -906 -950 414 3439 -539 -615 1637 -3035 -2335 -4386 425 -2722 378 -3285 -67 199 -66 -1106 -1577 1384 3507 459 4022 -315 -1786 2041 903 -2278 -321 -1544 1715 621 2293 1959 453 928 -108 1080 -352 -238 -3001 1910 2062 -991 -275 4017 -1551
-538 1228 2549 2262 -1492 -1293 -1268 -1546 -1724 -155 793 -1767 1637 -3535 1670 -2133 -3036 -940 -1065 474 3334 -595 -628 1545 -3120 -2331 -4438 442 -2657 270 -3292 -95 116 -44 -1056 -1420 1340 3462 323 4073 -353 -1805 2095 890 -2237 -463 -1522 1704 767 2324 1919 450 929 -2 964 -459 -222 -3033 1965 2160 -1059 -302 4094 -1606
-522 1271 2554 2305 -1631 -1246 -1257 -1592 -1846 -133 742 -1831 1618 -3639 1711 -2194 -3037 -980 -1046 501 3435 -557 -612 1644 -3114 -2408 -4543 435 -2718 374 -3427 -103 155 -91 -1023 -1433 1341 3584 317 4144 -348 -1802 2184 895 -2198 -456 -1539 1715 726 2358 1910 447 906 9 992 -459 -209 -3073 1994 2239 -1141 -391 4291 -1698
-550 1330 2599 2368 -1626 -1263 -1265 -1533 -1904 -158 777 -1824 1663 -3623 1751 -2274 -3006 -931 -1005 451 3410 -616 -585 1676 -3024 -2413 -4498 359 -2785 404 -3402 -105 169 -127 -1016 -1474 1393 3566 347 4054 -300 -1753 2180 894 -2225 -320 -1540 1683 586 2307 1973 470 860 -7 1121 -441 -198 -3029 1974 2197 -1038 -326 4221 -1620
-371 1094 2521 2082 -1501 -1176 -1238 -1538 -1666 -164 718 -1684 1574 -3404 1628 -2091 -2829 -974 -933 337 3294 -627 -705 1534 -2975 -2285 -4367 355 -2644 365 -3040 -162 15 -240 -906 -1405 1208 3425 249 3761 -179 -1743 2087 869 -2216 -278 -1523 1642 618 2187 1743 424 855 -23 1055 -350 -45 -2855 1778 2128 -1071 -306 4101 -1549
-230 957 1866 1265 -928 -813 -1161 -1273 -914 44 620 -1296 1075 -2540 1131 -1673 -2253 -709 -809 61 2578 -571 -938 995 -2788 -1669 -3499 185 -1799 458 -2027 -159 -250 179 -958 -1055 840 2719 -42 2681 48 -1515 1287 810 -2013 -12 -952 1467 357 1578 1390 144 785 -376 505 -148 -49 -2387 1298 1348 -785 -292 2978 -928
-417 1248 2375 2259 -1406 -1321 -1213 -1186 -1664 -102 1010 -1608 1387 -3296 1709 -2260 -2683 -816 -1015 207 3061 -1059 -656 1387 -2758 -2139 -3791 229 -2464 580 -3003 -89 -9 -25 -935 -1385 1396 3343 283 3417 -105 -1480 1991 970 -2233 -171 -1222 1412 208 1829 1897 206 721 -139 1105 -418 -79 -2689 1568 1853 -623 -265 3637 -1229
-417 1248 2375 2259 -1406 -1321 -1213 -1186 -1664 -102 1010 -1608 1387 -3296 1709 -2260 -2683 -816 -1015 207 3061 -1059 -656 1387 -2758 -2139 -3791 229 -2464 580 -3003 -89 -9 -25 -935 -1385 1396 3343 283 3417 -105 -1480 1991 970 -2233 -171 -1222 1412 208 1829 1897 206 721 -139 1105 -418 -79 -2689 1568 1853 -623 -265 3637 -1229
-417 1248 2375 2259 -1406 -1321 -1213 -1186 -1664 -102 1010 -1608 1387 -3296 1709 -2260 -2683 -816 -1015 207 3061 -1059 -656 1387 -2758 -2139 -3791 229 -2464 580 -3003 -89 -9 -25 -935 -1385 1396 3343 283 3417 -105 -1480 1991 970 -2233 -171 -1222 1412 208 1829 1897 206 721 -139 1105 -418 -79 -2689 1568 1853 -623 -265 3637 -1229
-417 1248 2375 2259 -1406 -1321 -1213 -1186 -1664 -102 1010 -1608 1387 -3296 1709 -2260 -2683 -816 -1015 207 3061 -1059 -656 1387 -2758 -2139 -3791 229 -2464 580 -3003 -89 -9 -25 -935 -1385 1396 3343 283 3417 -105 -1480 1991 970 -2233 -171 -1222 1412 208 1829 1897 206 721 -139 1105 -418 -79 -2689 1568 1853 -623 -265 3637 -1229
-417 1248 2375 2259 -1406 -1321 -1213 -1186 -1664 -102 1010 -1608 1387 -3296 1709 -2260 -2683 -816 -1015 207 3061 -1059 -656 1387 -2758 -2139 -3791 229 -2464 580 -3003 -89 -9 -25 -935 -1385 1396 3343 283 3417 -105 -1480 1991 970 -2233 -171 -1222 1412 208 1829 1897 206 721 -139 1105 -418 -79 -2689 1568 1853 -623 -265 3637 -1229
-417 1248 2375 2259 -1406 -1321 -1213 -1186 -1664 -102 1010 -1608 1387 -3296 1709 -2260 -2683 -816 -1015 207 3061 -1059 -656 1387 -2758 -2139 -3791 229 -2464 580 -3003 -89 -9 -25 -935 -1385 1396 3343 283 3417 -105 -1480 1991 970 -2233 -171 -1222 1412 208 1829 1897 206 721 -139 1105 -418 -79 -2689 1568 1853 -623 -265 3637 -1229
-417 1248 2375 2259 -1406 -1321 -1213 -1186 -1664 -102 1010 -1608 1387 -3296 1709 -2260 -2683 -816 -1015 207 3061 -1059 -656 1387 -2758 -2139 -3791 229 -2464 580 -3003 -89 -9 -25 -935 -1385 1396 3343 283 3417 -105 -1480 1991 970 -2233 -171 -1222 1412 208 1829 1897 206 721 -139 1105 -418 -79 -2689 1568 1853 -623 -265 3637 -1229
-417 1248 2375 2259 -1406 -1321 -1213 -1186 -1664 -102 1010 -1608 1387 -3296 1709 -2260 -2683 -816 -1015 207 3061 -1059 -656 1387 -2758 -2139 -3791 229 -2464 580 -3003 -89 -9 -25 -935 -1385 1396 3343 283 3417 -105 -1480 1991 970 -2233 -171 -1222 1412 208 1829 1897 206 721 -139 1105 -418 -79 -2689 1568 1853 -623 -265 3637 -1229
-417 1248 2375 2259 -1406 -1321 -1213 -1186 -1664 -102 1010 -1608 1387 -3296 1709 -2260 -2683 -816 -1015 207 3061 -1059 -656 1387 -2758 -2139 -3791 229 -2464 580 -3003 -89 -9 -25 -935 -1385 1396 3343 283 3417 -105 -1480 1991 970 -2233 -171 -1222 1412 208 1829 1897 206 721 -139 1105 -418 -79 -2689 1568 1853 -623 -265 3637 -1229
-417 1248 2375 2259 -1406 -1321 -1213 -1186 -1664 -102 1010 -1608 1387 -3296 1709 -2260 -2683 -816 -1015 207 3061 -1059 -656 1387 -2758 -2139 -3791 229 -2464 580 -3003 -89 -9 -25 -935 -1385 1396 3343 283 3417 -105 -1480 1991 970 -2233 -171 -1222 1412 208 1829 1897 206 721 -139 1105 -418 -79 -2689 1568 1853 -623 -265 3637 -1229
-417 1248 2375 2259 -1406 -1321 -1213 -1186 -1664 -102 1010 -1608 1387 -3296 1709 -2260 -2683 -816 -1015 207 3061 -1059 -656 1387 -2758 -2139 -3791 229 -2464 580 -3003 -89 -9 -25 -935 -1385 1396 3343 283 3417 -105 -1480 1991 970 -2233 -171 -1222 1412 208 1829 1897 206 721 -139 1105 -418 -79 -2689 1568 1853 -623 -265 3637 -1229
-417 1248 2375 2259 -1406 -1321 -1213 -1186 -1664 -102 1010 -1608 1387 -3296 1709 -2260 -2683 -816 -1015 207 3061 -1059 -656 1387 -2758 -2139 -3791 229 -2464 580 -3003 -89 -9 -25 -935 -1385 1396 3343 283 3417 -105 -1480 1991 970 -2233 -171 -1222 1412 208 1829 1897 206 721 -139 1105 -418 -79 -2689 1568 1853 -623 -265 3637 -1229
-417 1248 2375 2259 -1406 -1321 -1213 -1186 -1664 -102 1010 -1608 1387 -3296 1709 -2260 -2683 -816 -1015 207 3061 -1059 -656 1387 -2758 -2139 -3791 229 -2464 580 -3003 -89 -9 -25 -935 -1385 1396 3343 283 3417 -105 -1480 1991 970 -2233 -171 -1222 1412 208 1829 1897 206 721 -139 1105 -418 -79 -2689 1568 1853 -623 -265 3637 -1229
-417 1248 2375 2259 -1406 -1321 -1213 -1186 -1664 -102 1010 -1608 1387 -3296 1709 -2260 -2683 -816 -1015 207 3061 -1059 -656 1387 -2758 -2139 -3791 229 -2464 580 -3003 -89 -9 -25 -935 -1385 1396 3343 283 3417 -105 -1480 1991 970 -2233 -171 -1222 1412 208 1829 1897 206 721 -139 1105 -418 -79 -2689 1568 1853 -623 -265 3637 -1229
-417 1248 2375 2259 -1406 -1321 -1213 -1186 -1664 -102 1010 -1608 1387 -3296 1709 -2260 -2683 -816 -1015 207 3061 -1059 -656 1387 -2758 -2139 -3791 229 -2464 580 -3003 -89 -9 -25 -935 -1385 1396 3343 283 3417 -105 -1480 1991 970 -2233 -171 -1222 1412 208 1829 1897 206 721 -139 1105 -418 -79 -2689 1568 1853 -623 -265 3637 -1229
-417 1248 2375 2259 -1406 -1321 -1213 -1186 -1664 -102 1010 -1608 1387 -3296 1709 -2260 -2683 -816 -1015 207 3061 -1059 -656 1387 -2758 -2139 -3791 229 -2464 580 -3003 -89 -9 -25 -935 -1385 1396 3343 283 3417 -105 -1480 1991 970 -2233 -171 -1222 1412 208 1829 1897 206 721 -139 1105 -418 -79 -2689 1568 1853 -623 -265 3637 -1229
-417 1248 2375 2259 -1406 -1321 -1213 -1186 -1664 -102 1010 -1608 1387 -3296 1709 -2260 -2683 -816 -1015 207 3061 -1059 -656 1387 -2758 -2139 -3791 229 -2464 580 -3003 -89 -9 -25 -935 -1385 1396 3343 283 3417 -105 -1480 1991 970 -2233 -171 -1222 1412 208 1829 1897 206 721 -139 1105 -418 -79 -2689 1568 1853 -623 -265 3637 -1229
-417 1248 2375 2259 -1406 -1321 -1213 -1186 -1664 -102 1010 -1608 1387 -3296 1709 -2260 -2683 -816 -1015 207 3061 -1059 -656 1387 -2758 -2139 -3791 229 -2464 580 -3003 -89 -9 -25 -935 -1385 1396 3343 283 3417 -105 -1480 1991 970 -2233 -171 -1222 1412 208 1829 1897 206 721 -139 1105 -418 -79 -2689 1568 1853 -623 -265 3637 -1229
-417 1248 2375 2259 -1406 -1321 -1213 -1186 -1664 -102 1010 -1608 1387 -3296 1709 -2260 -2683 -816 -1015 207 3061 -1059 -656 1387 -2758 -2139 -3791 229 -2464 580 -3003 -89 -9 -25 -935 -1385 1396 3343 283 3417 -105 -1480 1991 970 -2233 -171 -1222 1412 208 1829 1897 206 721 -139 1105 -418 -79 -2689 1568 1853 -623 -265 3637 -1229
-417 1248 2375 2259 -1406 -1321 -1213 -1186 -1664 -102 1010 -1608 1387 -3296 1709 -2260 -2683 -816 -1015 207 3061 -1059 -656 1387 -2758 -2139 -3791 229 -2464 580 -3003 -89 -9 -25 -935 -1385 1396 3343 283 3417 -105 -1480 1991 970 -2233 -171 -1222 1412 208 1829 1897 206 721 -139 1105 -418 -79 -2689 1568 1853 -623 -265 3637 -1229
-417 1248 2375 2259 -1406 -1321 -1213 -1186 -1664 -102 1010 -1608 1387 -3296 1709 -2260 -2683 -816 -1015 207 3061 -1059 -656 1387 -2758 -2139 -3791 229 -2464 580 -3003 -89 -9 -25 -935 -1385 1396 3343 283 3417 -105 -1480 1991 970 -2233 -171 -1222 1412 208 1829 1897 206 721 -139 1105 -418 -79 -2689 1568 1853 -623 -265 3637 -1229
-417 1248 2375 2259 -1406 -1321 -1213 -1186 -1664 -102 1010 -1608 1387 -3296 1709 -2260 -2683 -816 -1015 207 3061 -1059 -656 1387 -2758 -2139 -3791 229 -2464 580 -3003 -89 -9 -25 -935 -1385 1396 3343 283 3417 -105 -1480 1991 970 -2233 -171 -1222 1412 208 1829 1897 206 721 -139 1105 -418 -79 -2689 1568 1853 -623 -265 3637 -1229
-417 1248 2375 2259 -1406 -1321 -1213 -1186 -1664 -102 1010 -1608 1387 -3296 1709 -2260 -2683 -816 -1015 207 3061 -1059 -656 1387 -2758 -2139 -3791 229 -2464 580 -3003 -89 -9 -25 -935 -1385 1396 3343 283 3417 -105 -1480 1991 970 -2233 -171 -1222 1412 208 1829 1897 206 721 -139 1105 -418 -79 -2689 1568 1853 -623 -265 3637 -1229
-417 1248 2375 2259 -1406 -1321 -1213 -1186 -1664 -102 1010 -1608 1387 -3296 1709 -2260 -2683 -816 -1015 207 3061 -1059 -656 1387 -2758 -2139 -3791 229 -2464 580 -3003 -89 -9 -25 -935 -1385 1396 3343 283 3417 -105 -1480 1991 970 -2233 -171 -1222 1412 208 1829 1897 206 721 -139 1105 -418 -79 -2689 1568 1853 -623 -265 3637 -1229
-417 1248 2375 2259 -1406 -1321 -1213 -1186 -1664 -102 1010 -1608 1387 -3296 1709 -2260 -2683 -816 -1015 207 3061 -1059 -656 1387 -2758 -2139 -3791 229 -2464 580 -3003 -89 -9 -25 -935 -1385 1396 3343 283 3417 -105 -1480 1991 970 -2233 -171 -1222 1412 208 1829 1897 206 721 -139 1105 -418 -79 -2689 1568 1853 -623 -265 3637 -1229
-417 1248 2375 2259 -1406 -1321 -1213 -1186 -1664 -102 1010 -1608 1387 -3296 1709 -2260 -2683 -816 -1015 207 3061 -1059 -656 1387 -2758 -2139 -3791 229 -2464 580 -3003 -89 -9 -25 -935 -1385 1396 3343 283 3417 -105 -1480 1991 970 -2233 -171 -1222 1412 208 1829 1897 206 721 -139 1105 -418 -79 -2689 1568 1853 -623 -265 3637 -1229
-417 1248 2375 2259 -1406 -1321 -1213 -1186 -1664 -102 1010 -1608 1387 -3296 1709 -2260 -2683 -816 -1015 207 3061 -1059 -656 1387 -2758 -2139 -3791 229 -2464 580 -3003 -89 -9 -25 -935 -1385 1396 3343 283 3417 -105 -1480 1991 970 -2233 -171 -1222 1412 208 1829 1897 206 721 -139 1105 -418 -79 -2689 1568 1853 -623 -265 3637 -1229
-417 1248 2375 2259 -1406 -1321 -1213 -1186 -1664 -102 1010 -1608 1387 -3296 1709 -2260 -2683 -816 -1015 207 3061 -1059 -656 1387 -2758 -2139 -3791 229 -2464 580 -3003 -89 -9 -25 -935 -1385 1396 3343 283 3417 -105 -1480 1991 970 -2233 -171 -1222 1412 208 1829 1897 206 721 -139 1105 -418 -79 -2689 1568 1853 -623 -265 3637 -1229
-417 1248 2375 2259 -1406 -1321 -1213 -1186 -1664 -102 1010 -1608 1387 -3296 1709 -2260 -2683 -816 -1015 207 3061 -1059 -656 1387 -2758 -2139 -3791 229 -2464 580 -3003 -89 -9 -25 -935 -1385 1396 3343 283 3417 -105 -1480 1991 970 -2233 -171 -1222 1412 208 1829 1897 206 721 -139 1105 -418 -79 -2689 1568 1853 -623 -265 3637 -1229
-417 1248 2375 2259 -1406 -1321 -1213 -1186 -1664 -102 1010 -1608 1387 -3296 1709 -2260 -2683 -816 -1015 207 3061 -1059 -656 1387 -2758 -2139 -3791 229 -2464 580 -3003 -89 -9 -25 -935 -1385 1396 3343 283 3417 -105 -1480 1991 970 -2233 -171 -1222 1412 208 1829 1897 206 721 -139 1105 -418 -79 -2689 1568 1853 -623 -265 3637 -1229
-417 1248 2375 2259 -1406 -1321 -1213 -1186 -1664 -102 1010 -1608 1387 -3296 1709 -2260 -2683 -816 -1015 207 3061 -1059 -656 1387 -2758 -2139 -3791 229 -2464 580 -3003 -89 -9 -25 -935 -1385 1396 3343 283 3417 -105 -1480 1991 970 -2233 -171 -1222 1412 208 1829 1897 206 721 -139 1105 -418 -79 -2689 1568 1853 -623 -265 3637 -1229
-417 1248 2375 2259 -1406 -1321 -1213 -1186 -1664 -102 1010 -1608 1387 -3296 1709 -2260 -2683 -816 -1015 207 3061 -1059 -656 1387 -2758 -2139 -3791 229 -2464 580 -3003 -89 -9 -25 -935 -1385 1396 3343 283 3417 -105 -1480 1991 970 -2233 -171 -1222 1412 208 1829 1897 206 721 -139 1105 -418 -79 -2689 1568 1853 -623 -265 3637 -1229
-417 1248 2375 2259 -1406 -1321 -1213 -1186 -1664 -102 1010 -1608 1387 -3296 1709 -2260 -2683 -816 -1015 207 3061 -1059 -656 1387 -2758 -2139 -3791 229 -2464 580 -3003 -89 -9 -25 -935 -1385 1396 3343 283 3417 -105 -1480 1991 970 -2233 -171 -1222 1412 208 1829 1897 206 721 -139 1105 -418 -79 -2689 1568 1853 -623 -265 3637 -1229
-417 1248 2375 2259 -1406 -1321 -1213 -1186 -1664 -102 1010 -1608 1387 -3296 1709 -2260 -2683 -816 -1015 207 3061 -1059 -656 1387 -2758 -2139 -3791 229 -2464 580 -3003 -89 -9 -25 -935 -1385 1396 3343 283 3417 -105 -1480 1991 970 -2233 -171 -1222 1412 208 1829 1897 206 721 -139 1105 -418 -79 -2689 1568 1853 -623 -265 3637 -1229
-417 1248 2375 2259 -1406 -1321 -1213 -1186 -1664 -102 1010 -1608 1387 -3296 1709 -2260 -2683 -816 -1015 207 3061 -1059 -656 1387 -2758 -2139 -3791 229 -2464 580 -3003 -89 -9 -25 -935 -1385 1396 3343 283 3417 -105 -1480 1991 970 -2233 -171 -1222 1412 208 1829 1897 206 721 -139 1105 -418 -79 -2689 1568 1853 -623 -265 3637 -1229
-417 1248 2375 2259 -1406 -1321 -1213 -1186 -1664 -102 1010 -1608 1387 -3296 1709 -2260 -2683 -816 -1015 207 3061 -1059 -656 1387 -2758 -2139 -3791 229 -2464 580 -3003 -89 -9 -25 -935 -1385 1396 3343 283 3417 -105 -1480 1991 970 -2233 -171 -1222 1412 208 1829 1897 206 721 -139 1105 -418 -79 -2689 1568 1853 -623 -265 3637 -1229
-417 1248 2375 2259 -1406 -1321 -1213 -1186 -1664 -102 1010 -1608 1387 -3296 1709 -2260 -2683 -816 -1015 207 3061 -1059 -656 1387 -2758 -2139 -3791 229 -2464 580 -3003 -89 -9 -25 -935 -1385 1396 3343 283 3417 -105 -1480 1991 970 -2233 -171 -1222 1412 208 1829 1897 206 721 -139 1105 -418 -79 -2689 1568 1853 -623 -265 3637 -1229
-417 1248 2375 2259 -1406 -1321 -1213 -1186 -1664 -102 1010 -1608 1387 -3296 1709 -2260 -2683 -816 -1015 207 3061 -1059 -656 1387 -2758 -2139 -3791 229 -2464 580 -3003 -89 -9 -25 -935 -1385 1396 3343 283 3417 -105 -1480 1991 970 -2233 -171 -1222 1412 208 1829 1897 206 721 -139 1105 -418 -79 -2689 1568 1853 -623 -265 3637 -1229
-417 1248 2375 2259 -1406 -1321 -1213 -1186 -1664 -102 1010 -1608 1387 -3296 1709 -2260 -2683 -816 -1015 207 3061 -1059 -656 1387 -2758 -2139 -3791 229 -2464 580 -3003 -89 -9 -25 -935 -1385 1396 3343 283 3417 -105 -1480 1991 970 -2233 -171 -1222 1412 208 1829 1897 206 721 -139 1105 -418 -79 -2689 1568 1853 -623 -265 3637 -1229
-417 1248 2375 2259 -1406 -1321 -1213 -1186 -1664 -102 1010 -1608 1387 -3296 1709 -2260 -2683 -816 -1015 207 3061 -1059 -656 1387 -2758 -2139 -3791 229 -2464 580 -3003 -89 -9 -25 -935 -1385 1396 3343 283 3417 -105 -1480 1991 970 -2233 -171 -1222 1412 208 1829 1897 206 721 -139 1105 -418 -79 -2689 1568 1853 -623 -265 3637 -1229
-417 1248 2375 2259 -1406 -1321 -1213 -1186 -1664 -102 1010 -1608 1387 -3296 1709 -2260 -2683 -816 -1015 207 3061 -1059 -656 1387 -2758 -2139 -3791 229 -2464 580 -3003 -89 -9 -25 -935 -1385 1396 3343 283 3417 -105 -1480 1991 970 -2233 -171 -1222 1412 208 1829 1897 206 721 -139 1105 -418 -79 -2689 1568 1853 -623 -265 3637 -1229
-417 1248 2375 2259 -1406 -1321 -1213 -1186 -1664 -102 1010 -1608 1387 -3296 1709 -2260 -2683 -816 -1015 207 3061 -1059 -656 1387 -2758 -2139 -3791 229 -2464 580 -3003 -89 -9 -25 -935 -1385 1396 3343 283 3417 -105 -1480 1991 970 -2233 -171 -1222 1412 208 1829 1897 206 721 -139 1105 -418 -79 -2689 1568 1853 -623 -265 3637 -1229
-417 1248 2375 2259 -1406 -1321 -1213 -1186 -1664 -102 1010 -1608 1387 -3296 1709 -2260 -2683 -816 -1015 207 3061 -1059 -656 1387 -2758 -2139 -3791 229 -2464 580 -3003 -89 -9 -25 -935 -1385 1396 3343 283 3417 -105 -1480 1991 970 -2233 -171 -1222 1412 208 1829 1897 206 721 -139 1105 -418 -79 -2689 1568 1853 -623 -265 3637 -1229
-417 1248 2375 2259 -1406 -1321 -1213 -1186 -1664 -102 1010 -1608 1387 -3296 1709 -2260 -2683 -816 -1015 207 3061 -1059 -656 1387 -2758 -2139 -3791 229 -2464 580 -3003 -89 -9 -25 -935 -1385 1396 3343 283 3417 -105 -1480 1991 970 -2233 -171 -1222 1412 208 1829 1897 206 721 -139 1105 -418 -79 -2689 1568 1853 -623 -265 3637 -1229
-417 1248 2375 2259 -1406 -1321 -1213 -1186 -1664 -102 1010 -1608 1387 -3296 1709 -2260 -2683 -816 -1015 207 3061 -1059 -656 1387 -2758 -2139 -3791 229 -2464 580 -3003 -89 -9 -25 -935 -1385 1396 3343 283 3417 -105 -1480 1991 970 -2233 -171 -1222 1412 208 1829 1897 206 721 -139 1105 -418 -79 -2689 1568 1853 -623 -265 3637 -1229
-417 1248 2375 2259 -1406 -1321 -1213 -1186 -1664 -102 1010 -1608 1387 -3296 1709 -2260 -2683 -816 -1015 207 3061 -1059 -656 1387 -2758 -2139 -3791 229 -2464 580 -3003 -89 -9 -25 -935 -1385 1396 3343 283 3417 -105 -1480 1991 970 -2233 -171 -1222 1412 208 1829 1897 206 721 -139 1105 -418 -79 -2689 1568 1853 -623 -265 3637 -1229
-417 1248 2375 2259 -1406 -1321 -1213 -1186 -1664 -102 1010 -1608 1387 -3296 1709 -2260 -2683 -816 -1015 207 3061 -1059 -656 1387 -2758 -2139 -3791 229 -2464 580 -3003 -89 -9 -25 -935 -1385 1396 3343 283 3417 -105 -1480 1991 970 -2233 -171 -1222 1412 208 1829 1897 206 721 -139 1105 -418 -79 -2689 1568 1853 -623 -265 3637 -1229
-417 1248 2375 2259 -1406 -1321 -1213 -1186 -1664 -102 1010 -1608 1387 -3296 1709 -2260 -2683 -816 -1015 207 3061 -1059 -656 1387 -2758 -2139 -3791 229 -2464 580 -3003 -89 -9 -25 -935 -1385 1396 3343 283 3417 -105 -1480 1991 970 -2233 -171 -1222 1412 208 1829 1897 206 721 -139 1105 -418 -79 -2689 1568 1853 -623 -265 3637 -1229
-417 1248 2375 2259 -1406 -1321 -1213 -1186 -1664 -102 1010 -1608 1387 -3296 1709 -2260 -2683 -816 -1015 207 3061 -1059 -656 1387 -2758 -2139 -3791 229 -2464 580 -3003 -89 -9 -25 -935 -1385 1396 3343 283 3417 -105 -1480 1991 970 -2233 -171 -1222 1412 208 1829 1897 206 721 -139 1105 -418 -79 -2689 1568 1853 -623 -265 3637 -1229
-417 1248 2375 2259 -1406 -1321 -1213 -1186 -1664 -102 1010 -1608 1387 -3296 1709 -2260 -2683 -816 -1015 207 3061 -1059 -656 1387 -2758 -2139 -3791 229 -2464 580 -3003 -89 -9 -25 -935 -1385 1396 3343 283 3417 -105 -1480 1991 970 -2233 -171 -1222 1412 208 1829 1897 206 721 -139 1105 -418 -79 -2689 1568 1853 -623 -265 3637 -1229
-417 1248 2375 2259 -1406 -1321 -1213 -1186 -1664 -102 1010 -1608 1387 -3296 1709 -2260 -2683 -816 -1015 207 3061 -1059 -656 1387 -2758 -2139 -3791 229 -2464 580 -3003 -89 -9 -25 -935 -1385 1396 3343 283 3417 -105 -1480 1991 970 -2233 -171 -1222 1412 208 1829 1897 206 721 -139 1105 -418 -79 -2689 1568 1853 -623 -265 3637 -1229
-417 1248 2375 2259 -1406 -1321 -1213 -1186 -1664 -102 1010 -1608 1387 -3296 1709 -2260 -2683 -816 -1015 207 3061 -1059 -656 1387 -2758 -2139 -3791 229 -2464 580 -3003 -89 -9 -25 -935 -1385 1396 3343 283 3417 -105 -1480 1991 970 -2233 -171 -1222 1412 208 1829 1897 206 721 -139 1105 -418 -79 -2689 1568 1853 -623 -265 3637 -1229
-417 1248 2375 2259 -1406 -1321 -1213 -1186 -1664 -102 1010 -1608 1387 -3296 1709 -2260 -2683 -816 -1015 207 3061 -1059 -656 1387 -2758 -2139 -3791 229 -2464 580 -3003 -89 -9 -25 -935 -1385 1396 3343 283 3417 -105 -1480 1991 970 -2233 -171 -1222 1412 208 1829 1897 206 721 -139 1105 -418 -79 -2689 1568 1853 -623 -265 3637 -1229
-417 1248 2375 2259 -1406 -1321 -1213 -1186 -1664 -102 1010 -1608 1387 -3296 1709 -2260 -2683 -816 -1015 207 3061 -1059 -656 1387 -2758 -2139 -3791 229 -2464 580 -3003 -89 -9 -25 -935 -1385 1396 3343 283 3417 -105 -1480 1991 970 -2233 -171 -1222 1412 208 1829 1897 206 721 -139 1105 -418 -79 -2689 1568 1853 -623 -265 3637 -1229
-417 1248 2375 2259 -1406 -1321 -1213 -1186 -1664 -102 1010 -1608 1387 -3296 1709 -2260 -2683 -816 -1015 207 3061 -1059 -656 1387 -2758 -2139 -3791 229 -2464 580 -3003 -89 -9 -25 -935 -1385 1396 3343 283 3417 -105 -1480 1991 970 -2233 -171 -1222 1412 208 1829 1897 206 721 -139 1105 -418 -79 -2689 1568 1853 -623 -265 3637 -1229
-417 1248 2375 2259 -1406 -1321 -1213 -1186 -1664 -102 1010 -1608 1387 -3296 1709 -2260 -2683 -816 -1015 207 3061 -1059 -656 1387 -2758 -2139 -3791 229 -2464 580 -3003 -89 -9 -25 -935 -1385 1396 3343 283 3417 -105 -1480 1991 970 -2233 -171 -1222 1412 208 1829 1897 206 721 -139 1105 -418 -79 -2689 1568 1853 -623 -265 3637 -1229
-417 1248 2375 2259 -1406 -1321 -1213 -1186 -1664 -102 1010 -1608 1387 -3296 1709 -2260 -2683 -816 -1015 207 3061 -1059 -656 1387 -2758 -2139 -3791 229 -2464 580 -3003 -89 -9 -25 -935 -1385 1396 3343 283 3417 -105 -1480 1991 970 -2233 -171 -1222 1412 208 1829 1897 206 721 -139 1105 -418 -79 -2689 1568 1853 -623 -265 3637 -1229
-417 1248 2375 2259 -1406 -1321 -1213 -1186 -1664 -102 1010 -1608 1387 -3296 1709 -2260 -2683 -816 -1015 207 3061 -1059 -656 1387 -2758 -2139 -3791 229 -2464 580 -3003 -89 -9 -25 -935 -1385 1396 3343 283 3417 -105 -1480 1991 970 -2233 -171 -1222 1412 208 1829 1897 206 721 -139 1105 -418 -79 -2689 1568 1853 -623 -265 3637 -1229
-417 1248 2375 2259 -1406 -1321 -1213 -1186 -1664 -102 1010 -1608 1387 -3296 1709 -2260 -2683 -816 -1015 207 3061 -1059 -656 1387 -2758 -2139 -3791 229 -2464 580 -3003 -89 -9 -25 -935 -1385 1396 3343 283 3417 -105 -1480 1991 970 -2233 -171 -1222 1412 208 1829 1897 206 721 -139 1105 -418 -79 -2689 1568 1853 -623 -265 3637 -1229
-417 1248 2375 2259 -1406 -1321 -1213 -1186 -1664 -102 1010 -1608 1387 -3296 1709 -2260 -2683 -816 -1015 207 3061 -1059 -656 1387 -2758 -2139 -3791 229 -2464 580 -3003 -89 -9 -25 -935 -1385 1396 3343 283 3417 -105 -1480 1991 970 -2233 -171 -1222 1412 208 1829 1897 206 721 -139 1105 -418 -79 -2689 1568 1853 -623 -265 3637 -1229
-417 1248 2375 2259 -1406 -1321 -1213 -1186 -1664 -102 1010 -1608 1387 -3296 1709 -2260 -2683 -816 -1015 207 3061 -1059 -656 1387 -2758 -2139 -3791 229 -2464 580 -3003 -89 -9 -25 -935 -1385 1396 3343 283 3417 -105 -1480 1991 970 -2233 -171 -1222 1412 208 1829 1897 206 721 -139 1105 -418 -79 -2689 1568 1853 -623 -265 3637 -1229
-417 1248 2375 2259 -1406 -1321 -1213 -1186 -1664 -102 1010 -1608 1387 -3296 1709 -2260 -2683 -816 -1015 207 3061 -1059 -656 1387 -2758 -2139 -3791 229 -2464 580 -3003 -89 -9 -25 -935 -1385 1396 3343 283 3417 -105 -1480 1991 970 -2233 -171 -1222 1412 208 1829 1897 206 721 -139 1105 -418 -79 -2689 1568 1853 -623 -265 3637 -1229
-417 1248 2375 2259 -1406 -1321 -1213 -1186 -1664 -102 1010 -1608 1387 -3296 1709 -2260 -2683 -816 -1015 207 3061 -1059 -656 1387 -2758 -2139 -3791 229 -2464 580 -3003 -89 -9 -25 -935 -1385 1396 3343 283 3417 -105 -1480 1991 970 -2233 -171 -1222 1412 208 1829 1897 206 721 -139 1105 -418 -79 -2689 1568 1853 -623 -265 3637 -1229
-417 1248 2375 2259 -1406 -1321 -1213 -1186 -1664 -102 1010 -1608 1387 -3296 1709 -2260 -2683 -816 -1015 207 3061 -1059 -656 1387 -2758 -2139 -3791 229 -2464 580 -3003 -89 -9 -25 -935 -1385 1396 3343 283 3417 -105 -1480 1991 970 -2233 -171 -1222 1412 208 1829 1897 206 721 -139 1105 -418 -79 -2689 1568 1853 -623 -265 3637 -1229
-417 1248 2375 2259 -1406 -1321 -1213 -1186 -1664 -102 1010 -1608 1387 -3296 1709 -2260 -2683 -816 -1015 207 3061 -1059 -656 1387 -2758 -2139 -3791 229 -2464 580 -3003 -89 -9 -25 -935 -1385 1396 3343 283 3417 -105 -1480 1991 970 -2233 -171 -1222 1412 208 1829 1897 206 721 -139 1105 -418 -79 -2689 1568 1853 -623 -265 3637 -1229
-417 1248 2375 2259 -1406 -1321 -1213 -1186 -1664 -102 1010 -1608 1387 -3296 1709 -2260 -2683 -816 -1015 207 3061 -1059 -656 1387 -2758 -2139 -3791 229 -2464 580 -3003 -89 -9 -25 -935 -1385 1396 3343 283 3417 -105 -1480 1991 970 -2233 -171 -1222 1412 208 1829 1897 206 721 -139 1105 -418 -79 -2689 1568 1853 -623 -265 3637 -1229
-417 1248 2375 2259 -1406 -1321 -1213 -1186 -1664 -102 1010 -1608 1387 -3296 1709 -2260 -2683 -816 -1015 207 3061 -1059 -656 1387 -2758 -2139 -3791 229 -2464 580 -3003 -89 -9 -25 -935 -1385 1396 3343 283 3417 -105 -1480 1991 970 -2233 -171 -1222 1412 208 1829 1897 206 721 -139 1105 -418 -79 -2689 1568 1853 -623 -265 3637 -1229
-417 1248 2375 2259 -1406 -1321 -1213 -1186 -1664 -102 1010 -1608 1387 -3296 1709 -2260 -2683 -816 -1015 207 3061 -1059 -656 1387 -2758 -2139 -3791 229 -2464 580 -3003 -89 -9 -25 -935 -1385 1396 3343 283 3417 -105 -1480 1991 970 -2233 -171 -1222 1412 208 1829 1897 206 721 -139 1105 -418 -79 -2689 1568 1853 -623 -265 3637 -1229
-417 1248 2375 2259 -1406 -1321 -1213 -1186 -1664 -102 1010 -1608 1387 -3296 1709 -2260 -2683 -816 -1015 207 3061 -1059 -656 1387 -2758 -2139 -3791 229 -2464 580 -3003 -89 -9 -25 -935 -1385 1396 3343 283 3417 -105 -1480 1991 970 -2233 -171 -1222 1412 208 1829 1897 206 721 -139 1105 -418 -79 -2689 1568 1853 -623 -265 3637 -1229
-417 1248 2375 2259 -1406 -1321 -1213 -1186 -1664 -102 1010 -1608 1387 -3296 1709 -2260 -2683 -816 -1015 207 3061 -1059 -656 1387 -2758 -2139 -3791 229 -2464 580 -3003 -89 -9 -25 -935 -1385 1396 3343 283 3417 -105 -1480 1991 970 -2233 -171 -1222 1412 208 1829 1897 206 721 -139 1105 -418 -79 -2689 1568 1853 -623 -265 3637 -1229
-417 1248 2375 2259 -1406 -1321 -1213 -1186 -1664 -102 1010 -1608 1387 -3296 1709 -2260 -2683 -816 -1015 207 3061 -1059 -656 1387 -2758 -2139 -3791 229 -2464 580 -3003 -89 -9 -25 -935 -1385 1396 3343 283 3417 -105 -1480 1991 970 -2233 -171 -1222 1412 208 1829 1897 206 721 -139 1105 -418 -79 -2689 1568 1853 -623 -265 3637 -1229
-417 1248 2375 2259 -1406 -1321 -1213 -1186 -1664 -102 1010 -1608 1387 -3296 1709 -2260 -2683 -816 -1015 207 3061 -1059 -656 1387 -2758 -2139 -3791 229 -2464 580 -3003 -89 -9 -25 -935 -1385 1396 3343 283 3417 -105 -1480 1991 970 -2233 -171 -1222 1412 208 1829 1897 206 721 -139 1105 -418 -79 -2689 1568 1853 -623 -265 3637 -1229
-417 1248 2375 2259 -1406 -1321 -1213 -1186 -1664 -102 1010 -1608 1387 -3296 1709 -2260 -2683 -816 -1015 207 3061 -1059 -656 1387 -2758 -2139 -3791 229 -2464 580 -3003 -89 -9 -25 -935 -1385 1396 3343 283 3417 -105 -1480 1991 970 -2233 -171 -1222 1412 208 1829 1897 206 721 -139 1105 -418 -79 -2689 1568 1853 -623 -265 3637 -1229
-417 1248 2375 2259 -1406 -1321 -1213 -1186 -1664 -102 1010 -1608 1387 -3296 1709 -2260 -2683 -816 -1015 207 3061 -1059 -656 1387 -2758 -2139 -3791 229 -2464 580 -3003 -89 -9 -25 -935 -1385 1396 3343 283 3417 -105 -1480 1991 970 -2233 -171 -1222 1412 208 1829 1897 206 721 -139 1105 -418 -79 -2689 1568 1853 -623 -265 3637 -1229
-417 1248 2375 2259 -1406 -1321 -1213 -1186 -1664 -102 1010 -1608 1387 -3296 1709 -2260 -2683 -816 -1015 207 3061 -1059 -656 1387 -2758 -2139 -3791 229 -2464 580 -3003 -89 -9 -25 -935 -1385 1396 3343 283 3417 -105 -1480 1991 970 -2233 -171 -1222 1412 208 1829 1897 206 721 -139 1105 -418 -79 -2689 1568 1853 -623 -265 3637 -1229
-417 1248 2375 2259 -1406 -1321 -1213 -1186 -1664 -102 1010 -1608 1387 -3296 1709 -2260 -2683 -816 -1015 207 3061 -1059 -656 1387 -2758 -2139 -3791 229 -2464 580 -3003 -89 -9 -25 -935 -1385 1396 3343 283 3417 -105 -1480 1991 970 -2233 -171 -1222 1412 208 1829 1897 206 721 -139 1105 -418 -79 -2689 1568 1853 -623 -265 3637 -1229
-417 1248 2375 2259 -1406 -1321 -1213 -1186 -1664 -102 1010 -1608 1387 -3296 1709 -2260 -2683 -816 -1015 207 3061 -1059 -656 1387 -2758 -2139 -3791 229 -2464 580 -3003 -89 -9 -25 -935 -1385 1396 3343 283 3417 -105 -1480 1991 970 -2233 -171 -1222 1412 208 1829 1897 206 721 -139 1105 -418 -79 -2689 1568 1853 -623 -265 3637 -1229
-417 1248 2375 2259 -1406 -1321 -1213 -1186 -1664 -102 1010 -1608 1387 -3296 1709 -2260 -2683 -816 -1015 207 3061 -1059 -656 1387 -2758 -2139 -3791 229 -2464 580 -3003 -89 -9 -25 -935 -1385 1396 3343 283 3417 -105 -1480 1991 970 -2233 -171 -1222 1412 208 1829 1897 206 721 -139 1105 -418 -79 -2689 1568 1853 -623 -265 3637 -1229
-417 1248 2375 2259 -1406 -1321 -1213 -1186 -1664 -102 1010 -1608 1387 -3296 1709 -2260 -2683 -816 -1015 207 3061 -1059 -656 1387 -2758 -2139 -3791 229 -2464 580 -3003 -89 -9 -25 -935 -1385 1396 3343 283 3417 -105 -1480 1991 970 -2233 -171 -1222 1412 208 1829 1897 206 721 -139 1105 -418 -79 -2689 1568 1853 -623 -265 3637 -1229
-417 1248 2375 2259 -1406 -1321 -1213 -1186 -1664 -102 1010 -1608 1387 -3296 1709 -2260 -2683 -816 -1015 207 3061 -1059 -656 1387 -2758 -2139 -3791 229 -2464 580 -3003 -89 -9 -25 -935 -1385 1396 3343 283 3417 -105 -1480 1991 970 -2233 -171 -1222 1412 208 1829 1897 206 721 -139 1105 -418 -79 -2689 1568 1853 -623 -265 3637 -1229
-417 1248 2375 2259 -1406 -1321 -1213 -1186 -1664 -102 1010 -1608 1387 -3296 1709 -2260 -2683 -816 -1015 207 3061 -1059 -656 1387 -2758 -2139 -3791 229 -2464 580 -3003 -89 -9 -25 -935 -1385 1396 3343 283 3417 -105 -1480 1991 970 -2233 -171 -1222 1412 208 1829 1897 206 721 -139 1105 -418 -79 -2689 1568 1853 -623 -265 3637 -1229
-417 1248 2375 2259 -1406 -1321 -1213 -1186 -1664 -102 1010 -1608 1387 -3296 1709 -2260 -2683 -816 -1015 207 3061 -1059 -656 1387 -2758 -2139 -3791 229 -2464 580 -3003 -89 -9 -25 -935 -1385 1396 3343 283 3417 -105 -1480 1991 970 -2233 -171 -1222 1412 208 1829 1897 206 721 -139 1105 -418 -79 -2689 1568 1853 -623 -265 3637 -1229
-417 1248 2375 2259 -1406 -1321 -1213 -1186 -1664 -102 1010 -1608 1387 -3296 1709 -2260 -2683 -816 -1015 207 3061 -1059 -656 1387 -2758 -2139 -3791 229 -2464 580 -3003 -89 -9 -25 -935 -1385 1396 3343 283 3417 -105 -1480 1991 970 -2233 -171 -1222 1412 208 1829 1897 206 721 -139 1105 -418 -79 -2689 1568 1853 -623 -265 3637 -1229
-417 1248 2375 2259 -1406 -1321 -1213 -1186 -1664 -102 1010 -1608 1387 -3296 1709 -2260 -2683 -816 -1015 207 3061 -1059 -656 1387 -2758 -2139 -3791 229 -2464 580 -3003 -89 -9 -25 -935 -1385 1396 3343 283 3417 -105 -1480 1991 970 -2233 -171 -1222 1412 208 1829 1897 206 721 -139 1105 -418 -79 -2689 1568 1853 -623 -265 3637 -1229
-417 1248 2375 2259 -1406 -1321 -1213 -1186 -1664 -102 1010 -1608 1387 -3296 1709 -2260 -2683 -816 -1015 207 3061 -1059 -656 1387 -2758 -2139 -3791 229 -2464 580 -3003 -89 -9 -25 -935 -1385 1396 3343 283 3417 -105 -1480 1991 970 -2233 -171 -1222 1412 208 1829 1897 206 721 -139 1105 -418 -79 -2689 1568 1853 -623 -265 3637 -1229
-417 1248 2375 2259 -1406 -1321 -1213 -1186 -1664 -102 1010 -1608 1387 -3296 1709 -2260 -2683 -816 -1015 207 3061 -1059 -656 1387 -2758 -2139 -3791 229 -2464 580 -3003 -89 -9 -25 -935 -1385 1396 3343 283 3417 -105 -1480 1991 970 -2233 -171 -1222 1412 208 1829 1897 206 721 -139 1105 -418 -79 -2689 1568 1853 -623 -265 3637 -1229
-417 1248 2375 2259 -1406 -1321 -1213 -1186 -1664 -102 1010 -1608 1387 -3296 1709 -2260 -2683 -816 -1015 207 3061 -1059 -656 1387 -2758 -2139 -3791 229 -2464 580 -3003 -89 -9 -25 -935 -1385 1396 3343 283 3417 -105 -1480 1991 970 -2233 -171 -1222 1412 208 1829 1897 206 721 -139 1105 -418 -79 -2689 1568 1853 -623 -265 3637 -1229
