1421 847 -699 1382 573 -518 279 949 724 242 -381 -783 1488 -469 336 -1563 1848 690 176 2173 -304 -1039 -151 -7 1133 -362 1189 114 750 -355 1139 -365 -357 1533 -468 -247 -408 1735 -861 -209 424 -18 -427 619 676 858 -690 476 -754 254 -944 807 323 660 103 546 -15 755 752 406 -671 -105 400 -1537
1416 921 -598 1285 581 -488 398 949 796 328 -421 -530 1545 -445 499 -1516 2162 692 338 2165 -177 -1089 135 64 1201 -364 1166 -38 733 -463 1132 -518 -237 1573 -509 -401 -303 1669 -988 -365 489 -97 -445 624 740 999 -646 662 -832 365 -864 761 214 406 257 588 94 901 501 492 -482 -107 446 -1574
1410 853 -718 1499 570 -450 390 1048 720 240 -284 -710 1522 -463 361 -1679 1903 814 127 2093 -321 -1050 -245 23 1019 -399 1153 71 844 -379 1114 -281 -382 1600 -405 -165 -402 1743 -961 -161 528 -50 -418 505 610 813 -610 597 -830 309 -887 797 385 692 192 474 85 775 841 535 -838 -193 381 -1502
1634 849 -782 1423 720 -623 284 1055 764 301 -307 -1026 1604 -436 293 -1671 1784 773 161 2209 -451 -1075 -450 -70 1243 -410 1153 142 895 -357 1044 -175 -646 1668 -485 -231 -642 1714 -850 20 492 38 -485 474 707 868 -710 366 -660 209 -1152 891 385 811 198 542 -11 747 977 525 -814 -316 280 -1722
1263 588 -892 1521 550 -461 569 1070 920 121 -394 -613 1500 -385 260 -1765 2105 1057 20 1906 -431 -1198 -125 79 1141 -341 1245 -18 855 -433 1173 -348 -153 1544 -313 68 -478 1692 -968 -117 694 255 -418 473 637 630 -516 691 -938 366 -820 908 405 519 241 459 176 930 897 391 -772 -319 454 -1236
1201 801 -398 1279 447 -357 303 932 652 229 -179 -725 1389 -506 203 -1516 1501 632 154 2094 -226 -861 -309 28 890 -322 1019 205 656 -441 1076 -306 -246 1339 -451 -197 -254 1672 -997 -193 311 -133 -342 653 586 960 -685 448 -760 253 -762 498 334 874 85 552 -62 557 707 471 -920 -122 215 -1397
1207 771 -818 1652 469 -198 470 1117 747 230 -280 -431 1409 -544 376 -1669 2011 907 -50 1966 -366 -1074 -85 102 873 -394 1246 10 733 -471 1191 -390 -180 1623 -341 -54 -331 1834 -1022 -191 525 -56 -403 565 516 784 -602 685 -952 356 -639 775 551 663 240 424 81 792 890 446 -928 -25 381 -1246
1078 918 -240 1279 339 -260 234 911 531 228 -151 -609 1312 -564 234 -1469 1383 503 136 2165 -133 -727 -278 66 699 -323 979 227 516 -464 1099 -358 -186 1269 -460 -281 -76 1733 -1046 -312 209 -322 -288 740 535 1078 -693 425 -768 261 -614 346 369 908 55 590 -127 504 612 542 -973 24 190 -1335
1224 736 -993 1786 494 -374 513 1131 818 216 -373 -441 1411 -538 407 -1770 2146 965 -115 1908 -416 -1143 -118 86 940 -417 1344 8 812 -403 1237 -364 -231 1652 -344 4 -444 1845 -929 -168 559 33 -395 508 487 626 -550 711 -968 379 -687 933 618 610 232 389 99 920 917 440 -925 -104 516 -1204
1194 655 -1518 2353 466 -479 621 1329 880 198 -395 -320 1422 -601 508 -2020 2462 1139 -380 1746 -670 -1225 -328 50 888 -532 1671 -58 947 -288 1273 -231 -461 1901 -234 190 -785 1970 -813 82 732 50 -509 211 335 278 -480 741 -1088 438 -654 1227 983 517 272 225 209 1111 1305 552 -1115 -115 687 -1123
1447 728 -1329 1972 661 -552 564 1229 889 249 -369 -601 1505 -488 466 -1922 2313 1117 -196 1862 -579 -1274 -303 48 1077 -462 1450 -2 992 -309 1219 -229 -444 1862 -319 93 -711 1868 -810 45 706 184 -469 335 488 449 -510 682 -976 365 -890 1181 717 649 288 319 142 1037 1172 494 -954 -261 604 -1346
1271 830 -511 1404 376 -356 261 973 634 202 -201 -859 1459 -515 146 -1604 1516 647 56 2146 -298 -827 -445 44 846 -395 995 220 677 -373 1088 -189 -446 1394 -439 -206 -319 1727 -986 -126 346 -166 -343 606 537 912 -642 453 -726 238 -827 649 447 908 156 531 -72 603 869 565 -953 -165 205 -1411
1447 704 -1020 1659 623 -524 557 1098 922 243 -362 -636 1529 -421 381 -1761 2203 1008 2 1931 -420 -1235 -138 95 1160 -376 1283 49 936 -367 1200 -337 -277 1713 -408 -48 -539 1766 -900 -98 615 197 -411 470 597 607 -523 736 -961 335 -908 1016 454 608 238 399 98 940 919 418 -794 -260 544 -1339
1068 799 -398 1300 327 -353 349 904 666 174 -235 -588 1361 -502 206 -1548 1578 645 117 2069 -171 -830 -210 94 800 -316 1032 172 599 -420 1146 -361 -143 1263 -433 -195 -133 1708 -1001 -288 331 -161 -281 701 551 931 -630 544 -824 300 -644 494 343 784 80 559 -48 635 631 480 -888 -91 305 -1253
1132 601 -931 1688 266 -222 584 1014 885 92 -303 -593 1529 -505 123 -1867 2045 990 -228 1869 -421 -1098 -217 184 838 -437 1181 126 757 -379 1331 -274 -209 1442 -318 82 -342 1855 -1032 -113 567 65 -301 608 350 607 -415 838 -980 431 -616 1026 631 788 315 371 95 939 995 434 -1009 -252 403 -973
1215 841 -434 1311 332 -280 280 931 625 202 -173 -792 1448 -516 120 -1581 1485 622 53 2124 -250 -801 -385 90 783 -373 935 236 626 -398 1098 -234 -389 1326 -455 -238 -215 1725 -1018 -170 316 -209 -303 660 520 988 -629 504 -738 261 -746 593 419 944 174 537 -93 595 784 552 -960 -139 194 -1352
1262 668 -1148 1813 454 -286 555 1119 920 186 -450 -474 1516 -529 342 -1812 2347 1083 -158 1911 -487 -1239 -71 138 1001 -466 1367 -38 830 -386 1276 -320 -286 1681 -299 53 -493 1854 -945 -109 690 86 -425 530 462 585 -536 805 -978 408 -717 1141 686 539 366 390 142 1035 1033 396 -828 -145 523 -1187
1214 744 -762 1543 428 -314 437 1013 785 200 -301 -622 1413 -515 236 -1654 1845 871 -92 1940 -338 -1012 -239 112 896 -376 1146 124 732 -387 1171 -286 -258 1456 -404 -59 -357 1764 -957 -157 451 -11 -331 601 490 776 -571 627 -855 329 -704 797 541 784 250 445 6 780 870 466 -952 -168 384 -1246
1003 955 -50 1155 195 -245 166 840 471 197 -82 -727 1326 -578 104 -1439 1151 392 162 2247 -67 -564 -403 78 592 -319 867 309 426 -430 1082 -302 -231 1117 -497 -338 40 1720 -1084 -308 133 -444 -230 815 515 1191 -718 377 -710 236 -584 221 341 1049 13 648 -194 399 576 600 -1022 16 101 -1361
955 950 13 1142 200 -220 195 815 490 178 -92 -618 1278 -560 141 -1398 1187 411 188 2216 -36 -592 -306 97 604 -285 873 271 407 -448 1067 -353 -148 1101 -484 -314 105 1725 -1120 -387 144 -435 -209 813 541 1191 -689 394 -753 273 -512 190 318 945 -11 645 -167 429 493 571 -995 51 120 -1311
1060 860 -281 1254 316 -306 306 874 628 196 -200 -603 1332 -523 192 -1481 1491 568 123 2104 -129 -781 -215 93 773 -299 994 205 543 -435 1126 -381 -127 1227 -467 -238 -86 1714 -1044 -328 259 -237 -261 743 546 1024 -646 499 -798 290 -600 414 335 840 76 582 -89 583 568 508 -915 -41 254 -1279
1017 777 -407 1369 254 -357 373 875 676 115 -274 -590 1411 -512 158 -1608 1628 628 100 2088 -146 -834 -169 100 767 -294 1055 181 582 -406 1225 -387 -84 1229 -410 -170 -115 1731 -1019 -330 329 -145 -278 737 505 870 -604 611 -849 296 -613 526 332 732 28 545 -2 686 628 477 -878 -77 336 -1180
1514 873 -606 1291 485 -391 168 945 618 250 -219 -1047 1574 -487 185 -1571 1541 624 119 2228 -353 -866 -474 -8 1017 -444 980 212 722 -316 1021 -123 -689 1489 -480 -304 -420 1692 -892 -18 388 -156 -434 571 607 977 -680 389 -604 210 -1019 815 416 919 214 545 -85 616 956 554 -819 -205 180 -1655
1872 934 -792 1280 720 -735 86 973 707 311 -349 -1410 1778 -416 193 -1654 1670 622 271 2443 -490 -998 -609 -135 1358 -502 1073 206 904 -240 1019 -8 -989 1681 -542 -399 -740 1694 -758 118 469 -37 -547 501 746 935 -801 220 -450 116 -1446 1039 307 875 205 614 -59 706 1085 570 -671 -376 196 -2022
1618 905 -626 1294 522 -557 117 971 623 293 -255 -1276 1684 -483 127 -1641 1509 580 196 2368 -407 -853 -626 -90 1081 -500 1004 246 794 -288 1067 -31 -830 1509 -518 -366 -563 1696 -864 64 381 -166 -475 575 631 993 -763 283 -512 156 -1217 847 355 996 187 596 -71 595 1029 605 -838 -310 110 -1796
1521 627 -1194 1679 634 -500 469 1143 933 156 -490 -916 1659 -414 234 -1778 2222 1116 -27 2035 -589 -1275 -198 -14 1275 -443 1339 -38 934 -332 1223 -201 -460 1761 -307 52 -723 1749 -861 45 776 307 -534 469 635 535 -601 630 -838 258 -1099 1222 507 561 291 437 177 949 1201 333 -665 -285 444 -1462
1309 610 -1059 1701 451 -257 501 1160 836 119 -382 -704 1558 -498 230 -1770 2097 1081 -138 1974 -526 -1141 -190 66 994 -464 1283 -24 806 -373 1229 -214 -374 1637 -251 90 -534 1799 -966 -23 712 173 -464 516 564 622 -613 694 -875 313 -831 1074 603 617 307 432 127 863 1180 387 -828 -181 388 -1277
1224 745 -765 1547 436 -244 400 1067 717 190 -305 -604 1395 -540 298 -1584 1833 862 -55 2010 -337 -981 -135 60 888 -378 1229 60 681 -409 1209 -348 -169 1514 -356 -54 -339 1799 -953 -177 466 7 -385 654 556 799 -684 590 -858 270 -711 734 484 725 172 478 12 679 927 406 -889 -28 360 -1295
1196 880 -580 1487 367 -312 310 990 628 185 -260 -643 1416 -545 298 -1603 1702 716 36 2116 -252 -870 -241 69 829 -396 1132 109 622 -382 1154 -309 -285 1442 -406 -166 -219 1789 -991 -227 409 -186 -360 648 536 902 -623 534 -833 311 -712 650 479 771 149 519 -4 682 820 536 -890 -41 326 -1396
1123 921 -159 1167 280 -351 169 851 539 184 -196 -782 1385 -545 152 -1455 1308 463 212 2278 -106 -668 -335 35 771 -337 947 244 509 -408 1102 -307 -259 1187 -489 -324 -66 1714 -1036 -319 206 -320 -289 787 604 1119 -737 382 -692 234 -724 358 291 899 21 655 -131 474 605 548 -901 -40 164 -1449
1473 623 -1354 1845 595 -561 535 1175 955 143 -522 -753 1619 -450 340 -1891 2405 1149 -100 1939 -569 -1315 -164 25 1277 -449 1475 -73 985 -309 1281 -263 -344 1779 -288 106 -744 1815 -807 18 779 328 -534 429 584 411 -551 732 -958 323 -1023 1276 578 483 287 382 221 1039 1213 362 -705 -286 589 -1405
1662 631 -1425 1798 691 -584 465 1196 943 181 -497 -952 1698 -425 320 -1916 2316 1153 -107 1994 -683 -1321 -340 -9 1358 -517 1418 -45 1041 -279 1195 -115 -624 1866 -311 77 -873 1783 -756 175 813 327 -583 358 605 453 -578 622 -818 280 -1193 1390 616 582 368 391 181 1020 1363 414 -733 -383 497 -1566
1775 793 -882 1451 642 -598 206 1042 772 229 -330 -1324 1761 -415 140 -1732 1746 825 91 2243 -531 -1033 -630 -69 1295 -487 1057 171 941 -287 1023 39 -861 1688 -451 -204 -753 1664 -839 148 549 104 -529 408 658 766 -643 379 -549 147 -1340 1100 458 824 311 499 38 757 1231 584 -803 -462 217 -1806
1744 625 -1154 1476 802 -808 449 1070 1063 215 -545 -1117 1759 -303 233 -1796 2260 1069 158 2102 -612 -1353 -292 -65 1614 -409 1318 4 1064 -327 1130 -176 -571 1765 -417 -64 -886 1674 -781 97 770 422 -547 383 777 568 -625 511 -735 243 -1326 1282 336 489 298 510 179 1038 1093 360 -572 -541 444 -1664
1275 501 -1372 1888 455 -290 618 1165 1010 52 -518 -667 1625 -491 165 -1934 2410 1286 -286 1857 -632 -1332 -166 121 1097 -479 1427 -62 878 -361 1347 -201 -287 1669 -184 270 -671 1855 -912 53 853 334 -474 519 444 394 -505 821 -971 373 -835 1352 758 548 421 372 228 1091 1325 310 -828 -289 497 -1140
1421 528 -1355 1759 603 -419 613 1162 1093 134 -561 -764 1626 -435 228 -1848 2456 1332 -194 1859 -604 -1395 -79 73 1318 -433 1411 -90 962 -364 1295 -266 -272 1733 -297 186 -716 1786 -867 34 833 428 -487 502 556 471 -530 796 -933 358 -947 1337 622 536 423 371 234 1096 1202 276 -737 -358 555 -1283
1218 861 -453 1310 338 -261 243 938 616 195 -216 -791 1450 -547 165 -1525 1515 629 70 2181 -242 -803 -313 48 840 -388 1030 187 592 -394 1125 -255 -335 1338 -445 -236 -232 1759 -1000 -188 329 -218 -349 720 555 1019 -730 458 -721 243 -756 583 401 900 150 575 -83 559 818 514 -915 -64 205 -1442
1073 814 -441 1347 354 -398 325 897 688 161 -299 -595 1354 -516 236 -1514 1635 651 120 2101 -187 -867 -166 48 865 -312 1135 144 598 -394 1157 -392 -119 1279 -426 -169 -190 1737 -974 -310 343 -145 -310 716 587 911 -692 498 -812 289 -656 523 345 716 41 573 -33 650 627 440 -846 -38 346 -1301
1289 814 -664 1440 488 -449 344 978 739 193 -345 -700 1468 -486 292 -1613 1803 756 103 2118 -299 -988 -197 34 1008 -379 1172 88 727 -374 1146 -309 -306 1470 -422 -160 -358 1744 -930 -207 448 -56 -393 621 611 843 -664 521 -789 287 -838 737 380 675 141 531 23 744 795 467 -806 -124 371 -1440
1099 772 -405 1270 363 -530 335 841 717 138 -357 -658 1408 -474 203 -1501 1660 609 218 2130 -123 -870 -107 26 944 -242 1104 156 599 -371 1187 -426 -106 1234 -444 -228 -192 1666 -924 -346 332 -44 -323 735 641 861 -671 523 -794 256 -735 535 239 616 -40 600 -13 697 557 398 -694 -93 393 -1315
1749 867 -889 1433 609 -485 208 1054 711 275 -299 -1194 1741 -458 229 -1714 1800 770 78 2291 -495 -1025 -510 -34 1208 -496 1088 163 858 -298 1069 -63 -842 1721 -476 -276 -621 1747 -865 92 541 -24 -535 488 652 884 -661 433 -618 202 -1217 1077 481 886 304 523 -29 757 1164 566 -776 -312 247 -1800
1124 972 -108 1158 260 -227 205 838 521 207 -174 -658 1411 -544 216 -1434 1417 437 261 2288 -37 -693 -199 103 742 -328 901 214 471 -455 1091 -383 -213 1231 -497 -393 48 1707 -1112 -390 227 -398 -286 805 583 1190 -664 498 -760 286 -637 351 287 833 80 651 -117 526 532 579 -817 28 171 -1434
1124 972 -108 1158 260 -227 205 838 521 207 -174 -658 1411 -544 216 -1434 1417 437 261 2288 -37 -693 -199 103 742 -328 901 214 471 -455 1091 -383 -213 1231 -497 -393 48 1707 -1112 -390 227 -398 -286 805 583 1190 -664 498 -760 286 -637 351 287 833 80 651 -117 526 532 579 -817 28 171 -1434
1124 972 -108 1158 260 -227 205 838 521 207 -174 -658 1411 -544 216 -1434 1417 437 261 2288 -37 -693 -199 103 742 -328 901 214 471 -455 1091 -383 -213 1231 -497 -393 48 1707 -1112 -390 227 -398 -286 805 583 1190 -664 498 -760 286 -637 351 287 833 80 651 -117 526 532 579 -817 28 171 -1434
1124 972 -108 1158 260 -227 205 838 521 207 -174 -658 1411 -544 216 -1434 1417 437 261 2288 -37 -693 -199 103 742 -328 901 214 471 -455 1091 -383 -213 1231 -497 -393 48 1707 -1112 -390 227 -398 -286 805 583 1190 -664 498 -760 286 -637 351 287 833 80 651 -117 526 532 579 -817 28 171 -1434
1124 972 -108 1158 260 -227 205 838 521 207 -174 -658 1411 -544 216 -1434 1417 437 261 2288 -37 -693 -199 103 742 -328 901 214 471 -455 1091 -383 -213 1231 -497 -393 48 1707 -1112 -390 227 -398 -286 805 583 1190 -664 498 -760 286 -637 351 287 833 80 651 -117 526 532 579 -817 28 171 -1434
1124 972 -108 1158 260 -227 205 838 521 207 -174 -658 1411 -544 216 -1434 1417 437 261 2288 -37 -693 -199 103 742 -328 901 214 471 -455 1091 -383 -213 1231 -497 -393 48 1707 -1112 -390 227 -398 -286 805 583 1190 -664 498 -760 286 -637 351 287 833 80 651 -117 526 532 579 -817 28 171 -1434
1124 972 -108 1158 260 -227 205 838 521 207 -174 -658 1411 -544 216 -1434 1417 437 261 2288 -37 -693 -199 103 742 -328 901 214 471 -455 1091 -383 -213 1231 -497 -393 48 1707 -1112 -390 227 -398 -286 805 583 1190 -664 498 -760 286 -637 351 287 833 80 651 -117 526 532 579 -817 28 171 -1434
1124 972 -108 1158 260 -227 205 838 521 207 -174 -658 1411 -544 216 -1434 1417 437 261 2288 -37 -693 -199 103 742 -328 901 214 471 -455 1091 -383 -213 1231 -497 -393 48 1707 -1112 -390 227 -398 -286 805 583 1190 -664 498 -760 286 -637 351 287 833 80 651 -117 526 532 579 -817 28 171 -1434
1124 972 -108 1158 260 -227 205 838 521 207 -174 -658 1411 -544 216 -1434 1417 437 261 2288 -37 -693 -199 103 742 -328 901 214 471 -455 1091 -383 -213 1231 -497 -393 48 1707 -1112 -390 227 -398 -286 805 583 1190 -664 498 -760 286 -637 351 287 833 80 651 -117 526 532 579 -817 28 171 -1434
1124 972 -108 1158 260 -227 205 838 521 207 -174 -658 1411 -544 216 -1434 1417 437 261 2288 -37 -693 -199 103 742 -328 901 214 471 -455 1091 -383 -213 1231 -497 -393 48 1707 -1112 -390 227 -398 -286 805 583 1190 -664 498 -760 286 -637 351 287 833 80 651 -117 526 532 579 -817 28 171 -1434
1124 972 -108 1158 260 -227 205 838 521 207 -174 -658 1411 -544 216 -1434 1417 437 261 2288 -37 -693 -199 103 742 -328 901 214 471 -455 1091 -383 -213 1231 -497 -393 48 1707 -1112 -390 227 -398 -286 805 583 1190 -664 498 -760 286 -637 351 287 833 80 651 -117 526 532 579 -817 28 171 -1434
1124 972 -108 1158 260 -227 205 838 521 207 -174 -658 1411 -544 216 -1434 1417 437 261 2288 -37 -693 -199 103 742 -328 901 214 471 -455 1091 -383 -213 1231 -497 -393 48 1707 -1112 -390 227 -398 -286 805 583 1190 -664 498 -760 286 -637 351 287 833 80 651 -117 526 532 579 -817 28 171 -1434
1124 972 -108 1158 260 -227 205 838 521 207 -174 -658 1411 -544 216 -1434 1417 437 261 2288 -37 -693 -199 103 742 -328 901 214 471 -455 1091 -383 -213 1231 -497 -393 48 1707 -1112 -390 227 -398 -286 805 583 1190 -664 498 -760 286 -637 351 287 833 80 651 -117 526 532 579 -817 28 171 -1434
1124 972 -108 1158 260 -227 205 838 521 207 -174 -658 1411 -544 216 -1434 1417 437 261 2288 -37 -693 -199 103 742 -328 901 214 471 -455 1091 -383 -213 1231 -497 -393 48 1707 -1112 -390 227 -398 -286 805 583 1190 -664 498 -760 286 -637 351 287 833 80 651 -117 526 532 579 -817 28 171 -1434
1124 972 -108 1158 260 -227 205 838 521 207 -174 -658 1411 -544 216 -1434 1417 437 261 2288 -37 -693 -199 103 742 -328 901 214 471 -455 1091 -383 -213 1231 -497 -393 48 1707 -1112 -390 227 -398 -286 805 583 1190 -664 498 -760 286 -637 351 287 833 80 651 -117 526 532 579 -817 28 171 -1434
1124 972 -108 1158 260 -227 205 838 521 207 -174 -658 1411 -544 216 -1434 1417 437 261 2288 -37 -693 -199 103 742 -328 901 214 471 -455 1091 -383 -213 1231 -497 -393 48 1707 -1112 -390 227 -398 -286 805 583 1190 -664 498 -760 286 -637 351 287 833 80 651 -117 526 532 579 -817 28 171 -1434
1124 972 -108 1158 260 -227 205 838 521 207 -174 -658 1411 -544 216 -1434 1417 437 261 2288 -37 -693 -199 103 742 -328 901 214 471 -455 1091 -383 -213 1231 -497 -393 48 1707 -1112 -390 227 -398 -286 805 583 1190 -664 498 -760 286 -637 351 287 833 80 651 -117 526 532 579 -817 28 171 -1434
1124 972 -108 1158 260 -227 205 838 521 207 -174 -658 1411 -544 216 -1434 1417 437 261 2288 -37 -693 -199 103 742 -328 901 214 471 -455 1091 -383 -213 1231 -497 -393 48 1707 -1112 -390 227 -398 -286 805 583 1190 -664 498 -760 286 -637 351 287 833 80 651 -117 526 532 579 -817 28 171 -1434
1124 972 -108 1158 260 -227 205 838 521 207 -174 -658 1411 -544 216 -1434 1417 437 261 2288 -37 -693 -199 103 742 -328 901 214 471 -455 1091 -383 -213 1231 -497 -393 48 1707 -1112 -390 227 -398 -286 805 583 1190 -664 498 -760 286 -637 351 287 833 80 651 -117 526 532 579 -817 28 171 -1434
1124 972 -108 1158 260 -227 205 838 521 207 -174 -658 1411 -544 216 -1434 1417 437 261 2288 -37 -693 -199 103 742 -328 901 214 471 -455 1091 -383 -213 1231 -497 -393 48 1707 -1112 -390 227 -398 -286 805 583 1190 -664 498 -760 286 -637 351 287 833 80 651 -117 526 532 579 -817 28 171 -1434
1124 972 -108 1158 260 -227 205 838 521 207 -174 -658 1411 -544 216 -1434 1417 437 261 2288 -37 -693 -199 103 742 -328 901 214 471 -455 1091 -383 -213 1231 -497 -393 48 1707 -1112 -390 227 -398 -286 805 583 1190 -664 498 -760 286 -637 351 287 833 80 651 -117 526 532 579 -817 28 171 -1434
1124 972 -108 1158 260 -227 205 838 521 207 -174 -658 1411 -544 216 -1434 1417 437 261 2288 -37 -693 -199 103 742 -328 901 214 471 -455 1091 -383 -213 1231 -497 -393 48 1707 -1112 -390 227 -398 -286 805 583 1190 -664 498 -760 286 -637 351 287 833 80 651 -117 526 532 579 -817 28 171 -1434
1124 972 -108 1158 260 -227 205 838 521 207 -174 -658 1411 -544 216 -1434 1417 437 261 2288 -37 -693 -199 103 742 -328 901 214 471 -455 1091 -383 -213 1231 -497 -393 48 1707 -1112 -390 227 -398 -286 805 583 1190 -664 498 -760 286 -637 351 287 833 80 651 -117 526 532 579 -817 28 171 -1434
1124 972 -108 1158 260 -227 205 838 521 207 -174 -658 1411 -544 216 -1434 1417 437 261 2288 -37 -693 -199 103 742 -328 901 214 471 -455 1091 -383 -213 1231 -497 -393 48 1707 -1112 -390 227 -398 -286 805 583 1190 -664 498 -760 286 -637 351 287 833 80 651 -117 526 532 579 -817 28 171 -1434
1124 972 -108 1158 260 -227 205 838 521 207 -174 -658 1411 -544 216 -1434 1417 437 261 2288 -37 -693 -199 103 742 -328 901 214 471 -455 1091 -383 -213 1231 -497 -393 48 1707 -1112 -390 227 -398 -286 805 583 1190 -664 498 -760 286 -637 351 287 833 80 651 -117 526 532 579 -817 28 171 -1434
1124 972 -108 1158 260 -227 205 838 521 207 -174 -658 1411 -544 216 -1434 1417 437 261 2288 -37 -693 -199 103 742 -328 901 214 471 -455 1091 -383 -213 1231 -497 -393 48 1707 -1112 -390 227 -398 -286 805 583 1190 -664 498 -760 286 -637 351 287 833 80 651 -117 526 532 579 -817 28 171 -1434
1124 972 -108 1158 260 -227 205 838 521 207 -174 -658 1411 -544 216 -1434 1417 437 261 2288 -37 -693 -199 103 742 -328 901 214 471 -455 1091 -383 -213 1231 -497 -393 48 1707 -1112 -390 227 -398 -286 805 583 1190 -664 498 -760 286 -637 351 287 833 80 651 -117 526 532 579 -817 28 171 -1434
1124 972 -108 1158 260 -227 205 838 521 207 -174 -658 1411 -544 216 -1434 1417 437 261 2288 -37 -693 -199 103 742 -328 901 214 471 -455 1091 -383 -213 1231 -497 -393 48 1707 -1112 -390 227 -398 -286 805 583 1190 -664 498 -760 286 -637 351 287 833 80 651 -117 526 532 579 -817 28 171 -1434
1124 972 -108 1158 260 -227 205 838 521 207 -174 -658 1411 -544 216 -1434 1417 437 261 2288 -37 -693 -199 103 742 -328 901 214 471 -455 1091 -383 -213 1231 -497 -393 48 1707 -1112 -390 227 -398 -286 805 583 1190 -664 498 -760 286 -637 351 287 833 80 651 -117 526 532 579 -817 28 171 -1434
1124 972 -108 1158 260 -227 205 838 521 207 -174 -658 1411 -544 216 -1434 1417 437 261 2288 -37 -693 -199 103 742 -328 901 214 471 -455 1091 -383 -213 1231 -497 -393 48 1707 -1112 -390 227 -398 -286 805 583 1190 -664 498 -760 286 -637 351 287 833 80 651 -117 526 532 579 -817 28 171 -1434
1124 972 -108 1158 260 -227 205 838 521 207 -174 -658 1411 -544 216 -1434 1417 437 261 2288 -37 -693 -199 103 742 -328 901 214 471 -455 1091 -383 -213 1231 -497 -393 48 1707 -1112 -390 227 -398 -286 805 583 1190 -664 498 -760 286 -637 351 287 833 80 651 -117 526 532 579 -817 28 171 -1434
1124 972 -108 1158 260 -227 205 838 521 207 -174 -658 1411 -544 216 -1434 1417 437 261 2288 -37 -693 -199 103 742 -328 901 214 471 -455 1091 -383 -213 1231 -497 -393 48 1707 -1112 -390 227 -398 -286 805 583 1190 -664 498 -760 286 -637 351 287 833 80 651 -117 526 532 579 -817 28 171 -1434
1124 972 -108 1158 260 -227 205 838 521 207 -174 -658 1411 -544 216 -1434 1417 437 261 2288 -37 -693 -199 103 742 -328 901 214 471 -455 1091 -383 -213 1231 -497 -393 48 1707 -1112 -390 227 -398 -286 805 583 1190 -664 498 -760 286 -637 351 287 833 80 651 -117 526 532 579 -817 28 171 -1434
1124 972 -108 1158 260 -227 205 838 521 207 -174 -658 1411 -544 216 -1434 1417 437 261 2288 -37 -693 -199 103 742 -328 901 214 471 -455 1091 -383 -213 1231 -497 -393 48 1707 -1112 -390 227 -398 -286 805 583 1190 -664 498 -760 286 -637 351 287 833 80 651 -117 526 532 579 -817 28 171 -1434
1124 972 -108 1158 260 -227 205 838 521 207 -174 -658 1411 -544 216 -1434 1417 437 261 2288 -37 -693 -199 103 742 -328 901 214 471 -455 1091 -383 -213 1231 -497 -393 48 1707 -1112 -390 227 -398 -286 805 583 1190 -664 498 -760 286 -637 351 287 833 80 651 -117 526 532 579 -817 28 171 -1434
1124 972 -108 1158 260 -227 205 838 521 207 -174 -658 1411 -544 216 -1434 1417 437 261 2288 -37 -693 -199 103 742 -328 901 214 471 -455 1091 -383 -213 1231 -497 -393 48 1707 -1112 -390 227 -398 -286 805 583 1190 -664 498 -760 286 -637 351 287 833 80 651 -117 526 532 579 -817 28 171 -1434
1124 972 -108 1158 260 -227 205 838 521 207 -174 -658 1411 -544 216 -1434 1417 437 261 2288 -37 -693 -199 103 742 -328 901 214 471 -455 1091 -383 -213 1231 -497 -393 48 1707 -1112 -390 227 -398 -286 805 583 1190 -664 498 -760 286 -637 351 287 833 80 651 -117 526 532 579 -817 28 171 -1434
1124 972 -108 1158 260 -227 205 838 521 207 -174 -658 1411 -544 216 -1434 1417 437 261 2288 -37 -693 -199 103 742 -328 901 214 471 -455 1091 -383 -213 1231 -497 -393 48 1707 -1112 -390 227 -398 -286 805 583 1190 -664 498 -760 286 -637 351 287 833 80 651 -117 526 532 579 -817 28 171 -1434
1124 972 -108 1158 260 -227 205 838 521 207 -174 -658 1411 -544 216 -1434 1417 437 261 2288 -37 -693 -199 103 742 -328 901 214 471 -455 1091 -383 -213 1231 -497 -393 48 1707 -1112 -390 227 -398 -286 805 583 1190 -664 498 -760 286 -637 351 287 833 80 651 -117 526 532 579 -817 28 171 -1434
1124 972 -108 1158 260 -227 205 838 521 207 -174 -658 1411 -544 216 -1434 1417 437 261 2288 -37 -693 -199 103 742 -328 901 214 471 -455 1091 -383 -213 1231 -497 -393 48 1707 -1112 -390 227 -398 -286 805 583 1190 -664 498 -760 286 -637 351 287 833 80 651 -117 526 532 579 -817 28 171 -1434
1124 972 -108 1158 260 -227 205 838 521 207 -174 -658 1411 -544 216 -1434 1417 437 261 2288 -37 -693 -199 103 742 -328 901 214 471 -455 1091 -383 -213 1231 -497 -393 48 1707 -1112 -390 227 -398 -286 805 583 1190 -664 498 -760 286 -637 351 287 833 80 651 -117 526 532 579 -817 28 171 -1434
1124 972 -108 1158 260 -227 205 838 521 207 -174 -658 1411 -544 216 -1434 1417 437 261 2288 -37 -693 -199 103 742 -328 901 214 471 -455 1091 -383 -213 1231 -497 -393 48 1707 -1112 -390 227 -398 -286 805 583 1190 -664 498 -760 286 -637 351 287 833 80 651 -117 526 532 579 -817 28 171 -1434
1124 972 -108 1158 260 -227 205 838 521 207 -174 -658 1411 -544 216 -1434 1417 437 261 2288 -37 -693 -199 103 742 -328 901 214 471 -455 1091 -383 -213 1231 -497 -393 48 1707 -1112 -390 227 -398 -286 805 583 1190 -664 498 -760 286 -637 351 287 833 80 651 -117 526 532 579 -817 28 171 -1434
1124 972 -108 1158 260 -227 205 838 521 207 -174 -658 1411 -544 216 -1434 1417 437 261 2288 -37 -693 -199 103 742 -328 901 214 471 -455 1091 -383 -213 1231 -497 -393 48 1707 -1112 -390 227 -398 -286 805 583 1190 -664 498 -760 286 -637 351 287 833 80 651 -117 526 532 579 -817 28 171 -1434
1124 972 -108 1158 260 -227 205 838 521 207 -174 -658 1411 -544 216 -1434 1417 437 261 2288 -37 -693 -199 103 742 -328 901 214 471 -455 1091 -383 -213 1231 -497 -393 48 1707 -1112 -390 227 -398 -286 805 583 1190 -664 498 -760 286 -637 351 287 833 80 651 -117 526 532 579 -817 28 171 -1434
1124 972 -108 1158 260 -227 205 838 521 207 -174 -658 1411 -544 216 -1434 1417 437 261 2288 -37 -693 -199 103 742 -328 901 214 471 -455 1091 -383 -213 1231 -497 -393 48 1707 -1112 -390 227 -398 -286 805 583 1190 -664 498 -760 286 -637 351 287 833 80 651 -117 526 532 579 -817 28 171 -1434
1124 972 -108 1158 260 -227 205 838 521 207 -174 -658 1411 -544 216 -1434 1417 437 261 2288 -37 -693 -199 103 742 -328 901 214 471 -455 1091 -383 -213 1231 -497 -393 48 1707 -1112 -390 227 -398 -286 805 583 1190 -664 498 -760 286 -637 351 287 833 80 651 -117 526 532 579 -817 28 171 -1434
1124 972 -108 1158 260 -227 205 838 521 207 -174 -658 1411 -544 216 -1434 1417 437 261 2288 -37 -693 -199 103 742 -328 901 214 471 -455 1091 -383 -213 1231 -497 -393 48 1707 -1112 -390 227 -398 -286 805 583 1190 -664 498 -760 286 -637 351 287 833 80 651 -117 526 532 579 -817 28 171 -1434
1124 972 -108 1158 260 -227 205 838 521 207 -174 -658 1411 -544 216 -1434 1417 437 261 2288 -37 -693 -199 103 742 -328 901 214 471 -455 1091 -383 -213 1231 -497 -393 48 1707 -1112 -390 227 -398 -286 805 583 1190 -664 498 -760 286 -637 351 287 833 80 651 -117 526 532 579 -817 28 171 -1434
1124 972 -108 1158 260 -227 205 838 521 207 -174 -658 1411 -544 216 -1434 1417 437 261 2288 -37 -693 -199 103 742 -328 901 214 471 -455 1091 -383 -213 1231 -497 -393 48 1707 -1112 -390 227 -398 -286 805 583 1190 -664 498 -760 286 -637 351 287 833 80 651 -117 526 532 579 -817 28 171 -1434
1124 972 -108 1158 260 -227 205 838 521 207 -174 -658 1411 -544 216 -1434 1417 437 261 2288 -37 -693 -199 103 742 -328 901 214 471 -455 1091 -383 -213 1231 -497 -393 48 1707 -1112 -390 227 -398 -286 805 583 1190 -664 498 -760 286 -637 351 287 833 80 651 -117 526 532 579 -817 28 171 -1434
1124 972 -108 1158 260 -227 205 838 521 207 -174 -658 1411 -544 216 -1434 1417 437 261 2288 -37 -693 -199 103 742 -328 901 214 471 -455 1091 -383 -213 1231 -497 -393 48 1707 -1112 -390 227 -398 -286 805 583 1190 -664 498 -760 286 -637 351 287 833 80 651 -117 526 532 579 -817 28 171 -1434
1124 972 -108 1158 260 -227 205 838 521 207 -174 -658 1411 -544 216 -1434 1417 437 261 2288 -37 -693 -199 103 742 -328 901 214 471 -455 1091 -383 -213 1231 -497 -393 48 1707 -1112 -390 227 -398 -286 805 583 1190 -664 498 -760 286 -637 351 287 833 80 651 -117 526 532 579 -817 28 171 -1434
1124 972 -108 1158 260 -227 205 838 521 207 -174 -658 1411 -544 216 -1434 1417 437 261 2288 -37 -693 -199 103 742 -328 901 214 471 -455 1091 -383 -213 1231 -497 -393 48 1707 -1112 -390 227 -398 -286 805 583 1190 -664 498 -760 286 -637 351 287 833 80 651 -117 526 532 579 -817 28 171 -1434
1124 972 -108 1158 260 -227 205 838 521 207 -174 -658 1411 -544 216 -1434 1417 437 261 2288 -37 -693 -199 103 742 -328 901 214 471 -455 1091 -383 -213 1231 -497 -393 48 1707 -1112 -390 227 -398 -286 805 583 1190 -664 498 -760 286 -637 351 287 833 80 651 -117 526 532 579 -817 28 171 -1434
1124 972 -108 1158 260 -227 205 838 521 207 -174 -658 1411 -544 216 -1434 1417 437 261 2288 -37 -693 -199 103 742 -328 901 214 471 -455 1091 -383 -213 1231 -497 -393 48 1707 -1112 -390 227 -398 -286 805 583 1190 -664 498 -760 286 -637 351 287 833 80 651 -117 526 532 579 -817 28 171 -1434
1124 972 -108 1158 260 -227 205 838 521 207 -174 -658 1411 -544 216 -1434 1417 437 261 2288 -37 -693 -199 103 742 -328 901 214 471 -455 1091 -383 -213 1231 -497 -393 48 1707 -1112 -390 227 -398 -286 805 583 1190 -664 498 -760 286 -637 351 287 833 80 651 -117 526 532 579 -817 28 171 -1434
1124 972 -108 1158 260 -227 205 838 521 207 -174 -658 1411 -544 216 -1434 1417 437 261 2288 -37 -693 -199 103 742 -328 901 214 471 -455 1091 -383 -213 1231 -497 -393 48 1707 -1112 -390 227 -398 -286 805 583 1190 -664 498 -760 286 -637 351 287 833 80 651 -117 526 532 579 -817 28 171 -1434
1124 972 -108 1158 260 -227 205 838 521 207 -174 -658 1411 -544 216 -1434 1417 437 261 2288 -37 -693 -199 103 742 -328 901 214 471 -455 1091 -383 -213 1231 -497 -393 48 1707 -1112 -390 227 -398 -286 805 583 1190 -664 498 -760 286 -637 351 287 833 80 651 -117 526 532 579 -817 28 171 -1434
1124 972 -108 1158 260 -227 205 838 521 207 -174 -658 1411 -544 216 -1434 1417 437 261 2288 -37 -693 -199 103 742 -328 901 214 471 -455 1091 -383 -213 1231 -497 -393 48 1707 -1112 -390 227 -398 -286 805 583 1190 -664 498 -760 286 -637 351 287 833 80 651 -117 526 532 579 -817 28 171 -1434
1124 972 -108 1158 260 -227 205 838 521 207 -174 -658 1411 -544 216 -1434 1417 437 261 2288 -37 -693 -199 103 742 -328 901 214 471 -455 1091 -383 -213 1231 -497 -393 48 1707 -1112 -390 227 -398 -286 805 583 1190 -664 498 -760 286 -637 351 287 833 80 651 -117 526 532 579 -817 28 171 -1434
1124 972 -108 1158 260 -227 205 838 521 207 -174 -658 1411 -544 216 -1434 1417 437 261 2288 -37 -693 -199 103 742 -328 901 214 471 -455 1091 -383 -213 1231 -497 -393 48 1707 -1112 -390 227 -398 -286 805 583 1190 -664 498 -760 286 -637 351 287 833 80 651 -117 526 532 579 -817 28 171 -1434
1124 972 -108 1158 260 -227 205 838 521 207 -174 -658 1411 -544 216 -1434 1417 437 261 2288 -37 -693 -199 103 742 -328 901 214 471 -455 1091 -383 -213 1231 -497 -393 48 1707 -1112 -390 227 -398 -286 805 583 1190 -664 498 -760 286 -637 351 287 833 80 651 -117 526 532 579 -817 28 171 -1434
1124 972 -108 1158 260 -227 205 838 521 207 -174 -658 1411 -544 216 -1434 1417 437 261 2288 -37 -693 -199 103 742 -328 901 214 471 -455 1091 -383 -213 1231 -497 -393 48 1707 -1112 -390 227 -398 -286 805 583 1190 -664 498 -760 286 -637 351 287 833 80 651 -117 526 532 579 -817 28 171 -1434
1124 972 -108 1158 260 -227 205 838 521 207 -174 -658 1411 -544 216 -1434 1417 437 261 2288 -37 -693 -199 103 742 -328 901 214 471 -455 1091 -383 -213 1231 -497 -393 48 1707 -1112 -390 227 -398 -286 805 583 1190 -664 498 -760 286 -637 351 287 833 80 651 -117 526 532 579 -817 28 171 -1434
1124 972 -108 1158 260 -227 205 838 521 207 -174 -658 1411 -544 216 -1434 1417 437 261 2288 -37 -693 -199 103 742 -328 901 214 471 -455 1091 -383 -213 1231 -497 -393 48 1707 -1112 -390 227 -398 -286 805 583 1190 -664 498 -760 286 -637 351 287 833 80 651 -117 526 532 579 -817 28 171 -1434
1124 972 -108 1158 260 -227 205 838 521 207 -174 -658 1411 -544 216 -1434 1417 437 261 2288 -37 -693 -199 103 742 -328 901 214 471 -455 1091 -383 -213 1231 -497 -393 48 1707 -1112 -390 227 -398 -286 805 583 1190 -664 498 -760 286 -637 351 287 833 80 651 -117 526 532 579 -817 28 171 -1434
1124 972 -108 1158 260 -227 205 838 521 207 -174 -658 1411 -544 216 -1434 1417 437 261 2288 -37 -693 -199 103 742 -328 901 214 471 -455 1091 -383 -213 1231 -497 -393 48 1707 -1112 -390 227 -398 -286 805 583 1190 -664 498 -760 286 -637 351 287 833 80 651 -117 526 532 579 -817 28 171 -1434
1124 972 -108 1158 260 -227 205 838 521 207 -174 -658 1411 -544 216 -1434 1417 437 261 2288 -37 -693 -199 103 742 -328 901 214 471 -455 1091 -383 -213 1231 -497 -393 48 1707 -1112 -390 227 -398 -286 805 583 1190 -664 498 -760 286 -637 351 287 833 80 651 -117 526 532 579 -817 28 171 -1434
1124 972 -108 1158 260 -227 205 838 521 207 -174 -658 1411 -544 216 -1434 1417 437 261 2288 -37 -693 -199 103 742 -328 901 214 471 -455 1091 -383 -213 1231 -497 -393 48 1707 -1112 -390 227 -398 -286 805 583 1190 -664 498 -760 286 -637 351 287 833 80 651 -117 526 532 579 -817 28 171 -1434
1124 972 -108 1158 260 -227 205 838 521 207 -174 -658 1411 -544 216 -1434 1417 437 261 2288 -37 -693 -199 103 742 -328 901 214 471 -455 1091 -383 -213 1231 -497 -393 48 1707 -1112 -390 227 -398 -286 805 583 1190 -664 498 -760 286 -637 351 287 833 80 651 -117 526 532 579 -817 28 171 -1434
1124 972 -108 1158 260 -227 205 838 521 207 -174 -658 1411 -544 216 -1434 1417 437 261 2288 -37 -693 -199 103 742 -328 901 214 471 -455 1091 -383 -213 1231 -497 -393 48 1707 -1112 -390 227 -398 -286 805 583 1190 -664 498 -760 286 -637 351 287 833 80 651 -117 526 532 579 -817 28 171 -1434
1124 972 -108 1158 260 -227 205 838 521 207 -174 -658 1411 -544 216 -1434 1417 437 261 2288 -37 -693 -199 103 742 -328 901 214 471 -455 1091 -383 -213 1231 -497 -393 48 1707 -1112 -390 227 -398 -286 805 583 1190 -664 498 -760 286 -637 351 287 833 80 651 -117 526 532 579 -817 28 171 -1434
1124 972 -108 1158 260 -227 205 838 521 207 -174 -658 1411 -544 216 -1434 1417 437 261 2288 -37 -693 -199 103 742 -328 901 214 471 -455 1091 -383 -213 1231 -497 -393 48 1707 -1112 -390 227 -398 -286 805 583 1190 -664 498 -760 286 -637 351 287 833 80 651 -117 526 532 579 -817 28 171 -1434
1124 972 -108 1158 260 -227 205 838 521 207 -174 -658 1411 -544 216 -1434 1417 437 261 2288 -37 -693 -199 103 742 -328 901 214 471 -455 1091 -383 -213 1231 -497 -393 48 1707 -1112 -390 227 -398 -286 805 583 1190 -664 498 -760 286 -637 351 287 833 80 651 -117 526 532 579 -817 28 171 -1434
1124 972 -108 1158 260 -227 205 838 521 207 -174 -658 1411 -544 216 -1434 1417 437 261 2288 -37 -693 -199 103 742 -328 901 214 471 -455 1091 -383 -213 1231 -497 -393 48 1707 -1112 -390 227 -398 -286 805 583 1190 -664 498 -760 286 -637 351 287 833 80 651 -117 526 532 579 -817 28 171 -1434
1124 972 -108 1158 260 -227 205 838 521 207 -174 -658 1411 -544 216 -1434 1417 437 261 2288 -37 -693 -199 103 742 -328 901 214 471 -455 1091 -383 -213 1231 -497 -393 48 1707 -1112 -390 227 -398 -286 805 583 1190 -664 498 -760 286 -637 351 287 833 80 651 -117 526 532 579 -817 28 171 -1434
1124 972 -108 1158 260 -227 205 838 521 207 -174 -658 1411 -544 216 -1434 1417 437 261 2288 -37 -693 -199 103 742 -328 901 214 471 -455 1091 -383 -213 1231 -497 -393 48 1707 -1112 -390 227 -398 -286 805 583 1190 -664 498 -760 286 -637 351 287 833 80 651 -117 526 532 579 -817 28 171 -1434
1124 972 -108 1158 260 -227 205 838 521 207 -174 -658 1411 -544 216 -1434 1417 437 261 2288 -37 -693 -199 103 742 -328 901 214 471 -455 1091 -383 -213 1231 -497 -393 48 1707 -1112 -390 227 -398 -286 805 583 1190 -664 498 -760 286 -637 351 287 833 80 651 -117 526 532 579 -817 28 171 -1434
1124 972 -108 1158 260 -227 205 838 521 207 -174 -658 1411 -544 216 -1434 1417 437 261 2288 -37 -693 -199 103 742 -328 901 214 471 -455 1091 -383 -213 1231 -497 -393 48 1707 -1112 -390 227 -398 -286 805 583 1190 -664 498 -760 286 -637 351 287 833 80 651 -117 526 532 579 -817 28 171 -1434
1124 972 -108 1158 260 -227 205 838 521 207 -174 -658 1411 -544 216 -1434 1417 437 261 2288 -37 -693 -199 103 742 -328 901 214 471 -455 1091 -383 -213 1231 -497 -393 48 1707 -1112 -390 227 -398 -286 805 583 1190 -664 498 -760 286 -637 351 287 833 80 651 -117 526 532 579 -817 28 171 -1434
1124 972 -108 1158 260 -227 205 838 521 207 -174 -658 1411 -544 216 -1434 1417 437 261 2288 -37 -693 -199 103 742 -328 901 214 471 -455 1091 -383 -213 1231 -497 -393 48 1707 -1112 -390 227 -398 -286 805 583 1190 -664 498 -760 286 -637 351 287 833 80 651 -117 526 532 579 -817 28 171 -1434
1124 972 -108 1158 260 -227 205 838 521 207 -174 -658 1411 -544 216 -1434 1417 437 261 2288 -37 -693 -199 103 742 -328 901 214 471 -455 1091 -383 -213 1231 -497 -393 48 1707 -1112 -390 227 -398 -286 805 583 1190 -664 498 -760 286 -637 351 287 833 80 651 -117 526 532 579 -817 28 171 -1434
1124 972 -108 1158 260 -227 205 838 521 207 -174 -658 1411 -544 216 -1434 1417 437 261 2288 -37 -693 -199 103 742 -328 901 214 471 -455 1091 -383 -213 1231 -497 -393 48 1707 -1112 -390 227 -398 -286 805 583 1190 -664 498 -760 286 -637 351 287 833 80 651 -117 526 532 579 -817 28 171 -1434
1124 972 -108 1158 260 -227 205 838 521 207 -174 -658 1411 -544 216 -1434 1417 437 261 2288 -37 -693 -199 103 742 -328 901 214 471 -455 1091 -383 -213 1231 -497 -393 48 1707 -1112 -390 227 -398 -286 805 583 1190 -664 498 -760 286 -637 351 287 833 80 651 -117 526 532 579 -817 28 171 -1434
1124 972 -108 1158 260 -227 205 838 521 207 -174 -658 1411 -544 216 -1434 1417 437 261 2288 -37 -693 -199 103 742 -328 901 214 471 -455 1091 -383 -213 1231 -497 -393 48 1707 -1112 -390 227 -398 -286 805 583 1190 -664 498 -760 286 -637 351 287 833 80 651 -117 526 532 579 -817 28 171 -1434
1124 972 -108 1158 260 -227 205 838 521 207 -174 -658 1411 -544 216 -1434 1417 437 261 2288 -37 -693 -199 103 742 -328 901 214 471 -455 1091 -383 -213 1231 -497 -393 48 1707 -1112 -390 227 -398 -286 805 583 1190 -664 498 -760 286 -637 351 287 833 80 651 -117 526 532 579 -817 28 171 -1434
