2108 -639 -600 1251 -400 -393 -1000 1344 -1637 248 395 -608 -762 159 -367 1793 1548 -37 -1707 -382 1869 2193 -760 20 1207 460 1464 -1493 -1454 658 -137 1097 1558 583 -2675 2587 -397 667 894 -1051 1301 480 -870 960 490 2030 1736 657 -320 2465 -1760 -823 177 306 169 2012 870 -1366 617 78 -1640 -1098 -1054 2006
1780 -431 -599 881 -452 -578 -1099 977 -1413 173 787 -526 -775 -6 -182 1634 1129 71 -2409 -554 1718 1949 -1033 82 1283 520 1531 -1328 -1413 957 -108 1069 1294 409 -2971 2276 -185 631 848 -843 1356 397 -987 687 599 1738 1783 1106 -256 1950 -1905 -732 265 478 452 2363 842 -1421 510 63 -1380 -1076 -1634 1505
2235 -884 -784 1406 -545 -80 -897 1082 -1894 262 85 -711 -558 -8 -410 1722 1368 -98 -1720 -605 1984 2115 -919 -55 1184 183 1570 -1475 -1465 764 292 1329 1451 608 -2828 2650 -463 868 729 -1252 981 238 -944 828 535 2035 1740 492 -47 2445 -2077 -807 116 175 349 1767 682 -1488 589 -293 -1596 -1307 -1109 1779
2460 -1134 -896 1580 -605 123 -775 1224 -2098 200 -134 -895 -419 -25 -556 1763 1381 -90 -1651 -735 2067 2233 -916 23 1189 -2 1692 -1605 -1589 720 666 1406 1505 631 -2887 2713 -561 987 670 -1349 915 39 -987 730 618 2099 1692 398 57 2459 -2208 -829 212 187 378 1680 640 -1610 571 -489 -1605 -1495 -908 1748
2439 -1112 -831 1652 -639 78 -770 1181 -2108 235 -181 -814 -444 -13 -519 1782 1391 -65 -1583 -709 2120 2203 -939 -78 1111 4 1702 -1605 -1593 760 505 1407 1445 676 -2844 2709 -556 1003 586 -1439 913 77 -973 780 658 2097 1715 322 55 2539 -2195 -843 168 133 314 1702 686 -1590 622 -457 -1668 -1519 -1003 1749
2378 -1100 -889 1504 -576 52 -753 1174 -2094 260 -181 -928 -358 -4 -422 1658 1333 -30 -1578 -832 2045 2209 -856 118 1064 53 1671 -1566 -1535 761 596 1404 1395 665 -2860 2654 -563 973 607 -1395 934 -7 -911 651 543 2030 1689 296 172 2406 -2076 -893 211 113 284 1747 745 -1595 512 -511 -1649 -1467 -929 1747
2425 -1177 -945 1646 -607 144 -689 1055 -2235 243 -297 -940 -312 -54 -424 1701 1272 -109 -1519 -868 2131 2207 -929 0 1094 -102 1717 -1558 -1557 759 738 1498 1375 719 -2939 2738 -574 1034 532 -1569 803 -58 -978 633 607 2072 1698 261 244 2451 -2263 -859 223 26 329 1675 679 -1670 550 -652 -1646 -1514 -986 1705
2456 -1282 -1035 1528 -508 191 -630 1127 -2294 199 -358 -1093 -219 13 -464 1619 1323 -9 -1548 -1002 2061 2260 -817 254 1065 -18 1693 -1586 -1586 776 942 1524 1409 689 -2983 2718 -555 1015 588 -1489 850 -193 -899 476 478 2081 1696 166 360 2390 -2190 -927 273 51 286 1678 730 -1769 509 -660 -1608 -1536 -723 1769
2375 -1017 -845 1575 -554 26 -841 1106 -2083 223 -102 -789 -480 -58 -447 1758 1418 -120 -1602 -678 2086 2213 -890 -68 1191 71 1632 -1595 -1476 733 480 1425 1523 669 -2870 2765 -540 979 642 -1410 894 129 -985 813 583 2096 1765 409 70 2563 -2212 -768 133 78 363 1704 658 -1637 616 -413 -1631 -1455 -1033 1798
2423 -740 -1054 1013 -242 -47 -884 1012 -1501 348 468 -655 -598 -40 -693 1506 1458 258 -1560 -442 1752 1880 -698 157 1252 479 1724 -1569 -1311 588 -100 1334 1906 665 -2766 2502 21 786 834 -1094 937 572 -723 992 -75 2328 1890 105 -311 2642 -1953 -862 -213 264 64 1390 708 -1497 772 -45 -1427 -1091 -891 1978
2335 -950 -856 1451 -527 -26 -854 1098 -1965 255 11 -792 -528 -20 -471 1733 1370 -142 -1739 -652 2036 2213 -871 16 1227 103 1617 -1520 -1549 742 456 1331 1499 576 -2857 2653 -530 882 697 -1304 935 128 -1013 786 536 2051 1710 512 -39 2461 -2112 -823 188 193 378 1770 638 -1495 516 -338 -1586 -1348 -1043 1801
2427 -1175 -911 1576 -529 108 -703 1093 -2132 209 -243 -852 -357 -16 -507 1660 1351 -29 -1588 -798 2036 2187 -876 31 1065 -26 1703 -1549 -1595 755 617 1452 1423 672 -2881 2637 -515 993 553 -1433 904 -12 -964 623 578 2053 1681 294 137 2435 -2222 -859 206 101 270 1675 681 -1674 552 -506 -1575 -1501 -936 1691
2490 -1148 -945 1567 -582 109 -746 1100 -2068 163 -118 -807 -426 -3 -623 1725 1399 -45 -1701 -710 1992 2146 -973 6 1101 45 1658 -1497 -1644 709 538 1437 1454 671 -2915 2631 -520 1009 574 -1352 917 72 -974 736 566 2103 1646 348 -29 2404 -2275 -872 129 199 292 1661 673 -1592 645 -462 -1636 -1469 -984 1679
2487 -1199 -958 1618 -589 183 -701 1179 -2197 188 -243 -911 -292 -11 -469 1713 1388 30 -1573 -879 1995 2202 -917 99 1036 63 1685 -1522 -1586 766 659 1512 1440 715 -2938 2738 -512 1051 617 -1447 866 -6 -837 640 508 2117 1718 158 195 2454 -2176 -926 156 88 225 1662 742 -1714 617 -566 -1677 -1503 -836 1733
2573 -915 -976 1229 -360 67 -837 972 -1686 244 276 -669 -648 -49 -777 1661 1533 163 -1689 -464 1848 2037 -850 39 1216 356 1606 -1501 -1513 678 75 1432 1792 787 -2928 2554 -182 936 698 -1162 906 452 -902 963 190 2270 1790 221 -333 2650 -2179 -925 -120 338 186 1466 668 -1576 713 -206 -1566 -1255 -1053 1886
2489 -1040 -920 1470 -526 15 -822 1080 -1910 156 45 -710 -531 9 -626 1679 1488 23 -1751 -575 1938 2109 -894 6 1114 131 1590 -1509 -1604 707 287 1365 1581 652 -2863 2570 -440 950 616 -1213 990 248 -966 824 529 2097 1669 444 -192 2429 -2216 -838 51 242 236 1674 682 -1567 651 -306 -1625 -1402 -1077 1714
2425 -1050 -908 1458 -548 70 -778 1176 -1999 224 -56 -873 -435 2 -491 1697 1354 -33 -1668 -729 2017 2207 -835 132 1158 86 1665 -1576 -1582 775 594 1368 1531 629 -2882 2599 -480 952 656 -1275 914 58 -970 687 532 2061 1691 346 22 2439 -2087 -885 208 218 319 1715 676 -1586 516 -429 -1584 -1435 -924 1759
2465 -1145 -965 1553 -594 83 -760 1044 -2002 191 -137 -768 -396 -17 -594 1652 1368 -57 -1684 -685 2024 2138 -913 39 1117 -3 1648 -1516 -1663 753 533 1387 1455 655 -2853 2530 -521 968 496 -1339 873 38 -1060 717 607 2018 1596 371 -57 2418 -2231 -855 150 192 289 1654 621 -1534 562 -463 -1554 -1464 -1033 1641
2439 -1142 -952 1499 -545 110 -725 1075 -2019 236 -157 -832 -378 -17 -549 1626 1359 -25 -1632 -750 2018 2165 -870 105 1104 28 1681 -1525 -1628 763 589 1419 1469 650 -2871 2561 -474 957 552 -1344 872 15 -991 652 533 2047 1652 308 39 2419 -2150 -893 191 190 266 1653 661 -1587 519 -487 -1545 -1447 -959 1686
2445 -1155 -900 1577 -548 83 -714 1129 -2104 206 -161 -821 -408 13 -523 1704 1404 -17 -1624 -747 2046 2190 -872 26 1091 13 1680 -1589 -1615 771 551 1395 1465 644 -2862 2640 -474 963 592 -1392 929 39 -971 682 593 2094 1696 337 77 2460 -2194 -840 186 141 262 1705 691 -1655 599 -416 -1600 -1496 -951 1743
2517 -1205 -984 1548 -490 130 -678 1033 -2143 169 -186 -866 -363 -8 -547 1635 1388 28 -1636 -798 2015 2162 -881 67 1056 -2 1689 -1567 -1596 775 633 1494 1509 712 -2971 2655 -422 1027 529 -1414 902 21 -957 611 545 2137 1709 277 128 2426 -2310 -860 165 137 238 1657 698 -1784 619 -505 -1592 -1532 -976 1701
2560 -632 -1111 547 116 -64 -870 869 -1449 278 806 -955 -872 -93 -990 1466 1757 475 -1584 -252 1607 2045 -634 281 1352 800 1568 -1666 -994 422 -346 1548 2284 931 -3033 2798 91 703 1052 -990 1051 847 -548 1230 -518 2689 2221 56 -339 2868 -2078 -889 -365 405 31 1270 919 -1680 950 97 -1636 -993 -787 2327
591 -69 -264 472 -263 -131 -713 1048 -16 192 -351 225 -235 23 -438 590 548 -227 -656 46 820 962 -693 -167 540 420 2478 -245 -777 -34 -189 734 787 -207 -1196 1095 -153 403 702 -270 779 28 -842 80 -66 839 1042 686 -298 935 -996 121 139 153 -92 943 583 -311 381 -46 -314 -326 -99 298
2250 -655 -782 1112 -432 -262 -1022 1252 -1627 401 525 -696 -805 91 -404 1811 1604 -81 -1810 -428 1886 2282 -768 142 1389 514 1454 -1505 -1437 715 -89 1239 1731 602 -2850 2764 -364 638 1056 -1021 1178 542 -910 1052 245 2168 1841 479 -331 2666 -1758 -1000 33 362 223 1839 802 -1303 511 31 -1687 -1033 -1033 2180
2249 -546 -876 646 -126 -155 -1091 1077 -1216 599 988 -498 -891 38 -549 1638 1654 168 -1894 -498 1616 2082 -591 348 1551 891 1413 -1536 -1296 904 -277 1306 2007 646 -2968 2641 182 550 1278 -802 1074 714 -818 1071 -142 2381 2010 288 -325 2811 -1564 -991 -170 473 164 1675 741 -1502 490 275 -1332 -838 -973 2301
2267 -848 -823 1341 -525 -84 -927 1120 -1831 384 181 -699 -585 27 -363 1720 1420 -82 -1712 -608 1987 2161 -846 42 1257 271 1537 -1507 -1501 809 230 1305 1543 610 -2840 2673 -376 791 805 -1232 961 300 -956 868 429 2098 1797 399 -59 2596 -1948 -916 78 214 286 1760 678 -1428 534 -209 -1588 -1242 -1084 1949
2372 -1021 -863 1519 -599 16 -795 1165 -1992 325 -131 -779 -488 71 -523 1792 1422 -86 -1574 -653 2138 2171 -845 22 1140 105 1692 -1601 -1559 775 413 1369 1468 605 -2749 2657 -540 914 670 -1402 945 95 -927 833 535 2095 1738 248 -4 2601 -2046 -856 157 160 262 1659 665 -1450 619 -370 -1645 -1394 -979 1877
2444 -1082 -944 1489 -587 85 -840 1174 -2031 279 -237 -889 -359 54 -528 1696 1362 -69 -1633 -775 2155 2197 -779 194 1100 77 1729 -1605 -1611 797 661 1450 1480 620 -2851 2623 -630 1000 601 -1354 915 -82 -957 710 524 2040 1697 212 54 2538 -2050 -900 223 164 302 1656 633 -1550 495 -563 -1634 -1446 -934 1829
2394 -1145 -940 1507 -519 115 -709 1054 -2157 328 -248 -931 -344 10 -453 1721 1309 -103 -1591 -873 2141 2237 -841 134 1120 26 1689 -1572 -1570 826 748 1475 1377 663 -2908 2707 -556 967 586 -1521 850 -129 -986 611 495 2085 1726 203 256 2524 -2135 -901 253 106 324 1696 663 -1625 509 -538 -1588 -1455 -936 1853
2353 -1105 -946 1445 -509 92 -737 1138 -2161 326 -212 -968 -347 32 -394 1719 1374 -55 -1563 -874 2106 2241 -794 206 1108 116 1656 -1579 -1510 811 688 1502 1433 661 -2913 2767 -543 936 699 -1438 900 -51 -862 620 417 2094 1780 161 258 2528 -2041 -948 233 88 263 1695 739 -1646 513 -517 -1636 -1417 -851 1911
2266 -845 -789 1415 -527 -129 -914 1178 -1908 354 106 -736 -625 14 -368 1816 1503 -139 -1658 -560 2067 2230 -829 -11 1262 250 1539 -1593 -1470 775 213 1287 1540 610 -2778 2748 -483 800 804 -1281 999 285 -945 918 484 2074 1798 471 -65 2641 -2001 -859 141 182 309 1784 681 -1428 565 -167 -1640 -1303 -1071 1999
2292 -865 -774 1392 -531 -113 -915 1220 -1861 370 123 -732 -626 69 -433 1779 1538 -102 -1699 -576 2030 2241 -825 53 1233 296 1542 -1570 -1539 794 195 1230 1542 573 -2751 2678 -457 788 805 -1239 1028 256 -936 921 457 2108 1795 437 -83 2630 -1895 -887 127 237 286 1794 695 -1378 568 -141 -1644 -1283 -996 2012
2289 -948 -739 1577 -530 -65 -802 1140 -2041 300 -55 -724 -553 -14 -322 1773 1461 -69 -1536 -631 2066 2184 -851 -152 1109 89 1596 -1599 -1458 779 227 1306 1469 621 -2738 2746 -450 878 708 -1424 987 260 -900 824 612 2077 1798 443 73 2572 -2095 -771 133 66 253 1775 700 -1562 628 -223 -1652 -1410 -1079 1847
2466 -1083 -881 1560 -583 77 -802 1193 -2032 244 -79 -759 -480 48 -552 1772 1488 -9 -1630 -681 2019 2164 -905 10 1083 128 1657 -1554 -1603 763 379 1429 1514 664 -2860 2693 -497 983 676 -1329 973 159 -892 811 540 2143 1731 263 -32 2540 -2138 -895 101 168 215 1676 718 -1575 662 -378 -1680 -1443 -960 1799
2424 -1018 -860 1531 -596 56 -845 1188 -1999 295 -80 -834 -489 -10 -485 1780 1421 -93 -1599 -650 2127 2231 -871 16 1182 84 1662 -1588 -1572 768 461 1379 1534 664 -2846 2718 -551 947 669 -1341 906 141 -994 819 534 2084 1726 331 -31 2609 -2097 -900 159 180 324 1679 651 -1502 548 -416 -1637 -1413 -992 1870
2465 -1099 -970 1492 -570 30 -819 1116 -2019 278 -95 -841 -466 -2 -557 1723 1494 -56 -1635 -663 2106 2204 -874 75 1181 114 1634 -1597 -1616 783 442 1414 1513 697 -2888 2689 -532 909 633 -1360 915 118 -1009 821 512 2093 1691 354 -42 2598 -2203 -907 148 169 272 1687 661 -1501 574 -390 -1619 -1444 -997 1860
2497 -1113 -971 1467 -514 106 -794 1073 -2038 240 -147 -907 -393 12 -554 1645 1404 -3 -1630 -751 2079 2198 -837 159 1126 94 1686 -1576 -1602 791 608 1487 1561 719 -2953 2671 -510 1015 581 -1354 891 12 -980 702 479 2111 1726 226 52 2544 -2182 -918 161 181 283 1638 656 -1633 545 -526 -1608 -1459 -951 1800
2378 -1085 -825 1630 -578 73 -723 1056 -2100 217 -207 -752 -447 -2 -511 1740 1378 -84 -1545 -683 2077 2129 -922 -126 1062 -45 1655 -1540 -1543 724 461 1398 1409 673 -2798 2652 -529 999 527 -1477 887 76 -968 757 622 2064 1692 323 64 2490 -2230 -792 144 84 277 1623 650 -1599 648 -459 -1623 -1478 -1055 1709
2400 -1090 -911 1539 -528 59 -732 1108 -2140 265 -147 -868 -406 1 -417 1736 1397 -49 -1560 -769 2064 2218 -850 35 1107 39 1632 -1592 -1525 760 524 1425 1454 700 -2886 2740 -506 940 630 -1478 909 61 -939 703 512 2105 1748 276 156 2538 -2172 -876 172 80 235 1697 716 -1643 587 -431 -1657 -1453 -975 1852
2457 -711 -998 958 -196 -82 -828 935 -1599 237 563 -776 -727 -115 -737 1603 1546 310 -1608 -336 1785 2042 -773 44 1251 458 1613 -1579 -1245 547 -227 1424 1920 837 -2964 2715 -65 709 826 -1141 961 696 -787 1096 -93 2367 1989 242 -346 2742 -2117 -896 -192 283 67 1467 857 -1606 836 -37 -1598 -1088 -1044 2110
699 -102 -303 494 -246 -159 -731 1079 -119 203 -314 196 -272 31 -455 663 578 -209 -725 21 836 1045 -645 -154 577 451 2412 -295 -841 -20 -154 776 834 -169 -1270 1167 -199 399 738 -281 808 35 -824 131 -1 905 1070 715 -278 1007 -1037 65 140 183 -52 998 596 -360 356 -56 -359 -376 -135 404
2393 -740 -939 861 -206 -46 -1030 1136 -1411 485 641 -626 -813 42 -719 1642 1752 72 -1745 -502 1676 2132 -654 291 1442 773 1416 -1523 -1360 768 -105 1344 1989 692 -2909 2664 -44 702 1145 -964 1050 639 -799 1089 -58 2416 1892 223 -305 2810 -1706 -972 -212 431 171 1541 681 -1448 564 129 -1476 -989 -777 2189
2393 -740 -939 861 -206 -46 -1030 1136 -1411 485 641 -626 -813 42 -719 1642 1752 72 -1745 -502 1676 2132 -654 291 1442 773 1416 -1523 -1360 768 -105 1344 1989 692 -2909 2664 -44 702 1145 -964 1050 639 -799 1089 -58 2416 1892 223 -305 2810 -1706 -972 -212 431 171 1541 681 -1448 564 129 -1476 -989 -777 2189
2393 -740 -939 861 -206 -46 -1030 1136 -1411 485 641 -626 -813 42 -719 1642 1752 72 -1745 -502 1676 2132 -654 291 1442 773 1416 -1523 -1360 768 -105 1344 1989 692 -2909 2664 -44 702 1145 -964 1050 639 -799 1089 -58 2416 1892 223 -305 2810 -1706 -972 -212 431 171 1541 681 -1448 564 129 -1476 -989 -777 2189
2393 -740 -939 861 -206 -46 -1030 1136 -1411 485 641 -626 -813 42 -719 1642 1752 72 -1745 -502 1676 2132 -654 291 1442 773 1416 -1523 -1360 768 -105 1344 1989 692 -2909 2664 -44 702 1145 -964 1050 639 -799 1089 -58 2416 1892 223 -305 2810 -1706 -972 -212 431 171 1541 681 -1448 564 129 -1476 -989 -777 2189
2393 -740 -939 861 -206 -46 -1030 1136 -1411 485 641 -626 -813 42 -719 1642 1752 72 -1745 -502 1676 2132 -654 291 1442 773 1416 -1523 -1360 768 -105 1344 1989 692 -2909 2664 -44 702 1145 -964 1050 639 -799 1089 -58 2416 1892 223 -305 2810 -1706 -972 -212 431 171 1541 681 -1448 564 129 -1476 -989 -777 2189
2393 -740 -939 861 -206 -46 -1030 1136 -1411 485 641 -626 -813 42 -719 1642 1752 72 -1745 -502 1676 2132 -654 291 1442 773 1416 -1523 -1360 768 -105 1344 1989 692 -2909 2664 -44 702 1145 -964 1050 639 -799 1089 -58 2416 1892 223 -305 2810 -1706 -972 -212 431 171 1541 681 -1448 564 129 -1476 -989 -777 2189
2393 -740 -939 861 -206 -46 -1030 1136 -1411 485 641 -626 -813 42 -719 1642 1752 72 -1745 -502 1676 2132 -654 291 1442 773 1416 -1523 -1360 768 -105 1344 1989 692 -2909 2664 -44 702 1145 -964 1050 639 -799 1089 -58 2416 1892 223 -305 2810 -1706 -972 -212 431 171 1541 681 -1448 564 129 -1476 -989 -777 2189
2393 -740 -939 861 -206 -46 -1030 1136 -1411 485 641 -626 -813 42 -719 1642 1752 72 -1745 -502 1676 2132 -654 291 1442 773 1416 -1523 -1360 768 -105 1344 1989 692 -2909 2664 -44 702 1145 -964 1050 639 -799 1089 -58 2416 1892 223 -305 2810 -1706 -972 -212 431 171 1541 681 -1448 564 129 -1476 -989 -777 2189
2393 -740 -939 861 -206 -46 -1030 1136 -1411 485 641 -626 -813 42 -719 1642 1752 72 -1745 -502 1676 2132 -654 291 1442 773 1416 -1523 -1360 768 -105 1344 1989 692 -2909 2664 -44 702 1145 -964 1050 639 -799 1089 -58 2416 1892 223 -305 2810 -1706 -972 -212 431 171 1541 681 -1448 564 129 -1476 -989 -777 2189
2393 -740 -939 861 -206 -46 -1030 1136 -1411 485 641 -626 -813 42 -719 1642 1752 72 -1745 -502 1676 2132 -654 291 1442 773 1416 -1523 -1360 768 -105 1344 1989 692 -2909 2664 -44 702 1145 -964 1050 639 -799 1089 -58 2416 1892 223 -305 2810 -1706 -972 -212 431 171 1541 681 -1448 564 129 -1476 -989 -777 2189
2393 -740 -939 861 -206 -46 -1030 1136 -1411 485 641 -626 -813 42 -719 1642 1752 72 -1745 -502 1676 2132 -654 291 1442 773 1416 -1523 -1360 768 -105 1344 1989 692 -2909 2664 -44 702 1145 -964 1050 639 -799 1089 -58 2416 1892 223 -305 2810 -1706 -972 -212 431 171 1541 681 -1448 564 129 -1476 -989 -777 2189
2393 -740 -939 861 -206 -46 -1030 1136 -1411 485 641 -626 -813 42 -719 1642 1752 72 -1745 -502 1676 2132 -654 291 1442 773 1416 -1523 -1360 768 -105 1344 1989 692 -2909 2664 -44 702 1145 -964 1050 639 -799 1089 -58 2416 1892 223 -305 2810 -1706 -972 -212 431 171 1541 681 -1448 564 129 -1476 -989 -777 2189
2393 -740 -939 861 -206 -46 -1030 1136 -1411 485 641 -626 -813 42 -719 1642 1752 72 -1745 -502 1676 2132 -654 291 1442 773 1416 -1523 -1360 768 -105 1344 1989 692 -2909 2664 -44 702 1145 -964 1050 639 -799 1089 -58 2416 1892 223 -305 2810 -1706 -972 -212 431 171 1541 681 -1448 564 129 -1476 -989 -777 2189
2393 -740 -939 861 -206 -46 -1030 1136 -1411 485 641 -626 -813 42 -719 1642 1752 72 -1745 -502 1676 2132 -654 291 1442 773 1416 -1523 -1360 768 -105 1344 1989 692 -2909 2664 -44 702 1145 -964 1050 639 -799 1089 -58 2416 1892 223 -305 2810 -1706 -972 -212 431 171 1541 681 -1448 564 129 -1476 -989 -777 2189
2393 -740 -939 861 -206 -46 -1030 1136 -1411 485 641 -626 -813 42 -719 1642 1752 72 -1745 -502 1676 2132 -654 291 1442 773 1416 -1523 -1360 768 -105 1344 1989 692 -2909 2664 -44 702 1145 -964 1050 639 -799 1089 -58 2416 1892 223 -305 2810 -1706 -972 -212 431 171 1541 681 -1448 564 129 -1476 -989 -777 2189
2393 -740 -939 861 -206 -46 -1030 1136 -1411 485 641 -626 -813 42 -719 1642 1752 72 -1745 -502 1676 2132 -654 291 1442 773 1416 -1523 -1360 768 -105 1344 1989 692 -2909 2664 -44 702 1145 -964 1050 639 -799 1089 -58 2416 1892 223 -305 2810 -1706 -972 -212 431 171 1541 681 -1448 564 129 -1476 -989 -777 2189
2393 -740 -939 861 -206 -46 -1030 1136 -1411 485 641 -626 -813 42 -719 1642 1752 72 -1745 -502 1676 2132 -654 291 1442 773 1416 -1523 -1360 768 -105 1344 1989 692 -2909 2664 -44 702 1145 -964 1050 639 -799 1089 -58 2416 1892 223 -305 2810 -1706 -972 -212 431 171 1541 681 -1448 564 129 -1476 -989 -777 2189
2393 -740 -939 861 -206 -46 -1030 1136 -1411 485 641 -626 -813 42 -719 1642 1752 72 -1745 -502 1676 2132 -654 291 1442 773 1416 -1523 -1360 768 -105 1344 1989 692 -2909 2664 -44 702 1145 -964 1050 639 -799 1089 -58 2416 1892 223 -305 2810 -1706 -972 -212 431 171 1541 681 -1448 564 129 -1476 -989 -777 2189
2393 -740 -939 861 -206 -46 -1030 1136 -1411 485 641 -626 -813 42 -719 1642 1752 72 -1745 -502 1676 2132 -654 291 1442 773 1416 -1523 -1360 768 -105 1344 1989 692 -2909 2664 -44 702 1145 -964 1050 639 -799 1089 -58 2416 1892 223 -305 2810 -1706 -972 -212 431 171 1541 681 -1448 564 129 -1476 -989 -777 2189
2393 -740 -939 861 -206 -46 -1030 1136 -1411 485 641 -626 -813 42 -719 1642 1752 72 -1745 -502 1676 2132 -654 291 1442 773 1416 -1523 -1360 768 -105 1344 1989 692 -2909 2664 -44 702 1145 -964 1050 639 -799 1089 -58 2416 1892 223 -305 2810 -1706 -972 -212 431 171 1541 681 -1448 564 129 -1476 -989 -777 2189
2393 -740 -939 861 -206 -46 -1030 1136 -1411 485 641 -626 -813 42 -719 1642 1752 72 -1745 -502 1676 2132 -654 291 1442 773 1416 -1523 -1360 768 -105 1344 1989 692 -2909 2664 -44 702 1145 -964 1050 639 -799 1089 -58 2416 1892 223 -305 2810 -1706 -972 -212 431 171 1541 681 -1448 564 129 -1476 -989 -777 2189
2393 -740 -939 861 -206 -46 -1030 1136 -1411 485 641 -626 -813 42 -719 1642 1752 72 -1745 -502 1676 2132 -654 291 1442 773 1416 -1523 -1360 768 -105 1344 1989 692 -2909 2664 -44 702 1145 -964 1050 639 -799 1089 -58 2416 1892 223 -305 2810 -1706 -972 -212 431 171 1541 681 -1448 564 129 -1476 -989 -777 2189
2393 -740 -939 861 -206 -46 -1030 1136 -1411 485 641 -626 -813 42 -719 1642 1752 72 -1745 -502 1676 2132 -654 291 1442 773 1416 -1523 -1360 768 -105 1344 1989 692 -2909 2664 -44 702 1145 -964 1050 639 -799 1089 -58 2416 1892 223 -305 2810 -1706 -972 -212 431 171 1541 681 -1448 564 129 -1476 -989 -777 2189
2393 -740 -939 861 -206 -46 -1030 1136 -1411 485 641 -626 -813 42 -719 1642 1752 72 -1745 -502 1676 2132 -654 291 1442 773 1416 -1523 -1360 768 -105 1344 1989 692 -2909 2664 -44 702 1145 -964 1050 639 -799 1089 -58 2416 1892 223 -305 2810 -1706 -972 -212 431 171 1541 681 -1448 564 129 -1476 -989 -777 2189
2393 -740 -939 861 -206 -46 -1030 1136 -1411 485 641 -626 -813 42 -719 1642 1752 72 -1745 -502 1676 2132 -654 291 1442 773 1416 -1523 -1360 768 -105 1344 1989 692 -2909 2664 -44 702 1145 -964 1050 639 -799 1089 -58 2416 1892 223 -305 2810 -1706 -972 -212 431 171 1541 681 -1448 564 129 -1476 -989 -777 2189
2393 -740 -939 861 -206 -46 -1030 1136 -1411 485 641 -626 -813 42 -719 1642 1752 72 -1745 -502 1676 2132 -654 291 1442 773 1416 -1523 -1360 768 -105 1344 1989 692 -2909 2664 -44 702 1145 -964 1050 639 -799 1089 -58 2416 1892 223 -305 2810 -1706 -972 -212 431 171 1541 681 -1448 564 129 -1476 -989 -777 2189
2393 -740 -939 861 -206 -46 -1030 1136 -1411 485 641 -626 -813 42 -719 1642 1752 72 -1745 -502 1676 2132 -654 291 1442 773 1416 -1523 -1360 768 -105 1344 1989 692 -2909 2664 -44 702 1145 -964 1050 639 -799 1089 -58 2416 1892 223 -305 2810 -1706 -972 -212 431 171 1541 681 -1448 564 129 -1476 -989 -777 2189
2393 -740 -939 861 -206 -46 -1030 1136 -1411 485 641 -626 -813 42 -719 1642 1752 72 -1745 -502 1676 2132 -654 291 1442 773 1416 -1523 -1360 768 -105 1344 1989 692 -2909 2664 -44 702 1145 -964 1050 639 -799 1089 -58 2416 1892 223 -305 2810 -1706 -972 -212 431 171 1541 681 -1448 564 129 -1476 -989 -777 2189
2393 -740 -939 861 -206 -46 -1030 1136 -1411 485 641 -626 -813 42 -719 1642 1752 72 -1745 -502 1676 2132 -654 291 1442 773 1416 -1523 -1360 768 -105 1344 1989 692 -2909 2664 -44 702 1145 -964 1050 639 -799 1089 -58 2416 1892 223 -305 2810 -1706 -972 -212 431 171 1541 681 -1448 564 129 -1476 -989 -777 2189
2393 -740 -939 861 -206 -46 -1030 1136 -1411 485 641 -626 -813 42 -719 1642 1752 72 -1745 -502 1676 2132 -654 291 1442 773 1416 -1523 -1360 768 -105 1344 1989 692 -2909 2664 -44 702 1145 -964 1050 639 -799 1089 -58 2416 1892 223 -305 2810 -1706 -972 -212 431 171 1541 681 -1448 564 129 -1476 -989 -777 2189
2393 -740 -939 861 -206 -46 -1030 1136 -1411 485 641 -626 -813 42 -719 1642 1752 72 -1745 -502 1676 2132 -654 291 1442 773 1416 -1523 -1360 768 -105 1344 1989 692 -2909 2664 -44 702 1145 -964 1050 639 -799 1089 -58 2416 1892 223 -305 2810 -1706 -972 -212 431 171 1541 681 -1448 564 129 -1476 -989 -777 2189
2393 -740 -939 861 -206 -46 -1030 1136 -1411 485 641 -626 -813 42 -719 1642 1752 72 -1745 -502 1676 2132 -654 291 1442 773 1416 -1523 -1360 768 -105 1344 1989 692 -2909 2664 -44 702 1145 -964 1050 639 -799 1089 -58 2416 1892 223 -305 2810 -1706 -972 -212 431 171 1541 681 -1448 564 129 -1476 -989 -777 2189
2393 -740 -939 861 -206 -46 -1030 1136 -1411 485 641 -626 -813 42 -719 1642 1752 72 -1745 -502 1676 2132 -654 291 1442 773 1416 -1523 -1360 768 -105 1344 1989 692 -2909 2664 -44 702 1145 -964 1050 639 -799 1089 -58 2416 1892 223 -305 2810 -1706 -972 -212 431 171 1541 681 -1448 564 129 -1476 -989 -777 2189
2393 -740 -939 861 -206 -46 -1030 1136 -1411 485 641 -626 -813 42 -719 1642 1752 72 -1745 -502 1676 2132 -654 291 1442 773 1416 -1523 -1360 768 -105 1344 1989 692 -2909 2664 -44 702 1145 -964 1050 639 -799 1089 -58 2416 1892 223 -305 2810 -1706 -972 -212 431 171 1541 681 -1448 564 129 -1476 -989 -777 2189
2393 -740 -939 861 -206 -46 -1030 1136 -1411 485 641 -626 -813 42 -719 1642 1752 72 -1745 -502 1676 2132 -654 291 1442 773 1416 -1523 -1360 768 -105 1344 1989 692 -2909 2664 -44 702 1145 -964 1050 639 -799 1089 -58 2416 1892 223 -305 2810 -1706 -972 -212 431 171 1541 681 -1448 564 129 -1476 -989 -777 2189
2393 -740 -939 861 -206 -46 -1030 1136 -1411 485 641 -626 -813 42 -719 1642 1752 72 -1745 -502 1676 2132 -654 291 1442 773 1416 -1523 -1360 768 -105 1344 1989 692 -2909 2664 -44 702 1145 -964 1050 639 -799 1089 -58 2416 1892 223 -305 2810 -1706 -972 -212 431 171 1541 681 -1448 564 129 -1476 -989 -777 2189
2393 -740 -939 861 -206 -46 -1030 1136 -1411 485 641 -626 -813 42 -719 1642 1752 72 -1745 -502 1676 2132 -654 291 1442 773 1416 -1523 -1360 768 -105 1344 1989 692 -2909 2664 -44 702 1145 -964 1050 639 -799 1089 -58 2416 1892 223 -305 2810 -1706 -972 -212 431 171 1541 681 -1448 564 129 -1476 -989 -777 2189
2393 -740 -939 861 -206 -46 -1030 1136 -1411 485 641 -626 -813 42 -719 1642 1752 72 -1745 -502 1676 2132 -654 291 1442 773 1416 -1523 -1360 768 -105 1344 1989 692 -2909 2664 -44 702 1145 -964 1050 639 -799 1089 -58 2416 1892 223 -305 2810 -1706 -972 -212 431 171 1541 681 -1448 564 129 -1476 -989 -777 2189
2393 -740 -939 861 -206 -46 -1030 1136 -1411 485 641 -626 -813 42 -719 1642 1752 72 -1745 -502 1676 2132 -654 291 1442 773 1416 -1523 -1360 768 -105 1344 1989 692 -2909 2664 -44 702 1145 -964 1050 639 -799 1089 -58 2416 1892 223 -305 2810 -1706 -972 -212 431 171 1541 681 -1448 564 129 -1476 -989 -777 2189
2393 -740 -939 861 -206 -46 -1030 1136 -1411 485 641 -626 -813 42 -719 1642 1752 72 -1745 -502 1676 2132 -654 291 1442 773 1416 -1523 -1360 768 -105 1344 1989 692 -2909 2664 -44 702 1145 -964 1050 639 -799 1089 -58 2416 1892 223 -305 2810 -1706 -972 -212 431 171 1541 681 -1448 564 129 -1476 -989 -777 2189
2393 -740 -939 861 -206 -46 -1030 1136 -1411 485 641 -626 -813 42 -719 1642 1752 72 -1745 -502 1676 2132 -654 291 1442 773 1416 -1523 -1360 768 -105 1344 1989 692 -2909 2664 -44 702 1145 -964 1050 639 -799 1089 -58 2416 1892 223 -305 2810 -1706 -972 -212 431 171 1541 681 -1448 564 129 -1476 -989 -777 2189
2393 -740 -939 861 -206 -46 -1030 1136 -1411 485 641 -626 -813 42 -719 1642 1752 72 -1745 -502 1676 2132 -654 291 1442 773 1416 -1523 -1360 768 -105 1344 1989 692 -2909 2664 -44 702 1145 -964 1050 639 -799 1089 -58 2416 1892 223 -305 2810 -1706 -972 -212 431 171 1541 681 -1448 564 129 -1476 -989 -777 2189
2393 -740 -939 861 -206 -46 -1030 1136 -1411 485 641 -626 -813 42 -719 1642 1752 72 -1745 -502 1676 2132 -654 291 1442 773 1416 -1523 -1360 768 -105 1344 1989 692 -2909 2664 -44 702 1145 -964 1050 639 -799 1089 -58 2416 1892 223 -305 2810 -1706 -972 -212 431 171 1541 681 -1448 564 129 -1476 -989 -777 2189
2393 -740 -939 861 -206 -46 -1030 1136 -1411 485 641 -626 -813 42 -719 1642 1752 72 -1745 -502 1676 2132 -654 291 1442 773 1416 -1523 -1360 768 -105 1344 1989 692 -2909 2664 -44 702 1145 -964 1050 639 -799 1089 -58 2416 1892 223 -305 2810 -1706 -972 -212 431 171 1541 681 -1448 564 129 -1476 -989 -777 2189
2393 -740 -939 861 -206 -46 -1030 1136 -1411 485 641 -626 -813 42 -719 1642 1752 72 -1745 -502 1676 2132 -654 291 1442 773 1416 -1523 -1360 768 -105 1344 1989 692 -2909 2664 -44 702 1145 -964 1050 639 -799 1089 -58 2416 1892 223 -305 2810 -1706 -972 -212 431 171 1541 681 -1448 564 129 -1476 -989 -777 2189
2393 -740 -939 861 -206 -46 -1030 1136 -1411 485 641 -626 -813 42 -719 1642 1752 72 -1745 -502 1676 2132 -654 291 1442 773 1416 -1523 -1360 768 -105 1344 1989 692 -2909 2664 -44 702 1145 -964 1050 639 -799 1089 -58 2416 1892 223 -305 2810 -1706 -972 -212 431 171 1541 681 -1448 564 129 -1476 -989 -777 2189
2393 -740 -939 861 -206 -46 -1030 1136 -1411 485 641 -626 -813 42 -719 1642 1752 72 -1745 -502 1676 2132 -654 291 1442 773 1416 -1523 -1360 768 -105 1344 1989 692 -2909 2664 -44 702 1145 -964 1050 639 -799 1089 -58 2416 1892 223 -305 2810 -1706 -972 -212 431 171 1541 681 -1448 564 129 -1476 -989 -777 2189
2393 -740 -939 861 -206 -46 -1030 1136 -1411 485 641 -626 -813 42 -719 1642 1752 72 -1745 -502 1676 2132 -654 291 1442 773 1416 -1523 -1360 768 -105 1344 1989 692 -2909 2664 -44 702 1145 -964 1050 639 -799 1089 -58 2416 1892 223 -305 2810 -1706 -972 -212 431 171 1541 681 -1448 564 129 -1476 -989 -777 2189
2393 -740 -939 861 -206 -46 -1030 1136 -1411 485 641 -626 -813 42 -719 1642 1752 72 -1745 -502 1676 2132 -654 291 1442 773 1416 -1523 -1360 768 -105 1344 1989 692 -2909 2664 -44 702 1145 -964 1050 639 -799 1089 -58 2416 1892 223 -305 2810 -1706 -972 -212 431 171 1541 681 -1448 564 129 -1476 -989 -777 2189
2393 -740 -939 861 -206 -46 -1030 1136 -1411 485 641 -626 -813 42 -719 1642 1752 72 -1745 -502 1676 2132 -654 291 1442 773 1416 -1523 -1360 768 -105 1344 1989 692 -2909 2664 -44 702 1145 -964 1050 639 -799 1089 -58 2416 1892 223 -305 2810 -1706 -972 -212 431 171 1541 681 -1448 564 129 -1476 -989 -777 2189
2393 -740 -939 861 -206 -46 -1030 1136 -1411 485 641 -626 -813 42 -719 1642 1752 72 -1745 -502 1676 2132 -654 291 1442 773 1416 -1523 -1360 768 -105 1344 1989 692 -2909 2664 -44 702 1145 -964 1050 639 -799 1089 -58 2416 1892 223 -305 2810 -1706 -972 -212 431 171 1541 681 -1448 564 129 -1476 -989 -777 2189
2393 -740 -939 861 -206 -46 -1030 1136 -1411 485 641 -626 -813 42 -719 1642 1752 72 -1745 -502 1676 2132 -654 291 1442 773 1416 -1523 -1360 768 -105 1344 1989 692 -2909 2664 -44 702 1145 -964 1050 639 -799 1089 -58 2416 1892 223 -305 2810 -1706 -972 -212 431 171 1541 681 -1448 564 129 -1476 -989 -777 2189
2393 -740 -939 861 -206 -46 -1030 1136 -1411 485 641 -626 -813 42 -719 1642 1752 72 -1745 -502 1676 2132 -654 291 1442 773 1416 -1523 -1360 768 -105 1344 1989 692 -2909 2664 -44 702 1145 -964 1050 639 -799 1089 -58 2416 1892 223 -305 2810 -1706 -972 -212 431 171 1541 681 -1448 564 129 -1476 -989 -777 2189
2393 -740 -939 861 -206 -46 -1030 1136 -1411 485 641 -626 -813 42 -719 1642 1752 72 -1745 -502 1676 2132 -654 291 1442 773 1416 -1523 -1360 768 -105 1344 1989 692 -2909 2664 -44 702 1145 -964 1050 639 -799 1089 -58 2416 1892 223 -305 2810 -1706 -972 -212 431 171 1541 681 -1448 564 129 -1476 -989 -777 2189
2393 -740 -939 861 -206 -46 -1030 1136 -1411 485 641 -626 -813 42 -719 1642 1752 72 -1745 -502 1676 2132 -654 291 1442 773 1416 -1523 -1360 768 -105 1344 1989 692 -2909 2664 -44 702 1145 -964 1050 639 -799 1089 -58 2416 1892 223 -305 2810 -1706 -972 -212 431 171 1541 681 -1448 564 129 -1476 -989 -777 2189
2393 -740 -939 861 -206 -46 -1030 1136 -1411 485 641 -626 -813 42 -719 1642 1752 72 -1745 -502 1676 2132 -654 291 1442 773 1416 -1523 -1360 768 -105 1344 1989 692 -2909 2664 -44 702 1145 -964 1050 639 -799 1089 -58 2416 1892 223 -305 2810 -1706 -972 -212 431 171 1541 681 -1448 564 129 -1476 -989 -777 2189
2393 -740 -939 861 -206 -46 -1030 1136 -1411 485 641 -626 -813 42 -719 1642 1752 72 -1745 -502 1676 2132 -654 291 1442 773 1416 -1523 -1360 768 -105 1344 1989 692 -2909 2664 -44 702 1145 -964 1050 639 -799 1089 -58 2416 1892 223 -305 2810 -1706 -972 -212 431 171 1541 681 -1448 564 129 -1476 -989 -777 2189
2393 -740 -939 861 -206 -46 -1030 1136 -1411 485 641 -626 -813 42 -719 1642 1752 72 -1745 -502 1676 2132 -654 291 1442 773 1416 -1523 -1360 768 -105 1344 1989 692 -2909 2664 -44 702 1145 -964 1050 639 -799 1089 -58 2416 1892 223 -305 2810 -1706 -972 -212 431 171 1541 681 -1448 564 129 -1476 -989 -777 2189
2393 -740 -939 861 -206 -46 -1030 1136 -1411 485 641 -626 -813 42 -719 1642 1752 72 -1745 -502 1676 2132 -654 291 1442 773 1416 -1523 -1360 768 -105 1344 1989 692 -2909 2664 -44 702 1145 -964 1050 639 -799 1089 -58 2416 1892 223 -305 2810 -1706 -972 -212 431 171 1541 681 -1448 564 129 -1476 -989 -777 2189
2393 -740 -939 861 -206 -46 -1030 1136 -1411 485 641 -626 -813 42 -719 1642 1752 72 -1745 -502 1676 2132 -654 291 1442 773 1416 -1523 -1360 768 -105 1344 1989 692 -2909 2664 -44 702 1145 -964 1050 639 -799 1089 -58 2416 1892 223 -305 2810 -1706 -972 -212 431 171 1541 681 -1448 564 129 -1476 -989 -777 2189
2393 -740 -939 861 -206 -46 -1030 1136 -1411 485 641 -626 -813 42 -719 1642 1752 72 -1745 -502 1676 2132 -654 291 1442 773 1416 -1523 -1360 768 -105 1344 1989 692 -2909 2664 -44 702 1145 -964 1050 639 -799 1089 -58 2416 1892 223 -305 2810 -1706 -972 -212 431 171 1541 681 -1448 564 129 -1476 -989 -777 2189
2393 -740 -939 861 -206 -46 -1030 1136 -1411 485 641 -626 -813 42 -719 1642 1752 72 -1745 -502 1676 2132 -654 291 1442 773 1416 -1523 -1360 768 -105 1344 1989 692 -2909 2664 -44 702 1145 -964 1050 639 -799 1089 -58 2416 1892 223 -305 2810 -1706 -972 -212 431 171 1541 681 -1448 564 129 -1476 -989 -777 2189
2393 -740 -939 861 -206 -46 -1030 1136 -1411 485 641 -626 -813 42 -719 1642 1752 72 -1745 -502 1676 2132 -654 291 1442 773 1416 -1523 -1360 768 -105 1344 1989 692 -2909 2664 -44 702 1145 -964 1050 639 -799 1089 -58 2416 1892 223 -305 2810 -1706 -972 -212 431 171 1541 681 -1448 564 129 -1476 -989 -777 2189
2393 -740 -939 861 -206 -46 -1030 1136 -1411 485 641 -626 -813 42 -719 1642 1752 72 -1745 -502 1676 2132 -654 291 1442 773 1416 -1523 -1360 768 -105 1344 1989 692 -2909 2664 -44 702 1145 -964 1050 639 -799 1089 -58 2416 1892 223 -305 2810 -1706 -972 -212 431 171 1541 681 -1448 564 129 -1476 -989 -777 2189
2393 -740 -939 861 -206 -46 -1030 1136 -1411 485 641 -626 -813 42 -719 1642 1752 72 -1745 -502 1676 2132 -654 291 1442 773 1416 -1523 -1360 768 -105 1344 1989 692 -2909 2664 -44 702 1145 -964 1050 639 -799 1089 -58 2416 1892 223 -305 2810 -1706 -972 -212 431 171 1541 681 -1448 564 129 -1476 -989 -777 2189
2393 -740 -939 861 -206 -46 -1030 1136 -1411 485 641 -626 -813 42 -719 1642 1752 72 -1745 -502 1676 2132 -654 291 1442 773 1416 -1523 -1360 768 -105 1344 1989 692 -2909 2664 -44 702 1145 -964 1050 639 -799 1089 -58 2416 1892 223 -305 2810 -1706 -972 -212 431 171 1541 681 -1448 564 129 -1476 -989 -777 2189
2393 -740 -939 861 -206 -46 -1030 1136 -1411 485 641 -626 -813 42 -719 1642 1752 72 -1745 -502 1676 2132 -654 291 1442 773 1416 -1523 -1360 768 -105 1344 1989 692 -2909 2664 -44 702 1145 -964 1050 639 -799 1089 -58 2416 1892 223 -305 2810 -1706 -972 -212 431 171 1541 681 -1448 564 129 -1476 -989 -777 2189
2393 -740 -939 861 -206 -46 -1030 1136 -1411 485 641 -626 -813 42 -719 1642 1752 72 -1745 -502 1676 2132 -654 291 1442 773 1416 -1523 -1360 768 -105 1344 1989 692 -2909 2664 -44 702 1145 -964 1050 639 -799 1089 -58 2416 1892 223 -305 2810 -1706 -972 -212 431 171 1541 681 -1448 564 129 -1476 -989 -777 2189
2393 -740 -939 861 -206 -46 -1030 1136 -1411 485 641 -626 -813 42 -719 1642 1752 72 -1745 -502 1676 2132 -654 291 1442 773 1416 -1523 -1360 768 -105 1344 1989 692 -2909 2664 -44 702 1145 -964 1050 639 -799 1089 -58 2416 1892 223 -305 2810 -1706 -972 -212 431 171 1541 681 -1448 564 129 -1476 -989 -777 2189
2393 -740 -939 861 -206 -46 -1030 1136 -1411 485 641 -626 -813 42 -719 1642 1752 72 -1745 -502 1676 2132 -654 291 1442 773 1416 -1523 -1360 768 -105 1344 1989 692 -2909 2664 -44 702 1145 -964 1050 639 -799 1089 -58 2416 1892 223 -305 2810 -1706 -972 -212 431 171 1541 681 -1448 564 129 -1476 -989 -777 2189
2393 -740 -939 861 -206 -46 -1030 1136 -1411 485 641 -626 -813 42 -719 1642 1752 72 -1745 -502 1676 2132 -654 291 1442 773 1416 -1523 -1360 768 -105 1344 1989 692 -2909 2664 -44 702 1145 -964 1050 639 -799 1089 -58 2416 1892 223 -305 2810 -1706 -972 -212 431 171 1541 681 -1448 564 129 -1476 -989 -777 2189
2393 -740 -939 861 -206 -46 -1030 1136 -1411 485 641 -626 -813 42 -719 1642 1752 72 -1745 -502 1676 2132 -654 291 1442 773 1416 -1523 -1360 768 -105 1344 1989 692 -2909 2664 -44 702 1145 -964 1050 639 -799 1089 -58 2416 1892 223 -305 2810 -1706 -972 -212 431 171 1541 681 -1448 564 129 -1476 -989 -777 2189
2393 -740 -939 861 -206 -46 -1030 1136 -1411 485 641 -626 -813 42 -719 1642 1752 72 -1745 -502 1676 2132 -654 291 1442 773 1416 -1523 -1360 768 -105 1344 1989 692 -2909 2664 -44 702 1145 -964 1050 639 -799 1089 -58 2416 1892 223 -305 2810 -1706 -972 -212 431 171 1541 681 -1448 564 129 -1476 -989 -777 2189
2393 -740 -939 861 -206 -46 -1030 1136 -1411 485 641 -626 -813 42 -719 1642 1752 72 -1745 -502 1676 2132 -654 291 1442 773 1416 -1523 -1360 768 -105 1344 1989 692 -2909 2664 -44 702 1145 -964 1050 639 -799 1089 -58 2416 1892 223 -305 2810 -1706 -972 -212 431 171 1541 681 -1448 564 129 -1476 -989 -777 2189
2393 -740 -939 861 -206 -46 -1030 1136 -1411 485 641 -626 -813 42 -719 1642 1752 72 -1745 -502 1676 2132 -654 291 1442 773 1416 -1523 -1360 768 -105 1344 1989 692 -2909 2664 -44 702 1145 -964 1050 639 -799 1089 -58 2416 1892 223 -305 2810 -1706 -972 -212 431 171 1541 681 -1448 564 129 -1476 -989 -777 2189
2393 -740 -939 861 -206 -46 -1030 1136 -1411 485 641 -626 -813 42 -719 1642 1752 72 -1745 -502 1676 2132 -654 291 1442 773 1416 -1523 -1360 768 -105 1344 1989 692 -2909 2664 -44 702 1145 -964 1050 639 -799 1089 -58 2416 1892 223 -305 2810 -1706 -972 -212 431 171 1541 681 -1448 564 129 -1476 -989 -777 2189
2393 -740 -939 861 -206 -46 -1030 1136 -1411 485 641 -626 -813 42 -719 1642 1752 72 -1745 -502 1676 2132 -654 291 1442 773 1416 -1523 -1360 768 -105 1344 1989 692 -2909 2664 -44 702 1145 -964 1050 639 -799 1089 -58 2416 1892 223 -305 2810 -1706 -972 -212 431 171 1541 681 -1448 564 129 -1476 -989 -777 2189
2393 -740 -939 861 -206 -46 -1030 1136 -1411 485 641 -626 -813 42 -719 1642 1752 72 -1745 -502 1676 2132 -654 291 1442 773 1416 -1523 -1360 768 -105 1344 1989 692 -2909 2664 -44 702 1145 -964 1050 639 -799 1089 -58 2416 1892 223 -305 2810 -1706 -972 -212 431 171 1541 681 -1448 564 129 -1476 -989 -777 2189
2393 -740 -939 861 -206 -46 -1030 1136 -1411 485 641 -626 -813 42 -719 1642 1752 72 -1745 -502 1676 2132 -654 291 1442 773 1416 -1523 -1360 768 -105 1344 1989 692 -2909 2664 -44 702 1145 -964 1050 639 -799 1089 -58 2416 1892 223 -305 2810 -1706 -972 -212 431 171 1541 681 -1448 564 129 -1476 -989 -777 2189
2393 -740 -939 861 -206 -46 -1030 1136 -1411 485 641 -626 -813 42 -719 1642 1752 72 -1745 -502 1676 2132 -654 291 1442 773 1416 -1523 -1360 768 -105 1344 1989 692 -2909 2664 -44 702 1145 -964 1050 639 -799 1089 -58 2416 1892 223 -305 2810 -1706 -972 -212 431 171 1541 681 -1448 564 129 -1476 -989 -777 2189
2393 -740 -939 861 -206 -46 -1030 1136 -1411 485 641 -626 -813 42 -719 1642 1752 72 -1745 -502 1676 2132 -654 291 1442 773 1416 -1523 -1360 768 -105 1344 1989 692 -2909 2664 -44 702 1145 -964 1050 639 -799 1089 -58 2416 1892 223 -305 2810 -1706 -972 -212 431 171 1541 681 -1448 564 129 -1476 -989 -777 2189
2393 -740 -939 861 -206 -46 -1030 1136 -1411 485 641 -626 -813 42 -719 1642 1752 72 -1745 -502 1676 2132 -654 291 1442 773 1416 -1523 -1360 768 -105 1344 1989 692 -2909 2664 -44 702 1145 -964 1050 639 -799 1089 -58 2416 1892 223 -305 2810 -1706 -972 -212 431 171 1541 681 -1448 564 129 -1476 -989 -777 2189
2393 -740 -939 861 -206 -46 -1030 1136 -1411 485 641 -626 -813 42 -719 1642 1752 72 -1745 -502 1676 2132 -654 291 1442 773 1416 -1523 -1360 768 -105 1344 1989 692 -2909 2664 -44 702 1145 -964 1050 639 -799 1089 -58 2416 1892 223 -305 2810 -1706 -972 -212 431 171 1541 681 -1448 564 129 -1476 -989 -777 2189
2393 -740 -939 861 -206 -46 -1030 1136 -1411 485 641 -626 -813 42 -719 1642 1752 72 -1745 -502 1676 2132 -654 291 1442 773 1416 -1523 -1360 768 -105 1344 1989 692 -2909 2664 -44 702 1145 -964 1050 639 -799 1089 -58 2416 1892 223 -305 2810 -1706 -972 -212 431 171 1541 681 -1448 564 129 -1476 -989 -777 2189
2393 -740 -939 861 -206 -46 -1030 1136 -1411 485 641 -626 -813 42 -719 1642 1752 72 -1745 -502 1676 2132 -654 291 1442 773 1416 -1523 -1360 768 -105 1344 1989 692 -2909 2664 -44 702 1145 -964 1050 639 -799 1089 -58 2416 1892 223 -305 2810 -1706 -972 -212 431 171 1541 681 -1448 564 129 -1476 -989 -777 2189
2393 -740 -939 861 -206 -46 -1030 1136 -1411 485 641 -626 -813 42 -719 1642 1752 72 -1745 -502 1676 2132 -654 291 1442 773 1416 -1523 -1360 768 -105 1344 1989 692 -2909 2664 -44 702 1145 -964 1050 639 -799 1089 -58 2416 1892 223 -305 2810 -1706 -972 -212 431 171 1541 681 -1448 564 129 -1476 -989 -777 2189
2393 -740 -939 861 -206 -46 -1030 1136 -1411 485 641 -626 -813 42 -719 1642 1752 72 -1745 -502 1676 2132 -654 291 1442 773 1416 -1523 -1360 768 -105 1344 1989 692 -2909 2664 -44 702 1145 -964 1050 639 -799 1089 -58 2416 1892 223 -305 2810 -1706 -972 -212 431 171 1541 681 -1448 564 129 -1476 -989 -777 2189
