20 -474 -1172 -962 246 -6 -727 479 934 3 15 -232 470 -1423 9 -239 947 -236 11 223 706 -5 -239 712 239 479 -227 -488 7 245 -477 -246 -1190 -218 485 -487 -712 723 -715 2 -947 -7 -477 703 -473 0 254 246 243 953 465 -476 480 959 17 240 1438 -717 465 245 476 -974 489 -244
433 -1503 -148 -742 32 -739 -692 113 837 12 326 978 46 -1399 1337 1032 -761 -1135 862 982 -1122 -626 -1599 773 408 599 534 -155 512 681 -102 -180 -2036 452 -852 -483 -252 484 830 89 -1162 209 1796 -93 -33 946 -161 77 113 32 1630 495 663 473 -827 -457 1436 -920 -947 327 1184 -914 306 -3060
106 -690 -1092 -900 230 -132 -760 510 944 -52 140 -58 452 -1468 262 26 664 -410 160 358 384 -128 -538 768 290 496 -60 -430 124 370 -448 -220 -1388 -66 230 -454 -630 674 -514 18 -1084 72 -50 582 -364 204 196 228 224 780 706 -316 504 872 -200 144 1516 -794 226 208 652 -1002 444 -820
1930 64 -734 -454 -490 920 -566 2628 446 -156 -734 1567 -174 -2194 802 -140 288 -363 181 1348 738 2391 537 844 1381 1110 1124 -672 914 2002 693 2284 -1498 -3501 -1850 563 1 3085 -1112 -3368 1261 156 -295 -1271 1540 -2409 351 -489 1395 694 346 1401 1426 1111 -947 -1050 423 -1461 -680 1233 1224 1359 -699 -1595
1577 829 1351 122 -22 -1094 -1350 196 -26 1660 3312 755 -1080 -155 1131 -628 -602 1003 2174 -255 394 26 -943 1821 1373 -1061 1759 -1062 1188 27 862 1003 1810 603 205 -975 548 2786 -385 -1118 -617 1657 -748 -926 1662 -181 -324 986 162 -597 1302 -64 1046 2110 1295 272 139 -603 -974 -591 1278 -735 2369 -552
-91 2154 119 1177 374 -1057 -2525 1266 2180 -1816 3668 971 -1313 -363 1148 525 -2741 1768 4637 1721 513 2750 -1881 1959 896 -2350 2442 -1531 2657 -1457 2700 2402 3625 -1372 -666 -967 1688 7046 -752 -2889 1422 3386 -1594 -3048 546 -1852 -2493 1410 577 -2028 1949 108 264 1109 455 -816 -3876 1450 630 -1131 1320 274 4249 -93
554 1614 566 1130 144 -931 -1792 1079 1226 -372 3441 695 -1273 -380 1125 83 -1928 1405 3524 824 334 1516 -1355 1907 1094 -1693 2105 -1091 2085 -844 1686 1920 2697 -512 -379 -1047 1285 5006 -504 -2126 478 2663 -1291 -2293 1026 -1004 -1602 1047 384 -1663 1913 7 536 1470 772 -440 -2135 715 -82 -918 1412 119 3232 -496
1346 792 -580 -203 463 349 -2088 2005 1648 1378 152 -313 -1901 -2216 1494 -537 241 -1293 -370 1151 -617 -52 1446 237 1188 126 1778 -963 -1155 1199 353 2824 -2136 -2560 -512 -50 -1347 3761 -253 -2366 1469 131 208 -2696 1589 -726 963 645 -416 -1913 553 842 1636 -48 -1172 221 1142 -1776 -1598 784 1371 -685 2075 -1565
162 -453 -1066 -958 121 58 -646 560 936 49 -38 -62 399 -1518 173 -110 833 -298 111 350 683 108 -211 757 349 538 -57 -437 80 475 -437 31 -1289 -567 235 -420 -677 931 -659 -215 -746 3 -336 486 -300 -277 208 142 365 990 484 -301 637 1026 -101 105 1381 -764 288 330 650 -702 425 -503
32 -520 -1034 -989 201 -53 -685 390 974 21 29 -118 393 -1504 205 -169 769 -340 133 371 562 -6 -332 719 308 505 -130 -445 20 329 -440 -162 -1342 -363 381 -518 -723 827 -578 -47 -887 20 -274 596 -384 -51 209 194 252 894 606 -319 589 1023 -55 182 1411 -791 313 349 585 -944 549 -534
268 -492 -1023 -943 131 80 -655 657 909 25 -121 88 381 -1599 195 -243 757 -410 11 526 569 288 -188 686 385 630 -44 -492 67 485 -339 62 -1460 -717 184 -411 -711 979 -717 -370 -661 26 -312 468 -202 -266 308 145 371 854 571 -110 699 1013 -163 57 1400 -955 196 478 614 -748 373 -620
1356 -439 -915 -726 -275 655 -438 1916 443 177 -834 929 217 -2054 457 -603 941 -741 -565 1056 605 1617 584 621 884 1334 458 -598 272 1590 119 1173 -2083 -2522 -913 328 -631 1795 -1286 -2079 336 -72 -323 -285 952 -1431 831 -230 965 760 298 958 1200 1042 -699 -447 1321 -1740 -351 1131 761 352 -623 -1213
-852 324 -704 -544 1044 -344 -1125 -1266 307 54 -168 192 -936 -1630 2018 -359 -266 81 1257 -1264 567 -128 -659 82 -200 860 1224 -1373 175 3239 -8 1155 -821 -1130 -760 1133 -1407 3450 -346 -1897 252 -465 275 -1386 -419 -64 -1134 -1452 -66 582 407 752 958 770 -756 -360 -56 -974 -299 206 -1026 282 684 -1641
-489 540 -1284 -62 378 -1355 -1863 -1247 1337 83 1015 -556 -504 -1834 1626 -935 930 56 983 -782 818 -169 -709 370 -413 1633 1399 -1375 -265 2693 -277 732 272 -328 347 -223 -823 3433 -424 -1729 -293 -130 -450 -633 -1159 -82 14 -762 222 351 -360 -359 750 637 -163 135 -833 -1214 -501 -967 -764 -406 1361 -1018
69 -395 -1034 -788 154 -112 -771 495 900 53 2 -238 395 -1387 180 -328 919 -260 125 83 740 36 -237 850 324 559 -42 -517 14 484 -487 -140 -1219 -300 249 -352 -730 911 -752 -280 -882 -92 -288 511 -520 -71 194 150 157 906 425 -336 606 910 9 260 1259 -830 395 354 337 -856 617 -788
1469 -605 -2160 300 209 12 -1866 3205 816 1338 -2507 -533 -2182 -2382 833 533 3355 -181 15 -1211 1669 -637 -166 1248 3296 754 289 703 198 977 1020 934 -1897 11 -3189 530 12 2736 1745 -4294 -432 -2481 -726 -1696 370 806 -196 -1249 -1094 1515 164 34 133 -248 -1133 -978 2177 -541 -1063 2371 211 40 -1043 -1639
-446 491 -1013 1085 -80 -879 -1057 -409 1459 646 19 -249 -48 -847 -284 355 1708 -967 1178 -93 1738 222 -1754 430 672 552 1338 116 628 237 13 336 -267 430 -1105 -749 -1529 2639 -1698 -709 -350 18 -1907 -877 -2468 -11 -622 -119 -290 1032 -527 -436 1213 270 -646 -593 1449 -772 -872 164 -376 -783 2205 -800
446 439 -1871 2030 -83 -557 -1671 1471 1520 1593 -2024 -138 -1707 -1466 -359 1571 3482 -1254 1501 -760 2601 -66 -2397 499 2842 499 1568 1116 1084 -10 1106 1153 -492 813 -3805 -282 -1221 4040 -393 -3384 97 -1536 -2752 -2455 -2368 836 -1236 -1022 -1311 1726 -869 -113 1251 -661 -1684 -1811 2847 -489 -1891 1840 -393 -298 1350 -1133
86 -217 -1117 -368 69 -304 -803 436 1056 145 103 -323 340 -1315 58 -393 1095 -315 159 113 914 51 -356 740 370 585 163 -391 67 300 -373 -192 -1051 -179 96 -476 -848 1099 -852 -288 -781 3 -625 375 -845 -91 217 173 79 860 271 -423 562 866 -68 123 1251 -857 105 234 212 -865 823 -726
-1349 1226 -389 3302 -133 -1961 -1149 -1642 1955 1383 -65 -342 -357 111 -980 1093 2687 -2167 2481 -381 2953 524 -3536 437 928 483 2766 879 1293 -97 669 615 316 1521 -2573 -1017 -2684 4150 -3410 -576 -99 274 -3744 -2244 -4922 388 -1633 -110 -1082 876 -1191 -539 1854 -498 -1075 -1469 2045 -720 -2113 296 -1456 -1115 4212 -1029
1030 -591 -1831 24 242 -137 -1781 2374 776 1162 -1874 -450 -1681 -2046 1041 159 2776 -244 37 -1004 1383 -509 -87 1100 2524 798 389 344 125 1133 604 688 -1677 -56 -2445 536 -222 2532 1313 -3534 -553 -2019 -384 -1420 242 550 -168 -905 -804 1197 180 1 303 -98 -926 -565 1731 -661 -729 1731 63 -72 -541 -1692
145 -416 -1137 -734 141 -217 -800 572 1000 26 89 -351 475 -1418 37 -410 959 -255 121 181 894 31 -163 726 269 641 -42 -470 17 279 -555 -294 -1083 -179 471 -567 -720 838 -697 -131 -954 -25 -324 599 -612 -29 341 298 146 820 441 -478 472 1044 187 292 1227 -886 444 189 337 -894 703 -670
188 -497 -1124 -946 221 -39 -738 588 915 -16 -59 -276 516 -1476 50 -265 811 -269 120 293 855 2 -183 650 250 560 -172 -484 40 163 -618 -290 -1169 -204 504 -595 -725 715 -660 -42 -996 -71 -250 700 -534 29 293 359 87 859 551 -404 485 1120 197 297 1435 -894 543 250 456 -933 636 -565
116 -501 -1148 -966 243 -28 -755 515 934 -4 -55 -268 491 -1481 84 -266 859 -251 85 291 814 3 -209 707 261 524 -211 -494 15 168 -584 -278 -1204 -222 481 -560 -725 707 -707 -23 -1004 -57 -335 740 -537 16 247 326 134 913 530 -397 504 1057 109 287 1457 -838 504 248 496 -967 585 -478
304 -448 -943 -844 129 -67 -701 611 833 -12 -51 -275 527 -1402 113 -301 632 -278 176 300 842 7 -142 691 237 575 -129 -472 15 130 -734 -315 -1142 -172 437 -595 -677 617 -635 -80 -976 -118 -26 673 -577 17 309 427 -15 779 564 -288 515 1114 288 343 1343 -988 535 256 399 -886 715 -976
1387 -267 -122 170 -1495 786 -426 2877 152 1534 312 652 -453 -2146 508 361 489 -1173 -221 1917 -544 2500 559 925 776 1315 1317 -307 602 1516 346 1758 -1724 -3772 -2438 1604 -654 3748 -1099 -4202 863 -45 229 -1542 2203 -2487 738 90 1494 1361 -1113 1859 1797 246 -1278 -489 1872 -1953 -218 -277 545 2023 -1056 -2953
1745 1354 1563 907 -862 -891 -1291 615 1337 2361 3740 487 -1191 -527 1902 -642 -1053 1313 2298 877 -32 1069 -129 2070 781 -1392 2695 -882 -44 -364 142 1062 1169 516 -269 -902 1715 3579 -322 -831 -1008 1265 -766 -967 1269 -335 -390 907 -592 -130 692 124 1249 1186 1076 -406 274 -1146 -817 -928 1045 -892 2239 -1528
1199 2476 499 1358 -533 -942 -2316 905 2698 675 4275 -85 -1374 -822 1772 -95 -2167 1989 3492 1957 286 2514 -648 2393 618 -2383 3389 -1040 1001 -1378 972 1938 1658 -1299 -146 -1068 2558 6310 71 -1528 418 2583 -1512 -2275 1011 -1297 -1846 1059 -584 -737 1060 -390 629 576 518 -1175 -1101 295 139 -1314 1905 -229 2895 -599
1140 2832 54 1069 -367 -1076 -2878 890 3133 -143 4168 -406 -1285 -680 1544 53 -2590 1912 3751 2414 556 2750 -747 2400 499 -2751 3415 -1181 1022 -1657 1079 1970 1638 -1828 36 -1264 2468 7074 108 -1703 984 2753 -1142 -2567 730 -1578 -2121 1454 -821 -951 977 -434 328 400 391 -1029 -1640 522 508 -1187 2093 -335 3509 -680
1099 1587 -1075 263 80 207 -1581 1860 1745 1710 -236 -1772 -2322 -1917 1054 -867 -181 -2769 -816 2653 -1119 854 2265 554 871 160 1902 -1146 -2237 1799 354 2749 -2525 -2935 -1087 27 -1397 4102 572 -3647 40 -137 920 -1604 2504 -329 162 887 -942 -1247 -502 1378 1767 -79 -1286 1330 1728 -2361 -1181 -142 1048 -668 1697 -2465
347 -333 -911 -823 17 50 -720 605 836 200 -100 -227 289 -1467 298 -87 722 -370 175 573 781 214 0 766 313 537 18 -406 26 295 -660 67 -1180 -664 30 -428 -661 1148 -707 -442 -765 -36 -167 287 -138 -321 204 354 290 917 230 -53 724 1110 -77 261 1428 -945 322 95 784 -517 507 -824
233 -403 -1028 -813 49 80 -738 742 872 250 12 -166 257 -1579 72 -191 815 -453 -52 561 530 297 -85 639 316 557 3 -491 -54 351 -419 75 -1333 -671 208 -373 -786 1112 -838 -501 -779 -8 -293 451 -140 -229 314 307 246 846 359 -84 682 856 -90 175 1561 -995 317 151 514 -666 447 -702
658 -641 -710 -642 -741 602 -258 1614 334 990 -213 344 79 -1957 163 269 1185 -938 -457 1035 107 1087 354 675 477 1241 316 -240 256 1264 -281 857 -1733 -2198 -1167 642 -978 1999 -1099 -2021 -137 -112 -192 -464 1175 -1369 739 -49 1354 1512 -605 770 1315 919 -848 -118 2056 -1450 13 -78 792 853 -770 -1309
1272 23 -794 625 -580 -279 -1157 2366 849 1102 -273 -281 -751 -1193 1307 -135 2181 -814 773 450 1423 577 312 1543 1507 823 643 726 392 710 -382 195 -1565 -1077 -2294 1466 -207 3087 919 -4186 -281 -1347 -609 -1253 967 -869 -68 62 -282 926 -517 406 1327 -248 -1319 -71 1808 -1184 -1281 540 -653 590 -382 -3075
844 1473 -314 1828 -691 -1729 -1497 -161 1562 1145 1046 -751 62 -494 527 401 2456 -1325 2080 323 1561 841 -1066 647 377 29 1879 671 696 -33 -561 298 -42 786 -1112 -21 -1054 3756 -1318 -1871 -447 370 -1807 -1143 -856 66 -486 311 27 286 -752 -889 2049 -449 -1004 -582 712 -675 -1581 -240 -836 -1146 2643 -2441
1635 214 -1254 1005 -605 90 -1325 2788 955 1557 -679 50 -1140 -1241 1437 704 2778 -1070 1202 693 1756 728 -338 1297 2162 441 730 1242 894 310 -77 449 -1405 -1034 -3299 1844 -210 4237 1488 -5436 -16 -1780 -1383 -1880 1329 -855 -438 -95 -243 1361 -928 351 2079 -743 -2184 -586 2811 -872 -1938 784 -697 960 -518 -2860
481 265 -908 162 -185 -719 -979 552 1194 376 546 -627 250 -1182 511 -397 1427 -532 755 291 871 413 -152 889 288 480 682 -112 218 345 -536 -119 -950 -244 -264 45 -834 1942 -550 -1160 -618 159 -725 -130 -358 -224 91 294 73 590 -56 -448 903 453 -460 84 959 -932 -331 62 -252 -904 1096 -1633
564 1933 964 2921 -501 -2305 -763 -923 1392 1606 1051 -820 13 588 545 576 2849 -2132 2645 -122 1993 745 -1167 876 127 -721 2198 1458 498 37 -467 202 -590 1799 -1821 540 -1718 3539 -2281 -1122 -819 171 -1935 -1635 -1437 515 -1043 465 -465 -54 -503 -851 2483 -745 -1120 -917 1150 -649 -2368 -57 -1799 -1393 3357 -3630
1203 -113 -1182 442 -309 -100 -1106 2340 868 1007 -491 -396 -612 -1315 1333 -203 2086 -828 653 445 1239 456 221 1374 1501 800 439 587 408 618 -314 7 -1570 -912 -2190 1467 -400 2760 1256 -4037 -363 -1422 -585 -953 808 -643 -11 97 -305 1013 -497 274 1344 -275 -1427 91 1992 -1176 -1128 672 -790 246 -331 -2854
240 -45 -1032 -303 -106 -624 -919 509 1146 72 500 -617 488 -1216 144 -652 1165 -284 462 103 846 117 90 927 162 603 231 -314 -51 309 -897 -459 -1039 -81 360 -306 -855 1015 -607 -297 -849 257 -334 331 -569 -127 414 415 93 566 226 -524 573 684 -57 361 849 -933 113 67 -159 -1035 1024 -1618
28 -478 -1214 -972 227 -3 -736 512 982 -6 8 -254 508 -1474 -5 -253 966 -250 13 243 753 -4 -236 752 239 502 -240 -490 -7 250 -531 -254 -1225 -233 496 -501 -736 727 -736 0 -991 -6 -450 732 -507 -2 265 268 227 972 500 -490 497 998 27 261 1469 -766 503 246 473 -986 521 -330
195 -297 -1045 -732 89 -12 -685 617 922 -25 97 -220 440 -1359 132 -280 742 -195 179 289 699 132 -186 826 311 410 -93 -434 51 219 -544 -194 -1141 -371 239 -354 -648 856 -625 -253 -781 33 -290 505 -407 -176 222 290 190 883 435 -308 578 924 -49 226 1281 -789 382 288 395 -814 582 -840
195 -297 -1045 -732 89 -12 -685 617 922 -25 97 -220 440 -1359 132 -280 742 -195 179 289 699 132 -186 826 311 410 -93 -434 51 219 -544 -194 -1141 -371 239 -354 -648 856 -625 -253 -781 33 -290 505 -407 -176 222 290 190 883 435 -308 578 924 -49 226 1281 -789 382 288 395 -814 582 -840
195 -297 -1045 -732 89 -12 -685 617 922 -25 97 -220 440 -1359 132 -280 742 -195 179 289 699 132 -186 826 311 410 -93 -434 51 219 -544 -194 -1141 -371 239 -354 -648 856 -625 -253 -781 33 -290 505 -407 -176 222 290 190 883 435 -308 578 924 -49 226 1281 -789 382 288 395 -814 582 -840
195 -297 -1045 -732 89 -12 -685 617 922 -25 97 -220 440 -1359 132 -280 742 -195 179 289 699 132 -186 826 311 410 -93 -434 51 219 -544 -194 -1141 -371 239 -354 -648 856 -625 -253 -781 33 -290 505 -407 -176 222 290 190 883 435 -308 578 924 -49 226 1281 -789 382 288 395 -814 582 -840
195 -297 -1045 -732 89 -12 -685 617 922 -25 97 -220 440 -1359 132 -280 742 -195 179 289 699 132 -186 826 311 410 -93 -434 51 219 -544 -194 -1141 -371 239 -354 -648 856 -625 -253 -781 33 -290 505 -407 -176 222 290 190 883 435 -308 578 924 -49 226 1281 -789 382 288 395 -814 582 -840
195 -297 -1045 -732 89 -12 -685 617 922 -25 97 -220 440 -1359 132 -280 742 -195 179 289 699 132 -186 826 311 410 -93 -434 51 219 -544 -194 -1141 -371 239 -354 -648 856 -625 -253 -781 33 -290 505 -407 -176 222 290 190 883 435 -308 578 924 -49 226 1281 -789 382 288 395 -814 582 -840
195 -297 -1045 -732 89 -12 -685 617 922 -25 97 -220 440 -1359 132 -280 742 -195 179 289 699 132 -186 826 311 410 -93 -434 51 219 -544 -194 -1141 -371 239 -354 -648 856 -625 -253 -781 33 -290 505 -407 -176 222 290 190 883 435 -308 578 924 -49 226 1281 -789 382 288 395 -814 582 -840
195 -297 -1045 -732 89 -12 -685 617 922 -25 97 -220 440 -1359 132 -280 742 -195 179 289 699 132 -186 826 311 410 -93 -434 51 219 -544 -194 -1141 -371 239 -354 -648 856 -625 -253 -781 33 -290 505 -407 -176 222 290 190 883 435 -308 578 924 -49 226 1281 -789 382 288 395 -814 582 -840
195 -297 -1045 -732 89 -12 -685 617 922 -25 97 -220 440 -1359 132 -280 742 -195 179 289 699 132 -186 826 311 410 -93 -434 51 219 -544 -194 -1141 -371 239 -354 -648 856 -625 -253 -781 33 -290 505 -407 -176 222 290 190 883 435 -308 578 924 -49 226 1281 -789 382 288 395 -814 582 -840
195 -297 -1045 -732 89 -12 -685 617 922 -25 97 -220 440 -1359 132 -280 742 -195 179 289 699 132 -186 826 311 410 -93 -434 51 219 -544 -194 -1141 -371 239 -354 -648 856 -625 -253 -781 33 -290 505 -407 -176 222 290 190 883 435 -308 578 924 -49 226 1281 -789 382 288 395 -814 582 -840
195 -297 -1045 -732 89 -12 -685 617 922 -25 97 -220 440 -1359 132 -280 742 -195 179 289 699 132 -186 826 311 410 -93 -434 51 219 -544 -194 -1141 -371 239 -354 -648 856 -625 -253 -781 33 -290 505 -407 -176 222 290 190 883 435 -308 578 924 -49 226 1281 -789 382 288 395 -814 582 -840
195 -297 -1045 -732 89 -12 -685 617 922 -25 97 -220 440 -1359 132 -280 742 -195 179 289 699 132 -186 826 311 410 -93 -434 51 219 -544 -194 -1141 -371 239 -354 -648 856 -625 -253 -781 33 -290 505 -407 -176 222 290 190 883 435 -308 578 924 -49 226 1281 -789 382 288 395 -814 582 -840
195 -297 -1045 -732 89 -12 -685 617 922 -25 97 -220 440 -1359 132 -280 742 -195 179 289 699 132 -186 826 311 410 -93 -434 51 219 -544 -194 -1141 -371 239 -354 -648 856 -625 -253 -781 33 -290 505 -407 -176 222 290 190 883 435 -308 578 924 -49 226 1281 -789 382 288 395 -814 582 -840
195 -297 -1045 -732 89 -12 -685 617 922 -25 97 -220 440 -1359 132 -280 742 -195 179 289 699 132 -186 826 311 410 -93 -434 51 219 -544 -194 -1141 -371 239 -354 -648 856 -625 -253 -781 33 -290 505 -407 -176 222 290 190 883 435 -308 578 924 -49 226 1281 -789 382 288 395 -814 582 -840
195 -297 -1045 -732 89 -12 -685 617 922 -25 97 -220 440 -1359 132 -280 742 -195 179 289 699 132 -186 826 311 410 -93 -434 51 219 -544 -194 -1141 -371 239 -354 -648 856 -625 -253 -781 33 -290 505 -407 -176 222 290 190 883 435 -308 578 924 -49 226 1281 -789 382 288 395 -814 582 -840
195 -297 -1045 -732 89 -12 -685 617 922 -25 97 -220 440 -1359 132 -280 742 -195 179 289 699 132 -186 826 311 410 -93 -434 51 219 -544 -194 -1141 -371 239 -354 -648 856 -625 -253 -781 33 -290 505 -407 -176 222 290 190 883 435 -308 578 924 -49 226 1281 -789 382 288 395 -814 582 -840
195 -297 -1045 -732 89 -12 -685 617 922 -25 97 -220 440 -1359 132 -280 742 -195 179 289 699 132 -186 826 311 410 -93 -434 51 219 -544 -194 -1141 -371 239 -354 -648 856 -625 -253 -781 33 -290 505 -407 -176 222 290 190 883 435 -308 578 924 -49 226 1281 -789 382 288 395 -814 582 -840
195 -297 -1045 -732 89 -12 -685 617 922 -25 97 -220 440 -1359 132 -280 742 -195 179 289 699 132 -186 826 311 410 -93 -434 51 219 -544 -194 -1141 -371 239 -354 -648 856 -625 -253 -781 33 -290 505 -407 -176 222 290 190 883 435 -308 578 924 -49 226 1281 -789 382 288 395 -814 582 -840
195 -297 -1045 -732 89 -12 -685 617 922 -25 97 -220 440 -1359 132 -280 742 -195 179 289 699 132 -186 826 311 410 -93 -434 51 219 -544 -194 -1141 -371 239 -354 -648 856 -625 -253 -781 33 -290 505 -407 -176 222 290 190 883 435 -308 578 924 -49 226 1281 -789 382 288 395 -814 582 -840
195 -297 -1045 -732 89 -12 -685 617 922 -25 97 -220 440 -1359 132 -280 742 -195 179 289 699 132 -186 826 311 410 -93 -434 51 219 -544 -194 -1141 -371 239 -354 -648 856 -625 -253 -781 33 -290 505 -407 -176 222 290 190 883 435 -308 578 924 -49 226 1281 -789 382 288 395 -814 582 -840
195 -297 -1045 -732 89 -12 -685 617 922 -25 97 -220 440 -1359 132 -280 742 -195 179 289 699 132 -186 826 311 410 -93 -434 51 219 -544 -194 -1141 -371 239 -354 -648 856 -625 -253 -781 33 -290 505 -407 -176 222 290 190 883 435 -308 578 924 -49 226 1281 -789 382 288 395 -814 582 -840
195 -297 -1045 -732 89 -12 -685 617 922 -25 97 -220 440 -1359 132 -280 742 -195 179 289 699 132 -186 826 311 410 -93 -434 51 219 -544 -194 -1141 -371 239 -354 -648 856 -625 -253 -781 33 -290 505 -407 -176 222 290 190 883 435 -308 578 924 -49 226 1281 -789 382 288 395 -814 582 -840
195 -297 -1045 -732 89 -12 -685 617 922 -25 97 -220 440 -1359 132 -280 742 -195 179 289 699 132 -186 826 311 410 -93 -434 51 219 -544 -194 -1141 -371 239 -354 -648 856 -625 -253 -781 33 -290 505 -407 -176 222 290 190 883 435 -308 578 924 -49 226 1281 -789 382 288 395 -814 582 -840
195 -297 -1045 -732 89 -12 -685 617 922 -25 97 -220 440 -1359 132 -280 742 -195 179 289 699 132 -186 826 311 410 -93 -434 51 219 -544 -194 -1141 -371 239 -354 -648 856 -625 -253 -781 33 -290 505 -407 -176 222 290 190 883 435 -308 578 924 -49 226 1281 -789 382 288 395 -814 582 -840
195 -297 -1045 -732 89 -12 -685 617 922 -25 97 -220 440 -1359 132 -280 742 -195 179 289 699 132 -186 826 311 410 -93 -434 51 219 -544 -194 -1141 -371 239 -354 -648 856 -625 -253 -781 33 -290 505 -407 -176 222 290 190 883 435 -308 578 924 -49 226 1281 -789 382 288 395 -814 582 -840
195 -297 -1045 -732 89 -12 -685 617 922 -25 97 -220 440 -1359 132 -280 742 -195 179 289 699 132 -186 826 311 410 -93 -434 51 219 -544 -194 -1141 -371 239 -354 -648 856 -625 -253 -781 33 -290 505 -407 -176 222 290 190 883 435 -308 578 924 -49 226 1281 -789 382 288 395 -814 582 -840
195 -297 -1045 -732 89 -12 -685 617 922 -25 97 -220 440 -1359 132 -280 742 -195 179 289 699 132 -186 826 311 410 -93 -434 51 219 -544 -194 -1141 -371 239 -354 -648 856 -625 -253 -781 33 -290 505 -407 -176 222 290 190 883 435 -308 578 924 -49 226 1281 -789 382 288 395 -814 582 -840
195 -297 -1045 -732 89 -12 -685 617 922 -25 97 -220 440 -1359 132 -280 742 -195 179 289 699 132 -186 826 311 410 -93 -434 51 219 -544 -194 -1141 -371 239 -354 -648 856 -625 -253 -781 33 -290 505 -407 -176 222 290 190 883 435 -308 578 924 -49 226 1281 -789 382 288 395 -814 582 -840
195 -297 -1045 -732 89 -12 -685 617 922 -25 97 -220 440 -1359 132 -280 742 -195 179 289 699 132 -186 826 311 410 -93 -434 51 219 -544 -194 -1141 -371 239 -354 -648 856 -625 -253 -781 33 -290 505 -407 -176 222 290 190 883 435 -308 578 924 -49 226 1281 -789 382 288 395 -814 582 -840
195 -297 -1045 -732 89 -12 -685 617 922 -25 97 -220 440 -1359 132 -280 742 -195 179 289 699 132 -186 826 311 410 -93 -434 51 219 -544 -194 -1141 -371 239 -354 -648 856 -625 -253 -781 33 -290 505 -407 -176 222 290 190 883 435 -308 578 924 -49 226 1281 -789 382 288 395 -814 582 -840
195 -297 -1045 -732 89 -12 -685 617 922 -25 97 -220 440 -1359 132 -280 742 -195 179 289 699 132 -186 826 311 410 -93 -434 51 219 -544 -194 -1141 -371 239 -354 -648 856 -625 -253 -781 33 -290 505 -407 -176 222 290 190 883 435 -308 578 924 -49 226 1281 -789 382 288 395 -814 582 -840
195 -297 -1045 -732 89 -12 -685 617 922 -25 97 -220 440 -1359 132 -280 742 -195 179 289 699 132 -186 826 311 410 -93 -434 51 219 -544 -194 -1141 -371 239 -354 -648 856 -625 -253 -781 33 -290 505 -407 -176 222 290 190 883 435 -308 578 924 -49 226 1281 -789 382 288 395 -814 582 -840
195 -297 -1045 -732 89 -12 -685 617 922 -25 97 -220 440 -1359 132 -280 742 -195 179 289 699 132 -186 826 311 410 -93 -434 51 219 -544 -194 -1141 -371 239 -354 -648 856 -625 -253 -781 33 -290 505 -407 -176 222 290 190 883 435 -308 578 924 -49 226 1281 -789 382 288 395 -814 582 -840
195 -297 -1045 -732 89 -12 -685 617 922 -25 97 -220 440 -1359 132 -280 742 -195 179 289 699 132 -186 826 311 410 -93 -434 51 219 -544 -194 -1141 -371 239 -354 -648 856 -625 -253 -781 33 -290 505 -407 -176 222 290 190 883 435 -308 578 924 -49 226 1281 -789 382 288 395 -814 582 -840
195 -297 -1045 -732 89 -12 -685 617 922 -25 97 -220 440 -1359 132 -280 742 -195 179 289 699 132 -186 826 311 410 -93 -434 51 219 -544 -194 -1141 -371 239 -354 -648 856 -625 -253 -781 33 -290 505 -407 -176 222 290 190 883 435 -308 578 924 -49 226 1281 -789 382 288 395 -814 582 -840
195 -297 -1045 -732 89 -12 -685 617 922 -25 97 -220 440 -1359 132 -280 742 -195 179 289 699 132 -186 826 311 410 -93 -434 51 219 -544 -194 -1141 -371 239 -354 -648 856 -625 -253 -781 33 -290 505 -407 -176 222 290 190 883 435 -308 578 924 -49 226 1281 -789 382 288 395 -814 582 -840
195 -297 -1045 -732 89 -12 -685 617 922 -25 97 -220 440 -1359 132 -280 742 -195 179 289 699 132 -186 826 311 410 -93 -434 51 219 -544 -194 -1141 -371 239 -354 -648 856 -625 -253 -781 33 -290 505 -407 -176 222 290 190 883 435 -308 578 924 -49 226 1281 -789 382 288 395 -814 582 -840
195 -297 -1045 -732 89 -12 -685 617 922 -25 97 -220 440 -1359 132 -280 742 -195 179 289 699 132 -186 826 311 410 -93 -434 51 219 -544 -194 -1141 -371 239 -354 -648 856 -625 -253 -781 33 -290 505 -407 -176 222 290 190 883 435 -308 578 924 -49 226 1281 -789 382 288 395 -814 582 -840
195 -297 -1045 -732 89 -12 -685 617 922 -25 97 -220 440 -1359 132 -280 742 -195 179 289 699 132 -186 826 311 410 -93 -434 51 219 -544 -194 -1141 -371 239 -354 -648 856 -625 -253 -781 33 -290 505 -407 -176 222 290 190 883 435 -308 578 924 -49 226 1281 -789 382 288 395 -814 582 -840
195 -297 -1045 -732 89 -12 -685 617 922 -25 97 -220 440 -1359 132 -280 742 -195 179 289 699 132 -186 826 311 410 -93 -434 51 219 -544 -194 -1141 -371 239 -354 -648 856 -625 -253 -781 33 -290 505 -407 -176 222 290 190 883 435 -308 578 924 -49 226 1281 -789 382 288 395 -814 582 -840
195 -297 -1045 -732 89 -12 -685 617 922 -25 97 -220 440 -1359 132 -280 742 -195 179 289 699 132 -186 826 311 410 -93 -434 51 219 -544 -194 -1141 -371 239 -354 -648 856 -625 -253 -781 33 -290 505 -407 -176 222 290 190 883 435 -308 578 924 -49 226 1281 -789 382 288 395 -814 582 -840
195 -297 -1045 -732 89 -12 -685 617 922 -25 97 -220 440 -1359 132 -280 742 -195 179 289 699 132 -186 826 311 410 -93 -434 51 219 -544 -194 -1141 -371 239 -354 -648 856 -625 -253 -781 33 -290 505 -407 -176 222 290 190 883 435 -308 578 924 -49 226 1281 -789 382 288 395 -814 582 -840
195 -297 -1045 -732 89 -12 -685 617 922 -25 97 -220 440 -1359 132 -280 742 -195 179 289 699 132 -186 826 311 410 -93 -434 51 219 -544 -194 -1141 -371 239 -354 -648 856 -625 -253 -781 33 -290 505 -407 -176 222 290 190 883 435 -308 578 924 -49 226 1281 -789 382 288 395 -814 582 -840
195 -297 -1045 -732 89 -12 -685 617 922 -25 97 -220 440 -1359 132 -280 742 -195 179 289 699 132 -186 826 311 410 -93 -434 51 219 -544 -194 -1141 -371 239 -354 -648 856 -625 -253 -781 33 -290 505 -407 -176 222 290 190 883 435 -308 578 924 -49 226 1281 -789 382 288 395 -814 582 -840
195 -297 -1045 -732 89 -12 -685 617 922 -25 97 -220 440 -1359 132 -280 742 -195 179 289 699 132 -186 826 311 410 -93 -434 51 219 -544 -194 -1141 -371 239 -354 -648 856 -625 -253 -781 33 -290 505 -407 -176 222 290 190 883 435 -308 578 924 -49 226 1281 -789 382 288 395 -814 582 -840
195 -297 -1045 -732 89 -12 -685 617 922 -25 97 -220 440 -1359 132 -280 742 -195 179 289 699 132 -186 826 311 410 -93 -434 51 219 -544 -194 -1141 -371 239 -354 -648 856 -625 -253 -781 33 -290 505 -407 -176 222 290 190 883 435 -308 578 924 -49 226 1281 -789 382 288 395 -814 582 -840
195 -297 -1045 -732 89 -12 -685 617 922 -25 97 -220 440 -1359 132 -280 742 -195 179 289 699 132 -186 826 311 410 -93 -434 51 219 -544 -194 -1141 -371 239 -354 -648 856 -625 -253 -781 33 -290 505 -407 -176 222 290 190 883 435 -308 578 924 -49 226 1281 -789 382 288 395 -814 582 -840
195 -297 -1045 -732 89 -12 -685 617 922 -25 97 -220 440 -1359 132 -280 742 -195 179 289 699 132 -186 826 311 410 -93 -434 51 219 -544 -194 -1141 -371 239 -354 -648 856 -625 -253 -781 33 -290 505 -407 -176 222 290 190 883 435 -308 578 924 -49 226 1281 -789 382 288 395 -814 582 -840
195 -297 -1045 -732 89 -12 -685 617 922 -25 97 -220 440 -1359 132 -280 742 -195 179 289 699 132 -186 826 311 410 -93 -434 51 219 -544 -194 -1141 -371 239 -354 -648 856 -625 -253 -781 33 -290 505 -407 -176 222 290 190 883 435 -308 578 924 -49 226 1281 -789 382 288 395 -814 582 -840
195 -297 -1045 -732 89 -12 -685 617 922 -25 97 -220 440 -1359 132 -280 742 -195 179 289 699 132 -186 826 311 410 -93 -434 51 219 -544 -194 -1141 -371 239 -354 -648 856 -625 -253 -781 33 -290 505 -407 -176 222 290 190 883 435 -308 578 924 -49 226 1281 -789 382 288 395 -814 582 -840
195 -297 -1045 -732 89 -12 -685 617 922 -25 97 -220 440 -1359 132 -280 742 -195 179 289 699 132 -186 826 311 410 -93 -434 51 219 -544 -194 -1141 -371 239 -354 -648 856 -625 -253 -781 33 -290 505 -407 -176 222 290 190 883 435 -308 578 924 -49 226 1281 -789 382 288 395 -814 582 -840
195 -297 -1045 -732 89 -12 -685 617 922 -25 97 -220 440 -1359 132 -280 742 -195 179 289 699 132 -186 826 311 410 -93 -434 51 219 -544 -194 -1141 -371 239 -354 -648 856 -625 -253 -781 33 -290 505 -407 -176 222 290 190 883 435 -308 578 924 -49 226 1281 -789 382 288 395 -814 582 -840
195 -297 -1045 -732 89 -12 -685 617 922 -25 97 -220 440 -1359 132 -280 742 -195 179 289 699 132 -186 826 311 410 -93 -434 51 219 -544 -194 -1141 -371 239 -354 -648 856 -625 -253 -781 33 -290 505 -407 -176 222 290 190 883 435 -308 578 924 -49 226 1281 -789 382 288 395 -814 582 -840
195 -297 -1045 -732 89 -12 -685 617 922 -25 97 -220 440 -1359 132 -280 742 -195 179 289 699 132 -186 826 311 410 -93 -434 51 219 -544 -194 -1141 -371 239 -354 -648 856 -625 -253 -781 33 -290 505 -407 -176 222 290 190 883 435 -308 578 924 -49 226 1281 -789 382 288 395 -814 582 -840
195 -297 -1045 -732 89 -12 -685 617 922 -25 97 -220 440 -1359 132 -280 742 -195 179 289 699 132 -186 826 311 410 -93 -434 51 219 -544 -194 -1141 -371 239 -354 -648 856 -625 -253 -781 33 -290 505 -407 -176 222 290 190 883 435 -308 578 924 -49 226 1281 -789 382 288 395 -814 582 -840
195 -297 -1045 -732 89 -12 -685 617 922 -25 97 -220 440 -1359 132 -280 742 -195 179 289 699 132 -186 826 311 410 -93 -434 51 219 -544 -194 -1141 -371 239 -354 -648 856 -625 -253 -781 33 -290 505 -407 -176 222 290 190 883 435 -308 578 924 -49 226 1281 -789 382 288 395 -814 582 -840
195 -297 -1045 -732 89 -12 -685 617 922 -25 97 -220 440 -1359 132 -280 742 -195 179 289 699 132 -186 826 311 410 -93 -434 51 219 -544 -194 -1141 -371 239 -354 -648 856 -625 -253 -781 33 -290 505 -407 -176 222 290 190 883 435 -308 578 924 -49 226 1281 -789 382 288 395 -814 582 -840
195 -297 -1045 -732 89 -12 -685 617 922 -25 97 -220 440 -1359 132 -280 742 -195 179 289 699 132 -186 826 311 410 -93 -434 51 219 -544 -194 -1141 -371 239 -354 -648 856 -625 -253 -781 33 -290 505 -407 -176 222 290 190 883 435 -308 578 924 -49 226 1281 -789 382 288 395 -814 582 -840
195 -297 -1045 -732 89 -12 -685 617 922 -25 97 -220 440 -1359 132 -280 742 -195 179 289 699 132 -186 826 311 410 -93 -434 51 219 -544 -194 -1141 -371 239 -354 -648 856 -625 -253 -781 33 -290 505 -407 -176 222 290 190 883 435 -308 578 924 -49 226 1281 -789 382 288 395 -814 582 -840
195 -297 -1045 -732 89 -12 -685 617 922 -25 97 -220 440 -1359 132 -280 742 -195 179 289 699 132 -186 826 311 410 -93 -434 51 219 -544 -194 -1141 -371 239 -354 -648 856 -625 -253 -781 33 -290 505 -407 -176 222 290 190 883 435 -308 578 924 -49 226 1281 -789 382 288 395 -814 582 -840
195 -297 -1045 -732 89 -12 -685 617 922 -25 97 -220 440 -1359 132 -280 742 -195 179 289 699 132 -186 826 311 410 -93 -434 51 219 -544 -194 -1141 -371 239 -354 -648 856 -625 -253 -781 33 -290 505 -407 -176 222 290 190 883 435 -308 578 924 -49 226 1281 -789 382 288 395 -814 582 -840
195 -297 -1045 -732 89 -12 -685 617 922 -25 97 -220 440 -1359 132 -280 742 -195 179 289 699 132 -186 826 311 410 -93 -434 51 219 -544 -194 -1141 -371 239 -354 -648 856 -625 -253 -781 33 -290 505 -407 -176 222 290 190 883 435 -308 578 924 -49 226 1281 -789 382 288 395 -814 582 -840
195 -297 -1045 -732 89 -12 -685 617 922 -25 97 -220 440 -1359 132 -280 742 -195 179 289 699 132 -186 826 311 410 -93 -434 51 219 -544 -194 -1141 -371 239 -354 -648 856 -625 -253 -781 33 -290 505 -407 -176 222 290 190 883 435 -308 578 924 -49 226 1281 -789 382 288 395 -814 582 -840
195 -297 -1045 -732 89 -12 -685 617 922 -25 97 -220 440 -1359 132 -280 742 -195 179 289 699 132 -186 826 311 410 -93 -434 51 219 -544 -194 -1141 -371 239 -354 -648 856 -625 -253 -781 33 -290 505 -407 -176 222 290 190 883 435 -308 578 924 -49 226 1281 -789 382 288 395 -814 582 -840
195 -297 -1045 -732 89 -12 -685 617 922 -25 97 -220 440 -1359 132 -280 742 -195 179 289 699 132 -186 826 311 410 -93 -434 51 219 -544 -194 -1141 -371 239 -354 -648 856 -625 -253 -781 33 -290 505 -407 -176 222 290 190 883 435 -308 578 924 -49 226 1281 -789 382 288 395 -814 582 -840
195 -297 -1045 -732 89 -12 -685 617 922 -25 97 -220 440 -1359 132 -280 742 -195 179 289 699 132 -186 826 311 410 -93 -434 51 219 -544 -194 -1141 -371 239 -354 -648 856 -625 -253 -781 33 -290 505 -407 -176 222 290 190 883 435 -308 578 924 -49 226 1281 -789 382 288 395 -814 582 -840
195 -297 -1045 -732 89 -12 -685 617 922 -25 97 -220 440 -1359 132 -280 742 -195 179 289 699 132 -186 826 311 410 -93 -434 51 219 -544 -194 -1141 -371 239 -354 -648 856 -625 -253 -781 33 -290 505 -407 -176 222 290 190 883 435 -308 578 924 -49 226 1281 -789 382 288 395 -814 582 -840
195 -297 -1045 -732 89 -12 -685 617 922 -25 97 -220 440 -1359 132 -280 742 -195 179 289 699 132 -186 826 311 410 -93 -434 51 219 -544 -194 -1141 -371 239 -354 -648 856 -625 -253 -781 33 -290 505 -407 -176 222 290 190 883 435 -308 578 924 -49 226 1281 -789 382 288 395 -814 582 -840
195 -297 -1045 -732 89 -12 -685 617 922 -25 97 -220 440 -1359 132 -280 742 -195 179 289 699 132 -186 826 311 410 -93 -434 51 219 -544 -194 -1141 -371 239 -354 -648 856 -625 -253 -781 33 -290 505 -407 -176 222 290 190 883 435 -308 578 924 -49 226 1281 -789 382 288 395 -814 582 -840
195 -297 -1045 -732 89 -12 -685 617 922 -25 97 -220 440 -1359 132 -280 742 -195 179 289 699 132 -186 826 311 410 -93 -434 51 219 -544 -194 -1141 -371 239 -354 -648 856 -625 -253 -781 33 -290 505 -407 -176 222 290 190 883 435 -308 578 924 -49 226 1281 -789 382 288 395 -814 582 -840
195 -297 -1045 -732 89 -12 -685 617 922 -25 97 -220 440 -1359 132 -280 742 -195 179 289 699 132 -186 826 311 410 -93 -434 51 219 -544 -194 -1141 -371 239 -354 -648 856 -625 -253 -781 33 -290 505 -407 -176 222 290 190 883 435 -308 578 924 -49 226 1281 -789 382 288 395 -814 582 -840
195 -297 -1045 -732 89 -12 -685 617 922 -25 97 -220 440 -1359 132 -280 742 -195 179 289 699 132 -186 826 311 410 -93 -434 51 219 -544 -194 -1141 -371 239 -354 -648 856 -625 -253 -781 33 -290 505 -407 -176 222 290 190 883 435 -308 578 924 -49 226 1281 -789 382 288 395 -814 582 -840
195 -297 -1045 -732 89 -12 -685 617 922 -25 97 -220 440 -1359 132 -280 742 -195 179 289 699 132 -186 826 311 410 -93 -434 51 219 -544 -194 -1141 -371 239 -354 -648 856 -625 -253 -781 33 -290 505 -407 -176 222 290 190 883 435 -308 578 924 -49 226 1281 -789 382 288 395 -814 582 -840
195 -297 -1045 -732 89 -12 -685 617 922 -25 97 -220 440 -1359 132 -280 742 -195 179 289 699 132 -186 826 311 410 -93 -434 51 219 -544 -194 -1141 -371 239 -354 -648 856 -625 -253 -781 33 -290 505 -407 -176 222 290 190 883 435 -308 578 924 -49 226 1281 -789 382 288 395 -814 582 -840
195 -297 -1045 -732 89 -12 -685 617 922 -25 97 -220 440 -1359 132 -280 742 -195 179 289 699 132 -186 826 311 410 -93 -434 51 219 -544 -194 -1141 -371 239 -354 -648 856 -625 -253 -781 33 -290 505 -407 -176 222 290 190 883 435 -308 578 924 -49 226 1281 -789 382 288 395 -814 582 -840
195 -297 -1045 -732 89 -12 -685 617 922 -25 97 -220 440 -1359 132 -280 742 -195 179 289 699 132 -186 826 311 410 -93 -434 51 219 -544 -194 -1141 -371 239 -354 -648 856 -625 -253 -781 33 -290 505 -407 -176 222 290 190 883 435 -308 578 924 -49 226 1281 -789 382 288 395 -814 582 -840
195 -297 -1045 -732 89 -12 -685 617 922 -25 97 -220 440 -1359 132 -280 742 -195 179 289 699 132 -186 826 311 410 -93 -434 51 219 -544 -194 -1141 -371 239 -354 -648 856 -625 -253 -781 33 -290 505 -407 -176 222 290 190 883 435 -308 578 924 -49 226 1281 -789 382 288 395 -814 582 -840
195 -297 -1045 -732 89 -12 -685 617 922 -25 97 -220 440 -1359 132 -280 742 -195 179 289 699 132 -186 826 311 410 -93 -434 51 219 -544 -194 -1141 -371 239 -354 -648 856 -625 -253 -781 33 -290 505 -407 -176 222 290 190 883 435 -308 578 924 -49 226 1281 -789 382 288 395 -814 582 -840
195 -297 -1045 -732 89 -12 -685 617 922 -25 97 -220 440 -1359 132 -280 742 -195 179 289 699 132 -186 826 311 410 -93 -434 51 219 -544 -194 -1141 -371 239 -354 -648 856 -625 -253 -781 33 -290 505 -407 -176 222 290 190 883 435 -308 578 924 -49 226 1281 -789 382 288 395 -814 582 -840
195 -297 -1045 -732 89 -12 -685 617 922 -25 97 -220 440 -1359 132 -280 742 -195 179 289 699 132 -186 826 311 410 -93 -434 51 219 -544 -194 -1141 -371 239 -354 -648 856 -625 -253 -781 33 -290 505 -407 -176 222 290 190 883 435 -308 578 924 -49 226 1281 -789 382 288 395 -814 582 -840
195 -297 -1045 -732 89 -12 -685 617 922 -25 97 -220 440 -1359 132 -280 742 -195 179 289 699 132 -186 826 311 410 -93 -434 51 219 -544 -194 -1141 -371 239 -354 -648 856 -625 -253 -781 33 -290 505 -407 -176 222 290 190 883 435 -308 578 924 -49 226 1281 -789 382 288 395 -814 582 -840
195 -297 -1045 -732 89 -12 -685 617 922 -25 97 -220 440 -1359 132 -280 742 -195 179 289 699 132 -186 826 311 410 -93 -434 51 219 -544 -194 -1141 -371 239 -354 -648 856 -625 -253 -781 33 -290 505 -407 -176 222 290 190 883 435 -308 578 924 -49 226 1281 -789 382 288 395 -814 582 -840
195 -297 -1045 -732 89 -12 -685 617 922 -25 97 -220 440 -1359 132 -280 742 -195 179 289 699 132 -186 826 311 410 -93 -434 51 219 -544 -194 -1141 -371 239 -354 -648 856 -625 -253 -781 33 -290 505 -407 -176 222 290 190 883 435 -308 578 924 -49 226 1281 -789 382 288 395 -814 582 -840
195 -297 -1045 -732 89 -12 -685 617 922 -25 97 -220 440 -1359 132 -280 742 -195 179 289 699 132 -186 826 311 410 -93 -434 51 219 -544 -194 -1141 -371 239 -354 -648 856 -625 -253 -781 33 -290 505 -407 -176 222 290 190 883 435 -308 578 924 -49 226 1281 -789 382 288 395 -814 582 -840
195 -297 -1045 -732 89 -12 -685 617 922 -25 97 -220 440 -1359 132 -280 742 -195 179 289 699 132 -186 826 311 410 -93 -434 51 219 -544 -194 -1141 -371 239 -354 -648 856 -625 -253 -781 33 -290 505 -407 -176 222 290 190 883 435 -308 578 924 -49 226 1281 -789 382 288 395 -814 582 -840
195 -297 -1045 -732 89 -12 -685 617 922 -25 97 -220 440 -1359 132 -280 742 -195 179 289 699 132 -186 826 311 410 -93 -434 51 219 -544 -194 -1141 -371 239 -354 -648 856 -625 -253 -781 33 -290 505 -407 -176 222 290 190 883 435 -308 578 924 -49 226 1281 -789 382 288 395 -814 582 -840
195 -297 -1045 -732 89 -12 -685 617 922 -25 97 -220 440 -1359 132 -280 742 -195 179 289 699 132 -186 826 311 410 -93 -434 51 219 -544 -194 -1141 -371 239 -354 -648 856 -625 -253 -781 33 -290 505 -407 -176 222 290 190 883 435 -308 578 924 -49 226 1281 -789 382 288 395 -814 582 -840
