-246 -1469 726 -473 507 749 -969 -515 33 2210 -11 -493 -274 1476 -247 732 -277 -2 -732 717 -1494 1469 240 996 -727 732 737 712 481 -746 -1460 -469 243 244 254 19 -973 1984 -254 -12 480 483 1452 -982 1471 -743 237 1217 2 994 733 -1729 245 704 993 -977 -955 -1459 -480 -246 993 245 479 -787
564 73 1067 -581 -976 388 -1047 -2029 -783 1797 -2371 -1013 383 1399 129 -107 -331 -1500 -2163 425 -1273 526 366 962 12 -637 -110 64 344 -1234 -146 -142 -386 -1191 -286 -797 -782 1325 645 322 -876 -1118 673 -82 556 263 213 595 975 1775 931 577 -127 -283 -34 -577 -968 -863 -1351 1392 -394 -1112 -388 -589
272 -282 996 -377 -502 441 -706 -1700 -134 1732 -2007 -811 292 1340 -164 307 -583 -1308 -1826 468 -1375 808 268 678 -267 -277 9 202 161 -1200 -89 -150 -57 -450 -345 -613 -1048 915 799 226 -474 -787 760 -304 457 397 287 867 1041 1633 897 176 -203 -87 350 -442 -1284 -942 -993 1131 -176 -860 -489 262
454 1718 367 1530 -412 1341 -291 -3744 -161 1831 -2636 -1812 763 538 840 -681 -896 -2046 -949 -335 -651 476 942 416 -520 -963 -1147 252 1403 -1281 1958 125 8 -478 -641 617 1343 796 -383 658 -2086 -876 -305 164 -196 1582 1292 -118 1167 2576 616 -69 1003 -1537 -254 418 -354 -116 -894 1093 306 -2037 -1584 -1568
-43 -384 262 316 635 1040 -662 -1373 728 2280 -1012 -679 -291 1093 418 419 -686 -630 -905 120 -1529 646 8 1128 -103 -279 -25 626 866 -1035 -441 15 29 -396 500 -22 126 1840 -161 386 -695 -41 685 -457 1317 27 245 759 659 1478 506 -941 594 -395 627 -661 -520 -798 -415 660 837 -628 53 -1615
-170 -407 480 291 199 910 -798 -1827 338 2218 -906 -880 -380 1236 285 205 -695 -528 -523 154 -1324 598 287 1187 -285 -106 81 305 584 -816 -17 -5 8 -303 429 244 -100 1847 -332 210 -665 -227 542 -433 1053 -12 334 651 337 1661 484 -804 432 -364 653 -838 -291 -711 -651 648 713 -568 29 -1581
-1 -543 -30 765 666 1100 -762 -1545 761 2842 -1659 -788 -139 1414 812 227 -599 -862 63 322 -1201 387 -206 537 395 -23 -261 867 812 -907 -23 280 -167 -1059 576 -311 351 1807 -282 1013 -1094 89 392 116 1084 -53 451 322 833 1661 719 -976 966 -903 131 -996 -696 -923 -409 788 816 -903 -103 -1979
-102 -404 381 132 360 969 -820 -1636 25 2144 -533 -781 -217 1049 292 324 -534 -541 -645 408 -1092 1018 342 984 -617 119 93 631 780 -802 -633 -270 116 -223 386 39 -62 1846 -479 219 -298 241 824 -549 1121 -166 417 988 88 1541 484 -1402 699 -43 567 -653 -436 -979 -477 241 1045 -425 -161 -1438
-269 345 677 1142 -270 1059 -420 -2750 -224 2301 -1333 -1710 562 837 296 -386 -503 -1321 488 415 -683 858 912 261 -1028 279 -321 375 706 -256 1659 -36 206 293 -240 764 416 772 -590 269 -1002 -389 387 -179 50 1207 1437 188 247 2228 648 -1051 641 -502 333 -676 -284 -410 -845 269 867 -1092 -526 -499
7 -483 778 355 -363 747 -1006 -1772 -208 2157 -1455 -1193 187 1215 327 163 -275 -758 -41 524 -1094 568 399 609 -313 243 -32 351 643 -462 526 -113 1 -124 -56 106 -225 1167 -111 355 -622 -348 542 -176 540 282 613 601 535 1722 718 -437 152 -172 458 -892 -762 -957 -1002 680 274 -679 69 -572
100 3 801 664 -485 790 -810 -2301 -578 2138 -1384 -1364 572 1032 364 -307 -222 -1079 67 270 -699 740 742 599 -522 -6 -236 347 748 -632 909 -139 -85 -158 -323 509 173 1007 -329 327 -987 -510 541 -227 348 823 908 290 476 2022 827 -387 320 -578 192 -710 -536 -730 -1084 595 296 -1021 -199 -782
-42 -346 754 807 -259 848 -1046 -2435 -601 2192 -771 -1225 260 1047 389 -171 -297 -702 505 488 -334 1070 882 496 -856 391 -95 470 835 -474 646 -385 -85 163 -150 659 236 1301 -836 232 -694 15 557 -272 368 327 1070 517 -58 1951 534 -886 613 -227 225 -838 -549 -846 -982 135 660 -758 -214 -1111
176 1997 343 1546 94 1778 -121 -3667 245 1789 -2258 -1775 753 184 1464 -327 -722 -2213 -432 -428 -834 86 901 691 105 -1161 -1154 136 1952 -1462 2118 225 -134 -873 -203 757 2074 780 -450 1169 -2118 -628 -214 91 393 2215 1361 -80 821 2674 254 -368 1510 -1741 -336 -251 346 363 -185 1205 823 -2246 -940 -1382
-197 -17 547 234 404 1141 -670 -1775 -4 1913 -356 -895 115 501 663 430 -398 -756 -544 340 -1028 1006 650 946 -487 -96 -83 530 1234 -1098 -208 -302 117 -66 180 432 428 1477 -517 494 -402 274 767 -700 1296 509 594 982 24 1706 262 -1454 952 -59 628 -499 -186 -697 -85 246 1161 -696 -118 -1001
-190 187 617 514 -207 942 -727 -2313 369 1627 -1348 -1337 259 679 637 378 -792 -1108 -577 354 -1144 444 611 574 -519 -282 -251 477 955 -518 1020 -178 230 -77 52 37 232 717 -192 552 -640 -136 391 -349 619 977 862 801 542 2010 142 -656 460 -143 588 -738 -333 -335 -511 831 695 -1132 -237 -31
89 539 370 1149 -444 1005 -1132 -2916 -515 1627 -622 -1402 306 290 936 -229 -800 -855 -311 183 -450 1037 1006 649 -1319 -17 -827 635 1482 -313 511 -353 -128 24 244 693 1023 1248 -1110 -40 -617 115 151 -183 453 738 716 997 -323 2226 -78 -1087 885 -321 498 103 164 -412 -649 280 924 -854 -1088 -1310
-55 -386 485 489 43 815 -1248 -1726 -250 1601 -65 -868 34 704 417 251 -765 -199 -386 214 -857 1247 712 958 -1169 220 -205 784 1226 -313 -551 -454 -18 305 242 482 221 1430 -916 -232 -187 408 588 -671 968 209 335 1254 -190 1758 -63 -1207 477 182 955 -270 -310 -847 -655 11 790 -240 -368 -1154
336 1630 169 2109 -693 1051 -1234 -3716 -507 1066 -445 -1743 620 -375 1392 -594 -1093 -880 182 -768 -117 427 1308 1229 -1713 -1108 -1543 815 2483 73 1574 -674 41 345 -173 1710 2188 386 -1641 -264 -1623 -446 -62 -561 144 2013 1114 826 164 2979 -794 -331 851 -858 645 650 162 347 -1162 665 579 -1598 -1034 -1382
-97 268 405 1006 -141 880 -911 -2173 -212 1511 -126 -1240 425 583 608 -160 -879 -680 52 -143 -891 940 871 1025 -1314 -319 -503 898 1630 -82 483 -413 -107 9 122 1099 896 898 -1054 74 -914 -79 807 -760 840 1216 864 532 7 2081 -179 -876 630 -293 767 -418 -201 -102 -791 297 711 -978 76 -890
-178 -540 478 318 260 895 -931 -1449 24 2002 -315 -850 71 783 590 377 -344 -445 30 348 -1008 899 438 965 -447 26 37 669 1064 -706 -141 -260 11 -45 168 485 223 1431 -576 443 -471 303 848 -669 1297 346 572 920 133 1686 338 -1209 590 -73 722 -832 -368 -845 -456 280 935 -566 325 -997
36 354 490 879 -1 936 -1090 -2275 -128 1594 -394 -1065 257 554 701 157 -714 -718 -156 -104 -788 690 827 1167 -1017 -442 -429 773 1764 -323 248 -636 66 -31 62 680 822 867 -924 90 -809 -148 742 -772 773 1052 775 689 165 2100 -239 -850 774 -243 629 -359 -446 -243 -785 392 645 -1009 -29 -924
-42 -245 637 560 -813 675 -1185 -2168 -301 1998 -969 -1359 178 475 749 142 -266 -681 -688 813 -866 640 582 530 -460 73 80 477 824 -422 903 -296 -36 -186 14 379 188 1118 -437 370 -573 -157 465 -102 714 242 838 927 23 1782 100 -562 436 278 598 -831 -310 -587 -900 732 669 -833 -235 -591
-419 111 1035 1617 -750 902 -1460 -2776 -512 2934 -2292 -1951 1230 867 1528 -646 216 -1556 3857 356 -501 -780 650 365 421 -63 -908 208 1093 614 2831 428 -158 -993 126 372 646 -404 -336 1369 -2125 -1244 -225 333 224 2770 1422 -340 904 3174 524 742 -128 -1535 253 -2384 -120 -230 -1276 1437 -260 -1761 748 347
-76 1302 449 1302 -475 1171 -537 -3192 718 1852 -2753 -1936 869 -191 1614 -42 -869 -2408 -501 467 -1484 -453 353 323 319 -1274 -832 354 1386 -391 2846 443 -266 -1288 218 -149 1503 -199 312 1484 -2187 -926 -26 570 604 2815 1643 260 1216 2732 -402 650 585 -836 57 -1613 130 842 -524 2037 525 -2492 -191 418
-131 276 980 172 -1338 566 -640 -2745 174 1808 -2874 -1663 452 1180 529 113 -785 -1869 -438 878 -1312 -163 407 314 102 -366 -212 -156 156 -179 2543 397 -317 -769 -175 -544 -312 173 590 805 -1398 -1018 137 294 41 1370 1132 441 710 2444 457 553 -38 -460 194 -1483 -430 -82 -1218 1777 21 -1572 112 960
36 1285 141 1370 -8 1432 -561 -3634 281 1860 -2088 -1719 410 452 1176 -242 -1052 -1857 -562 -80 -594 470 794 371 -431 -744 -996 548 1323 -1048 1621 70 -26 -689 -130 325 1302 1014 -562 991 -1645 -253 -317 148 253 1340 1187 236 806 2568 78 -586 1232 -1220 -90 -171 -68 -78 -428 1052 772 -1970 -1287 -1431
-117 -434 136 377 830 1100 -801 -1378 816 2275 -754 -607 -442 1114 488 517 -825 -490 -765 86 -1510 678 23 1212 -206 -254 16 779 1059 -935 -701 -86 81 -455 595 -1 184 1921 -423 391 -652 138 691 -589 1451 -92 222 771 565 1514 245 -1218 767 -335 741 -654 -536 -770 -329 511 965 -601 91 -1884
-236 -967 522 -77 551 915 -756 -1062 433 2244 -431 -587 -522 1411 -41 595 -537 -151 -707 388 -1481 997 164 1084 -469 365 424 509 567 -836 -822 -225 202 139 452 105 -515 2044 -265 73 -23 174 958 -715 1229 -646 164 913 207 1136 645 -1349 433 187 859 -770 -699 -1122 -465 198 894 -72 273 -1344
-210 -635 -106 667 934 1189 -680 -1518 988 2940 -1288 -669 -408 1419 671 475 -646 -741 -38 419 -1208 594 -212 586 154 126 -85 971 828 -957 -251 124 35 -772 721 -355 219 1969 -347 962 -813 303 526 -86 1175 -362 397 427 635 1521 653 -1445 1172 -694 312 -859 -765 -1006 -249 629 1081 -767 -73 -2011
-139 -347 273 245 455 1032 -756 -1611 322 2142 -771 -833 -222 1038 527 321 -639 -695 -490 203 -1217 817 227 1089 -166 -103 -25 565 771 -929 -353 7 -105 -567 415 141 206 1913 -444 479 -601 172 639 -467 1307 95 344 747 246 1683 454 -1266 722 -472 527 -787 -158 -781 -320 461 1001 -670 23 -1627
-90 181 553 962 -195 954 -961 -2786 -377 2196 -998 -1324 205 748 390 -178 -701 -735 -173 428 -585 948 961 413 -1385 285 -506 582 919 -373 461 -360 418 331 207 168 170 1151 -708 -78 -517 -28 158 -143 179 450 781 904 118 2045 316 -1029 665 -74 507 -126 -447 -868 -864 282 774 -589 -1251 -1106
-115 870 432 1399 -255 1040 -1051 -3539 -350 2339 -1201 -1491 330 342 794 -232 -399 -1172 195 283 -95 467 1105 534 -1240 -245 -572 662 1214 -447 1133 -661 784 -65 13 96 569 617 -831 311 -959 -397 52 -213 -86 1048 1167 394 403 2427 135 -940 993 -458 222 -128 -429 -471 -948 516 718 -1373 -1346 -1043
-223 -1014 668 59 226 784 -839 -1254 -260 2168 -242 -799 -93 1342 -183 318 -286 -197 -240 658 -899 1467 527 618 -996 786 410 636 494 -588 -578 -427 201 530 -6 332 -598 1722 -522 -41 88 410 1007 -678 812 -512 580 929 -65 1251 751 -1530 410 411 702 -673 -857 -1351 -714 -238 888 -16 16 -931
-290 -252 390 625 -84 857 -1228 -2616 -92 2152 -812 -935 -140 957 611 231 -1005 -604 -160 661 -712 1028 739 399 -1112 370 -403 725 964 -410 -21 -242 128 -135 705 -402 -99 1376 -721 287 -299 370 107 -73 585 36 327 1078 -194 1964 115 -1149 803 -100 671 -246 -340 -955 -573 538 749 -486 -1040 -1207
-81 -534 500 414 179 860 -1134 -1543 -97 1702 -36 -878 -129 841 254 390 -624 -154 -514 238 -962 1257 603 1029 -1140 311 -29 746 1105 -411 -547 -539 30 451 144 654 166 1613 -795 -247 -84 361 812 -734 975 7 425 1151 -109 1560 56 -1322 507 311 882 -350 -530 -887 -677 -70 851 -216 -84 -1117
347 1529 278 1867 -701 931 -1595 -3446 -245 858 -660 -1659 842 -340 1762 -234 -924 -1070 207 -869 -321 -56 1169 1397 -1108 -1546 -1416 998 2811 60 1503 -794 -108 -276 -156 1185 2139 -102 -1355 205 -1656 -508 90 -662 478 2528 925 653 539 3076 -1090 189 710 -953 613 71 101 495 -1195 1155 164 -1977 -298 -786
-130 -389 546 369 164 840 -1127 -1465 -198 1689 -40 -939 88 915 325 257 -493 -262 -114 131 -966 989 632 1119 -1084 65 -18 855 1275 -235 -377 -603 129 220 34 661 116 1304 -821 3 -362 164 976 -907 1017 325 594 863 132 1629 23 -1114 433 236 859 -603 -632 -753 -811 49 698 -467 329 -901
-114 -314 465 452 195 918 -1149 -1686 -67 1839 -187 -884 81 638 680 374 -396 -454 -126 269 -880 928 575 1035 -707 -36 -25 774 1355 -551 -259 -494 38 -15 111 470 320 1279 -764 268 -400 262 810 -751 1147 401 548 951 54 1752 10 -1185 660 29 775 -616 -405 -756 -578 230 837 -633 161 -1008
-51 -178 588 450 172 874 -1077 -1790 -60 1766 -362 -843 40 832 389 405 -554 -530 -276 245 -929 890 659 1061 -951 -11 -38 732 1336 -409 -229 -632 171 87 73 374 187 1127 -689 67 -430 34 891 -806 844 426 616 830 146 1732 4 -1099 624 102 693 -524 -698 -663 -729 180 680 -648 108 -810
-90 -170 631 943 -857 708 -1441 -2537 -379 1871 -905 -1485 246 429 883 -21 -358 -646 -130 660 -585 702 728 421 -732 211 -141 550 972 -117 1071 -287 -164 0 99 436 352 1004 -721 248 -560 -41 133 65 451 449 779 859 -115 1953 -66 -419 380 127 642 -755 -82 -588 -1051 684 498 -834 -417 -687
-401 -652 857 918 -118 883 -1506 -1849 -402 2739 -1251 -1413 500 1118 868 -117 210 -647 2377 416 -726 82 458 597 -91 406 -277 494 923 139 978 -43 117 -263 157 356 -53 720 -434 843 -1027 -510 265 -123 626 1056 836 228 681 2143 599 -130 -67 -584 592 -1703 -611 -992 -1099 750 32 -854 635 -450
-131 517 332 750 -636 912 -997 -2924 -191 2032 -1598 -1523 285 832 746 -124 -929 -1281 -753 494 -1166 465 617 488 -818 -232 -385 604 1043 -319 964 -78 196 -906 387 -234 213 897 -347 614 -925 -396 266 74 496 872 824 524 355 2225 193 -598 603 -490 430 -528 -205 -233 -792 1083 553 -1236 -960 -758
-131 517 332 750 -636 912 -997 -2924 -191 2032 -1598 -1523 285 832 746 -124 -929 -1281 -753 494 -1166 465 617 488 -818 -232 -385 604 1043 -319 964 -78 196 -906 387 -234 213 897 -347 614 -925 -396 266 74 496 872 824 524 355 2225 193 -598 603 -490 430 -528 -205 -233 -792 1083 553 -1236 -960 -758
-131 517 332 750 -636 912 -997 -2924 -191 2032 -1598 -1523 285 832 746 -124 -929 -1281 -753 494 -1166 465 617 488 -818 -232 -385 604 1043 -319 964 -78 196 -906 387 -234 213 897 -347 614 -925 -396 266 74 496 872 824 524 355 2225 193 -598 603 -490 430 -528 -205 -233 -792 1083 553 -1236 -960 -758
-131 517 332 750 -636 912 -997 -2924 -191 2032 -1598 -1523 285 832 746 -124 -929 -1281 -753 494 -1166 465 617 488 -818 -232 -385 604 1043 -319 964 -78 196 -906 387 -234 213 897 -347 614 -925 -396 266 74 496 872 824 524 355 2225 193 -598 603 -490 430 -528 -205 -233 -792 1083 553 -1236 -960 -758
-131 517 332 750 -636 912 -997 -2924 -191 2032 -1598 -1523 285 832 746 -124 -929 -1281 -753 494 -1166 465 617 488 -818 -232 -385 604 1043 -319 964 -78 196 -906 387 -234 213 897 -347 614 -925 -396 266 74 496 872 824 524 355 2225 193 -598 603 -490 430 -528 -205 -233 -792 1083 553 -1236 -960 -758
-131 517 332 750 -636 912 -997 -2924 -191 2032 -1598 -1523 285 832 746 -124 -929 -1281 -753 494 -1166 465 617 488 -818 -232 -385 604 1043 -319 964 -78 196 -906 387 -234 213 897 -347 614 -925 -396 266 74 496 872 824 524 355 2225 193 -598 603 -490 430 -528 -205 -233 -792 1083 553 -1236 -960 -758
-131 517 332 750 -636 912 -997 -2924 -191 2032 -1598 -1523 285 832 746 -124 -929 -1281 -753 494 -1166 465 617 488 -818 -232 -385 604 1043 -319 964 -78 196 -906 387 -234 213 897 -347 614 -925 -396 266 74 496 872 824 524 355 2225 193 -598 603 -490 430 -528 -205 -233 -792 1083 553 -1236 -960 -758
-131 517 332 750 -636 912 -997 -2924 -191 2032 -1598 -1523 285 832 746 -124 -929 -1281 -753 494 -1166 465 617 488 -818 -232 -385 604 1043 -319 964 -78 196 -906 387 -234 213 897 -347 614 -925 -396 266 74 496 872 824 524 355 2225 193 -598 603 -490 430 -528 -205 -233 -792 1083 553 -1236 -960 -758
-131 517 332 750 -636 912 -997 -2924 -191 2032 -1598 -1523 285 832 746 -124 -929 -1281 -753 494 -1166 465 617 488 -818 -232 -385 604 1043 -319 964 -78 196 -906 387 -234 213 897 -347 614 -925 -396 266 74 496 872 824 524 355 2225 193 -598 603 -490 430 -528 -205 -233 -792 1083 553 -1236 -960 -758
-131 517 332 750 -636 912 -997 -2924 -191 2032 -1598 -1523 285 832 746 -124 -929 -1281 -753 494 -1166 465 617 488 -818 -232 -385 604 1043 -319 964 -78 196 -906 387 -234 213 897 -347 614 -925 -396 266 74 496 872 824 524 355 2225 193 -598 603 -490 430 -528 -205 -233 -792 1083 553 -1236 -960 -758
-131 517 332 750 -636 912 -997 -2924 -191 2032 -1598 -1523 285 832 746 -124 -929 -1281 -753 494 -1166 465 617 488 -818 -232 -385 604 1043 -319 964 -78 196 -906 387 -234 213 897 -347 614 -925 -396 266 74 496 872 824 524 355 2225 193 -598 603 -490 430 -528 -205 -233 -792 1083 553 -1236 -960 -758
-131 517 332 750 -636 912 -997 -2924 -191 2032 -1598 -1523 285 832 746 -124 -929 -1281 -753 494 -1166 465 617 488 -818 -232 -385 604 1043 -319 964 -78 196 -906 387 -234 213 897 -347 614 -925 -396 266 74 496 872 824 524 355 2225 193 -598 603 -490 430 -528 -205 -233 -792 1083 553 -1236 -960 -758
-131 517 332 750 -636 912 -997 -2924 -191 2032 -1598 -1523 285 832 746 -124 -929 -1281 -753 494 -1166 465 617 488 -818 -232 -385 604 1043 -319 964 -78 196 -906 387 -234 213 897 -347 614 -925 -396 266 74 496 872 824 524 355 2225 193 -598 603 -490 430 -528 -205 -233 -792 1083 553 -1236 -960 -758
-131 517 332 750 -636 912 -997 -2924 -191 2032 -1598 -1523 285 832 746 -124 -929 -1281 -753 494 -1166 465 617 488 -818 -232 -385 604 1043 -319 964 -78 196 -906 387 -234 213 897 -347 614 -925 -396 266 74 496 872 824 524 355 2225 193 -598 603 -490 430 -528 -205 -233 -792 1083 553 -1236 -960 -758
-131 517 332 750 -636 912 -997 -2924 -191 2032 -1598 -1523 285 832 746 -124 -929 -1281 -753 494 -1166 465 617 488 -818 -232 -385 604 1043 -319 964 -78 196 -906 387 -234 213 897 -347 614 -925 -396 266 74 496 872 824 524 355 2225 193 -598 603 -490 430 -528 -205 -233 -792 1083 553 -1236 -960 -758
-131 517 332 750 -636 912 -997 -2924 -191 2032 -1598 -1523 285 832 746 -124 -929 -1281 -753 494 -1166 465 617 488 -818 -232 -385 604 1043 -319 964 -78 196 -906 387 -234 213 897 -347 614 -925 -396 266 74 496 872 824 524 355 2225 193 -598 603 -490 430 -528 -205 -233 -792 1083 553 -1236 -960 -758
-131 517 332 750 -636 912 -997 -2924 -191 2032 -1598 -1523 285 832 746 -124 -929 -1281 -753 494 -1166 465 617 488 -818 -232 -385 604 1043 -319 964 -78 196 -906 387 -234 213 897 -347 614 -925 -396 266 74 496 872 824 524 355 2225 193 -598 603 -490 430 -528 -205 -233 -792 1083 553 -1236 -960 -758
-131 517 332 750 -636 912 -997 -2924 -191 2032 -1598 -1523 285 832 746 -124 -929 -1281 -753 494 -1166 465 617 488 -818 -232 -385 604 1043 -319 964 -78 196 -906 387 -234 213 897 -347 614 -925 -396 266 74 496 872 824 524 355 2225 193 -598 603 -490 430 -528 -205 -233 -792 1083 553 -1236 -960 -758
-131 517 332 750 -636 912 -997 -2924 -191 2032 -1598 -1523 285 832 746 -124 -929 -1281 -753 494 -1166 465 617 488 -818 -232 -385 604 1043 -319 964 -78 196 -906 387 -234 213 897 -347 614 -925 -396 266 74 496 872 824 524 355 2225 193 -598 603 -490 430 -528 -205 -233 -792 1083 553 -1236 -960 -758
-131 517 332 750 -636 912 -997 -2924 -191 2032 -1598 -1523 285 832 746 -124 -929 -1281 -753 494 -1166 465 617 488 -818 -232 -385 604 1043 -319 964 -78 196 -906 387 -234 213 897 -347 614 -925 -396 266 74 496 872 824 524 355 2225 193 -598 603 -490 430 -528 -205 -233 -792 1083 553 -1236 -960 -758
-131 517 332 750 -636 912 -997 -2924 -191 2032 -1598 -1523 285 832 746 -124 -929 -1281 -753 494 -1166 465 617 488 -818 -232 -385 604 1043 -319 964 -78 196 -906 387 -234 213 897 -347 614 -925 -396 266 74 496 872 824 524 355 2225 193 -598 603 -490 430 -528 -205 -233 -792 1083 553 -1236 -960 -758
-131 517 332 750 -636 912 -997 -2924 -191 2032 -1598 -1523 285 832 746 -124 -929 -1281 -753 494 -1166 465 617 488 -818 -232 -385 604 1043 -319 964 -78 196 -906 387 -234 213 897 -347 614 -925 -396 266 74 496 872 824 524 355 2225 193 -598 603 -490 430 -528 -205 -233 -792 1083 553 -1236 -960 -758
-131 517 332 750 -636 912 -997 -2924 -191 2032 -1598 -1523 285 832 746 -124 -929 -1281 -753 494 -1166 465 617 488 -818 -232 -385 604 1043 -319 964 -78 196 -906 387 -234 213 897 -347 614 -925 -396 266 74 496 872 824 524 355 2225 193 -598 603 -490 430 -528 -205 -233 -792 1083 553 -1236 -960 -758
-131 517 332 750 -636 912 -997 -2924 -191 2032 -1598 -1523 285 832 746 -124 -929 -1281 -753 494 -1166 465 617 488 -818 -232 -385 604 1043 -319 964 -78 196 -906 387 -234 213 897 -347 614 -925 -396 266 74 496 872 824 524 355 2225 193 -598 603 -490 430 -528 -205 -233 -792 1083 553 -1236 -960 -758
-131 517 332 750 -636 912 -997 -2924 -191 2032 -1598 -1523 285 832 746 -124 -929 -1281 -753 494 -1166 465 617 488 -818 -232 -385 604 1043 -319 964 -78 196 -906 387 -234 213 897 -347 614 -925 -396 266 74 496 872 824 524 355 2225 193 -598 603 -490 430 -528 -205 -233 -792 1083 553 -1236 -960 -758
-131 517 332 750 -636 912 -997 -2924 -191 2032 -1598 -1523 285 832 746 -124 -929 -1281 -753 494 -1166 465 617 488 -818 -232 -385 604 1043 -319 964 -78 196 -906 387 -234 213 897 -347 614 -925 -396 266 74 496 872 824 524 355 2225 193 -598 603 -490 430 -528 -205 -233 -792 1083 553 -1236 -960 -758
-131 517 332 750 -636 912 -997 -2924 -191 2032 -1598 -1523 285 832 746 -124 -929 -1281 -753 494 -1166 465 617 488 -818 -232 -385 604 1043 -319 964 -78 196 -906 387 -234 213 897 -347 614 -925 -396 266 74 496 872 824 524 355 2225 193 -598 603 -490 430 -528 -205 -233 -792 1083 553 -1236 -960 -758
-131 517 332 750 -636 912 -997 -2924 -191 2032 -1598 -1523 285 832 746 -124 -929 -1281 -753 494 -1166 465 617 488 -818 -232 -385 604 1043 -319 964 -78 196 -906 387 -234 213 897 -347 614 -925 -396 266 74 496 872 824 524 355 2225 193 -598 603 -490 430 -528 -205 -233 -792 1083 553 -1236 -960 -758
-131 517 332 750 -636 912 -997 -2924 -191 2032 -1598 -1523 285 832 746 -124 -929 -1281 -753 494 -1166 465 617 488 -818 -232 -385 604 1043 -319 964 -78 196 -906 387 -234 213 897 -347 614 -925 -396 266 74 496 872 824 524 355 2225 193 -598 603 -490 430 -528 -205 -233 -792 1083 553 -1236 -960 -758
-131 517 332 750 -636 912 -997 -2924 -191 2032 -1598 -1523 285 832 746 -124 -929 -1281 -753 494 -1166 465 617 488 -818 -232 -385 604 1043 -319 964 -78 196 -906 387 -234 213 897 -347 614 -925 -396 266 74 496 872 824 524 355 2225 193 -598 603 -490 430 -528 -205 -233 -792 1083 553 -1236 -960 -758
-131 517 332 750 -636 912 -997 -2924 -191 2032 -1598 -1523 285 832 746 -124 -929 -1281 -753 494 -1166 465 617 488 -818 -232 -385 604 1043 -319 964 -78 196 -906 387 -234 213 897 -347 614 -925 -396 266 74 496 872 824 524 355 2225 193 -598 603 -490 430 -528 -205 -233 -792 1083 553 -1236 -960 -758
-131 517 332 750 -636 912 -997 -2924 -191 2032 -1598 -1523 285 832 746 -124 -929 -1281 -753 494 -1166 465 617 488 -818 -232 -385 604 1043 -319 964 -78 196 -906 387 -234 213 897 -347 614 -925 -396 266 74 496 872 824 524 355 2225 193 -598 603 -490 430 -528 -205 -233 -792 1083 553 -1236 -960 -758
-131 517 332 750 -636 912 -997 -2924 -191 2032 -1598 -1523 285 832 746 -124 -929 -1281 -753 494 -1166 465 617 488 -818 -232 -385 604 1043 -319 964 -78 196 -906 387 -234 213 897 -347 614 -925 -396 266 74 496 872 824 524 355 2225 193 -598 603 -490 430 -528 -205 -233 -792 1083 553 -1236 -960 -758
-131 517 332 750 -636 912 -997 -2924 -191 2032 -1598 -1523 285 832 746 -124 -929 -1281 -753 494 -1166 465 617 488 -818 -232 -385 604 1043 -319 964 -78 196 -906 387 -234 213 897 -347 614 -925 -396 266 74 496 872 824 524 355 2225 193 -598 603 -490 430 -528 -205 -233 -792 1083 553 -1236 -960 -758
-131 517 332 750 -636 912 -997 -2924 -191 2032 -1598 -1523 285 832 746 -124 -929 -1281 -753 494 -1166 465 617 488 -818 -232 -385 604 1043 -319 964 -78 196 -906 387 -234 213 897 -347 614 -925 -396 266 74 496 872 824 524 355 2225 193 -598 603 -490 430 -528 -205 -233 -792 1083 553 -1236 -960 -758
-131 517 332 750 -636 912 -997 -2924 -191 2032 -1598 -1523 285 832 746 -124 -929 -1281 -753 494 -1166 465 617 488 -818 -232 -385 604 1043 -319 964 -78 196 -906 387 -234 213 897 -347 614 -925 -396 266 74 496 872 824 524 355 2225 193 -598 603 -490 430 -528 -205 -233 -792 1083 553 -1236 -960 -758
-131 517 332 750 -636 912 -997 -2924 -191 2032 -1598 -1523 285 832 746 -124 -929 -1281 -753 494 -1166 465 617 488 -818 -232 -385 604 1043 -319 964 -78 196 -906 387 -234 213 897 -347 614 -925 -396 266 74 496 872 824 524 355 2225 193 -598 603 -490 430 -528 -205 -233 -792 1083 553 -1236 -960 -758
-131 517 332 750 -636 912 -997 -2924 -191 2032 -1598 -1523 285 832 746 -124 -929 -1281 -753 494 -1166 465 617 488 -818 -232 -385 604 1043 -319 964 -78 196 -906 387 -234 213 897 -347 614 -925 -396 266 74 496 872 824 524 355 2225 193 -598 603 -490 430 -528 -205 -233 -792 1083 553 -1236 -960 -758
-131 517 332 750 -636 912 -997 -2924 -191 2032 -1598 -1523 285 832 746 -124 -929 -1281 -753 494 -1166 465 617 488 -818 -232 -385 604 1043 -319 964 -78 196 -906 387 -234 213 897 -347 614 -925 -396 266 74 496 872 824 524 355 2225 193 -598 603 -490 430 -528 -205 -233 -792 1083 553 -1236 -960 -758
-131 517 332 750 -636 912 -997 -2924 -191 2032 -1598 -1523 285 832 746 -124 -929 -1281 -753 494 -1166 465 617 488 -818 -232 -385 604 1043 -319 964 -78 196 -906 387 -234 213 897 -347 614 -925 -396 266 74 496 872 824 524 355 2225 193 -598 603 -490 430 -528 -205 -233 -792 1083 553 -1236 -960 -758
-131 517 332 750 -636 912 -997 -2924 -191 2032 -1598 -1523 285 832 746 -124 -929 -1281 -753 494 -1166 465 617 488 -818 -232 -385 604 1043 -319 964 -78 196 -906 387 -234 213 897 -347 614 -925 -396 266 74 496 872 824 524 355 2225 193 -598 603 -490 430 -528 -205 -233 -792 1083 553 -1236 -960 -758
-131 517 332 750 -636 912 -997 -2924 -191 2032 -1598 -1523 285 832 746 -124 -929 -1281 -753 494 -1166 465 617 488 -818 -232 -385 604 1043 -319 964 -78 196 -906 387 -234 213 897 -347 614 -925 -396 266 74 496 872 824 524 355 2225 193 -598 603 -490 430 -528 -205 -233 -792 1083 553 -1236 -960 -758
-131 517 332 750 -636 912 -997 -2924 -191 2032 -1598 -1523 285 832 746 -124 -929 -1281 -753 494 -1166 465 617 488 -818 -232 -385 604 1043 -319 964 -78 196 -906 387 -234 213 897 -347 614 -925 -396 266 74 496 872 824 524 355 2225 193 -598 603 -490 430 -528 -205 -233 -792 1083 553 -1236 -960 -758
-131 517 332 750 -636 912 -997 -2924 -191 2032 -1598 -1523 285 832 746 -124 -929 -1281 -753 494 -1166 465 617 488 -818 -232 -385 604 1043 -319 964 -78 196 -906 387 -234 213 897 -347 614 -925 -396 266 74 496 872 824 524 355 2225 193 -598 603 -490 430 -528 -205 -233 -792 1083 553 -1236 -960 -758
-131 517 332 750 -636 912 -997 -2924 -191 2032 -1598 -1523 285 832 746 -124 -929 -1281 -753 494 -1166 465 617 488 -818 -232 -385 604 1043 -319 964 -78 196 -906 387 -234 213 897 -347 614 -925 -396 266 74 496 872 824 524 355 2225 193 -598 603 -490 430 -528 -205 -233 -792 1083 553 -1236 -960 -758
-131 517 332 750 -636 912 -997 -2924 -191 2032 -1598 -1523 285 832 746 -124 -929 -1281 -753 494 -1166 465 617 488 -818 -232 -385 604 1043 -319 964 -78 196 -906 387 -234 213 897 -347 614 -925 -396 266 74 496 872 824 524 355 2225 193 -598 603 -490 430 -528 -205 -233 -792 1083 553 -1236 -960 -758
-131 517 332 750 -636 912 -997 -2924 -191 2032 -1598 -1523 285 832 746 -124 -929 -1281 -753 494 -1166 465 617 488 -818 -232 -385 604 1043 -319 964 -78 196 -906 387 -234 213 897 -347 614 -925 -396 266 74 496 872 824 524 355 2225 193 -598 603 -490 430 -528 -205 -233 -792 1083 553 -1236 -960 -758
-131 517 332 750 -636 912 -997 -2924 -191 2032 -1598 -1523 285 832 746 -124 -929 -1281 -753 494 -1166 465 617 488 -818 -232 -385 604 1043 -319 964 -78 196 -906 387 -234 213 897 -347 614 -925 -396 266 74 496 872 824 524 355 2225 193 -598 603 -490 430 -528 -205 -233 -792 1083 553 -1236 -960 -758
-131 517 332 750 -636 912 -997 -2924 -191 2032 -1598 -1523 285 832 746 -124 -929 -1281 -753 494 -1166 465 617 488 -818 -232 -385 604 1043 -319 964 -78 196 -906 387 -234 213 897 -347 614 -925 -396 266 74 496 872 824 524 355 2225 193 -598 603 -490 430 -528 -205 -233 -792 1083 553 -1236 -960 -758
-131 517 332 750 -636 912 -997 -2924 -191 2032 -1598 -1523 285 832 746 -124 -929 -1281 -753 494 -1166 465 617 488 -818 -232 -385 604 1043 -319 964 -78 196 -906 387 -234 213 897 -347 614 -925 -396 266 74 496 872 824 524 355 2225 193 -598 603 -490 430 -528 -205 -233 -792 1083 553 -1236 -960 -758
-131 517 332 750 -636 912 -997 -2924 -191 2032 -1598 -1523 285 832 746 -124 -929 -1281 -753 494 -1166 465 617 488 -818 -232 -385 604 1043 -319 964 -78 196 -906 387 -234 213 897 -347 614 -925 -396 266 74 496 872 824 524 355 2225 193 -598 603 -490 430 -528 -205 -233 -792 1083 553 -1236 -960 -758
-131 517 332 750 -636 912 -997 -2924 -191 2032 -1598 -1523 285 832 746 -124 -929 -1281 -753 494 -1166 465 617 488 -818 -232 -385 604 1043 -319 964 -78 196 -906 387 -234 213 897 -347 614 -925 -396 266 74 496 872 824 524 355 2225 193 -598 603 -490 430 -528 -205 -233 -792 1083 553 -1236 -960 -758
-131 517 332 750 -636 912 -997 -2924 -191 2032 -1598 -1523 285 832 746 -124 -929 -1281 -753 494 -1166 465 617 488 -818 -232 -385 604 1043 -319 964 -78 196 -906 387 -234 213 897 -347 614 -925 -396 266 74 496 872 824 524 355 2225 193 -598 603 -490 430 -528 -205 -233 -792 1083 553 -1236 -960 -758
-131 517 332 750 -636 912 -997 -2924 -191 2032 -1598 -1523 285 832 746 -124 -929 -1281 -753 494 -1166 465 617 488 -818 -232 -385 604 1043 -319 964 -78 196 -906 387 -234 213 897 -347 614 -925 -396 266 74 496 872 824 524 355 2225 193 -598 603 -490 430 -528 -205 -233 -792 1083 553 -1236 -960 -758
-131 517 332 750 -636 912 -997 -2924 -191 2032 -1598 -1523 285 832 746 -124 -929 -1281 -753 494 -1166 465 617 488 -818 -232 -385 604 1043 -319 964 -78 196 -906 387 -234 213 897 -347 614 -925 -396 266 74 496 872 824 524 355 2225 193 -598 603 -490 430 -528 -205 -233 -792 1083 553 -1236 -960 -758
-131 517 332 750 -636 912 -997 -2924 -191 2032 -1598 -1523 285 832 746 -124 -929 -1281 -753 494 -1166 465 617 488 -818 -232 -385 604 1043 -319 964 -78 196 -906 387 -234 213 897 -347 614 -925 -396 266 74 496 872 824 524 355 2225 193 -598 603 -490 430 -528 -205 -233 -792 1083 553 -1236 -960 -758
-131 517 332 750 -636 912 -997 -2924 -191 2032 -1598 -1523 285 832 746 -124 -929 -1281 -753 494 -1166 465 617 488 -818 -232 -385 604 1043 -319 964 -78 196 -906 387 -234 213 897 -347 614 -925 -396 266 74 496 872 824 524 355 2225 193 -598 603 -490 430 -528 -205 -233 -792 1083 553 -1236 -960 -758
-131 517 332 750 -636 912 -997 -2924 -191 2032 -1598 -1523 285 832 746 -124 -929 -1281 -753 494 -1166 465 617 488 -818 -232 -385 604 1043 -319 964 -78 196 -906 387 -234 213 897 -347 614 -925 -396 266 74 496 872 824 524 355 2225 193 -598 603 -490 430 -528 -205 -233 -792 1083 553 -1236 -960 -758
-131 517 332 750 -636 912 -997 -2924 -191 2032 -1598 -1523 285 832 746 -124 -929 -1281 -753 494 -1166 465 617 488 -818 -232 -385 604 1043 -319 964 -78 196 -906 387 -234 213 897 -347 614 -925 -396 266 74 496 872 824 524 355 2225 193 -598 603 -490 430 -528 -205 -233 -792 1083 553 -1236 -960 -758
-131 517 332 750 -636 912 -997 -2924 -191 2032 -1598 -1523 285 832 746 -124 -929 -1281 -753 494 -1166 465 617 488 -818 -232 -385 604 1043 -319 964 -78 196 -906 387 -234 213 897 -347 614 -925 -396 266 74 496 872 824 524 355 2225 193 -598 603 -490 430 -528 -205 -233 -792 1083 553 -1236 -960 -758
-131 517 332 750 -636 912 -997 -2924 -191 2032 -1598 -1523 285 832 746 -124 -929 -1281 -753 494 -1166 465 617 488 -818 -232 -385 604 1043 -319 964 -78 196 -906 387 -234 213 897 -347 614 -925 -396 266 74 496 872 824 524 355 2225 193 -598 603 -490 430 -528 -205 -233 -792 1083 553 -1236 -960 -758
-131 517 332 750 -636 912 -997 -2924 -191 2032 -1598 -1523 285 832 746 -124 -929 -1281 -753 494 -1166 465 617 488 -818 -232 -385 604 1043 -319 964 -78 196 -906 387 -234 213 897 -347 614 -925 -396 266 74 496 872 824 524 355 2225 193 -598 603 -490 430 -528 -205 -233 -792 1083 553 -1236 -960 -758
-131 517 332 750 -636 912 -997 -2924 -191 2032 -1598 -1523 285 832 746 -124 -929 -1281 -753 494 -1166 465 617 488 -818 -232 -385 604 1043 -319 964 -78 196 -906 387 -234 213 897 -347 614 -925 -396 266 74 496 872 824 524 355 2225 193 -598 603 -490 430 -528 -205 -233 -792 1083 553 -1236 -960 -758
-131 517 332 750 -636 912 -997 -2924 -191 2032 -1598 -1523 285 832 746 -124 -929 -1281 -753 494 -1166 465 617 488 -818 -232 -385 604 1043 -319 964 -78 196 -906 387 -234 213 897 -347 614 -925 -396 266 74 496 872 824 524 355 2225 193 -598 603 -490 430 -528 -205 -233 -792 1083 553 -1236 -960 -758
-131 517 332 750 -636 912 -997 -2924 -191 2032 -1598 -1523 285 832 746 -124 -929 -1281 -753 494 -1166 465 617 488 -818 -232 -385 604 1043 -319 964 -78 196 -906 387 -234 213 897 -347 614 -925 -396 266 74 496 872 824 524 355 2225 193 -598 603 -490 430 -528 -205 -233 -792 1083 553 -1236 -960 -758
-131 517 332 750 -636 912 -997 -2924 -191 2032 -1598 -1523 285 832 746 -124 -929 -1281 -753 494 -1166 465 617 488 -818 -232 -385 604 1043 -319 964 -78 196 -906 387 -234 213 897 -347 614 -925 -396 266 74 496 872 824 524 355 2225 193 -598 603 -490 430 -528 -205 -233 -792 1083 553 -1236 -960 -758
-131 517 332 750 -636 912 -997 -2924 -191 2032 -1598 -1523 285 832 746 -124 -929 -1281 -753 494 -1166 465 617 488 -818 -232 -385 604 1043 -319 964 -78 196 -906 387 -234 213 897 -347 614 -925 -396 266 74 496 872 824 524 355 2225 193 -598 603 -490 430 -528 -205 -233 -792 1083 553 -1236 -960 -758
-131 517 332 750 -636 912 -997 -2924 -191 2032 -1598 -1523 285 832 746 -124 -929 -1281 -753 494 -1166 465 617 488 -818 -232 -385 604 1043 -319 964 -78 196 -906 387 -234 213 897 -347 614 -925 -396 266 74 496 872 824 524 355 2225 193 -598 603 -490 430 -528 -205 -233 -792 1083 553 -1236 -960 -758
-131 517 332 750 -636 912 -997 -2924 -191 2032 -1598 -1523 285 832 746 -124 -929 -1281 -753 494 -1166 465 617 488 -818 -232 -385 604 1043 -319 964 -78 196 -906 387 -234 213 897 -347 614 -925 -396 266 74 496 872 824 524 355 2225 193 -598 603 -490 430 -528 -205 -233 -792 1083 553 -1236 -960 -758
-131 517 332 750 -636 912 -997 -2924 -191 2032 -1598 -1523 285 832 746 -124 -929 -1281 -753 494 -1166 465 617 488 -818 -232 -385 604 1043 -319 964 -78 196 -906 387 -234 213 897 -347 614 -925 -396 266 74 496 872 824 524 355 2225 193 -598 603 -490 430 -528 -205 -233 -792 1083 553 -1236 -960 -758
-131 517 332 750 -636 912 -997 -2924 -191 2032 -1598 -1523 285 832 746 -124 -929 -1281 -753 494 -1166 465 617 488 -818 -232 -385 604 1043 -319 964 -78 196 -906 387 -234 213 897 -347 614 -925 -396 266 74 496 872 824 524 355 2225 193 -598 603 -490 430 -528 -205 -233 -792 1083 553 -1236 -960 -758
-131 517 332 750 -636 912 -997 -2924 -191 2032 -1598 -1523 285 832 746 -124 -929 -1281 -753 494 -1166 465 617 488 -818 -232 -385 604 1043 -319 964 -78 196 -906 387 -234 213 897 -347 614 -925 -396 266 74 496 872 824 524 355 2225 193 -598 603 -490 430 -528 -205 -233 -792 1083 553 -1236 -960 -758
-131 517 332 750 -636 912 -997 -2924 -191 2032 -1598 -1523 285 832 746 -124 -929 -1281 -753 494 -1166 465 617 488 -818 -232 -385 604 1043 -319 964 -78 196 -906 387 -234 213 897 -347 614 -925 -396 266 74 496 872 824 524 355 2225 193 -598 603 -490 430 -528 -205 -233 -792 1083 553 -1236 -960 -758
-131 517 332 750 -636 912 -997 -2924 -191 2032 -1598 -1523 285 832 746 -124 -929 -1281 -753 494 -1166 465 617 488 -818 -232 -385 604 1043 -319 964 -78 196 -906 387 -234 213 897 -347 614 -925 -396 266 74 496 872 824 524 355 2225 193 -598 603 -490 430 -528 -205 -233 -792 1083 553 -1236 -960 -758
-131 517 332 750 -636 912 -997 -2924 -191 2032 -1598 -1523 285 832 746 -124 -929 -1281 -753 494 -1166 465 617 488 -818 -232 -385 604 1043 -319 964 -78 196 -906 387 -234 213 897 -347 614 -925 -396 266 74 496 872 824 524 355 2225 193 -598 603 -490 430 -528 -205 -233 -792 1083 553 -1236 -960 -758
-131 517 332 750 -636 912 -997 -2924 -191 2032 -1598 -1523 285 832 746 -124 -929 -1281 -753 494 -1166 465 617 488 -818 -232 -385 604 1043 -319 964 -78 196 -906 387 -234 213 897 -347 614 -925 -396 266 74 496 872 824 524 355 2225 193 -598 603 -490 430 -528 -205 -233 -792 1083 553 -1236 -960 -758
-131 517 332 750 -636 912 -997 -2924 -191 2032 -1598 -1523 285 832 746 -124 -929 -1281 -753 494 -1166 465 617 488 -818 -232 -385 604 1043 -319 964 -78 196 -906 387 -234 213 897 -347 614 -925 -396 266 74 496 872 824 524 355 2225 193 -598 603 -490 430 -528 -205 -233 -792 1083 553 -1236 -960 -758
-131 517 332 750 -636 912 -997 -2924 -191 2032 -1598 -1523 285 832 746 -124 -929 -1281 -753 494 -1166 465 617 488 -818 -232 -385 604 1043 -319 964 -78 196 -906 387 -234 213 897 -347 614 -925 -396 266 74 496 872 824 524 355 2225 193 -598 603 -490 430 -528 -205 -233 -792 1083 553 -1236 -960 -758
-131 517 332 750 -636 912 -997 -2924 -191 2032 -1598 -1523 285 832 746 -124 -929 -1281 -753 494 -1166 465 617 488 -818 -232 -385 604 1043 -319 964 -78 196 -906 387 -234 213 897 -347 614 -925 -396 266 74 496 872 824 524 355 2225 193 -598 603 -490 430 -528 -205 -233 -792 1083 553 -1236 -960 -758
-131 517 332 750 -636 912 -997 -2924 -191 2032 -1598 -1523 285 832 746 -124 -929 -1281 -753 494 -1166 465 617 488 -818 -232 -385 604 1043 -319 964 -78 196 -906 387 -234 213 897 -347 614 -925 -396 266 74 496 872 824 524 355 2225 193 -598 603 -490 430 -528 -205 -233 -792 1083 553 -1236 -960 -758
-131 517 332 750 -636 912 -997 -2924 -191 2032 -1598 -1523 285 832 746 -124 -929 -1281 -753 494 -1166 465 617 488 -818 -232 -385 604 1043 -319 964 -78 196 -906 387 -234 213 897 -347 614 -925 -396 266 74 496 872 824 524 355 2225 193 -598 603 -490 430 -528 -205 -233 -792 1083 553 -1236 -960 -758
-131 517 332 750 -636 912 -997 -2924 -191 2032 -1598 -1523 285 832 746 -124 -929 -1281 -753 494 -1166 465 617 488 -818 -232 -385 604 1043 -319 964 -78 196 -906 387 -234 213 897 -347 614 -925 -396 266 74 496 872 824 524 355 2225 193 -598 603 -490 430 -528 -205 -233 -792 1083 553 -1236 -960 -758
-131 517 332 750 -636 912 -997 -2924 -191 2032 -1598 -1523 285 832 746 -124 -929 -1281 -753 494 -1166 465 617 488 -818 -232 -385 604 1043 -319 964 -78 196 -906 387 -234 213 897 -347 614 -925 -396 266 74 496 872 824 524 355 2225 193 -598 603 -490 430 -528 -205 -233 -792 1083 553 -1236 -960 -758
-131 517 332 750 -636 912 -997 -2924 -191 2032 -1598 -1523 285 832 746 -124 -929 -1281 -753 494 -1166 465 617 488 -818 -232 -385 604 1043 -319 964 -78 196 -906 387 -234 213 897 -347 614 -925 -396 266 74 496 872 824 524 355 2225 193 -598 603 -490 430 -528 -205 -233 -792 1083 553 -1236 -960 -758
-131 517 332 750 -636 912 -997 -2924 -191 2032 -1598 -1523 285 832 746 -124 -929 -1281 -753 494 -1166 465 617 488 -818 -232 -385 604 1043 -319 964 -78 196 -906 387 -234 213 897 -347 614 -925 -396 266 74 496 872 824 524 355 2225 193 -598 603 -490 430 -528 -205 -233 -792 1083 553 -1236 -960 -758
-131 517 332 750 -636 912 -997 -2924 -191 2032 -1598 -1523 285 832 746 -124 -929 -1281 -753 494 -1166 465 617 488 -818 -232 -385 604 1043 -319 964 -78 196 -906 387 -234 213 897 -347 614 -925 -396 266 74 496 872 824 524 355 2225 193 -598 603 -490 430 -528 -205 -233 -792 1083 553 -1236 -960 -758
-131 517 332 750 -636 912 -997 -2924 -191 2032 -1598 -1523 285 832 746 -124 -929 -1281 -753 494 -1166 465 617 488 -818 -232 -385 604 1043 -319 964 -78 196 -906 387 -234 213 897 -347 614 -925 -396 266 74 496 872 824 524 355 2225 193 -598 603 -490 430 -528 -205 -233 -792 1083 553 -1236 -960 -758
