855 -176 -164 324 -988 735 960 482 -358 141 1347 1039 826 398 -1163 162 -1126 -616 126 235 470 -334 -1216 481 -113 -1247 -115 350 23 -854 -1128 182 -374 -159 348 -438 1197 -624 -561 -873 1123 259 1001 -750 -247 656 -1729 -526 1239 -579 -1196 402 -60 -147 -67 1570 -854 -1 -794 46 -454 -423 -590 -1035
1132 -934 -864 253 -1299 732 416 -653 884 499 268 1423 1106 635 -2618 -770 -901 -355 -1302 1580 -341 -114 -1295 179 -135 298 -1925 785 676 -1556 -1233 1218 -1170 708 -39 1191 1140 -1263 -1402 923 1196 536 2634 -2349 1740 13 -1520 533 1460 -1142 -824 -361 -612 250 -20 2063 604 -53 -1374 -793 2971 -702 -328 -1601
864 -706 -995 -50 -1375 718 696 -247 658 516 479 1438 615 240 -2352 -564 -1129 -647 -615 1059 188 112 -913 -80 -459 -15 -1364 528 524 -1098 -996 976 -795 355 -153 646 1018 -871 -1353 686 1064 232 1863 -1960 897 438 -1563 362 1622 -800 -1155 -386 -241 -264 -41 2227 421 84 -1171 -555 2285 -523 -520 -1412
45 68 -1444 721 -1741 1678 440 1494 1120 700 503 2838 435 1512 -1581 -585 -505 124 -1168 -914 276 406 -612 250 418 -1142 -1464 10 813 -2556 -2811 1135 -986 1065 727 988 1955 1039 206 429 646 -237 1603 -1479 -510 -448 -47 -1024 471 -747 -1086 -1768 -766 928 559 1841 1146 -1589 -1330 522 2252 216 106 -1198
438 -644 -638 729 -1912 1092 286 1304 173 321 1105 1641 673 901 -1180 268 -966 -233 156 -1051 -413 -386 -1643 98 -292 -1568 -177 1057 -5 -1139 -2498 -161 -1032 364 122 995 1412 258 -312 -942 1298 -260 888 -1369 -875 752 -1937 -284 1065 -535 -1373 -50 -82 -247 -165 978 -208 -149 -1635 -402 -47 -822 -264 -893
-12 -850 -836 564 -2076 1419 569 1744 1121 313 767 2221 695 766 -654 353 -547 -98 75 -1438 -424 -169 -1138 112 -322 -1429 -166 1188 -171 -1319 -3277 344 -1412 1046 235 1425 1486 900 324 -846 1344 30 1038 -1511 -813 1000 -904 -403 990 -842 -1193 -711 436 428 62 896 150 -176 -1673 271 664 -764 511 -1261
659 -440 -182 631 -1365 895 772 1151 169 57 1152 1488 1016 514 -911 51 -908 -465 141 -445 180 -418 -1468 508 6 -1894 -132 806 -126 -1155 -1905 435 -869 34 531 -43 1566 -203 -220 -925 1271 176 1076 -973 -377 479 -1668 -664 1082 -624 -1222 26 -1 97 -60 1341 -835 -155 -1181 194 -749 -534 -309 -934
437 -6 -906 524 -1806 771 556 679 1087 1261 898 2142 154 964 -987 -6 -410 -137 -628 -1304 275 1177 -572 212 424 -1249 -1296 89 1024 -2916 -2141 1651 -925 446 -622 1643 1775 40 1150 321 619 303 1459 -1788 -307 -115 -362 -28 715 -1386 -814 -676 -502 768 930 1990 1488 -209 -2029 -296 2420 -529 259 -445
286 -1245 -659 -547 -1247 516 -182 1124 1032 814 971 1784 -46 75 -1346 -406 -760 -690 306 -1876 516 298 -1581 -551 443 -2425 -1283 375 1167 -1307 -1510 508 -359 -258 473 -192 1570 164 -1280 1235 825 -275 960 -1191 -1038 -818 -710 -1471 1003 -826 -1117 -369 -331 353 639 2247 -356 -959 -1749 -202 249 -590 165 -799
1403 -549 -670 293 -1515 524 684 881 533 1 660 1022 -124 -53 -1588 -73 -1090 -285 -571 434 82 372 -1585 386 724 -1410 -1741 264 190 -727 -904 751 146 15 676 618 1223 -989 -1070 -63 1281 -301 1503 -1337 -226 -65 -1694 -738 1631 -627 -1096 -50 -164 188 246 1727 -427 -65 -1371 -733 603 -598 31 -972
185 -1572 -756 -715 -1245 372 -422 1033 1308 893 817 1748 -309 -125 -1469 -675 -699 -752 319 -2299 341 530 -1643 -816 638 -2525 -1664 539 1337 -1271 -1282 551 -143 -541 567 -11 1525 27 -1645 1846 700 -309 977 -1391 -1283 -1106 -752 -1622 1163 -881 -994 -467 -455 344 704 2278 -406 -1020 -2096 -493 425 -754 391 -817
519 -317 -572 79 -1446 878 458 1109 514 470 1049 1735 552 504 -1156 -22 -627 -493 -195 -991 616 252 -1202 144 187 -1894 -712 254 587 -1563 -1910 586 -461 220 445 41 1549 -4 -264 -6 963 -6 1071 -1035 -609 -44 -851 -1069 1009 -777 -1055 -453 -298 401 277 1908 -281 -543 -1289 -60 203 -411 -191 -973
64 911 -1493 1493 -1801 1819 721 1861 957 661 317 2633 674 2258 -2126 -650 -777 291 -1373 -644 543 316 -880 206 411 -842 -1359 -256 785 -3265 -3475 1256 -1180 1264 921 535 2102 1087 413 254 192 -203 2093 -1332 -643 -923 59 -1348 366 -344 -1346 -2119 -1167 843 652 1837 966 -1889 -1226 457 2466 443 154 -889
464 49 -1111 281 -1613 1337 846 1033 1006 901 1006 2160 549 1092 -1202 -103 -496 -136 -697 -541 351 735 -561 280 10 -1017 -848 225 664 -2198 -2387 839 -875 1081 -36 1117 1357 543 511 -105 1005 86 1380 -1460 -678 357 -433 -476 712 -888 -786 -1070 -572 621 649 1953 995 -492 -1210 246 2000 -30 19 -1086
1340 -244 -730 666 -1543 542 815 854 668 -53 492 1140 157 381 -1625 -279 -1044 -112 -760 484 120 500 -1535 313 715 -1046 -1636 249 143 -1392 -1241 962 -282 246 710 623 1422 -689 -729 -3 1270 -46 1735 -1532 33 -385 -1284 -761 1341 -609 -1113 -378 -448 255 361 1664 -111 -236 -1296 -536 1115 -409 39 -785
164 -320 -1227 838 -1671 913 293 1478 1675 592 375 2712 -9 1167 -1357 -1030 -446 87 -827 -1550 164 870 -921 -56 841 -1810 -1830 260 841 -2987 -2365 1482 -910 577 972 970 2213 804 240 912 777 -21 1828 -1736 -438 -1267 18 -1357 393 -1058 -920 -1661 -932 1053 1012 1866 1082 -1458 -1591 352 2074 -183 584 -866
856 1540 -1197 -473 -2989 -725 -522 415 1147 1684 1639 2124 -398 1375 -73 441 1462 -394 -746 -4415 1959 2439 295 325 287 -2315 -2689 -1286 2389 -4332 -2446 2326 22 125 -716 1628 2303 -835 3572 1440 1350 378 905 -1805 -213 -1021 1892 -1315 -264 -2751 -356 -775 -1031 2223 1511 2718 2631 578 -2219 -1977 3027 -1403 280 -141
523 1216 -1939 184 -3016 254 -434 1165 1305 1001 894 2400 50 1570 -667 -105 876 101 -761 -3825 791 1621 136 592 -16 -1586 -2426 112 1122 -3600 -3186 1262 -380 324 -47 1267 2538 -167 1804 827 1533 -36 964 -1808 -334 -542 1187 -1548 59 -1510 -1102 -1576 -960 1190 605 2191 2168 -407 -2183 -1286 2986 -841 458 -719
917 848 -542 -372 -2372 -632 -302 272 1113 2154 1489 2259 -139 764 66 809 1228 -460 -924 -3910 2240 2606 -172 353 685 -3012 -1878 -1163 2561 -4691 -1948 2601 -410 506 -957 1837 2220 -811 3873 1517 677 599 1441 -1699 -56 -1573 1475 -762 335 -3255 8 -794 -1263 2340 2089 2834 2174 627 -2221 -1473 2374 -1111 278 521
638 -39 -988 -351 -1838 -25 -160 940 1171 1144 1305 2159 14 607 -532 -208 270 -536 -151 -2555 1052 1010 -452 373 1 -2305 -1496 192 1308 -2233 -2007 1105 -416 354 -39 775 1848 -452 943 810 1257 -16 1200 -1427 -549 -463 235 -1208 393 -1806 -555 -884 -702 1073 970 2239 905 -148 -1762 -642 1259 -695 138 -815
195 -835 -1143 -911 -1974 819 79 1169 1923 1120 1241 3141 50 403 -85 -9 590 -499 -571 -2265 738 1079 -295 131 181 -2554 -1487 64 1670 -2202 -2328 1181 -537 1280 195 1654 1436 797 1290 920 1668 -245 937 -1719 -921 -15 519 -1117 264 -2110 -227 -1258 -387 1575 1430 2368 1391 -373 -1543 261 1820 -291 315 -1316
970 -319 -1757 -198 -1332 777 1032 -941 1168 1289 976 1493 -435 781 -1971 -1004 -1683 -224 -744 1603 -689 1712 143 -239 41 1887 -2271 328 840 -1856 5 612 -93 228 -898 1851 697 -608 -1279 666 1536 563 1825 -2189 -11 870 -1129 879 1548 -715 -894 -242 -357 -468 649 2477 2248 58 -1407 -1002 5442 -216 65 -1519
899 -211 -2045 -503 -1060 935 1118 -2394 861 2246 715 1914 -265 1392 -2726 -786 -2157 -336 -1086 2762 -817 1357 1101 -529 -362 4158 -2908 -320 1700 -2000 539 858 -392 714 -1492 2440 28 -718 -1096 1441 1165 857 2092 -2793 759 1162 -850 1870 1535 -1430 -1093 -149 -408 -481 1220 2831 3418 14 -1470 -1061 8273 90 -40 -1889
1076 -88 -581 117 -1128 756 966 222 -97 533 1140 1167 521 499 -1587 34 -1294 -507 -281 753 282 237 -881 287 -8 -508 -892 157 301 -1031 -895 501 -233 64 38 216 970 -694 -617 -411 1031 243 1239 -1152 -131 637 -1489 -128 1324 -648 -1095 152 -218 -124 161 1984 2 -31 -997 -363 1153 -340 -410 -1118
1211 -129 -1350 -252 -1235 781 1025 -428 1005 1007 853 1262 70 427 -2410 -1131 -1511 -445 -584 1642 -298 1531 -186 -247 -252 853 -1705 453 333 -1535 -527 920 -268 181 -914 1137 823 -691 -1375 322 1233 592 1698 -1971 406 980 -1417 834 1387 -202 -761 -364 -343 -636 124 2758 1648 231 -1120 -994 3857 -445 -330 -1580
453 576 -1057 570 -1531 1193 699 1209 781 649 934 1957 410 1463 -1531 -392 -717 -148 -622 -843 690 571 -820 82 253 -1094 -1278 -284 820 -2496 -2445 1078 -699 599 493 493 1605 550 336 236 759 2 1439 -1299 -898 -388 -123 -1111 443 -580 -1026 -1123 -784 726 680 1943 647 -944 -1110 49 1758 -61 81 -780
372 -661 -805 772 -2134 1170 54 1457 304 480 1013 1769 632 1092 -1315 206 -1052 -176 191 -1162 -736 -292 -1691 -176 -351 -1443 -322 1180 59 -1200 -2670 -235 -1240 440 25 1432 1298 539 -301 -915 1358 -385 826 -1603 -1114 767 -2026 -80 978 -418 -1400 -126 -169 -395 -152 926 160 -213 -1804 -629 358 -878 -193 -793
-94 -877 -750 792 -2373 1334 456 2001 1191 308 611 2031 772 872 -724 536 -778 -119 452 -1752 -678 -266 -1485 -247 -405 -1269 -109 1427 -335 -1405 -3642 381 -1830 902 164 1567 1480 1020 371 -974 1347 158 1050 -1693 -1017 934 -957 -277 1133 -671 -1499 -514 627 257 -35 669 25 -22 -1987 -55 712 -1104 843 -951
366 -616 -429 705 -1729 1035 660 1429 660 232 887 1735 936 673 -790 177 -897 -294 253 -930 -196 -280 -1419 222 -119 -1614 -211 1094 -162 -1335 -2512 522 -1302 339 341 651 1541 257 38 -851 1289 191 1106 -1304 -607 602 -1346 -442 1084 -681 -1307 -254 195 189 1 1113 -412 -144 -1557 132 -8 -701 195 -849
429 -19 -676 496 -1717 841 690 830 694 711 1014 1765 322 896 -1002 80 -573 -317 -316 -1124 370 578 -922 154 269 -1260 -975 49 751 -2360 -2136 1258 -748 232 -144 922 1627 99 685 17 795 277 1182 -1447 -526 72 -586 -417 781 -1024 -1037 -297 -216 579 549 1721 608 -179 -1696 -193 1445 -614 129 -606
-46 -1500 -1049 -911 -1447 427 -626 1140 1730 1234 894 2125 -652 100 -1365 -690 -626 -726 262 -2514 415 800 -1506 -934 636 -2468 -1983 217 1933 -1798 -1524 758 -247 -297 272 252 1699 474 -1408 2127 713 -508 1004 -1466 -1357 -1279 -156 -1550 852 -1054 -1032 -560 -416 533 1013 2602 346 -1299 -2164 -402 1370 -676 507 -711
-763 -2910 -1363 -1666 -1388 63 -1688 1186 2891 1737 457 2394 -1492 -541 -1583 -1562 -393 -1050 622 -4284 2 1251 -1567 -1672 1126 -2867 -3172 827 2751 -1633 -902 852 254 -1240 439 560 1875 472 -2726 4223 175 -938 701 -1981 -2188 -2373 118 -2166 1165 -1331 -922 -933 -636 436 1169 2790 136 -1928 -3323 -1003 1825 -1004 975 -732
442 -594 -584 -255 -1348 725 243 983 682 646 1091 1746 337 349 -1176 -129 -613 -595 -28 -1357 644 374 -1255 -152 248 -2082 -901 218 885 -1527 -1701 545 -345 49 402 -6 1470 45 -517 477 942 -58 982 -1107 -797 -288 -737 -1214 970 -863 -981 -407 -351 429 462 2088 -247 -617 -1409 -153 285 -495 -97 -929
-259 -68 -1602 704 -1751 1439 280 1707 1764 965 441 3577 -298 1639 -1442 -1028 -644 87 -1101 -1478 316 913 -388 -228 669 -1482 -1893 -283 1334 -3069 -2938 1511 -772 1209 815 1327 2147 1386 475 963 474 -353 1822 -1645 -857 -998 427 -1365 125 -1056 -891 -2236 -734 1241 1350 2102 1711 -1976 -1624 516 2960 141 495 -1351
1356 1941 -1378 -780 -2965 -1968 -1092 338 1586 2245 1708 1884 -826 1347 -164 -247 1531 -639 -20 -5247 2296 2776 687 188 -130 -2382 -3391 -1197 2611 -4116 -2187 2549 42 -230 -938 1550 2302 -1719 3617 2072 1624 413 1211 -2087 -176 -1440 2248 -1577 -687 -3143 -119 -965 -1430 2220 1960 3036 3003 1114 -2497 -2974 3471 -1794 589 -34
522 908 -1503 158 -2613 356 -271 1158 1112 1134 856 2243 116 1327 -779 92 487 -34 -635 -3250 950 1437 -220 365 90 -1686 -1959 -100 1214 -3278 -2951 1306 -495 436 -105 1147 2254 -111 1571 742 1165 22 1086 -1603 -472 -591 863 -1310 331 -1490 -1006 -1350 -835 1166 731 2157 1655 -381 -2077 -1113 2441 -757 364 -538
1133 1207 -764 -620 -2671 -1026 -579 140 1134 2220 1319 2147 -377 661 171 733 1469 -488 -638 -4493 2462 2782 275 501 373 -2718 -2161 -1387 2553 -4658 -1894 2448 4 350 -980 1741 2271 -1150 4060 1509 1115 561 1152 -1699 192 -1404 1740 -1000 272 -3435 -59 -764 -1208 2213 1994 2889 2286 1135 -2148 -2113 2704 -1358 238 387
788 631 -1558 -786 -2453 -1425 -1177 900 2085 2040 1451 2411 -856 922 -268 -823 1040 -744 207 -4546 1566 2006 353 223 -230 -2474 -2986 -80 2354 -3025 -2113 1966 -230 -38 -626 1311 2315 -1215 1888 2121 1452 -52 1362 -1973 -567 -1277 1594 -1528 -409 -2697 -253 -1278 -1131 1602 1682 2836 2361 218 -2642 -2011 2901 -1302 572 -551
216 -741 -976 -788 -1800 775 102 1107 1565 937 1250 2728 86 351 -290 -68 306 -602 -334 -1967 737 821 -526 95 137 -2367 -1256 10 1505 -1956 -2140 985 -421 917 226 1152 1436 617 785 701 1545 -192 871 -1498 -868 89 156 -1089 397 -1769 -440 -859 -256 1212 1101 2275 948 -350 -1450 160 1364 -379 181 -1264
1031 -220 -1565 -204 -1258 774 1000 -770 1114 1232 967 1456 -359 684 -1963 -998 -1652 -285 -638 1561 -591 1619 98 -211 49 1598 -2082 256 731 -1733 -135 657 -77 221 -886 1644 725 -588 -1209 494 1459 550 1702 -2031 21 914 -1197 808 1425 -587 -845 -209 -262 -486 610 2472 2056 98 -1337 -982 4917 -258 -8 -1526
719 189 -2466 -793 -1042 859 1123 -2704 1239 2926 797 2160 -935 1487 -2763 -1015 -2306 -376 -890 2631 -794 2134 1868 -828 -429 4726 -3198 -749 2179 -2364 863 1001 -194 658 -2024 2827 -97 -474 -867 1754 1073 875 1982 -2943 409 1357 -492 2191 1365 -1557 -1011 -273 -426 -615 1738 3269 4549 20 -1511 -1104 9734 197 142 -1873
642 -319 -551 152 -1115 799 693 449 129 511 1173 1394 572 516 -1345 -161 -1091 -587 -72 125 259 44 -1004 238 -31 -1013 -649 377 453 -1154 -1101 374 -421 -57 221 42 1193 -417 -687 -277 1038 152 1168 -1062 -370 442 -1462 -388 1195 -696 -1091 66 -245 -90 142 1838 -193 -294 -1053 -71 639 -336 -396 -1068
642 -319 -551 152 -1115 799 693 449 129 511 1173 1394 572 516 -1345 -161 -1091 -587 -72 125 259 44 -1004 238 -31 -1013 -649 377 453 -1154 -1101 374 -421 -57 221 42 1193 -417 -687 -277 1038 152 1168 -1062 -370 442 -1462 -388 1195 -696 -1091 66 -245 -90 142 1838 -193 -294 -1053 -71 639 -336 -396 -1068
642 -319 -551 152 -1115 799 693 449 129 511 1173 1394 572 516 -1345 -161 -1091 -587 -72 125 259 44 -1004 238 -31 -1013 -649 377 453 -1154 -1101 374 -421 -57 221 42 1193 -417 -687 -277 1038 152 1168 -1062 -370 442 -1462 -388 1195 -696 -1091 66 -245 -90 142 1838 -193 -294 -1053 -71 639 -336 -396 -1068
642 -319 -551 152 -1115 799 693 449 129 511 1173 1394 572 516 -1345 -161 -1091 -587 -72 125 259 44 -1004 238 -31 -1013 -649 377 453 -1154 -1101 374 -421 -57 221 42 1193 -417 -687 -277 1038 152 1168 -1062 -370 442 -1462 -388 1195 -696 -1091 66 -245 -90 142 1838 -193 -294 -1053 -71 639 -336 -396 -1068
642 -319 -551 152 -1115 799 693 449 129 511 1173 1394 572 516 -1345 -161 -1091 -587 -72 125 259 44 -1004 238 -31 -1013 -649 377 453 -1154 -1101 374 -421 -57 221 42 1193 -417 -687 -277 1038 152 1168 -1062 -370 442 -1462 -388 1195 -696 -1091 66 -245 -90 142 1838 -193 -294 -1053 -71 639 -336 -396 -1068
642 -319 -551 152 -1115 799 693 449 129 511 1173 1394 572 516 -1345 -161 -1091 -587 -72 125 259 44 -1004 238 -31 -1013 -649 377 453 -1154 -1101 374 -421 -57 221 42 1193 -417 -687 -277 1038 152 1168 -1062 -370 442 -1462 -388 1195 -696 -1091 66 -245 -90 142 1838 -193 -294 -1053 -71 639 -336 -396 -1068
642 -319 -551 152 -1115 799 693 449 129 511 1173 1394 572 516 -1345 -161 -1091 -587 -72 125 259 44 -1004 238 -31 -1013 -649 377 453 -1154 -1101 374 -421 -57 221 42 1193 -417 -687 -277 1038 152 1168 -1062 -370 442 -1462 -388 1195 -696 -1091 66 -245 -90 142 1838 -193 -294 -1053 -71 639 -336 -396 -1068
642 -319 -551 152 -1115 799 693 449 129 511 1173 1394 572 516 -1345 -161 -1091 -587 -72 125 259 44 -1004 238 -31 -1013 -649 377 453 -1154 -1101 374 -421 -57 221 42 1193 -417 -687 -277 1038 152 1168 -1062 -370 442 -1462 -388 1195 -696 -1091 66 -245 -90 142 1838 -193 -294 -1053 -71 639 -336 -396 -1068
642 -319 -551 152 -1115 799 693 449 129 511 1173 1394 572 516 -1345 -161 -1091 -587 -72 125 259 44 -1004 238 -31 -1013 -649 377 453 -1154 -1101 374 -421 -57 221 42 1193 -417 -687 -277 1038 152 1168 -1062 -370 442 -1462 -388 1195 -696 -1091 66 -245 -90 142 1838 -193 -294 -1053 -71 639 -336 -396 -1068
642 -319 -551 152 -1115 799 693 449 129 511 1173 1394 572 516 -1345 -161 -1091 -587 -72 125 259 44 -1004 238 -31 -1013 -649 377 453 -1154 -1101 374 -421 -57 221 42 1193 -417 -687 -277 1038 152 1168 -1062 -370 442 -1462 -388 1195 -696 -1091 66 -245 -90 142 1838 -193 -294 -1053 -71 639 -336 -396 -1068
642 -319 -551 152 -1115 799 693 449 129 511 1173 1394 572 516 -1345 -161 -1091 -587 -72 125 259 44 -1004 238 -31 -1013 -649 377 453 -1154 -1101 374 -421 -57 221 42 1193 -417 -687 -277 1038 152 1168 -1062 -370 442 -1462 -388 1195 -696 -1091 66 -245 -90 142 1838 -193 -294 -1053 -71 639 -336 -396 -1068
642 -319 -551 152 -1115 799 693 449 129 511 1173 1394 572 516 -1345 -161 -1091 -587 -72 125 259 44 -1004 238 -31 -1013 -649 377 453 -1154 -1101 374 -421 -57 221 42 1193 -417 -687 -277 1038 152 1168 -1062 -370 442 -1462 -388 1195 -696 -1091 66 -245 -90 142 1838 -193 -294 -1053 -71 639 -336 -396 -1068
642 -319 -551 152 -1115 799 693 449 129 511 1173 1394 572 516 -1345 -161 -1091 -587 -72 125 259 44 -1004 238 -31 -1013 -649 377 453 -1154 -1101 374 -421 -57 221 42 1193 -417 -687 -277 1038 152 1168 -1062 -370 442 -1462 -388 1195 -696 -1091 66 -245 -90 142 1838 -193 -294 -1053 -71 639 -336 -396 -1068
642 -319 -551 152 -1115 799 693 449 129 511 1173 1394 572 516 -1345 -161 -1091 -587 -72 125 259 44 -1004 238 -31 -1013 -649 377 453 -1154 -1101 374 -421 -57 221 42 1193 -417 -687 -277 1038 152 1168 -1062 -370 442 -1462 -388 1195 -696 -1091 66 -245 -90 142 1838 -193 -294 -1053 -71 639 -336 -396 -1068
642 -319 -551 152 -1115 799 693 449 129 511 1173 1394 572 516 -1345 -161 -1091 -587 -72 125 259 44 -1004 238 -31 -1013 -649 377 453 -1154 -1101 374 -421 -57 221 42 1193 -417 -687 -277 1038 152 1168 -1062 -370 442 -1462 -388 1195 -696 -1091 66 -245 -90 142 1838 -193 -294 -1053 -71 639 -336 -396 -1068
642 -319 -551 152 -1115 799 693 449 129 511 1173 1394 572 516 -1345 -161 -1091 -587 -72 125 259 44 -1004 238 -31 -1013 -649 377 453 -1154 -1101 374 -421 -57 221 42 1193 -417 -687 -277 1038 152 1168 -1062 -370 442 -1462 -388 1195 -696 -1091 66 -245 -90 142 1838 -193 -294 -1053 -71 639 -336 -396 -1068
642 -319 -551 152 -1115 799 693 449 129 511 1173 1394 572 516 -1345 -161 -1091 -587 -72 125 259 44 -1004 238 -31 -1013 -649 377 453 -1154 -1101 374 -421 -57 221 42 1193 -417 -687 -277 1038 152 1168 -1062 -370 442 -1462 -388 1195 -696 -1091 66 -245 -90 142 1838 -193 -294 -1053 -71 639 -336 -396 -1068
642 -319 -551 152 -1115 799 693 449 129 511 1173 1394 572 516 -1345 -161 -1091 -587 -72 125 259 44 -1004 238 -31 -1013 -649 377 453 -1154 -1101 374 -421 -57 221 42 1193 -417 -687 -277 1038 152 1168 -1062 -370 442 -1462 -388 1195 -696 -1091 66 -245 -90 142 1838 -193 -294 -1053 -71 639 -336 -396 -1068
642 -319 -551 152 -1115 799 693 449 129 511 1173 1394 572 516 -1345 -161 -1091 -587 -72 125 259 44 -1004 238 -31 -1013 -649 377 453 -1154 -1101 374 -421 -57 221 42 1193 -417 -687 -277 1038 152 1168 -1062 -370 442 -1462 -388 1195 -696 -1091 66 -245 -90 142 1838 -193 -294 -1053 -71 639 -336 -396 -1068
642 -319 -551 152 -1115 799 693 449 129 511 1173 1394 572 516 -1345 -161 -1091 -587 -72 125 259 44 -1004 238 -31 -1013 -649 377 453 -1154 -1101 374 -421 -57 221 42 1193 -417 -687 -277 1038 152 1168 -1062 -370 442 -1462 -388 1195 -696 -1091 66 -245 -90 142 1838 -193 -294 -1053 -71 639 -336 -396 -1068
642 -319 -551 152 -1115 799 693 449 129 511 1173 1394 572 516 -1345 -161 -1091 -587 -72 125 259 44 -1004 238 -31 -1013 -649 377 453 -1154 -1101 374 -421 -57 221 42 1193 -417 -687 -277 1038 152 1168 -1062 -370 442 -1462 -388 1195 -696 -1091 66 -245 -90 142 1838 -193 -294 -1053 -71 639 -336 -396 -1068
642 -319 -551 152 -1115 799 693 449 129 511 1173 1394 572 516 -1345 -161 -1091 -587 -72 125 259 44 -1004 238 -31 -1013 -649 377 453 -1154 -1101 374 -421 -57 221 42 1193 -417 -687 -277 1038 152 1168 -1062 -370 442 -1462 -388 1195 -696 -1091 66 -245 -90 142 1838 -193 -294 -1053 -71 639 -336 -396 -1068
642 -319 -551 152 -1115 799 693 449 129 511 1173 1394 572 516 -1345 -161 -1091 -587 -72 125 259 44 -1004 238 -31 -1013 -649 377 453 -1154 -1101 374 -421 -57 221 42 1193 -417 -687 -277 1038 152 1168 -1062 -370 442 -1462 -388 1195 -696 -1091 66 -245 -90 142 1838 -193 -294 -1053 -71 639 -336 -396 -1068
642 -319 -551 152 -1115 799 693 449 129 511 1173 1394 572 516 -1345 -161 -1091 -587 -72 125 259 44 -1004 238 -31 -1013 -649 377 453 -1154 -1101 374 -421 -57 221 42 1193 -417 -687 -277 1038 152 1168 -1062 -370 442 -1462 -388 1195 -696 -1091 66 -245 -90 142 1838 -193 -294 -1053 -71 639 -336 -396 -1068
642 -319 -551 152 -1115 799 693 449 129 511 1173 1394 572 516 -1345 -161 -1091 -587 -72 125 259 44 -1004 238 -31 -1013 -649 377 453 -1154 -1101 374 -421 -57 221 42 1193 -417 -687 -277 1038 152 1168 -1062 -370 442 -1462 -388 1195 -696 -1091 66 -245 -90 142 1838 -193 -294 -1053 -71 639 -336 -396 -1068
642 -319 -551 152 -1115 799 693 449 129 511 1173 1394 572 516 -1345 -161 -1091 -587 -72 125 259 44 -1004 238 -31 -1013 -649 377 453 -1154 -1101 374 -421 -57 221 42 1193 -417 -687 -277 1038 152 1168 -1062 -370 442 -1462 -388 1195 -696 -1091 66 -245 -90 142 1838 -193 -294 -1053 -71 639 -336 -396 -1068
642 -319 -551 152 -1115 799 693 449 129 511 1173 1394 572 516 -1345 -161 -1091 -587 -72 125 259 44 -1004 238 -31 -1013 -649 377 453 -1154 -1101 374 -421 -57 221 42 1193 -417 -687 -277 1038 152 1168 -1062 -370 442 -1462 -388 1195 -696 -1091 66 -245 -90 142 1838 -193 -294 -1053 -71 639 -336 -396 -1068
642 -319 -551 152 -1115 799 693 449 129 511 1173 1394 572 516 -1345 -161 -1091 -587 -72 125 259 44 -1004 238 -31 -1013 -649 377 453 -1154 -1101 374 -421 -57 221 42 1193 -417 -687 -277 1038 152 1168 -1062 -370 442 -1462 -388 1195 -696 -1091 66 -245 -90 142 1838 -193 -294 -1053 -71 639 -336 -396 -1068
642 -319 -551 152 -1115 799 693 449 129 511 1173 1394 572 516 -1345 -161 -1091 -587 -72 125 259 44 -1004 238 -31 -1013 -649 377 453 -1154 -1101 374 -421 -57 221 42 1193 -417 -687 -277 1038 152 1168 -1062 -370 442 -1462 -388 1195 -696 -1091 66 -245 -90 142 1838 -193 -294 -1053 -71 639 -336 -396 -1068
642 -319 -551 152 -1115 799 693 449 129 511 1173 1394 572 516 -1345 -161 -1091 -587 -72 125 259 44 -1004 238 -31 -1013 -649 377 453 -1154 -1101 374 -421 -57 221 42 1193 -417 -687 -277 1038 152 1168 -1062 -370 442 -1462 -388 1195 -696 -1091 66 -245 -90 142 1838 -193 -294 -1053 -71 639 -336 -396 -1068
642 -319 -551 152 -1115 799 693 449 129 511 1173 1394 572 516 -1345 -161 -1091 -587 -72 125 259 44 -1004 238 -31 -1013 -649 377 453 -1154 -1101 374 -421 -57 221 42 1193 -417 -687 -277 1038 152 1168 -1062 -370 442 -1462 -388 1195 -696 -1091 66 -245 -90 142 1838 -193 -294 -1053 -71 639 -336 -396 -1068
642 -319 -551 152 -1115 799 693 449 129 511 1173 1394 572 516 -1345 -161 -1091 -587 -72 125 259 44 -1004 238 -31 -1013 -649 377 453 -1154 -1101 374 -421 -57 221 42 1193 -417 -687 -277 1038 152 1168 -1062 -370 442 -1462 -388 1195 -696 -1091 66 -245 -90 142 1838 -193 -294 -1053 -71 639 -336 -396 -1068
642 -319 -551 152 -1115 799 693 449 129 511 1173 1394 572 516 -1345 -161 -1091 -587 -72 125 259 44 -1004 238 -31 -1013 -649 377 453 -1154 -1101 374 -421 -57 221 42 1193 -417 -687 -277 1038 152 1168 -1062 -370 442 -1462 -388 1195 -696 -1091 66 -245 -90 142 1838 -193 -294 -1053 -71 639 -336 -396 -1068
642 -319 -551 152 -1115 799 693 449 129 511 1173 1394 572 516 -1345 -161 -1091 -587 -72 125 259 44 -1004 238 -31 -1013 -649 377 453 -1154 -1101 374 -421 -57 221 42 1193 -417 -687 -277 1038 152 1168 -1062 -370 442 -1462 -388 1195 -696 -1091 66 -245 -90 142 1838 -193 -294 -1053 -71 639 -336 -396 -1068
642 -319 -551 152 -1115 799 693 449 129 511 1173 1394 572 516 -1345 -161 -1091 -587 -72 125 259 44 -1004 238 -31 -1013 -649 377 453 -1154 -1101 374 -421 -57 221 42 1193 -417 -687 -277 1038 152 1168 -1062 -370 442 -1462 -388 1195 -696 -1091 66 -245 -90 142 1838 -193 -294 -1053 -71 639 -336 -396 -1068
642 -319 -551 152 -1115 799 693 449 129 511 1173 1394 572 516 -1345 -161 -1091 -587 -72 125 259 44 -1004 238 -31 -1013 -649 377 453 -1154 -1101 374 -421 -57 221 42 1193 -417 -687 -277 1038 152 1168 -1062 -370 442 -1462 -388 1195 -696 -1091 66 -245 -90 142 1838 -193 -294 -1053 -71 639 -336 -396 -1068
642 -319 -551 152 -1115 799 693 449 129 511 1173 1394 572 516 -1345 -161 -1091 -587 -72 125 259 44 -1004 238 -31 -1013 -649 377 453 -1154 -1101 374 -421 -57 221 42 1193 -417 -687 -277 1038 152 1168 -1062 -370 442 -1462 -388 1195 -696 -1091 66 -245 -90 142 1838 -193 -294 -1053 -71 639 -336 -396 -1068
642 -319 -551 152 -1115 799 693 449 129 511 1173 1394 572 516 -1345 -161 -1091 -587 -72 125 259 44 -1004 238 -31 -1013 -649 377 453 -1154 -1101 374 -421 -57 221 42 1193 -417 -687 -277 1038 152 1168 -1062 -370 442 -1462 -388 1195 -696 -1091 66 -245 -90 142 1838 -193 -294 -1053 -71 639 -336 -396 -1068
642 -319 -551 152 -1115 799 693 449 129 511 1173 1394 572 516 -1345 -161 -1091 -587 -72 125 259 44 -1004 238 -31 -1013 -649 377 453 -1154 -1101 374 -421 -57 221 42 1193 -417 -687 -277 1038 152 1168 -1062 -370 442 -1462 -388 1195 -696 -1091 66 -245 -90 142 1838 -193 -294 -1053 -71 639 -336 -396 -1068
642 -319 -551 152 -1115 799 693 449 129 511 1173 1394 572 516 -1345 -161 -1091 -587 -72 125 259 44 -1004 238 -31 -1013 -649 377 453 -1154 -1101 374 -421 -57 221 42 1193 -417 -687 -277 1038 152 1168 -1062 -370 442 -1462 -388 1195 -696 -1091 66 -245 -90 142 1838 -193 -294 -1053 -71 639 -336 -396 -1068
642 -319 -551 152 -1115 799 693 449 129 511 1173 1394 572 516 -1345 -161 -1091 -587 -72 125 259 44 -1004 238 -31 -1013 -649 377 453 -1154 -1101 374 -421 -57 221 42 1193 -417 -687 -277 1038 152 1168 -1062 -370 442 -1462 -388 1195 -696 -1091 66 -245 -90 142 1838 -193 -294 -1053 -71 639 -336 -396 -1068
642 -319 -551 152 -1115 799 693 449 129 511 1173 1394 572 516 -1345 -161 -1091 -587 -72 125 259 44 -1004 238 -31 -1013 -649 377 453 -1154 -1101 374 -421 -57 221 42 1193 -417 -687 -277 1038 152 1168 -1062 -370 442 -1462 -388 1195 -696 -1091 66 -245 -90 142 1838 -193 -294 -1053 -71 639 -336 -396 -1068
642 -319 -551 152 -1115 799 693 449 129 511 1173 1394 572 516 -1345 -161 -1091 -587 -72 125 259 44 -1004 238 -31 -1013 -649 377 453 -1154 -1101 374 -421 -57 221 42 1193 -417 -687 -277 1038 152 1168 -1062 -370 442 -1462 -388 1195 -696 -1091 66 -245 -90 142 1838 -193 -294 -1053 -71 639 -336 -396 -1068
642 -319 -551 152 -1115 799 693 449 129 511 1173 1394 572 516 -1345 -161 -1091 -587 -72 125 259 44 -1004 238 -31 -1013 -649 377 453 -1154 -1101 374 -421 -57 221 42 1193 -417 -687 -277 1038 152 1168 -1062 -370 442 -1462 -388 1195 -696 -1091 66 -245 -90 142 1838 -193 -294 -1053 -71 639 -336 -396 -1068
642 -319 -551 152 -1115 799 693 449 129 511 1173 1394 572 516 -1345 -161 -1091 -587 -72 125 259 44 -1004 238 -31 -1013 -649 377 453 -1154 -1101 374 -421 -57 221 42 1193 -417 -687 -277 1038 152 1168 -1062 -370 442 -1462 -388 1195 -696 -1091 66 -245 -90 142 1838 -193 -294 -1053 -71 639 -336 -396 -1068
642 -319 -551 152 -1115 799 693 449 129 511 1173 1394 572 516 -1345 -161 -1091 -587 -72 125 259 44 -1004 238 -31 -1013 -649 377 453 -1154 -1101 374 -421 -57 221 42 1193 -417 -687 -277 1038 152 1168 -1062 -370 442 -1462 -388 1195 -696 -1091 66 -245 -90 142 1838 -193 -294 -1053 -71 639 -336 -396 -1068
642 -319 -551 152 -1115 799 693 449 129 511 1173 1394 572 516 -1345 -161 -1091 -587 -72 125 259 44 -1004 238 -31 -1013 -649 377 453 -1154 -1101 374 -421 -57 221 42 1193 -417 -687 -277 1038 152 1168 -1062 -370 442 -1462 -388 1195 -696 -1091 66 -245 -90 142 1838 -193 -294 -1053 -71 639 -336 -396 -1068
642 -319 -551 152 -1115 799 693 449 129 511 1173 1394 572 516 -1345 -161 -1091 -587 -72 125 259 44 -1004 238 -31 -1013 -649 377 453 -1154 -1101 374 -421 -57 221 42 1193 -417 -687 -277 1038 152 1168 -1062 -370 442 -1462 -388 1195 -696 -1091 66 -245 -90 142 1838 -193 -294 -1053 -71 639 -336 -396 -1068
642 -319 -551 152 -1115 799 693 449 129 511 1173 1394 572 516 -1345 -161 -1091 -587 -72 125 259 44 -1004 238 -31 -1013 -649 377 453 -1154 -1101 374 -421 -57 221 42 1193 -417 -687 -277 1038 152 1168 -1062 -370 442 -1462 -388 1195 -696 -1091 66 -245 -90 142 1838 -193 -294 -1053 -71 639 -336 -396 -1068
642 -319 -551 152 -1115 799 693 449 129 511 1173 1394 572 516 -1345 -161 -1091 -587 -72 125 259 44 -1004 238 -31 -1013 -649 377 453 -1154 -1101 374 -421 -57 221 42 1193 -417 -687 -277 1038 152 1168 -1062 -370 442 -1462 -388 1195 -696 -1091 66 -245 -90 142 1838 -193 -294 -1053 -71 639 -336 -396 -1068
642 -319 -551 152 -1115 799 693 449 129 511 1173 1394 572 516 -1345 -161 -1091 -587 -72 125 259 44 -1004 238 -31 -1013 -649 377 453 -1154 -1101 374 -421 -57 221 42 1193 -417 -687 -277 1038 152 1168 -1062 -370 442 -1462 -388 1195 -696 -1091 66 -245 -90 142 1838 -193 -294 -1053 -71 639 -336 -396 -1068
642 -319 -551 152 -1115 799 693 449 129 511 1173 1394 572 516 -1345 -161 -1091 -587 -72 125 259 44 -1004 238 -31 -1013 -649 377 453 -1154 -1101 374 -421 -57 221 42 1193 -417 -687 -277 1038 152 1168 -1062 -370 442 -1462 -388 1195 -696 -1091 66 -245 -90 142 1838 -193 -294 -1053 -71 639 -336 -396 -1068
642 -319 -551 152 -1115 799 693 449 129 511 1173 1394 572 516 -1345 -161 -1091 -587 -72 125 259 44 -1004 238 -31 -1013 -649 377 453 -1154 -1101 374 -421 -57 221 42 1193 -417 -687 -277 1038 152 1168 -1062 -370 442 -1462 -388 1195 -696 -1091 66 -245 -90 142 1838 -193 -294 -1053 -71 639 -336 -396 -1068
642 -319 -551 152 -1115 799 693 449 129 511 1173 1394 572 516 -1345 -161 -1091 -587 -72 125 259 44 -1004 238 -31 -1013 -649 377 453 -1154 -1101 374 -421 -57 221 42 1193 -417 -687 -277 1038 152 1168 -1062 -370 442 -1462 -388 1195 -696 -1091 66 -245 -90 142 1838 -193 -294 -1053 -71 639 -336 -396 -1068
642 -319 -551 152 -1115 799 693 449 129 511 1173 1394 572 516 -1345 -161 -1091 -587 -72 125 259 44 -1004 238 -31 -1013 -649 377 453 -1154 -1101 374 -421 -57 221 42 1193 -417 -687 -277 1038 152 1168 -1062 -370 442 -1462 -388 1195 -696 -1091 66 -245 -90 142 1838 -193 -294 -1053 -71 639 -336 -396 -1068
642 -319 -551 152 -1115 799 693 449 129 511 1173 1394 572 516 -1345 -161 -1091 -587 -72 125 259 44 -1004 238 -31 -1013 -649 377 453 -1154 -1101 374 -421 -57 221 42 1193 -417 -687 -277 1038 152 1168 -1062 -370 442 -1462 -388 1195 -696 -1091 66 -245 -90 142 1838 -193 -294 -1053 -71 639 -336 -396 -1068
642 -319 -551 152 -1115 799 693 449 129 511 1173 1394 572 516 -1345 -161 -1091 -587 -72 125 259 44 -1004 238 -31 -1013 -649 377 453 -1154 -1101 374 -421 -57 221 42 1193 -417 -687 -277 1038 152 1168 -1062 -370 442 -1462 -388 1195 -696 -1091 66 -245 -90 142 1838 -193 -294 -1053 -71 639 -336 -396 -1068
642 -319 -551 152 -1115 799 693 449 129 511 1173 1394 572 516 -1345 -161 -1091 -587 -72 125 259 44 -1004 238 -31 -1013 -649 377 453 -1154 -1101 374 -421 -57 221 42 1193 -417 -687 -277 1038 152 1168 -1062 -370 442 -1462 -388 1195 -696 -1091 66 -245 -90 142 1838 -193 -294 -1053 -71 639 -336 -396 -1068
642 -319 -551 152 -1115 799 693 449 129 511 1173 1394 572 516 -1345 -161 -1091 -587 -72 125 259 44 -1004 238 -31 -1013 -649 377 453 -1154 -1101 374 -421 -57 221 42 1193 -417 -687 -277 1038 152 1168 -1062 -370 442 -1462 -388 1195 -696 -1091 66 -245 -90 142 1838 -193 -294 -1053 -71 639 -336 -396 -1068
642 -319 -551 152 -1115 799 693 449 129 511 1173 1394 572 516 -1345 -161 -1091 -587 -72 125 259 44 -1004 238 -31 -1013 -649 377 453 -1154 -1101 374 -421 -57 221 42 1193 -417 -687 -277 1038 152 1168 -1062 -370 442 -1462 -388 1195 -696 -1091 66 -245 -90 142 1838 -193 -294 -1053 -71 639 -336 -396 -1068
642 -319 -551 152 -1115 799 693 449 129 511 1173 1394 572 516 -1345 -161 -1091 -587 -72 125 259 44 -1004 238 -31 -1013 -649 377 453 -1154 -1101 374 -421 -57 221 42 1193 -417 -687 -277 1038 152 1168 -1062 -370 442 -1462 -388 1195 -696 -1091 66 -245 -90 142 1838 -193 -294 -1053 -71 639 -336 -396 -1068
642 -319 -551 152 -1115 799 693 449 129 511 1173 1394 572 516 -1345 -161 -1091 -587 -72 125 259 44 -1004 238 -31 -1013 -649 377 453 -1154 -1101 374 -421 -57 221 42 1193 -417 -687 -277 1038 152 1168 -1062 -370 442 -1462 -388 1195 -696 -1091 66 -245 -90 142 1838 -193 -294 -1053 -71 639 -336 -396 -1068
642 -319 -551 152 -1115 799 693 449 129 511 1173 1394 572 516 -1345 -161 -1091 -587 -72 125 259 44 -1004 238 -31 -1013 -649 377 453 -1154 -1101 374 -421 -57 221 42 1193 -417 -687 -277 1038 152 1168 -1062 -370 442 -1462 -388 1195 -696 -1091 66 -245 -90 142 1838 -193 -294 -1053 -71 639 -336 -396 -1068
642 -319 -551 152 -1115 799 693 449 129 511 1173 1394 572 516 -1345 -161 -1091 -587 -72 125 259 44 -1004 238 -31 -1013 -649 377 453 -1154 -1101 374 -421 -57 221 42 1193 -417 -687 -277 1038 152 1168 -1062 -370 442 -1462 -388 1195 -696 -1091 66 -245 -90 142 1838 -193 -294 -1053 -71 639 -336 -396 -1068
642 -319 -551 152 -1115 799 693 449 129 511 1173 1394 572 516 -1345 -161 -1091 -587 -72 125 259 44 -1004 238 -31 -1013 -649 377 453 -1154 -1101 374 -421 -57 221 42 1193 -417 -687 -277 1038 152 1168 -1062 -370 442 -1462 -388 1195 -696 -1091 66 -245 -90 142 1838 -193 -294 -1053 -71 639 -336 -396 -1068
642 -319 -551 152 -1115 799 693 449 129 511 1173 1394 572 516 -1345 -161 -1091 -587 -72 125 259 44 -1004 238 -31 -1013 -649 377 453 -1154 -1101 374 -421 -57 221 42 1193 -417 -687 -277 1038 152 1168 -1062 -370 442 -1462 -388 1195 -696 -1091 66 -245 -90 142 1838 -193 -294 -1053 -71 639 -336 -396 -1068
642 -319 -551 152 -1115 799 693 449 129 511 1173 1394 572 516 -1345 -161 -1091 -587 -72 125 259 44 -1004 238 -31 -1013 -649 377 453 -1154 -1101 374 -421 -57 221 42 1193 -417 -687 -277 1038 152 1168 -1062 -370 442 -1462 -388 1195 -696 -1091 66 -245 -90 142 1838 -193 -294 -1053 -71 639 -336 -396 -1068
642 -319 -551 152 -1115 799 693 449 129 511 1173 1394 572 516 -1345 -161 -1091 -587 -72 125 259 44 -1004 238 -31 -1013 -649 377 453 -1154 -1101 374 -421 -57 221 42 1193 -417 -687 -277 1038 152 1168 -1062 -370 442 -1462 -388 1195 -696 -1091 66 -245 -90 142 1838 -193 -294 -1053 -71 639 -336 -396 -1068
642 -319 -551 152 -1115 799 693 449 129 511 1173 1394 572 516 -1345 -161 -1091 -587 -72 125 259 44 -1004 238 -31 -1013 -649 377 453 -1154 -1101 374 -421 -57 221 42 1193 -417 -687 -277 1038 152 1168 -1062 -370 442 -1462 -388 1195 -696 -1091 66 -245 -90 142 1838 -193 -294 -1053 -71 639 -336 -396 -1068
642 -319 -551 152 -1115 799 693 449 129 511 1173 1394 572 516 -1345 -161 -1091 -587 -72 125 259 44 -1004 238 -31 -1013 -649 377 453 -1154 -1101 374 -421 -57 221 42 1193 -417 -687 -277 1038 152 1168 -1062 -370 442 -1462 -388 1195 -696 -1091 66 -245 -90 142 1838 -193 -294 -1053 -71 639 -336 -396 -1068
642 -319 -551 152 -1115 799 693 449 129 511 1173 1394 572 516 -1345 -161 -1091 -587 -72 125 259 44 -1004 238 -31 -1013 -649 377 453 -1154 -1101 374 -421 -57 221 42 1193 -417 -687 -277 1038 152 1168 -1062 -370 442 -1462 -388 1195 -696 -1091 66 -245 -90 142 1838 -193 -294 -1053 -71 639 -336 -396 -1068
642 -319 -551 152 -1115 799 693 449 129 511 1173 1394 572 516 -1345 -161 -1091 -587 -72 125 259 44 -1004 238 -31 -1013 -649 377 453 -1154 -1101 374 -421 -57 221 42 1193 -417 -687 -277 1038 152 1168 -1062 -370 442 -1462 -388 1195 -696 -1091 66 -245 -90 142 1838 -193 -294 -1053 -71 639 -336 -396 -1068
642 -319 -551 152 -1115 799 693 449 129 511 1173 1394 572 516 -1345 -161 -1091 -587 -72 125 259 44 -1004 238 -31 -1013 -649 377 453 -1154 -1101 374 -421 -57 221 42 1193 -417 -687 -277 1038 152 1168 -1062 -370 442 -1462 -388 1195 -696 -1091 66 -245 -90 142 1838 -193 -294 -1053 -71 639 -336 -396 -1068
642 -319 -551 152 -1115 799 693 449 129 511 1173 1394 572 516 -1345 -161 -1091 -587 -72 125 259 44 -1004 238 -31 -1013 -649 377 453 -1154 -1101 374 -421 -57 221 42 1193 -417 -687 -277 1038 152 1168 -1062 -370 442 -1462 -388 1195 -696 -1091 66 -245 -90 142 1838 -193 -294 -1053 -71 639 -336 -396 -1068
642 -319 -551 152 -1115 799 693 449 129 511 1173 1394 572 516 -1345 -161 -1091 -587 -72 125 259 44 -1004 238 -31 -1013 -649 377 453 -1154 -1101 374 -421 -57 221 42 1193 -417 -687 -277 1038 152 1168 -1062 -370 442 -1462 -388 1195 -696 -1091 66 -245 -90 142 1838 -193 -294 -1053 -71 639 -336 -396 -1068
642 -319 -551 152 -1115 799 693 449 129 511 1173 1394 572 516 -1345 -161 -1091 -587 -72 125 259 44 -1004 238 -31 -1013 -649 377 453 -1154 -1101 374 -421 -57 221 42 1193 -417 -687 -277 1038 152 1168 -1062 -370 442 -1462 -388 1195 -696 -1091 66 -245 -90 142 1838 -193 -294 -1053 -71 639 -336 -396 -1068
642 -319 -551 152 -1115 799 693 449 129 511 1173 1394 572 516 -1345 -161 -1091 -587 -72 125 259 44 -1004 238 -31 -1013 -649 377 453 -1154 -1101 374 -421 -57 221 42 1193 -417 -687 -277 1038 152 1168 -1062 -370 442 -1462 -388 1195 -696 -1091 66 -245 -90 142 1838 -193 -294 -1053 -71 639 -336 -396 -1068
642 -319 -551 152 -1115 799 693 449 129 511 1173 1394 572 516 -1345 -161 -1091 -587 -72 125 259 44 -1004 238 -31 -1013 -649 377 453 -1154 -1101 374 -421 -57 221 42 1193 -417 -687 -277 1038 152 1168 -1062 -370 442 -1462 -388 1195 -696 -1091 66 -245 -90 142 1838 -193 -294 -1053 -71 639 -336 -396 -1068
642 -319 -551 152 -1115 799 693 449 129 511 1173 1394 572 516 -1345 -161 -1091 -587 -72 125 259 44 -1004 238 -31 -1013 -649 377 453 -1154 -1101 374 -421 -57 221 42 1193 -417 -687 -277 1038 152 1168 -1062 -370 442 -1462 -388 1195 -696 -1091 66 -245 -90 142 1838 -193 -294 -1053 -71 639 -336 -396 -1068
642 -319 -551 152 -1115 799 693 449 129 511 1173 1394 572 516 -1345 -161 -1091 -587 -72 125 259 44 -1004 238 -31 -1013 -649 377 453 -1154 -1101 374 -421 -57 221 42 1193 -417 -687 -277 1038 152 1168 -1062 -370 442 -1462 -388 1195 -696 -1091 66 -245 -90 142 1838 -193 -294 -1053 -71 639 -336 -396 -1068
642 -319 -551 152 -1115 799 693 449 129 511 1173 1394 572 516 -1345 -161 -1091 -587 -72 125 259 44 -1004 238 -31 -1013 -649 377 453 -1154 -1101 374 -421 -57 221 42 1193 -417 -687 -277 1038 152 1168 -1062 -370 442 -1462 -388 1195 -696 -1091 66 -245 -90 142 1838 -193 -294 -1053 -71 639 -336 -396 -1068
642 -319 -551 152 -1115 799 693 449 129 511 1173 1394 572 516 -1345 -161 -1091 -587 -72 125 259 44 -1004 238 -31 -1013 -649 377 453 -1154 -1101 374 -421 -57 221 42 1193 -417 -687 -277 1038 152 1168 -1062 -370 442 -1462 -388 1195 -696 -1091 66 -245 -90 142 1838 -193 -294 -1053 -71 639 -336 -396 -1068
642 -319 -551 152 -1115 799 693 449 129 511 1173 1394 572 516 -1345 -161 -1091 -587 -72 125 259 44 -1004 238 -31 -1013 -649 377 453 -1154 -1101 374 -421 -57 221 42 1193 -417 -687 -277 1038 152 1168 -1062 -370 442 -1462 -388 1195 -696 -1091 66 -245 -90 142 1838 -193 -294 -1053 -71 639 -336 -396 -1068
642 -319 -551 152 -1115 799 693 449 129 511 1173 1394 572 516 -1345 -161 -1091 -587 -72 125 259 44 -1004 238 -31 -1013 -649 377 453 -1154 -1101 374 -421 -57 221 42 1193 -417 -687 -277 1038 152 1168 -1062 -370 442 -1462 -388 1195 -696 -1091 66 -245 -90 142 1838 -193 -294 -1053 -71 639 -336 -396 -1068
642 -319 -551 152 -1115 799 693 449 129 511 1173 1394 572 516 -1345 -161 -1091 -587 -72 125 259 44 -1004 238 -31 -1013 -649 377 453 -1154 -1101 374 -421 -57 221 42 1193 -417 -687 -277 1038 152 1168 -1062 -370 442 -1462 -388 1195 -696 -1091 66 -245 -90 142 1838 -193 -294 -1053 -71 639 -336 -396 -1068
642 -319 -551 152 -1115 799 693 449 129 511 1173 1394 572 516 -1345 -161 -1091 -587 -72 125 259 44 -1004 238 -31 -1013 -649 377 453 -1154 -1101 374 -421 -57 221 42 1193 -417 -687 -277 1038 152 1168 -1062 -370 442 -1462 -388 1195 -696 -1091 66 -245 -90 142 1838 -193 -294 -1053 -71 639 -336 -396 -1068
642 -319 -551 152 -1115 799 693 449 129 511 1173 1394 572 516 -1345 -161 -1091 -587 -72 125 259 44 -1004 238 -31 -1013 -649 377 453 -1154 -1101 374 -421 -57 221 42 1193 -417 -687 -277 1038 152 1168 -1062 -370 442 -1462 -388 1195 -696 -1091 66 -245 -90 142 1838 -193 -294 -1053 -71 639 -336 -396 -1068
